1 391 2 2.680717e-07
2 391 2 2.393561e-07
3 391 2 3.502604e-07
4 391 2 9.166575e-07
5 391 2 3.836179e-06
6 391 2 8.497680e-06
7 391 2 9.299477e-06
8 391 2 6.446195e-06
9 391 2 2.723679e-06
10 391 2 1.047086e-06
11 391 2 5.435955e-07
12 391 2 2.796746e-07
1 484 2 7.516684e-08
2 484 2 6.824627e-08
3 484 2 1.100585e-07
4 484 2 2.505987e-07
5 484 2 9.698631e-07
6 484 2 2.013461e-06
7 484 2 2.199713e-06
8 484 2 1.551014e-06
9 484 2 7.734486e-07
10 484 2 3.063860e-07
11 484 2 1.216966e-07
12 484 2 6.319264e-08
1 485 2 4.899660e-08
2 485 2 4.221135e-08
3 485 2 7.185971e-08
4 485 2 1.782730e-07
5 485 2 7.139496e-07
6 485 2 1.580450e-06
7 485 2 1.689638e-06
8 485 2 1.143861e-06
9 485 2 5.299575e-07
10 485 2 1.915979e-07
11 485 2 8.259614e-08
12 485 2 4.300799e-08
1 486 2 5.933330e-08
2 486 2 4.956282e-08
3 486 2 8.802862e-08
4 486 2 2.399398e-07
5 486 2 9.962553e-07
6 486 2 2.388253e-06
7 486 2 2.535694e-06
8 486 2 1.650129e-06
9 486 2 6.984482e-07
10 486 2 2.255249e-07
11 486 2 1.034664e-07
12 486 2 5.467794e-08
1 487 2 7.724890e-08
2 487 2 6.379667e-08
3 487 2 1.176499e-07
4 487 2 3.510918e-07
5 487 2 1.475935e-06
6 487 2 3.773991e-06
7 487 2 4.030819e-06
8 487 2 2.579462e-06
9 487 2 1.015917e-06
10 487 2 3.030831e-07
11 487 2 1.409433e-07
12 487 2 7.508380e-08
1 488 2 3.945860e-08
2 488 2 3.263262e-08
3 488 2 6.231357e-08
4 488 2 2.006806e-07
5 488 2 8.417538e-07
6 488 2 2.240761e-06
7 488 2 2.443662e-06
8 488 2 1.569813e-06
9 488 2 5.868825e-07
10 488 2 1.687060e-07
11 488 2 7.790874e-08
12 488 2 4.088520e-08
1 489 2 9.025982e-09
2 489 2 7.520565e-09
3 489 2 1.450684e-08
4 489 2 4.880659e-08
5 489 2 2.059165e-07
6 489 2 5.613576e-07
7 489 2 6.336526e-07
8 489 2 4.126965e-07
9 489 2 1.476321e-07
10 489 2 4.165934e-08
11 489 2 1.962195e-08
12 489 2 1.002902e-08
1 490 2 1.907097e-08
2 490 2 1.605715e-08
3 490 2 3.003785e-08
4 490 2 1.011897e-07
5 490 2 4.330187e-07
6 490 2 1.198938e-06
7 490 2 1.404421e-06
8 490 2 9.335017e-07
9 490 2 3.236583e-07
10 490 2 9.046098e-08
11 490 2 4.477239e-08
12 490 2 2.260125e-08
1 579 2 5.166425e-08
2 579 2 4.629585e-08
3 579 2 7.158471e-08
4 579 2 1.453216e-07
5 579 2 4.869446e-07
6 579 2 9.631825e-07
7 579 2 1.213388e-06
8 579 2 8.886683e-07
9 579 2 4.746327e-07
10 579 2 1.942463e-07
11 579 2 7.592379e-08
12 579 2 3.814040e-08
1 580 2 6.661512e-07
2 580 2 5.644912e-07
3 580 2 9.241746e-07
4 580 2 2.005820e-06
5 580 2 6.676291e-06
6 580 2 1.335720e-05
7 580 2 1.561525e-05
8 580 2 1.138168e-05
9 580 2 6.166213e-06
10 580 2 2.417947e-06
11 580 2 9.757509e-07
12 580 2 5.150756e-07
1 581 2 6.702798e-07
2 581 2 5.433749e-07
3 581 2 9.408108e-07
4 581 2 2.259327e-06
5 581 2 7.596317e-06
6 581 2 1.588311e-05
7 581 2 1.716212e-05
8 581 2 1.222965e-05
9 581 2 6.460315e-06
10 581 2 2.256408e-06
11 581 2 9.764952e-07
12 581 2 5.510964e-07
1 582 2 2.697269e-07
2 582 2 2.095975e-07
3 582 2 3.869783e-07
4 582 2 1.028927e-06
5 582 2 3.506227e-06
6 582 2 7.723119e-06
7 582 2 7.921172e-06
8 582 2 5.539555e-06
9 582 2 2.829446e-06
10 582 2 8.720843e-07
11 582 2 3.944027e-07
12 582 2 2.345783e-07
1 583 2 1.525467e-07
2 583 2 1.155986e-07
3 583 2 2.338775e-07
4 583 2 6.766281e-07
5 583 2 2.335801e-06
6 583 2 5.368642e-06
7 583 2 5.445795e-06
8 583 2 3.799430e-06
9 583 2 1.897221e-06
10 583 2 5.370047e-07
11 583 2 2.373208e-07
12 583 2 1.421868e-07
1 584 2 5.721987e-08
2 584 2 4.373921e-08
3 584 2 9.743952e-08
4 584 2 3.042593e-07
5 584 2 1.083751e-06
6 584 2 2.551090e-06
7 584 2 2.623908e-06
8 584 2 1.836414e-06
9 584 2 8.964796e-07
10 584 2 2.393583e-07
11 584 2 1.014450e-07
12 584 2 5.894258e-08
1 585 2 4.696806e-06
2 585 2 3.700350e-06
3 585 2 8.744562e-06
4 585 2 2.924828e-05
5 585 2 1.108953e-04
6 585 2 2.650602e-04
7 585 2 2.789638e-04
8 585 2 1.940455e-04
9 585 2 9.105451e-05
10 585 2 2.265406e-05
11 585 2 9.573297e-06
12 585 2 5.379188e-06
1 586 2 2.132221e-07
2 586 2 1.726870e-07
3 586 2 4.112379e-07
4 586 2 1.418265e-06
5 586 2 5.725622e-06
6 586 2 1.407949e-05
7 586 2 1.528837e-05
8 586 2 1.052406e-05
9 586 2 4.723908e-06
10 586 2 1.095909e-06
11 586 2 4.779171e-07
12 586 2 2.652443e-07
1 587 2 2.401451e-08
2 587 2 1.978628e-08
3 587 2 4.603827e-08
4 587 2 1.562605e-07
5 587 2 6.394155e-07
6 587 2 1.632884e-06
7 587 2 1.829296e-06
8 587 2 1.258477e-06
9 587 2 5.559803e-07
10 587 2 1.273856e-07
11 587 2 5.710953e-08
12 587 2 3.191057e-08
1 675 2 1.824329e-07
2 675 2 1.516809e-07
3 675 2 2.249605e-07
4 675 2 4.108371e-07
5 675 2 1.036813e-06
6 675 2 1.797922e-06
7 675 2 2.456676e-06
8 675 2 1.998633e-06
9 675 2 1.152631e-06
10 675 2 5.721299e-07
11 675 2 2.862061e-07
12 675 2 1.488593e-07
1 676 2 6.068183e-07
2 676 2 4.814192e-07
3 676 2 7.537055e-07
4 676 2 1.446471e-06
5 676 2 3.737995e-06
6 676 2 6.447811e-06
7 676 2 8.248758e-06
8 676 2 6.612123e-06
9 676 2 3.906984e-06
10 676 2 1.812676e-06
11 676 2 8.943132e-07
12 676 2 4.933654e-07
1 677 2 2.505195e-06
2 677 2 1.873180e-06
3 677 2 3.133023e-06
4 677 2 6.464059e-06
5 677 2 1.716981e-05
6 677 2 2.980493e-05
7 677 2 3.551480e-05
8 677 2 2.794488e-05
9 677 2 1.658319e-05
10 677 2 6.962178e-06
11 677 2 3.401988e-06
12 677 2 1.984365e-06
1 678 2 8.750564e-07
2 678 2 6.139089e-07
3 678 2 1.146378e-06
4 678 2 2.592475e-06
5 678 2 6.955453e-06
6 678 2 1.243692e-05
7 678 2 1.436765e-05
8 678 2 1.108655e-05
9 678 2 6.494755e-06
10 678 2 2.454665e-06
11 678 2 1.166096e-06
12 678 2 7.003313e-07
1 679 2 1.684776e-07
2 679 2 1.172412e-07
3 679 2 2.435471e-07
4 679 2 5.823439e-07
5 679 2 1.502345e-06
6 679 2 2.851383e-06
7 679 2 3.371889e-06
8 679 2 2.577561e-06
9 679 2 1.495365e-06
10 679 2 5.323038e-07
11 679 2 2.457800e-07
12 679 2 1.516622e-07
1 680 2 4.455225e-06
2 680 2 3.340809e-06
3 680 2 7.154154e-06
4 680 2 1.719701e-05
5 680 2 4.083838e-05
6 680 2 8.106992e-05
7 680 2 9.929900e-05
8 680 2 7.675542e-05
9 680 2 4.502048e-05
10 680 2 1.611430e-05
11 680 2 7.492664e-06
12 680 2 4.891559e-06
1 681 2 3.723206e-05
2 681 2 3.092194e-05
3 681 2 6.442714e-05
4 681 2 1.566676e-04
5 681 2 3.518390e-04
6 681 2 6.915768e-04
7 681 2 8.519360e-04
8 681 2 6.715789e-04
9 681 2 4.032388e-04
10 681 2 1.487757e-04
11 681 2 7.011015e-05
12 681 2 4.806108e-05
1 682 2 1.105628e-06
2 682 2 9.909376e-07
3 682 2 2.013442e-06
4 682 2 5.055945e-06
5 682 2 1.155296e-05
6 682 2 2.225284e-05
7 682 2 2.696348e-05
8 682 2 2.137309e-05
9 682 2 1.301330e-05
10 682 2 4.884633e-06
11 682 2 2.257557e-06
12 682 2 1.530535e-06
1 683 2 9.594002e-08
2 683 2 9.104770e-08
3 683 2 1.839219e-07
4 683 2 4.681141e-07
5 683 2 1.123806e-06
6 683 2 2.221738e-06
7 683 2 2.637051e-06
8 683 2 2.057090e-06
9 683 2 1.250609e-06
10 683 2 4.753518e-07
11 683 2 2.111526e-07
12 683 2 1.358601e-07
1 771 2 3.599262e-07
2 771 2 2.791097e-07
3 771 2 3.869735e-07
4 771 2 5.711667e-07
5 771 2 1.098219e-06
6 771 2 1.830395e-06
7 771 2 2.702430e-06
8 771 2 2.377876e-06
9 771 2 1.459337e-06
10 771 2 9.003753e-07
11 771 2 5.631077e-07
12 771 2 3.287901e-07
1 773 2 6.041814e-07
2 773 2 4.332576e-07
3 773 2 6.762307e-07
4 773 2 1.040480e-06
5 773 2 2.013397e-06
6 773 2 3.237358e-06
7 773 2 4.468016e-06
8 773 2 3.896529e-06
9 773 2 2.517694e-06
10 773 2 1.431184e-06
11 773 2 8.463877e-07
12 773 2 5.232343e-07
1 774 2 1.702545e-06
2 774 2 1.196079e-06
3 774 2 1.968304e-06
4 774 2 3.169040e-06
5 774 2 6.167143e-06
6 774 2 9.891811e-06
7 774 2 1.334249e-05
8 774 2 1.154944e-05
9 774 2 7.519137e-06
10 774 2 3.983390e-06
11 774 2 2.271170e-06
12 774 2 1.466298e-06
1 775 2 1.710717e-06
2 775 2 1.243723e-06
3 775 2 1.984200e-06
4 775 2 3.146564e-06
5 775 2 5.937025e-06
6 775 2 9.616782e-06
7 775 2 1.305647e-05
8 775 2 1.127647e-05
9 775 2 7.449614e-06
10 775 2 3.836281e-06
11 775 2 2.229772e-06
12 775 2 1.551112e-06
1 776 2 9.210743e-06
2 776 2 7.194572e-06
3 776 2 1.040506e-05
4 776 2 1.529007e-05
5 776 2 2.665507e-05
6 776 2 4.328834e-05
7 776 2 6.007656e-05
8 776 2 5.322921e-05
9 776 2 3.647039e-05
10 776 2 1.953610e-05
11 776 2 1.219719e-05
12 776 2 9.199232e-06
1 779 2 2.037070e-07
2 779 2 1.891608e-07
3 779 2 2.451615e-07
4 779 2 3.768806e-07
5 779 2 6.343916e-07
6 779 2 9.726772e-07
7 779 2 1.246137e-06
8 779 2 1.168389e-06
9 779 2 8.717547e-07
10 779 2 5.115846e-07
11 779 2 3.237920e-07
12 779 2 2.408436e-07
1 780 2 3.698652e-06
2 780 2 3.774150e-06
3 780 2 5.238801e-06
4 780 2 9.054607e-06
5 780 2 1.664157e-05
6 780 2 2.666457e-05
7 780 2 3.261781e-05
8 780 2 2.965793e-05
9 780 2 2.148236e-05
10 780 2 1.169790e-05
11 780 2 6.619008e-06
12 780 2 4.663259e-06
1 781 2 6.743100e-06
2 781 2 7.422361e-06
3 781 2 1.136037e-05
4 781 2 2.197404e-05
5 781 2 4.603277e-05
6 781 2 7.616861e-05
7 781 2 8.893617e-05
8 781 2 7.707649e-05
9 781 2 5.327339e-05
10 781 2 2.676562e-05
11 781 2 1.322006e-05
12 781 2 8.904559e-06
1 866 2 3.490718e-08
2 866 2 2.913873e-08
3 866 2 3.517586e-08
4 866 2 4.286850e-08
5 866 2 6.662806e-08
6 866 2 1.114654e-07
7 866 2 1.757010e-07
8 866 2 1.602126e-07
9 866 2 1.031601e-07
10 866 2 6.921834e-08
11 866 2 4.738183e-08
12 866 2 3.326356e-08
1 867 2 3.288787e-08
2 867 2 2.677612e-08
3 867 2 3.326879e-08
4 867 2 4.020346e-08
5 867 2 6.295291e-08
6 867 2 1.019726e-07
7 867 2 1.581480e-07
8 867 2 1.436624e-07
9 867 2 9.307063e-08
10 867 2 6.335918e-08
11 867 2 4.461426e-08
12 867 2 3.133772e-08
1 868 2 2.107101e-06
2 868 2 1.673400e-06
3 868 2 2.141516e-06
4 868 2 2.552250e-06
5 868 2 3.999636e-06
6 868 2 6.328370e-06
7 868 2 9.611562e-06
8 868 2 8.728214e-06
9 868 2 5.734306e-06
10 868 2 3.946939e-06
11 868 2 2.812770e-06
12 868 2 1.990250e-06
1 869 2 4.875819e-07
2 869 2 3.772486e-07
3 869 2 4.944850e-07
4 869 2 5.813154e-07
5 869 2 9.033955e-07
6 869 2 1.406448e-06
7 869 2 2.097836e-06
8 869 2 1.926939e-06
9 869 2 1.294771e-06
10 869 2 8.970405e-07
11 869 2 6.385458e-07
12 869 2 4.605412e-07
1 870 2 9.247153e-07
2 870 2 7.149733e-07
3 870 2 9.349717e-07
4 870 2 1.099470e-06
5 870 2 1.720341e-06
6 870 2 2.665934e-06
7 870 2 3.912289e-06
8 870 2 3.615414e-06
9 870 2 2.473657e-06
10 870 2 1.677897e-06
11 870 2 1.172923e-06
12 870 2 8.645657e-07
1 871 2 4.358389e-08
2 871 2 3.494338e-08
3 871 2 4.366534e-08
4 871 2 5.135541e-08
5 871 2 7.952081e-08
6 871 2 1.226643e-07
7 871 2 1.784710e-07
8 871 2 1.659011e-07
9 871 2 1.161785e-07
10 871 2 7.595907e-08
11 871 2 5.323306e-08
12 871 2 4.044107e-08
1 877 2 8.301884e-06
2 877 2 8.183251e-06
3 877 2 9.352542e-06
4 877 2 1.254305e-05
5 877 2 2.032481e-05
6 877 2 2.844548e-05
7 877 2 3.635181e-05
8 877 2 3.606284e-05
9 877 2 2.931479e-05
10 877 2 1.813399e-05
11 877 2 1.197626e-05
12 877 2 9.306907e-06
1 878 2 1.303080e-06
2 878 2 1.350660e-06
3 878 2 1.757597e-06
4 878 2 2.758389e-06
5 878 2 5.267655e-06
6 878 2 7.408038e-06
7 878 2 9.256095e-06
8 878 2 8.730709e-06
9 878 2 6.616846e-06
10 878 2 3.641809e-06
11 878 2 2.107214e-06
12 878 2 1.547794e-06
1 914 2 4.415447e-05
2 914 2 4.170124e-05
3 914 2 5.728965e-05
4 914 2 8.669248e-05
5 914 2 1.304943e-04
6 914 2 1.876104e-04
7 914 2 2.196376e-04
8 914 2 2.209342e-04
9 914 2 1.752007e-04
10 914 2 1.286387e-04
11 914 2 8.351721e-05
12 914 2 5.613728e-05
1 915 2 6.966478e-04
2 915 2 6.645810e-04
3 915 2 1.006685e-03
4 915 2 1.695314e-03
5 915 2 2.742991e-03
6 915 2 4.015380e-03
7 915 2 4.651525e-03
8 915 2 4.544622e-03
9 915 2 3.393952e-03
10 915 2 2.328057e-03
11 915 2 1.404999e-03
12 915 2 8.833176e-04
1 916 2 3.777184e-04
2 916 2 3.610137e-04
3 916 2 5.659697e-04
4 916 2 1.001270e-03
5 916 2 1.704857e-03
6 916 2 2.534077e-03
7 916 2 2.950712e-03
8 916 2 2.814825e-03
9 916 2 2.028280e-03
10 916 2 1.349112e-03
11 916 2 7.809683e-04
12 916 2 4.780495e-04
1 961 2 1.894328e-06
2 961 2 1.807550e-06
3 961 2 1.949969e-06
4 961 2 2.277180e-06
5 961 2 3.243952e-06
6 961 2 5.473534e-06
7 961 2 9.176176e-06
8 961 2 8.633420e-06
9 961 2 5.886022e-06
10 961 2 3.879531e-06
11 961 2 2.618484e-06
12 961 2 1.895581e-06
1 962 2 6.956287e-07
2 962 2 6.577765e-07
3 962 2 7.110323e-07
4 962 2 8.082238e-07
5 962 2 1.141828e-06
6 962 2 1.846779e-06
7 962 2 3.080448e-06
8 962 2 2.895643e-06
9 962 2 1.946044e-06
10 962 2 1.339810e-06
11 962 2 9.435288e-07
12 962 2 6.903144e-07
1 963 2 7.173692e-09
2 963 2 6.594063e-09
3 963 2 7.293302e-09
4 963 2 8.080521e-09
5 963 2 1.146521e-08
6 963 2 1.812471e-08
7 963 2 2.995976e-08
8 963 2 2.810990e-08
9 963 2 1.863074e-08
10 963 2 1.313568e-08
11 963 2 9.509036e-09
12 963 2 7.045613e-09
1 964 2 2.255642e-08
2 964 2 2.027942e-08
3 964 2 2.291606e-08
4 964 2 2.467513e-08
5 964 2 3.483802e-08
6 964 2 5.437350e-08
7 964 2 8.812464e-08
8 964 2 8.286608e-08
9 964 2 5.443417e-08
10 964 2 3.924308e-08
11 964 2 2.904624e-08
12 964 2 2.201388e-08
1 975 2 1.393280e-06
2 975 2 1.514721e-06
3 975 2 1.917023e-06
4 975 2 2.802627e-06
5 975 2 5.303581e-06
6 975 2 7.160264e-06
7 975 2 1.014257e-05
8 975 2 9.444607e-06
9 975 2 7.333125e-06
10 975 2 3.631569e-06
11 975 2 2.087395e-06
12 975 2 1.550798e-06
1 976 2 2.210735e-05
2 976 2 2.585931e-05
3 976 2 3.679596e-05
4 976 2 6.368286e-05
5 976 2 1.385212e-04
6 976 2 1.943650e-04
7 976 2 2.861919e-04
8 976 2 2.421580e-04
9 976 2 1.727342e-04
10 976 2 7.197829e-05
11 976 2 3.639162e-05
12 976 2 2.565584e-05
1 977 2 4.594106e-06
2 977 2 5.665112e-06
3 977 2 9.344985e-06
4 977 2 1.859910e-05
5 977 2 3.917831e-05
6 977 2 5.544547e-05
7 977 2 8.166501e-05
8 977 2 6.745603e-05
9 977 2 4.653132e-05
10 977 2 1.834807e-05
11 977 2 8.282215e-06
12 977 2 5.549455e-06
1 978 2 2.998862e-06
2 978 2 3.970441e-06
3 978 2 7.707219e-06
4 978 2 1.769772e-05
5 978 2 3.384200e-05
6 978 2 4.900361e-05
7 978 2 7.239156e-05
8 978 2 6.048827e-05
9 978 2 4.032389e-05
10 978 2 1.584269e-05
11 978 2 6.263407e-06
12 978 2 3.819372e-06
1 979 2 9.599720e-07
2 979 2 1.310389e-06
3 979 2 2.739514e-06
4 979 2 6.999335e-06
5 979 2 1.287403e-05
6 979 2 1.979549e-05
7 979 2 2.914473e-05
8 979 2 2.438082e-05
9 979 2 1.571955e-05
10 979 2 6.292751e-06
11 979 2 2.321495e-06
12 979 2 1.303580e-06
1 980 2 4.953410e-07
2 980 2 6.822575e-07
3 980 2 1.485813e-06
4 980 2 4.173576e-06
5 980 2 7.915943e-06
6 980 2 1.300013e-05
7 980 2 1.912198e-05
8 980 2 1.593888e-05
9 980 2 9.812131e-06
10 980 2 3.867634e-06
11 980 2 1.374687e-06
12 980 2 7.070262e-07
1 981 2 1.492312e-06
2 981 2 2.094744e-06
3 981 2 4.587844e-06
4 981 2 1.348674e-05
5 981 2 2.637221e-05
6 981 2 4.740080e-05
7 981 2 7.149660e-05
8 981 2 6.005859e-05
9 981 2 3.577404e-05
10 981 2 1.357096e-05
11 981 2 4.709159e-06
12 981 2 2.273461e-06
1 982 2 1.409634e-06
2 982 2 1.970122e-06
3 982 2 4.167049e-06
4 982 2 1.184090e-05
5 982 2 2.368405e-05
6 982 2 4.664175e-05
7 982 2 7.118525e-05
8 982 2 6.014763e-05
9 982 2 3.569104e-05
10 982 2 1.338769e-05
11 982 2 4.805299e-06
12 982 2 2.313581e-06
1 983 2 1.006869e-06
2 983 2 1.418168e-06
3 983 2 3.035279e-06
4 983 2 8.628932e-06
5 983 2 1.785950e-05
6 983 2 3.765939e-05
7 983 2 5.666436e-05
8 983 2 4.751124e-05
9 983 2 2.762768e-05
10 983 2 1.012667e-05
11 983 2 3.675725e-06
12 983 2 1.770064e-06
1 984 2 1.646288e-07
2 984 2 2.288008e-07
3 984 2 4.962548e-07
4 984 2 1.424928e-06
5 984 2 3.043171e-06
6 984 2 6.877105e-06
7 984 2 1.041867e-05
8 984 2 8.709446e-06
9 984 2 4.920601e-06
10 984 2 1.762414e-06
11 984 2 6.384267e-07
12 984 2 3.090692e-07
1 1007 2 1.293681e-05
2 1007 2 1.250328e-05
3 1007 2 1.485225e-05
4 1007 2 1.833333e-05
5 1007 2 2.395122e-05
6 1007 2 3.333683e-05
7 1007 2 4.010842e-05
8 1007 2 3.945013e-05
9 1007 2 3.297451e-05
10 1007 2 2.563649e-05
11 1007 2 1.964741e-05
12 1007 2 1.532809e-05
1 1008 2 5.112553e-05
2 1008 2 5.036838e-05
3 1008 2 6.326337e-05
4 1008 2 8.441563e-05
5 1008 2 1.157248e-04
6 1008 2 1.674306e-04
7 1008 2 2.003405e-04
8 1008 2 1.938578e-04
9 1008 2 1.579117e-04
10 1008 2 1.169377e-04
11 1008 2 8.403337e-05
12 1008 2 6.157041e-05
1 1009 2 4.233312e-04
2 1009 2 4.210343e-04
3 1009 2 5.557037e-04
4 1009 2 7.949916e-04
5 1009 2 1.132942e-03
6 1009 2 1.674073e-03
7 1009 2 2.028128e-03
8 1009 2 1.956066e-03
9 1009 2 1.571256e-03
10 1009 2 1.105437e-03
11 1009 2 7.421202e-04
12 1009 2 5.167016e-04
1 1010 2 1.062874e-03
2 1010 2 1.079761e-03
3 1010 2 1.540273e-03
4 1010 2 2.432796e-03
5 1010 2 3.623075e-03
6 1010 2 5.315448e-03
7 1010 2 6.455441e-03
8 1010 2 6.170848e-03
9 1010 2 4.831292e-03
10 1010 2 3.152872e-03
11 1010 2 1.979644e-03
12 1010 2 1.314233e-03
1 1011 2 1.532213e-03
2 1011 2 1.582183e-03
3 1011 2 2.470756e-03
4 1011 2 4.341124e-03
5 1011 2 6.900729e-03
6 1011 2 1.011121e-02
7 1011 2 1.227148e-02
8 1011 2 1.142113e-02
9 1011 2 8.501060e-03
10 1011 2 5.073694e-03
11 1011 2 2.979437e-03
12 1011 2 1.902045e-03
1 1012 2 8.270614e-04
2 1012 2 8.657506e-04
3 1012 2 1.432898e-03
4 1012 2 2.690951e-03
5 1012 2 4.530192e-03
6 1012 2 6.607586e-03
7 1012 2 8.011997e-03
8 1012 2 7.362628e-03
9 1012 2 5.305972e-03
10 1012 2 3.003232e-03
11 1012 2 1.676616e-03
12 1012 2 1.042984e-03
1 1071 2 5.592022e-05
2 1071 2 5.747814e-05
3 1071 2 6.395300e-05
4 1071 2 7.594388e-05
5 1071 2 1.169586e-04
6 1071 2 1.604875e-04
7 1071 2 2.400058e-04
8 1071 2 2.456740e-04
9 1071 2 2.224059e-04
10 1071 2 1.204929e-04
11 1071 2 7.315103e-05
12 1071 2 6.008192e-05
1 1072 2 1.686720e-03
2 1072 2 1.967996e-03
3 1072 2 2.520157e-03
4 1072 2 3.550440e-03
5 1072 2 6.180184e-03
6 1072 2 8.479844e-03
7 1072 2 1.307374e-02
8 1072 2 1.271320e-02
9 1072 2 1.020835e-02
10 1072 2 4.541990e-03
11 1072 2 2.376308e-03
12 1072 2 1.799642e-03
1 1073 2 2.251367e-04
2 1073 2 2.972866e-04
3 1073 2 4.405165e-04
4 1073 2 7.240125e-04
5 1073 2 1.309701e-03
6 1073 2 1.817974e-03
7 1073 2 2.815421e-03
8 1073 2 2.646994e-03
9 1073 2 1.878993e-03
10 1073 2 7.599476e-04
11 1073 2 3.503277e-04
12 1073 2 2.420616e-04
1 1074 2 5.546592e-05
2 1074 2 7.668608e-05
3 1074 2 1.282936e-04
4 1074 2 2.367352e-04
5 1074 2 4.228873e-04
6 1074 2 6.057662e-04
7 1074 2 9.455677e-04
8 1074 2 8.800355e-04
9 1074 2 5.895916e-04
10 1074 2 2.291521e-04
11 1074 2 9.442437e-05
12 1074 2 6.050323e-05
1 1075 2 4.378353e-05
2 1075 2 6.206845e-05
3 1075 2 1.096319e-04
4 1075 2 2.234977e-04
5 1075 2 3.903696e-04
6 1075 2 5.926006e-04
7 1075 2 9.090323e-04
8 1075 2 8.184262e-04
9 1075 2 5.155712e-04
10 1075 2 2.024178e-04
11 1075 2 8.053172e-05
12 1075 2 4.971576e-05
1 1076 2 1.768053e-05
2 1076 2 2.650606e-05
3 1076 2 4.949245e-05
4 1076 2 1.119532e-04
5 1076 2 1.961636e-04
6 1076 2 3.158359e-04
7 1076 2 4.721454e-04
8 1076 2 4.132020e-04
9 1076 2 2.439635e-04
10 1076 2 9.779865e-05
11 1076 2 3.782500e-05
12 1076 2 2.137202e-05
1 1077 2 1.621380e-05
2 1077 2 2.511537e-05
3 1077 2 4.921675e-05
4 1077 2 1.197183e-04
5 1077 2 2.171530e-04
6 1077 2 3.825936e-04
7 1077 2 5.686671e-04
8 1077 2 4.861067e-04
9 1077 2 2.829479e-04
10 1077 2 1.115942e-04
11 1077 2 4.127669e-05
12 1077 2 2.089157e-05
1 1078 2 3.056407e-05
2 1078 2 4.584304e-05
3 1078 2 8.966328e-05
4 1078 2 2.259726e-04
5 1078 2 4.264939e-04
6 1078 2 8.230172e-04
7 1078 2 1.221800e-03
8 1078 2 1.036078e-03
9 1078 2 6.015536e-04
10 1078 2 2.354470e-04
11 1078 2 8.966558e-05
12 1078 2 4.249435e-05
1 1079 2 8.042268e-05
2 1079 2 1.206853e-04
3 1079 2 2.427471e-04
4 1079 2 6.409021e-04
5 1079 2 1.252305e-03
6 1079 2 2.551104e-03
7 1079 2 3.712114e-03
8 1079 2 3.182097e-03
9 1079 2 1.797924e-03
10 1079 2 7.010982e-04
11 1079 2 2.693822e-04
12 1079 2 1.237891e-04
1 1080 2 9.869344e-05
2 1080 2 1.436640e-04
3 1080 2 2.791616e-04
4 1080 2 7.070512e-04
5 1080 2 1.410470e-03
6 1080 2 3.075254e-03
7 1080 2 4.480188e-03
8 1080 2 3.881870e-03
9 1080 2 2.192308e-03
10 1080 2 8.586700e-04
11 1080 2 3.283698e-04
12 1080 2 1.566446e-04
1 1081 2 3.506482e-05
2 1081 2 4.639494e-05
3 1081 2 8.354297e-05
4 1081 2 1.954068e-04
5 1081 2 3.910207e-04
6 1081 2 9.080038e-04
7 1081 2 1.353204e-03
8 1081 2 1.165314e-03
9 1081 2 6.821239e-04
10 1081 2 2.732802e-04
11 1081 2 1.067070e-04
12 1081 2 5.371737e-05
1 1082 2 1.678163e-05
2 1082 2 2.129292e-05
3 1082 2 3.918981e-05
4 1082 2 9.253412e-05
5 1082 2 1.833533e-04
6 1082 2 4.382303e-04
7 1082 2 6.469619e-04
8 1082 2 5.444884e-04
9 1082 2 3.276917e-04
10 1082 2 1.352924e-04
11 1082 2 5.313770e-05
12 1082 2 2.684638e-05
1 1085 2 1.931264e-07
2 1085 2 2.364415e-07
3 1085 2 5.136914e-07
4 1085 2 1.268656e-06
5 1085 2 2.677311e-06
6 1085 2 5.890713e-06
7 1085 2 8.652515e-06
8 1085 2 6.976907e-06
9 1085 2 4.328071e-06
10 1085 2 1.886740e-06
11 1085 2 6.902829e-07
12 1085 2 3.552936e-07
1 1086 2 1.034775e-05
2 1086 2 1.247120e-05
3 1086 2 2.563242e-05
4 1086 2 6.167468e-05
5 1086 2 1.356133e-04
6 1086 2 2.816881e-04
7 1086 2 4.212791e-04
8 1086 2 3.396066e-04
9 1086 2 2.134548e-04
10 1086 2 9.560782e-05
11 1086 2 3.494914e-05
12 1086 2 1.832777e-05
1 1087 2 4.871307e-06
2 1087 2 5.402485e-06
3 1087 2 1.005850e-05
4 1087 2 2.191719e-05
5 1087 2 4.887479e-05
6 1087 2 9.595607e-05
7 1087 2 1.488996e-04
8 1087 2 1.229816e-04
9 1087 2 8.045958e-05
10 1087 2 3.860525e-05
11 1087 2 1.452926e-05
12 1087 2 8.147665e-06
1 1103 2 7.135500e-05
2 1103 2 6.881229e-05
3 1103 2 8.205009e-05
4 1103 2 9.561694e-05
5 1103 2 1.209511e-04
6 1103 2 1.721986e-04
7 1103 2 2.207306e-04
8 1103 2 2.189285e-04
9 1103 2 1.831407e-04
10 1103 2 1.390881e-04
11 1103 2 1.061507e-04
12 1103 2 8.375476e-05
1 1104 2 6.128643e-04
2 1104 2 6.000632e-04
3 1104 2 7.679231e-04
4 1104 2 9.749070e-04
5 1104 2 1.292195e-03
6 1104 2 1.916461e-03
7 1104 2 2.461331e-03
8 1104 2 2.409234e-03
9 1104 2 1.956910e-03
10 1104 2 1.378676e-03
11 1104 2 9.775838e-04
12 1104 2 7.317185e-04
1 1105 2 1.002017e-03
2 1105 2 1.029061e-03
3 1105 2 1.456480e-03
4 1105 2 2.123191e-03
5 1105 2 3.003237e-03
6 1105 2 4.599300e-03
7 1105 2 6.049401e-03
8 1105 2 5.763236e-03
9 1105 2 4.407598e-03
10 1105 2 2.722095e-03
11 1105 2 1.704586e-03
12 1105 2 1.200345e-03
1 1106 2 7.251762e-04
2 1106 2 7.797245e-04
3 1106 2 1.194652e-03
4 1106 2 1.966608e-03
5 1106 2 2.956706e-03
6 1106 2 4.556531e-03
7 1106 2 6.095241e-03
8 1106 2 5.630341e-03
9 1106 2 4.131674e-03
10 1106 2 2.264456e-03
11 1106 2 1.278652e-03
12 1106 2 8.621268e-04
1 1107 2 5.362493e-04
2 1107 2 6.077268e-04
3 1107 2 9.855350e-04
4 1107 2 1.729397e-03
5 1107 2 2.689999e-03
6 1107 2 4.142018e-03
7 1107 2 5.579578e-03
8 1107 2 5.084299e-03
9 1107 2 3.634620e-03
10 1107 2 1.814762e-03
11 1107 2 9.810043e-04
12 1107 2 6.381340e-04
1 1108 2 1.623192e-04
2 1108 2 1.944221e-04
3 1108 2 3.311754e-04
4 1108 2 6.042847e-04
5 1108 2 9.856382e-04
6 1108 2 1.525308e-03
7 1108 2 2.092941e-03
8 1108 2 1.933150e-03
9 1108 2 1.340614e-03
10 1108 2 6.030801e-04
11 1108 2 3.169605e-04
12 1108 2 1.998769e-04
1 1167 2 1.761242e-04
2 1167 2 1.700076e-04
3 1167 2 1.753296e-04
4 1167 2 1.971152e-04
5 1167 2 2.951503e-04
6 1167 2 4.188659e-04
7 1167 2 6.286640e-04
8 1167 2 6.670343e-04
9 1167 2 6.428090e-04
10 1167 2 3.610110e-04
11 1167 2 2.090751e-04
12 1167 2 1.760091e-04
1 1168 2 3.169343e-04
2 1168 2 3.581900e-04
3 1168 2 4.325798e-04
4 1168 2 5.940552e-04
5 1168 2 1.049666e-03
6 1168 2 1.567901e-03
7 1168 2 2.539445e-03
8 1168 2 2.545102e-03
9 1168 2 2.046731e-03
10 1168 2 8.796231e-04
11 1168 2 4.004581e-04
12 1168 2 2.951457e-04
1 1169 2 6.218331e-05
2 1169 2 8.735572e-05
3 1169 2 1.256086e-04
4 1169 2 2.018362e-04
5 1169 2 3.707700e-04
6 1169 2 5.743352e-04
7 1169 2 9.296621e-04
8 1169 2 8.621036e-04
9 1169 2 5.762785e-04
10 1169 2 2.217375e-04
11 1169 2 8.903586e-05
12 1169 2 5.698853e-05
1 1170 2 5.552678e-05
2 1170 2 8.742093e-05
3 1170 2 1.456778e-04
4 1170 2 2.614201e-04
5 1170 2 4.731449e-04
6 1170 2 7.393780e-04
7 1170 2 1.192175e-03
8 1170 2 1.129632e-03
9 1170 2 7.180313e-04
10 1170 2 2.650752e-04
11 1170 2 9.406691e-05
12 1170 2 5.359591e-05
1 1171 2 6.489165e-05
2 1171 2 1.031467e-04
3 1171 2 1.796423e-04
4 1171 2 3.497225e-04
5 1171 2 6.277346e-04
6 1171 2 9.938453e-04
7 1171 2 1.539182e-03
8 1171 2 1.479791e-03
9 1171 2 9.247269e-04
10 1171 2 3.494028e-04
11 1171 2 1.191546e-04
12 1171 2 6.478085e-05
1 1172 2 3.051174e-05
2 1172 2 4.804634e-05
3 1172 2 7.823555e-05
4 1172 2 1.586114e-04
5 1172 2 2.761882e-04
6 1172 2 4.468529e-04
7 1172 2 6.446229e-04
8 1172 2 6.013208e-04
9 1172 2 3.678497e-04
10 1172 2 1.490184e-04
11 1172 2 5.605330e-05
12 1172 2 3.036312e-05
1 1173 2 4.012116e-05
2 1173 2 6.597559e-05
3 1173 2 1.082782e-04
4 1173 2 2.291381e-04
5 1173 2 4.019794e-04
6 1173 2 7.199497e-04
7 1173 2 1.037386e-03
8 1173 2 9.238755e-04
9 1173 2 5.340622e-04
10 1173 2 2.108346e-04
11 1173 2 8.369152e-05
12 1173 2 4.289601e-05
1 1174 2 3.573570e-05
2 1174 2 5.551638e-05
3 1174 2 9.429600e-05
4 1174 2 2.065785e-04
5 1174 2 3.822669e-04
6 1174 2 7.450422e-04
7 1174 2 1.047206e-03
8 1174 2 9.129498e-04
9 1174 2 5.138140e-04
10 1174 2 2.110050e-04
11 1174 2 8.889583e-05
12 1174 2 4.235165e-05
1 1175 2 2.238602e-04
2 1175 2 3.282582e-04
3 1175 2 5.754015e-04
4 1175 2 1.355232e-03
5 1175 2 2.613596e-03
6 1175 2 5.355819e-03
7 1175 2 7.293169e-03
8 1175 2 6.407016e-03
9 1175 2 3.502448e-03
10 1175 2 1.462725e-03
11 1175 2 6.261494e-04
12 1175 2 2.834213e-04
1 1176 2 3.659430e-04
2 1176 2 5.409931e-04
3 1176 2 9.928411e-04
4 1176 2 2.348065e-03
5 1176 2 4.458221e-03
6 1176 2 9.399377e-03
7 1176 2 1.251654e-02
8 1176 2 1.110655e-02
9 1176 2 6.103068e-03
10 1176 2 2.586807e-03
11 1176 2 1.110556e-03
12 1176 2 5.030641e-04
1 1177 2 1.100265e-03
2 1177 2 1.594439e-03
3 1177 2 2.962940e-03
4 1177 2 6.655786e-03
5 1177 2 1.258606e-02
6 1177 2 2.728286e-02
7 1177 2 3.641358e-02
8 1177 2 3.223224e-02
9 1177 2 1.821836e-02
10 1177 2 7.925831e-03
11 1177 2 3.370975e-03
12 1177 2 1.572394e-03
1 1178 2 9.749689e-04
2 1178 2 1.333576e-03
3 1178 2 2.460556e-03
4 1178 2 5.261474e-03
5 1178 2 9.834684e-03
6 1178 2 2.179170e-02
7 1178 2 2.939827e-02
8 1178 2 2.606689e-02
9 1178 2 1.513051e-02
10 1178 2 6.950933e-03
11 1178 2 2.911054e-03
12 1178 2 1.423366e-03
1 1179 2 4.190415e-04
2 1179 2 5.421342e-04
3 1179 2 1.035559e-03
4 1179 2 2.164181e-03
5 1179 2 4.048490e-03
6 1179 2 8.950857e-03
7 1179 2 1.225461e-02
8 1179 2 1.074553e-02
9 1179 2 6.384115e-03
10 1179 2 3.049757e-03
11 1179 2 1.232306e-03
12 1179 2 6.294112e-04
1 1180 2 5.014894e-04
2 1180 2 6.374972e-04
3 1180 2 1.303847e-03
4 1180 2 2.693840e-03
5 1180 2 5.074391e-03
6 1180 2 1.100558e-02
7 1180 2 1.524144e-02
8 1180 2 1.310209e-02
9 1180 2 7.906089e-03
10 1180 2 3.848973e-03
11 1180 2 1.490323e-03
12 1180 2 7.909659e-04
1 1181 2 1.159764e-03
2 1181 2 1.424327e-03
3 1181 2 2.916410e-03
4 1181 2 5.880325e-03
5 1181 2 1.140881e-02
6 1181 2 2.421694e-02
7 1181 2 3.441202e-02
8 1181 2 2.930837e-02
9 1181 2 1.808591e-02
10 1181 2 8.898609e-03
11 1181 2 3.391658e-03
12 1181 2 1.865168e-03
1 1182 2 5.047730e-04
2 1182 2 5.652870e-04
3 1182 2 1.033762e-03
4 1182 2 1.958727e-03
5 1182 2 3.845672e-03
6 1182 2 7.708156e-03
7 1182 2 1.132115e-02
8 1182 2 9.797911e-03
9 1182 2 6.528903e-03
10 1182 2 3.363164e-03
11 1182 2 1.339306e-03
12 1182 2 7.911949e-04
1 1183 2 1.517062e-06
2 1183 2 1.550894e-06
3 1183 2 2.507897e-06
4 1183 2 4.370434e-06
5 1183 2 8.506996e-06
6 1183 2 1.595774e-05
7 1183 2 2.406856e-05
8 1183 2 2.168346e-05
9 1183 2 1.594046e-05
10 1183 2 8.670527e-06
11 1183 2 3.591496e-06
12 1183 2 2.285343e-06
1 1200 2 1.956658e-04
2 1200 2 2.030066e-04
3 1200 2 2.647070e-04
4 1200 2 3.448059e-04
5 1200 2 4.825422e-04
6 1200 2 7.770615e-04
7 1200 2 1.130304e-03
8 1200 2 1.090443e-03
9 1200 2 8.192232e-04
10 1200 2 4.800392e-04
11 1200 2 3.046616e-04
12 1200 2 2.216621e-04
1 1201 2 4.514850e-04
2 1201 2 4.804378e-04
3 1201 2 6.539318e-04
4 1201 2 9.257374e-04
5 1201 2 1.350509e-03
6 1201 2 2.173367e-03
7 1201 2 3.297220e-03
8 1201 2 3.170211e-03
9 1201 2 2.286870e-03
10 1201 2 1.213833e-03
11 1201 2 7.244184e-04
12 1201 2 5.215567e-04
1 1202 2 5.339181e-04
2 1202 2 5.726701e-04
3 1202 2 7.947675e-04
4 1202 2 1.173834e-03
5 1202 2 1.758810e-03
6 1202 2 2.817544e-03
7 1202 2 4.237254e-03
8 1202 2 4.129152e-03
9 1202 2 2.979188e-03
10 1202 2 1.507220e-03
11 1202 2 8.758339e-04
12 1202 2 6.256655e-04
1 1203 2 8.536216e-05
2 1203 2 9.501661e-05
3 1203 2 1.341699e-04
4 1203 2 2.048987e-04
5 1203 2 3.163755e-04
6 1203 2 5.151065e-04
7 1203 2 7.753403e-04
8 1203 2 7.413423e-04
9 1203 2 5.220845e-04
10 1203 2 2.491405e-04
11 1203 2 1.429013e-04
12 1203 2 1.014807e-04
1 1263 2 7.748710e-05
2 1263 2 7.049844e-05
3 1263 2 7.155995e-05
4 1263 2 8.013893e-05
5 1263 2 1.215973e-04
6 1263 2 1.895537e-04
7 1263 2 2.849464e-04
8 1263 2 3.092937e-04
9 1263 2 2.980131e-04
10 1263 2 1.653877e-04
11 1263 2 8.931991e-05
12 1263 2 7.523569e-05
1 1264 2 1.924201e-03
2 1264 2 1.965794e-03
3 1264 2 2.234894e-03
4 1264 2 3.116941e-03
5 1264 2 5.655379e-03
6 1264 2 9.838160e-03
7 1264 2 1.648836e-02
8 1264 2 1.794155e-02
9 1264 2 1.507569e-02
10 1264 2 6.405033e-03
11 1264 2 2.470157e-03
12 1264 2 1.732983e-03
1 1265 2 8.484762e-05
2 1265 2 1.057814e-04
3 1265 2 1.392449e-04
4 1265 2 2.342775e-04
5 1265 2 4.589520e-04
6 1265 2 8.308723e-04
7 1265 2 1.376965e-03
8 1265 2 1.345780e-03
9 1265 2 9.145913e-04
10 1265 2 3.477803e-04
11 1265 2 1.177405e-04
12 1265 2 7.249659e-05
1 1266 2 2.510702e-05
2 1266 2 3.787118e-05
3 1266 2 5.677326e-05
4 1266 2 1.028924e-04
5 1266 2 2.035981e-04
6 1266 2 3.754680e-04
7 1266 2 6.133733e-04
8 1266 2 5.728910e-04
9 1266 2 3.370262e-04
10 1266 2 1.195392e-04
11 1266 2 3.935642e-05
12 1266 2 2.188555e-05
1 1267 2 1.615697e-04
2 1267 2 2.604260e-04
3 1267 2 4.172014e-04
4 1267 2 7.662043e-04
5 1267 2 1.448603e-03
6 1267 2 2.534023e-03
7 1267 2 3.821812e-03
8 1267 2 3.688741e-03
9 1267 2 2.339177e-03
10 1267 2 9.026242e-04
11 1267 2 2.999583e-04
12 1267 2 1.504947e-04
1 1268 2 2.667317e-04
2 1268 2 3.962107e-04
3 1268 2 5.854493e-04
4 1268 2 1.082810e-03
5 1268 2 1.813408e-03
6 1268 2 2.790673e-03
7 1268 2 3.538140e-03
8 1268 2 3.433493e-03
9 1268 2 2.479442e-03
10 1268 2 1.204288e-03
11 1268 2 4.662990e-04
12 1268 2 2.424425e-04
1 1269 2 3.191780e-04
2 1269 2 4.892840e-04
3 1269 2 6.955651e-04
4 1269 2 1.414889e-03
5 1269 2 2.327838e-03
6 1269 2 4.050983e-03
7 1269 2 5.264530e-03
8 1269 2 4.918499e-03
9 1269 2 3.005591e-03
10 1269 2 1.330108e-03
11 1269 2 5.510254e-04
12 1269 2 2.923032e-04
1 1270 2 1.053976e-04
2 1270 2 1.631146e-04
3 1270 2 2.421613e-04
4 1270 2 5.131733e-04
5 1270 2 8.880221e-04
6 1270 2 1.680485e-03
7 1270 2 2.230789e-03
8 1270 2 2.015680e-03
9 1270 2 1.111998e-03
10 1270 2 4.891586e-04
11 1270 2 2.173733e-04
12 1270 2 1.094141e-04
1 1271 2 4.862399e-04
2 1271 2 7.170075e-04
3 1271 2 1.092237e-03
4 1271 2 2.357170e-03
5 1271 2 4.188439e-03
6 1271 2 8.021736e-03
7 1271 2 1.050454e-02
8 1271 2 9.450217e-03
9 1271 2 5.281547e-03
10 1271 2 2.387673e-03
11 1271 2 1.120324e-03
12 1271 2 5.383796e-04
1 1272 2 5.748029e-04
2 1272 2 8.275786e-04
3 1272 2 1.303734e-03
4 1272 2 2.787898e-03
5 1272 2 4.847394e-03
6 1272 2 9.353220e-03
7 1272 2 1.204106e-02
8 1272 2 1.104674e-02
9 1272 2 6.236527e-03
10 1272 2 2.936747e-03
11 1272 2 1.410285e-03
12 1272 2 6.769290e-04
1 1273 2 8.480623e-04
2 1273 2 1.202705e-03
3 1273 2 2.002150e-03
4 1273 2 4.160454e-03
5 1273 2 7.260664e-03
6 1273 2 1.406786e-02
7 1273 2 1.781218e-02
8 1273 2 1.631965e-02
9 1273 2 9.336459e-03
10 1273 2 4.582257e-03
11 1273 2 2.208426e-03
12 1273 2 1.070611e-03
1 1274 2 1.228826e-03
2 1274 2 1.707209e-03
3 1274 2 2.959489e-03
4 1274 2 5.996359e-03
5 1274 2 1.034710e-02
6 1274 2 2.000135e-02
7 1274 2 2.528509e-02
8 1274 2 2.327882e-02
9 1274 2 1.365591e-02
10 1274 2 6.928530e-03
11 1274 2 3.269581e-03
12 1274 2 1.644255e-03
1 1275 2 1.102557e-03
2 1275 2 1.482978e-03
3 1275 2 2.663512e-03
4 1275 2 5.243630e-03
5 1275 2 9.130675e-03
6 1275 2 1.761546e-02
7 1275 2 2.253828e-02
8 1275 2 2.055950e-02
9 1275 2 1.223365e-02
10 1275 2 6.351012e-03
11 1275 2 2.849486e-03
12 1275 2 1.511798e-03
1 1276 2 2.586333e-03
2 1276 2 3.256773e-03
3 1276 2 5.860835e-03
4 1276 2 1.075333e-02
5 1276 2 1.861629e-02
6 1276 2 3.603805e-02
7 1276 2 4.748802e-02
8 1276 2 4.344335e-02
9 1276 2 2.682627e-02
10 1276 2 1.457714e-02
11 1276 2 6.460794e-03
12 1276 2 3.657460e-03
1 1277 2 3.755787e-03
2 1277 2 4.278087e-03
3 1277 2 7.117467e-03
4 1277 2 1.173802e-02
5 1277 2 1.989910e-02
6 1277 2 3.777353e-02
7 1277 2 5.088691e-02
8 1277 2 4.712900e-02
9 1277 2 3.210042e-02
10 1277 2 1.875128e-02
11 1277 2 8.598380e-03
12 1277 2 5.323204e-03
1 1278 2 5.384636e-05
2 1278 2 5.547750e-05
3 1278 2 8.245610e-05
4 1278 2 1.276021e-04
5 1278 2 2.167575e-04
6 1278 2 3.961557e-04
7 1278 2 5.412431e-04
8 1278 2 5.063302e-04
9 1278 2 3.763464e-04
10 1278 2 2.312499e-04
11 1278 2 1.102257e-04
12 1278 2 7.455964e-05
1 1299 2 8.490633e-06
2 1299 2 9.005195e-06
3 1299 2 1.116586e-05
4 1299 2 1.592990e-05
5 1299 2 2.590242e-05
6 1299 2 4.234532e-05
7 1299 2 6.322111e-05
8 1299 2 6.189170e-05
9 1299 2 4.650185e-05
10 1299 2 2.397887e-05
11 1299 2 1.366765e-05
12 1299 2 1.004189e-05
1 1360 2 1.753284e-03
2 1360 2 1.629407e-03
3 1360 2 1.684079e-03
4 1360 2 2.133074e-03
5 1360 2 3.516955e-03
6 1360 2 5.938507e-03
7 1360 2 8.919939e-03
8 1360 2 1.012698e-02
9 1360 2 9.494972e-03
10 1360 2 4.982960e-03
11 1360 2 2.236461e-03
12 1360 2 1.672870e-03
1 1361 2 2.620289e-03
2 1361 2 3.006078e-03
3 1361 2 3.621918e-03
4 1361 2 5.832944e-03
5 1361 2 1.104206e-02
6 1361 2 1.962683e-02
7 1361 2 3.056536e-02
8 1361 2 3.225121e-02
9 1361 2 2.551380e-02
10 1361 2 1.123252e-02
11 1361 2 3.914295e-03
12 1361 2 2.436699e-03
1 1362 2 1.905413e-04
2 1362 2 2.538243e-04
3 1362 2 3.390513e-04
4 1362 2 6.167017e-04
5 1362 2 1.250373e-03
6 1362 2 2.260733e-03
7 1362 2 3.432694e-03
8 1362 2 3.258890e-03
9 1362 2 2.223635e-03
10 1362 2 9.191885e-04
11 1362 2 3.047781e-04
12 1362 2 1.732139e-04
1 1363 2 1.288580e-04
2 1363 2 1.773260e-04
3 1363 2 2.379387e-04
4 1363 2 4.388434e-04
5 1363 2 8.598433e-04
6 1363 2 1.502518e-03
7 1363 2 2.144700e-03
8 1363 2 1.940678e-03
9 1363 2 1.346271e-03
10 1363 2 5.967416e-04
11 1363 2 2.179141e-04
12 1363 2 1.212257e-04
1 1364 2 2.049759e-04
2 1364 2 2.899136e-04
3 1364 2 3.979175e-04
4 1364 2 7.397753e-04
5 1364 2 1.325586e-03
6 1364 2 2.119027e-03
7 1364 2 2.666019e-03
8 1364 2 2.393057e-03
9 1364 2 1.661501e-03
10 1364 2 8.420355e-04
11 1364 2 3.433244e-04
12 1364 2 1.898931e-04
1 1365 2 9.973028e-05
2 1365 2 1.514338e-04
3 1365 2 2.170023e-04
4 1365 2 4.298304e-04
5 1365 2 7.369437e-04
6 1365 2 1.240142e-03
7 1365 2 1.480551e-03
8 1365 2 1.326318e-03
9 1365 2 8.037919e-04
10 1365 2 3.783570e-04
11 1365 2 1.641305e-04
12 1365 2 8.920797e-05
1 1366 2 2.740266e-04
2 1366 2 4.108655e-04
3 1366 2 5.727349e-04
4 1366 2 1.127372e-03
5 1366 2 1.906393e-03
6 1366 2 3.220452e-03
7 1366 2 4.069201e-03
8 1366 2 3.782458e-03
9 1366 2 2.173362e-03
10 1366 2 1.018446e-03
11 1366 2 4.895357e-04
12 1366 2 2.614079e-04
1 1367 2 6.577883e-04
2 1367 2 9.256392e-04
3 1367 2 1.256504e-03
4 1367 2 2.413841e-03
5 1367 2 4.031923e-03
6 1367 2 6.705028e-03
7 1367 2 8.720581e-03
8 1367 2 8.367092e-03
9 1367 2 5.020901e-03
10 1367 2 2.451951e-03
11 1367 2 1.273404e-03
12 1367 2 6.694179e-04
1 1368 2 5.919806e-04
2 1368 2 7.978487e-04
3 1368 2 1.126436e-03
4 1368 2 2.141485e-03
5 1368 2 3.492640e-03
6 1368 2 5.808985e-03
7 1368 2 7.394466e-03
8 1368 2 7.094528e-03
9 1368 2 4.410595e-03
10 1368 2 2.286663e-03
11 1368 2 1.239429e-03
12 1368 2 6.571223e-04
1 1369 2 8.873677e-04
2 1369 2 1.180995e-03
3 1369 2 1.728730e-03
4 1369 2 3.279162e-03
5 1369 2 5.265012e-03
6 1369 2 8.858996e-03
7 1369 2 1.107760e-02
8 1369 2 1.054728e-02
9 1369 2 6.659132e-03
10 1369 2 3.598525e-03
11 1369 2 1.998773e-03
12 1369 2 1.069467e-03
1 1370 2 1.239364e-03
2 1370 2 1.610696e-03
3 1370 2 2.448865e-03
4 1370 2 4.603868e-03
5 1370 2 7.248630e-03
6 1370 2 1.238058e-02
7 1370 2 1.534743e-02
8 1370 2 1.453136e-02
9 1370 2 9.152398e-03
10 1370 2 5.074382e-03
11 1370 2 2.807459e-03
12 1370 2 1.538702e-03
1 1371 2 1.564618e-03
2 1371 2 1.965635e-03
3 1371 2 3.043230e-03
4 1371 2 5.431326e-03
5 1371 2 8.558465e-03
6 1371 2 1.472039e-02
7 1371 2 1.833903e-02
8 1371 2 1.726293e-02
9 1371 2 1.100675e-02
10 1371 2 6.369954e-03
11 1371 2 3.441467e-03
12 1371 2 1.963935e-03
1 1372 2 1.066007e-03
2 1372 2 1.258774e-03
3 1372 2 1.879034e-03
4 1372 2 3.035153e-03
5 1372 2 4.657752e-03
6 1372 2 7.829281e-03
7 1372 2 9.698583e-03
8 1372 2 9.277718e-03
9 1372 2 6.393666e-03
10 1372 2 4.020498e-03
11 1372 2 2.194821e-03
12 1372 2 1.358751e-03
1 1457 2 2.678853e-03
2 1457 2 2.693669e-03
3 1457 2 2.793103e-03
4 1457 2 3.844517e-03
5 1457 2 6.250806e-03
6 1457 2 1.021462e-02
7 1457 2 1.550909e-02
8 1457 2 1.656359e-02
9 1457 2 1.507616e-02
10 1457 2 8.768868e-03
11 1457 2 3.934475e-03
12 1457 2 2.750436e-03
1 1458 2 2.536943e-04
2 1458 2 2.982192e-04
3 1458 2 3.365536e-04
4 1458 2 5.417077e-04
5 1458 2 9.805231e-04
6 1458 2 1.607683e-03
7 1458 2 2.314448e-03
8 1458 2 2.205187e-03
9 1458 2 1.820752e-03
10 1458 2 9.910104e-04
11 1458 2 3.976122e-04
12 1458 2 2.489286e-04
1 1459 2 4.957752e-04
2 1459 2 6.415139e-04
3 1459 2 7.970761e-04
4 1459 2 1.430357e-03
5 1459 2 2.702358e-03
6 1459 2 4.427586e-03
7 1459 2 5.209809e-03
8 1459 2 4.331466e-03
9 1459 2 3.461869e-03
10 1459 2 1.917863e-03
11 1459 2 8.080796e-04
12 1459 2 4.810920e-04
1 1460 2 1.818162e-04
2 1460 2 2.514172e-04
3 1460 2 3.457284e-04
4 1460 2 6.595629e-04
5 1460 2 1.230680e-03
6 1460 2 2.023701e-03
7 1460 2 2.190291e-03
8 1460 2 1.791291e-03
9 1460 2 1.212305e-03
10 1460 2 6.511075e-04
11 1460 2 3.054948e-04
12 1460 2 1.748616e-04
1 1461 2 1.557448e-04
2 1461 2 2.243826e-04
3 1461 2 3.311113e-04
4 1461 2 6.346175e-04
5 1461 2 1.054360e-03
6 1461 2 1.650345e-03
7 1461 2 1.851864e-03
8 1461 2 1.592624e-03
9 1461 2 9.819186e-04
10 1461 2 5.075572e-04
11 1461 2 2.588839e-04
12 1461 2 1.454020e-04
1 1462 2 5.726635e-04
2 1462 2 7.950920e-04
3 1462 2 1.103770e-03
4 1462 2 1.962566e-03
5 1462 2 3.068065e-03
6 1462 2 4.554178e-03
7 1462 2 5.524841e-03
8 1462 2 5.277926e-03
9 1462 2 3.394579e-03
10 1462 2 1.748419e-03
11 1462 2 9.680139e-04
12 1462 2 5.550655e-04
1 1463 2 1.802101e-03
2 1463 2 2.335642e-03
3 1463 2 3.014543e-03
4 1463 2 5.121921e-03
5 1463 2 7.905473e-03
6 1463 2 1.146951e-02
7 1463 2 1.439880e-02
8 1463 2 1.475755e-02
9 1463 2 1.003962e-02
10 1463 2 5.478269e-03
11 1463 2 3.232842e-03
12 1463 2 1.884313e-03
1 1464 2 1.132032e-03
2 1464 2 1.406150e-03
3 1464 2 1.808089e-03
4 1464 2 2.999189e-03
5 1464 2 4.553130e-03
6 1464 2 6.605352e-03
7 1464 2 8.226870e-03
8 1464 2 8.463027e-03
9 1464 2 6.022239e-03
10 1464 2 3.465896e-03
11 1464 2 2.129654e-03
12 1464 2 1.269530e-03
1 1465 2 1.252259e-03
2 1465 2 1.537103e-03
3 1465 2 2.004117e-03
4 1465 2 3.262695e-03
5 1465 2 4.898855e-03
6 1465 2 7.264712e-03
7 1465 2 9.029917e-03
8 1465 2 9.141469e-03
9 1465 2 6.542028e-03
10 1465 2 3.893680e-03
11 1465 2 2.450508e-03
12 1465 2 1.483951e-03
1 1466 2 1.661972e-03
2 1466 2 2.022557e-03
3 1466 2 2.699056e-03
4 1466 2 4.290527e-03
5 1466 2 6.354865e-03
6 1466 2 9.425539e-03
7 1466 2 1.143352e-02
8 1466 2 1.127292e-02
9 1466 2 8.153965e-03
10 1466 2 5.030462e-03
11 1466 2 3.214767e-03
12 1466 2 2.017085e-03
1 1467 2 1.100492e-03
2 1467 2 1.278869e-03
3 1467 2 1.670095e-03
4 1467 2 2.474682e-03
5 1467 2 3.541724e-03
6 1467 2 5.223704e-03
7 1467 2 6.304012e-03
8 1467 2 6.259772e-03
9 1467 2 4.746659e-03
10 1467 2 3.143101e-03
11 1467 2 2.022435e-03
12 1467 2 1.330234e-03
1 1468 2 2.774402e-05
2 1468 2 2.974350e-05
3 1468 2 3.599492e-05
4 1468 2 4.882587e-05
5 1468 2 6.803087e-05
6 1468 2 9.941978e-05
7 1468 2 1.208079e-04
8 1468 2 1.229261e-04
9 1468 2 1.012956e-04
10 1468 2 7.221655e-05
11 1468 2 4.678747e-05
12 1468 2 3.285790e-05
1 1557 2 1.103903e-06
2 1557 2 1.477217e-06
3 1557 2 2.177062e-06
4 1557 2 3.753192e-06
5 1557 2 5.743851e-06
6 1557 2 7.596825e-06
7 1557 2 8.142145e-06
8 1557 2 7.247237e-06
9 1557 2 4.901232e-06
10 1557 2 2.819302e-06
11 1557 2 1.782408e-06
12 1557 2 1.084129e-06
1 1558 2 8.521943e-04
2 1558 2 1.090633e-03
3 1558 2 1.501328e-03
4 1558 2 2.351854e-03
5 1558 2 3.320831e-03
6 1558 2 4.371684e-03
7 1558 2 4.865283e-03
8 1558 2 4.902099e-03
9 1558 2 3.676111e-03
10 1558 2 2.111842e-03
11 1558 2 1.357539e-03
12 1558 2 8.495939e-04
1 1559 2 1.772957e-03
2 1559 2 2.078886e-03
3 1559 2 2.645541e-03
4 1559 2 3.807039e-03
5 1559 2 5.143457e-03
6 1559 2 6.646944e-03
7 1559 2 7.494462e-03
8 1559 2 7.791949e-03
9 1559 2 6.482672e-03
10 1559 2 4.094761e-03
11 1559 2 2.824732e-03
12 1559 2 1.933292e-03
1 1560 2 4.195584e-04
2 1560 2 4.725703e-04
3 1560 2 5.803201e-04
4 1560 2 7.995498e-04
5 1560 2 1.067338e-03
6 1560 2 1.383447e-03
7 1560 2 1.577495e-03
8 1560 2 1.660665e-03
9 1560 2 1.448458e-03
10 1560 2 9.651670e-04
11 1560 2 6.859489e-04
12 1560 2 4.800074e-04
1 1561 2 4.033260e-05
2 1561 2 4.471845e-05
3 1561 2 5.468021e-05
4 1561 2 7.362721e-05
5 1561 2 9.790098e-05
6 1561 2 1.273979e-04
7 1561 2 1.480835e-04
8 1561 2 1.558771e-04
9 1561 2 1.359924e-04
10 1561 2 9.353585e-05
11 1561 2 6.653387e-05
12 1561 2 4.695103e-05
1 1562 2 8.071201e-04
2 1562 2 8.885876e-04
3 1562 2 1.077847e-03
4 1562 2 1.426837e-03
5 1562 2 1.919295e-03
6 1562 2 2.529514e-03
7 1562 2 2.945041e-03
8 1562 2 3.084153e-03
9 1562 2 2.704757e-03
10 1562 2 1.921313e-03
11 1562 2 1.350106e-03
12 1562 2 9.589800e-04
1 1563 2 3.555105e-03
2 1563 2 3.769287e-03
3 1563 2 4.404077e-03
4 1563 2 5.525296e-03
5 1563 2 7.280257e-03
6 1563 2 9.580094e-03
7 1563 2 1.117478e-02
8 1563 2 1.169743e-02
9 1563 2 1.054395e-02
10 1563 2 8.074688e-03
11 1563 2 5.703835e-03
12 1563 2 4.207433e-03
1 1638 2 9.565860e-06
2 1638 2 8.634818e-06
3 1638 2 7.792975e-06
4 1638 2 8.486372e-06
5 1638 2 1.011979e-05
6 1638 2 1.199142e-05
7 1638 2 1.380807e-05
8 1638 2 1.478220e-05
9 1638 2 1.470133e-05
10 1638 2 1.367199e-05
11 1638 2 1.195210e-05
12 1638 2 1.076635e-05
1 1654 2 9.025978e-05
2 1654 2 1.067421e-04
3 1654 2 1.409697e-04
4 1654 2 1.920361e-04
5 1654 2 2.405528e-04
6 1654 2 2.790233e-04
7 1654 2 2.937839e-04
8 1654 2 3.032117e-04
9 1654 2 2.524470e-04
10 1654 2 1.678452e-04
11 1654 2 1.246819e-04
12 1654 2 9.396560e-05
1 1655 2 5.013453e-05
2 1655 2 5.532896e-05
3 1655 2 6.900077e-05
4 1655 2 8.825573e-05
5 1655 2 1.084857e-04
6 1655 2 1.280307e-04
7 1655 2 1.346112e-04
8 1655 2 1.412411e-04
9 1655 2 1.308203e-04
10 1655 2 9.296020e-05
11 1655 2 7.068692e-05
12 1655 2 5.593206e-05
1 1658 2 1.110530e-05
2 1658 2 1.154133e-05
3 1658 2 1.320618e-05
4 1658 2 1.550712e-05
5 1658 2 1.899796e-05
6 1658 2 2.289975e-05
7 1658 2 2.524546e-05
8 1658 2 2.666194e-05
9 1658 2 2.605146e-05
10 1658 2 2.147401e-05
11 1658 2 1.650484e-05
12 1658 2 1.286556e-05
1 1659 2 1.898732e-03
2 1659 2 1.930137e-03
3 1659 2 2.132568e-03
4 1659 2 2.448276e-03
5 1659 2 2.995425e-03
6 1659 2 3.607845e-03
7 1659 2 4.033522e-03
8 1659 2 4.291145e-03
9 1659 2 4.219085e-03
10 1659 2 3.674003e-03
11 1659 2 2.783435e-03
12 1659 2 2.195420e-03
1 1734 2 5.382686e-04
2 1734 2 4.979551e-04
3 1734 2 4.724660e-04
4 1734 2 5.146554e-04
5 1734 2 5.787800e-04
6 1734 2 6.558348e-04
7 1734 2 7.485458e-04
8 1734 2 7.941113e-04
9 1734 2 7.981708e-04
10 1734 2 7.567059e-04
11 1734 2 6.753658e-04
12 1734 2 5.985460e-04
1 1735 2 4.856377e-04
2 1735 2 4.483146e-04
3 1735 2 4.271634e-04
4 1735 2 4.529664e-04
5 1735 2 5.063969e-04
6 1735 2 5.715590e-04
7 1735 2 6.591588e-04
8 1735 2 6.959485e-04
9 1735 2 6.922951e-04
10 1735 2 6.662824e-04
11 1735 2 5.952252e-04
12 1735 2 5.356590e-04
