1 391 2 6.757180e-07
2 391 2 6.033355e-07
3 391 2 8.828877e-07
4 391 2 2.310583e-06
5 391 2 9.669708e-06
6 391 2 2.141977e-05
7 391 2 2.344083e-05
8 391 2 1.624867e-05
9 391 2 6.865471e-06
10 391 2 2.639349e-06
11 391 2 1.370220e-06
12 391 2 7.049650e-07
1 484 2 1.899305e-07
2 484 2 1.724437e-07
3 484 2 2.780941e-07
4 484 2 6.332092e-07
5 484 2 2.450636e-06
6 484 2 5.087585e-06
7 484 2 5.558203e-06
8 484 2 3.919080e-06
9 484 2 1.954339e-06
10 484 2 7.741718e-07
11 484 2 3.075011e-07
12 484 2 1.596743e-07
1 485 2 1.239637e-07
2 485 2 1.067968e-07
3 485 2 1.818085e-07
4 485 2 4.510394e-07
5 485 2 1.806327e-06
6 485 2 3.998615e-06
7 485 2 4.274866e-06
8 485 2 2.894023e-06
9 485 2 1.340818e-06
10 485 2 4.847520e-07
11 485 2 2.089722e-07
12 485 2 1.088123e-07
1 486 2 1.502227e-07
2 486 2 1.254853e-07
3 486 2 2.228747e-07
4 486 2 6.074901e-07
5 486 2 2.522363e-06
6 486 2 6.046685e-06
7 486 2 6.419981e-06
8 486 2 4.177869e-06
9 486 2 1.768362e-06
10 486 2 5.709939e-07
11 486 2 2.619606e-07
12 486 2 1.384360e-07
1 487 2 1.948758e-07
2 487 2 1.609398e-07
3 487 2 2.967954e-07
4 487 2 8.856991e-07
5 487 2 3.723339e-06
6 487 2 9.520646e-06
7 487 2 1.016855e-05
8 487 2 6.507208e-06
9 487 2 2.562853e-06
10 487 2 7.645877e-07
11 487 2 3.555577e-07
12 487 2 1.894139e-07
1 488 2 9.954822e-08
2 488 2 8.232728e-08
3 488 2 1.572079e-07
4 488 2 5.062874e-07
5 488 2 2.123620e-06
6 488 2 5.653109e-06
7 488 2 6.164998e-06
8 488 2 3.960405e-06
9 488 2 1.480618e-06
10 488 2 4.256201e-07
11 488 2 1.965522e-07
12 488 2 1.031473e-07
1 489 2 2.282446e-08
2 489 2 1.901764e-08
3 489 2 3.668419e-08
4 489 2 1.234197e-07
5 489 2 5.207117e-07
6 489 2 1.419534e-06
7 489 2 1.602350e-06
8 489 2 1.043607e-06
9 489 2 3.733248e-07
10 489 2 1.053461e-07
11 489 2 4.961903e-08
12 489 2 2.536090e-08
1 490 2 4.821827e-08
2 490 2 4.059827e-08
3 490 2 7.594649e-08
4 490 2 2.558440e-07
5 490 2 1.094827e-06
6 490 2 3.031347e-06
7 490 2 3.550882e-06
8 490 2 2.360229e-06
9 490 2 8.183248e-07
10 490 2 2.287179e-07
11 490 2 1.132007e-07
12 490 2 5.714409e-08
1 579 2 1.307422e-07
2 579 2 1.171568e-07
3 579 2 1.811531e-07
4 579 2 3.677527e-07
5 579 2 1.232268e-06
6 579 2 2.437442e-06
7 579 2 3.070615e-06
8 579 2 2.248875e-06
9 579 2 1.201111e-06
10 579 2 4.915620e-07
11 579 2 1.921337e-07
12 579 2 9.651857e-08
1 580 2 1.681371e-06
2 580 2 1.424781e-06
3 580 2 2.332625e-06
4 580 2 5.062707e-06
5 580 2 1.685102e-05
6 580 2 3.371368e-05
7 580 2 3.941302e-05
8 580 2 2.872746e-05
9 580 2 1.556357e-05
10 580 2 6.102919e-06
11 580 2 2.462804e-06
12 580 2 1.300055e-06
1 581 2 1.691336e-06
2 581 2 1.371113e-06
3 581 2 2.373974e-06
4 581 2 5.701022e-06
5 581 2 1.916800e-05
6 581 2 4.007828e-05
7 581 2 4.330564e-05
8 581 2 3.085941e-05
9 581 2 1.630149e-05
10 581 2 5.693657e-06
11 581 2 2.464017e-06
12 581 2 1.390597e-06
1 582 2 6.818929e-07
2 582 2 5.298807e-07
3 582 2 9.783147e-07
4 582 2 2.601217e-06
5 582 2 8.864046e-06
6 582 2 1.952471e-05
7 582 2 2.002541e-05
8 582 2 1.400447e-05
9 582 2 7.153084e-06
10 582 2 2.204705e-06
11 582 2 9.970840e-07
12 582 2 5.930342e-07
1 583 2 3.856801e-07
2 583 2 2.922651e-07
3 583 2 5.913069e-07
4 583 2 1.710703e-06
5 583 2 5.905550e-06
6 583 2 1.357341e-05
7 583 2 1.376847e-05
8 583 2 9.606008e-06
9 583 2 4.796699e-06
10 583 2 1.357696e-06
11 583 2 6.000125e-07
12 583 2 3.594875e-07
1 584 2 1.447071e-07
2 584 2 1.106150e-07
3 584 2 2.464212e-07
4 584 2 7.694615e-07
5 584 2 2.740769e-06
6 584 2 6.451621e-06
7 584 2 6.635775e-06
8 584 2 4.644229e-06
9 584 2 2.267167e-06
10 584 2 6.053291e-07
11 584 2 2.565510e-07
12 584 2 1.490638e-07
1 585 2 1.188403e-05
2 585 2 9.362758e-06
3 585 2 2.212580e-05
4 585 2 7.400505e-05
5 585 2 2.805913e-04
6 585 2 6.706650e-04
7 585 2 7.058441e-04
8 585 2 4.909809e-04
9 585 2 2.303894e-04
10 585 2 5.732012e-05
11 585 2 2.422270e-05
12 585 2 1.361062e-05
1 586 2 5.391324e-07
2 586 2 4.366393e-07
3 586 2 1.039816e-06
4 586 2 3.586085e-06
5 586 2 1.447724e-05
6 586 2 3.560000e-05
7 586 2 3.865666e-05
8 586 2 2.661009e-05
9 586 2 1.194441e-05
10 586 2 2.771008e-06
11 586 2 1.208414e-06
12 586 2 6.706705e-07
1 587 2 6.091608e-08
2 587 2 5.019059e-08
3 587 2 1.167823e-07
4 587 2 3.963760e-07
5 587 2 1.621965e-06
6 587 2 4.142032e-06
7 587 2 4.640258e-06
8 587 2 3.192298e-06
9 587 2 1.410320e-06
10 587 2 3.231310e-07
11 587 2 1.448661e-07
12 587 2 8.094550e-08
1 675 2 4.620636e-07
2 675 2 3.841754e-07
3 675 2 5.697769e-07
4 675 2 1.040563e-06
5 675 2 2.626025e-06
6 675 2 4.553754e-06
7 675 2 6.222237e-06
8 675 2 5.062112e-06
9 675 2 2.919368e-06
10 675 2 1.449083e-06
11 675 2 7.248990e-07
12 675 2 3.770290e-07
1 676 2 1.534431e-06
2 676 2 1.217340e-06
3 676 2 1.905857e-06
4 676 2 3.657618e-06
5 676 2 9.452080e-06
6 676 2 1.630425e-05
7 676 2 2.085822e-05
8 676 2 1.671974e-05
9 676 2 9.879393e-06
10 676 2 4.583622e-06
11 676 2 2.261405e-06
12 676 2 1.247548e-06
1 677 2 6.329732e-06
2 677 2 4.732855e-06
3 677 2 7.916029e-06
4 677 2 1.633236e-05
5 677 2 4.338197e-05
6 677 2 7.530640e-05
7 677 2 8.973318e-05
8 677 2 7.060672e-05
9 677 2 4.189979e-05
10 677 2 1.759093e-05
11 677 2 8.595607e-06
12 677 2 5.013780e-06
1 678 2 2.211616e-06
2 678 2 1.551593e-06
3 678 2 2.897355e-06
4 678 2 6.552218e-06
5 678 2 1.757920e-05
6 678 2 3.143304e-05
7 678 2 3.631278e-05
8 678 2 2.802014e-05
9 678 2 1.641483e-05
10 678 2 6.203916e-06
11 678 2 2.947190e-06
12 678 2 1.770016e-06
1 679 2 4.259074e-07
2 679 2 2.963830e-07
3 679 2 6.156811e-07
4 679 2 1.472151e-06
5 679 2 3.797892e-06
6 679 2 7.208228e-06
7 679 2 8.524053e-06
8 679 2 6.516012e-06
9 679 2 3.780248e-06
10 679 2 1.345651e-06
11 679 2 6.213258e-07
12 679 2 3.833985e-07
1 680 2 1.125027e-05
2 680 2 8.436162e-06
3 680 2 1.806557e-05
4 680 2 4.342563e-05
5 680 2 1.031245e-04
6 680 2 2.047166e-04
7 680 2 2.507484e-04
8 680 2 1.938217e-04
9 680 2 1.136851e-04
10 680 2 4.069160e-05
11 680 2 1.892037e-05
12 680 2 1.235209e-05
1 681 2 9.403899e-05
2 681 2 7.810117e-05
3 681 2 1.627270e-04
4 681 2 3.957035e-04
5 681 2 8.886583e-04
6 681 2 1.746752e-03
7 681 2 2.151780e-03
8 681 2 1.696242e-03
9 681 2 1.018482e-03
10 681 2 3.757707e-04
11 681 2 1.770809e-04
12 681 2 1.213904e-04
1 682 2 2.795235e-06
2 682 2 2.505276e-06
3 682 2 5.090359e-06
4 682 2 1.278238e-05
5 682 2 2.920804e-05
6 682 2 5.625935e-05
7 682 2 6.816874e-05
8 682 2 5.403520e-05
9 682 2 3.290007e-05
10 682 2 1.234927e-05
11 682 2 5.707529e-06
12 682 2 3.869479e-06
1 683 2 2.421341e-07
2 683 2 2.297869e-07
3 683 2 4.641835e-07
4 683 2 1.181430e-06
5 683 2 2.836270e-06
6 683 2 5.607240e-06
7 683 2 6.655410e-06
8 683 2 5.191700e-06
9 683 2 3.156296e-06
10 683 2 1.199696e-06
11 683 2 5.329085e-07
12 683 2 3.428849e-07
1 771 2 9.101093e-07
2 771 2 7.057567e-07
3 771 2 9.785012e-07
4 771 2 1.444252e-06
5 771 2 2.776956e-06
6 771 2 4.628337e-06
7 771 2 6.833363e-06
8 771 2 6.012698e-06
9 771 2 3.690080e-06
10 771 2 2.276689e-06
11 771 2 1.423874e-06
12 771 2 8.313787e-07
1 773 2 1.527637e-06
2 773 2 1.095466e-06
3 773 2 1.709810e-06
4 773 2 2.630792e-06
5 773 2 5.090757e-06
6 773 2 8.185470e-06
7 773 2 1.129712e-05
8 773 2 9.852145e-06
9 773 2 6.365841e-06
10 773 2 3.618665e-06
11 773 2 2.140042e-06
12 773 2 1.322967e-06
1 774 2 4.308108e-06
2 774 2 3.026551e-06
3 774 2 4.980584e-06
4 774 2 8.018918e-06
5 774 2 1.560530e-05
6 774 2 2.503017e-05
7 774 2 3.376173e-05
8 774 2 2.922463e-05
9 774 2 1.902637e-05
10 774 2 1.007954e-05
11 774 2 5.746954e-06
12 774 2 3.710310e-06
1 775 2 4.329587e-06
2 775 2 3.147689e-06
3 775 2 5.021733e-06
4 775 2 7.963514e-06
5 775 2 1.502578e-05
6 775 2 2.433873e-05
7 775 2 3.304410e-05
8 775 2 2.853917e-05
9 775 2 1.885393e-05
10 775 2 9.709093e-06
11 775 2 5.643241e-06
12 775 2 3.925649e-06
1 776 2 2.330821e-05
2 776 2 1.820619e-05
3 776 2 2.633048e-05
4 776 2 3.869221e-05
5 776 2 6.745187e-05
6 776 2 1.095431e-04
7 776 2 1.520265e-04
8 776 2 1.346990e-04
9 776 2 9.228999e-05
10 776 2 4.943699e-05
11 776 2 3.086555e-05
12 776 2 2.327908e-05
1 779 2 5.159102e-07
2 779 2 4.790702e-07
3 779 2 6.208980e-07
4 779 2 9.544912e-07
5 779 2 1.606666e-06
6 779 2 2.463411e-06
7 779 2 3.155978e-06
8 779 2 2.959072e-06
9 779 2 2.207814e-06
10 779 2 1.295644e-06
11 779 2 8.200383e-07
12 779 2 6.099625e-07
1 780 2 9.347305e-06
2 780 2 9.538104e-06
3 780 2 1.323960e-05
4 780 2 2.288298e-05
5 780 2 4.205691e-05
6 780 2 6.738721e-05
7 780 2 8.243235e-05
8 780 2 7.495209e-05
9 780 2 5.429065e-05
10 780 2 2.956315e-05
11 780 2 1.672768e-05
12 780 2 1.178508e-05
1 781 2 1.704144e-05
2 781 2 1.875810e-05
3 781 2 2.871040e-05
4 781 2 5.553371e-05
5 781 2 1.163359e-04
6 781 2 1.924965e-04
7 781 2 2.247632e-04
8 781 2 1.947909e-04
9 781 2 1.346348e-04
10 781 2 6.764320e-05
11 781 2 3.341029e-05
12 781 2 2.250398e-05
1 866 2 8.817888e-08
2 866 2 7.360722e-08
3 866 2 8.885761e-08
4 866 2 1.082899e-07
5 866 2 1.683089e-07
6 866 2 2.815724e-07
7 866 2 4.438375e-07
8 866 2 4.047124e-07
9 866 2 2.605924e-07
10 866 2 1.748522e-07
11 866 2 1.196911e-07
12 866 2 8.402696e-08
1 867 2 8.326968e-08
2 867 2 6.779519e-08
3 867 2 8.423415e-08
4 867 2 1.017922e-07
5 867 2 1.593922e-07
6 867 2 2.581871e-07
7 867 2 4.004191e-07
8 867 2 3.637428e-07
9 867 2 2.356480e-07
10 867 2 1.604208e-07
11 867 2 1.129600e-07
12 867 2 7.934483e-08
1 868 2 5.348180e-06
2 868 2 4.247373e-06
3 868 2 5.435530e-06
4 868 2 6.478041e-06
5 868 2 1.015175e-05
6 868 2 1.606247e-05
7 868 2 2.439577e-05
8 868 2 2.215368e-05
9 868 2 1.455464e-05
10 868 2 1.001800e-05
11 868 2 7.139287e-06
12 868 2 5.051590e-06
1 869 2 1.232156e-06
2 869 2 9.533358e-07
3 869 2 1.249601e-06
4 869 2 1.469028e-06
5 869 2 2.282949e-06
6 869 2 3.554200e-06
7 869 2 5.301391e-06
8 869 2 4.869520e-06
9 869 2 3.271984e-06
10 869 2 2.266889e-06
11 869 2 1.613654e-06
12 869 2 1.163822e-06
1 870 2 2.337578e-06
2 870 2 1.807373e-06
3 870 2 2.363505e-06
4 870 2 2.779338e-06
5 870 2 4.348832e-06
6 870 2 6.739187e-06
7 870 2 9.889833e-06
8 870 2 9.139366e-06
9 870 2 6.253132e-06
10 870 2 4.241539e-06
11 870 2 2.965020e-06
12 870 2 2.185526e-06
1 871 2 1.101932e-07
2 871 2 8.834741e-08
3 871 2 1.103992e-07
4 871 2 1.298420e-07
5 871 2 2.010526e-07
6 871 2 3.101325e-07
7 871 2 4.512287e-07
8 871 2 4.194480e-07
9 871 2 2.937343e-07
10 871 2 1.920475e-07
11 871 2 1.345893e-07
12 871 2 1.022472e-07
1 877 2 2.101594e-05
2 877 2 2.071563e-05
3 877 2 2.367565e-05
4 877 2 3.175231e-05
5 877 2 5.145157e-05
6 877 2 7.200878e-05
7 877 2 9.202339e-05
8 877 2 9.129187e-05
9 877 2 7.420941e-05
10 877 2 4.590558e-05
11 877 2 3.031749e-05
12 877 2 2.356013e-05
1 878 2 3.300716e-06
2 878 2 3.421237e-06
3 878 2 4.452012e-06
4 878 2 6.987027e-06
5 878 2 1.334302e-05
6 878 2 1.876464e-05
7 878 2 2.344579e-05
8 878 2 2.211498e-05
9 878 2 1.676054e-05
10 878 2 9.224741e-06
11 878 2 5.337595e-06
12 878 2 3.920580e-06
1 914 2 1.117760e-04
2 914 2 1.055658e-04
3 914 2 1.450275e-04
4 914 2 2.194601e-04
5 914 2 3.303434e-04
6 914 2 4.749316e-04
7 914 2 5.560077e-04
8 914 2 5.592901e-04
9 914 2 4.435168e-04
10 914 2 3.256459e-04
11 914 2 2.114220e-04
12 914 2 1.421103e-04
1 915 2 1.761162e-03
2 915 2 1.680095e-03
3 915 2 2.544952e-03
4 915 2 4.285842e-03
5 915 2 6.934422e-03
6 915 2 1.015109e-02
7 915 2 1.175930e-02
8 915 2 1.148904e-02
9 915 2 8.580086e-03
10 915 2 5.885448e-03
11 915 2 3.551909e-03
12 915 2 2.233072e-03
1 916 2 9.561618e-04
2 916 2 9.138752e-04
3 916 2 1.432704e-03
4 916 2 2.534631e-03
5 916 2 4.315699e-03
6 916 2 6.414800e-03
7 916 2 7.469476e-03
8 916 2 7.125490e-03
9 916 2 5.134417e-03
10 916 2 3.415161e-03
11 916 2 1.976955e-03
12 916 2 1.210142e-03
1 961 2 4.775730e-06
2 961 2 4.556959e-06
3 961 2 4.916007e-06
4 961 2 5.740926e-06
5 961 2 8.178225e-06
6 961 2 1.379916e-05
7 961 2 2.313377e-05
8 961 2 2.176545e-05
9 961 2 1.483906e-05
10 961 2 9.780564e-06
11 961 2 6.601378e-06
12 961 2 4.778891e-06
1 962 2 1.753845e-06
2 962 2 1.658410e-06
3 962 2 1.792681e-06
4 962 2 2.037724e-06
5 962 2 2.878820e-06
6 962 2 4.656167e-06
7 962 2 7.766540e-06
8 962 2 7.300602e-06
9 962 2 4.906439e-06
10 962 2 3.377978e-06
11 962 2 2.378860e-06
12 962 2 1.740446e-06
1 963 2 1.816098e-08
2 963 2 1.669359e-08
3 963 2 1.846379e-08
4 963 2 2.045672e-08
5 963 2 2.902542e-08
6 963 2 4.588469e-08
7 963 2 7.584641e-08
8 963 2 7.116327e-08
9 963 2 4.716574e-08
10 963 2 3.325440e-08
11 963 2 2.407316e-08
12 963 2 1.783674e-08
1 964 2 5.710405e-08
2 964 2 5.133958e-08
3 964 2 5.801452e-08
4 964 2 6.246780e-08
5 964 2 8.819626e-08
6 964 2 1.376524e-07
7 964 2 2.230971e-07
8 964 2 2.097845e-07
9 964 2 1.378060e-07
10 964 2 9.934814e-08
11 964 2 7.353373e-08
12 964 2 5.573054e-08
1 975 2 3.523391e-06
2 975 2 3.830496e-06
3 975 2 4.847857e-06
4 975 2 7.087413e-06
5 975 2 1.341194e-05
6 975 2 1.810721e-05
7 975 2 2.564899e-05
8 975 2 2.388396e-05
9 975 2 1.854435e-05
10 975 2 9.183678e-06
11 975 2 5.278701e-06
12 975 2 3.921728e-06
1 976 2 5.598871e-05
2 976 2 6.549085e-05
3 976 2 9.318882e-05
4 976 2 1.612821e-04
5 976 2 3.508164e-04
6 976 2 4.922456e-04
7 976 2 7.248049e-04
8 976 2 6.132854e-04
9 976 2 4.374637e-04
10 976 2 1.822910e-04
11 976 2 9.216481e-05
12 976 2 6.497554e-05
1 977 2 1.161975e-05
2 977 2 1.432861e-05
3 977 2 2.363601e-05
4 977 2 4.704219e-05
5 977 2 9.909263e-05
6 977 2 1.402367e-04
7 977 2 2.065531e-04
8 977 2 1.706147e-04
9 977 2 1.176904e-04
10 977 2 4.640727e-05
11 977 2 2.094798e-05
12 977 2 1.403608e-05
1 978 2 7.580219e-06
2 978 2 1.003608e-05
3 978 2 1.948152e-05
4 978 2 4.473449e-05
5 978 2 8.554236e-05
6 978 2 1.238663e-04
7 978 2 1.829840e-04
8 978 2 1.528961e-04
9 978 2 1.019266e-04
10 978 2 4.004555e-05
11 978 2 1.583200e-05
12 978 2 9.654220e-06
1 979 2 2.424205e-06
2 979 2 3.309108e-06
3 979 2 6.918060e-06
4 979 2 1.767533e-05
5 979 2 3.251062e-05
6 979 2 4.998931e-05
7 979 2 7.359883e-05
8 979 2 6.156858e-05
9 979 2 3.969638e-05
10 979 2 1.589100e-05
11 979 2 5.862442e-06
12 979 2 3.291914e-06
1 980 2 1.252112e-06
2 980 2 1.724595e-06
3 980 2 3.755805e-06
4 980 2 1.054987e-05
5 980 2 2.000974e-05
6 980 2 3.286143e-05
7 980 2 4.833613e-05
8 980 2 4.028994e-05
9 980 2 2.480289e-05
10 980 2 9.776519e-06
11 980 2 3.474903e-06
12 980 2 1.787205e-06
1 981 2 3.776142e-06
2 981 2 5.300533e-06
3 981 2 1.160907e-05
4 981 2 3.412681e-05
5 981 2 6.673215e-05
6 981 2 1.199428e-04
7 981 2 1.809148e-04
8 981 2 1.519721e-04
9 981 2 9.052251e-05
10 981 2 3.433992e-05
11 981 2 1.191604e-05
12 981 2 5.752760e-06
1 982 2 3.566908e-06
2 982 2 4.985155e-06
3 982 2 1.054421e-05
4 982 2 2.996197e-05
5 982 2 5.992961e-05
6 982 2 1.180213e-04
7 982 2 1.801256e-04
8 982 2 1.521963e-04
9 982 2 9.031184e-05
10 982 2 3.387591e-05
11 982 2 1.215922e-05
12 982 2 5.854236e-06
1 983 2 2.542384e-06
2 983 2 3.580928e-06
3 983 2 7.664197e-06
4 983 2 2.178838e-05
5 983 2 4.509591e-05
6 983 2 9.509141e-05
7 983 2 1.430797e-04
8 983 2 1.199677e-04
9 983 2 6.976096e-05
10 983 2 2.557023e-05
11 983 2 9.281346e-06
12 983 2 4.469479e-06
1 984 2 4.164399e-07
2 984 2 5.787674e-07
3 984 2 1.255311e-06
4 984 2 3.604454e-06
5 984 2 7.697911e-06
6 984 2 1.739611e-05
7 984 2 2.635475e-05
8 984 2 2.203115e-05
9 984 2 1.244700e-05
10 984 2 4.458147e-06
11 984 2 1.614944e-06
12 984 2 7.818119e-07
1 1007 2 3.269134e-05
2 1007 2 3.159583e-05
3 1007 2 3.753168e-05
4 1007 2 4.632836e-05
5 1007 2 6.052478e-05
6 1007 2 8.424224e-05
7 1007 2 1.013541e-04
8 1007 2 9.969056e-05
9 1007 2 8.332666e-05
10 1007 2 6.478346e-05
11 1007 2 4.964903e-05
12 1007 2 3.873411e-05
1 1008 2 1.290484e-04
2 1008 2 1.271372e-04
3 1008 2 1.596861e-04
4 1008 2 2.130775e-04
5 1008 2 2.921065e-04
6 1008 2 4.226194e-04
7 1008 2 5.056889e-04
8 1008 2 4.893257e-04
9 1008 2 3.985923e-04
10 1008 2 2.951680e-04
11 1008 2 2.121126e-04
12 1008 2 1.554128e-04
1 1009 2 1.070241e-03
2 1009 2 1.064434e-03
3 1009 2 1.404898e-03
4 1009 2 2.009851e-03
5 1009 2 2.864238e-03
6 1009 2 4.232294e-03
7 1009 2 5.127395e-03
8 1009 2 4.945211e-03
9 1009 2 3.972357e-03
10 1009 2 2.794702e-03
11 1009 2 1.876185e-03
12 1009 2 1.306295e-03
1 1010 2 2.689408e-03
2 1010 2 2.732137e-03
3 1010 2 3.897378e-03
4 1010 2 6.155746e-03
5 1010 2 9.167530e-03
6 1010 2 1.344977e-02
7 1010 2 1.633431e-02
8 1010 2 1.561420e-02
9 1010 2 1.222470e-02
10 1010 2 7.977767e-03
11 1010 2 5.009126e-03
12 1010 2 3.325425e-03
1 1011 2 3.875333e-03
2 1011 2 4.001720e-03
3 1011 2 6.249136e-03
4 1011 2 1.097974e-02
5 1011 2 1.745360e-02
6 1011 2 2.557367e-02
7 1011 2 3.103751e-02
8 1011 2 2.888678e-02
9 1011 2 2.150122e-02
10 1011 2 1.283259e-02
11 1011 2 7.535712e-03
12 1011 2 4.810728e-03
1 1012 2 2.092019e-03
2 1012 2 2.189882e-03
3 1012 2 3.624459e-03
4 1012 2 6.806654e-03
5 1012 2 1.145894e-02
6 1012 2 1.671363e-02
7 1012 2 2.026603e-02
8 1012 2 1.862348e-02
9 1012 2 1.342125e-02
10 1012 2 7.596557e-03
11 1012 2 4.240935e-03
12 1012 2 2.638187e-03
1 1071 2 1.412921e-04
2 1071 2 1.452284e-04
3 1071 2 1.615883e-04
4 1071 2 1.918853e-04
5 1071 2 2.955160e-04
6 1071 2 4.054994e-04
7 1071 2 6.064161e-04
8 1071 2 6.207377e-04
9 1071 2 5.619468e-04
10 1071 2 3.044461e-04
11 1071 2 1.848287e-04
12 1071 2 1.518073e-04
1 1072 2 4.261085e-03
2 1072 2 4.971658e-03
3 1072 2 6.366558e-03
4 1072 2 8.969315e-03
5 1072 2 1.561272e-02
6 1072 2 2.142224e-02
7 1072 2 3.302759e-02
8 1072 2 3.211676e-02
9 1072 2 2.578888e-02
10 1072 2 1.147422e-02
11 1072 2 6.003157e-03
12 1072 2 4.546352e-03
1 1073 2 5.698171e-04
2 1073 2 7.524274e-04
3 1073 2 1.114940e-03
4 1073 2 1.832463e-03
5 1073 2 3.314831e-03
6 1073 2 4.601260e-03
7 1073 2 7.125782e-03
8 1073 2 6.699495e-03
9 1073 2 4.755698e-03
10 1073 2 1.923414e-03
11 1073 2 8.866734e-04
12 1073 2 6.126537e-04
1 1074 2 1.402746e-04
2 1074 2 1.939409e-04
3 1074 2 3.244576e-04
4 1074 2 5.987089e-04
5 1074 2 1.069492e-03
6 1074 2 1.531997e-03
7 1074 2 2.391363e-03
8 1074 2 2.225631e-03
9 1074 2 1.491091e-03
10 1074 2 5.795312e-04
11 1074 2 2.388015e-04
12 1074 2 1.530141e-04
1 1075 2 1.106166e-04
2 1075 2 1.568125e-04
3 1075 2 2.769788e-04
4 1075 2 5.646546e-04
5 1075 2 9.862471e-04
6 1075 2 1.497172e-03
7 1075 2 2.296619e-03
8 1075 2 2.067708e-03
9 1075 2 1.302562e-03
10 1075 2 5.113973e-04
11 1075 2 2.034589e-04
12 1075 2 1.256041e-04
1 1076 2 4.467438e-05
2 1076 2 6.697434e-05
3 1076 2 1.250553e-04
4 1076 2 2.828784e-04
5 1076 2 4.956576e-04
6 1076 2 7.980403e-04
7 1076 2 1.192996e-03
8 1076 2 1.044061e-03
9 1076 2 6.164363e-04
10 1076 2 2.471133e-04
11 1076 2 9.557454e-05
12 1076 2 5.400188e-05
1 1077 2 4.100026e-05
2 1077 2 6.350989e-05
3 1077 2 1.244557e-04
4 1077 2 3.027348e-04
5 1077 2 5.491204e-04
6 1077 2 9.674745e-04
7 1077 2 1.438003e-03
8 1077 2 1.229231e-03
9 1077 2 7.154976e-04
10 1077 2 2.821912e-04
11 1077 2 1.043775e-04
12 1077 2 5.282905e-05
1 1078 2 7.730243e-05
2 1078 2 1.159459e-04
3 1078 2 2.267758e-04
4 1078 2 5.715284e-04
5 1078 2 1.078686e-03
6 1078 2 2.081570e-03
7 1078 2 3.090168e-03
8 1078 2 2.620441e-03
9 1078 2 1.521445e-03
10 1078 2 5.954910e-04
11 1078 2 2.267816e-04
12 1078 2 1.074764e-04
1 1079 2 2.033876e-04
2 1079 2 3.052111e-04
3 1079 2 6.139032e-04
4 1079 2 1.620831e-03
5 1079 2 3.167057e-03
6 1079 2 6.451700e-03
7 1079 2 9.387873e-03
8 1079 2 8.047470e-03
9 1079 2 4.546920e-03
10 1079 2 1.773065e-03
11 1079 2 6.812631e-04
12 1079 2 3.130606e-04
1 1080 2 2.494532e-04
2 1080 2 3.631189e-04
3 1080 2 7.055966e-04
4 1080 2 1.787112e-03
5 1080 2 3.565041e-03
6 1080 2 7.772878e-03
7 1080 2 1.132393e-02
8 1080 2 9.811645e-03
9 1080 2 5.541182e-03
10 1080 2 2.170337e-03
11 1080 2 8.299732e-04
12 1080 2 3.959279e-04
1 1081 2 8.864075e-05
2 1081 2 1.172823e-04
3 1081 2 2.111892e-04
4 1081 2 4.939712e-04
5 1081 2 9.884657e-04
6 1081 2 2.295353e-03
7 1081 2 3.420779e-03
8 1081 2 2.945810e-03
9 1081 2 1.724349e-03
10 1081 2 6.908281e-04
11 1081 2 2.697458e-04
12 1081 2 1.357927e-04
1 1082 2 4.241247e-05
2 1082 2 5.381389e-05
3 1082 2 9.904496e-05
4 1082 2 2.338628e-04
5 1082 2 4.633914e-04
6 1082 2 1.107546e-03
7 1082 2 1.635076e-03
8 1082 2 1.376093e-03
9 1082 2 8.281800e-04
10 1082 2 3.419265e-04
11 1082 2 1.342957e-04
12 1082 2 6.784923e-05
1 1085 2 4.877150e-07
2 1085 2 5.971013e-07
3 1085 2 1.297259e-06
4 1085 2 3.203822e-06
5 1085 2 6.761192e-06
6 1085 2 1.487621e-05
7 1085 2 2.185077e-05
8 1085 2 1.761925e-05
9 1085 2 1.092996e-05
10 1085 2 4.764709e-06
11 1085 2 1.743217e-06
12 1085 2 8.972464e-07
1 1086 2 2.618884e-05
2 1086 2 3.156301e-05
3 1086 2 6.487238e-05
4 1086 2 1.560908e-04
5 1086 2 3.432201e-04
6 1086 2 7.129167e-04
7 1086 2 1.066204e-03
8 1086 2 8.595011e-04
9 1086 2 5.402269e-04
10 1086 2 2.419712e-04
11 1086 2 8.845183e-05
12 1086 2 4.638526e-05
1 1087 2 1.232987e-05
2 1087 2 1.367435e-05
3 1087 2 2.545929e-05
4 1087 2 5.547506e-05
5 1087 2 1.237080e-04
6 1087 2 2.428765e-04
7 1087 2 3.768830e-04
8 1087 2 3.112813e-04
9 1087 2 2.036530e-04
10 1087 2 9.771459e-05
11 1087 2 3.677532e-05
12 1087 2 2.062273e-05
1 1103 2 1.805183e-04
2 1103 2 1.740856e-04
3 1103 2 2.075754e-04
4 1103 2 2.418976e-04
5 1103 2 3.059896e-04
6 1103 2 4.356387e-04
7 1103 2 5.584180e-04
8 1103 2 5.538588e-04
9 1103 2 4.633205e-04
10 1103 2 3.518736e-04
11 1103 2 2.685466e-04
12 1103 2 2.118879e-04
1 1104 2 1.551385e-03
2 1104 2 1.518981e-03
3 1104 2 1.943896e-03
4 1104 2 2.467849e-03
5 1104 2 3.271023e-03
6 1104 2 4.851268e-03
7 1104 2 6.230537e-03
8 1104 2 6.098658e-03
9 1104 2 4.953660e-03
10 1104 2 3.489937e-03
11 1104 2 2.474625e-03
12 1104 2 1.852249e-03
1 1105 2 2.532994e-03
2 1105 2 2.601358e-03
3 1105 2 3.681827e-03
4 1105 2 5.367204e-03
5 1105 2 7.591865e-03
6 1105 2 1.162655e-02
7 1105 2 1.529225e-02
8 1105 2 1.456885e-02
9 1105 2 1.114194e-02
10 1105 2 6.881170e-03
11 1105 2 4.309013e-03
12 1105 2 3.034346e-03
1 1106 2 1.833605e-03
2 1106 2 1.971530e-03
3 1106 2 3.020672e-03
4 1106 2 4.972562e-03
5 1106 2 7.476019e-03
6 1106 2 1.152117e-02
7 1106 2 1.541179e-02
8 1106 2 1.423630e-02
9 1106 2 1.044692e-02
10 1106 2 5.725667e-03
11 1106 2 3.233066e-03
12 1106 2 2.179884e-03
1 1107 2 1.354834e-03
2 1107 2 1.535422e-03
3 1107 2 2.489955e-03
4 1107 2 4.369321e-03
5 1107 2 6.796283e-03
6 1107 2 1.046481e-02
7 1107 2 1.409681e-02
8 1107 2 1.284548e-02
9 1107 2 9.182870e-03
10 1107 2 4.584998e-03
11 1107 2 2.478508e-03
12 1107 2 1.612246e-03
1 1108 2 4.102740e-04
2 1108 2 4.914164e-04
3 1108 2 8.370709e-04
4 1108 2 1.527375e-03
5 1108 2 2.491275e-03
6 1108 2 3.855332e-03
7 1108 2 5.290066e-03
8 1108 2 4.886183e-03
9 1108 2 3.388504e-03
10 1108 2 1.524331e-03
11 1108 2 8.011415e-04
12 1108 2 5.052039e-04
1 1167 2 4.462549e-04
2 1167 2 4.307570e-04
3 1167 2 4.442416e-04
4 1167 2 4.994410e-04
5 1167 2 7.478377e-04
6 1167 2 1.061302e-03
7 1167 2 1.592878e-03
8 1167 2 1.690099e-03
9 1167 2 1.628719e-03
10 1167 2 9.147123e-04
11 1167 2 5.297444e-04
12 1167 2 4.459634e-04
1 1168 2 8.026745e-04
2 1168 2 9.071597e-04
3 1168 2 1.095561e-03
4 1168 2 1.504517e-03
5 1168 2 2.658407e-03
6 1168 2 3.970900e-03
7 1168 2 6.431452e-03
8 1168 2 6.445779e-03
9 1168 2 5.183596e-03
10 1168 2 2.227752e-03
11 1168 2 1.014209e-03
12 1168 2 7.474922e-04
1 1169 2 1.572254e-04
2 1169 2 2.208718e-04
3 1169 2 3.175911e-04
4 1169 2 5.103263e-04
5 1169 2 9.374617e-04
6 1169 2 1.452160e-03
7 1169 2 2.350575e-03
8 1169 2 2.179759e-03
9 1169 2 1.457073e-03
10 1169 2 5.606453e-04
11 1169 2 2.251199e-04
12 1169 2 1.440909e-04
1 1170 2 1.404974e-04
2 1170 2 2.211980e-04
3 1170 2 3.686032e-04
4 1170 2 6.614617e-04
5 1170 2 1.197182e-03
6 1170 2 1.870821e-03
7 1170 2 3.016516e-03
8 1170 2 2.858267e-03
9 1170 2 1.816809e-03
10 1170 2 6.707101e-04
11 1170 2 2.380141e-04
12 1170 2 1.356118e-04
1 1171 2 1.641581e-04
2 1171 2 2.609330e-04
3 1171 2 4.544459e-04
4 1171 2 8.847023e-04
5 1171 2 1.587997e-03
6 1171 2 2.514157e-03
7 1171 2 3.893709e-03
8 1171 2 3.743466e-03
9 1171 2 2.339306e-03
10 1171 2 8.838934e-04
11 1171 2 3.014286e-04
12 1171 2 1.638778e-04
1 1172 2 7.721077e-05
2 1172 2 1.215826e-04
3 1172 2 1.979772e-04
4 1172 2 4.013705e-04
5 1172 2 6.989017e-04
6 1172 2 1.130773e-03
7 1172 2 1.631235e-03
8 1172 2 1.521658e-03
9 1172 2 9.308535e-04
10 1172 2 3.770950e-04
11 1172 2 1.418444e-04
12 1172 2 7.683469e-05
1 1173 2 1.015578e-04
2 1173 2 1.670025e-04
3 1173 2 2.740821e-04
4 1173 2 5.800122e-04
5 1173 2 1.017521e-03
6 1173 2 1.822392e-03
7 1173 2 2.625911e-03
8 1173 2 2.338585e-03
9 1173 2 1.351860e-03
10 1173 2 5.336808e-04
11 1173 2 2.118465e-04
12 1173 2 1.085817e-04
1 1174 2 9.027935e-05
2 1174 2 1.402514e-04
3 1174 2 2.382206e-04
4 1174 2 5.218807e-04
5 1174 2 9.657235e-04
6 1174 2 1.882205e-03
7 1174 2 2.645563e-03
8 1174 2 2.306391e-03
9 1174 2 1.298052e-03
10 1174 2 5.330633e-04
11 1174 2 2.245781e-04
12 1174 2 1.069933e-04
1 1175 2 5.662744e-04
2 1175 2 8.303585e-04
3 1175 2 1.455529e-03
4 1175 2 3.428181e-03
5 1175 2 6.611324e-03
6 1175 2 1.354802e-02
7 1175 2 1.844872e-02
8 1175 2 1.620712e-02
9 1175 2 8.859756e-03
10 1175 2 3.700092e-03
11 1175 2 1.583901e-03
12 1175 2 7.169395e-04
1 1176 2 9.245934e-04
2 1176 2 1.366876e-03
3 1176 2 2.508517e-03
4 1176 2 5.932632e-03
5 1176 2 1.126416e-02
6 1176 2 2.374851e-02
7 1176 2 3.162434e-02
8 1176 2 2.806186e-02
9 1176 2 1.542004e-02
10 1176 2 6.535838e-03
11 1176 2 2.805936e-03
12 1176 2 1.271044e-03
1 1177 2 2.779640e-03
2 1177 2 4.028090e-03
3 1177 2 7.485385e-03
4 1177 2 1.681476e-02
5 1177 2 3.179664e-02
6 1177 2 6.892568e-02
7 1177 2 9.199298e-02
8 1177 2 8.142951e-02
9 1177 2 4.602573e-02
10 1177 2 2.002332e-02
11 1177 2 8.516219e-03
12 1177 2 3.972397e-03
1 1178 2 2.466318e-03
2 1178 2 3.373464e-03
3 1178 2 6.224316e-03
4 1178 2 1.330962e-02
5 1178 2 2.487818e-02
6 1178 2 5.512509e-02
7 1178 2 7.436698e-02
8 1178 2 6.593979e-02
9 1178 2 3.827470e-02
10 1178 2 1.758334e-02
11 1178 2 7.363912e-03
12 1178 2 3.600599e-03
1 1179 2 1.060675e-03
2 1179 2 1.372247e-03
3 1179 2 2.621201e-03
4 1179 2 5.477961e-03
5 1179 2 1.024751e-02
6 1179 2 2.265636e-02
7 1179 2 3.101879e-02
8 1179 2 2.719903e-02
9 1179 2 1.615943e-02
10 1179 2 7.719528e-03
11 1179 2 3.119205e-03
12 1179 2 1.593162e-03
1 1180 2 1.267777e-03
2 1180 2 1.611608e-03
3 1180 2 3.296157e-03
4 1180 2 6.810091e-03
5 1180 2 1.282818e-02
6 1180 2 2.782237e-02
7 1180 2 3.853073e-02
8 1180 2 3.312240e-02
9 1180 2 1.998678e-02
10 1180 2 9.730295e-03
11 1180 2 3.767571e-03
12 1180 2 1.999580e-03
1 1181 2 2.929384e-03
2 1181 2 3.597627e-03
3 1181 2 7.366397e-03
4 1181 2 1.485278e-02
5 1181 2 2.881688e-02
6 1181 2 6.116821e-02
7 1181 2 8.691939e-02
8 1181 2 7.402836e-02
9 1181 2 4.568219e-02
10 1181 2 2.247650e-02
11 1181 2 8.566800e-03
12 1181 2 4.711122e-03
1 1182 2 1.275035e-03
2 1182 2 1.427891e-03
3 1182 2 2.611239e-03
4 1182 2 4.947661e-03
5 1182 2 9.714006e-03
6 1182 2 1.947048e-02
7 1182 2 2.859676e-02
8 1182 2 2.474911e-02
9 1182 2 1.649173e-02
10 1182 2 8.495211e-03
11 1182 2 3.383032e-03
12 1182 2 1.998525e-03
1 1183 2 3.825183e-06
2 1183 2 3.910486e-06
3 1183 2 6.323514e-06
4 1183 2 1.101979e-05
5 1183 2 2.144989e-05
6 1183 2 4.023650e-05
7 1183 2 6.068744e-05
8 1183 2 5.467355e-05
9 1183 2 4.019293e-05
10 1183 2 2.186222e-05
11 1183 2 9.055745e-06
12 1183 2 5.762358e-06
1 1200 2 4.954458e-04
2 1200 2 5.140335e-04
3 1200 2 6.702654e-04
4 1200 2 8.730840e-04
5 1200 2 1.221846e-03
6 1200 2 1.967600e-03
7 1200 2 2.862046e-03
8 1200 2 2.761114e-03
9 1200 2 2.074357e-03
10 1200 2 1.215509e-03
11 1200 2 7.714345e-04
12 1200 2 5.612714e-04
1 1201 2 1.142088e-03
2 1201 2 1.215328e-03
3 1201 2 1.654202e-03
4 1201 2 2.341769e-03
5 1201 2 3.416282e-03
6 1201 2 5.497805e-03
7 1201 2 8.340730e-03
8 1201 2 8.019447e-03
9 1201 2 5.784925e-03
10 1201 2 3.070543e-03
11 1201 2 1.832507e-03
12 1201 2 1.319343e-03
1 1202 2 1.347839e-03
2 1202 2 1.445666e-03
3 1202 2 2.006335e-03
4 1202 2 2.963261e-03
5 1202 2 4.439993e-03
6 1202 2 7.112691e-03
7 1202 2 1.069665e-02
8 1202 2 1.042375e-02
9 1202 2 7.520751e-03
10 1202 2 3.804870e-03
11 1202 2 2.210981e-03
12 1202 2 1.579448e-03
1 1203 2 2.153872e-04
2 1203 2 2.397474e-04
3 1203 2 3.385396e-04
4 1203 2 5.170038e-04
5 1203 2 7.982838e-04
6 1203 2 1.299725e-03
7 1203 2 1.956351e-03
8 1203 2 1.870567e-03
9 1203 2 1.317332e-03
10 1203 2 6.286354e-04
11 1203 2 3.605709e-04
12 1203 2 2.560576e-04
1 1263 2 1.959768e-04
2 1263 2 1.783014e-04
3 1263 2 1.809862e-04
4 1263 2 2.026837e-04
5 1263 2 3.075384e-04
6 1263 2 4.794106e-04
7 1263 2 7.206734e-04
8 1263 2 7.822515e-04
9 1263 2 7.537212e-04
10 1263 2 4.182909e-04
11 1263 2 2.259038e-04
12 1263 2 1.902827e-04
1 1264 2 4.867737e-03
2 1264 2 4.972956e-03
3 1264 2 5.653712e-03
4 1264 2 7.885066e-03
5 1264 2 1.430667e-02
6 1264 2 2.488803e-02
7 1264 2 4.171135e-02
8 1264 2 4.538753e-02
9 1264 2 3.813764e-02
10 1264 2 1.620310e-02
11 1264 2 6.248866e-03
12 1264 2 4.384006e-03
1 1265 2 2.142095e-04
2 1265 2 2.670597e-04
3 1265 2 3.515429e-04
4 1265 2 5.914660e-04
5 1265 2 1.158688e-03
6 1265 2 2.097652e-03
7 1265 2 3.476338e-03
8 1265 2 3.397607e-03
9 1265 2 2.309012e-03
10 1265 2 8.780193e-04
11 1265 2 2.972521e-04
12 1265 2 1.830276e-04
1 1266 2 6.342994e-05
2 1266 2 9.567707e-05
3 1266 2 1.434310e-04
4 1266 2 2.599456e-04
5 1266 2 5.143665e-04
6 1266 2 9.485756e-04
7 1266 2 1.549615e-03
8 1266 2 1.447341e-03
9 1266 2 8.514570e-04
10 1266 2 3.020018e-04
11 1266 2 9.942937e-05
12 1266 2 5.529127e-05
1 1267 2 4.089162e-04
2 1267 2 6.591111e-04
3 1267 2 1.055893e-03
4 1267 2 1.939183e-03
5 1267 2 3.666264e-03
6 1267 2 6.413349e-03
7 1267 2 9.672608e-03
8 1267 2 9.335819e-03
9 1267 2 5.920213e-03
10 1267 2 2.284448e-03
11 1267 2 7.591632e-04
12 1267 2 3.808865e-04
1 1268 2 6.743208e-04
2 1268 2 1.001655e-03
3 1268 2 1.480066e-03
4 1268 2 2.737437e-03
5 1268 2 4.584451e-03
6 1268 2 7.055060e-03
7 1268 2 8.944722e-03
8 1268 2 8.680165e-03
9 1268 2 6.268244e-03
10 1268 2 3.044545e-03
11 1268 2 1.178844e-03
12 1268 2 6.129156e-04
1 1269 2 8.068936e-04
2 1269 2 1.236928e-03
3 1269 2 1.758414e-03
4 1269 2 3.576890e-03
5 1269 2 5.884859e-03
6 1269 2 1.024103e-02
7 1269 2 1.330892e-02
8 1269 2 1.243414e-02
9 1269 2 7.598243e-03
10 1269 2 3.362561e-03
11 1269 2 1.393012e-03
12 1269 2 7.389532e-04
1 1270 2 2.666727e-04
2 1270 2 4.127060e-04
3 1270 2 6.127070e-04
4 1270 2 1.298411e-03
5 1270 2 2.246839e-03
6 1270 2 4.251897e-03
7 1270 2 5.644254e-03
8 1270 2 5.099995e-03
9 1270 2 2.813534e-03
10 1270 2 1.237650e-03
11 1270 2 5.499893e-04
12 1270 2 2.768352e-04
1 1271 2 1.231476e-03
2 1271 2 1.815930e-03
3 1271 2 2.766255e-03
4 1271 2 5.969890e-03
5 1271 2 1.060785e-02
6 1271 2 2.031626e-02
7 1271 2 2.660433e-02
8 1271 2 2.393410e-02
9 1271 2 1.337632e-02
10 1271 2 6.047143e-03
11 1271 2 2.837389e-03
12 1271 2 1.363527e-03
1 1272 2 1.453522e-03
2 1272 2 2.092724e-03
3 1272 2 3.296793e-03
4 1272 2 7.049845e-03
5 1272 2 1.225776e-02
6 1272 2 2.365178e-02
7 1272 2 3.044860e-02
8 1272 2 2.793423e-02
9 1272 2 1.577050e-02
10 1272 2 7.426245e-03
11 1272 2 3.566233e-03
12 1272 2 1.711772e-03
1 1273 2 2.142559e-03
2 1273 2 3.038534e-03
3 1273 2 5.058264e-03
4 1273 2 1.051104e-02
5 1273 2 1.834346e-02
6 1273 2 3.554127e-02
7 1273 2 4.500097e-02
8 1273 2 4.123023e-02
9 1273 2 2.358778e-02
10 1273 2 1.157669e-02
11 1273 2 5.579405e-03
12 1273 2 2.704810e-03
1 1274 2 3.107122e-03
2 1274 2 4.316725e-03
3 1274 2 7.483149e-03
4 1274 2 1.516196e-02
5 1274 2 2.616293e-02
6 1274 2 5.057398e-02
7 1274 2 6.393404e-02
8 1274 2 5.886113e-02
9 1274 2 3.452935e-02
10 1274 2 1.751898e-02
11 1274 2 8.267225e-03
12 1274 2 4.157545e-03
1 1275 2 2.791531e-03
2 1275 2 3.754708e-03
3 1275 2 6.743668e-03
4 1275 2 1.327619e-02
5 1275 2 2.311769e-02
6 1275 2 4.460008e-02
7 1275 2 5.706402e-02
8 1275 2 5.205399e-02
9 1275 2 3.097403e-02
10 1275 2 1.607994e-02
11 1275 2 7.214532e-03
12 1275 2 3.827678e-03
1 1276 2 6.533638e-03
2 1276 2 8.227314e-03
3 1276 2 1.480574e-02
4 1276 2 2.716526e-02
5 1276 2 4.702878e-02
6 1276 2 9.103993e-02
7 1276 2 1.199651e-01
8 1276 2 1.097473e-01
9 1276 2 6.776897e-02
10 1276 2 3.682501e-02
11 1276 2 1.632137e-02
12 1276 2 9.239536e-03
1 1277 2 9.494641e-03
2 1277 2 1.081502e-02
3 1277 2 1.799298e-02
4 1277 2 2.967374e-02
5 1277 2 5.030499e-02
6 1277 2 9.549161e-02
7 1277 2 1.286423e-01
8 1277 2 1.191423e-01
9 1277 2 8.114996e-02
10 1277 2 4.740329e-02
11 1277 2 2.173673e-02
12 1277 2 1.345708e-02
1 1278 2 1.357320e-04
2 1278 2 1.398436e-04
3 1278 2 2.078493e-04
4 1278 2 3.216500e-04
5 1278 2 5.463865e-04
6 1278 2 9.986004e-04
7 1278 2 1.364326e-03
8 1278 2 1.276320e-03
9 1278 2 9.486665e-04
10 1278 2 5.829180e-04
11 1278 2 2.778488e-04
12 1278 2 1.879445e-04
1 1299 2 2.142065e-05
2 1299 2 2.271882e-05
3 1299 2 2.816986e-05
4 1299 2 4.018886e-05
5 1299 2 6.534811e-05
6 1299 2 1.068312e-04
7 1299 2 1.594978e-04
8 1299 2 1.561439e-04
9 1299 2 1.173175e-04
10 1299 2 6.049526e-05
11 1299 2 3.448153e-05
12 1299 2 2.533424e-05
1 1360 2 4.435787e-03
2 1360 2 4.122378e-03
3 1360 2 4.260698e-03
4 1360 2 5.396650e-03
5 1360 2 8.897852e-03
6 1360 2 1.502435e-02
7 1360 2 2.256733e-02
8 1360 2 2.562112e-02
9 1360 2 2.402216e-02
10 1360 2 1.260682e-02
11 1360 2 5.658218e-03
12 1360 2 4.232339e-03
1 1361 2 6.619197e-03
2 1361 2 7.593752e-03
3 1361 2 9.149446e-03
4 1361 2 1.473479e-02
5 1361 2 2.789371e-02
6 1361 2 4.957998e-02
7 1361 2 7.721215e-02
8 1361 2 8.147084e-02
9 1361 2 6.445124e-02
10 1361 2 2.837483e-02
11 1361 2 9.888028e-03
12 1361 2 6.155426e-03
1 1362 2 4.819430e-04
2 1362 2 6.420070e-04
3 1362 2 8.575747e-04
4 1362 2 1.559846e-03
5 1362 2 3.162613e-03
6 1362 2 5.718154e-03
7 1362 2 8.682437e-03
8 1362 2 8.242830e-03
9 1362 2 5.624321e-03
10 1362 2 2.324937e-03
11 1362 2 7.708863e-04
12 1362 2 4.381162e-04
1 1363 2 3.258754e-04
2 1363 2 4.484487e-04
3 1363 2 6.017350e-04
4 1363 2 1.109813e-03
5 1363 2 2.174501e-03
6 1363 2 3.799792e-03
7 1363 2 5.423838e-03
8 1363 2 4.907879e-03
9 1363 2 3.404651e-03
10 1363 2 1.509130e-03
11 1363 2 5.510939e-04
12 1363 2 3.065737e-04
1 1364 2 5.185996e-04
2 1364 2 7.334962e-04
3 1364 2 1.006752e-03
4 1364 2 1.871669e-03
5 1364 2 3.353801e-03
6 1364 2 5.361246e-03
7 1364 2 6.745163e-03
8 1364 2 6.054555e-03
9 1364 2 4.203682e-03
10 1364 2 2.130393e-03
11 1364 2 8.686282e-04
12 1364 2 4.804392e-04
1 1365 2 2.519289e-04
2 1365 2 3.825373e-04
3 1365 2 5.481699e-04
4 1365 2 1.085796e-03
5 1365 2 1.861595e-03
6 1365 2 3.132726e-03
7 1365 2 3.740023e-03
8 1365 2 3.350416e-03
9 1365 2 2.030461e-03
10 1365 2 9.557685e-04
11 1365 2 4.146105e-04
12 1365 2 2.253484e-04
1 1366 2 6.928191e-04
2 1366 2 1.038788e-03
3 1366 2 1.448041e-03
4 1366 2 2.850325e-03
5 1366 2 4.819917e-03
6 1366 2 8.142241e-03
7 1366 2 1.028813e-02
8 1366 2 9.563155e-03
9 1366 2 5.494892e-03
10 1366 2 2.574927e-03
11 1366 2 1.237689e-03
12 1366 2 6.609153e-04
1 1367 2 1.663921e-03
2 1367 2 2.341469e-03
3 1367 2 3.178415e-03
4 1367 2 6.105978e-03
5 1367 2 1.019903e-02
6 1367 2 1.696084e-02
7 1367 2 2.205932e-02
8 1367 2 2.116514e-02
9 1367 2 1.270072e-02
10 1367 2 6.202381e-03
11 1367 2 3.221164e-03
12 1367 2 1.693339e-03
1 1368 2 1.496082e-03
2 1368 2 2.016362e-03
3 1368 2 2.846784e-03
4 1368 2 5.412066e-03
5 1368 2 8.826770e-03
6 1368 2 1.468075e-02
7 1368 2 1.868766e-02
8 1368 2 1.792964e-02
9 1368 2 1.114667e-02
10 1368 2 5.778966e-03
11 1368 2 3.132345e-03
12 1368 2 1.660712e-03
1 1369 2 2.244889e-03
2 1369 2 2.987716e-03
3 1369 2 4.373392e-03
4 1369 2 8.295720e-03
5 1369 2 1.331958e-02
6 1369 2 2.241175e-02
7 1369 2 2.802444e-02
8 1369 2 2.668282e-02
9 1369 2 1.684647e-02
10 1369 2 9.103653e-03
11 1369 2 5.056556e-03
12 1369 2 2.705569e-03
1 1370 2 3.131947e-03
2 1370 2 4.070324e-03
3 1370 2 6.188430e-03
4 1370 2 1.163425e-02
5 1370 2 1.831772e-02
6 1370 2 3.128647e-02
7 1370 2 3.878387e-02
8 1370 2 3.672162e-02
9 1370 2 2.312866e-02
10 1370 2 1.282327e-02
11 1370 2 7.094618e-03
12 1370 2 3.888392e-03
1 1371 2 3.956225e-03
2 1371 2 4.970219e-03
3 1371 2 7.694978e-03
4 1371 2 1.373341e-02
5 1371 2 2.164056e-02
6 1371 2 3.722133e-02
7 1371 2 4.637126e-02
8 1371 2 4.365028e-02
9 1371 2 2.783119e-02
10 1371 2 1.610679e-02
11 1371 2 8.701943e-03
12 1371 2 4.965919e-03
1 1372 2 2.695442e-03
2 1372 2 3.182859e-03
3 1372 2 4.751213e-03
4 1372 2 7.674505e-03
5 1372 2 1.177731e-02
6 1372 2 1.979665e-02
7 1372 2 2.452325e-02
8 1372 2 2.345908e-02
9 1372 2 1.616664e-02
10 1372 2 1.016599e-02
11 1372 2 5.549693e-03
12 1372 2 3.435655e-03
1 1457 2 6.764611e-03
2 1457 2 6.802024e-03
3 1457 2 7.053112e-03
4 1457 2 9.708131e-03
5 1457 2 1.578447e-02
6 1457 2 2.579384e-02
7 1457 2 3.916338e-02
8 1457 2 4.182619e-02
9 1457 2 3.807016e-02
10 1457 2 2.214305e-02
11 1457 2 9.935292e-03
12 1457 2 6.945370e-03
1 1458 2 6.419572e-04
2 1458 2 7.546245e-04
3 1458 2 8.516273e-04
4 1458 2 1.370757e-03
5 1458 2 2.481151e-03
6 1458 2 4.068138e-03
7 1458 2 5.856563e-03
8 1458 2 5.580084e-03
9 1458 2 4.607295e-03
10 1458 2 2.507688e-03
11 1458 2 1.006132e-03
12 1458 2 6.298978e-04
1 1459 2 1.253500e-03
2 1459 2 1.621980e-03
3 1459 2 2.015298e-03
4 1459 2 3.616462e-03
5 1459 2 6.832541e-03
6 1459 2 1.119454e-02
7 1459 2 1.317229e-02
8 1459 2 1.095152e-02
9 1459 2 8.752862e-03
10 1459 2 4.849053e-03
11 1459 2 2.043118e-03
12 1459 2 1.216375e-03
1 1460 2 4.588085e-04
2 1460 2 6.344448e-04
3 1460 2 8.724366e-04
4 1460 2 1.664390e-03
5 1460 2 3.105588e-03
6 1460 2 5.106757e-03
7 1460 2 5.527142e-03
8 1460 2 4.520275e-03
9 1460 2 3.059220e-03
10 1460 2 1.643053e-03
11 1460 2 7.709080e-04
12 1460 2 4.412588e-04
1 1461 2 3.943854e-04
2 1461 2 5.681936e-04
3 1461 2 8.384576e-04
4 1461 2 1.607012e-03
5 1461 2 2.669907e-03
6 1461 2 4.179092e-03
7 1461 2 4.689388e-03
8 1461 2 4.032927e-03
9 1461 2 2.486467e-03
10 1461 2 1.285263e-03
11 1461 2 6.555595e-04
12 1461 2 3.681946e-04
1 1462 2 1.448604e-03
2 1462 2 2.011257e-03
3 1462 2 2.792086e-03
4 1462 2 4.964488e-03
5 1462 2 7.760947e-03
6 1462 2 1.152020e-02
7 1462 2 1.397558e-02
8 1462 2 1.335099e-02
9 1462 2 8.586894e-03
10 1462 2 4.422784e-03
11 1462 2 2.448678e-03
12 1462 2 1.404088e-03
1 1463 2 4.562032e-03
2 1463 2 5.912694e-03
3 1463 2 7.631336e-03
4 1463 2 1.296618e-02
5 1463 2 2.001276e-02
6 1463 2 2.903516e-02
7 1463 2 3.645067e-02
8 1463 2 3.735885e-02
9 1463 2 2.541536e-02
10 1463 2 1.386828e-02
11 1463 2 8.183962e-03
12 1463 2 4.770151e-03
1 1464 2 2.863983e-03
2 1464 2 3.557487e-03
3 1464 2 4.574373e-03
4 1464 2 7.587795e-03
5 1464 2 1.151919e-02
6 1464 2 1.671120e-02
7 1464 2 2.081356e-02
8 1464 2 2.141103e-02
9 1464 2 1.523596e-02
10 1464 2 8.768541e-03
11 1464 2 5.387916e-03
12 1464 2 3.211846e-03
1 1465 2 3.169635e-03
2 1465 2 3.890613e-03
3 1465 2 5.072688e-03
4 1465 2 8.258319e-03
5 1465 2 1.239966e-02
6 1465 2 1.838796e-02
7 1465 2 2.285593e-02
8 1465 2 2.313828e-02
9 1465 2 1.655875e-02
10 1465 2 9.855427e-03
11 1465 2 6.202566e-03
12 1465 2 3.756079e-03
1 1466 2 4.201532e-03
2 1466 2 5.113104e-03
3 1466 2 6.823320e-03
4 1466 2 1.084662e-02
5 1466 2 1.606535e-02
6 1466 2 2.382813e-02
7 1466 2 2.890438e-02
8 1466 2 2.849840e-02
9 1466 2 2.061355e-02
10 1466 2 1.271721e-02
11 1466 2 8.127058e-03
12 1466 2 5.099269e-03
1 1467 2 2.782338e-03
2 1467 2 3.233325e-03
3 1467 2 4.222448e-03
4 1467 2 6.256660e-03
5 1467 2 8.954429e-03
6 1467 2 1.320693e-02
7 1467 2 1.593824e-02
8 1467 2 1.582638e-02
9 1467 2 1.200083e-02
10 1467 2 7.946603e-03
11 1467 2 5.113259e-03
12 1467 2 3.363190e-03
1 1468 2 7.014828e-05
2 1468 2 7.520380e-05
3 1468 2 9.100997e-05
4 1468 2 1.234519e-04
5 1468 2 1.720100e-04
6 1468 2 2.513741e-04
7 1468 2 3.054521e-04
8 1468 2 3.108077e-04
9 1468 2 2.561169e-04
10 1468 2 1.825931e-04
11 1468 2 1.182980e-04
12 1468 2 8.307828e-05
1 1557 2 2.786042e-06
2 1557 2 3.728213e-06
3 1557 2 5.494489e-06
4 1557 2 9.472343e-06
5 1557 2 1.449639e-05
6 1557 2 1.917294e-05
7 1557 2 2.054922e-05
8 1557 2 1.829064e-05
9 1557 2 1.236978e-05
10 1557 2 7.115382e-06
11 1557 2 4.498458e-06
12 1557 2 2.736136e-06
1 1558 2 2.159831e-03
2 1558 2 2.764138e-03
3 1558 2 3.805020e-03
4 1558 2 5.960621e-03
5 1558 2 8.416430e-03
6 1558 2 1.107975e-02
7 1558 2 1.233075e-02
8 1558 2 1.242405e-02
9 1558 2 9.316866e-03
10 1558 2 5.352328e-03
11 1558 2 3.440596e-03
12 1558 2 2.153241e-03
1 1559 2 4.470676e-03
2 1559 2 5.242105e-03
3 1559 2 6.670978e-03
4 1559 2 9.599801e-03
5 1559 2 1.296970e-02
6 1559 2 1.676089e-02
7 1559 2 1.889798e-02
8 1559 2 1.964812e-02
9 1559 2 1.634666e-02
10 1559 2 1.032532e-02
11 1559 2 7.122823e-03
12 1559 2 4.874975e-03
1 1560 2 1.059643e-03
2 1560 2 1.193530e-03
3 1560 2 1.465665e-03
4 1560 2 2.019355e-03
5 1560 2 2.695685e-03
6 1560 2 3.494053e-03
7 1560 2 3.984144e-03
8 1560 2 4.194200e-03
9 1560 2 3.658247e-03
10 1560 2 2.437640e-03
11 1560 2 1.732443e-03
12 1560 2 1.212314e-03
1 1561 2 1.018187e-04
2 1561 2 1.128906e-04
3 1561 2 1.380388e-04
4 1561 2 1.858701e-04
5 1561 2 2.471486e-04
6 1561 2 3.216130e-04
7 1561 2 3.738331e-04
8 1561 2 3.935078e-04
9 1561 2 3.433096e-04
10 1561 2 2.361290e-04
11 1561 2 1.679631e-04
12 1561 2 1.185267e-04
1 1562 2 2.037511e-03
2 1562 2 2.243169e-03
3 1562 2 2.720939e-03
4 1562 2 3.601936e-03
5 1562 2 4.845109e-03
6 1562 2 6.385557e-03
7 1562 2 7.434523e-03
8 1562 2 7.785699e-03
9 1562 2 6.827945e-03
10 1562 2 4.850202e-03
11 1562 2 3.408235e-03
12 1562 2 2.420869e-03
1 1563 2 8.977750e-03
2 1563 2 9.518628e-03
3 1563 2 1.112167e-02
4 1563 2 1.395310e-02
5 1563 2 1.838492e-02
6 1563 2 2.419273e-02
7 1563 2 2.821981e-02
8 1563 2 2.953965e-02
9 1563 2 2.662677e-02
10 1563 2 2.039111e-02
11 1563 2 1.440397e-02
12 1563 2 1.062508e-02
1 1638 2 2.424772e-05
2 1638 2 2.188770e-05
3 1638 2 1.975378e-05
4 1638 2 2.151142e-05
5 1638 2 2.565183e-05
6 1638 2 3.039609e-05
7 1638 2 3.500096e-05
8 1638 2 3.747020e-05
9 1638 2 3.726521e-05
10 1638 2 3.465601e-05
11 1638 2 3.029642e-05
12 1638 2 2.729075e-05
1 1654 2 2.283853e-04
2 1654 2 2.700906e-04
3 1654 2 3.566972e-04
4 1654 2 4.859111e-04
5 1654 2 6.086734e-04
6 1654 2 7.060156e-04
7 1654 2 7.433646e-04
8 1654 2 7.672199e-04
9 1654 2 6.387693e-04
10 1654 2 4.247006e-04
11 1654 2 3.154838e-04
12 1654 2 2.377622e-04
1 1655 2 1.268581e-04
2 1655 2 1.400019e-04
3 1655 2 1.745964e-04
4 1655 2 2.233183e-04
5 1655 2 2.745073e-04
6 1655 2 3.239631e-04
7 1655 2 3.406140e-04
8 1655 2 3.573901e-04
9 1655 2 3.310216e-04
10 1655 2 2.352222e-04
11 1655 2 1.788629e-04
12 1655 2 1.415279e-04
1 1658 2 2.800055e-05
2 1658 2 2.909993e-05
3 1658 2 3.329764e-05
4 1658 2 3.909914e-05
5 1658 2 4.790083e-05
6 1658 2 5.773870e-05
7 1658 2 6.365308e-05
8 1658 2 6.722455e-05
9 1658 2 6.568530e-05
10 1658 2 5.414388e-05
11 1658 2 4.161477e-05
12 1658 2 3.243880e-05
1 1659 2 4.794692e-03
2 1659 2 4.873996e-03
3 1659 2 5.385175e-03
4 1659 2 6.182404e-03
5 1659 2 7.564068e-03
6 1659 2 9.110555e-03
7 1659 2 1.018548e-02
8 1659 2 1.083603e-02
9 1659 2 1.065406e-02
10 1659 2 9.277618e-03
11 1659 2 7.028749e-03
12 1659 2 5.543888e-03
1 1734 2 1.362075e-03
2 1734 2 1.260063e-03
3 1734 2 1.195563e-03
4 1734 2 1.302322e-03
5 1734 2 1.464588e-03
6 1734 2 1.659573e-03
7 1734 2 1.894176e-03
8 1734 2 2.009478e-03
9 1734 2 2.019751e-03
10 1734 2 1.914825e-03
11 1734 2 1.708996e-03
12 1734 2 1.514605e-03
1 1735 2 1.228420e-03
2 1735 2 1.134011e-03
3 1735 2 1.080509e-03
4 1735 2 1.145778e-03
5 1735 2 1.280930e-03
6 1735 2 1.445757e-03
7 1735 2 1.667341e-03
8 1735 2 1.760400e-03
9 1735 2 1.751159e-03
10 1735 2 1.685360e-03
11 1735 2 1.505621e-03
12 1735 2 1.354948e-03
