1 391 2 1.140966e-06
2 391 2 1.018747e-06
3 391 2 1.490778e-06
4 391 2 3.901476e-06
5 391 2 1.632754e-05
6 391 2 3.616781e-05
7 391 2 3.958042e-05
8 391 2 2.743628e-05
9 391 2 1.159252e-05
10 391 2 4.456605e-06
11 391 2 2.313650e-06
12 391 2 1.190351e-06
1 484 2 3.208013e-07
2 484 2 2.912653e-07
3 484 2 4.697137e-07
4 484 2 1.069519e-06
5 484 2 4.139237e-06
6 484 2 8.593164e-06
7 484 2 9.388060e-06
8 484 2 6.619506e-06
9 484 2 3.300968e-06
10 484 2 1.307612e-06
11 484 2 5.193835e-07
12 484 2 2.696972e-07
1 485 2 2.096489e-07
2 485 2 1.806159e-07
3 485 2 3.074767e-07
4 485 2 7.628029e-07
5 485 2 3.054881e-06
6 485 2 6.762504e-06
7 485 2 7.229703e-06
8 485 2 4.894404e-06
9 485 2 2.267607e-06
10 485 2 8.198181e-07
11 485 2 3.534162e-07
12 485 2 1.840246e-07
1 486 2 2.538608e-07
2 486 2 2.120572e-07
3 486 2 3.766353e-07
4 486 2 1.026596e-06
5 486 2 4.262533e-06
6 486 2 1.021827e-05
7 486 2 1.084911e-05
8 486 2 7.060168e-06
9 486 2 2.988349e-06
10 486 2 9.649208e-07
11 486 2 4.426865e-07
12 486 2 2.339426e-07
1 487 2 3.291375e-07
2 487 2 2.718210e-07
3 487 2 5.012756e-07
4 487 2 1.495911e-06
5 487 2 6.288573e-06
6 487 2 1.607999e-05
7 487 2 1.717427e-05
8 487 2 1.099042e-05
9 487 2 4.328558e-06
10 487 2 1.291358e-06
11 487 2 6.005229e-07
12 487 2 3.199125e-07
1 488 2 1.680778e-07
2 488 2 1.390019e-07
3 488 2 2.654308e-07
4 488 2 8.548186e-07
5 488 2 3.585533e-06
6 488 2 9.544742e-06
7 488 2 1.040902e-05
8 488 2 6.686770e-06
9 488 2 2.499883e-06
10 488 2 7.186195e-07
11 488 2 3.318599e-07
12 488 2 1.741545e-07
1 489 2 3.852059e-08
2 489 2 3.209585e-08
3 489 2 6.191150e-08
4 489 2 2.082941e-07
5 489 2 8.787992e-07
6 489 2 2.395731e-06
7 489 2 2.704268e-06
8 489 2 1.761283e-06
9 489 2 6.300561e-07
10 489 2 1.777914e-07
11 489 2 8.374148e-08
12 489 2 4.280131e-08
1 490 2 8.144157e-08
2 490 2 6.857124e-08
3 490 2 1.282751e-07
4 490 2 4.321254e-07
5 490 2 1.849184e-06
6 490 2 5.120003e-06
7 490 2 5.997507e-06
8 490 2 3.986471e-06
9 490 2 1.382166e-06
10 490 2 3.863089e-07
11 490 2 1.911982e-07
12 490 2 9.651744e-08
1 579 2 2.211019e-07
2 579 2 1.981273e-07
3 579 2 3.063533e-07
4 579 2 6.219173e-07
5 579 2 2.083924e-06
6 579 2 4.122028e-06
7 579 2 5.192807e-06
8 579 2 3.803138e-06
9 579 2 2.031234e-06
10 579 2 8.312947e-07
11 579 2 3.249228e-07
12 579 2 1.632254e-07
1 580 2 2.839913e-06
2 580 2 2.406520e-06
3 580 2 3.939910e-06
4 580 2 8.551143e-06
5 580 2 2.846214e-05
6 580 2 5.694394e-05
7 580 2 6.657039e-05
8 580 2 4.852199e-05
9 580 2 2.628759e-05
10 580 2 1.030811e-05
11 580 2 4.159788e-06
12 580 2 2.195853e-06
1 581 2 2.857167e-06
2 581 2 2.316215e-06
3 581 2 4.010345e-06
4 581 2 9.630714e-06
5 581 2 3.238042e-05
6 581 2 6.770408e-05
7 581 2 7.315605e-05
8 581 2 5.213067e-05
9 581 2 2.753805e-05
10 581 2 9.618273e-06
11 581 2 4.162455e-06
12 581 2 2.349130e-06
1 582 2 1.152495e-06
2 582 2 8.955730e-07
3 582 2 1.653490e-06
4 582 2 4.396423e-06
5 582 2 1.498149e-05
6 582 2 3.299951e-05
7 582 2 3.384576e-05
8 582 2 2.366953e-05
9 582 2 1.208972e-05
10 582 2 3.726261e-06
11 582 2 1.685212e-06
12 582 2 1.002311e-06
1 583 2 6.532658e-07
2 583 2 4.950393e-07
3 583 2 1.001557e-06
4 583 2 2.897592e-06
5 583 2 1.000283e-05
6 583 2 2.299067e-05
7 583 2 2.332107e-05
8 583 2 1.627068e-05
9 583 2 8.124659e-06
10 583 2 2.299669e-06
11 583 2 1.016302e-06
12 583 2 6.089007e-07
1 584 2 2.445098e-07
2 584 2 1.869048e-07
3 584 2 4.163750e-07
4 584 2 1.300150e-06
5 584 2 4.631044e-06
6 584 2 1.090123e-05
7 584 2 1.121239e-05
8 584 2 7.847298e-06
9 584 2 3.830804e-06
10 584 2 1.022817e-06
11 584 2 4.334912e-07
12 584 2 2.518713e-07
1 585 2 2.015066e-05
2 585 2 1.587557e-05
3 585 2 3.751671e-05
4 585 2 1.254836e-04
5 585 2 4.757731e-04
6 585 2 1.137185e-03
7 585 2 1.196835e-03
8 585 2 8.325115e-04
9 585 2 3.906503e-04
10 585 2 9.719249e-05
11 585 2 4.107222e-05
12 585 2 2.307828e-05
1 586 2 9.113936e-07
2 586 2 7.381308e-07
3 586 2 1.757790e-06
4 586 2 6.062212e-06
5 586 2 2.447351e-05
6 586 2 6.018116e-05
7 586 2 6.534838e-05
8 586 2 4.498388e-05
9 586 2 2.019180e-05
10 586 2 4.684339e-06
11 586 2 2.042802e-06
12 586 2 1.133756e-06
1 587 2 1.028964e-07
2 587 2 8.477941e-08
3 587 2 1.972628e-07
4 587 2 6.695383e-07
5 587 2 2.739741e-06
6 587 2 6.996511e-06
7 587 2 7.838089e-06
8 587 2 5.392269e-06
9 587 2 2.382241e-06
10 587 2 5.458166e-07
11 587 2 2.447005e-07
12 587 2 1.367290e-07
1 675 2 7.815703e-07
2 675 2 6.498242e-07
3 675 2 9.637651e-07
4 675 2 1.760089e-06
5 675 2 4.441864e-06
6 675 2 7.702574e-06
7 675 2 1.052478e-05
8 675 2 8.562450e-06
9 675 2 4.938046e-06
10 675 2 2.451092e-06
11 675 2 1.226151e-06
12 675 2 6.377362e-07
1 676 2 2.595729e-06
2 676 2 2.059321e-06
3 676 2 3.224055e-06
4 676 2 6.187431e-06
5 676 2 1.598967e-05
6 676 2 2.758119e-05
7 676 2 3.528493e-05
8 676 2 2.828405e-05
9 676 2 1.671253e-05
10 676 2 7.753912e-06
11 676 2 3.825519e-06
12 676 2 2.110422e-06
1 677 2 1.070149e-05
2 677 2 8.001698e-06
3 677 2 1.338340e-05
4 677 2 2.761264e-05
5 677 2 7.334461e-05
6 677 2 1.273183e-04
7 677 2 1.517092e-04
8 677 2 1.193727e-04
9 677 2 7.083873e-05
10 677 2 2.974047e-05
11 677 2 1.453234e-05
12 677 2 8.476650e-06
1 678 2 3.738123e-06
2 678 2 2.622537e-06
3 678 2 4.897174e-06
4 678 2 1.107471e-05
5 678 2 2.971276e-05
6 678 2 5.312884e-05
7 678 2 6.137668e-05
8 678 2 4.736027e-05
9 678 2 2.774472e-05
10 678 2 1.048600e-05
11 678 2 4.981406e-06
12 678 2 2.991721e-06
1 679 2 7.203505e-07
2 679 2 5.012819e-07
3 679 2 1.041321e-06
4 679 2 2.489896e-06
5 679 2 6.423493e-06
6 679 2 1.219150e-05
7 679 2 1.441700e-05
8 679 2 1.102073e-05
9 679 2 6.393651e-06
10 679 2 2.275942e-06
11 679 2 1.050868e-06
12 679 2 6.484539e-07
1 680 2 1.906212e-05
2 680 2 1.429398e-05
3 680 2 3.060975e-05
4 680 2 7.357907e-05
5 680 2 1.747310e-04
6 680 2 3.468656e-04
7 680 2 4.248605e-04
8 680 2 3.284056e-04
9 680 2 1.926245e-04
10 680 2 6.894662e-05
11 680 2 3.205810e-05
12 680 2 2.092901e-05
1 681 2 1.593794e-04
2 681 2 1.323676e-04
3 681 2 2.757934e-04
4 681 2 6.706473e-04
5 681 2 1.506118e-03
6 681 2 2.960435e-03
7 681 2 3.646885e-03
8 681 2 2.874830e-03
9 681 2 1.726145e-03
10 681 2 6.368647e-04
11 681 2 3.001207e-04
12 681 2 2.057352e-04
1 682 2 4.724684e-06
2 682 2 4.234577e-06
3 682 2 8.604047e-06
4 682 2 2.160558e-05
5 682 2 4.936929e-05
6 682 2 9.509312e-05
7 682 2 1.152231e-04
8 682 2 9.133372e-05
9 682 2 5.560978e-05
10 682 2 2.087352e-05
11 682 2 9.647228e-06
12 682 2 6.540439e-06
1 683 2 4.096810e-07
2 683 2 3.887900e-07
3 683 2 7.853795e-07
4 683 2 1.998931e-06
5 683 2 4.798853e-06
6 683 2 9.487221e-06
7 683 2 1.126068e-05
8 683 2 8.784144e-06
9 683 2 5.340324e-06
10 683 2 2.029837e-06
11 683 2 9.016594e-07
12 683 2 5.801471e-07
1 771 2 1.536241e-06
2 771 2 1.191299e-06
3 771 2 1.651685e-06
4 771 2 2.437860e-06
5 771 2 4.687430e-06
6 771 2 7.812513e-06
7 771 2 1.153454e-05
8 771 2 1.014928e-05
9 771 2 6.228760e-06
10 771 2 3.842992e-06
11 771 2 2.403463e-06
12 771 2 1.403346e-06
1 773 2 2.583355e-06
2 773 2 1.852520e-06
3 773 2 2.891423e-06
4 773 2 4.448878e-06
5 773 2 8.608873e-06
6 773 2 1.384228e-05
7 773 2 1.910432e-05
8 773 2 1.666075e-05
9 773 2 1.076514e-05
10 773 2 6.119448e-06
11 773 2 3.618980e-06
12 773 2 2.237242e-06
1 774 2 7.269550e-06
2 774 2 5.107036e-06
3 774 2 8.404293e-06
4 774 2 1.353121e-05
5 774 2 2.633255e-05
6 774 2 4.223619e-05
7 774 2 5.696993e-05
8 774 2 4.931397e-05
9 774 2 3.210532e-05
10 774 2 1.700833e-05
11 774 2 9.697475e-06
12 774 2 6.260819e-06
1 775 2 7.309462e-06
2 775 2 5.314113e-06
3 775 2 8.477984e-06
4 775 2 1.344447e-05
5 775 2 2.536740e-05
6 775 2 4.109007e-05
7 775 2 5.578698e-05
8 775 2 4.818149e-05
9 775 2 3.183031e-05
10 775 2 1.639146e-05
11 775 2 9.527248e-06
12 775 2 6.627510e-06
1 776 2 3.937064e-05
2 776 2 3.075266e-05
3 776 2 4.447565e-05
4 776 2 6.535626e-05
5 776 2 1.139351e-04
6 776 2 1.850328e-04
7 776 2 2.567928e-04
8 776 2 2.275243e-04
9 776 2 1.558900e-04
10 776 2 8.350560e-05
11 776 2 5.213599e-05
12 776 2 3.932143e-05
1 779 2 8.712904e-07
2 779 2 8.090735e-07
3 779 2 1.048598e-06
4 779 2 1.611984e-06
5 779 2 2.713403e-06
6 779 2 4.160309e-06
7 779 2 5.329946e-06
8 779 2 4.997403e-06
9 779 2 3.728647e-06
10 779 2 2.188136e-06
11 779 2 1.384915e-06
12 779 2 1.030130e-06
1 780 2 1.579825e-05
2 780 2 1.612073e-05
3 780 2 2.237677e-05
4 780 2 3.867543e-05
5 780 2 7.108205e-05
6 780 2 1.138938e-04
7 780 2 1.393222e-04
8 780 2 1.266795e-04
9 780 2 9.175877e-05
10 780 2 4.996586e-05
11 780 2 2.827212e-05
12 780 2 1.991843e-05
1 781 2 2.881929e-05
2 781 2 3.172238e-05
3 781 2 4.855301e-05
4 781 2 9.391469e-05
5 781 2 1.967392e-04
6 781 2 3.255366e-04
7 781 2 3.801037e-04
8 781 2 3.294167e-04
9 781 2 2.276848e-04
10 781 2 1.143934e-04
11 781 2 5.650113e-05
12 781 2 3.805714e-05
1 866 2 1.493940e-07
2 866 2 1.247065e-07
3 866 2 1.505439e-07
4 866 2 1.834664e-07
5 866 2 2.851514e-07
6 866 2 4.770441e-07
7 866 2 7.519561e-07
8 866 2 6.856697e-07
9 866 2 4.414995e-07
10 866 2 2.962371e-07
11 866 2 2.027824e-07
12 866 2 1.423597e-07
1 867 2 1.408141e-07
2 867 2 1.146458e-07
3 867 2 1.424451e-07
4 867 2 1.721368e-07
5 867 2 2.695418e-07
6 867 2 4.366100e-07
7 867 2 6.771330e-07
8 867 2 6.151111e-07
9 867 2 3.984951e-07
10 867 2 2.712813e-07
11 867 2 1.910223e-07
12 867 2 1.341769e-07
1 868 2 9.022827e-06
2 868 2 7.165673e-06
3 868 2 9.170194e-06
4 868 2 1.092900e-05
5 868 2 1.712686e-05
6 868 2 2.709874e-05
7 868 2 4.115771e-05
8 868 2 3.737512e-05
9 868 2 2.455489e-05
10 868 2 1.690120e-05
11 868 2 1.204457e-05
12 868 2 8.522455e-06
1 869 2 2.077464e-06
2 869 2 1.607361e-06
3 869 2 2.106876e-06
4 869 2 2.476839e-06
5 869 2 3.849141e-06
6 869 2 5.992520e-06
7 869 2 8.938351e-06
8 869 2 8.210200e-06
9 869 2 5.516692e-06
10 869 2 3.822064e-06
11 869 2 2.720683e-06
12 869 2 1.962250e-06
1 870 2 3.942169e-06
2 870 2 3.048014e-06
3 870 2 3.985893e-06
4 870 2 4.687169e-06
5 870 2 7.334016e-06
6 870 2 1.136519e-05
7 870 2 1.667854e-05
8 870 2 1.541293e-05
9 870 2 1.054549e-05
10 870 2 7.153072e-06
11 870 2 5.000308e-06
12 870 2 3.685744e-06
1 871 2 1.858483e-07
2 871 2 1.490038e-07
3 871 2 1.861956e-07
4 871 2 2.189872e-07
5 871 2 3.390887e-07
6 871 2 5.230592e-07
7 871 2 7.610275e-07
8 871 2 7.074271e-07
9 871 2 4.954026e-07
10 871 2 3.239010e-07
11 871 2 2.269938e-07
12 871 2 1.724468e-07
1 877 2 3.547312e-05
2 877 2 3.496621e-05
3 877 2 3.996247e-05
4 877 2 5.359520e-05
5 877 2 8.684585e-05
6 877 2 1.215447e-04
7 877 2 1.553276e-04
8 877 2 1.540929e-04
9 877 2 1.252592e-04
10 877 2 7.748471e-05
11 877 2 5.117334e-05
12 877 2 3.976748e-05
1 878 2 5.567151e-06
2 878 2 5.770427e-06
3 878 2 7.508983e-06
4 878 2 1.178466e-05
5 878 2 2.250500e-05
6 878 2 3.164937e-05
7 878 2 3.954482e-05
8 878 2 3.730021e-05
9 878 2 2.826915e-05
10 878 2 1.555890e-05
11 878 2 9.002651e-06
12 878 2 6.612643e-06
1 914 2 1.887318e-04
2 914 2 1.782458e-04
3 914 2 2.448762e-04
4 914 2 3.705543e-04
5 914 2 5.577787e-04
6 914 2 8.019133e-04
7 914 2 9.388088e-04
8 914 2 9.443510e-04
9 914 2 7.488699e-04
10 914 2 5.498471e-04
11 914 2 3.569821e-04
12 914 2 2.399506e-04
1 915 2 2.976822e-03
2 915 2 2.839799e-03
3 915 2 4.301632e-03
4 915 2 7.244189e-03
5 915 2 1.172098e-02
6 915 2 1.715798e-02
7 915 2 1.987627e-02
8 915 2 1.941947e-02
9 915 2 1.450258e-02
10 915 2 9.947942e-03
11 915 2 6.003652e-03
12 915 2 3.774474e-03
1 916 2 1.614874e-03
2 916 2 1.543456e-03
3 916 2 2.419712e-03
4 916 2 4.280770e-03
5 916 2 7.288840e-03
6 916 2 1.083404e-02
7 916 2 1.261530e-02
8 916 2 1.203433e-02
9 916 2 8.671584e-03
10 916 2 5.767910e-03
11 916 2 3.338904e-03
12 916 2 2.043824e-03
1 961 2 8.076602e-06
2 961 2 7.706621e-06
3 961 2 8.313835e-06
4 961 2 9.708919e-06
5 961 2 1.383082e-05
6 961 2 2.333681e-05
7 961 2 3.912328e-05
8 961 2 3.680921e-05
9 961 2 2.509548e-05
10 961 2 1.654066e-05
11 961 2 1.116410e-05
12 961 2 8.081947e-06
1 962 2 2.966409e-06
2 962 2 2.804993e-06
3 962 2 3.032095e-06
4 962 2 3.446554e-06
5 962 2 4.869163e-06
6 962 2 7.875323e-06
7 962 2 1.313613e-05
8 962 2 1.234805e-05
9 962 2 8.298627e-06
10 962 2 5.713426e-06
11 962 2 4.023543e-06
12 962 2 2.943747e-06
1 963 2 3.071494e-08
2 963 2 2.823320e-08
3 963 2 3.122707e-08
4 963 2 3.459763e-08
5 963 2 4.908953e-08
6 963 2 7.760293e-08
7 963 2 1.282760e-07
8 963 2 1.203556e-07
9 963 2 7.976953e-08
10 963 2 5.624184e-08
11 963 2 4.071397e-08
12 963 2 3.016656e-08
1 964 2 9.657779e-08
2 964 2 8.682857e-08
3 964 2 9.811763e-08
4 964 2 1.056493e-07
5 964 2 1.491628e-07
6 964 2 2.328061e-07
7 964 2 3.773153e-07
8 964 2 3.548002e-07
9 964 2 2.330658e-07
10 964 2 1.680235e-07
11 964 2 1.243647e-07
12 964 2 9.425483e-08
1 975 2 5.954324e-06
2 975 2 6.473314e-06
3 975 2 8.192594e-06
4 975 2 1.197731e-05
5 975 2 2.266539e-05
6 975 2 3.060011e-05
7 975 2 4.334529e-05
8 975 2 4.036248e-05
9 975 2 3.133885e-05
10 975 2 1.551988e-05
11 975 2 8.920695e-06
12 975 2 6.627490e-06
1 976 2 9.466642e-05
2 976 2 1.107328e-04
3 976 2 1.575648e-04
4 976 2 2.726979e-04
5 976 2 5.931648e-04
6 976 2 8.322952e-04
7 976 2 1.225509e-03
8 976 2 1.036951e-03
9 976 2 7.396692e-04
10 976 2 3.082200e-04
11 976 2 1.558334e-04
12 976 2 1.098615e-04
1 977 2 1.964024e-05
2 977 2 2.421889e-05
3 977 2 3.995070e-05
4 977 2 7.951293e-05
5 977 2 1.674910e-04
6 977 2 2.370347e-04
7 977 2 3.491257e-04
8 977 2 2.883810e-04
9 977 2 1.989258e-04
10 977 2 7.843976e-05
11 977 2 3.540726e-05
12 977 2 2.372445e-05
1 978 2 1.283287e-05
2 978 2 1.699049e-05
3 978 2 3.298108e-05
4 978 2 7.573287e-05
5 978 2 1.448182e-04
6 978 2 2.096985e-04
7 978 2 3.097812e-04
8 978 2 2.588441e-04
9 978 2 1.725558e-04
10 978 2 6.779477e-05
11 978 2 2.680266e-05
12 978 2 1.634403e-05
1 979 2 4.101951e-06
2 979 2 5.599277e-06
3 979 2 1.170592e-05
4 979 2 2.990809e-05
5 979 2 5.501059e-05
6 979 2 8.458594e-05
7 979 2 1.245352e-04
8 979 2 1.041790e-04
9 979 2 6.716949e-05
10 979 2 2.688886e-05
11 979 2 9.919726e-06
12 979 2 5.570184e-06
1 980 2 2.113724e-06
2 980 2 2.911336e-06
3 980 2 6.340275e-06
4 980 2 1.780953e-05
5 980 2 3.377899e-05
6 980 2 5.547428e-05
7 980 2 8.159753e-05
8 980 2 6.801455e-05
9 980 2 4.187043e-05
10 980 2 1.650401e-05
11 980 2 5.866078e-06
12 980 2 3.017029e-06
1 981 2 6.376880e-06
2 981 2 8.951161e-06
3 981 2 1.960456e-05
4 981 2 5.763092e-05
5 981 2 1.126925e-04
6 981 2 2.025509e-04
7 981 2 3.055159e-04
8 981 2 2.566396e-04
9 981 2 1.528679e-04
10 981 2 5.799081e-05
11 981 2 2.012296e-05
12 981 2 9.714850e-06
1 982 2 6.030089e-06
2 982 2 8.427727e-06
3 982 2 1.782567e-05
4 982 2 5.065264e-05
5 982 2 1.013149e-04
6 982 2 1.995226e-04
7 982 2 3.045140e-04
8 982 2 2.572976e-04
9 982 2 1.526780e-04
10 982 2 5.726942e-05
11 982 2 2.055595e-05
12 982 2 9.896965e-06
1 983 2 4.295873e-06
2 983 2 6.050705e-06
3 983 2 1.295022e-05
4 983 2 3.681589e-05
5 983 2 7.619870e-05
6 983 2 1.606762e-04
7 983 2 2.417621e-04
8 983 2 2.027098e-04
9 983 2 1.178753e-04
10 983 2 4.320610e-05
11 983 2 1.568272e-05
12 983 2 7.552091e-06
1 984 2 7.049509e-07
2 984 2 9.797396e-07
3 984 2 2.124995e-06
4 984 2 6.101632e-06
5 984 2 1.303105e-05
6 984 2 2.944820e-05
7 984 2 4.461342e-05
8 984 2 3.729440e-05
9 984 2 2.107033e-05
10 984 2 7.546768e-06
11 984 2 2.733784e-06
12 984 2 1.323454e-06
1 1007 2 5.507487e-05
2 1007 2 5.322927e-05
3 1007 2 6.322935e-05
4 1007 2 7.804906e-05
5 1007 2 1.019657e-04
6 1007 2 1.419223e-04
7 1007 2 1.707505e-04
8 1007 2 1.679480e-04
9 1007 2 1.403798e-04
10 1007 2 1.091402e-04
11 1007 2 8.364338e-05
12 1007 2 6.525508e-05
1 1008 2 2.184648e-04
2 1008 2 2.152295e-04
3 1008 2 2.703311e-04
4 1008 2 3.607170e-04
5 1008 2 4.945045e-04
6 1008 2 7.154487e-04
7 1008 2 8.560763e-04
8 1008 2 8.283752e-04
9 1008 2 6.747735e-04
10 1008 2 4.996873e-04
11 1008 2 3.590836e-04
12 1008 2 2.630970e-04
1 1009 2 1.809457e-03
2 1009 2 1.799640e-03
3 1009 2 2.375261e-03
4 1009 2 3.398056e-03
5 1009 2 4.842569e-03
6 1009 2 7.155542e-03
7 1009 2 8.668890e-03
8 1009 2 8.360871e-03
9 1009 2 6.716066e-03
10 1009 2 4.725005e-03
11 1009 2 3.172067e-03
12 1009 2 2.208553e-03
1 1010 2 4.543818e-03
2 1010 2 4.616010e-03
3 1010 2 6.584713e-03
4 1010 2 1.040028e-02
5 1010 2 1.548876e-02
6 1010 2 2.272370e-02
7 1010 2 2.759721e-02
8 1010 2 2.638057e-02
9 1010 2 2.065392e-02
10 1010 2 1.347862e-02
11 1010 2 8.463037e-03
12 1010 2 5.618385e-03
1 1011 2 6.556386e-03
2 1011 2 6.770209e-03
3 1011 2 1.057244e-02
4 1011 2 1.857581e-02
5 1011 2 2.952844e-02
6 1011 2 4.326618e-02
7 1011 2 5.251004e-02
8 1011 2 4.887138e-02
9 1011 2 3.637631e-02
10 1011 2 2.171050e-02
11 1011 2 1.274911e-02
12 1011 2 8.138911e-03
1 1012 2 3.534918e-03
2 1012 2 3.700279e-03
3 1012 2 6.124307e-03
4 1012 2 1.150131e-02
5 1012 2 1.936236e-02
6 1012 2 2.824129e-02
7 1012 2 3.424384e-02
8 1012 2 3.146839e-02
9 1012 2 2.267810e-02
10 1012 2 1.283602e-02
11 1012 2 7.165976e-03
12 1012 2 4.457787e-03
1 1071 2 2.387970e-04
2 1071 2 2.454498e-04
3 1071 2 2.730995e-04
4 1071 2 3.243043e-04
5 1071 2 4.994501e-04
6 1071 2 6.853324e-04
7 1071 2 1.024901e-03
8 1071 2 1.049106e-03
9 1071 2 9.497433e-04
10 1071 2 5.145427e-04
11 1071 2 3.123780e-04
12 1071 2 2.565688e-04
1 1072 2 7.212200e-03
2 1072 2 8.414897e-03
3 1072 2 1.077587e-02
4 1072 2 1.518123e-02
5 1072 2 2.642567e-02
6 1072 2 3.625872e-02
7 1072 2 5.590162e-02
8 1072 2 5.435999e-02
9 1072 2 4.364957e-02
10 1072 2 1.942096e-02
11 1072 2 1.016079e-02
12 1072 2 7.695036e-03
1 1073 2 9.622208e-04
2 1073 2 1.270585e-03
3 1073 2 1.882741e-03
4 1073 2 3.094387e-03
5 1073 2 5.597586e-03
6 1073 2 7.769911e-03
7 1073 2 1.203294e-02
8 1073 2 1.131309e-02
9 1073 2 8.030704e-03
10 1073 2 3.247971e-03
11 1073 2 1.497280e-03
12 1073 2 1.034557e-03
1 1074 2 2.372964e-04
2 1074 2 3.280813e-04
3 1074 2 5.488706e-04
4 1074 2 1.012809e-03
5 1074 2 1.809212e-03
6 1074 2 2.591612e-03
7 1074 2 4.045363e-03
8 1074 2 3.765001e-03
9 1074 2 2.522413e-03
10 1074 2 9.803673e-04
11 1074 2 4.039699e-04
12 1074 2 2.588472e-04
1 1075 2 1.870664e-04
2 1075 2 2.651893e-04
3 1075 2 4.684055e-04
4 1075 2 9.549009e-04
5 1075 2 1.667866e-03
6 1075 2 2.531904e-03
7 1075 2 3.883868e-03
8 1075 2 3.496751e-03
9 1075 2 2.202794e-03
10 1075 2 8.648362e-04
11 1075 2 3.440742e-04
12 1075 2 2.124121e-04
1 1076 2 7.557291e-05
2 1076 2 1.132964e-04
3 1076 2 2.115484e-04
4 1076 2 4.785279e-04
5 1076 2 8.384736e-04
6 1076 2 1.349996e-03
7 1076 2 2.018119e-03
8 1076 2 1.766173e-03
9 1076 2 1.042787e-03
10 1076 2 4.180264e-04
11 1076 2 1.616776e-04
12 1076 2 9.135166e-05
1 1077 2 6.928134e-05
2 1077 2 1.073176e-04
3 1077 2 2.103025e-04
4 1077 2 5.115547e-04
5 1077 2 9.278916e-04
6 1077 2 1.634817e-03
7 1077 2 2.429906e-03
8 1077 2 2.077127e-03
9 1077 2 1.209032e-03
10 1077 2 4.768405e-04
11 1077 2 1.763747e-04
12 1077 2 8.926937e-05
1 1078 2 1.304946e-04
2 1078 2 1.957288e-04
3 1078 2 3.828211e-04
4 1078 2 9.647994e-04
5 1078 2 1.820934e-03
6 1078 2 3.513906e-03
7 1078 2 5.216526e-03
8 1078 2 4.423578e-03
9 1078 2 2.568358e-03
10 1078 2 1.005251e-03
11 1078 2 3.828309e-04
12 1078 2 1.814314e-04
1 1079 2 3.440409e-04
2 1079 2 5.162807e-04
3 1079 2 1.038450e-03
4 1079 2 2.741720e-03
5 1079 2 5.357244e-03
6 1079 2 1.091339e-02
7 1079 2 1.588008e-02
8 1079 2 1.361272e-02
9 1079 2 7.691356e-03
10 1079 2 2.999234e-03
11 1079 2 1.152392e-03
12 1079 2 5.295585e-04
1 1080 2 4.226055e-04
2 1080 2 6.151696e-04
3 1080 2 1.195371e-03
4 1080 2 3.027595e-03
5 1080 2 6.039634e-03
6 1080 2 1.316825e-02
7 1080 2 1.918417e-02
8 1080 2 1.662218e-02
9 1080 2 9.387469e-03
10 1080 2 3.676827e-03
11 1080 2 1.406080e-03
12 1080 2 6.707523e-04
1 1081 2 1.495900e-04
2 1081 2 1.979253e-04
3 1081 2 3.564025e-04
4 1081 2 8.336247e-04
5 1081 2 1.668133e-03
6 1081 2 3.873633e-03
7 1081 2 5.772900e-03
8 1081 2 4.971343e-03
9 1081 2 2.910007e-03
10 1081 2 1.165840e-03
11 1081 2 4.552225e-04
12 1081 2 2.291636e-04
1 1082 2 7.163594e-05
2 1082 2 9.089330e-05
3 1082 2 1.672899e-04
4 1082 2 3.950014e-04
5 1082 2 7.826822e-04
6 1082 2 1.870678e-03
7 1082 2 2.761693e-03
8 1082 2 2.324263e-03
9 1082 2 1.398821e-03
10 1082 2 5.775241e-04
11 1082 2 2.268295e-04
12 1082 2 1.145994e-04
1 1085 2 8.251963e-07
2 1085 2 1.010274e-06
3 1085 2 2.194916e-06
4 1085 2 5.420752e-06
5 1085 2 1.143969e-05
6 1085 2 2.517002e-05
7 1085 2 3.697072e-05
8 1085 2 2.981113e-05
9 1085 2 1.849311e-05
10 1085 2 8.061718e-06
11 1085 2 2.949461e-06
12 1085 2 1.518109e-06
1 1086 2 4.423821e-05
2 1086 2 5.331626e-05
3 1086 2 1.095825e-04
4 1086 2 2.636686e-04
5 1086 2 5.797677e-04
6 1086 2 1.204260e-03
7 1086 2 1.801033e-03
8 1086 2 1.451870e-03
9 1086 2 9.125517e-04
10 1086 2 4.087380e-04
11 1086 2 1.494129e-04
12 1086 2 7.835401e-05
1 1087 2 2.081041e-05
2 1087 2 2.307962e-05
3 1087 2 4.297030e-05
4 1087 2 9.363105e-05
5 1087 2 2.087949e-04
6 1087 2 4.099280e-04
7 1087 2 6.361047e-04
8 1087 2 5.253819e-04
9 1087 2 3.437264e-04
10 1087 2 1.649231e-04
11 1087 2 6.206953e-05
12 1087 2 3.480713e-05
1 1103 2 3.043572e-04
2 1103 2 2.935116e-04
3 1103 2 3.499760e-04
4 1103 2 4.078440e-04
5 1103 2 5.159042e-04
6 1103 2 7.344951e-04
7 1103 2 9.415033e-04
8 1103 2 9.338165e-04
9 1103 2 7.811672e-04
10 1103 2 5.932655e-04
11 1103 2 4.527746e-04
12 1103 2 3.572471e-04
1 1104 2 2.619432e-03
2 1104 2 2.564720e-03
3 1104 2 3.282167e-03
4 1104 2 4.166833e-03
5 1104 2 5.522949e-03
6 1104 2 8.191111e-03
7 1104 2 1.051993e-02
8 1104 2 1.029726e-02
9 1104 2 8.363994e-03
10 1104 2 5.892575e-03
11 1104 2 4.178274e-03
12 1104 2 3.127425e-03
1 1105 2 4.283356e-03
2 1105 2 4.398961e-03
3 1105 2 6.226062e-03
4 1105 2 9.076077e-03
5 1105 2 1.283804e-02
6 1105 2 1.966078e-02
7 1105 2 2.585958e-02
8 1105 2 2.463630e-02
9 1105 2 1.884131e-02
10 1105 2 1.163623e-02
11 1105 2 7.286649e-03
12 1105 2 5.131155e-03
1 1106 2 3.097304e-03
2 1106 2 3.330285e-03
3 1106 2 5.102483e-03
4 1106 2 8.399591e-03
5 1106 2 1.262840e-02
6 1106 2 1.946142e-02
7 1106 2 2.603341e-02
8 1106 2 2.404778e-02
9 1106 2 1.764681e-02
10 1106 2 9.671728e-03
11 1106 2 5.461256e-03
12 1106 2 3.682234e-03
1 1107 2 2.291523e-03
2 1107 2 2.596963e-03
3 1107 2 4.211429e-03
4 1107 2 7.390129e-03
5 1107 2 1.149501e-02
6 1107 2 1.769984e-02
7 1107 2 2.384289e-02
8 1107 2 2.172644e-02
9 1107 2 1.553161e-02
10 1107 2 7.754918e-03
11 1107 2 4.192068e-03
12 1107 2 2.726901e-03
1 1108 2 6.933184e-04
2 1108 2 8.304402e-04
3 1108 2 1.414559e-03
4 1108 2 2.581098e-03
5 1108 2 4.209983e-03
6 1108 2 6.515091e-03
7 1108 2 8.939636e-03
8 1108 2 8.257118e-03
9 1108 2 5.726202e-03
10 1108 2 2.575953e-03
11 1108 2 1.353842e-03
12 1108 2 8.537396e-04
1 1167 2 7.541304e-04
2 1167 2 7.279403e-04
3 1167 2 7.507280e-04
4 1167 2 8.440101e-04
5 1167 2 1.263778e-03
6 1167 2 1.793504e-03
7 1167 2 2.691820e-03
8 1167 2 2.856115e-03
9 1167 2 2.752387e-03
10 1167 2 1.545781e-03
11 1167 2 8.952200e-04
12 1167 2 7.536378e-04
1 1168 2 1.355547e-03
2 1168 2 1.532001e-03
3 1168 2 1.850170e-03
4 1168 2 2.540810e-03
5 1168 2 4.489486e-03
6 1168 2 6.706008e-03
7 1168 2 1.086136e-02
8 1168 2 1.088556e-02
9 1168 2 8.753995e-03
10 1168 2 3.762202e-03
11 1168 2 1.712784e-03
12 1168 2 1.262356e-03
1 1169 2 2.659416e-04
2 1169 2 3.735973e-04
3 1169 2 5.371948e-04
4 1169 2 8.631998e-04
5 1169 2 1.585685e-03
6 1169 2 2.456279e-03
7 1169 2 3.975919e-03
8 1169 2 3.686989e-03
9 1169 2 2.464590e-03
10 1169 2 9.483127e-04
11 1169 2 3.807828e-04
12 1169 2 2.437249e-04
1 1170 2 2.372993e-04
2 1170 2 3.736021e-04
3 1170 2 6.225686e-04
4 1170 2 1.117205e-03
5 1170 2 2.022032e-03
6 1170 2 3.159806e-03
7 1170 2 5.094877e-03
8 1170 2 4.827595e-03
9 1170 2 3.068579e-03
10 1170 2 1.132825e-03
11 1170 2 4.020044e-04
12 1170 2 2.290475e-04
1 1171 2 2.774040e-04
2 1171 2 4.409399e-04
3 1171 2 7.679492e-04
4 1171 2 1.495022e-03
5 1171 2 2.683490e-03
6 1171 2 4.248569e-03
7 1171 2 6.579817e-03
8 1171 2 6.325928e-03
9 1171 2 3.953096e-03
10 1171 2 1.493655e-03
11 1171 2 5.093718e-04
12 1171 2 2.769303e-04
1 1172 2 1.304356e-04
2 1172 2 2.053949e-04
3 1172 2 3.344517e-04
4 1172 2 6.780532e-04
5 1172 2 1.180686e-03
6 1172 2 1.910266e-03
7 1172 2 2.755719e-03
8 1172 2 2.570606e-03
9 1172 2 1.572533e-03
10 1172 2 6.370436e-04
11 1172 2 2.396241e-04
12 1172 2 1.298003e-04
1 1173 2 1.713712e-04
2 1173 2 2.818043e-04
3 1173 2 4.624931e-04
4 1173 2 9.787273e-04
5 1173 2 1.716991e-03
6 1173 2 3.075151e-03
7 1173 2 4.431029e-03
8 1173 2 3.946188e-03
9 1173 2 2.281162e-03
10 1173 2 9.005466e-04
11 1173 2 3.574751e-04
12 1173 2 1.832235e-04
1 1174 2 1.526194e-04
2 1174 2 2.370984e-04
3 1174 2 4.027178e-04
4 1174 2 8.822519e-04
5 1174 2 1.632579e-03
6 1174 2 3.181914e-03
7 1174 2 4.472389e-03
8 1174 2 3.899011e-03
9 1174 2 2.194388e-03
10 1174 2 9.011564e-04
11 1174 2 3.796548e-04
12 1174 2 1.808747e-04
1 1175 2 9.568722e-04
2 1175 2 1.403113e-03
3 1175 2 2.459506e-03
4 1175 2 5.792830e-03
5 1175 2 1.117160e-02
6 1175 2 2.289301e-02
7 1175 2 3.117405e-02
8 1175 2 2.738626e-02
9 1175 2 1.497093e-02
10 1175 2 6.252296e-03
11 1175 2 2.676424e-03
12 1175 2 1.211461e-03
1 1176 2 1.563631e-03
2 1176 2 2.311599e-03
3 1176 2 4.242292e-03
4 1176 2 1.003300e-02
5 1176 2 1.904944e-02
6 1176 2 4.016242e-02
7 1176 2 5.348167e-02
8 1176 2 4.745696e-02
9 1176 2 2.607768e-02
10 1176 2 1.105312e-02
11 1176 2 4.745274e-03
12 1176 2 2.149533e-03
1 1177 2 4.699764e-03
2 1177 2 6.810620e-03
3 1177 2 1.265615e-02
4 1177 2 2.843008e-02
5 1177 2 5.376117e-02
6 1177 2 1.165383e-01
7 1177 2 1.555400e-01
8 1177 2 1.376795e-01
9 1177 2 7.781945e-02
10 1177 2 3.385506e-02
11 1177 2 1.439907e-02
12 1177 2 6.716456e-03
1 1178 2 4.169670e-03
2 1178 2 5.703334e-03
3 1178 2 1.052311e-02
4 1178 2 2.250186e-02
5 1178 2 4.206020e-02
6 1178 2 9.319702e-02
7 1178 2 1.257282e-01
8 1178 2 1.114808e-01
9 1178 2 6.470898e-02
10 1178 2 2.972720e-02
11 1178 2 1.244977e-02
12 1178 2 6.087339e-03
1 1179 2 1.792148e-03
2 1179 2 2.318589e-03
3 1179 2 4.428859e-03
4 1179 2 9.255725e-03
5 1179 2 1.731450e-02
6 1179 2 3.828085e-02
7 1179 2 5.241026e-02
8 1179 2 4.595629e-02
9 1179 2 2.730346e-02
10 1179 2 1.304314e-02
11 1179 2 5.270300e-03
12 1179 2 2.691853e-03
1 1180 2 2.142546e-03
2 1180 2 2.723621e-03
3 1180 2 5.570512e-03
4 1180 2 1.150907e-02
5 1180 2 2.167966e-02
6 1180 2 4.701987e-02
7 1180 2 6.511702e-02
8 1180 2 5.597694e-02
9 1180 2 3.377770e-02
10 1180 2 1.644422e-02
11 1180 2 6.367203e-03
12 1180 2 3.379296e-03
1 1181 2 4.953875e-03
2 1181 2 6.083940e-03
3 1181 2 1.245730e-02
4 1181 2 2.511751e-02
5 1181 2 4.873217e-02
6 1181 2 1.034414e-01
7 1181 2 1.469892e-01
8 1181 2 1.251892e-01
9 1181 2 7.725306e-02
10 1181 2 3.800996e-02
11 1181 2 1.448730e-02
12 1181 2 7.966969e-03
1 1182 2 2.154117e-03
2 1182 2 2.412360e-03
3 1182 2 4.411575e-03
4 1182 2 8.358858e-03
5 1182 2 1.641139e-02
6 1182 2 3.289453e-02
7 1182 2 4.831297e-02
8 1182 2 4.181254e-02
9 1182 2 2.786207e-02
10 1182 2 1.435229e-02
11 1182 2 5.715485e-03
12 1182 2 3.376421e-03
1 1183 2 6.479392e-06
2 1183 2 6.623885e-06
3 1183 2 1.071126e-05
4 1183 2 1.866617e-05
5 1183 2 3.633348e-05
6 1183 2 6.815570e-05
7 1183 2 1.027971e-04
8 1183 2 9.261030e-05
9 1183 2 6.808190e-05
10 1183 2 3.703193e-05
11 1183 2 1.533932e-05
12 1183 2 9.760729e-06
1 1200 2 8.368199e-04
2 1200 2 8.682149e-04
3 1200 2 1.132094e-03
4 1200 2 1.474660e-03
5 1200 2 2.063728e-03
6 1200 2 3.323323e-03
7 1200 2 4.834064e-03
8 1200 2 4.663587e-03
9 1200 2 3.503639e-03
10 1200 2 2.053023e-03
11 1200 2 1.302971e-03
12 1200 2 9.480008e-04
1 1201 2 1.930404e-03
2 1201 2 2.054197e-03
3 1201 2 2.796002e-03
4 1201 2 3.958155e-03
5 1201 2 5.774343e-03
6 1201 2 9.292619e-03
7 1201 2 1.409785e-02
8 1201 2 1.355480e-02
9 1201 2 9.777921e-03
10 1201 2 5.189959e-03
11 1201 2 3.097380e-03
12 1201 2 2.230009e-03
1 1202 2 2.279922e-03
2 1202 2 2.445400e-03
3 1202 2 3.393793e-03
4 1202 2 5.012472e-03
5 1202 2 7.510421e-03
6 1202 2 1.203139e-02
7 1202 2 1.809380e-02
8 1202 2 1.763219e-02
9 1202 2 1.272164e-02
10 1202 2 6.436086e-03
11 1202 2 3.739961e-03
12 1202 2 2.671699e-03
1 1203 2 3.647084e-04
2 1203 2 4.059569e-04
3 1203 2 5.732385e-04
4 1203 2 8.754264e-04
5 1203 2 1.351709e-03
6 1203 2 2.200784e-03
7 1203 2 3.312628e-03
8 1203 2 3.167372e-03
9 1203 2 2.230597e-03
10 1203 2 1.064449e-03
11 1203 2 6.105435e-04
12 1203 2 4.335744e-04
1 1263 2 3.308602e-04
2 1263 2 3.010195e-04
3 1263 2 3.055520e-04
4 1263 2 3.421832e-04
5 1263 2 5.192053e-04
6 1263 2 8.093706e-04
7 1263 2 1.216685e-03
8 1263 2 1.320645e-03
9 1263 2 1.272479e-03
10 1263 2 7.061845e-04
11 1263 2 3.813848e-04
12 1263 2 3.212469e-04
1 1264 2 8.235808e-03
2 1264 2 8.413830e-03
3 1264 2 9.565612e-03
4 1264 2 1.334088e-02
5 1264 2 2.420569e-02
6 1264 2 4.210849e-02
7 1264 2 7.057214e-02
8 1264 2 7.679195e-02
9 1264 2 6.452573e-02
10 1264 2 2.741430e-02
11 1264 2 1.057256e-02
12 1264 2 7.417375e-03
1 1265 2 3.620870e-04
2 1265 2 4.514217e-04
3 1265 2 5.942272e-04
4 1265 2 9.997787e-04
5 1265 2 1.958576e-03
6 1265 2 3.545745e-03
7 1265 2 5.876195e-03
8 1265 2 5.743111e-03
9 1265 2 3.903015e-03
10 1265 2 1.484151e-03
11 1265 2 5.024572e-04
12 1265 2 3.093790e-04
1 1266 2 1.073318e-04
2 1266 2 1.618981e-04
3 1266 2 2.427039e-04
4 1266 2 4.398620e-04
5 1266 2 8.703754e-04
6 1266 2 1.605114e-03
7 1266 2 2.622152e-03
8 1266 2 2.449091e-03
9 1266 2 1.440777e-03
10 1266 2 5.110265e-04
11 1266 2 1.682475e-04
12 1266 2 9.356006e-05
1 1267 2 6.909664e-04
2 1267 2 1.113734e-03
3 1267 2 1.784196e-03
4 1267 2 3.276736e-03
5 1267 2 6.195072e-03
6 1267 2 1.083696e-02
7 1267 2 1.634430e-02
8 1267 2 1.577521e-02
9 1267 2 1.000368e-02
10 1267 2 3.860148e-03
11 1267 2 1.282797e-03
12 1267 2 6.436032e-04
1 1268 2 1.140536e-03
2 1268 2 1.694184e-03
3 1268 2 2.503362e-03
4 1268 2 4.630060e-03
5 1268 2 7.754073e-03
6 1268 2 1.193283e-02
7 1268 2 1.512897e-02
8 1268 2 1.468150e-02
9 1268 2 1.060202e-02
10 1268 2 5.149498e-03
11 1268 2 1.993879e-03
12 1268 2 1.036676e-03
1 1269 2 1.364025e-03
2 1269 2 2.090982e-03
3 1269 2 2.972536e-03
4 1269 2 6.046605e-03
5 1269 2 9.948145e-03
6 1269 2 1.731210e-02
7 1269 2 2.249826e-02
8 1269 2 2.101948e-02
9 1269 2 1.284456e-02
10 1269 2 5.684289e-03
11 1269 2 2.354837e-03
12 1269 2 1.249174e-03
1 1270 2 4.507407e-04
2 1270 2 6.975720e-04
3 1270 2 1.035621e-03
4 1270 2 2.194625e-03
5 1270 2 3.797695e-03
6 1270 2 7.186723e-03
7 1270 2 9.540139e-03
8 1270 2 8.620211e-03
9 1270 2 4.755546e-03
10 1270 2 2.091924e-03
11 1270 2 9.296136e-04
12 1270 2 4.679177e-04
1 1271 2 2.081341e-03
2 1271 2 3.069139e-03
3 1271 2 4.675303e-03
4 1271 2 1.008983e-02
5 1271 2 1.792854e-02
6 1271 2 3.433691e-02
7 1271 2 4.496450e-02
8 1271 2 4.045150e-02
9 1271 2 2.260757e-02
10 1271 2 1.022040e-02
11 1271 2 4.795528e-03
12 1271 2 2.304525e-03
1 1272 2 2.457253e-03
2 1272 2 3.537856e-03
3 1272 2 5.573395e-03
4 1272 2 1.191812e-02
5 1272 2 2.072236e-02
6 1272 2 3.998453e-02
7 1272 2 5.147490e-02
8 1272 2 4.722423e-02
9 1272 2 2.666083e-02
10 1272 2 1.255444e-02
11 1272 2 6.028897e-03
12 1272 2 2.893837e-03
1 1273 2 3.623989e-03
2 1273 2 5.139470e-03
3 1273 2 8.555702e-03
4 1273 2 1.777869e-02
5 1273 2 3.102669e-02
6 1273 2 6.011559e-02
7 1273 2 7.611602e-02
8 1273 2 6.973807e-02
9 1273 2 3.989710e-02
10 1273 2 1.958117e-02
11 1273 2 9.437176e-03
12 1273 2 4.574998e-03
1 1274 2 5.256947e-03
2 1274 2 7.303477e-03
3 1274 2 1.266076e-02
4 1274 2 2.565256e-02
5 1274 2 4.426512e-02
6 1274 2 8.556623e-02
7 1274 2 1.081702e-01
8 1274 2 9.958728e-02
9 1274 2 5.842030e-02
10 1274 2 2.964040e-02
11 1274 2 1.398734e-02
12 1274 2 7.034161e-03
1 1275 2 4.714829e-03
2 1275 2 6.341613e-03
3 1275 2 1.138989e-02
4 1275 2 2.242317e-02
5 1275 2 3.904523e-02
6 1275 2 7.532847e-02
7 1275 2 9.637976e-02
8 1275 2 8.791794e-02
9 1275 2 5.231439e-02
10 1275 2 2.715864e-02
11 1275 2 1.218517e-02
12 1275 2 6.464857e-03
1 1276 2 1.104809e-02
2 1276 2 1.391202e-02
3 1276 2 2.503585e-02
4 1276 2 4.593524e-02
5 1276 2 7.952359e-02
6 1276 2 1.539445e-01
7 1276 2 2.028556e-01
8 1276 2 1.855778e-01
9 1276 2 1.145943e-01
10 1276 2 6.226947e-02
11 1276 2 2.759871e-02
12 1276 2 1.562365e-02
1 1277 2 1.607524e-02
2 1277 2 1.831075e-02
3 1277 2 3.046366e-02
4 1277 2 5.024018e-02
5 1277 2 8.517066e-02
6 1277 2 1.616755e-01
7 1277 2 2.178024e-01
8 1277 2 2.017181e-01
9 1277 2 1.373938e-01
10 1277 2 8.025783e-02
11 1277 2 3.680215e-02
12 1277 2 2.278398e-02
1 1278 2 2.297756e-04
2 1278 2 2.367360e-04
3 1278 2 3.518603e-04
4 1278 2 5.445092e-04
5 1278 2 9.249571e-04
6 1278 2 1.690493e-03
7 1278 2 2.309616e-03
8 1278 2 2.160635e-03
9 1278 2 1.605962e-03
10 1278 2 9.867999e-04
11 1278 2 4.703598e-04
12 1278 2 3.181642e-04
1 1299 2 3.621861e-05
2 1299 2 3.841359e-05
3 1299 2 4.763035e-05
4 1299 2 6.795240e-05
5 1299 2 1.104923e-04
6 1299 2 1.806331e-04
7 1299 2 2.696832e-04
8 1299 2 2.640123e-04
9 1299 2 1.983636e-04
10 1299 2 1.022870e-04
11 1299 2 5.830229e-05
12 1299 2 4.283582e-05
1 1360 2 7.503020e-03
2 1360 2 6.972896e-03
3 1360 2 7.206862e-03
4 1360 2 9.128295e-03
5 1360 2 1.505049e-02
6 1360 2 2.541329e-02
7 1360 2 3.817206e-02
8 1360 2 4.333746e-02
9 1360 2 4.063286e-02
10 1360 2 2.132412e-02
11 1360 2 9.570731e-03
12 1360 2 7.158893e-03
1 1361 2 1.119435e-02
2 1361 2 1.284251e-02
3 1361 2 1.547349e-02
4 1361 2 2.491940e-02
5 1361 2 4.717369e-02
6 1361 2 8.384939e-02
7 1361 2 1.305808e-01
8 1361 2 1.377830e-01
9 1361 2 1.089996e-01
10 1361 2 4.798736e-02
11 1361 2 1.672258e-02
12 1361 2 1.041002e-02
1 1362 2 8.139232e-04
2 1362 2 1.084245e-03
3 1362 2 1.448304e-03
4 1362 2 2.634326e-03
5 1362 2 5.341138e-03
6 1362 2 9.657030e-03
7 1362 2 1.466322e-02
8 1362 2 1.392080e-02
9 1362 2 9.498563e-03
10 1362 2 3.926440e-03
11 1362 2 1.301901e-03
12 1362 2 7.399069e-04
1 1363 2 5.502189e-04
2 1363 2 7.571756e-04
3 1363 2 1.015989e-03
4 1363 2 1.873845e-03
5 1363 2 3.671499e-03
6 1363 2 6.415695e-03
7 1363 2 9.157787e-03
8 1363 2 8.286625e-03
9 1363 2 5.748525e-03
10 1363 2 2.548065e-03
11 1363 2 9.304852e-04
12 1363 2 5.176291e-04
1 1364 2 8.769739e-04
2 1364 2 1.240373e-03
3 1364 2 1.702460e-03
4 1364 2 3.165072e-03
5 1364 2 5.671420e-03
6 1364 2 9.066095e-03
7 1364 2 1.140636e-02
8 1364 2 1.023851e-02
9 1364 2 7.108605e-03
10 1364 2 3.602585e-03
11 1364 2 1.468887e-03
12 1364 2 8.124432e-04
1 1365 2 4.258964e-04
2 1365 2 6.466955e-04
3 1365 2 9.267043e-04
4 1365 2 1.835583e-03
5 1365 2 3.147105e-03
6 1365 2 5.296005e-03
7 1365 2 6.322666e-03
8 1365 2 5.664020e-03
9 1365 2 3.432579e-03
10 1365 2 1.615767e-03
11 1365 2 7.009165e-04
12 1365 2 3.809611e-04
1 1366 2 1.171209e-03
2 1366 2 1.756069e-03
3 1366 2 2.447910e-03
4 1366 2 4.818469e-03
5 1366 2 8.148060e-03
6 1366 2 1.376444e-02
7 1366 2 1.739206e-02
8 1366 2 1.616650e-02
9 1366 2 9.289104e-03
10 1366 2 4.352910e-03
11 1366 2 2.092311e-03
12 1366 2 1.117276e-03
1 1367 2 2.813379e-03
2 1367 2 3.958985e-03
3 1367 2 5.374103e-03
4 1367 2 1.032406e-02
5 1367 2 1.724465e-02
6 1367 2 2.867759e-02
7 1367 2 3.729817e-02
8 1367 2 3.578628e-02
9 1367 2 2.147453e-02
10 1367 2 1.048706e-02
11 1367 2 5.446383e-03
12 1367 2 2.863119e-03
1 1368 2 2.531259e-03
2 1368 2 3.411534e-03
3 1368 2 4.816545e-03
4 1368 2 9.156808e-03
5 1368 2 1.493423e-02
6 1368 2 2.483873e-02
7 1368 2 3.161811e-02
8 1368 2 3.033560e-02
9 1368 2 1.885933e-02
10 1368 2 9.777576e-03
11 1368 2 5.299693e-03
12 1368 2 2.809799e-03
1 1369 2 3.791296e-03
2 1369 2 5.045826e-03
3 1369 2 7.386034e-03
4 1369 2 1.401028e-02
5 1369 2 2.249487e-02
6 1369 2 3.785024e-02
7 1369 2 4.732927e-02
8 1369 2 4.506347e-02
9 1369 2 2.845127e-02
10 1369 2 1.537477e-02
11 1369 2 8.539799e-03
12 1369 2 4.569318e-03
1 1370 2 5.295119e-03
2 1370 2 6.881615e-03
3 1370 2 1.046265e-02
4 1370 2 1.966979e-02
5 1370 2 3.096940e-02
6 1370 2 5.289539e-02
7 1370 2 6.557110e-02
8 1370 2 6.208450e-02
9 1370 2 3.910316e-02
10 1370 2 2.168004e-02
11 1370 2 1.199473e-02
12 1370 2 6.574025e-03
1 1371 2 6.680403e-03
2 1371 2 8.392612e-03
3 1371 2 1.299359e-02
4 1371 2 2.318997e-02
5 1371 2 3.654181e-02
6 1371 2 6.285119e-02
7 1371 2 7.830158e-02
8 1371 2 7.370699e-02
9 1371 2 4.699518e-02
10 1371 2 2.719760e-02
11 1371 2 1.469393e-02
12 1371 2 8.385351e-03
1 1372 2 4.554026e-03
2 1372 2 5.377532e-03
3 1372 2 8.027310e-03
4 1372 2 1.296630e-02
5 1372 2 1.989810e-02
6 1372 2 3.344700e-02
7 1372 2 4.143273e-02
8 1372 2 3.963478e-02
9 1372 2 2.731400e-02
10 1372 2 1.717573e-02
11 1372 2 9.376365e-03
12 1372 2 5.804637e-03
1 1457 2 1.143645e-02
2 1457 2 1.149970e-02
3 1457 2 1.192420e-02
4 1457 2 1.641285e-02
5 1457 2 2.668568e-02
6 1457 2 4.360781e-02
7 1457 2 6.621075e-02
8 1457 2 7.071256e-02
9 1457 2 6.436252e-02
10 1457 2 3.743568e-02
11 1457 2 1.679689e-02
12 1457 2 1.174204e-02
1 1458 2 1.083800e-03
2 1458 2 1.274013e-03
3 1458 2 1.437780e-03
4 1458 2 2.314213e-03
5 1458 2 4.188864e-03
6 1458 2 6.868134e-03
7 1458 2 9.887486e-03
8 1458 2 9.420713e-03
9 1458 2 7.778379e-03
10 1458 2 4.233666e-03
11 1458 2 1.698627e-03
12 1458 2 1.063440e-03
1 1459 2 2.116447e-03
2 1459 2 2.738601e-03
3 1459 2 3.402690e-03
4 1459 2 6.106144e-03
5 1459 2 1.153627e-02
6 1459 2 1.890121e-02
7 1459 2 2.224049e-02
8 1459 2 1.849088e-02
9 1459 2 1.477860e-02
10 1459 2 8.187289e-03
11 1459 2 3.449664e-03
12 1459 2 2.053765e-03
1 1460 2 7.758961e-04
2 1460 2 1.072917e-03
3 1460 2 1.475387e-03
4 1460 2 2.814668e-03
5 1460 2 5.251894e-03
6 1460 2 8.636092e-03
7 1460 2 9.347011e-03
8 1460 2 7.644288e-03
9 1460 2 5.173481e-03
10 1460 2 2.778584e-03
11 1460 2 1.303691e-03
12 1460 2 7.462175e-04
1 1461 2 6.650167e-04
2 1461 2 9.580939e-04
3 1461 2 1.413816e-03
4 1461 2 2.709761e-03
5 1461 2 4.502025e-03
6 1461 2 7.046828e-03
7 1461 2 7.907296e-03
8 1461 2 6.800364e-03
9 1461 2 4.192706e-03
10 1461 2 2.167225e-03
11 1461 2 1.105411e-03
12 1461 2 6.208537e-04
1 1462 2 2.448034e-03
2 1462 2 3.398876e-03
3 1462 2 4.718419e-03
4 1462 2 8.389620e-03
5 1462 2 1.311543e-02
6 1462 2 1.946830e-02
7 1462 2 2.361771e-02
8 1462 2 2.256219e-02
9 1462 2 1.451122e-02
10 1462 2 7.474181e-03
11 1462 2 4.138086e-03
12 1462 2 2.372806e-03
1 1463 2 7.700471e-03
2 1463 2 9.980318e-03
3 1463 2 1.288130e-02
4 1463 2 2.188623e-02
5 1463 2 3.378049e-02
6 1463 2 4.900982e-02
7 1463 2 6.152682e-02
8 1463 2 6.305978e-02
9 1463 2 4.289980e-02
10 1463 2 2.340892e-02
11 1463 2 1.381410e-02
12 1463 2 8.051765e-03
1 1464 2 4.841154e-03
2 1464 2 6.013422e-03
3 1464 2 7.732323e-03
4 1464 2 1.282608e-02
5 1464 2 1.947154e-02
6 1464 2 2.824790e-02
7 1464 2 3.518235e-02
8 1464 2 3.619227e-02
9 1464 2 2.575420e-02
10 1464 2 1.482196e-02
11 1464 2 9.107500e-03
12 1464 2 5.429165e-03
1 1465 2 5.353711e-03
2 1465 2 6.571488e-03
3 1465 2 8.568087e-03
4 1465 2 1.394882e-02
5 1465 2 2.094380e-02
6 1465 2 3.105841e-02
7 1465 2 3.860509e-02
8 1465 2 3.908201e-02
9 1465 2 2.796877e-02
10 1465 2 1.664643e-02
11 1465 2 1.047652e-02
12 1465 2 6.344252e-03
1 1466 2 7.106333e-03
2 1466 2 8.648137e-03
3 1466 2 1.154074e-02
4 1466 2 1.834562e-02
5 1466 2 2.717240e-02
6 1466 2 4.030212e-02
7 1466 2 4.888792e-02
8 1466 2 4.820125e-02
9 1466 2 3.486507e-02
10 1466 2 2.150947e-02
11 1466 2 1.374584e-02
12 1466 2 8.624737e-03
1 1467 2 4.705324e-03
2 1467 2 5.468006e-03
3 1467 2 7.140751e-03
4 1467 2 1.058089e-02
5 1467 2 1.514320e-02
6 1467 2 2.233476e-02
7 1467 2 2.695379e-02
8 1467 2 2.676464e-02
9 1467 2 2.029508e-02
10 1467 2 1.343882e-02
11 1467 2 8.647239e-03
12 1467 2 5.687626e-03
1 1468 2 1.186861e-04
2 1468 2 1.272397e-04
3 1468 2 1.539827e-04
4 1468 2 2.088721e-04
5 1468 2 2.910292e-04
6 1468 2 4.253078e-04
7 1468 2 5.168042e-04
8 1468 2 5.258655e-04
9 1468 2 4.333323e-04
10 1468 2 3.089351e-04
11 1468 2 2.001521e-04
12 1468 2 1.405628e-04
1 1557 2 4.704731e-06
2 1557 2 6.295756e-06
3 1557 2 9.278430e-06
4 1557 2 1.599575e-05
5 1557 2 2.447975e-05
6 1557 2 3.237695e-05
7 1557 2 3.470105e-05
8 1557 2 3.088703e-05
9 1557 2 2.088858e-05
10 1557 2 1.201560e-05
11 1557 2 7.596453e-06
12 1557 2 4.620456e-06
1 1558 2 3.642772e-03
2 1558 2 4.661995e-03
3 1558 2 6.417546e-03
4 1558 2 1.005318e-02
5 1558 2 1.419515e-02
6 1558 2 1.868711e-02
7 1558 2 2.079703e-02
8 1558 2 2.095441e-02
9 1558 2 1.571383e-02
10 1558 2 9.027236e-03
11 1558 2 5.802908e-03
12 1558 2 3.631656e-03
1 1559 2 7.565683e-03
2 1559 2 8.871165e-03
3 1559 2 1.128923e-02
4 1559 2 1.624565e-02
5 1559 2 2.194851e-02
6 1559 2 2.836429e-02
7 1559 2 3.198088e-02
8 1559 2 3.325033e-02
9 1559 2 2.766330e-02
10 1559 2 1.747344e-02
11 1559 2 1.205389e-02
12 1559 2 8.249875e-03
1 1560 2 1.791050e-03
2 1560 2 2.017352e-03
3 1560 2 2.477324e-03
4 1560 2 3.413192e-03
5 1560 2 4.556352e-03
6 1560 2 5.905785e-03
7 1560 2 6.734155e-03
8 1560 2 7.089201e-03
9 1560 2 6.183311e-03
10 1560 2 4.120194e-03
11 1560 2 2.928242e-03
12 1560 2 2.049100e-03
1 1561 2 1.720482e-04
2 1561 2 1.907570e-04
3 1561 2 2.332512e-04
4 1561 2 3.140741e-04
5 1561 2 4.176196e-04
6 1561 2 5.434458e-04
7 1561 2 6.316848e-04
8 1561 2 6.649301e-04
9 1561 2 5.801076e-04
10 1561 2 3.989991e-04
11 1561 2 2.838158e-04
12 1561 2 2.002806e-04
1 1562 2 3.440598e-03
2 1562 2 3.787878e-03
3 1562 2 4.594653e-03
4 1562 2 6.082330e-03
5 1562 2 8.181586e-03
6 1562 2 1.078283e-02
7 1562 2 1.255414e-02
8 1562 2 1.314715e-02
9 1562 2 1.152986e-02
10 1562 2 8.190186e-03
11 1562 2 5.755241e-03
12 1562 2 4.087947e-03
1 1563 2 1.518674e-02
2 1563 2 1.610168e-02
3 1563 2 1.881339e-02
4 1563 2 2.360302e-02
5 1563 2 3.109989e-02
6 1563 2 4.092435e-02
7 1563 2 4.773654e-02
8 1563 2 4.996919e-02
9 1563 2 4.504177e-02
10 1563 2 3.449354e-02
11 1563 2 2.436571e-02
12 1563 2 1.797336e-02
1 1638 2 4.090138e-05
2 1638 2 3.692046e-05
3 1638 2 3.332094e-05
4 1638 2 3.628574e-05
5 1638 2 4.326985e-05
6 1638 2 5.127252e-05
7 1638 2 5.904009e-05
8 1638 2 6.320523e-05
9 1638 2 6.285946e-05
10 1638 2 5.845821e-05
11 1638 2 5.110439e-05
12 1638 2 4.603439e-05
1 1654 2 3.862012e-04
2 1654 2 4.567252e-04
3 1654 2 6.031777e-04
4 1654 2 8.216793e-04
5 1654 2 1.029271e-03
6 1654 2 1.193878e-03
7 1654 2 1.257035e-03
8 1654 2 1.297375e-03
9 1654 2 1.080164e-03
10 1654 2 7.181719e-04
11 1654 2 5.334855e-04
12 1654 2 4.020576e-04
1 1655 2 2.145301e-04
2 1655 2 2.367576e-04
3 1655 2 2.952604e-04
4 1655 2 3.776542e-04
5 1655 2 4.642202e-04
6 1655 2 5.478549e-04
7 1655 2 5.760133e-04
8 1655 2 6.043834e-04
9 1655 2 5.597916e-04
10 1655 2 3.977850e-04
11 1655 2 3.024757e-04
12 1655 2 2.393383e-04
1 1658 2 4.745856e-05
2 1658 2 4.932191e-05
3 1658 2 5.643668e-05
4 1658 2 6.626973e-05
5 1658 2 8.118784e-05
6 1658 2 9.786220e-05
7 1658 2 1.078866e-04
8 1658 2 1.139399e-04
9 1658 2 1.113310e-04
10 1658 2 9.176929e-05
11 1658 2 7.053352e-05
12 1658 2 5.498101e-05
1 1659 2 8.128197e-03
2 1659 2 8.262637e-03
3 1659 2 9.129213e-03
4 1659 2 1.048071e-02
5 1659 2 1.282298e-02
6 1659 2 1.544466e-02
7 1659 2 1.726692e-02
8 1659 2 1.836977e-02
9 1659 2 1.806129e-02
10 1659 2 1.572787e-02
11 1659 2 1.191548e-02
12 1659 2 9.398272e-03
1 1734 2 2.299271e-03
2 1734 2 2.127068e-03
3 1734 2 2.018188e-03
4 1734 2 2.198405e-03
5 1734 2 2.472320e-03
6 1734 2 2.801468e-03
7 1734 2 3.197492e-03
8 1734 2 3.392130e-03
9 1734 2 3.409471e-03
10 1734 2 3.232349e-03
11 1734 2 2.884896e-03
12 1734 2 2.556752e-03
1 1735 2 2.075570e-03
2 1735 2 1.916054e-03
3 1735 2 1.825656e-03
4 1735 2 1.935936e-03
5 1735 2 2.164292e-03
6 1735 2 2.442789e-03
7 1735 2 2.817182e-03
8 1735 2 2.974418e-03
9 1735 2 2.958804e-03
10 1735 2 2.847628e-03
11 1735 2 2.543936e-03
12 1735 2 2.289356e-03
