1 391 2 1.278326e-06
2 391 2 1.141392e-06
3 391 2 1.670250e-06
4 391 2 4.371169e-06
5 391 2 1.829318e-05
6 391 2 4.052199e-05
7 391 2 4.434544e-05
8 391 2 3.073929e-05
9 391 2 1.298812e-05
10 391 2 4.993129e-06
11 391 2 2.592187e-06
12 391 2 1.333655e-06
1 484 2 3.590559e-07
2 484 2 3.259978e-07
3 484 2 5.257256e-07
4 484 2 1.197056e-06
5 484 2 4.632828e-06
6 484 2 9.617872e-06
7 484 2 1.050756e-05
8 484 2 7.408862e-06
9 484 2 3.694598e-06
10 484 2 1.463540e-06
11 484 2 5.813184e-07
12 484 2 3.018577e-07
1 485 2 2.346772e-07
2 485 2 2.021782e-07
3 485 2 3.441838e-07
4 485 2 8.538679e-07
5 485 2 3.419578e-06
6 485 2 7.569825e-06
7 485 2 8.092799e-06
8 485 2 5.478708e-06
9 485 2 2.538318e-06
10 485 2 9.176897e-07
11 485 2 3.956077e-07
12 485 2 2.059938e-07
1 486 2 2.840912e-07
2 486 2 2.373095e-07
3 486 2 4.214859e-07
4 486 2 1.148845e-06
5 486 2 4.770126e-06
6 486 2 1.143509e-05
7 486 2 1.214104e-05
8 486 2 7.900911e-06
9 486 2 3.344209e-06
10 486 2 1.079826e-06
11 486 2 4.954027e-07
12 486 2 2.618010e-07
1 487 2 3.687093e-07
2 487 2 3.045018e-07
3 487 2 5.615435e-07
4 487 2 1.675763e-06
5 487 2 7.044642e-06
6 487 2 1.801328e-05
7 487 2 1.923912e-05
8 487 2 1.231178e-05
9 487 2 4.848976e-06
10 487 2 1.446617e-06
11 487 2 6.727232e-07
12 487 2 3.583753e-07
1 488 2 1.884563e-07
2 488 2 1.558551e-07
3 488 2 2.976128e-07
4 488 2 9.584608e-07
5 488 2 4.020259e-06
6 488 2 1.070199e-05
7 488 2 1.167106e-05
8 488 2 7.497505e-06
9 488 2 2.802981e-06
10 488 2 8.057483e-07
11 488 2 3.720961e-07
12 488 2 1.952698e-07
1 489 2 4.306196e-08
2 489 2 3.587978e-08
3 489 2 6.921054e-08
4 489 2 2.328509e-07
5 489 2 9.824050e-07
6 489 2 2.678175e-06
7 489 2 3.023087e-06
8 489 2 1.968929e-06
9 489 2 7.043363e-07
10 489 2 1.987521e-07
11 489 2 9.361416e-08
12 489 2 4.784736e-08
1 490 2 9.116125e-08
2 490 2 7.675491e-08
3 490 2 1.435841e-07
4 490 2 4.836976e-07
5 490 2 2.069875e-06
6 490 2 5.731053e-06
7 490 2 6.713282e-06
8 490 2 4.462238e-06
9 490 2 1.547121e-06
10 490 2 4.324131e-07
11 490 2 2.140168e-07
12 490 2 1.080364e-07
1 579 2 2.475666e-07
2 579 2 2.218421e-07
3 579 2 3.430222e-07
4 579 2 6.963576e-07
5 579 2 2.333359e-06
6 579 2 4.615413e-06
7 579 2 5.814359e-06
8 579 2 4.258353e-06
9 579 2 2.274363e-06
10 579 2 9.307963e-07
11 579 2 3.638144e-07
12 579 2 1.827626e-07
1 580 2 3.178458e-06
2 580 2 2.693400e-06
3 580 2 4.409584e-06
4 580 2 9.570520e-06
5 580 2 3.185509e-05
6 580 2 6.373219e-05
7 580 2 7.450620e-05
8 580 2 5.430627e-05
9 580 2 2.942132e-05
10 580 2 1.153693e-05
11 580 2 4.655674e-06
12 580 2 2.457619e-06
1 581 2 3.199842e-06
2 581 2 2.594012e-06
3 581 2 4.491327e-06
4 581 2 1.078578e-05
5 581 2 3.626398e-05
6 581 2 7.582419e-05
7 581 2 8.193005e-05
8 581 2 5.838299e-05
9 581 2 3.084083e-05
10 581 2 1.077184e-05
11 581 2 4.661680e-06
12 581 2 2.630874e-06
1 582 2 1.290844e-06
2 582 2 1.003080e-06
3 582 2 1.851980e-06
4 582 2 4.924183e-06
5 582 2 1.677991e-05
6 582 2 3.696088e-05
7 582 2 3.790871e-05
8 582 2 2.651090e-05
9 582 2 1.354101e-05
10 582 2 4.173573e-06
11 582 2 1.887511e-06
12 582 2 1.122632e-06
1 583 2 7.295806e-07
2 583 2 5.528700e-07
3 583 2 1.118559e-06
4 583 2 3.236090e-06
5 583 2 1.117137e-05
6 583 2 2.567645e-05
7 583 2 2.604545e-05
8 583 2 1.817143e-05
9 583 2 9.073785e-06
10 583 2 2.568317e-06
11 583 2 1.135027e-06
12 583 2 6.800328e-07
1 584 2 2.737948e-07
2 584 2 2.092904e-07
3 584 2 4.662443e-07
4 584 2 1.455869e-06
5 584 2 5.185705e-06
6 584 2 1.220687e-05
7 584 2 1.255530e-05
8 584 2 8.787170e-06
9 584 2 4.289620e-06
10 584 2 1.145320e-06
11 584 2 4.854105e-07
12 584 2 2.820379e-07
1 585 2 2.244293e-05
2 585 2 1.768153e-05
3 585 2 4.178448e-05
4 585 2 1.397582e-04
5 585 2 5.298955e-04
6 585 2 1.266548e-03
7 585 2 1.332983e-03
8 585 2 9.272152e-04
9 585 2 4.350893e-04
10 585 2 1.082488e-04
11 585 2 4.574446e-05
12 585 2 2.570358e-05
1 586 2 1.022356e-06
2 586 2 8.279984e-07
3 586 2 1.971801e-06
4 586 2 6.800287e-06
5 586 2 2.745317e-05
6 586 2 6.750822e-05
7 586 2 7.330456e-05
8 586 2 5.046067e-05
9 586 2 2.265016e-05
10 586 2 5.254658e-06
11 586 2 2.291513e-06
12 586 2 1.271791e-06
1 587 2 1.151510e-07
2 587 2 9.487640e-08
3 587 2 2.207563e-07
4 587 2 7.492785e-07
5 587 2 3.066036e-06
6 587 2 7.829776e-06
7 587 2 8.771584e-06
8 587 2 6.034473e-06
9 587 2 2.665959e-06
10 587 2 6.108219e-07
11 587 2 2.738436e-07
12 587 2 1.530131e-07
1 675 2 8.752790e-07
2 675 2 7.277368e-07
3 675 2 1.079319e-06
4 675 2 1.971120e-06
5 675 2 4.974434e-06
6 675 2 8.626097e-06
7 675 2 1.178667e-05
8 675 2 9.589070e-06
9 675 2 5.530108e-06
10 675 2 2.744973e-06
11 675 2 1.373164e-06
12 675 2 7.141995e-07
1 676 2 2.908335e-06
2 676 2 2.307327e-06
3 676 2 3.612330e-06
4 676 2 6.932587e-06
5 676 2 1.791531e-05
6 676 2 3.090281e-05
7 676 2 3.953432e-05
8 676 2 3.169032e-05
9 676 2 1.872524e-05
10 676 2 8.687721e-06
11 676 2 4.286228e-06
12 676 2 2.364582e-06
1 677 2 1.198598e-05
2 677 2 8.962133e-06
3 677 2 1.498979e-05
4 677 2 3.092696e-05
5 677 2 8.214808e-05
6 677 2 1.426002e-04
7 677 2 1.699187e-04
8 677 2 1.337009e-04
9 677 2 7.934143e-05
10 677 2 3.331019e-05
11 677 2 1.627664e-05
12 677 2 9.494093e-06
1 678 2 4.187898e-06
2 678 2 2.938083e-06
3 678 2 5.486408e-06
4 678 2 1.240723e-05
5 678 2 3.328783e-05
6 678 2 5.952135e-05
7 678 2 6.876159e-05
8 678 2 5.305871e-05
9 678 2 3.108300e-05
10 678 2 1.174768e-05
11 678 2 5.580774e-06
12 678 2 3.351688e-06
1 679 2 8.064839e-07
2 679 2 5.612209e-07
3 679 2 1.165833e-06
4 679 2 2.787616e-06
5 679 2 7.191560e-06
6 679 2 1.364926e-05
7 679 2 1.614086e-05
8 679 2 1.233850e-05
9 679 2 7.158149e-06
10 679 2 2.548080e-06
11 679 2 1.176522e-06
12 679 2 7.259904e-07
1 680 2 2.133480e-05
2 680 2 1.599818e-05
3 680 2 3.425920e-05
4 680 2 8.235156e-05
5 680 2 1.955634e-04
6 680 2 3.882207e-04
7 680 2 4.755146e-04
8 680 2 3.675598e-04
9 680 2 2.155902e-04
10 680 2 7.716680e-05
11 680 2 3.588023e-05
12 680 2 2.342428e-05
1 681 2 1.783603e-04
2 681 2 1.481317e-04
3 681 2 3.086384e-04
4 681 2 7.505165e-04
5 681 2 1.685486e-03
6 681 2 3.313001e-03
7 681 2 4.081203e-03
8 681 2 3.217201e-03
9 681 2 1.931717e-03
10 681 2 7.127107e-04
11 681 2 3.358629e-04
12 681 2 2.302368e-04
1 682 2 5.293239e-06
2 682 2 4.744154e-06
3 682 2 9.639434e-06
4 682 2 2.420554e-05
5 682 2 5.531025e-05
6 682 2 1.065364e-04
7 682 2 1.290888e-04
8 682 2 1.023246e-04
9 682 2 6.230171e-05
10 682 2 2.338538e-05
11 682 2 1.080815e-05
12 682 2 7.327497e-06
1 683 2 4.584803e-07
2 683 2 4.351008e-07
3 683 2 8.789302e-07
4 683 2 2.237034e-06
5 683 2 5.370470e-06
6 683 2 1.061729e-05
7 683 2 1.260200e-05
8 683 2 9.830470e-06
9 683 2 5.976438e-06
10 683 2 2.271622e-06
11 683 2 1.009061e-06
12 683 2 6.492515e-07
1 771 2 1.724320e-06
2 771 2 1.337147e-06
3 771 2 1.853897e-06
4 771 2 2.736322e-06
5 771 2 5.261302e-06
6 771 2 8.768982e-06
7 771 2 1.294669e-05
8 771 2 1.139183e-05
9 771 2 6.991334e-06
10 771 2 4.313482e-06
11 771 2 2.697714e-06
12 771 2 1.575154e-06
1 773 2 2.890310e-06
2 773 2 2.072637e-06
3 773 2 3.234983e-06
4 773 2 4.977495e-06
5 773 2 9.631781e-06
6 773 2 1.548702e-05
7 773 2 2.137430e-05
8 773 2 1.864039e-05
9 773 2 1.204426e-05
10 773 2 6.846563e-06
11 773 2 4.048988e-06
12 773 2 2.503072e-06
1 774 2 8.148217e-06
2 774 2 5.724321e-06
3 774 2 9.420116e-06
4 774 2 1.516672e-05
5 774 2 2.951536e-05
6 774 2 4.734126e-05
7 774 2 6.385586e-05
8 774 2 5.527453e-05
9 774 2 3.598587e-05
10 774 2 1.906412e-05
11 774 2 1.086960e-05
12 774 2 7.017562e-06
1 775 2 8.185578e-06
2 775 2 5.951065e-06
3 775 2 9.494159e-06
4 775 2 1.505593e-05
5 775 2 2.840795e-05
6 775 2 4.601515e-05
7 775 2 6.247363e-05
8 775 2 5.395655e-05
9 775 2 3.564551e-05
10 775 2 1.835615e-05
11 775 2 1.066919e-05
12 775 2 7.421887e-06
1 776 2 4.418200e-05
2 776 2 3.451085e-05
3 776 2 4.991089e-05
4 776 2 7.334325e-05
5 776 2 1.278588e-04
6 776 2 2.076451e-04
7 776 2 2.881746e-04
8 776 2 2.553294e-04
9 776 2 1.749408e-04
10 776 2 9.371057e-05
11 776 2 5.850738e-05
12 776 2 4.412679e-05
1 779 2 9.753582e-07
2 779 2 9.057100e-07
3 779 2 1.173844e-06
4 779 2 1.804521e-06
5 779 2 3.037495e-06
6 779 2 4.657221e-06
7 779 2 5.966560e-06
8 779 2 5.594298e-06
9 779 2 4.173999e-06
10 779 2 2.449489e-06
11 779 2 1.550330e-06
12 779 2 1.153169e-06
1 780 2 1.766147e-05
2 780 2 1.802198e-05
3 780 2 2.501585e-05
4 780 2 4.323674e-05
5 780 2 7.946534e-05
6 780 2 1.273262e-04
7 780 2 1.557536e-04
8 780 2 1.416199e-04
9 780 2 1.025806e-04
10 780 2 5.585874e-05
11 780 2 3.160648e-05
12 780 2 2.226757e-05
1 781 2 3.223512e-05
2 781 2 3.548230e-05
3 781 2 5.430780e-05
4 781 2 1.050460e-04
5 781 2 2.200578e-04
6 781 2 3.641210e-04
7 781 2 4.251558e-04
8 781 2 3.684611e-04
9 781 2 2.546713e-04
10 781 2 1.279520e-04
11 781 2 6.319797e-05
12 781 2 4.256789e-05
1 866 2 1.668840e-07
2 866 2 1.393062e-07
3 866 2 1.681685e-07
4 866 2 2.049454e-07
5 866 2 3.185350e-07
6 866 2 5.328932e-07
7 866 2 8.399900e-07
8 866 2 7.659433e-07
9 866 2 4.931872e-07
10 866 2 3.309186e-07
11 866 2 2.265228e-07
12 866 2 1.590262e-07
1 867 2 1.576893e-07
2 867 2 1.283850e-07
3 867 2 1.595157e-07
4 867 2 1.927657e-07
5 867 2 3.018438e-07
6 867 2 4.889335e-07
7 867 2 7.582808e-07
8 867 2 6.888261e-07
9 867 2 4.462509e-07
10 867 2 3.037918e-07
11 867 2 2.139144e-07
12 867 2 1.502567e-07
1 868 2 1.010539e-05
2 868 2 8.025412e-06
3 868 2 1.027044e-05
4 868 2 1.224026e-05
5 868 2 1.918174e-05
6 868 2 3.035005e-05
7 868 2 4.609582e-05
8 868 2 4.185939e-05
9 868 2 2.750099e-05
10 868 2 1.892901e-05
11 868 2 1.348969e-05
12 868 2 9.544982e-06
1 869 2 2.326295e-06
2 869 2 1.799886e-06
3 869 2 2.359231e-06
4 869 2 2.773506e-06
5 869 2 4.310178e-06
6 869 2 6.710284e-06
7 869 2 1.000896e-05
8 869 2 9.193590e-06
9 869 2 6.177463e-06
10 869 2 4.279858e-06
11 869 2 3.046557e-06
12 869 2 2.197282e-06
1 870 2 4.431364e-06
2 870 2 3.426251e-06
3 870 2 4.480514e-06
4 870 2 5.268813e-06
5 870 2 8.244115e-06
6 870 2 1.277553e-05
7 870 2 1.874823e-05
8 870 2 1.732557e-05
9 870 2 1.185411e-05
10 870 2 8.040717e-06
11 870 2 5.620810e-06
12 870 2 4.143119e-06
1 871 2 2.084626e-07
2 871 2 1.671348e-07
3 871 2 2.088521e-07
4 871 2 2.456339e-07
5 871 2 3.803495e-07
6 871 2 5.867058e-07
7 871 2 8.536304e-07
8 871 2 7.935079e-07
9 871 2 5.556839e-07
10 871 2 3.633137e-07
11 871 2 2.546147e-07
12 871 2 1.934304e-07
1 877 2 3.969218e-05
2 877 2 3.912498e-05
3 877 2 4.471548e-05
4 877 2 5.996964e-05
5 877 2 9.717503e-05
6 877 2 1.360008e-04
7 877 2 1.738018e-04
8 877 2 1.724202e-04
9 877 2 1.401571e-04
10 877 2 8.670050e-05
11 877 2 5.725974e-05
12 877 2 4.449730e-05
1 878 2 6.232456e-06
2 878 2 6.460025e-06
3 878 2 8.406348e-06
4 878 2 1.319300e-05
5 878 2 2.519447e-05
6 878 2 3.543164e-05
7 878 2 4.427064e-05
8 878 2 4.175779e-05
9 878 2 3.164747e-05
10 878 2 1.741828e-05
11 878 2 1.007852e-05
12 878 2 7.402890e-06
1 914 2 2.109700e-04
2 914 2 1.992485e-04
3 914 2 2.737298e-04
4 914 2 4.142165e-04
5 914 2 6.235015e-04
6 914 2 8.964023e-04
7 914 2 1.049428e-03
8 914 2 1.055623e-03
9 914 2 8.371089e-04
10 914 2 6.146353e-04
11 914 2 3.990451e-04
12 914 2 2.682238e-04
1 915 2 3.331574e-03
2 915 2 3.178221e-03
3 915 2 4.814263e-03
4 915 2 8.107488e-03
5 915 2 1.311778e-02
6 915 2 1.920272e-02
7 915 2 2.224495e-02
8 915 2 2.173371e-02
9 915 2 1.623087e-02
10 915 2 1.113345e-02
11 915 2 6.719114e-03
12 915 2 4.224283e-03
1 916 2 1.806166e-03
2 916 2 1.726287e-03
3 916 2 2.706342e-03
4 916 2 4.787853e-03
5 916 2 8.152247e-03
6 916 2 1.211740e-02
7 916 2 1.410965e-02
8 916 2 1.345987e-02
9 916 2 9.698785e-03
10 916 2 6.451154e-03
11 916 2 3.734417e-03
12 916 2 2.285927e-03
1 961 2 9.040807e-06
2 961 2 8.626658e-06
3 961 2 9.306362e-06
4 961 2 1.086799e-05
5 961 2 1.548198e-05
6 961 2 2.612281e-05
7 961 2 4.379392e-05
8 961 2 4.120359e-05
9 961 2 2.809144e-05
10 961 2 1.851533e-05
11 961 2 1.249689e-05
12 961 2 9.046791e-06
1 962 2 3.320172e-06
2 962 2 3.139506e-06
3 962 2 3.393691e-06
4 962 2 3.857577e-06
5 962 2 5.449841e-06
6 962 2 8.814505e-06
7 962 2 1.470270e-05
8 962 2 1.382064e-05
9 962 2 9.288290e-06
10 962 2 6.394788e-06
11 962 2 4.503376e-06
12 962 2 3.294807e-06
1 963 2 3.442547e-08
2 963 2 3.164392e-08
3 963 2 3.499947e-08
4 963 2 3.877721e-08
5 963 2 5.501981e-08
6 963 2 8.697778e-08
7 963 2 1.437724e-07
8 963 2 1.348952e-07
9 963 2 8.940612e-08
10 963 2 6.303616e-08
11 963 2 4.563244e-08
12 963 2 3.381084e-08
1 964 2 1.082449e-07
2 964 2 9.731793e-08
3 964 2 1.099708e-07
4 964 2 1.184123e-07
5 964 2 1.671825e-07
6 964 2 2.609303e-07
7 964 2 4.228970e-07
8 964 2 3.976619e-07
9 964 2 2.612214e-07
10 964 2 1.883217e-07
11 964 2 1.393886e-07
12 964 2 1.056413e-07
1 975 2 6.671669e-06
2 975 2 7.253183e-06
3 975 2 9.179593e-06
4 975 2 1.342027e-05
5 975 2 2.539599e-05
6 975 2 3.428665e-05
7 975 2 4.856729e-05
8 975 2 4.522514e-05
9 975 2 3.511439e-05
10 975 2 1.738963e-05
11 975 2 9.995412e-06
12 975 2 7.425934e-06
1 976 2 1.059232e-04
2 976 2 1.238999e-04
3 976 2 1.763008e-04
4 976 2 3.051243e-04
5 976 2 6.636978e-04
6 976 2 9.312630e-04
7 976 2 1.371234e-03
8 976 2 1.160254e-03
9 976 2 8.276230e-04
10 976 2 3.448703e-04
11 976 2 1.743635e-04
12 976 2 1.229251e-04
1 977 2 2.200045e-05
2 977 2 2.712933e-05
3 977 2 4.475167e-05
4 977 2 8.906818e-05
5 977 2 1.876188e-04
6 977 2 2.655197e-04
7 977 2 3.910810e-04
8 977 2 3.230364e-04
9 977 2 2.228312e-04
10 977 2 8.786604e-05
11 977 2 3.966223e-05
12 977 2 2.657547e-05
1 978 2 1.435380e-05
2 978 2 1.900418e-05
3 978 2 3.688995e-05
4 978 2 8.470862e-05
5 978 2 1.619819e-04
6 978 2 2.345516e-04
7 978 2 3.464961e-04
8 978 2 2.895220e-04
9 978 2 1.930069e-04
10 978 2 7.582971e-05
11 978 2 2.997927e-05
12 978 2 1.828110e-05
1 979 2 4.592233e-06
2 979 2 6.268525e-06
3 979 2 1.310505e-05
4 979 2 3.348282e-05
5 979 2 6.158567e-05
6 979 2 9.469599e-05
7 979 2 1.394201e-04
8 979 2 1.166309e-04
9 979 2 7.519785e-05
10 979 2 3.010273e-05
11 979 2 1.110537e-05
12 979 2 6.235955e-06
1 980 2 2.372163e-06
2 980 2 3.267297e-06
3 980 2 7.115482e-06
4 980 2 1.998704e-05
5 980 2 3.790905e-05
6 980 2 6.225695e-05
7 980 2 9.157421e-05
8 980 2 7.633048e-05
9 980 2 4.698980e-05
10 980 2 1.852190e-05
11 980 2 6.583306e-06
12 980 2 3.385913e-06
1 981 2 7.140406e-06
2 981 2 1.002291e-05
3 981 2 2.195188e-05
4 981 2 6.453128e-05
5 981 2 1.261856e-04
6 981 2 2.268030e-04
7 981 2 3.420964e-04
8 981 2 2.873680e-04
9 981 2 1.711714e-04
10 981 2 6.493425e-05
11 981 2 2.253235e-05
12 981 2 1.087804e-05
1 982 2 6.747813e-06
2 982 2 9.430827e-06
3 982 2 1.994735e-05
4 982 2 5.668151e-05
5 982 2 1.133738e-04
6 982 2 2.232705e-04
7 982 2 3.407584e-04
8 982 2 2.879222e-04
9 982 2 1.708503e-04
10 982 2 6.408584e-05
11 982 2 2.300260e-05
12 982 2 1.107494e-05
1 983 2 4.815711e-06
2 983 2 6.782892e-06
3 983 2 1.451730e-05
4 983 2 4.127094e-05
5 983 2 8.541940e-05
6 983 2 1.801195e-04
7 983 2 2.710175e-04
8 983 2 2.272394e-04
9 983 2 1.321392e-04
10 983 2 4.843441e-05
11 983 2 1.758046e-05
12 983 2 8.465960e-06
1 984 2 7.872853e-07
2 984 2 1.094168e-06
3 984 2 2.373182e-06
4 984 2 6.814269e-06
5 984 2 1.455301e-05
6 984 2 3.288759e-05
7 984 2 4.982402e-05
8 984 2 4.165018e-05
9 984 2 2.353123e-05
10 984 2 8.428189e-06
11 984 2 3.053075e-06
12 984 2 1.478026e-06
1 1007 2 6.205081e-05
2 1007 2 5.997144e-05
3 1007 2 7.123816e-05
4 1007 2 8.793497e-05
5 1007 2 1.148809e-04
6 1007 2 1.598986e-04
7 1007 2 1.923782e-04
8 1007 2 1.892208e-04
9 1007 2 1.581607e-04
10 1007 2 1.229642e-04
11 1007 2 9.423789e-05
12 1007 2 7.352047e-05
1 1008 2 2.443176e-04
2 1008 2 2.406994e-04
3 1008 2 3.023217e-04
4 1008 2 4.034037e-04
5 1008 2 5.530234e-04
6 1008 2 8.001138e-04
7 1008 2 9.573831e-04
8 1008 2 9.264038e-04
9 1008 2 7.546251e-04
10 1008 2 5.588195e-04
11 1008 2 4.015770e-04
12 1008 2 2.942314e-04
1 1009 2 2.027682e-03
2 1009 2 2.016680e-03
3 1009 2 2.661723e-03
4 1009 2 3.807870e-03
5 1009 2 5.426594e-03
6 1009 2 8.018517e-03
7 1009 2 9.714379e-03
8 1009 2 9.369212e-03
9 1009 2 7.526039e-03
10 1009 2 5.294852e-03
11 1009 2 3.554625e-03
12 1009 2 2.474910e-03
1 1010 2 5.081524e-03
2 1010 2 5.162259e-03
3 1010 2 7.363934e-03
4 1010 2 1.163102e-02
5 1010 2 1.732167e-02
6 1010 2 2.541278e-02
7 1010 2 3.086300e-02
8 1010 2 2.950239e-02
9 1010 2 2.309807e-02
10 1010 2 1.507366e-02
11 1010 2 9.464535e-03
12 1010 2 6.283252e-03
1 1011 2 7.333631e-03
2 1011 2 7.572802e-03
3 1011 2 1.182578e-02
4 1011 2 2.077793e-02
5 1011 2 3.302897e-02
6 1011 2 4.839529e-02
7 1011 2 5.873498e-02
8 1011 2 5.466498e-02
9 1011 2 4.068864e-02
10 1011 2 2.428423e-02
11 1011 2 1.426048e-02
12 1011 2 9.103760e-03
1 1012 2 3.958034e-03
2 1012 2 4.143188e-03
3 1012 2 6.857362e-03
4 1012 2 1.287797e-02
5 1012 2 2.167995e-02
6 1012 2 3.162166e-02
7 1012 2 3.834269e-02
8 1012 2 3.523503e-02
9 1012 2 2.539257e-02
10 1012 2 1.437245e-02
11 1012 2 8.023715e-03
12 1012 2 4.991367e-03
1 1071 2 2.674308e-04
2 1071 2 2.748813e-04
3 1071 2 3.058464e-04
4 1071 2 3.631912e-04
5 1071 2 5.593384e-04
6 1071 2 7.675096e-04
7 1071 2 1.147795e-03
8 1071 2 1.174902e-03
9 1071 2 1.063626e-03
10 1071 2 5.762408e-04
11 1071 2 3.498347e-04
12 1071 2 2.873335e-04
1 1072 2 8.076854e-03
2 1072 2 9.423740e-03
3 1072 2 1.206776e-02
4 1072 2 1.700127e-02
5 1072 2 2.959378e-02
6 1072 2 4.060570e-02
7 1072 2 6.260354e-02
8 1072 2 6.087708e-02
9 1072 2 4.888262e-02
10 1072 2 2.174930e-02
11 1072 2 1.137894e-02
12 1072 2 8.617576e-03
1 1073 2 1.078026e-03
2 1073 2 1.423503e-03
3 1073 2 2.109332e-03
4 1073 2 3.466801e-03
5 1073 2 6.271264e-03
6 1073 2 8.705033e-03
7 1073 2 1.348113e-02
8 1073 2 1.267464e-02
9 1073 2 8.997212e-03
10 1073 2 3.638870e-03
11 1073 2 1.677480e-03
12 1073 2 1.159067e-03
1 1074 2 2.655523e-04
2 1074 2 3.671474e-04
3 1074 2 6.142271e-04
4 1074 2 1.133409e-03
5 1074 2 2.024643e-03
6 1074 2 2.900207e-03
7 1074 2 4.527063e-03
8 1074 2 4.213317e-03
9 1074 2 2.822768e-03
10 1074 2 1.097104e-03
11 1074 2 4.520724e-04
12 1074 2 2.896693e-04
1 1075 2 2.094993e-04
2 1075 2 2.969906e-04
3 1075 2 5.245762e-04
4 1075 2 1.069412e-03
5 1075 2 1.867875e-03
6 1075 2 2.835528e-03
7 1075 2 4.349618e-03
8 1075 2 3.916078e-03
9 1075 2 2.466950e-03
10 1075 2 9.685466e-04
11 1075 2 3.853353e-04
12 1075 2 2.378844e-04
1 1076 2 8.450159e-05
2 1076 2 1.266820e-04
3 1076 2 2.365422e-04
4 1076 2 5.350644e-04
5 1076 2 9.375363e-04
6 1076 2 1.509493e-03
7 1076 2 2.256552e-03
8 1076 2 1.974841e-03
9 1076 2 1.165989e-03
10 1076 2 4.674148e-04
11 1076 2 1.807792e-04
12 1076 2 1.021445e-04
1 1077 2 7.754662e-05
2 1077 2 1.201207e-04
3 1077 2 2.353916e-04
4 1077 2 5.725833e-04
5 1077 2 1.038589e-03
6 1077 2 1.829851e-03
7 1077 2 2.719795e-03
8 1077 2 2.324929e-03
9 1077 2 1.353270e-03
10 1077 2 5.337277e-04
11 1077 2 1.974163e-04
12 1077 2 9.991923e-05
1 1078 2 1.461881e-04
2 1078 2 2.192675e-04
3 1078 2 4.288599e-04
4 1078 2 1.080828e-03
5 1078 2 2.039923e-03
6 1078 2 3.936496e-03
7 1078 2 5.843875e-03
8 1078 2 4.955566e-03
9 1078 2 2.877234e-03
10 1078 2 1.126144e-03
11 1078 2 4.288709e-04
12 1078 2 2.032507e-04
1 1079 2 3.847431e-04
2 1079 2 5.773599e-04
3 1079 2 1.161305e-03
4 1079 2 3.066083e-03
5 1079 2 5.991041e-03
6 1079 2 1.220451e-02
7 1079 2 1.775880e-02
8 1079 2 1.522319e-02
9 1079 2 8.601292e-03
10 1079 2 3.354062e-03
11 1079 2 1.288728e-03
12 1079 2 5.922086e-04
1 1080 2 4.716821e-04
2 1080 2 6.866084e-04
3 1080 2 1.334187e-03
4 1080 2 3.379185e-03
5 1080 2 6.741008e-03
6 1080 2 1.469746e-02
7 1080 2 2.141201e-02
8 1080 2 1.855249e-02
9 1080 2 1.047762e-02
10 1080 2 4.103812e-03
11 1080 2 1.569366e-03
12 1080 2 7.486458e-04
1 1081 2 1.678251e-04
2 1081 2 2.220526e-04
3 1081 2 3.998483e-04
4 1081 2 9.352444e-04
5 1081 2 1.871480e-03
6 1081 2 4.345833e-03
7 1081 2 6.476623e-03
8 1081 2 5.577354e-03
9 1081 2 3.264740e-03
10 1081 2 1.307957e-03
11 1081 2 5.107145e-04
12 1081 2 2.570988e-04
1 1082 2 8.036093e-05
2 1082 2 1.019638e-04
3 1082 2 1.876652e-04
4 1082 2 4.431110e-04
5 1082 2 8.780099e-04
6 1082 2 2.098520e-03
7 1082 2 3.098057e-03
8 1082 2 2.607350e-03
9 1082 2 1.569192e-03
10 1082 2 6.478644e-04
11 1082 2 2.544564e-04
12 1082 2 1.285572e-04
1 1085 2 9.253521e-07
2 1085 2 1.132893e-06
3 1085 2 2.461317e-06
4 1085 2 6.078680e-06
5 1085 2 1.282815e-05
6 1085 2 2.822495e-05
7 1085 2 4.145793e-05
8 1085 2 3.342937e-05
9 1085 2 2.073766e-05
10 1085 2 9.040185e-06
11 1085 2 3.307443e-06
12 1085 2 1.702365e-06
1 1086 2 4.951977e-05
2 1086 2 5.968163e-05
3 1086 2 1.226654e-04
4 1086 2 2.951478e-04
5 1086 2 6.489856e-04
6 1086 2 1.348035e-03
7 1086 2 2.016056e-03
8 1086 2 1.625207e-03
9 1086 2 1.021500e-03
10 1086 2 4.575368e-04
11 1086 2 1.672511e-04
12 1086 2 8.770862e-05
1 1087 2 2.330224e-05
2 1087 2 2.584317e-05
3 1087 2 4.811555e-05
4 1087 2 1.048424e-04
5 1087 2 2.337960e-04
6 1087 2 4.590126e-04
7 1087 2 7.122716e-04
8 1087 2 5.882909e-04
9 1087 2 3.848841e-04
10 1087 2 1.846709e-04
11 1087 2 6.950172e-05
12 1087 2 3.897493e-05
1 1103 2 3.420863e-04
2 1103 2 3.298962e-04
3 1103 2 3.933601e-04
4 1103 2 4.584016e-04
5 1103 2 5.798573e-04
6 1103 2 8.255453e-04
7 1103 2 1.058215e-03
8 1103 2 1.049575e-03
9 1103 2 8.780031e-04
10 1103 2 6.668086e-04
11 1103 2 5.089019e-04
12 1103 2 4.015326e-04
1 1104 2 2.933787e-03
2 1104 2 2.872508e-03
3 1104 2 3.676055e-03
4 1104 2 4.666889e-03
5 1104 2 6.185751e-03
6 1104 2 9.174115e-03
7 1104 2 1.178242e-02
8 1104 2 1.153302e-02
9 1104 2 9.367746e-03
10 1104 2 6.599735e-03
11 1104 2 4.679703e-03
12 1104 2 3.502743e-03
1 1105 2 4.797084e-03
2 1105 2 4.926554e-03
3 1105 2 6.972790e-03
4 1105 2 1.016462e-02
5 1105 2 1.437778e-02
6 1105 2 2.201881e-02
7 1105 2 2.896107e-02
8 1105 2 2.759107e-02
9 1105 2 2.110105e-02
10 1105 2 1.303183e-02
11 1105 2 8.160579e-03
12 1105 2 5.746564e-03
1 1106 2 3.468656e-03
2 1106 2 3.729571e-03
3 1106 2 5.714248e-03
4 1106 2 9.406664e-03
5 1106 2 1.414249e-02
6 1106 2 2.179476e-02
7 1106 2 2.915470e-02
8 1106 2 2.693100e-02
9 1106 2 1.976259e-02
10 1106 2 1.083132e-02
11 1106 2 6.116036e-03
12 1106 2 4.123717e-03
1 1107 2 2.566169e-03
2 1107 2 2.908218e-03
3 1107 2 4.716182e-03
4 1107 2 8.275860e-03
5 1107 2 1.287273e-02
6 1107 2 1.982123e-02
7 1107 2 2.670053e-02
8 1107 2 2.433042e-02
9 1107 2 1.739312e-02
10 1107 2 8.684369e-03
11 1107 2 4.694501e-03
12 1107 2 3.053728e-03
1 1108 2 7.766113e-04
2 1108 2 9.302063e-04
3 1108 2 1.584499e-03
4 1108 2 2.891182e-03
5 1108 2 4.715756e-03
6 1108 2 7.297791e-03
7 1108 2 1.001361e-02
8 1108 2 9.249099e-03
9 1108 2 6.414128e-03
10 1108 2 2.885418e-03
11 1108 2 1.516488e-03
12 1108 2 9.563049e-04
1 1167 2 8.446910e-04
2 1167 2 8.153558e-04
3 1167 2 8.408799e-04
4 1167 2 9.453639e-04
5 1167 2 1.415540e-03
6 1167 2 2.008879e-03
7 1167 2 3.015070e-03
8 1167 2 3.199094e-03
9 1167 2 3.082910e-03
10 1167 2 1.731408e-03
11 1167 2 1.002723e-03
12 1167 2 8.441392e-04
1 1168 2 1.519428e-03
2 1168 2 1.717214e-03
3 1168 2 2.073850e-03
4 1168 2 2.847986e-03
5 1168 2 5.032250e-03
6 1168 2 7.516742e-03
7 1168 2 1.217446e-02
8 1168 2 1.220158e-02
9 1168 2 9.812324e-03
10 1168 2 4.217039e-03
11 1168 2 1.919854e-03
12 1168 2 1.414971e-03
1 1169 2 2.976893e-04
2 1169 2 4.181968e-04
3 1169 2 6.013243e-04
4 1169 2 9.662473e-04
5 1169 2 1.774982e-03
6 1169 2 2.749507e-03
7 1169 2 4.450558e-03
8 1169 2 4.127136e-03
9 1169 2 2.758810e-03
10 1169 2 1.061521e-03
11 1169 2 4.262401e-04
12 1169 2 2.728204e-04
1 1170 2 2.657667e-04
2 1170 2 4.184211e-04
3 1170 2 6.972547e-04
4 1170 2 1.251230e-03
5 1170 2 2.264604e-03
6 1170 2 3.538870e-03
7 1170 2 5.706082e-03
8 1170 2 5.406735e-03
9 1170 2 3.436699e-03
10 1170 2 1.268724e-03
11 1170 2 4.502306e-04
12 1170 2 2.565250e-04
1 1171 2 3.105692e-04
2 1171 2 4.936567e-04
3 1171 2 8.597618e-04
4 1171 2 1.673760e-03
5 1171 2 3.004316e-03
6 1171 2 4.756509e-03
7 1171 2 7.366470e-03
8 1171 2 7.082227e-03
9 1171 2 4.425711e-03
10 1171 2 1.672230e-03
11 1171 2 5.702700e-04
12 1171 2 3.100389e-04
1 1172 2 1.460210e-04
2 1172 2 2.299369e-04
3 1172 2 3.744144e-04
4 1172 2 7.590719e-04
5 1172 2 1.321763e-03
6 1172 2 2.138519e-03
7 1172 2 3.084992e-03
8 1172 2 2.877760e-03
9 1172 2 1.760430e-03
10 1172 2 7.131621e-04
11 1172 2 2.682561e-04
12 1172 2 1.453098e-04
1 1173 2 1.920700e-04
2 1173 2 3.158416e-04
3 1173 2 5.183546e-04
4 1173 2 1.096941e-03
5 1173 2 1.924375e-03
6 1173 2 3.446578e-03
7 1173 2 4.966224e-03
8 1173 2 4.422822e-03
9 1173 2 2.556689e-03
10 1173 2 1.009318e-03
11 1173 2 4.006521e-04
12 1173 2 2.053539e-04
1 1174 2 1.710174e-04
2 1174 2 2.656801e-04
3 1174 2 4.512645e-04
4 1174 2 9.886054e-04
5 1174 2 1.829383e-03
6 1174 2 3.565486e-03
7 1174 2 5.011525e-03
8 1174 2 4.369027e-03
9 1174 2 2.458917e-03
10 1174 2 1.009789e-03
11 1174 2 4.254213e-04
12 1174 2 2.026788e-04
1 1175 2 1.072073e-03
2 1175 2 1.572038e-03
3 1175 2 2.755613e-03
4 1175 2 6.490245e-03
5 1175 2 1.251658e-02
6 1175 2 2.564916e-02
7 1175 2 3.492718e-02
8 1175 2 3.068337e-02
9 1175 2 1.677332e-02
10 1175 2 7.005028e-03
11 1175 2 2.998647e-03
12 1175 2 1.357312e-03
1 1176 2 1.750909e-03
2 1176 2 2.588462e-03
3 1176 2 4.750396e-03
4 1176 2 1.123467e-02
5 1176 2 2.133102e-02
6 1176 2 4.497272e-02
7 1176 2 5.988724e-02
8 1176 2 5.314094e-02
9 1176 2 2.920104e-02
10 1176 2 1.237696e-02
11 1176 2 5.313621e-03
12 1176 2 2.406985e-03
1 1177 2 5.262405e-03
2 1177 2 7.625965e-03
3 1177 2 1.417130e-02
4 1177 2 3.183364e-02
5 1177 2 6.019728e-02
6 1177 2 1.304899e-01
7 1177 2 1.741608e-01
8 1177 2 1.541621e-01
9 1177 2 8.713574e-02
10 1177 2 3.790808e-02
11 1177 2 1.612288e-02
12 1177 2 7.520529e-03
1 1178 2 4.670108e-03
2 1178 2 6.387840e-03
3 1178 2 1.178608e-02
4 1178 2 2.520250e-02
5 1178 2 4.710821e-02
6 1178 2 1.043824e-01
7 1178 2 1.408180e-01
8 1178 2 1.248606e-01
9 1178 2 7.247526e-02
10 1178 2 3.329502e-02
11 1178 2 1.394397e-02
12 1178 2 6.817933e-03
1 1179 2 2.005885e-03
2 1179 2 2.595110e-03
3 1179 2 4.957057e-03
4 1179 2 1.035959e-02
5 1179 2 1.937948e-02
6 1179 2 4.284633e-02
7 1179 2 5.866086e-02
8 1179 2 5.143716e-02
9 1179 2 3.055975e-02
10 1179 2 1.459870e-02
11 1179 2 5.898852e-03
12 1179 2 3.012892e-03
1 1180 2 2.398215e-03
2 1180 2 3.048630e-03
3 1180 2 6.235240e-03
4 1180 2 1.288244e-02
5 1180 2 2.426668e-02
6 1180 2 5.263073e-02
7 1180 2 7.288742e-02
8 1180 2 6.265665e-02
9 1180 2 3.780839e-02
10 1180 2 1.840650e-02
11 1180 2 7.126999e-03
12 1180 2 3.782546e-03
1 1181 2 5.545016e-03
2 1181 2 6.809930e-03
3 1181 2 1.394382e-02
4 1181 2 2.811476e-02
5 1181 2 5.454733e-02
6 1181 2 1.157850e-01
7 1181 2 1.645293e-01
8 1181 2 1.401279e-01
9 1181 2 8.647159e-02
10 1181 2 4.254565e-02
11 1181 2 1.621605e-02
12 1181 2 8.917659e-03
1 1182 2 2.414397e-03
2 1182 2 2.703844e-03
3 1182 2 4.944623e-03
4 1182 2 9.368854e-03
5 1182 2 1.839437e-02
6 1182 2 3.686915e-02
7 1182 2 5.415061e-02
8 1182 2 4.686473e-02
9 1182 2 3.122862e-02
10 1182 2 1.608647e-02
11 1182 2 6.406084e-03
12 1182 2 3.784392e-03
1 1183 2 7.260042e-06
2 1183 2 7.421944e-06
3 1183 2 1.200177e-05
4 1183 2 2.091511e-05
5 1183 2 4.071101e-05
6 1183 2 7.636723e-05
7 1183 2 1.151823e-04
8 1183 2 1.037682e-04
9 1183 2 7.628454e-05
10 1183 2 4.149360e-05
11 1183 2 1.718743e-05
12 1183 2 1.093672e-05
1 1200 2 9.365702e-04
2 1200 2 9.717075e-04
3 1200 2 1.267042e-03
4 1200 2 1.650442e-03
5 1200 2 2.309728e-03
6 1200 2 3.719468e-03
7 1200 2 5.410292e-03
8 1200 2 5.219494e-03
9 1200 2 3.921279e-03
10 1200 2 2.297747e-03
11 1200 2 1.458288e-03
12 1200 2 1.061004e-03
1 1201 2 2.159513e-03
2 1201 2 2.297998e-03
3 1201 2 3.127842e-03
4 1201 2 4.427924e-03
5 1201 2 6.459665e-03
6 1201 2 1.039550e-02
7 1201 2 1.577104e-02
8 1201 2 1.516354e-02
9 1201 2 1.093840e-02
10 1201 2 5.805924e-03
11 1201 2 3.464989e-03
12 1201 2 2.494675e-03
1 1202 2 2.552349e-03
2 1202 2 2.737600e-03
3 1202 2 3.799317e-03
4 1202 2 5.611411e-03
5 1202 2 8.407840e-03
6 1202 2 1.346902e-02
7 1202 2 2.025582e-02
8 1202 2 1.973905e-02
9 1202 2 1.424175e-02
10 1202 2 7.205132e-03
11 1202 2 4.186848e-03
12 1202 2 2.990939e-03
1 1203 2 4.077858e-04
2 1203 2 4.539063e-04
3 1203 2 6.409464e-04
4 1203 2 9.788271e-04
5 1203 2 1.511366e-03
6 1203 2 2.460729e-03
7 1203 2 3.703898e-03
8 1203 2 3.541486e-03
9 1203 2 2.494064e-03
10 1203 2 1.190176e-03
11 1203 2 6.826576e-04
12 1203 2 4.847859e-04
1 1263 2 3.713481e-04
2 1263 2 3.378558e-04
3 1263 2 3.429429e-04
4 1263 2 3.840567e-04
5 1263 2 5.827413e-04
6 1263 2 9.084146e-04
7 1263 2 1.365573e-03
8 1263 2 1.482255e-03
9 1263 2 1.428194e-03
10 1263 2 7.926016e-04
11 1263 2 4.280555e-04
12 1263 2 3.605585e-04
1 1264 2 9.211169e-03
2 1264 2 9.410275e-03
3 1264 2 1.069846e-02
4 1264 2 1.492083e-02
5 1264 2 2.707236e-02
6 1264 2 4.709538e-02
7 1264 2 7.892996e-02
8 1264 2 8.588637e-02
9 1264 2 7.216747e-02
10 1264 2 3.066096e-02
11 1264 2 1.182467e-02
12 1264 2 8.295809e-03
1 1265 2 4.056727e-04
2 1265 2 5.057610e-04
3 1265 2 6.657564e-04
4 1265 2 1.120126e-03
5 1265 2 2.194337e-03
6 1265 2 3.972559e-03
7 1265 2 6.583533e-03
8 1265 2 6.434430e-03
9 1265 2 4.372835e-03
10 1265 2 1.662804e-03
11 1265 2 5.629398e-04
12 1265 2 3.466200e-04
1 1266 2 1.201629e-04
2 1266 2 1.812524e-04
3 1266 2 2.717183e-04
4 1266 2 4.924458e-04
5 1266 2 9.744256e-04
6 1266 2 1.796999e-03
7 1266 2 2.935620e-03
8 1266 2 2.741871e-03
9 1266 2 1.613016e-03
10 1266 2 5.721178e-04
11 1266 2 1.883609e-04
12 1266 2 1.047448e-04
1 1267 2 7.749923e-04
2 1267 2 1.249171e-03
3 1267 2 2.001166e-03
4 1267 2 3.675208e-03
5 1267 2 6.948432e-03
6 1267 2 1.215480e-02
7 1267 2 1.833187e-02
8 1267 2 1.769357e-02
9 1267 2 1.122019e-02
10 1267 2 4.329566e-03
11 1267 2 1.438793e-03
12 1267 2 7.218694e-04
1 1268 2 1.276813e-03
2 1268 2 1.896613e-03
3 1268 2 2.802476e-03
4 1268 2 5.183283e-03
5 1268 2 8.680568e-03
6 1268 2 1.335862e-02
7 1268 2 1.693666e-02
8 1268 2 1.643572e-02
9 1268 2 1.186880e-02
10 1268 2 5.764786e-03
11 1268 2 2.232118e-03
12 1268 2 1.160544e-03
1 1269 2 1.529240e-03
2 1269 2 2.344248e-03
3 1269 2 3.332579e-03
4 1269 2 6.778988e-03
5 1269 2 1.115309e-02
6 1269 2 1.940899e-02
7 1269 2 2.522332e-02
8 1269 2 2.356542e-02
9 1269 2 1.440033e-02
10 1269 2 6.372788e-03
11 1269 2 2.640063e-03
12 1269 2 1.400478e-03
1 1270 2 5.045847e-04
2 1270 2 7.809015e-04
3 1270 2 1.159333e-03
4 1270 2 2.456787e-03
5 1270 2 4.251354e-03
6 1270 2 8.045224e-03
7 1270 2 1.067977e-02
8 1270 2 9.649952e-03
9 1270 2 5.323627e-03
10 1270 2 2.341818e-03
11 1270 2 1.040662e-03
12 1270 2 5.238136e-04
1 1271 2 2.329509e-03
2 1271 2 3.435085e-03
3 1271 2 5.232759e-03
4 1271 2 1.129288e-02
5 1271 2 2.006624e-02
6 1271 2 3.843104e-02
7 1271 2 5.032581e-02
8 1271 2 4.527470e-02
9 1271 2 2.530317e-02
10 1271 2 1.143902e-02
11 1271 2 5.367319e-03
12 1271 2 2.579303e-03
1 1272 2 2.748457e-03
2 1272 2 3.957120e-03
3 1272 2 6.233886e-03
4 1272 2 1.333051e-02
5 1272 2 2.317813e-02
6 1272 2 4.472302e-02
7 1272 2 5.757508e-02
8 1272 2 5.282068e-02
9 1272 2 2.982035e-02
10 1272 2 1.404224e-02
11 1272 2 6.743369e-03
12 1272 2 3.236779e-03
1 1273 2 4.055261e-03
2 1273 2 5.751092e-03
3 1273 2 9.573872e-03
4 1273 2 1.989445e-02
5 1273 2 3.471902e-02
6 1273 2 6.726964e-02
7 1273 2 8.517420e-02
8 1273 2 7.803723e-02
9 1273 2 4.464505e-02
10 1273 2 2.191142e-02
11 1273 2 1.056025e-02
12 1273 2 5.119445e-03
1 1274 2 5.882436e-03
2 1274 2 8.172469e-03
3 1274 2 1.416718e-02
4 1274 2 2.870478e-02
5 1274 2 4.953194e-02
6 1274 2 9.574719e-02
7 1274 2 1.210406e-01
8 1274 2 1.114365e-01
9 1274 2 6.537134e-02
10 1274 2 3.316712e-02
11 1274 2 1.565160e-02
12 1274 2 7.871109e-03
1 1275 2 5.280211e-03
2 1275 2 7.102072e-03
3 1275 2 1.275572e-02
4 1275 2 2.511207e-02
5 1275 2 4.372737e-02
6 1275 2 8.436154e-02
7 1275 2 1.079372e-01
8 1275 2 9.846069e-02
9 1275 2 5.858771e-02
10 1275 2 3.041539e-02
11 1275 2 1.364637e-02
12 1275 2 7.240095e-03
1 1276 2 1.236785e-02
2 1276 2 1.557390e-02
3 1276 2 2.802654e-02
4 1276 2 5.142249e-02
5 1276 2 8.902317e-02
6 1276 2 1.723341e-01
7 1276 2 2.270879e-01
8 1276 2 2.077463e-01
9 1276 2 1.282833e-01
10 1276 2 6.970794e-02
11 1276 2 3.089554e-02
12 1276 2 1.748999e-02
1 1277 2 1.794070e-02
2 1277 2 2.043564e-02
3 1277 2 3.399883e-02
4 1277 2 5.607034e-02
5 1277 2 9.505436e-02
6 1277 2 1.804372e-01
7 1277 2 2.430774e-01
8 1277 2 2.251266e-01
9 1277 2 1.533378e-01
10 1277 2 8.957141e-02
11 1277 2 4.107288e-02
12 1277 2 2.542797e-02
1 1278 2 2.572600e-04
2 1278 2 2.650530e-04
3 1278 2 3.939478e-04
4 1278 2 6.096403e-04
5 1278 2 1.035595e-03
6 1278 2 1.892700e-03
7 1278 2 2.585880e-03
8 1278 2 2.419077e-03
9 1278 2 1.798058e-03
10 1278 2 1.104835e-03
11 1278 2 5.266215e-04
12 1278 2 3.562212e-04
1 1299 2 4.056097e-05
2 1299 2 4.301910e-05
3 1299 2 5.334089e-05
4 1299 2 7.609941e-05
5 1299 2 1.237396e-04
6 1299 2 2.022897e-04
7 1299 2 3.020163e-04
8 1299 2 2.956655e-04
9 1299 2 2.221460e-04
10 1299 2 1.145505e-04
11 1299 2 6.529231e-05
12 1299 2 4.797152e-05
1 1360 2 8.399509e-03
2 1360 2 7.806044e-03
3 1360 2 8.067965e-03
4 1360 2 1.021898e-02
5 1360 2 1.684878e-02
6 1360 2 2.844977e-02
7 1360 2 4.273300e-02
8 1360 2 4.851559e-02
9 1360 2 4.548783e-02
10 1360 2 2.387201e-02
11 1360 2 1.071428e-02
12 1360 2 8.014264e-03
1 1361 2 1.253112e-02
2 1361 2 1.437610e-02
3 1361 2 1.732126e-02
4 1361 2 2.789515e-02
5 1361 2 5.280693e-02
6 1361 2 9.386226e-02
7 1361 2 1.461740e-01
8 1361 2 1.542364e-01
9 1361 2 1.220158e-01
10 1361 2 5.371777e-02
11 1361 2 1.871950e-02
12 1361 2 1.165313e-02
1 1362 2 9.135446e-04
2 1362 2 1.216953e-03
3 1362 2 1.625571e-03
4 1362 2 2.956758e-03
5 1362 2 5.994875e-03
6 1362 2 1.083902e-02
7 1362 2 1.645795e-02
8 1362 2 1.562465e-02
9 1362 2 1.066115e-02
10 1362 2 4.407023e-03
11 1362 2 1.461250e-03
12 1362 2 8.304690e-04
1 1363 2 6.159847e-04
2 1363 2 8.476783e-04
3 1363 2 1.137427e-03
4 1363 2 2.097819e-03
5 1363 2 4.110341e-03
6 1363 2 7.182542e-03
7 1363 2 1.025239e-02
8 1363 2 9.277098e-03
9 1363 2 6.435628e-03
10 1363 2 2.852626e-03
11 1363 2 1.041703e-03
12 1363 2 5.794996e-04
1 1364 2 9.822120e-04
2 1364 2 1.389220e-03
3 1364 2 1.906757e-03
4 1364 2 3.544885e-03
5 1364 2 6.351999e-03
6 1364 2 1.015404e-02
7 1364 2 1.277514e-02
8 1364 2 1.146715e-02
9 1364 2 7.961647e-03
10 1364 2 4.034900e-03
11 1364 2 1.645156e-03
12 1364 2 9.099375e-04
1 1365 2 4.771437e-04
2 1365 2 7.245112e-04
3 1365 2 1.038213e-03
4 1365 2 2.056456e-03
5 1365 2 3.525791e-03
6 1365 2 5.933264e-03
7 1365 2 7.083461e-03
8 1365 2 6.345561e-03
9 1365 2 3.845615e-03
10 1365 2 1.810189e-03
11 1365 2 7.852564e-04
12 1365 2 4.268014e-04
1 1366 2 1.309396e-03
2 1366 2 1.963260e-03
3 1366 2 2.736729e-03
4 1366 2 5.386980e-03
5 1366 2 9.109416e-03
6 1366 2 1.538845e-02
7 1366 2 1.944408e-02
8 1366 2 1.807391e-02
9 1366 2 1.038509e-02
10 1366 2 4.866491e-03
11 1366 2 2.339174e-03
12 1366 2 1.249099e-03
1 1367 2 3.144904e-03
2 1367 2 4.425507e-03
3 1367 2 6.007382e-03
4 1367 2 1.154064e-02
5 1367 2 1.927674e-02
6 1367 2 3.205693e-02
7 1367 2 4.169335e-02
8 1367 2 4.000330e-02
9 1367 2 2.400507e-02
10 1367 2 1.172285e-02
11 1367 2 6.088180e-03
12 1367 2 3.200506e-03
1 1368 2 2.828017e-03
2 1368 2 3.811492e-03
3 1368 2 5.381223e-03
4 1368 2 1.023033e-02
5 1368 2 1.668508e-02
6 1368 2 2.775075e-02
7 1368 2 3.532493e-02
8 1368 2 3.389206e-02
9 1368 2 2.107035e-02
10 1368 2 1.092387e-02
11 1368 2 5.921014e-03
12 1368 2 3.139212e-03
1 1369 2 4.247877e-03
2 1369 2 5.653488e-03
3 1369 2 8.275525e-03
4 1369 2 1.569753e-02
5 1369 2 2.520390e-02
6 1369 2 4.240850e-02
7 1369 2 5.302908e-02
8 1369 2 5.049041e-02
9 1369 2 3.187763e-02
10 1369 2 1.722633e-02
11 1369 2 9.568237e-03
12 1369 2 5.119596e-03
1 1370 2 5.930135e-03
2 1370 2 7.706891e-03
3 1370 2 1.171738e-02
4 1370 2 2.202869e-02
5 1370 2 3.468340e-02
6 1370 2 5.923886e-02
7 1370 2 7.343470e-02
8 1370 2 6.952997e-02
9 1370 2 4.379259e-02
10 1370 2 2.428001e-02
11 1370 2 1.343319e-02
12 1370 2 7.362414e-03
1 1371 2 7.486580e-03
2 1371 2 9.405415e-03
3 1371 2 1.456162e-02
4 1371 2 2.598848e-02
5 1371 2 4.095160e-02
6 1371 2 7.043594e-02
7 1371 2 8.775085e-02
8 1371 2 8.260179e-02
9 1371 2 5.266646e-02
10 1371 2 3.047975e-02
11 1371 2 1.646716e-02
12 1371 2 9.397278e-03
1 1372 2 5.103772e-03
2 1372 2 6.026688e-03
3 1372 2 8.996338e-03
4 1372 2 1.453154e-02
5 1372 2 2.230013e-02
6 1372 2 3.748460e-02
7 1372 2 4.643435e-02
8 1372 2 4.441935e-02
9 1372 2 3.061125e-02
10 1372 2 1.924912e-02
11 1372 2 1.050825e-02
12 1372 2 6.505352e-03
1 1457 2 1.280679e-02
2 1457 2 1.287762e-02
3 1457 2 1.335298e-02
4 1457 2 1.837948e-02
5 1457 2 2.988322e-02
6 1457 2 4.883301e-02
7 1457 2 7.414430e-02
8 1457 2 7.918553e-02
9 1457 2 7.207460e-02
10 1457 2 4.192132e-02
11 1457 2 1.880954e-02
12 1457 2 1.314901e-02
1 1458 2 1.213865e-03
2 1458 2 1.426906e-03
3 1458 2 1.610326e-03
4 1458 2 2.591939e-03
5 1458 2 4.691563e-03
6 1458 2 7.692368e-03
7 1458 2 1.107407e-02
8 1458 2 1.055128e-02
9 1458 2 8.711850e-03
10 1458 2 4.741742e-03
11 1458 2 1.902477e-03
12 1458 2 1.191062e-03
1 1459 2 2.368652e-03
2 1459 2 3.064944e-03
3 1459 2 3.808169e-03
4 1459 2 6.833778e-03
5 1459 2 1.291098e-02
6 1459 2 2.115356e-02
7 1459 2 2.489076e-02
8 1459 2 2.069433e-02
9 1459 2 1.653968e-02
10 1459 2 9.162921e-03
11 1459 2 3.860740e-03
12 1459 2 2.298500e-03
1 1460 2 8.690634e-04
2 1460 2 1.201749e-03
3 1460 2 1.652547e-03
4 1460 2 3.152645e-03
5 1460 2 5.882526e-03
6 1460 2 9.673089e-03
7 1460 2 1.046937e-02
8 1460 2 8.562192e-03
9 1460 2 5.794697e-03
10 1460 2 3.112229e-03
11 1460 2 1.460234e-03
12 1460 2 8.358212e-04
1 1461 2 7.450445e-04
2 1461 2 1.073391e-03
3 1461 2 1.583954e-03
4 1461 2 3.035852e-03
5 1461 2 5.043797e-03
6 1461 2 7.894841e-03
7 1461 2 8.858856e-03
8 1461 2 7.618717e-03
9 1461 2 4.697254e-03
10 1461 2 2.428027e-03
11 1461 2 1.238436e-03
12 1461 2 6.955669e-04
1 1462 2 2.741109e-03
2 1462 2 3.805785e-03
3 1462 2 5.283302e-03
4 1462 2 9.394014e-03
5 1462 2 1.468559e-02
6 1462 2 2.179902e-02
7 1462 2 2.644519e-02
8 1462 2 2.526331e-02
9 1462 2 1.624848e-02
10 1462 2 8.368980e-03
11 1462 2 4.633492e-03
12 1462 2 2.656875e-03
1 1463 2 8.632238e-03
2 1463 2 1.118795e-02
3 1463 2 1.443995e-02
4 1463 2 2.453449e-02
5 1463 2 3.786798e-02
6 1463 2 5.494008e-02
7 1463 2 6.897165e-02
8 1463 2 7.069010e-02
9 1463 2 4.809073e-02
10 1463 2 2.624143e-02
11 1463 2 1.548562e-02
12 1463 2 9.026039e-03
1 1464 2 5.425588e-03
2 1464 2 6.739375e-03
3 1464 2 8.665786e-03
4 1464 2 1.437447e-02
5 1464 2 2.182218e-02
6 1464 2 3.165804e-02
7 1464 2 3.942964e-02
8 1464 2 4.056149e-02
9 1464 2 2.886331e-02
10 1464 2 1.661130e-02
11 1464 2 1.020698e-02
12 1464 2 6.084586e-03
1 1465 2 5.995292e-03
2 1465 2 7.359005e-03
3 1465 2 9.594873e-03
4 1465 2 1.562042e-02
5 1465 2 2.345367e-02
6 1465 2 3.478041e-02
7 1465 2 4.323147e-02
8 1465 2 4.376553e-02
9 1465 2 3.132050e-02
10 1465 2 1.864131e-02
11 1465 2 1.173201e-02
12 1465 2 7.104537e-03
1 1466 2 7.954817e-03
2 1466 2 9.680710e-03
3 1466 2 1.291868e-02
4 1466 2 2.053605e-02
5 1466 2 3.041674e-02
6 1466 2 4.511413e-02
7 1466 2 5.472505e-02
8 1466 2 5.395640e-02
9 1466 2 3.902791e-02
10 1466 2 2.407766e-02
11 1466 2 1.538707e-02
12 1466 2 9.654516e-03
1 1467 2 5.266886e-03
2 1467 2 6.120591e-03
3 1467 2 7.992972e-03
4 1467 2 1.184368e-02
5 1467 2 1.695048e-02
6 1467 2 2.500033e-02
7 1467 2 3.017062e-02
8 1467 2 2.995889e-02
9 1467 2 2.271722e-02
10 1467 2 1.504269e-02
11 1467 2 9.679253e-03
12 1467 2 6.366422e-03
1 1468 2 1.330409e-04
2 1468 2 1.426290e-04
3 1468 2 1.726064e-04
4 1468 2 2.341346e-04
5 1468 2 3.262284e-04
6 1468 2 4.767476e-04
7 1468 2 5.793101e-04
8 1468 2 5.894674e-04
9 1468 2 4.857426e-04
10 1468 2 3.463000e-04
11 1468 2 2.243599e-04
12 1468 2 1.575635e-04
1 1557 2 5.265443e-06
2 1557 2 7.046088e-06
3 1557 2 1.038424e-05
4 1557 2 1.790213e-05
5 1557 2 2.739726e-05
6 1557 2 3.623565e-05
7 1557 2 3.883674e-05
8 1557 2 3.456817e-05
9 1557 2 2.337810e-05
10 1557 2 1.344762e-05
11 1557 2 8.501803e-06
12 1557 2 5.171125e-06
1 1558 2 4.083371e-03
2 1558 2 5.225871e-03
3 1558 2 7.193759e-03
4 1558 2 1.126913e-02
5 1558 2 1.591208e-02
6 1558 2 2.094734e-02
7 1558 2 2.331247e-02
8 1558 2 2.348888e-02
9 1558 2 1.761444e-02
10 1558 2 1.011909e-02
11 1558 2 6.504779e-03
12 1558 2 4.070910e-03
1 1559 2 8.468422e-03
2 1559 2 9.929675e-03
3 1559 2 1.263627e-02
4 1559 2 1.818409e-02
5 1559 2 2.456741e-02
6 1559 2 3.174873e-02
7 1559 2 3.579684e-02
8 1559 2 3.721777e-02
9 1559 2 3.096409e-02
10 1559 2 1.955838e-02
11 1559 2 1.349216e-02
12 1559 2 9.234253e-03
1 1560 2 2.000536e-03
2 1560 2 2.253306e-03
3 1560 2 2.767079e-03
4 1560 2 3.812408e-03
5 1560 2 5.089275e-03
6 1560 2 6.596541e-03
7 1560 2 7.521799e-03
8 1560 2 7.918372e-03
9 1560 2 6.906528e-03
10 1560 2 4.602103e-03
11 1560 2 3.270737e-03
12 1560 2 2.288768e-03
1 1561 2 1.932016e-04
2 1561 2 2.142107e-04
3 1561 2 2.619297e-04
4 1561 2 3.526898e-04
5 1561 2 4.689662e-04
6 1561 2 6.102629e-04
7 1561 2 7.093510e-04
8 1561 2 7.466838e-04
9 1561 2 6.514323e-04
10 1561 2 4.480563e-04
11 1561 2 3.187112e-04
12 1561 2 2.249053e-04
1 1562 2 3.857064e-03
2 1562 2 4.246381e-03
3 1562 2 5.150812e-03
4 1562 2 6.818565e-03
5 1562 2 9.171925e-03
6 1562 2 1.208804e-02
7 1562 2 1.407376e-02
8 1562 2 1.473854e-02
9 1562 2 1.292549e-02
10 1562 2 9.181566e-03
11 1562 2 6.451883e-03
12 1562 2 4.582772e-03
1 1563 2 1.700291e-02
2 1563 2 1.802728e-02
3 1563 2 2.106327e-02
4 1563 2 2.642570e-02
5 1563 2 3.481911e-02
6 1563 2 4.581848e-02
7 1563 2 5.344534e-02
8 1563 2 5.594499e-02
9 1563 2 5.042829e-02
10 1563 2 3.861861e-02
11 1563 2 2.727959e-02
12 1563 2 2.012278e-02
1 1638 2 4.583086e-05
2 1638 2 4.137016e-05
3 1638 2 3.733681e-05
4 1638 2 4.065894e-05
5 1638 2 4.848478e-05
6 1638 2 5.745194e-05
7 1638 2 6.615567e-05
8 1638 2 7.082279e-05
9 1638 2 7.043535e-05
10 1638 2 6.550367e-05
11 1638 2 5.726355e-05
12 1638 2 5.158251e-05
1 1654 2 4.319982e-04
2 1654 2 5.108852e-04
3 1654 2 6.747045e-04
4 1654 2 9.191166e-04
5 1654 2 1.151326e-03
6 1654 2 1.335451e-03
7 1654 2 1.406098e-03
8 1654 2 1.451221e-03
9 1654 2 1.208253e-03
10 1654 2 8.033350e-04
11 1654 2 5.967480e-04
12 1654 2 4.497349e-04
1 1655 2 2.396820e-04
2 1655 2 2.645153e-04
3 1655 2 3.298772e-04
4 1655 2 4.219309e-04
5 1655 2 5.186460e-04
6 1655 2 6.120861e-04
7 1655 2 6.435459e-04
8 1655 2 6.752422e-04
9 1655 2 6.254223e-04
10 1655 2 4.444219e-04
11 1655 2 3.379383e-04
12 1655 2 2.673986e-04
1 1658 2 5.315358e-05
2 1658 2 5.524054e-05
3 1658 2 6.320908e-05
4 1658 2 7.422209e-05
5 1658 2 9.093038e-05
6 1658 2 1.096057e-04
7 1658 2 1.208330e-04
8 1658 2 1.276127e-04
9 1658 2 1.246907e-04
10 1658 2 1.027816e-04
11 1658 2 7.899754e-05
12 1658 2 6.157873e-05
1 1659 2 9.097558e-03
2 1659 2 9.248031e-03
3 1659 2 1.021795e-02
4 1659 2 1.173063e-02
5 1659 2 1.435223e-02
6 1659 2 1.728658e-02
7 1659 2 1.932616e-02
8 1659 2 2.056053e-02
9 1659 2 2.021526e-02
10 1659 2 1.760356e-02
11 1659 2 1.333651e-02
12 1659 2 1.051910e-02
1 1734 2 2.575783e-03
2 1734 2 2.382871e-03
3 1734 2 2.260898e-03
4 1734 2 2.462787e-03
5 1734 2 2.769643e-03
6 1734 2 3.138375e-03
7 1734 2 3.582026e-03
8 1734 2 3.800071e-03
9 1734 2 3.819497e-03
10 1734 2 3.621075e-03
11 1734 2 3.231837e-03
12 1734 2 2.864230e-03
1 1735 2 2.325134e-03
2 1735 2 2.146438e-03
3 1735 2 2.045171e-03
4 1735 2 2.168710e-03
5 1735 2 2.424525e-03
6 1735 2 2.736507e-03
7 1735 2 3.155917e-03
8 1735 2 3.332059e-03
9 1735 2 3.314567e-03
10 1735 2 3.190023e-03
11 1735 2 2.849816e-03
12 1735 2 2.564625e-03
