1 391 2 1.409038e-06
2 391 2 1.258103e-06
3 391 2 1.841038e-06
4 391 2 4.818134e-06
5 391 2 2.016372e-05
6 391 2 4.466549e-05
7 391 2 4.887989e-05
8 391 2 3.388248e-05
9 391 2 1.431620e-05
10 391 2 5.503691e-06
11 391 2 2.857246e-06
12 391 2 1.470025e-06
1 484 2 3.959682e-07
2 484 2 3.595116e-07
3 484 2 5.797722e-07
4 484 2 1.320118e-06
5 484 2 5.109100e-06
6 484 2 1.060663e-05
7 484 2 1.158777e-05
8 484 2 8.170520e-06
9 484 2 4.074417e-06
10 484 2 1.613998e-06
11 484 2 6.410801e-07
12 484 2 3.328898e-07
1 485 2 2.586749e-07
2 485 2 2.228526e-07
3 485 2 3.793796e-07
4 485 2 9.411831e-07
5 485 2 3.769259e-06
6 485 2 8.343904e-06
7 485 2 8.920356e-06
8 485 2 6.038952e-06
9 485 2 2.797883e-06
10 485 2 1.011531e-06
11 485 2 4.360620e-07
12 485 2 2.270584e-07
1 486 2 3.132065e-07
2 486 2 2.616304e-07
3 486 2 4.646823e-07
4 486 2 1.266585e-06
5 486 2 5.258997e-06
6 486 2 1.260703e-05
7 486 2 1.338533e-05
8 486 2 8.710642e-06
9 486 2 3.686943e-06
10 486 2 1.190493e-06
11 486 2 5.461744e-07
12 486 2 2.886319e-07
1 487 2 4.063968e-07
2 487 2 3.356264e-07
3 487 2 6.189415e-07
4 487 2 1.847050e-06
5 487 2 7.764708e-06
6 487 2 1.985450e-05
7 487 2 2.120564e-05
8 487 2 1.357023e-05
9 487 2 5.344612e-06
10 487 2 1.594483e-06
11 487 2 7.414854e-07
12 487 2 3.950065e-07
1 488 2 2.075725e-07
2 488 2 1.716643e-07
3 488 2 3.278013e-07
4 488 2 1.055683e-06
5 488 2 4.428056e-06
6 488 2 1.178755e-05
7 488 2 1.285491e-05
8 488 2 8.258018e-06
9 488 2 3.087302e-06
10 488 2 8.874797e-07
11 488 2 4.098398e-07
12 488 2 2.150771e-07
1 489 2 4.754251e-08
2 489 2 3.961304e-08
3 489 2 7.641182e-08
4 489 2 2.570787e-07
5 489 2 1.084623e-06
6 489 2 2.956836e-06
7 489 2 3.337636e-06
8 489 2 2.173794e-06
9 489 2 7.776218e-07
10 489 2 2.194321e-07
11 489 2 1.033546e-07
12 489 2 5.282583e-08
1 490 2 1.007046e-07
2 490 2 8.479009e-08
3 490 2 1.586154e-07
4 490 2 5.343341e-07
5 490 2 2.286563e-06
6 490 2 6.331015e-06
7 490 2 7.416070e-06
8 490 2 4.929373e-06
9 490 2 1.709084e-06
10 490 2 4.776808e-07
11 490 2 2.364214e-07
12 490 2 1.193463e-07
1 579 2 2.728716e-07
2 579 2 2.445177e-07
3 579 2 3.780841e-07
4 579 2 7.675355e-07
5 579 2 2.571863e-06
6 579 2 5.087176e-06
7 579 2 6.408671e-06
8 579 2 4.693619e-06
9 579 2 2.506836e-06
10 579 2 1.025937e-06
11 579 2 4.010016e-07
12 579 2 2.014436e-07
1 580 2 3.506064e-06
2 580 2 2.971011e-06
3 580 2 4.864084e-06
4 580 2 1.055696e-05
5 580 2 3.513843e-05
6 580 2 7.030114e-05
7 580 2 8.218563e-05
8 580 2 5.990367e-05
9 580 2 3.245380e-05
10 580 2 1.272606e-05
11 580 2 5.135539e-06
12 580 2 2.710929e-06
1 581 2 3.528200e-06
2 581 2 2.860201e-06
3 581 2 4.952213e-06
4 581 2 1.189258e-05
5 581 2 3.998528e-05
6 581 2 8.360504e-05
7 581 2 9.033747e-05
8 581 2 6.437407e-05
9 581 2 3.400562e-05
10 581 2 1.187722e-05
11 581 2 5.140048e-06
12 581 2 2.900846e-06
1 582 2 1.424143e-06
2 582 2 1.106663e-06
3 582 2 2.043224e-06
4 582 2 5.432677e-06
5 582 2 1.851268e-05
6 582 2 4.077763e-05
7 582 2 4.182334e-05
8 582 2 2.924854e-05
9 582 2 1.493931e-05
10 582 2 4.604556e-06
11 582 2 2.082424e-06
12 582 2 1.238560e-06
1 583 2 8.066143e-07
2 583 2 6.112455e-07
3 583 2 1.236664e-06
4 583 2 3.577777e-06
5 583 2 1.235091e-05
6 583 2 2.838754e-05
7 583 2 2.879549e-05
8 583 2 2.009008e-05
9 583 2 1.003185e-05
10 583 2 2.839497e-06
11 583 2 1.254871e-06
12 583 2 7.518349e-07
1 584 2 3.021907e-07
2 584 2 2.309964e-07
3 584 2 5.145996e-07
4 584 2 1.606861e-06
5 584 2 5.723526e-06
6 584 2 1.347287e-05
7 584 2 1.385744e-05
8 584 2 9.698508e-06
9 584 2 4.734506e-06
10 584 2 1.264104e-06
11 584 2 5.357535e-07
12 584 2 3.112887e-07
1 585 2 2.472864e-05
2 585 2 1.948231e-05
3 585 2 4.604004e-05
4 585 2 1.539919e-04
5 585 2 5.838628e-04
6 585 2 1.395540e-03
7 585 2 1.468742e-03
8 585 2 1.021648e-03
9 585 2 4.794011e-04
10 585 2 1.192734e-04
11 585 2 5.040332e-05
12 585 2 2.832137e-05
1 586 2 1.125655e-06
2 586 2 9.116598e-07
3 586 2 2.171033e-06
4 586 2 7.487392e-06
5 586 2 3.022705e-05
6 586 2 7.432930e-05
7 586 2 8.071129e-05
8 586 2 5.555925e-05
9 586 2 2.493874e-05
10 586 2 5.785591e-06
11 586 2 2.523049e-06
12 586 2 1.400294e-06
1 587 2 1.270663e-07
2 587 2 1.046937e-07
3 587 2 2.435991e-07
4 587 2 8.268101e-07
5 587 2 3.383294e-06
6 587 2 8.639962e-06
7 587 2 9.679224e-06
8 587 2 6.658890e-06
9 587 2 2.941820e-06
10 587 2 6.740267e-07
11 587 2 3.021796e-07
12 587 2 1.688461e-07
1 675 2 9.645016e-07
2 675 2 8.019195e-07
3 675 2 1.189340e-06
4 675 2 2.172048e-06
5 675 2 5.481509e-06
6 675 2 9.505409e-06
7 675 2 1.298816e-05
8 675 2 1.056654e-05
9 675 2 6.093826e-06
10 675 2 3.024785e-06
11 675 2 1.513139e-06
12 675 2 7.870023e-07
1 676 2 3.207942e-06
2 676 2 2.545020e-06
3 676 2 3.984460e-06
4 676 2 7.646760e-06
5 676 2 1.976089e-05
6 676 2 3.408632e-05
7 676 2 4.360701e-05
8 676 2 3.495496e-05
9 676 2 2.065425e-05
10 676 2 9.582702e-06
11 676 2 4.727782e-06
12 676 2 2.608173e-06
1 677 2 1.319791e-05
2 677 2 9.868316e-06
3 677 2 1.650545e-05
4 677 2 3.405406e-05
5 677 2 9.045427e-05
6 677 2 1.570188e-04
7 677 2 1.870996e-04
8 677 2 1.472197e-04
9 677 2 8.736383e-05
10 677 2 3.667826e-05
11 677 2 1.792241e-05
12 677 2 1.045406e-05
1 678 2 4.615171e-06
2 678 2 3.237842e-06
3 678 2 6.046161e-06
4 678 2 1.367308e-05
5 678 2 3.668404e-05
6 678 2 6.559405e-05
7 678 2 7.577703e-05
8 678 2 5.847205e-05
9 678 2 3.425426e-05
10 678 2 1.294625e-05
11 678 2 6.150156e-06
12 678 2 3.693646e-06
1 679 2 8.883661e-07
2 679 2 6.182015e-07
3 679 2 1.284200e-06
4 679 2 3.070642e-06
5 679 2 7.921717e-06
6 679 2 1.503506e-05
7 679 2 1.777964e-05
8 679 2 1.359123e-05
9 679 2 7.884915e-06
10 679 2 2.806786e-06
11 679 2 1.295974e-06
12 679 2 7.997001e-07
1 680 2 2.349430e-05
2 680 2 1.761750e-05
3 680 2 3.772690e-05
4 680 2 9.068713e-05
5 680 2 2.153582e-04
6 680 2 4.275162e-04
7 680 2 5.236458e-04
8 680 2 4.047640e-04
9 680 2 2.374121e-04
10 680 2 8.497757e-05
11 680 2 3.951201e-05
12 680 2 2.579527e-05
1 681 2 1.964986e-04
2 681 2 1.631958e-04
3 681 2 3.400252e-04
4 681 2 8.268398e-04
5 681 2 1.856890e-03
6 681 2 3.649914e-03
7 681 2 4.496237e-03
8 681 2 3.544372e-03
9 681 2 2.128162e-03
10 681 2 7.851893e-04
11 681 2 3.700183e-04
12 681 2 2.536505e-04
1 682 2 5.833704e-06
2 682 2 5.228555e-06
3 682 2 1.062367e-05
4 682 2 2.667704e-05
5 682 2 6.095769e-05
6 682 2 1.174142e-04
7 682 2 1.422693e-04
8 682 2 1.127724e-04
9 682 2 6.866301e-05
10 682 2 2.577314e-05
11 682 2 1.191171e-05
12 682 2 8.075669e-06
1 683 2 5.060741e-07
2 683 2 4.802677e-07
3 683 2 9.701700e-07
4 683 2 2.469256e-06
5 683 2 5.927967e-06
6 683 2 1.171945e-05
7 683 2 1.391019e-05
8 683 2 1.085095e-05
9 683 2 6.596839e-06
10 683 2 2.507434e-06
11 683 2 1.113809e-06
12 683 2 7.166489e-07
1 771 2 1.900178e-06
2 771 2 1.473519e-06
3 771 2 2.042971e-06
4 771 2 3.015393e-06
5 771 2 5.797889e-06
6 771 2 9.663307e-06
7 771 2 1.426709e-05
8 771 2 1.255366e-05
9 771 2 7.704361e-06
10 771 2 4.753402e-06
11 771 2 2.972846e-06
12 771 2 1.735800e-06
1 773 2 3.189308e-06
2 773 2 2.287048e-06
3 773 2 3.569636e-06
4 773 2 5.492408e-06
5 773 2 1.062817e-05
6 773 2 1.708912e-05
7 773 2 2.358543e-05
8 773 2 2.056871e-05
9 773 2 1.329022e-05
10 773 2 7.554828e-06
11 773 2 4.467848e-06
12 773 2 2.762010e-06
1 774 2 8.989679e-06
2 774 2 6.315468e-06
3 774 2 1.039293e-05
4 774 2 1.673298e-05
5 774 2 3.256339e-05
6 774 2 5.223016e-05
7 774 2 7.045022e-05
8 774 2 6.098270e-05
9 774 2 3.970211e-05
10 774 2 2.103286e-05
11 774 2 1.199210e-05
12 774 2 7.742261e-06
1 775 2 9.008642e-06
2 775 2 6.549448e-06
3 775 2 1.044880e-05
4 775 2 1.656981e-05
5 775 2 3.126439e-05
6 775 2 5.064200e-05
7 775 2 6.875539e-05
8 775 2 5.938191e-05
9 775 2 3.922968e-05
10 775 2 2.020187e-05
11 775 2 1.174198e-05
12 775 2 8.168162e-06
1 776 2 4.864345e-05
2 776 2 3.799572e-05
3 776 2 5.495083e-05
4 776 2 8.074937e-05
5 776 2 1.407698e-04
6 776 2 2.286128e-04
7 776 2 3.172742e-04
8 776 2 2.811122e-04
9 776 2 1.926061e-04
10 776 2 1.031734e-04
11 776 2 6.441539e-05
12 776 2 4.858266e-05
1 779 2 1.074997e-06
2 779 2 9.982343e-07
3 779 2 1.293760e-06
4 779 2 1.988865e-06
5 779 2 3.347795e-06
6 779 2 5.132987e-06
7 779 2 6.576084e-06
8 779 2 6.165792e-06
9 779 2 4.600401e-06
10 779 2 2.699721e-06
11 779 2 1.708707e-06
12 779 2 1.270973e-06
1 780 2 1.948203e-05
2 780 2 1.987970e-05
3 780 2 2.759451e-05
4 780 2 4.769362e-05
5 780 2 8.765671e-05
6 780 2 1.404511e-04
7 780 2 1.718088e-04
8 780 2 1.562182e-04
9 780 2 1.131548e-04
10 780 2 6.161672e-05
11 780 2 3.486451e-05
12 780 2 2.456293e-05
1 781 2 3.561091e-05
2 781 2 3.919815e-05
3 781 2 5.999512e-05
4 781 2 1.160468e-04
5 781 2 2.431031e-04
6 781 2 4.022532e-04
7 781 2 4.696798e-04
8 781 2 4.070478e-04
9 781 2 2.813415e-04
10 781 2 1.413516e-04
11 781 2 6.981631e-05
12 781 2 4.702577e-05
1 866 2 1.843740e-07
2 866 2 1.539060e-07
3 866 2 1.857932e-07
4 866 2 2.264244e-07
5 866 2 3.519186e-07
6 866 2 5.887423e-07
7 866 2 9.280239e-07
8 866 2 8.462168e-07
9 866 2 5.448750e-07
10 866 2 3.656000e-07
11 866 2 2.502631e-07
12 866 2 1.756927e-07
1 867 2 1.736269e-07
2 867 2 1.413608e-07
3 867 2 1.756380e-07
4 867 2 2.122486e-07
5 867 2 3.323511e-07
6 867 2 5.383501e-07
7 867 2 8.349204e-07
8 867 2 7.584459e-07
9 867 2 4.913535e-07
10 867 2 3.344960e-07
11 867 2 2.355348e-07
12 867 2 1.654432e-07
1 868 2 1.115328e-05
2 868 2 8.857621e-06
3 868 2 1.133545e-05
4 868 2 1.350954e-05
5 868 2 2.117082e-05
6 868 2 3.349725e-05
7 868 2 5.087580e-05
8 868 2 4.620008e-05
9 868 2 3.035276e-05
10 868 2 2.089189e-05
11 868 2 1.488852e-05
12 868 2 1.053477e-05
1 869 2 2.572326e-06
2 869 2 1.990243e-06
3 869 2 2.608745e-06
4 869 2 3.066835e-06
5 869 2 4.766026e-06
6 869 2 7.419970e-06
7 869 2 1.106751e-05
8 869 2 1.016591e-05
9 869 2 6.830797e-06
10 869 2 4.732500e-06
11 869 2 3.368764e-06
12 869 2 2.429668e-06
1 870 2 4.873412e-06
2 870 2 3.768035e-06
3 870 2 4.927465e-06
4 870 2 5.794400e-06
5 870 2 9.066502e-06
6 870 2 1.404994e-05
7 870 2 2.061845e-05
8 870 2 1.905387e-05
9 870 2 1.303661e-05
10 870 2 8.842815e-06
11 870 2 6.181511e-06
12 870 2 4.556413e-06
1 871 2 2.294322e-07
2 871 2 1.839472e-07
3 871 2 2.298609e-07
4 871 2 2.703426e-07
5 871 2 4.186096e-07
6 871 2 6.457236e-07
7 871 2 9.394985e-07
8 871 2 8.733282e-07
9 871 2 6.115811e-07
10 871 2 3.998600e-07
11 871 2 2.802269e-07
12 871 2 2.128879e-07
1 877 2 4.378494e-05
2 877 2 4.315926e-05
3 877 2 4.932621e-05
4 877 2 6.615326e-05
5 877 2 1.071950e-04
6 877 2 1.500242e-04
7 877 2 1.917230e-04
8 877 2 1.901989e-04
9 877 2 1.546090e-04
10 877 2 9.564040e-05
11 877 2 6.316393e-05
12 877 2 4.908553e-05
1 878 2 6.872908e-06
2 878 2 7.123862e-06
3 878 2 9.270191e-06
4 878 2 1.454872e-05
5 878 2 2.778348e-05
6 878 2 3.907262e-05
7 878 2 4.881993e-05
8 878 2 4.604885e-05
9 878 2 3.489959e-05
10 878 2 1.920819e-05
11 878 2 1.111419e-05
12 878 2 8.163616e-06
1 914 2 2.332081e-04
2 914 2 2.202511e-04
3 914 2 3.025835e-04
4 914 2 4.578788e-04
5 914 2 6.892242e-04
6 914 2 9.908913e-04
7 914 2 1.160047e-03
8 914 2 1.166896e-03
9 914 2 9.253478e-04
10 914 2 6.794235e-04
11 914 2 4.411081e-04
12 914 2 2.964971e-04
1 915 2 3.672998e-03
2 915 2 3.503930e-03
3 915 2 5.307636e-03
4 915 2 8.938356e-03
5 915 2 1.446211e-02
6 915 2 2.117064e-02
7 915 2 2.452465e-02
8 915 2 2.396101e-02
9 915 2 1.789424e-02
10 915 2 1.227442e-02
11 915 2 7.407699e-03
12 915 2 4.657194e-03
1 916 2 1.994348e-03
2 916 2 1.906147e-03
3 916 2 2.988312e-03
4 916 2 5.286695e-03
5 916 2 9.001621e-03
6 916 2 1.337989e-02
7 916 2 1.557972e-02
8 916 2 1.486224e-02
9 916 2 1.070929e-02
10 916 2 7.123292e-03
11 916 2 4.123502e-03
12 916 2 2.524095e-03
1 961 2 9.971814e-06
2 961 2 9.515017e-06
3 961 2 1.026472e-05
4 961 2 1.198716e-05
5 961 2 1.707629e-05
6 961 2 2.881290e-05
7 961 2 4.830375e-05
8 961 2 4.544666e-05
9 961 2 3.098425e-05
10 961 2 2.042200e-05
11 961 2 1.378380e-05
12 961 2 9.978414e-06
1 962 2 3.662116e-06
2 962 2 3.462844e-06
3 962 2 3.743208e-06
4 962 2 4.254869e-06
5 962 2 6.011121e-06
6 962 2 9.722311e-06
7 962 2 1.621693e-05
8 962 2 1.524403e-05
9 962 2 1.024489e-05
10 962 2 7.053388e-06
11 962 2 4.967178e-06
12 962 2 3.634139e-06
1 963 2 3.792986e-08
2 963 2 3.486516e-08
3 963 2 3.856229e-08
4 963 2 4.272459e-08
5 963 2 6.062063e-08
6 963 2 9.583181e-08
7 963 2 1.584079e-07
8 963 2 1.486270e-07
9 963 2 9.850734e-08
10 963 2 6.945301e-08
11 963 2 5.027766e-08
12 963 2 3.725267e-08
1 964 2 1.192638e-07
2 964 2 1.072245e-07
3 964 2 1.211654e-07
4 964 2 1.304662e-07
5 964 2 1.842010e-07
6 964 2 2.874921e-07
7 964 2 4.659464e-07
8 964 2 4.381425e-07
9 964 2 2.878128e-07
10 964 2 2.074921e-07
11 964 2 1.535778e-07
12 964 2 1.163952e-07
1 975 2 7.353694e-06
2 975 2 7.994655e-06
3 975 2 1.011800e-05
4 975 2 1.479219e-05
5 975 2 2.799215e-05
6 975 2 3.779167e-05
7 975 2 5.353218e-05
8 975 2 4.984837e-05
9 975 2 3.870403e-05
10 975 2 1.916732e-05
11 975 2 1.101721e-05
12 975 2 8.185066e-06
1 976 2 1.167838e-04
2 976 2 1.366039e-04
3 976 2 1.943776e-04
4 976 2 3.364098e-04
5 976 2 7.317491e-04
6 976 2 1.026749e-03
7 976 2 1.511832e-03
8 976 2 1.279219e-03
9 976 2 9.124821e-04
10 976 2 3.802311e-04
11 976 2 1.922416e-04
12 976 2 1.355290e-04
1 977 2 2.423676e-05
2 977 2 2.988698e-05
3 977 2 4.930061e-05
4 977 2 9.812182e-05
5 977 2 2.066900e-04
6 977 2 2.925093e-04
7 977 2 4.308337e-04
8 977 2 3.558725e-04
9 977 2 2.454816e-04
10 977 2 9.679748e-05
11 977 2 4.369383e-05
12 977 2 2.927682e-05
1 978 2 1.586115e-05
2 978 2 2.099989e-05
3 978 2 4.076392e-05
4 978 2 9.360423e-05
5 978 2 1.789922e-04
6 978 2 2.591829e-04
7 978 2 3.828831e-04
8 978 2 3.199259e-04
9 978 2 2.132754e-04
10 978 2 8.379290e-05
11 978 2 3.312752e-05
12 978 2 2.020088e-05
1 979 2 5.065969e-06
2 979 2 6.915189e-06
3 979 2 1.445697e-05
4 979 2 3.693692e-05
5 979 2 6.793887e-05
6 979 2 1.044649e-04
7 979 2 1.538027e-04
8 979 2 1.286626e-04
9 979 2 8.295529e-05
10 979 2 3.320813e-05
11 979 2 1.225100e-05
12 979 2 6.879258e-06
1 980 2 2.615049e-06
2 980 2 3.601835e-06
3 980 2 7.844036e-06
4 980 2 2.203352e-05
5 980 2 4.179056e-05
6 980 2 6.863144e-05
7 980 2 1.009505e-04
8 980 2 8.414596e-05
9 980 2 5.180108e-05
10 980 2 2.041836e-05
11 980 2 7.257371e-06
12 980 2 3.732596e-06
1 981 2 7.867692e-06
2 981 2 1.104380e-05
3 981 2 2.418780e-05
4 981 2 7.110412e-05
5 981 2 1.390382e-04
6 981 2 2.499040e-04
7 981 2 3.769407e-04
8 981 2 3.166378e-04
9 981 2 1.886060e-04
10 981 2 7.154814e-05
11 981 2 2.482739e-05
12 981 2 1.198603e-05
1 982 2 7.432969e-06
2 982 2 1.038841e-05
3 982 2 2.197275e-05
4 982 2 6.243681e-05
5 982 2 1.248854e-04
6 982 2 2.459408e-04
7 982 2 3.753581e-04
8 982 2 3.171570e-04
9 982 2 1.881980e-04
10 982 2 7.059295e-05
11 982 2 2.533823e-05
12 982 2 1.219946e-05
1 983 2 5.305165e-06
2 983 2 7.472284e-06
3 983 2 1.599280e-05
4 983 2 4.546558e-05
5 983 2 9.410115e-05
6 983 2 1.984262e-04
7 983 2 2.985628e-04
8 983 2 2.503353e-04
9 983 2 1.455694e-04
10 983 2 5.335713e-05
11 983 2 1.936728e-05
12 983 2 9.326413e-06
1 984 2 8.688184e-07
2 984 2 1.207482e-06
3 984 2 2.618955e-06
4 984 2 7.519971e-06
5 984 2 1.606015e-05
6 984 2 3.629351e-05
7 984 2 5.498392e-05
8 984 2 4.596357e-05
9 984 2 2.596818e-05
10 984 2 9.301032e-06
11 984 2 3.369258e-06
12 984 2 1.631094e-06
1 1007 2 6.817732e-05
2 1007 2 6.589264e-05
3 1007 2 7.827177e-05
4 1007 2 9.661712e-05
5 1007 2 1.262236e-04
6 1007 2 1.756860e-04
7 1007 2 2.113724e-04
8 1007 2 2.079032e-04
9 1007 2 1.737765e-04
10 1007 2 1.351050e-04
11 1007 2 1.035423e-04
12 1007 2 8.077943e-05
1 1008 2 2.695221e-04
2 1008 2 2.655306e-04
3 1008 2 3.335100e-04
4 1008 2 4.450199e-04
5 1008 2 6.100748e-04
6 1008 2 8.826556e-04
7 1008 2 1.056149e-03
8 1008 2 1.021974e-03
9 1008 2 8.324742e-04
10 1008 2 6.164688e-04
11 1008 2 4.430047e-04
12 1008 2 3.245851e-04
1 1009 2 2.233696e-03
2 1009 2 2.221577e-03
3 1009 2 2.932157e-03
4 1009 2 4.194753e-03
5 1009 2 5.977940e-03
6 1009 2 8.833204e-03
7 1009 2 1.070137e-02
8 1009 2 1.032113e-02
9 1009 2 8.290690e-03
10 1009 2 5.832813e-03
11 1009 2 3.915778e-03
12 1009 2 2.726363e-03
1 1010 2 5.602914e-03
2 1010 2 5.691933e-03
3 1010 2 8.119511e-03
4 1010 2 1.282443e-02
5 1010 2 1.909896e-02
6 1010 2 2.802026e-02
7 1010 2 3.402970e-02
8 1010 2 3.252948e-02
9 1010 2 2.546804e-02
10 1010 2 1.662029e-02
11 1010 2 1.043564e-02
12 1010 2 6.927946e-03
1 1011 2 8.079411e-03
2 1011 2 8.342905e-03
3 1011 2 1.302839e-02
4 1011 2 2.289090e-02
5 1011 2 3.638779e-02
6 1011 2 5.331676e-02
7 1011 2 6.470793e-02
8 1011 2 6.022404e-02
9 1011 2 4.482639e-02
10 1011 2 2.675377e-02
11 1011 2 1.571068e-02
12 1011 2 1.002955e-02
1 1012 2 4.364767e-03
2 1012 2 4.568948e-03
3 1012 2 7.562035e-03
4 1012 2 1.420133e-02
5 1012 2 2.390782e-02
6 1012 2 3.487114e-02
7 1012 2 4.228284e-02
8 1012 2 3.885583e-02
9 1012 2 2.800195e-02
10 1012 2 1.584938e-02
11 1012 2 8.848243e-03
12 1012 2 5.504287e-03
1 1071 2 2.950211e-04
2 1071 2 3.032403e-04
3 1071 2 3.374001e-04
4 1071 2 4.006609e-04
5 1071 2 6.170443e-04
6 1071 2 8.466922e-04
7 1071 2 1.266211e-03
8 1071 2 1.296115e-03
9 1071 2 1.173358e-03
10 1071 2 6.356905e-04
11 1071 2 3.859265e-04
12 1071 2 3.169772e-04
1 1072 2 8.896624e-03
2 1072 2 1.038021e-02
3 1072 2 1.329259e-02
4 1072 2 1.872683e-02
5 1072 2 3.259744e-02
6 1072 2 4.472702e-02
7 1072 2 6.895757e-02
8 1072 2 6.705588e-02
9 1072 2 5.384402e-02
10 1072 2 2.395677e-02
11 1072 2 1.253386e-02
12 1072 2 9.492228e-03
1 1073 2 1.187299e-03
2 1073 2 1.567795e-03
3 1073 2 2.323144e-03
4 1073 2 3.818212e-03
5 1073 2 6.906948e-03
6 1073 2 9.587413e-03
7 1073 2 1.484763e-02
8 1073 2 1.395940e-02
9 1073 2 9.909210e-03
10 1073 2 4.007722e-03
11 1073 2 1.847517e-03
12 1073 2 1.276556e-03
1 1074 2 2.926412e-04
2 1074 2 4.045999e-04
3 1074 2 6.768842e-04
4 1074 2 1.249028e-03
5 1074 2 2.231176e-03
6 1074 2 3.196056e-03
7 1074 2 4.988867e-03
8 1074 2 4.643115e-03
9 1074 2 3.110718e-03
10 1074 2 1.209019e-03
11 1074 2 4.981882e-04
12 1074 2 3.192184e-04
1 1075 2 2.309692e-04
2 1075 2 3.274268e-04
3 1075 2 5.783358e-04
4 1075 2 1.179007e-03
5 1075 2 2.059298e-03
6 1075 2 3.126118e-03
7 1075 2 4.795375e-03
8 1075 2 4.317405e-03
9 1075 2 2.719768e-03
10 1075 2 1.067805e-03
11 1075 2 4.248252e-04
12 1075 2 2.622632e-04
1 1076 2 9.328040e-05
2 1076 2 1.398429e-04
3 1076 2 2.611164e-04
4 1076 2 5.906518e-04
5 1076 2 1.034936e-03
6 1076 2 1.666313e-03
7 1076 2 2.490984e-03
8 1076 2 2.180005e-03
9 1076 2 1.287123e-03
10 1076 2 5.159742e-04
11 1076 2 1.995603e-04
12 1076 2 1.127563e-04
1 1077 2 8.553253e-05
2 1077 2 1.324909e-04
3 1077 2 2.596328e-04
4 1077 2 6.315491e-04
5 1077 2 1.145545e-03
6 1077 2 2.018293e-03
7 1077 2 2.999885e-03
8 1077 2 2.564355e-03
9 1077 2 1.492633e-03
10 1077 2 5.886921e-04
11 1077 2 2.177466e-04
12 1077 2 1.102091e-04
1 1078 2 1.610937e-04
2 1078 2 2.416245e-04
3 1078 2 4.725874e-04
4 1078 2 1.191032e-03
5 1078 2 2.247918e-03
6 1078 2 4.337869e-03
7 1078 2 6.439730e-03
8 1078 2 5.460846e-03
9 1078 2 3.170603e-03
10 1078 2 1.240969e-03
11 1078 2 4.725995e-04
12 1078 2 2.239746e-04
1 1079 2 4.245262e-04
2 1079 2 6.370600e-04
3 1079 2 1.281386e-03
4 1079 2 3.383122e-03
5 1079 2 6.610525e-03
6 1079 2 1.346648e-02
7 1079 2 1.959509e-02
8 1079 2 1.679730e-02
9 1079 2 9.490681e-03
10 1079 2 3.700878e-03
11 1079 2 1.421985e-03
12 1079 2 6.534441e-04
1 1080 2 5.212301e-04
2 1080 2 7.587334e-04
3 1080 2 1.474337e-03
4 1080 2 3.734152e-03
5 1080 2 7.449119e-03
6 1080 2 1.624135e-02
7 1080 2 2.366124e-02
8 1080 2 2.050134e-02
9 1080 2 1.157825e-02
10 1080 2 4.534898e-03
11 1080 2 1.734221e-03
12 1080 2 8.272875e-04
1 1081 2 1.849854e-04
2 1081 2 2.447577e-04
3 1081 2 4.407332e-04
4 1081 2 1.030874e-03
5 1081 2 2.062840e-03
6 1081 2 4.790199e-03
7 1081 2 7.138864e-03
8 1081 2 6.147645e-03
9 1081 2 3.598563e-03
10 1081 2 1.441697e-03
11 1081 2 5.629356e-04
12 1081 2 2.833875e-04
1 1082 2 8.859285e-05
2 1082 2 1.124086e-04
3 1082 2 2.068891e-04
4 1082 2 4.885020e-04
5 1082 2 9.679506e-04
6 1082 2 2.313486e-03
7 1082 2 3.415412e-03
8 1082 2 2.874439e-03
9 1082 2 1.729935e-03
10 1082 2 7.142297e-04
11 1082 2 2.805222e-04
12 1082 2 1.417262e-04
1 1085 2 1.018976e-06
2 1085 2 1.247515e-06
3 1085 2 2.710345e-06
4 1085 2 6.693700e-06
5 1085 2 1.412606e-05
6 1085 2 3.108065e-05
7 1085 2 4.565250e-05
8 1085 2 3.681164e-05
9 1085 2 2.283582e-05
10 1085 2 9.954839e-06
11 1085 2 3.642079e-06
12 1085 2 1.874604e-06
1 1086 2 5.456455e-05
2 1086 2 6.576164e-05
3 1086 2 1.351619e-04
4 1086 2 3.252157e-04
5 1086 2 7.151004e-04
6 1086 2 1.485365e-03
7 1086 2 2.221440e-03
8 1086 2 1.790774e-03
9 1086 2 1.125565e-03
10 1086 2 5.041480e-04
11 1086 2 1.842897e-04
12 1086 2 9.664385e-05
1 1087 2 2.564170e-05
2 1087 2 2.843773e-05
3 1087 2 5.294618e-05
4 1087 2 1.153682e-04
5 1087 2 2.572682e-04
6 1087 2 5.050958e-04
7 1087 2 7.837811e-04
8 1087 2 6.473531e-04
9 1087 2 4.235250e-04
10 1087 2 2.032112e-04
11 1087 2 7.647943e-05
12 1087 2 4.288787e-05
1 1103 2 3.766091e-04
2 1103 2 3.631888e-04
3 1103 2 4.330575e-04
4 1103 2 5.046628e-04
5 1103 2 6.383757e-04
6 1103 2 9.088582e-04
7 1103 2 1.165009e-03
8 1103 2 1.155497e-03
9 1103 2 9.666099e-04
10 1103 2 7.341019e-04
11 1103 2 5.602596e-04
12 1103 2 4.420546e-04
1 1104 2 3.233240e-03
2 1104 2 3.165706e-03
3 1104 2 4.051272e-03
4 1104 2 5.143240e-03
5 1104 2 6.817134e-03
6 1104 2 1.011052e-02
7 1104 2 1.298505e-02
8 1104 2 1.271021e-02
9 1104 2 1.032392e-02
10 1104 2 7.273373e-03
11 1104 2 5.157362e-03
12 1104 2 3.860270e-03
1 1105 2 5.286017e-03
2 1105 2 5.428682e-03
3 1105 2 7.683476e-03
4 1105 2 1.120063e-02
5 1105 2 1.584320e-02
6 1105 2 2.426303e-02
7 1105 2 3.191286e-02
8 1105 2 3.040323e-02
9 1105 2 2.325173e-02
10 1105 2 1.436007e-02
11 1105 2 8.992328e-03
12 1105 2 6.332270e-03
1 1106 2 3.823065e-03
2 1106 2 4.110639e-03
3 1106 2 6.298099e-03
4 1106 2 1.036779e-02
5 1106 2 1.558749e-02
6 1106 2 2.402163e-02
7 1106 2 3.213357e-02
8 1106 2 2.968266e-02
9 1106 2 2.178182e-02
10 1106 2 1.193801e-02
11 1106 2 6.740940e-03
12 1106 2 4.545057e-03
1 1107 2 2.826761e-03
2 1107 2 3.203544e-03
3 1107 2 5.195105e-03
4 1107 2 9.116264e-03
5 1107 2 1.417994e-02
6 1107 2 2.183405e-02
7 1107 2 2.941194e-02
8 1107 2 2.680115e-02
9 1107 2 1.915937e-02
10 1107 2 9.566257e-03
11 1107 2 5.171222e-03
12 1107 2 3.363831e-03
1 1108 2 8.557275e-04
2 1108 2 1.024970e-03
3 1108 2 1.745917e-03
4 1108 2 3.185717e-03
5 1108 2 5.196167e-03
6 1108 2 8.041243e-03
7 1108 2 1.103374e-02
8 1108 2 1.019134e-02
9 1108 2 7.067559e-03
10 1108 2 3.179366e-03
11 1108 2 1.670978e-03
12 1108 2 1.053727e-03
1 1167 2 9.309830e-04
2 1167 2 8.986510e-04
3 1167 2 9.267827e-04
4 1167 2 1.041941e-03
5 1167 2 1.560149e-03
6 1167 2 2.214103e-03
7 1167 2 3.323084e-03
8 1167 2 3.525908e-03
9 1167 2 3.397854e-03
10 1167 2 1.908285e-03
11 1167 2 1.105160e-03
12 1167 2 9.303749e-04
1 1168 2 1.673920e-03
2 1168 2 1.891817e-03
3 1168 2 2.284714e-03
4 1168 2 3.137562e-03
5 1168 2 5.543918e-03
6 1168 2 8.281027e-03
7 1168 2 1.341233e-02
8 1168 2 1.344221e-02
9 1168 2 1.081002e-02
10 1168 2 4.645818e-03
11 1168 2 2.115060e-03
12 1168 2 1.558842e-03
1 1169 2 3.281569e-04
2 1169 2 4.609980e-04
3 1169 2 6.628681e-04
4 1169 2 1.065140e-03
5 1169 2 1.956646e-03
6 1169 2 3.030910e-03
7 1169 2 4.906059e-03
8 1169 2 4.549537e-03
9 1169 2 3.041166e-03
10 1169 2 1.170164e-03
11 1169 2 4.698645e-04
12 1169 2 3.007427e-04
1 1170 2 2.929499e-04
2 1170 2 4.612181e-04
3 1170 2 7.685714e-04
4 1170 2 1.379208e-03
5 1170 2 2.496233e-03
6 1170 2 3.900834e-03
7 1170 2 6.289712e-03
8 1170 2 5.959748e-03
9 1170 2 3.788212e-03
10 1170 2 1.398492e-03
11 1170 2 4.962812e-04
12 1170 2 2.827630e-04
1 1171 2 3.425851e-04
2 1171 2 5.445467e-04
3 1171 2 9.483928e-04
4 1171 2 1.846304e-03
5 1171 2 3.314025e-03
6 1171 2 5.246848e-03
7 1171 2 8.125864e-03
8 1171 2 7.812319e-03
9 1171 2 4.881948e-03
10 1171 2 1.844616e-03
11 1171 2 6.290579e-04
12 1171 2 3.420001e-04
1 1172 2 1.608703e-04
2 1172 2 2.533199e-04
3 1172 2 4.124897e-04
4 1172 2 8.362642e-04
5 1172 2 1.456177e-03
6 1172 2 2.355991e-03
7 1172 2 3.398715e-03
8 1172 2 3.170408e-03
9 1172 2 1.939454e-03
10 1172 2 7.856857e-04
11 1172 2 2.955359e-04
12 1172 2 1.600868e-04
1 1173 2 2.117676e-04
2 1173 2 3.482325e-04
3 1173 2 5.715140e-04
4 1173 2 1.209437e-03
5 1173 2 2.121728e-03
6 1173 2 3.800039e-03
7 1173 2 5.475531e-03
8 1173 2 4.876401e-03
9 1173 2 2.818888e-03
10 1173 2 1.112827e-03
11 1173 2 4.417407e-04
12 1173 2 2.264138e-04
1 1174 2 1.883738e-04
2 1174 2 2.926438e-04
3 1174 2 4.970631e-04
4 1174 2 1.088938e-03
5 1174 2 2.015046e-03
6 1174 2 3.927345e-03
7 1174 2 5.520142e-03
8 1174 2 4.812437e-03
9 1174 2 2.708471e-03
10 1174 2 1.112272e-03
11 1174 2 4.685971e-04
12 1174 2 2.232485e-04
1 1175 2 1.181730e-03
2 1175 2 1.732834e-03
3 1175 2 3.037472e-03
4 1175 2 7.154100e-03
5 1175 2 1.379684e-02
6 1175 2 2.827269e-02
7 1175 2 3.849972e-02
8 1175 2 3.382183e-02
9 1175 2 1.848898e-02
10 1175 2 7.721538e-03
11 1175 2 3.305364e-03
12 1175 2 1.496145e-03
1 1176 2 1.931329e-03
2 1176 2 2.855186e-03
3 1176 2 5.239894e-03
4 1176 2 1.239233e-02
5 1176 2 2.352905e-02
6 1176 2 4.960688e-02
7 1176 2 6.605824e-02
8 1176 2 5.861678e-02
9 1176 2 3.221002e-02
10 1176 2 1.365233e-02
11 1176 2 5.861156e-03
12 1176 2 2.655010e-03
1 1177 2 5.799414e-03
2 1177 2 8.404168e-03
3 1177 2 1.561744e-02
4 1177 2 3.508215e-02
5 1177 2 6.634019e-02
6 1177 2 1.438059e-01
7 1177 2 1.919333e-01
8 1177 2 1.698937e-01
9 1177 2 9.602763e-02
10 1177 2 4.177646e-02
11 1177 2 1.776816e-02
12 1177 2 8.287971e-03
1 1178 2 5.146203e-03
2 1178 2 7.039049e-03
3 1178 2 1.298762e-02
4 1178 2 2.777177e-02
5 1178 2 5.191066e-02
6 1178 2 1.150237e-01
7 1178 2 1.551737e-01
8 1178 2 1.375896e-01
9 1178 2 7.986375e-02
10 1178 2 3.668928e-02
11 1178 2 1.536549e-02
12 1178 2 7.512988e-03
1 1179 2 2.211100e-03
2 1179 2 2.860606e-03
3 1179 2 5.464195e-03
4 1179 2 1.141944e-02
5 1179 2 2.136212e-02
6 1179 2 4.722979e-02
7 1179 2 6.466223e-02
8 1179 2 5.669951e-02
9 1179 2 3.368620e-02
10 1179 2 1.609224e-02
11 1179 2 6.502341e-03
12 1179 2 3.321130e-03
1 1180 2 2.645680e-03
2 1180 2 3.363208e-03
3 1180 2 6.878634e-03
4 1180 2 1.421174e-02
5 1180 2 2.677068e-02
6 1180 2 5.806153e-02
7 1180 2 8.040844e-02
8 1180 2 6.912199e-02
9 1180 2 4.170972e-02
10 1180 2 2.030581e-02
11 1180 2 7.862412e-03
12 1180 2 4.172855e-03
1 1181 2 6.114562e-03
2 1181 2 7.509400e-03
3 1181 2 1.537603e-02
4 1181 2 3.100251e-02
5 1181 2 6.015005e-02
6 1181 2 1.276776e-01
7 1181 2 1.814286e-01
8 1181 2 1.545209e-01
9 1181 2 9.535335e-02
10 1181 2 4.691564e-02
11 1181 2 1.788165e-02
12 1181 2 9.833620e-03
1 1182 2 2.659841e-03
2 1182 2 2.978712e-03
3 1182 2 5.447285e-03
4 1182 2 1.032127e-02
5 1182 2 2.026431e-02
6 1182 2 4.061720e-02
7 1182 2 5.965546e-02
8 1182 2 5.162891e-02
9 1182 2 3.440327e-02
10 1182 2 1.772179e-02
11 1182 2 7.057315e-03
12 1182 2 4.169106e-03
1 1183 2 7.988648e-06
2 1183 2 8.166798e-06
3 1183 2 1.320625e-05
4 1183 2 2.301412e-05
5 1183 2 4.479670e-05
6 1183 2 8.403133e-05
7 1183 2 1.267418e-04
8 1183 2 1.141822e-04
9 1183 2 8.394034e-05
10 1183 2 4.565784e-05
11 1183 2 1.891234e-05
12 1183 2 1.203431e-05
1 1200 2 1.033497e-03
2 1200 2 1.072271e-03
3 1200 2 1.398170e-03
4 1200 2 1.821248e-03
5 1200 2 2.548765e-03
6 1200 2 4.104402e-03
7 1200 2 5.970212e-03
8 1200 2 5.759667e-03
9 1200 2 4.327098e-03
10 1200 2 2.535544e-03
11 1200 2 1.609208e-03
12 1200 2 1.170809e-03
1 1201 2 2.383280e-03
2 1201 2 2.536115e-03
3 1201 2 3.451948e-03
4 1201 2 4.886744e-03
5 1201 2 7.129013e-03
6 1201 2 1.147268e-02
7 1201 2 1.740523e-02
8 1201 2 1.673478e-02
9 1201 2 1.207184e-02
10 1201 2 6.407532e-03
11 1201 2 3.824030e-03
12 1201 2 2.753172e-03
1 1202 2 2.814623e-03
2 1202 2 3.018909e-03
3 1202 2 4.189726e-03
4 1202 2 6.188027e-03
5 1202 2 9.271811e-03
6 1202 2 1.485307e-02
7 1202 2 2.233726e-02
8 1202 2 2.176739e-02
9 1202 2 1.570520e-02
10 1202 2 7.945515e-03
11 1202 2 4.617079e-03
12 1202 2 3.298281e-03
1 1203 2 4.499245e-04
2 1203 2 5.008109e-04
3 1203 2 7.071788e-04
4 1203 2 1.079975e-03
5 1203 2 1.667543e-03
6 1203 2 2.715009e-03
7 1203 2 4.086642e-03
8 1203 2 3.907447e-03
9 1203 2 2.751789e-03
10 1203 2 1.313163e-03
11 1203 2 7.532003e-04
12 1203 2 5.348815e-04
1 1263 2 4.096677e-04
2 1263 2 3.727193e-04
3 1263 2 3.783313e-04
4 1263 2 4.236877e-04
5 1263 2 6.428747e-04
6 1263 2 1.002154e-03
7 1263 2 1.506487e-03
8 1263 2 1.635209e-03
9 1263 2 1.575570e-03
10 1263 2 8.743905e-04
11 1263 2 4.722267e-04
12 1263 2 3.977647e-04
1 1264 2 1.016008e-02
2 1264 2 1.037970e-02
3 1264 2 1.180059e-02
4 1264 2 1.645794e-02
5 1264 2 2.986129e-02
6 1264 2 5.194704e-02
7 1264 2 8.706114e-02
8 1264 2 9.473419e-02
9 1264 2 7.960200e-02
10 1264 2 3.381958e-02
11 1264 2 1.304282e-02
12 1264 2 9.150425e-03
1 1265 2 4.468385e-04
2 1265 2 5.570833e-04
3 1265 2 7.333144e-04
4 1265 2 1.233791e-03
5 1265 2 2.417008e-03
6 1265 2 4.375676e-03
7 1265 2 7.251601e-03
8 1265 2 7.087367e-03
9 1265 2 4.816571e-03
10 1265 2 1.831538e-03
11 1265 2 6.200644e-04
12 1265 2 3.817935e-04
1 1266 2 1.323199e-04
2 1266 2 1.995899e-04
3 1266 2 2.992083e-04
4 1266 2 5.422671e-04
5 1266 2 1.073009e-03
6 1266 2 1.978804e-03
7 1266 2 3.232620e-03
8 1266 2 3.019269e-03
9 1266 2 1.776207e-03
10 1266 2 6.299996e-04
11 1266 2 2.074175e-04
12 1266 2 1.153420e-04
1 1267 2 8.543622e-04
2 1267 2 1.377103e-03
3 1267 2 2.206113e-03
4 1267 2 4.051600e-03
5 1267 2 7.660047e-03
6 1267 2 1.339962e-02
7 1267 2 2.020930e-02
8 1267 2 1.950564e-02
9 1267 2 1.236930e-02
10 1267 2 4.772973e-03
11 1267 2 1.586145e-03
12 1267 2 7.957988e-04
1 1268 2 1.404941e-03
2 1268 2 2.086938e-03
3 1268 2 3.083704e-03
4 1268 2 5.703424e-03
5 1268 2 9.551662e-03
6 1268 2 1.469915e-02
7 1268 2 1.863625e-02
8 1268 2 1.808504e-02
9 1268 2 1.305983e-02
10 1268 2 6.343281e-03
11 1268 2 2.456111e-03
12 1268 2 1.277004e-03
1 1269 2 1.681619e-03
2 1269 2 2.577838e-03
3 1269 2 3.664648e-03
4 1269 2 7.454470e-03
5 1269 2 1.226443e-02
6 1269 2 2.134297e-02
7 1269 2 2.773666e-02
8 1269 2 2.591356e-02
9 1269 2 1.583523e-02
10 1269 2 7.007795e-03
11 1269 2 2.903128e-03
12 1269 2 1.540026e-03
1 1270 2 5.564238e-04
2 1270 2 8.611285e-04
3 1270 2 1.278439e-03
4 1270 2 2.709189e-03
5 1270 2 4.688123e-03
6 1270 2 8.871761e-03
7 1270 2 1.177697e-02
8 1270 2 1.064135e-02
9 1270 2 5.870557e-03
10 1270 2 2.582408e-03
11 1270 2 1.147576e-03
12 1270 2 5.776282e-04
1 1271 2 2.566701e-03
2 1271 2 3.784848e-03
3 1271 2 5.765562e-03
4 1271 2 1.244273e-02
5 1271 2 2.210940e-02
6 1271 2 4.234412e-02
7 1271 2 5.545002e-02
8 1271 2 4.988460e-02
9 1271 2 2.787956e-02
10 1271 2 1.260375e-02
11 1271 2 5.913823e-03
12 1271 2 2.841929e-03
1 1272 2 3.031167e-03
2 1272 2 4.364155e-03
3 1272 2 6.875113e-03
4 1272 2 1.470171e-02
5 1272 2 2.556226e-02
6 1272 2 4.932329e-02
7 1272 2 6.349734e-02
8 1272 2 5.825389e-02
9 1272 2 3.288772e-02
10 1272 2 1.548665e-02
11 1272 2 7.437002e-03
12 1272 2 3.569719e-03
1 1273 2 4.469817e-03
2 1273 2 6.339006e-03
3 1273 2 1.055258e-02
4 1273 2 2.192819e-02
5 1273 2 3.826823e-02
6 1273 2 7.414639e-02
7 1273 2 9.388127e-02
8 1273 2 8.601472e-02
9 1273 2 4.920896e-02
10 1273 2 2.415135e-02
11 1273 2 1.163978e-02
12 1273 2 5.642789e-03
1 1274 2 6.484611e-03
2 1274 2 9.009071e-03
3 1274 2 1.561745e-02
4 1274 2 3.164324e-02
5 1274 2 5.460244e-02
6 1274 2 1.055487e-01
7 1274 2 1.334313e-01
8 1274 2 1.228441e-01
9 1274 2 7.206329e-02
10 1274 2 3.656238e-02
11 1274 2 1.725383e-02
12 1274 2 8.676861e-03
1 1275 2 5.819635e-03
2 1275 2 7.827617e-03
3 1275 2 1.405884e-02
4 1275 2 2.767750e-02
5 1275 2 4.819453e-02
6 1275 2 9.297988e-02
7 1275 2 1.189640e-01
8 1275 2 1.085194e-01
9 1275 2 6.457301e-02
10 1275 2 3.352261e-02
11 1275 2 1.504047e-02
12 1275 2 7.979740e-03
1 1276 2 1.363747e-02
2 1276 2 1.717263e-02
3 1276 2 3.090358e-02
4 1276 2 5.670122e-02
5 1276 2 9.816177e-02
6 1276 2 1.900249e-01
7 1276 2 2.503995e-01
8 1276 2 2.290723e-01
9 1276 2 1.414521e-01
10 1276 2 7.686375e-02
11 1276 2 3.406710e-02
12 1276 2 1.928541e-02
1 1277 2 1.982404e-02
2 1277 2 2.258088e-02
3 1277 2 3.756788e-02
4 1277 2 6.195637e-02
5 1277 2 1.050328e-01
6 1277 2 1.993787e-01
7 1277 2 2.685946e-01
8 1277 2 2.487594e-01
9 1277 2 1.694346e-01
10 1277 2 9.897423e-02
11 1277 2 4.538453e-02
12 1277 2 2.809729e-02
1 1278 2 2.835261e-04
2 1278 2 2.921148e-04
3 1278 2 4.341696e-04
4 1278 2 6.718842e-04
5 1278 2 1.141329e-03
6 1278 2 2.085944e-03
7 1278 2 2.849896e-03
8 1278 2 2.666063e-03
9 1278 2 1.981638e-03
10 1278 2 1.217638e-03
11 1278 2 5.803892e-04
12 1278 2 3.925911e-04
1 1299 2 4.473351e-05
2 1299 2 4.744451e-05
3 1299 2 5.882811e-05
4 1299 2 8.392782e-05
5 1299 2 1.364688e-04
6 1299 2 2.230994e-04
7 1299 2 3.330849e-04
8 1299 2 3.260808e-04
9 1299 2 2.449983e-04
10 1299 2 1.263344e-04
11 1299 2 7.200899e-05
12 1299 2 5.290639e-05
1 1360 2 9.257239e-03
2 1360 2 8.603172e-03
3 1360 2 8.891839e-03
4 1360 2 1.126251e-02
5 1360 2 1.856932e-02
6 1360 2 3.135497e-02
7 1360 2 4.709675e-02
8 1360 2 5.346984e-02
9 1360 2 5.013290e-02
10 1360 2 2.630974e-02
11 1360 2 1.180838e-02
12 1360 2 8.832655e-03
1 1361 2 1.383082e-02
2 1361 2 1.586715e-02
3 1361 2 1.911778e-02
4 1361 2 3.078837e-02
5 1361 2 5.828394e-02
6 1361 2 1.035974e-01
7 1361 2 1.613349e-01
8 1361 2 1.702334e-01
9 1361 2 1.346709e-01
10 1361 2 5.928925e-02
11 1361 2 2.066105e-02
12 1361 2 1.286177e-02
1 1362 2 1.006342e-03
2 1362 2 1.340570e-03
3 1362 2 1.790696e-03
4 1362 2 3.257103e-03
5 1362 2 6.603829e-03
6 1362 2 1.194003e-02
7 1362 2 1.812973e-02
8 1362 2 1.721179e-02
9 1362 2 1.174410e-02
10 1362 2 4.854684e-03
11 1362 2 1.609682e-03
12 1362 2 9.148272e-04
1 1363 2 6.796098e-04
2 1363 2 9.352351e-04
3 1363 2 1.254912e-03
4 1363 2 2.314503e-03
5 1363 2 4.534898e-03
6 1363 2 7.924427e-03
7 1363 2 1.131136e-02
8 1363 2 1.023533e-02
9 1363 2 7.100364e-03
10 1363 2 3.147274e-03
11 1363 2 1.149301e-03
12 1363 2 6.393562e-04
1 1364 2 1.080464e-03
2 1364 2 1.528186e-03
3 1364 2 2.097494e-03
4 1364 2 3.899486e-03
5 1364 2 6.987401e-03
6 1364 2 1.116977e-02
7 1364 2 1.405306e-02
8 1364 2 1.261423e-02
9 1364 2 8.758065e-03
10 1364 2 4.438518e-03
11 1364 2 1.809724e-03
12 1364 2 1.000960e-03
1 1365 2 5.257000e-04
2 1365 2 7.982407e-04
3 1365 2 1.143866e-03
4 1365 2 2.265730e-03
5 1365 2 3.884591e-03
6 1365 2 6.537059e-03
7 1365 2 7.804305e-03
8 1365 2 6.991313e-03
9 1365 2 4.236962e-03
10 1365 2 1.994402e-03
11 1365 2 8.651676e-04
12 1365 2 4.702346e-04
1 1366 2 1.443754e-03
2 1366 2 2.164711e-03
3 1366 2 3.017547e-03
4 1366 2 5.939743e-03
5 1366 2 1.004414e-02
6 1366 2 1.696747e-02
7 1366 2 2.143925e-02
8 1366 2 1.992849e-02
9 1366 2 1.145071e-02
10 1366 2 5.365846e-03
11 1366 2 2.579199e-03
12 1366 2 1.377270e-03
1 1367 2 3.469790e-03
2 1367 2 4.882686e-03
3 1367 2 6.627976e-03
4 1367 2 1.273285e-02
5 1367 2 2.126813e-02
6 1367 2 3.536858e-02
7 1367 2 4.600049e-02
8 1367 2 4.413586e-02
9 1367 2 2.648492e-02
10 1367 2 1.293388e-02
11 1367 2 6.717121e-03
12 1367 2 3.531135e-03
1 1368 2 3.121060e-03
2 1368 2 4.206444e-03
3 1368 2 5.938833e-03
4 1368 2 1.129041e-02
5 1368 2 1.841401e-02
6 1368 2 3.062632e-02
7 1368 2 3.898535e-02
8 1368 2 3.740400e-02
9 1368 2 2.325368e-02
10 1368 2 1.205582e-02
11 1368 2 6.534557e-03
12 1368 2 3.464502e-03
1 1369 2 4.683388e-03
2 1369 2 6.233108e-03
3 1369 2 9.123967e-03
4 1369 2 1.730690e-02
5 1369 2 2.778791e-02
6 1369 2 4.675640e-02
7 1369 2 5.846585e-02
8 1369 2 5.566690e-02
9 1369 2 3.514586e-02
10 1369 2 1.899245e-02
11 1369 2 1.054921e-02
12 1369 2 5.644479e-03
1 1370 2 6.537850e-03
2 1370 2 8.496687e-03
3 1370 2 1.291817e-02
4 1370 2 2.428617e-02
5 1370 2 3.823773e-02
6 1370 2 6.530961e-02
7 1370 2 8.096022e-02
8 1370 2 7.665534e-02
9 1370 2 4.828042e-02
10 1370 2 2.676821e-02
11 1370 2 1.480981e-02
12 1370 2 8.116908e-03
1 1371 2 8.254993e-03
2 1371 2 1.037077e-02
3 1371 2 1.605621e-02
4 1371 2 2.865591e-02
5 1371 2 4.515482e-02
6 1371 2 7.766539e-02
7 1371 2 9.675748e-02
8 1371 2 9.107993e-02
9 1371 2 5.807208e-02
10 1371 2 3.360814e-02
11 1371 2 1.815733e-02
12 1371 2 1.036180e-02
1 1372 2 5.621701e-03
2 1372 2 6.638274e-03
3 1372 2 9.909283e-03
4 1372 2 1.600620e-02
5 1372 2 2.456314e-02
6 1372 2 4.128852e-02
7 1372 2 5.114648e-02
8 1372 2 4.892701e-02
9 1372 2 3.371766e-02
10 1372 2 2.120251e-02
11 1372 2 1.157462e-02
12 1372 2 7.165513e-03
1 1457 2 1.411196e-02
2 1457 2 1.419001e-02
3 1457 2 1.471381e-02
4 1457 2 2.025257e-02
5 1457 2 3.292868e-02
6 1457 2 5.380968e-02
7 1457 2 8.170049e-02
8 1457 2 8.725548e-02
9 1457 2 7.941987e-02
10 1457 2 4.619360e-02
11 1457 2 2.072646e-02
12 1457 2 1.448905e-02
1 1458 2 1.338231e-03
2 1458 2 1.573098e-03
3 1458 2 1.775311e-03
4 1458 2 2.857494e-03
5 1458 2 5.172233e-03
6 1458 2 8.480484e-03
7 1458 2 1.220865e-02
8 1458 2 1.163230e-02
9 1458 2 9.604416e-03
10 1458 2 5.227553e-03
11 1458 2 2.097394e-03
12 1458 2 1.313092e-03
1 1459 2 2.614459e-03
2 1459 2 3.383009e-03
3 1459 2 4.203363e-03
4 1459 2 7.542955e-03
5 1459 2 1.425082e-02
6 1459 2 2.334877e-02
7 1459 2 2.747381e-02
8 1459 2 2.284189e-02
9 1459 2 1.825609e-02
10 1459 2 1.011381e-02
11 1459 2 4.261389e-03
12 1459 2 2.537028e-03
1 1460 2 9.573212e-04
2 1460 2 1.323793e-03
3 1460 2 1.820372e-03
4 1460 2 3.472812e-03
5 1460 2 6.479927e-03
6 1460 2 1.065544e-02
7 1460 2 1.153259e-02
8 1460 2 9.431726e-03
9 1460 2 6.383178e-03
10 1460 2 3.428292e-03
11 1460 2 1.608529e-03
12 1460 2 9.207031e-04
1 1461 2 8.214089e-04
2 1461 2 1.183409e-03
3 1461 2 1.746304e-03
4 1461 2 3.347016e-03
5 1461 2 5.560767e-03
6 1461 2 8.704033e-03
7 1461 2 9.766857e-03
8 1461 2 8.399607e-03
9 1461 2 5.178706e-03
10 1461 2 2.676891e-03
11 1461 2 1.365371e-03
12 1461 2 7.668600e-04
1 1462 2 3.021647e-03
2 1462 2 4.195287e-03
3 1462 2 5.824020e-03
4 1462 2 1.035544e-02
5 1462 2 1.618858e-02
6 1462 2 2.403003e-02
7 1462 2 2.915171e-02
8 1462 2 2.784887e-02
9 1462 2 1.791143e-02
10 1462 2 9.225500e-03
11 1462 2 5.107706e-03
12 1462 2 2.928792e-03
1 1463 2 9.507939e-03
2 1463 2 1.232292e-02
3 1463 2 1.590482e-02
4 1463 2 2.702340e-02
5 1463 2 4.170951e-02
6 1463 2 6.051349e-02
7 1463 2 7.596850e-02
8 1463 2 7.786128e-02
9 1463 2 5.296931e-02
10 1463 2 2.890351e-02
11 1463 2 1.705657e-02
12 1463 2 9.941689e-03
1 1464 2 5.975281e-03
2 1464 2 7.422173e-03
3 1464 2 9.543758e-03
4 1464 2 1.583082e-02
5 1464 2 2.403309e-02
6 1464 2 3.486547e-02
7 1464 2 4.342444e-02
8 1464 2 4.467096e-02
9 1464 2 3.178759e-02
10 1464 2 1.829427e-02
11 1464 2 1.124109e-02
12 1464 2 6.701045e-03
1 1465 2 6.609957e-03
2 1465 2 8.113484e-03
3 1465 2 1.057858e-02
4 1465 2 1.722190e-02
5 1465 2 2.585825e-02
6 1465 2 3.834625e-02
7 1465 2 4.766376e-02
8 1465 2 4.825258e-02
9 1465 2 3.453162e-02
10 1465 2 2.055251e-02
11 1465 2 1.293483e-02
12 1465 2 7.832927e-03
1 1466 2 8.769927e-03
2 1466 2 1.067267e-02
3 1466 2 1.424243e-02
4 1466 2 2.264033e-02
5 1466 2 3.353347e-02
6 1466 2 4.973686e-02
7 1466 2 6.033259e-02
8 1466 2 5.948518e-02
9 1466 2 4.302700e-02
10 1466 2 2.654484e-02
11 1466 2 1.696374e-02
12 1466 2 1.064379e-02
1 1467 2 5.805409e-03
2 1467 2 6.746402e-03
3 1467 2 8.810228e-03
4 1467 2 1.305466e-02
5 1467 2 1.868361e-02
6 1467 2 2.755653e-02
7 1467 2 3.325547e-02
8 1467 2 3.302209e-02
9 1467 2 2.503999e-02
10 1467 2 1.658076e-02
11 1467 2 1.066893e-02
12 1467 2 7.017368e-03
1 1468 2 1.466514e-04
2 1468 2 1.572204e-04
3 1468 2 1.902647e-04
4 1468 2 2.580874e-04
5 1468 2 3.596027e-04
6 1468 2 5.255206e-04
7 1468 2 6.385757e-04
8 1468 2 6.497720e-04
9 1468 2 5.354358e-04
10 1468 2 3.817277e-04
11 1468 2 2.473127e-04
12 1468 2 1.736828e-04
1 1557 2 5.799873e-06
2 1557 2 7.761249e-06
3 1557 2 1.143821e-05
4 1557 2 1.971915e-05
5 1557 2 3.017801e-05
6 1557 2 3.991348e-05
7 1557 2 4.277857e-05
8 1557 2 3.807675e-05
9 1557 2 2.575092e-05
10 1557 2 1.481253e-05
11 1557 2 9.364714e-06
12 1557 2 5.695981e-06
1 1558 2 4.494805e-03
2 1558 2 5.752422e-03
3 1558 2 7.918592e-03
4 1558 2 1.240459e-02
5 1558 2 1.751536e-02
6 1558 2 2.305797e-02
7 1558 2 2.566140e-02
8 1558 2 2.585558e-02
9 1558 2 1.938924e-02
10 1558 2 1.113868e-02
11 1558 2 7.160192e-03
12 1558 2 4.481090e-03
1 1559 2 9.338895e-03
2 1559 2 1.095035e-02
3 1559 2 1.393516e-02
4 1559 2 2.005324e-02
5 1559 2 2.709271e-02
6 1559 2 3.501219e-02
7 1559 2 3.947642e-02
8 1559 2 4.104340e-02
9 1559 2 3.414690e-02
10 1559 2 2.156879e-02
11 1559 2 1.487903e-02
12 1559 2 1.018345e-02
1 1560 2 2.215818e-03
2 1560 2 2.495790e-03
3 1560 2 3.064850e-03
4 1560 2 4.222669e-03
5 1560 2 5.636943e-03
6 1560 2 7.306409e-03
7 1560 2 8.331237e-03
8 1560 2 8.770486e-03
9 1560 2 7.649755e-03
10 1560 2 5.097345e-03
11 1560 2 3.622708e-03
12 1560 2 2.535067e-03
1 1561 2 2.129449e-04
2 1561 2 2.361009e-04
3 1561 2 2.886962e-04
4 1561 2 3.887310e-04
5 1561 2 5.168898e-04
6 1561 2 6.726255e-04
7 1561 2 7.818394e-04
8 1561 2 8.229873e-04
9 1561 2 7.180020e-04
10 1561 2 4.938431e-04
11 1561 2 3.512802e-04
12 1561 2 2.478883e-04
1 1562 2 4.255706e-03
2 1562 2 4.685260e-03
3 1562 2 5.683167e-03
4 1562 2 7.523287e-03
5 1562 2 1.011988e-02
6 1562 2 1.333738e-02
7 1562 2 1.552833e-02
8 1562 2 1.626182e-02
9 1562 2 1.426138e-02
10 1562 2 1.013051e-02
11 1562 2 7.118709e-03
12 1562 2 5.056418e-03
1 1563 2 1.874724e-02
2 1563 2 1.987669e-02
3 1563 2 2.322415e-02
4 1563 2 2.913670e-02
5 1563 2 3.839120e-02
6 1563 2 5.051899e-02
7 1563 2 5.892829e-02
8 1563 2 6.168438e-02
9 1563 2 5.560172e-02
10 1563 2 4.258049e-02
11 1563 2 3.007820e-02
12 1563 2 2.218718e-02
1 1638 2 5.049388e-05
2 1638 2 4.557933e-05
3 1638 2 4.113562e-05
4 1638 2 4.479575e-05
5 1638 2 5.341782e-05
6 1638 2 6.329735e-05
7 1638 2 7.288662e-05
8 1638 2 7.802860e-05
9 1638 2 7.760174e-05
10 1638 2 7.216828e-05
11 1638 2 6.308979e-05
12 1638 2 5.683073e-05
1 1654 2 4.764086e-04
2 1654 2 5.634053e-04
3 1654 2 7.440655e-04
4 1654 2 1.013604e-03
5 1654 2 1.269684e-03
6 1654 2 1.472739e-03
7 1654 2 1.550648e-03
8 1654 2 1.600410e-03
9 1654 2 1.332464e-03
10 1654 2 8.859195e-04
11 1654 2 6.580949e-04
12 1654 2 4.959686e-04
1 1655 2 2.646224e-04
2 1655 2 2.920399e-04
3 1655 2 3.642030e-04
4 1655 2 4.658355e-04
5 1655 2 5.726144e-04
6 1655 2 6.757776e-04
7 1655 2 7.105110e-04
8 1655 2 7.455055e-04
9 1655 2 6.905015e-04
10 1655 2 4.906668e-04
11 1655 2 3.731030e-04
12 1655 2 2.952232e-04
1 1658 2 5.861132e-05
2 1658 2 6.091256e-05
3 1658 2 6.969930e-05
4 1658 2 8.184311e-05
5 1658 2 1.002670e-04
6 1658 2 1.208598e-04
7 1658 2 1.332399e-04
8 1658 2 1.407158e-04
9 1658 2 1.374938e-04
10 1658 2 1.133351e-04
11 1658 2 8.710889e-05
12 1658 2 6.790155e-05
1 1659 2 1.001920e-02
2 1659 2 1.018491e-02
3 1659 2 1.125310e-02
4 1659 2 1.291902e-02
5 1659 2 1.580621e-02
6 1659 2 1.903781e-02
7 1659 2 2.128401e-02
8 1659 2 2.264344e-02
9 1659 2 2.226319e-02
10 1659 2 1.938691e-02
11 1659 2 1.468758e-02
12 1659 2 1.158475e-02
1 1734 2 2.836495e-03
2 1734 2 2.624057e-03
3 1734 2 2.489738e-03
4 1734 2 2.712062e-03
5 1734 2 3.049977e-03
6 1734 2 3.456030e-03
7 1734 2 3.944586e-03
8 1734 2 4.184701e-03
9 1734 2 4.206093e-03
10 1734 2 3.987587e-03
11 1734 2 3.558952e-03
12 1734 2 3.154137e-03
1 1735 2 2.558690e-03
2 1735 2 2.362045e-03
3 1735 2 2.250605e-03
4 1735 2 2.386554e-03
5 1735 2 2.668064e-03
6 1735 2 3.011385e-03
7 1735 2 3.472924e-03
8 1735 2 3.666759e-03
9 1735 2 3.647510e-03
10 1735 2 3.510456e-03
11 1735 2 3.136076e-03
12 1735 2 2.822238e-03
