1 391 2 1.535320e-06
2 391 2 1.370857e-06
3 391 2 2.006037e-06
4 391 2 5.249948e-06
5 391 2 2.197084e-05
6 391 2 4.866853e-05
7 391 2 5.326064e-05
8 391 2 3.691911e-05
9 391 2 1.559925e-05
10 391 2 5.996946e-06
11 391 2 3.113320e-06
12 391 2 1.601773e-06
1 484 2 4.328805e-07
2 484 2 3.930254e-07
3 484 2 6.338188e-07
4 484 2 1.443180e-06
5 484 2 5.585372e-06
6 484 2 1.159538e-05
7 484 2 1.266799e-05
8 484 2 8.932179e-06
9 484 2 4.454235e-06
10 484 2 1.764455e-06
11 484 2 7.008418e-07
12 484 2 3.639219e-07
1 485 2 2.817893e-07
2 485 2 2.427660e-07
3 485 2 4.132797e-07
4 485 2 1.025284e-06
5 485 2 4.106068e-06
6 485 2 9.089489e-06
7 485 2 9.717451e-06
8 485 2 6.578574e-06
9 485 2 3.047893e-06
10 485 2 1.101918e-06
11 485 2 4.750271e-07
12 485 2 2.473476e-07
1 486 2 3.413307e-07
2 486 2 2.851233e-07
3 486 2 5.064081e-07
4 486 2 1.380318e-06
5 486 2 5.731224e-06
6 486 2 1.373907e-05
7 486 2 1.458726e-05
8 486 2 9.492808e-06
9 486 2 4.018009e-06
10 486 2 1.297392e-06
11 486 2 5.952178e-07
12 486 2 3.145494e-07
1 487 2 4.428281e-07
2 487 2 3.657134e-07
3 487 2 6.744262e-07
4 487 2 2.012628e-06
5 487 2 8.460771e-06
6 487 2 2.163434e-05
7 487 2 2.310661e-05
8 487 2 1.478672e-05
9 487 2 5.823728e-06
10 487 2 1.737419e-06
11 487 2 8.079555e-07
12 487 2 4.304167e-07
1 488 2 2.263279e-07
2 488 2 1.871752e-07
3 488 2 3.574202e-07
4 488 2 1.151070e-06
5 488 2 4.828158e-06
6 488 2 1.285263e-05
7 488 2 1.401643e-05
8 488 2 9.004181e-06
9 488 2 3.366259e-06
10 488 2 9.676690e-07
11 488 2 4.468714e-07
12 488 2 2.345106e-07
1 489 2 5.180005e-08
2 489 2 4.316047e-08
3 489 2 8.325467e-08
4 489 2 2.801007e-07
5 489 2 1.181754e-06
6 489 2 3.221628e-06
7 489 2 3.636529e-06
8 489 2 2.368462e-06
9 489 2 8.472596e-07
10 489 2 2.390827e-07
11 489 2 1.126103e-07
12 489 2 5.755650e-08
1 490 2 1.096012e-07
2 490 2 9.228079e-08
3 490 2 1.726281e-07
4 490 2 5.815393e-07
5 490 2 2.488567e-06
6 490 2 6.890322e-06
7 490 2 8.071235e-06
8 490 2 5.364853e-06
9 490 2 1.860071e-06
10 490 2 5.198810e-07
11 490 2 2.573078e-07
12 490 2 1.298898e-07
1 579 2 2.975439e-07
2 579 2 2.666263e-07
3 579 2 4.122695e-07
4 579 2 8.369340e-07
5 579 2 2.804404e-06
6 579 2 5.547145e-06
7 579 2 6.988126e-06
8 579 2 5.118004e-06
9 579 2 2.733497e-06
10 579 2 1.118700e-06
11 579 2 4.372590e-07
12 579 2 2.196576e-07
1 580 2 3.822321e-06
2 580 2 3.239005e-06
3 580 2 5.302838e-06
4 580 2 1.150923e-05
5 580 2 3.830801e-05
6 580 2 7.664249e-05
7 580 2 8.959901e-05
8 580 2 6.530715e-05
9 580 2 3.538122e-05
10 580 2 1.387398e-05
11 580 2 5.598779e-06
12 580 2 2.955462e-06
1 581 2 3.844595e-06
2 581 2 3.116693e-06
3 581 2 5.396309e-06
4 581 2 1.295906e-05
5 581 2 4.357101e-05
6 581 2 9.110242e-05
7 581 2 9.843858e-05
8 581 2 7.014689e-05
9 581 2 3.705512e-05
10 581 2 1.294232e-05
11 581 2 5.600987e-06
12 581 2 3.160983e-06
1 582 2 1.551729e-06
2 582 2 1.205807e-06
3 582 2 2.226272e-06
4 582 2 5.919379e-06
5 582 2 2.017119e-05
6 582 2 4.443081e-05
7 582 2 4.557020e-05
8 582 2 3.186885e-05
9 582 2 1.627770e-05
10 582 2 5.017068e-06
11 582 2 2.268984e-06
12 582 2 1.349520e-06
1 583 2 8.772055e-07
2 583 2 6.647389e-07
3 583 2 1.344891e-06
4 583 2 3.890887e-06
5 583 2 1.343181e-05
6 583 2 3.087188e-05
7 583 2 3.131554e-05
8 583 2 2.184827e-05
9 583 2 1.090979e-05
10 583 2 3.087996e-06
11 583 2 1.364691e-06
12 583 2 8.176321e-07
1 584 2 3.290389e-07
2 584 2 2.515193e-07
3 584 2 5.603193e-07
4 584 2 1.749623e-06
5 584 2 6.232035e-06
6 584 2 1.466987e-05
7 584 2 1.508860e-05
8 584 2 1.056017e-05
9 584 2 5.155145e-06
10 584 2 1.376414e-06
11 584 2 5.833527e-07
12 584 2 3.389453e-07
1 585 2 2.700433e-05
2 585 2 2.127520e-05
3 585 2 5.027695e-05
4 585 2 1.681633e-04
5 585 2 6.375938e-04
6 585 2 1.523967e-03
7 585 2 1.603905e-03
8 585 2 1.115667e-03
9 585 2 5.235189e-04
10 585 2 1.302498e-04
11 585 2 5.504177e-05
12 585 2 3.092770e-05
1 586 2 1.226574e-06
2 586 2 9.933932e-07
3 586 2 2.365673e-06
4 586 2 8.158662e-06
5 586 2 3.293701e-05
6 586 2 8.099317e-05
7 586 2 8.794733e-05
8 586 2 6.054032e-05
9 586 2 2.717459e-05
10 586 2 6.304289e-06
11 586 2 2.749249e-06
12 586 2 1.525835e-06
1 587 2 1.384992e-07
2 587 2 1.141137e-07
3 587 2 2.655172e-07
4 587 2 9.012032e-07
5 587 2 3.687710e-06
6 587 2 9.417352e-06
7 587 2 1.055012e-05
8 587 2 7.258031e-06
9 587 2 3.206513e-06
10 587 2 7.346730e-07
11 587 2 3.293686e-07
12 587 2 1.840382e-07
1 675 2 1.051730e-06
2 675 2 8.744446e-07
3 675 2 1.296903e-06
4 675 2 2.368487e-06
5 675 2 5.977253e-06
6 675 2 1.036507e-05
7 675 2 1.416280e-05
8 675 2 1.152217e-05
9 675 2 6.644948e-06
10 675 2 3.298344e-06
11 675 2 1.649986e-06
12 675 2 8.581782e-07
1 676 2 3.493251e-06
2 676 2 2.771370e-06
3 676 2 4.338832e-06
4 676 2 8.326851e-06
5 676 2 2.151839e-05
6 676 2 3.711790e-05
7 676 2 4.748535e-05
8 676 2 3.806379e-05
9 676 2 2.249121e-05
10 676 2 1.043497e-05
11 676 2 5.148263e-06
12 676 2 2.840140e-06
1 677 2 1.437790e-05
2 677 2 1.075062e-05
3 677 2 1.798116e-05
4 677 2 3.709875e-05
5 677 2 9.854157e-05
6 677 2 1.710575e-04
7 677 2 2.038278e-04
8 677 2 1.603822e-04
9 677 2 9.517482e-05
10 677 2 3.995757e-05
11 677 2 1.952481e-05
12 677 2 1.138874e-05
1 678 2 5.025805e-06
2 678 2 3.525929e-06
3 678 2 6.584118e-06
4 678 2 1.488964e-05
5 678 2 3.994800e-05
6 678 2 7.143028e-05
7 678 2 8.251928e-05
8 678 2 6.367460e-05
9 678 2 3.730203e-05
10 678 2 1.409814e-05
11 678 2 6.697365e-06
12 678 2 4.022288e-06
1 679 2 9.699248e-07
2 679 2 6.749571e-07
3 679 2 1.402099e-06
4 679 2 3.352550e-06
5 679 2 8.648991e-06
6 679 2 1.641539e-05
7 679 2 1.941194e-05
8 679 2 1.483900e-05
9 679 2 8.608809e-06
10 679 2 3.064470e-06
11 679 2 1.414954e-06
12 679 2 8.731186e-07
1 680 2 2.562859e-05
2 680 2 1.921793e-05
3 680 2 4.115412e-05
4 680 2 9.892542e-05
5 680 2 2.349219e-04
6 680 2 4.663530e-04
7 680 2 5.712154e-04
8 680 2 4.415340e-04
9 680 2 2.589794e-04
10 680 2 9.269719e-05
11 680 2 4.310140e-05
12 680 2 2.813859e-05
1 681 2 2.141993e-04
2 681 2 1.778966e-04
3 681 2 3.706549e-04
4 681 2 9.013221e-04
5 681 2 2.024160e-03
6 681 2 3.978701e-03
7 681 2 4.901262e-03
8 681 2 3.863652e-03
9 681 2 2.319868e-03
10 681 2 8.559197e-04
11 681 2 4.033498e-04
12 681 2 2.764995e-04
1 682 2 6.353046e-06
2 682 2 5.694024e-06
3 682 2 1.156943e-05
4 682 2 2.905195e-05
5 682 2 6.638441e-05
6 682 2 1.278670e-04
7 682 2 1.549348e-04
8 682 2 1.228119e-04
9 682 2 7.477569e-05
10 682 2 2.806758e-05
11 682 2 1.297214e-05
12 682 2 8.794601e-06
1 683 2 5.499685e-07
2 683 2 5.219237e-07
3 683 2 1.054318e-06
4 683 2 2.683427e-06
5 683 2 6.442129e-06
6 683 2 1.273594e-05
7 683 2 1.511669e-05
8 683 2 1.179211e-05
9 683 2 7.169016e-06
10 683 2 2.724916e-06
11 683 2 1.210415e-06
12 683 2 7.788075e-07
1 771 2 2.064614e-06
2 771 2 1.601034e-06
3 771 2 2.219764e-06
4 771 2 3.276336e-06
5 771 2 6.299621e-06
6 771 2 1.049954e-05
7 771 2 1.550172e-05
8 771 2 1.364001e-05
9 771 2 8.371074e-06
10 771 2 5.164748e-06
11 771 2 3.230108e-06
12 771 2 1.886011e-06
1 773 2 3.475087e-06
2 773 2 2.491980e-06
3 773 2 3.889495e-06
4 773 2 5.984558e-06
5 773 2 1.158051e-05
6 773 2 1.862040e-05
7 773 2 2.569881e-05
8 773 2 2.241177e-05
9 773 2 1.448109e-05
10 773 2 8.231782e-06
11 773 2 4.868192e-06
12 773 2 3.009501e-06
1 774 2 9.796929e-06
2 774 2 6.882581e-06
3 774 2 1.132618e-05
4 774 2 1.823556e-05
5 774 2 3.548750e-05
6 774 2 5.692030e-05
7 774 2 7.677647e-05
8 774 2 6.645879e-05
9 774 2 4.326726e-05
10 774 2 2.292156e-05
11 774 2 1.306896e-05
12 774 2 8.437496e-06
1 775 2 9.826556e-06
2 775 2 7.144086e-06
3 775 2 1.139747e-05
4 775 2 1.807422e-05
5 775 2 3.410295e-05
6 775 2 5.523989e-05
7 775 2 7.499784e-05
8 775 2 6.477332e-05
9 775 2 4.279143e-05
10 775 2 2.203604e-05
11 775 2 1.280806e-05
12 775 2 8.909767e-06
1 776 2 5.297845e-05
2 776 2 4.138181e-05
3 776 2 5.984793e-05
4 776 2 8.794557e-05
5 776 2 1.533149e-04
6 776 2 2.489863e-04
7 776 2 3.455490e-04
8 776 2 3.061643e-04
9 776 2 2.097708e-04
10 776 2 1.123679e-04
11 776 2 7.015594e-05
12 776 2 5.291224e-05
1 779 2 1.173530e-06
2 779 2 1.089731e-06
3 779 2 1.412343e-06
4 779 2 2.171160e-06
5 779 2 3.654647e-06
6 779 2 5.603466e-06
7 779 2 7.178835e-06
8 779 2 6.730937e-06
9 779 2 5.022065e-06
10 779 2 2.947172e-06
11 779 2 1.865323e-06
12 779 2 1.387468e-06
1 780 2 2.120870e-05
2 780 2 2.164162e-05
3 780 2 3.004018e-05
4 780 2 5.192065e-05
5 780 2 9.542562e-05
6 780 2 1.528992e-04
7 780 2 1.870360e-04
8 780 2 1.700636e-04
9 780 2 1.231835e-04
10 780 2 6.707773e-05
11 780 2 3.795451e-05
12 780 2 2.673992e-05
1 781 2 3.875828e-05
2 781 2 4.266257e-05
3 781 2 6.529763e-05
4 781 2 1.263033e-04
5 781 2 2.645891e-04
6 781 2 4.378053e-04
7 781 2 5.111912e-04
8 781 2 4.430236e-04
9 781 2 3.062071e-04
10 781 2 1.538446e-04
11 781 2 7.598684e-05
12 781 2 5.118201e-05
1 866 2 2.011353e-07
2 866 2 1.678975e-07
3 866 2 2.026835e-07
4 866 2 2.470085e-07
5 866 2 3.839112e-07
6 866 2 6.422643e-07
7 866 2 1.012390e-06
8 866 2 9.231456e-07
9 866 2 5.944090e-07
10 866 2 3.988363e-07
11 866 2 2.730143e-07
12 866 2 1.916648e-07
1 867 2 1.890021e-07
2 867 2 1.538788e-07
3 867 2 1.911912e-07
4 867 2 2.310438e-07
5 867 2 3.617818e-07
6 867 2 5.860225e-07
7 867 2 9.088550e-07
8 867 2 8.256085e-07
9 867 2 5.348643e-07
10 867 2 3.641166e-07
11 867 2 2.563921e-07
12 867 2 1.800937e-07
1 868 2 1.213863e-05
2 868 2 9.640153e-06
3 868 2 1.233688e-05
4 868 2 1.470304e-05
5 868 2 2.304117e-05
6 868 2 3.645659e-05
7 868 2 5.537046e-05
8 868 2 5.028165e-05
9 868 2 3.303429e-05
10 868 2 2.273760e-05
11 868 2 1.620386e-05
12 868 2 1.146547e-05
1 869 2 2.801155e-06
2 869 2 2.167291e-06
3 869 2 2.840814e-06
4 869 2 3.339654e-06
5 869 2 5.190003e-06
6 869 2 8.080036e-06
7 869 2 1.205206e-05
8 869 2 1.107025e-05
9 869 2 7.438451e-06
10 869 2 5.153493e-06
11 869 2 3.668442e-06
12 869 2 2.645807e-06
1 870 2 5.311834e-06
2 870 2 4.107015e-06
3 870 2 5.370750e-06
4 870 2 6.315676e-06
5 870 2 9.882142e-06
6 870 2 1.531390e-05
7 870 2 2.247333e-05
8 870 2 2.076799e-05
9 870 2 1.420941e-05
10 870 2 9.638331e-06
11 870 2 6.737612e-06
12 870 2 4.966317e-06
1 871 2 2.504018e-07
2 871 2 2.007596e-07
3 871 2 2.508697e-07
4 871 2 2.950514e-07
5 871 2 4.568696e-07
6 871 2 7.047413e-07
7 871 2 1.025367e-06
8 871 2 9.531485e-07
9 871 2 6.674783e-07
10 871 2 4.364064e-07
11 871 2 3.058390e-07
12 871 2 2.323454e-07
1 877 2 4.771585e-05
2 877 2 4.703400e-05
3 877 2 5.375461e-05
4 877 2 7.209235e-05
5 877 2 1.168187e-04
6 877 2 1.634930e-04
7 877 2 2.089354e-04
8 877 2 2.072745e-04
9 877 2 1.684895e-04
10 877 2 1.042268e-04
11 877 2 6.883465e-05
12 877 2 5.349232e-05
1 878 2 7.488506e-06
2 878 2 7.761938e-06
3 878 2 1.010051e-05
4 878 2 1.585183e-05
5 878 2 3.027201e-05
6 878 2 4.257231e-05
7 878 2 5.319267e-05
8 878 2 5.017340e-05
9 878 2 3.802550e-05
10 878 2 2.092865e-05
11 878 2 1.210968e-05
12 878 2 8.894822e-06
1 914 2 2.536907e-04
2 914 2 2.395956e-04
3 914 2 3.291592e-04
4 914 2 4.980939e-04
5 914 2 7.497583e-04
6 914 2 1.077921e-03
7 914 2 1.261934e-03
8 914 2 1.269383e-03
9 914 2 1.006621e-03
10 914 2 7.390968e-04
11 914 2 4.798504e-04
12 914 2 3.225382e-04
1 915 2 4.002040e-03
2 915 2 3.817825e-03
3 915 2 5.783114e-03
4 915 2 9.739088e-03
5 915 2 1.575769e-02
6 915 2 2.306719e-02
7 915 2 2.672166e-02
8 915 2 2.610753e-02
9 915 2 1.949727e-02
10 915 2 1.337401e-02
11 915 2 8.071309e-03
12 915 2 5.074403e-03
1 916 2 2.173499e-03
2 916 2 2.077375e-03
3 916 2 3.256750e-03
4 916 2 5.761594e-03
5 916 2 9.810230e-03
6 916 2 1.458180e-02
7 916 2 1.697924e-02
8 916 2 1.619730e-02
9 916 2 1.167130e-02
10 916 2 7.763172e-03
11 916 2 4.493913e-03
12 916 2 2.750833e-03
1 961 2 1.085561e-05
2 961 2 1.035832e-05
3 961 2 1.117447e-05
4 961 2 1.304957e-05
5 961 2 1.858975e-05
6 961 2 3.136656e-05
7 961 2 5.258487e-05
8 961 2 4.947456e-05
9 961 2 3.373036e-05
10 961 2 2.223199e-05
11 961 2 1.500545e-05
12 961 2 1.086279e-05
1 962 2 3.987515e-06
2 962 2 3.770537e-06
3 962 2 4.075812e-06
4 962 2 4.632938e-06
5 962 2 6.545242e-06
6 962 2 1.058619e-05
7 962 2 1.765789e-05
8 962 2 1.659854e-05
9 962 2 1.115521e-05
10 962 2 7.680120e-06
11 962 2 5.408539e-06
12 962 2 3.957052e-06
1 963 2 4.122811e-08
2 963 2 3.789692e-08
3 963 2 4.191553e-08
4 963 2 4.643977e-08
5 963 2 6.589199e-08
6 963 2 1.041650e-07
7 963 2 1.721825e-07
8 963 2 1.615511e-07
9 963 2 1.070732e-07
10 963 2 7.549240e-08
11 963 2 5.464963e-08
12 963 2 4.049203e-08
1 964 2 1.296346e-07
2 964 2 1.165484e-07
3 964 2 1.317015e-07
4 964 2 1.418111e-07
5 964 2 2.002185e-07
6 964 2 3.124914e-07
7 964 2 5.064634e-07
8 964 2 4.762418e-07
9 964 2 3.128400e-07
10 964 2 2.255349e-07
11 964 2 1.669324e-07
12 964 2 1.265166e-07
1 975 2 8.008926e-06
2 975 2 8.706998e-06
3 975 2 1.101953e-05
4 975 2 1.611021e-05
5 975 2 3.048632e-05
6 975 2 4.115900e-05
7 975 2 5.830203e-05
8 975 2 5.428998e-05
9 975 2 4.215265e-05
10 975 2 2.087517e-05
11 975 2 1.199887e-05
12 975 2 8.914375e-06
1 976 2 1.272589e-04
2 976 2 1.488566e-04
3 976 2 2.118124e-04
4 976 2 3.665843e-04
5 976 2 7.973839e-04
6 976 2 1.118844e-03
7 976 2 1.647437e-03
8 976 2 1.393960e-03
9 976 2 9.943280e-04
10 976 2 4.143362e-04
11 976 2 2.094849e-04
12 976 2 1.476854e-04
1 977 2 2.642774e-05
2 977 2 3.258874e-05
3 977 2 5.375733e-05
4 977 2 1.069919e-04
5 977 2 2.253745e-04
6 977 2 3.189519e-04
7 977 2 4.697806e-04
8 977 2 3.880430e-04
9 977 2 2.676729e-04
10 977 2 1.055479e-04
11 977 2 4.764371e-05
12 977 2 3.192342e-05
1 978 2 1.722592e-05
2 978 2 2.280681e-05
3 978 2 4.427143e-05
4 978 2 1.016584e-04
5 978 2 1.943935e-04
6 978 2 2.814842e-04
7 978 2 4.158280e-04
8 978 2 3.474537e-04
9 978 2 2.316265e-04
10 978 2 9.100282e-05
11 978 2 3.597796e-05
12 978 2 2.193905e-05
1 979 2 5.519655e-06
2 979 2 7.534483e-06
3 979 2 1.575168e-05
4 979 2 4.024484e-05
5 979 2 7.402319e-05
6 979 2 1.138203e-04
7 979 2 1.675766e-04
8 979 2 1.401851e-04
9 979 2 9.038441e-05
10 979 2 3.618211e-05
11 979 2 1.334815e-05
12 979 2 7.495335e-06
1 980 2 2.843724e-06
2 980 2 3.916801e-06
3 980 2 8.529965e-06
4 980 2 2.396026e-05
5 980 2 4.544497e-05
6 980 2 7.463298e-05
7 980 2 1.097782e-04
8 980 2 9.150418e-05
9 980 2 5.633088e-05
10 980 2 2.220386e-05
11 980 2 7.891998e-06
12 980 2 4.058997e-06
1 981 2 8.582483e-06
2 981 2 1.204714e-05
3 981 2 2.638529e-05
4 981 2 7.756402e-05
5 981 2 1.516700e-04
6 981 2 2.726082e-04
7 981 2 4.111863e-04
8 981 2 3.454048e-04
9 981 2 2.057411e-04
10 981 2 7.804838e-05
11 981 2 2.708299e-05
12 981 2 1.307497e-05
1 982 2 8.103649e-06
2 982 2 1.132576e-05
3 982 2 2.395536e-05
4 982 2 6.807051e-05
5 982 2 1.361539e-04
6 982 2 2.681322e-04
7 982 2 4.092268e-04
8 982 2 3.457743e-04
9 982 2 2.051792e-04
10 982 2 7.696258e-05
11 982 2 2.762451e-05
12 982 2 1.330022e-05
1 983 2 5.780747e-06
2 983 2 8.142138e-06
3 983 2 1.742647e-05
4 983 2 4.954135e-05
5 983 2 1.025369e-04
6 983 2 2.162142e-04
7 983 2 3.253275e-04
8 983 2 2.727766e-04
9 983 2 1.586190e-04
10 983 2 5.814034e-05
11 983 2 2.110347e-05
12 983 2 1.016248e-05
1 984 2 9.477473e-07
2 984 2 1.317178e-06
3 984 2 2.856877e-06
4 984 2 8.203131e-06
5 984 2 1.751915e-05
6 984 2 3.959063e-05
7 984 2 5.997900e-05
8 984 2 5.013919e-05
9 984 2 2.832729e-05
10 984 2 1.014600e-05
11 984 2 3.675343e-06
12 984 2 1.779273e-06
1 1007 2 7.430382e-05
2 1007 2 7.181384e-05
3 1007 2 8.530538e-05
4 1007 2 1.052993e-04
5 1007 2 1.375662e-04
6 1007 2 1.914734e-04
7 1007 2 2.303667e-04
8 1007 2 2.265857e-04
9 1007 2 1.893923e-04
10 1007 2 1.472457e-04
11 1007 2 1.128468e-04
12 1007 2 8.803838e-05
1 1008 2 2.940060e-04
2 1008 2 2.896519e-04
3 1008 2 3.638067e-04
4 1008 2 4.854463e-04
5 1008 2 6.654952e-04
6 1008 2 9.628378e-04
7 1008 2 1.152092e-03
8 1008 2 1.114812e-03
9 1008 2 9.080978e-04
10 1008 2 6.724701e-04
11 1008 2 4.832481e-04
12 1008 2 3.540711e-04
1 1009 2 2.434566e-03
2 1009 2 2.421356e-03
3 1009 2 3.195836e-03
4 1009 2 4.571974e-03
5 1009 2 6.515518e-03
6 1009 2 9.627547e-03
7 1009 2 1.166371e-02
8 1009 2 1.124928e-02
9 1009 2 9.036247e-03
10 1009 2 6.357339e-03
11 1009 2 4.267912e-03
12 1009 2 2.971536e-03
1 1010 2 6.115359e-03
2 1010 2 6.212519e-03
3 1010 2 8.862124e-03
4 1010 2 1.399735e-02
5 1010 2 2.084575e-02
6 1010 2 3.058300e-02
7 1010 2 3.714207e-02
8 1010 2 3.550464e-02
9 1010 2 2.779736e-02
10 1010 2 1.814039e-02
11 1010 2 1.139009e-02
12 1010 2 7.561578e-03
1 1011 2 8.816773e-03
2 1011 2 9.104315e-03
3 1011 2 1.421741e-02
4 1011 2 2.498002e-02
5 1011 2 3.970870e-02
6 1011 2 5.818268e-02
7 1011 2 7.061346e-02
8 1011 2 6.572034e-02
9 1011 2 4.891744e-02
10 1011 2 2.919544e-02
11 1011 2 1.714450e-02
12 1011 2 1.094489e-02
1 1012 2 4.758087e-03
2 1012 2 4.980667e-03
3 1012 2 8.243468e-03
4 1012 2 1.548105e-02
5 1012 2 2.606221e-02
6 1012 2 3.801347e-02
7 1012 2 4.609305e-02
8 1012 2 4.235723e-02
9 1012 2 3.052528e-02
10 1012 2 1.727761e-02
11 1012 2 9.645580e-03
12 1012 2 6.000292e-03
1 1071 2 3.212142e-04
2 1071 2 3.301631e-04
3 1071 2 3.673557e-04
4 1071 2 4.362331e-04
5 1071 2 6.718278e-04
6 1071 2 9.218646e-04
7 1071 2 1.378630e-03
8 1071 2 1.411189e-03
9 1071 2 1.277533e-03
10 1071 2 6.921294e-04
11 1071 2 4.201905e-04
12 1071 2 3.451196e-04
1 1072 2 9.690062e-03
2 1072 2 1.130596e-02
3 1072 2 1.447808e-02
4 1072 2 2.039697e-02
5 1072 2 3.550462e-02
6 1072 2 4.871596e-02
7 1072 2 7.510749e-02
8 1072 2 7.303620e-02
9 1072 2 5.864605e-02
10 1072 2 2.609333e-02
11 1072 2 1.365168e-02
12 1072 2 1.033878e-02
1 1073 2 1.294956e-03
2 1073 2 1.709952e-03
3 1073 2 2.533791e-03
4 1073 2 4.164422e-03
5 1073 2 7.533224e-03
6 1073 2 1.045674e-02
7 1073 2 1.619392e-02
8 1073 2 1.522515e-02
9 1073 2 1.080771e-02
10 1073 2 4.371115e-03
11 1073 2 2.015037e-03
12 1073 2 1.392305e-03
1 1074 2 3.188143e-04
2 1074 2 4.407863e-04
3 1074 2 7.374230e-04
4 1074 2 1.360738e-03
5 1074 2 2.430727e-03
6 1074 2 3.481903e-03
7 1074 2 5.435058e-03
8 1074 2 5.058383e-03
9 1074 2 3.388932e-03
10 1074 2 1.317151e-03
11 1074 2 5.427448e-04
12 1074 2 3.477684e-04
1 1075 2 2.515184e-04
2 1075 2 3.565579e-04
3 1075 2 6.297902e-04
4 1075 2 1.283903e-03
5 1075 2 2.242514e-03
6 1075 2 3.404248e-03
7 1075 2 5.222018e-03
8 1075 2 4.701524e-03
9 1075 2 2.961745e-03
10 1075 2 1.162807e-03
11 1075 2 4.626218e-04
12 1075 2 2.855967e-04
1 1076 2 1.016261e-04
2 1076 2 1.523545e-04
3 1076 2 2.844782e-04
4 1076 2 6.434969e-04
5 1076 2 1.127531e-03
6 1076 2 1.815397e-03
7 1076 2 2.713850e-03
8 1076 2 2.375048e-03
9 1076 2 1.402281e-03
10 1076 2 5.621379e-04
11 1076 2 2.174147e-04
12 1076 2 1.228445e-04
1 1077 2 9.319566e-05
2 1077 2 1.443612e-04
3 1077 2 2.828941e-04
4 1077 2 6.881316e-04
5 1077 2 1.248178e-03
6 1077 2 2.199118e-03
7 1077 2 3.268654e-03
8 1077 2 2.794104e-03
9 1077 2 1.626362e-03
10 1077 2 6.414349e-04
11 1077 2 2.372552e-04
12 1077 2 1.200831e-04
1 1078 2 1.755883e-04
2 1078 2 2.633650e-04
3 1078 2 5.151090e-04
4 1078 2 1.298196e-03
5 1078 2 2.450177e-03
6 1078 2 4.728174e-03
7 1078 2 7.019152e-03
8 1078 2 5.952192e-03
9 1078 2 3.455882e-03
10 1078 2 1.352626e-03
11 1078 2 5.151222e-04
12 1078 2 2.441269e-04
1 1079 2 4.621019e-04
2 1079 2 6.934476e-04
3 1079 2 1.394804e-03
4 1079 2 3.682569e-03
5 1079 2 7.195637e-03
6 1079 2 1.465843e-02
7 1079 2 2.132949e-02
8 1079 2 1.828406e-02
9 1079 2 1.033072e-02
10 1079 2 4.028451e-03
11 1079 2 1.547847e-03
12 1079 2 7.112818e-04
1 1080 2 5.669482e-04
2 1080 2 8.252834e-04
3 1080 2 1.603654e-03
4 1080 2 4.061682e-03
5 1080 2 8.102496e-03
6 1080 2 1.766591e-02
7 1080 2 2.573661e-02
8 1080 2 2.229955e-02
9 1080 2 1.259380e-02
10 1080 2 4.932662e-03
11 1080 2 1.886333e-03
12 1080 2 8.998505e-04
1 1081 2 2.014983e-04
2 1081 2 2.666062e-04
3 1081 2 4.800755e-04
4 1081 2 1.122896e-03
5 1081 2 2.246981e-03
6 1081 2 5.217799e-03
7 1081 2 7.776120e-03
8 1081 2 6.696418e-03
9 1081 2 3.919791e-03
10 1081 2 1.570391e-03
11 1081 2 6.131865e-04
12 1081 2 3.086842e-04
1 1082 2 9.641747e-05
2 1082 2 1.223367e-04
3 1082 2 2.251617e-04
4 1082 2 5.316470e-04
5 1082 2 1.053441e-03
6 1082 2 2.517815e-03
7 1082 2 3.717065e-03
8 1082 2 3.128312e-03
9 1082 2 1.882725e-03
10 1082 2 7.773112e-04
11 1082 2 3.052982e-04
12 1082 2 1.542436e-04
1 1085 2 1.110422e-06
2 1085 2 1.359472e-06
3 1085 2 2.953581e-06
4 1085 2 7.294416e-06
5 1085 2 1.539378e-05
6 1085 2 3.386994e-05
7 1085 2 4.974952e-05
8 1085 2 4.011525e-05
9 1085 2 2.488519e-05
10 1085 2 1.084822e-05
11 1085 2 3.968932e-06
12 1085 2 2.042838e-06
1 1086 2 5.950225e-05
2 1086 2 7.171260e-05
3 1086 2 1.473930e-04
4 1086 2 3.546454e-04
5 1086 2 7.798118e-04
6 1086 2 1.619779e-03
7 1086 2 2.422464e-03
8 1086 2 1.952826e-03
9 1086 2 1.227420e-03
10 1086 2 5.497697e-04
11 1086 2 2.009666e-04
12 1086 2 1.053894e-04
1 1087 2 2.796577e-05
2 1087 2 3.101522e-05
3 1087 2 5.774502e-05
4 1087 2 1.258247e-04
5 1087 2 2.805861e-04
6 1087 2 5.508758e-04
7 1087 2 8.548200e-04
8 1087 2 7.060268e-04
9 1087 2 4.619117e-04
10 1087 2 2.216295e-04
11 1087 2 8.341124e-05
12 1087 2 4.677506e-05
1 1103 2 4.103519e-04
2 1103 2 3.957292e-04
3 1103 2 4.718578e-04
4 1103 2 5.498787e-04
5 1103 2 6.955717e-04
6 1103 2 9.902884e-04
7 1103 2 1.269389e-03
8 1103 2 1.259025e-03
9 1103 2 1.053214e-03
10 1103 2 7.998747e-04
11 1103 2 6.104567e-04
12 1103 2 4.816611e-04
1 1104 2 3.524229e-03
2 1104 2 3.450618e-03
3 1104 2 4.415883e-03
4 1104 2 5.606128e-03
5 1104 2 7.430671e-03
6 1104 2 1.102046e-02
7 1104 2 1.415370e-02
8 1104 2 1.385411e-02
9 1104 2 1.125306e-02
10 1104 2 7.927971e-03
11 1104 2 5.621521e-03
12 1104 2 4.207691e-03
1 1105 2 5.759476e-03
2 1105 2 5.914920e-03
3 1105 2 8.371671e-03
4 1105 2 1.220385e-02
5 1105 2 1.726225e-02
6 1105 2 2.643623e-02
7 1105 2 3.477124e-02
8 1105 2 3.312639e-02
9 1105 2 2.533435e-02
10 1105 2 1.564628e-02
11 1105 2 9.797755e-03
12 1105 2 6.899440e-03
1 1106 2 4.165118e-03
2 1106 2 4.478421e-03
3 1106 2 6.861596e-03
4 1106 2 1.129540e-02
5 1106 2 1.698212e-02
6 1106 2 2.617087e-02
7 1106 2 3.500859e-02
8 1106 2 3.233840e-02
9 1106 2 2.373066e-02
10 1106 2 1.300612e-02
11 1106 2 7.344058e-03
12 1106 2 4.951707e-03
1 1107 2 3.079475e-03
2 1107 2 3.489942e-03
3 1107 2 5.659550e-03
4 1107 2 9.931262e-03
5 1107 2 1.544763e-02
6 1107 2 2.378602e-02
7 1107 2 3.204138e-02
8 1107 2 2.919718e-02
9 1107 2 2.087223e-02
10 1107 2 1.042149e-02
11 1107 2 5.633532e-03
12 1107 2 3.664559e-03
1 1108 2 9.322838e-04
2 1108 2 1.116667e-03
3 1108 2 1.902113e-03
4 1108 2 3.470722e-03
5 1108 2 5.661034e-03
6 1108 2 8.760640e-03
7 1108 2 1.202085e-02
8 1108 2 1.110309e-02
9 1108 2 7.699847e-03
10 1108 2 3.463804e-03
11 1108 2 1.820469e-03
12 1108 2 1.147997e-03
1 1167 2 1.013697e-03
2 1167 2 9.784920e-04
3 1167 2 1.009123e-03
4 1167 2 1.134512e-03
5 1167 2 1.698761e-03
6 1167 2 2.410815e-03
7 1167 2 3.618325e-03
8 1167 2 3.839168e-03
9 1167 2 3.699738e-03
10 1167 2 2.077827e-03
11 1167 2 1.203348e-03
12 1167 2 1.013034e-03
1 1168 2 1.823301e-03
2 1168 2 2.060643e-03
3 1168 2 2.488602e-03
4 1168 2 3.417559e-03
5 1168 2 6.038657e-03
6 1168 2 9.020027e-03
7 1168 2 1.460925e-02
8 1168 2 1.464180e-02
9 1168 2 1.177471e-02
10 1168 2 5.060411e-03
11 1168 2 2.303808e-03
12 1168 2 1.697953e-03
1 1169 2 3.576179e-04
2 1169 2 5.023851e-04
3 1169 2 7.223785e-04
4 1169 2 1.160765e-03
5 1169 2 2.132308e-03
6 1169 2 3.303017e-03
7 1169 2 5.346511e-03
8 1169 2 4.957981e-03
9 1169 2 3.314193e-03
10 1169 2 1.275218e-03
11 1169 2 5.120476e-04
12 1169 2 3.277425e-04
1 1170 2 3.190069e-04
2 1170 2 5.022419e-04
3 1170 2 8.369333e-04
4 1170 2 1.501884e-03
5 1170 2 2.718265e-03
6 1170 2 4.247800e-03
7 1170 2 6.849161e-03
8 1170 2 6.489847e-03
9 1170 2 4.125161e-03
10 1170 2 1.522883e-03
11 1170 2 5.404238e-04
12 1170 2 3.079138e-04
1 1171 2 3.728825e-04
2 1171 2 5.927052e-04
3 1171 2 1.032266e-03
4 1171 2 2.009587e-03
5 1171 2 3.607109e-03
6 1171 2 5.710867e-03
7 1171 2 8.844496e-03
8 1171 2 8.503223e-03
9 1171 2 5.313696e-03
10 1171 2 2.007750e-03
11 1171 2 6.846903e-04
12 1171 2 3.722458e-04
1 1172 2 1.754895e-04
2 1172 2 2.763405e-04
3 1172 2 4.499750e-04
4 1172 2 9.122602e-04
5 1172 2 1.588508e-03
6 1172 2 2.570093e-03
7 1172 2 3.707575e-03
8 1172 2 3.458521e-03
9 1172 2 2.115702e-03
10 1172 2 8.570854e-04
11 1172 2 3.223929e-04
12 1172 2 1.746347e-04
1 1173 2 2.305151e-04
2 1173 2 3.790611e-04
3 1173 2 6.221095e-04
4 1173 2 1.316507e-03
5 1173 2 2.309563e-03
6 1173 2 4.136453e-03
7 1173 2 5.960274e-03
8 1173 2 5.308104e-03
9 1173 2 3.068441e-03
10 1173 2 1.211345e-03
11 1173 2 4.808475e-04
12 1173 2 2.464579e-04
1 1174 2 2.052652e-04
2 1174 2 3.188851e-04
3 1174 2 5.416346e-04
4 1174 2 1.186583e-03
5 1174 2 2.195734e-03
6 1174 2 4.279509e-03
7 1174 2 6.015132e-03
8 1174 2 5.243968e-03
9 1174 2 2.951339e-03
10 1174 2 1.212009e-03
11 1174 2 5.106161e-04
12 1174 2 2.432671e-04
1 1175 2 1.287305e-03
2 1175 2 1.887644e-03
3 1175 2 3.308838e-03
4 1175 2 7.793245e-03
5 1175 2 1.502945e-02
6 1175 2 3.079856e-02
7 1175 2 4.193927e-02
8 1175 2 3.684345e-02
9 1175 2 2.014078e-02
10 1175 2 8.411377e-03
11 1175 2 3.600663e-03
12 1175 2 1.629810e-03
1 1176 2 2.105042e-03
2 1176 2 3.111995e-03
3 1176 2 5.711195e-03
4 1176 2 1.350695e-02
5 1176 2 2.564536e-02
6 1176 2 5.406875e-02
7 1176 2 7.199983e-02
8 1176 2 6.388905e-02
9 1176 2 3.510714e-02
10 1176 2 1.488028e-02
11 1176 2 6.388336e-03
12 1176 2 2.893814e-03
1 1177 2 6.323958e-03
2 1177 2 9.164306e-03
3 1177 2 1.703000e-02
4 1177 2 3.825525e-02
5 1177 2 7.234052e-02
6 1177 2 1.568128e-01
7 1177 2 2.092932e-01
8 1177 2 1.852603e-01
9 1177 2 1.047131e-01
10 1177 2 4.555505e-02
11 1177 2 1.937525e-02
12 1177 2 9.037601e-03
1 1178 2 5.608143e-03
2 1178 2 7.670896e-03
3 1178 2 1.415343e-02
4 1178 2 3.026465e-02
5 1178 2 5.657033e-02
6 1178 2 1.253486e-01
7 1178 2 1.691025e-01
8 1178 2 1.499400e-01
9 1178 2 8.703258e-02
10 1178 2 3.998263e-02
11 1178 2 1.674475e-02
12 1178 2 8.187378e-03
1 1179 2 2.410189e-03
2 1179 2 3.118177e-03
3 1179 2 5.956195e-03
4 1179 2 1.244765e-02
5 1179 2 2.328558e-02
6 1179 2 5.148238e-02
7 1179 2 7.048446e-02
8 1179 2 6.180477e-02
9 1179 2 3.671933e-02
10 1179 2 1.754120e-02
11 1179 2 7.087816e-03
12 1179 2 3.620166e-03
1 1180 2 2.880703e-03
2 1180 2 3.661971e-03
3 1180 2 7.489682e-03
4 1180 2 1.547421e-02
5 1180 2 2.914880e-02
6 1180 2 6.321930e-02
7 1180 2 8.755134e-02
8 1180 2 7.526229e-02
9 1180 2 4.541490e-02
10 1180 2 2.210964e-02
11 1180 2 8.560852e-03
12 1180 2 4.543541e-03
1 1181 2 6.661592e-03
2 1181 2 8.181217e-03
3 1181 2 1.675162e-02
4 1181 2 3.377611e-02
5 1181 2 6.553129e-02
6 1181 2 1.391001e-01
7 1181 2 1.976598e-01
8 1181 2 1.683449e-01
9 1181 2 1.038840e-01
10 1181 2 5.111288e-02
11 1181 2 1.948141e-02
12 1181 2 1.071337e-02
1 1182 2 2.900696e-03
2 1182 2 3.248442e-03
3 1182 2 5.940550e-03
4 1182 2 1.125589e-02
5 1182 2 2.209929e-02
6 1182 2 4.429519e-02
7 1182 2 6.505741e-02
8 1182 2 5.630404e-02
9 1182 2 3.751857e-02
10 1182 2 1.932654e-02
11 1182 2 7.696372e-03
12 1182 2 4.546629e-03
1 1183 2 8.717254e-06
2 1183 2 8.911653e-06
3 1183 2 1.441073e-05
4 1183 2 2.511313e-05
5 1183 2 4.888240e-05
6 1183 2 9.169542e-05
7 1183 2 1.383013e-04
8 1183 2 1.245962e-04
9 1183 2 9.159613e-05
10 1183 2 4.982207e-05
11 1183 2 2.063724e-05
12 1183 2 1.313190e-05
1 1200 2 1.125484e-03
2 1200 2 1.167709e-03
3 1200 2 1.522614e-03
4 1200 2 1.983349e-03
5 1200 2 2.775618e-03
6 1200 2 4.469715e-03
7 1200 2 6.501592e-03
8 1200 2 6.272308e-03
9 1200 2 4.712232e-03
10 1200 2 2.761221e-03
11 1200 2 1.752436e-03
12 1200 2 1.275017e-03
1 1201 2 2.596318e-03
2 1201 2 2.762815e-03
3 1201 2 3.760513e-03
4 1201 2 5.323563e-03
5 1201 2 7.766264e-03
6 1201 2 1.249821e-02
7 1201 2 1.896105e-02
8 1201 2 1.823068e-02
9 1201 2 1.315092e-02
10 1201 2 6.980291e-03
11 1201 2 4.165854e-03
12 1201 2 2.999274e-03
1 1202 2 3.066489e-03
2 1202 2 3.289056e-03
3 1202 2 4.564644e-03
4 1202 2 6.741763e-03
5 1202 2 1.010150e-02
6 1202 2 1.618220e-02
7 1202 2 2.433611e-02
8 1202 2 2.371525e-02
9 1202 2 1.711058e-02
10 1202 2 8.656519e-03
11 1202 2 5.030238e-03
12 1202 2 3.593428e-03
1 1203 2 4.901440e-04
2 1203 2 5.455793e-04
3 1203 2 7.703947e-04
4 1203 2 1.176515e-03
5 1203 2 1.816608e-03
6 1203 2 2.957708e-03
7 1203 2 4.451954e-03
8 1203 2 4.256740e-03
9 1203 2 2.997776e-03
10 1203 2 1.430549e-03
11 1203 2 8.205302e-04
12 1203 2 5.826954e-04
1 1263 2 4.458592e-04
2 1263 2 4.056466e-04
3 1263 2 4.117545e-04
4 1263 2 4.611178e-04
5 1263 2 6.996686e-04
6 1263 2 1.090688e-03
7 1263 2 1.639576e-03
8 1263 2 1.779670e-03
9 1263 2 1.714761e-03
10 1263 2 9.516373e-04
11 1263 2 5.139450e-04
12 1263 2 4.329046e-04
1 1264 2 1.106236e-02
2 1264 2 1.130148e-02
3 1264 2 1.284855e-02
4 1264 2 1.791950e-02
5 1264 2 3.251315e-02
6 1264 2 5.656023e-02
7 1264 2 9.479268e-02
8 1264 2 1.031471e-01
9 1264 2 8.667112e-02
10 1264 2 3.682296e-02
11 1264 2 1.420110e-02
12 1264 2 9.963036e-03
1 1265 2 4.873129e-04
2 1265 2 6.075437e-04
3 1265 2 7.997377e-04
4 1265 2 1.345547e-03
5 1265 2 2.635940e-03
6 1265 2 4.772023e-03
7 1265 2 7.908447e-03
8 1265 2 7.729338e-03
9 1265 2 5.252854e-03
10 1265 2 1.997438e-03
11 1265 2 6.762295e-04
12 1265 2 4.163761e-04
1 1266 2 1.442636e-04
2 1266 2 2.176058e-04
3 1266 2 3.262162e-04
4 1266 2 5.912144e-04
5 1266 2 1.169864e-03
6 1266 2 2.157419e-03
7 1266 2 3.524410e-03
8 1266 2 3.291801e-03
9 1266 2 1.936535e-03
10 1266 2 6.868661e-04
11 1266 2 2.261399e-04
12 1266 2 1.257532e-04
1 1267 2 9.294077e-04
2 1267 2 1.498065e-03
3 1267 2 2.399894e-03
4 1267 2 4.407485e-03
5 1267 2 8.332891e-03
6 1267 2 1.457662e-02
7 1267 2 2.198445e-02
8 1267 2 2.121897e-02
9 1267 2 1.345579e-02
10 1267 2 5.192222e-03
11 1267 2 1.725469e-03
12 1267 2 8.657003e-04
1 1268 2 1.530582e-03
2 1268 2 2.273568e-03
3 1268 2 3.359472e-03
4 1268 2 6.213468e-03
5 1268 2 1.040584e-02
6 1268 2 1.601366e-02
7 1268 2 2.030284e-02
8 1268 2 1.970235e-02
9 1268 2 1.422774e-02
10 1268 2 6.910545e-03
11 1268 2 2.675755e-03
12 1268 2 1.391203e-03
1 1269 2 1.835910e-03
2 1269 2 2.814358e-03
3 1269 2 4.000885e-03
4 1269 2 8.138429e-03
5 1269 2 1.338971e-02
6 1269 2 2.330122e-02
7 1269 2 3.028154e-02
8 1269 2 2.829117e-02
9 1269 2 1.728814e-02
10 1269 2 7.650771e-03
11 1269 2 3.169494e-03
12 1269 2 1.681326e-03
1 1270 2 6.061096e-04
2 1270 2 9.380227e-04
3 1270 2 1.392597e-03
4 1270 2 2.951105e-03
5 1270 2 5.106748e-03
6 1270 2 9.663962e-03
7 1270 2 1.282859e-02
8 1270 2 1.159157e-02
9 1270 2 6.394767e-03
10 1270 2 2.813004e-03
11 1270 2 1.250048e-03
12 1270 2 6.292074e-04
1 1271 2 2.798034e-03
2 1271 2 4.125971e-03
3 1271 2 6.285204e-03
4 1271 2 1.356418e-02
5 1271 2 2.410208e-02
6 1271 2 4.616054e-02
7 1271 2 6.044765e-02
8 1271 2 5.438063e-02
9 1271 2 3.039230e-02
10 1271 2 1.373970e-02
11 1271 2 6.446828e-03
12 1271 2 3.098068e-03
1 1272 2 3.304370e-03
2 1272 2 4.757502e-03
3 1272 2 7.494775e-03
4 1272 2 1.602679e-02
5 1272 2 2.786622e-02
6 1272 2 5.376886e-02
7 1272 2 6.922043e-02
8 1272 2 6.350438e-02
9 1272 2 3.585193e-02
10 1272 2 1.688248e-02
11 1272 2 8.107308e-03
12 1272 2 3.891462e-03
1 1273 2 4.874246e-03
2 1273 2 6.912560e-03
3 1273 2 1.150737e-02
4 1273 2 2.391225e-02
5 1273 2 4.173074e-02
6 1273 2 8.085515e-02
7 1273 2 1.023756e-01
8 1273 2 9.379733e-02
9 1273 2 5.366139e-02
10 1273 2 2.633656e-02
11 1273 2 1.269295e-02
12 1273 2 6.153348e-03
1 1274 2 7.067366e-03
2 1274 2 9.818694e-03
3 1274 2 1.702095e-02
4 1274 2 3.448694e-02
5 1274 2 5.950942e-02
6 1274 2 1.150341e-01
7 1274 2 1.454225e-01
8 1274 2 1.338838e-01
9 1274 2 7.853944e-02
10 1274 2 3.984815e-02
11 1274 2 1.880438e-02
12 1274 2 9.456628e-03
1 1275 2 6.341153e-03
2 1275 2 8.529076e-03
3 1275 2 1.531870e-02
4 1275 2 3.015778e-02
5 1275 2 5.251341e-02
6 1275 2 1.013121e-01
7 1275 2 1.296248e-01
8 1275 2 1.182442e-01
9 1275 2 7.035962e-02
10 1275 2 3.652668e-02
11 1275 2 1.638830e-02
12 1275 2 8.694831e-03
1 1276 2 1.486519e-02
2 1276 2 1.871860e-02
3 1276 2 3.368569e-02
4 1276 2 6.180578e-02
5 1276 2 1.069988e-01
6 1276 2 2.071320e-01
7 1276 2 2.729418e-01
8 1276 2 2.496946e-01
9 1276 2 1.541864e-01
10 1276 2 8.378344e-02
11 1276 2 3.713401e-02
12 1276 2 2.102159e-02
1 1277 2 2.157737e-02
2 1277 2 2.457803e-02
3 1277 2 4.089055e-02
4 1277 2 6.743606e-02
5 1277 2 1.143223e-01
6 1277 2 2.170127e-01
7 1277 2 2.923503e-01
8 1277 2 2.707608e-01
9 1277 2 1.844201e-01
10 1277 2 1.077279e-01
11 1277 2 4.939854e-02
12 1277 2 3.058233e-02
1 1278 2 3.089627e-04
2 1278 2 3.183219e-04
3 1278 2 4.731213e-04
4 1278 2 7.321624e-04
5 1278 2 1.243723e-03
6 1278 2 2.273084e-03
7 1278 2 3.105575e-03
8 1278 2 2.905250e-03
9 1278 2 2.159421e-03
10 1278 2 1.326879e-03
11 1278 2 6.324590e-04
12 1278 2 4.278125e-04
1 1299 2 4.871197e-05
2 1299 2 5.166409e-05
3 1299 2 6.406011e-05
4 1299 2 9.139211e-05
5 1299 2 1.486059e-04
6 1299 2 2.429412e-04
7 1299 2 3.627085e-04
8 1299 2 3.550815e-04
9 1299 2 2.667878e-04
10 1299 2 1.375702e-04
11 1299 2 7.841326e-05
12 1299 2 5.761173e-05
1 1360 2 1.008495e-02
2 1360 2 9.372399e-03
3 1360 2 9.686876e-03
4 1360 2 1.226951e-02
5 1360 2 2.022964e-02
6 1360 2 3.415848e-02
7 1360 2 5.130777e-02
8 1360 2 5.825068e-02
9 1360 2 5.461538e-02
10 1360 2 2.866214e-02
11 1360 2 1.286420e-02
12 1360 2 9.622400e-03
1 1361 2 1.506337e-02
2 1361 2 1.728117e-02
3 1361 2 2.082148e-02
4 1361 2 3.353211e-02
5 1361 2 6.347798e-02
6 1361 2 1.128296e-01
7 1361 2 1.757124e-01
8 1361 2 1.854040e-01
9 1361 2 1.466723e-01
10 1361 2 6.457288e-02
11 1361 2 2.250228e-02
12 1361 2 1.400796e-02
1 1362 2 1.093501e-03
2 1362 2 1.456677e-03
3 1362 2 1.945787e-03
4 1362 2 3.539200e-03
5 1362 2 7.175785e-03
6 1362 2 1.297416e-02
7 1362 2 1.969994e-02
8 1362 2 1.870250e-02
9 1362 2 1.276126e-02
10 1362 2 5.275147e-03
11 1362 2 1.749096e-03
12 1362 2 9.940602e-04
1 1363 2 7.402017e-04
2 1363 2 1.018618e-03
3 1363 2 1.366796e-03
4 1363 2 2.520857e-03
5 1363 2 4.939216e-03
6 1363 2 8.630944e-03
7 1363 2 1.231984e-02
8 1363 2 1.114788e-02
9 1363 2 7.733411e-03
10 1363 2 3.427876e-03
11 1363 2 1.251769e-03
12 1363 2 6.963592e-04
1 1364 2 1.179139e-03
2 1364 2 1.667749e-03
3 1364 2 2.289049e-03
4 1364 2 4.255610e-03
5 1364 2 7.625530e-03
6 1364 2 1.218985e-02
7 1364 2 1.533646e-02
8 1364 2 1.376623e-02
9 1364 2 9.557902e-03
10 1364 2 4.843869e-03
11 1364 2 1.974998e-03
12 1364 2 1.092374e-03
1 1365 2 5.733488e-04
2 1365 2 8.705923e-04
3 1365 2 1.247545e-03
4 1365 2 2.471093e-03
5 1365 2 4.236685e-03
6 1365 2 7.129571e-03
7 1365 2 8.511679e-03
8 1365 2 7.624997e-03
9 1365 2 4.620995e-03
10 1365 2 2.175172e-03
11 1365 2 9.435854e-04
12 1365 2 5.128561e-04
1 1366 2 1.572886e-03
2 1366 2 2.358327e-03
3 1366 2 3.287442e-03
4 1366 2 6.471004e-03
5 1366 2 1.094251e-02
6 1366 2 1.848508e-02
7 1366 2 2.335681e-02
8 1366 2 2.171093e-02
9 1366 2 1.247488e-02
10 1366 2 5.845777e-03
11 1366 2 2.809887e-03
12 1366 2 1.500455e-03
1 1367 2 3.778164e-03
2 1367 2 5.316630e-03
3 1367 2 7.217032e-03
4 1367 2 1.386447e-02
5 1367 2 2.315831e-02
6 1367 2 3.851193e-02
7 1367 2 5.008874e-02
8 1367 2 4.805839e-02
9 1367 2 2.883874e-02
10 1367 2 1.408337e-02
11 1367 2 7.314099e-03
12 1367 2 3.844962e-03
1 1368 2 3.401894e-03
2 1368 2 4.584942e-03
3 1368 2 6.473211e-03
4 1368 2 1.230632e-02
5 1368 2 2.007091e-02
6 1368 2 3.338209e-02
7 1368 2 4.249326e-02
8 1368 2 4.076963e-02
9 1368 2 2.534606e-02
10 1368 2 1.314061e-02
11 1368 2 7.122540e-03
12 1368 2 3.776239e-03
1 1369 2 5.101952e-03
2 1369 2 6.790174e-03
3 1369 2 9.939394e-03
4 1369 2 1.885366e-02
5 1369 2 3.027137e-02
6 1369 2 5.093511e-02
7 1369 2 6.369106e-02
8 1369 2 6.064196e-02
9 1369 2 3.828692e-02
10 1369 2 2.068985e-02
11 1369 2 1.149202e-02
12 1369 2 6.148937e-03
1 1370 2 7.122044e-03
2 1370 2 9.255914e-03
3 1370 2 1.407248e-02
4 1370 2 2.645627e-02
5 1370 2 4.165449e-02
6 1370 2 7.114539e-02
7 1370 2 8.819448e-02
8 1370 2 8.350493e-02
9 1370 2 5.259455e-02
10 1370 2 2.916010e-02
11 1370 2 1.613316e-02
12 1370 2 8.842199e-03
1 1371 2 8.981195e-03
2 1371 2 1.128311e-02
3 1371 2 1.746870e-02
4 1371 2 3.117680e-02
5 1371 2 4.912715e-02
6 1371 2 8.449772e-02
7 1371 2 1.052694e-01
8 1371 2 9.909235e-02
9 1371 2 6.318075e-02
10 1371 2 3.656470e-02
11 1371 2 1.975465e-02
12 1371 2 1.127334e-02
1 1372 2 6.125076e-03
2 1372 2 7.232674e-03
3 1372 2 1.079657e-02
4 1372 2 1.743941e-02
5 1372 2 2.676256e-02
6 1372 2 4.498555e-02
7 1372 2 5.572621e-02
8 1372 2 5.330800e-02
9 1372 2 3.673679e-02
10 1372 2 2.310102e-02
11 1372 2 1.261103e-02
12 1372 2 7.807123e-03
1 1457 2 1.537811e-02
2 1457 2 1.546316e-02
3 1457 2 1.603397e-02
4 1457 2 2.206967e-02
5 1457 2 3.588311e-02
6 1457 2 5.863760e-02
7 1457 2 8.903083e-02
8 1457 2 9.508422e-02
9 1457 2 8.654559e-02
10 1457 2 5.033819e-02
11 1457 2 2.258608e-02
12 1457 2 1.578904e-02
1 1458 2 1.458652e-03
2 1458 2 1.714655e-03
3 1458 2 1.935064e-03
4 1458 2 3.114628e-03
5 1458 2 5.637661e-03
6 1458 2 9.243607e-03
7 1458 2 1.330726e-02
8 1458 2 1.267904e-02
9 1458 2 1.046868e-02
10 1458 2 5.697959e-03
11 1458 2 2.286129e-03
12 1458 2 1.431251e-03
1 1459 2 2.847456e-03
2 1459 2 3.684498e-03
3 1459 2 4.577961e-03
4 1459 2 8.215173e-03
5 1459 2 1.552084e-02
6 1459 2 2.542958e-02
7 1459 2 2.992224e-02
8 1459 2 2.487752e-02
9 1459 2 1.988305e-02
10 1459 2 1.101513e-02
11 1459 2 4.641159e-03
12 1459 2 2.763125e-03
1 1460 2 1.044531e-03
2 1460 2 1.444388e-03
3 1460 2 1.986204e-03
4 1460 2 3.789178e-03
5 1460 2 7.070234e-03
6 1460 2 1.162613e-02
7 1460 2 1.258319e-02
8 1460 2 1.029094e-02
9 1460 2 6.964672e-03
10 1460 2 3.740601e-03
11 1460 2 1.755062e-03
12 1460 2 1.004577e-03
1 1461 2 8.950543e-04
2 1461 2 1.289511e-03
3 1461 2 1.902873e-03
4 1461 2 3.647101e-03
5 1461 2 6.059331e-03
6 1461 2 9.484414e-03
7 1461 2 1.064253e-02
8 1461 2 9.152694e-03
9 1461 2 5.643015e-03
10 1461 2 2.916894e-03
11 1461 2 1.487787e-03
12 1461 2 8.356146e-04
1 1462 2 3.292521e-03
2 1462 2 4.571371e-03
3 1462 2 6.346111e-03
4 1462 2 1.128375e-02
5 1462 2 1.763980e-02
6 1462 2 2.618419e-02
7 1462 2 3.176500e-02
8 1462 2 3.034537e-02
9 1462 2 1.951709e-02
10 1462 2 1.005251e-02
11 1462 2 5.565583e-03
12 1462 2 3.191342e-03
1 1463 2 1.035876e-02
2 1463 2 1.342564e-02
3 1463 2 1.732806e-02
4 1463 2 2.944160e-02
5 1463 2 4.544190e-02
6 1463 2 6.592856e-02
7 1463 2 8.276656e-02
8 1463 2 8.482872e-02
9 1463 2 5.770929e-02
10 1463 2 3.148995e-02
11 1463 2 1.858288e-02
12 1463 2 1.083132e-02
1 1464 2 6.512014e-03
2 1464 2 8.088875e-03
3 1464 2 1.040103e-02
4 1464 2 1.725283e-02
5 1464 2 2.619188e-02
6 1464 2 3.799729e-02
7 1464 2 4.732507e-02
8 1464 2 4.868356e-02
9 1464 2 3.464293e-02
10 1464 2 1.993757e-02
11 1464 2 1.225083e-02
12 1464 2 7.302970e-03
1 1465 2 7.198382e-03
2 1465 2 8.835754e-03
3 1465 2 1.152030e-02
4 1465 2 1.875501e-02
5 1465 2 2.816018e-02
6 1465 2 4.175988e-02
7 1465 2 5.190683e-02
8 1465 2 5.254807e-02
9 1465 2 3.760566e-02
10 1465 2 2.238211e-02
11 1465 2 1.408630e-02
12 1465 2 8.530222e-03
1 1466 2 9.554341e-03
2 1466 2 1.162727e-02
3 1466 2 1.551632e-02
4 1466 2 2.466537e-02
5 1466 2 3.653283e-02
6 1466 2 5.418551e-02
7 1466 2 6.572896e-02
8 1466 2 6.480575e-02
9 1466 2 4.687549e-02
10 1466 2 2.891910e-02
11 1466 2 1.848104e-02
12 1466 2 1.159581e-02
1 1467 2 6.328771e-03
2 1467 2 7.354595e-03
3 1467 2 9.604477e-03
4 1467 2 1.423154e-02
5 1467 2 2.036795e-02
6 1467 2 3.004078e-02
7 1467 2 3.625348e-02
8 1467 2 3.599906e-02
9 1467 2 2.729736e-02
10 1467 2 1.807553e-02
11 1467 2 1.163074e-02
12 1467 2 7.649990e-03
1 1468 2 1.595080e-04
2 1468 2 1.710036e-04
3 1468 2 2.069448e-04
4 1468 2 2.807134e-04
5 1468 2 3.911283e-04
6 1468 2 5.715918e-04
7 1468 2 6.945582e-04
8 1468 2 7.067361e-04
9 1468 2 5.823763e-04
10 1468 2 4.151929e-04
11 1468 2 2.689941e-04
12 1468 2 1.889092e-04
1 1557 2 6.325541e-06
2 1557 2 8.464685e-06
3 1557 2 1.247491e-05
4 1557 2 2.150639e-05
5 1557 2 3.291318e-05
6 1557 2 4.353101e-05
7 1557 2 4.665578e-05
8 1557 2 4.152782e-05
9 1557 2 2.808484e-05
10 1557 2 1.615505e-05
11 1557 2 1.021348e-05
12 1557 2 6.212233e-06
1 1558 2 4.899589e-03
2 1558 2 6.270462e-03
3 1558 2 8.631709e-03
4 1558 2 1.352170e-02
5 1558 2 1.909272e-02
6 1558 2 2.513448e-02
7 1558 2 2.797236e-02
8 1558 2 2.818403e-02
9 1558 2 2.113536e-02
10 1558 2 1.214178e-02
11 1558 2 7.805010e-03
12 1558 2 4.884638e-03
1 1559 2 1.017688e-02
2 1559 2 1.193293e-02
3 1559 2 1.518556e-02
4 1559 2 2.185262e-02
5 1559 2 2.952374e-02
6 1559 2 3.815385e-02
7 1559 2 4.301865e-02
8 1559 2 4.472624e-02
9 1559 2 3.721092e-02
10 1559 2 2.350417e-02
11 1559 2 1.621413e-02
12 1559 2 1.109721e-02
1 1560 2 2.403361e-03
2 1560 2 2.707030e-03
3 1560 2 3.324255e-03
4 1560 2 4.580070e-03
5 1560 2 6.114046e-03
6 1560 2 7.924814e-03
7 1560 2 9.036381e-03
8 1560 2 9.512808e-03
9 1560 2 8.297219e-03
10 1560 2 5.528778e-03
11 1560 2 3.929329e-03
12 1560 2 2.749632e-03
1 1561 2 2.312779e-04
2 1561 2 2.564275e-04
3 1561 2 3.135508e-04
4 1561 2 4.221980e-04
5 1561 2 5.613902e-04
6 1561 2 7.305337e-04
7 1561 2 8.491500e-04
8 1561 2 8.938405e-04
9 1561 2 7.798168e-04
10 1561 2 5.363594e-04
11 1561 2 3.815229e-04
12 1561 2 2.692297e-04
1 1562 2 4.637797e-03
2 1562 2 5.105918e-03
3 1562 2 6.193421e-03
4 1562 2 8.198754e-03
5 1562 2 1.102847e-02
6 1562 2 1.453485e-02
7 1562 2 1.692252e-02
8 1562 2 1.772187e-02
9 1562 2 1.554182e-02
10 1562 2 1.104007e-02
11 1562 2 7.757850e-03
12 1562 2 5.510400e-03
1 1563 2 2.044113e-02
2 1563 2 2.167264e-02
3 1563 2 2.532255e-02
4 1563 2 3.176933e-02
5 1563 2 4.186000e-02
6 1563 2 5.508360e-02
7 1563 2 6.425271e-02
8 1563 2 6.725782e-02
9 1563 2 6.062557e-02
10 1563 2 4.642782e-02
11 1563 2 3.279589e-02
12 1563 2 2.419188e-02
1 1638 2 5.502368e-05
2 1638 2 4.966824e-05
3 1638 2 4.482588e-05
4 1638 2 4.881437e-05
5 1638 2 5.820992e-05
6 1638 2 6.897573e-05
7 1638 2 7.942526e-05
8 1638 2 8.502853e-05
9 1638 2 8.456337e-05
10 1638 2 7.864248e-05
11 1638 2 6.874956e-05
12 1638 2 6.192900e-05
1 1654 2 5.189076e-04
2 1654 2 6.136650e-04
3 1654 2 8.104414e-04
4 1654 2 1.104024e-03
5 1654 2 1.382949e-03
6 1654 2 1.604117e-03
7 1654 2 1.688977e-03
8 1654 2 1.743178e-03
9 1654 2 1.451329e-03
10 1654 2 9.649498e-04
11 1654 2 7.168016e-04
12 1654 2 5.402125e-04
1 1655 2 2.882947e-04
2 1655 2 3.181648e-04
3 1655 2 3.967835e-04
4 1655 2 5.075077e-04
5 1655 2 6.238387e-04
6 1655 2 7.362306e-04
7 1655 2 7.740711e-04
8 1655 2 8.121961e-04
9 1655 2 7.522716e-04
10 1655 2 5.345603e-04
11 1655 2 4.064796e-04
12 1655 2 3.216329e-04
1 1658 2 6.383176e-05
2 1658 2 6.633797e-05
3 1658 2 7.590734e-05
4 1658 2 8.913278e-05
5 1658 2 1.091976e-04
6 1658 2 1.316247e-04
7 1658 2 1.451075e-04
8 1658 2 1.532492e-04
9 1658 2 1.497402e-04
10 1658 2 1.234297e-04
11 1658 2 9.486758e-05
12 1658 2 7.394946e-05
1 1659 2 1.092845e-02
2 1659 2 1.110920e-02
3 1659 2 1.227432e-02
4 1659 2 1.409143e-02
5 1659 2 1.724063e-02
6 1659 2 2.076551e-02
7 1659 2 2.321555e-02
8 1659 2 2.469834e-02
9 1659 2 2.428359e-02
10 1659 2 2.114629e-02
11 1659 2 1.602049e-02
12 1659 2 1.263607e-02
1 1734 2 3.092788e-03
2 1734 2 2.861155e-03
3 1734 2 2.714699e-03
4 1734 2 2.957111e-03
5 1734 2 3.325559e-03
6 1734 2 3.768301e-03
7 1734 2 4.301000e-03
8 1734 2 4.562811e-03
9 1734 2 4.586136e-03
10 1734 2 4.347887e-03
11 1734 2 3.880522e-03
12 1734 2 3.439130e-03
1 1735 2 2.790905e-03
2 1735 2 2.576413e-03
3 1735 2 2.454860e-03
4 1735 2 2.603147e-03
5 1735 2 2.910206e-03
6 1735 2 3.284685e-03
7 1735 2 3.788111e-03
8 1735 2 3.999537e-03
9 1735 2 3.978541e-03
10 1735 2 3.829049e-03
11 1735 2 3.420692e-03
12 1735 2 3.078371e-03
