#4 5 
97 97 1440 60 0 0 79613 5163927 3057459 1937435 1013718 228812 68008 12457
104 104 12164625 10878750 10343700 11139075 44566080 65477435 57751958 46373305 38015811 31408863 18797082 12678141
125 125 47790 39906 35136 47142 532350 503730 207900 143640 173160 165600 102150 61290
130 130 16531527 13705920 11859644 12047367 52547629 117276218 106904356 80240662 50499556 36384742 21847156 19079607
131 131 21113576 20762172 19833616 19668365 101822451 285329336 103841582 67523244 65385014 52532669 24810355 20670722
136 136 0 0 0 0 349327 10966168 3121579 1975642 1424653 190838 25676 916
137 137 9492244 7130430 5306436 4336589 20999204 290186245 150590812 102199894 93812569 51253490 12608745 10355951
139 139 8198 4844 3857 3832 2292656 13090213 10702723 8298077 4444928 636166 135774 32078
140 140 132075 68100 40350 27218 1134458 20153250 19724250 15406500 8601750 1833396 487494 265907
147 147 6006330 5042160 4281480 4731840 39414600 72569790 53656830 49271670 39924810 23306840 10426300 6772060
149 149 643655 557007 520262 621062 2896560 8065920 12154065 10884658 5040697 2160697 1085226 757320
156 156 846099 665928 568610 560076 1088968 11588738 13001175 7206000 6309579 4016005 2319348 1450358
166 166 1382400 1376871 1379057 1689814 2515114 2966657 2581971 2685343 2063571 1613829 1401686 1362446
171 171 3247200 3328380 3040920 2821320 4329360 3970260 3305340 3194100 3155760 3110400 3290760 3241800
172 172 1927842 1804548 1651833 1918562 7080787 5477025 3180947 2716318 2835816 2936612 2578656 2125988
173 173 463050 398790 341010 369180 1021500 1317780 1016640 862380 758160 734580 690660 607140
174 174 4404240 3510865 3067892 10066943 56217808 28501500 12149777 8911646 9567103 12267960 10207809 6136826
175 175 3189970 2541546 2203781 4256990 41669694 55401578 19306413 9574193 12471932 12913974 7066141 4552611
189 189 432468 294588 240840 209340 8276616 35337600 18136800 14235120 11757600 3662856 1557144 728064
191 191 185220 146033 124289 131955 2964321 24561267 7834100 5896853 5451293 1936853 564010 303240
199 199 1457789 1278266 1280519 2746349 13105290 22548805 15835889 9981490 7429988 7334369 4303827 2221718
204 204 11301922 10899302 10761417 11096288 12733280 13613856 13691240 12857382 12477325 13321581 13367378 11909232
205 205 3054697 2360135 1961591 4437071 19536356 16334314 11909265 9741244 9358511 10254176 7530553 4398729
206 206 4001400 2807308 2260800 2337646 11622600 18204092 13216708 11938015 10886677 11496900 9639300 6676800
207 207 3386077 2426947 1915084 1823527 16364886 47225421 23308656 17477508 15736552 15375015 10245032 5427960
208 208 5478402 5232456 4823767 4949575 11441282 23582541 14274178 10618603 9258695 9069632 7634206 6295940
215 215 1553314 1339629 1021543 700886 421843 254083 191229 299494 485966 780986 1275129 1527129
216 216 2781534 2226115 2188919 1348054 1069753 835256 595970 611703 1140844 2064081 2388857 2421159
217 217 543240 555840 478440 309960 261000 186480 245520 120600 122400 208080 282600 408960
218 218 9654037 10036991 10610595 11806781 14007591 12215095 10000520 8976664 8055208 8083207 8504554 9111977
219 219 3374234 3741517 5765710 6857297 4281641 3324662 3222662 3148262 2688124 2740966 3145531 3291807
220 220 8731306 8535955 10771278 19937965 15999433 13742249 13022364 12627307 12216811 12340230 12263933 10139409
238 238 1502600 1438600 1426958 1611509 3127109 5933887 6157019 3762000 2921200 2555200 1686000 1528733
248 248 17507661 17673450 19285290 28212878 54082171 72923507 52654210 31258280 21462351 18297939 17781857 17766551
254 254 9740714 8056138 7954119 16360132 37843255 29307915 19516304 15654025 15741392 18836010 17312306 13113996
256 256 7169195 6944419 7066145 13738443 22938643 17327839 9343684 8317261 7891483 9611644 9262133 8552492
257 257 558160 434020 376729 718941 4383106 4753000 1830200 1338353 1389812 1675350 1317150 898088
264 264 5948416 6333654 5745057 4528765 3374563 2393311 1497389 1128432 1204454 1887807 3477625 4969496
265 265 13428227 14853074 12911890 11785183 9894698 9546723 9028471 7863667 7108103 7380750 8864753 12007262
269 269 5986440 7275998 8935522 11908713 12381968 7885751 5841633 4885863 4309685 4736026 5246836 5676674
270 270 16171524 16700254 18683450 35833271 97738145 76965930 32598293 22761889 20382389 21446910 21793792 16352796
283 283 6764746 4402869 3381438 11276308 50115462 57944769 56106692 69156692 73502308 58099846 21325846 8664231
284 284 57510 51606 49734 126900 820080 424620 145890 172530 210510 273240 134730 77490
296 296 18773475 17459024 15362558 13276409 9337555 6055322 3426754 2736344 3083945 3692210 8749650 14966691
302 302 5991007 7079095 11346605 10542262 6900503 4186592 2354682 2183873 1900934 2887932 3777521 5176047
303 303 35100741 36478848 42433915 54057047 58757051 48451741 41114829 39029787 39877120 40667143 41581388 38939086
311 311 10743690 13828738 9345710 6717978 4552358 3042182 2089492 1872777 1910942 2727401 5447819 8798738
312 312 2663418 3437600 3839765 2771336 2347602 1425295 955744 782135 905324 1105779 1583521 2399333
313 313 14928927 16055736 16444348 15406815 16514844 14339261 9238601 6864073 6923109 8996587 12698910 14780466
314 314 6021678 6466237 7403782 7482477 8926227 8784600 5991557 4859974 6162857 7521310 8710902 6890421
315 315 2087262 2103451 1916158 2158839 1927095 1108288 550265 374307 517429 814622 1448842 2236950
316 316 22982980 24140455 28163928 32340441 33459125 30751267 26120452 20346871 17502658 16702299 18770832 22251604
317 317 1730700 1902600 2245050 2081250 1491300 1093275 867375 844200 933750 1048500 1410300 1419750
318 318 1088640 1243620 1547100 2350260 2196360 1920960 1537020 1171620 864540 1057230 1283760 1386360
329 329 2260403 2181411 4126526 4911287 5084386 4464636 9558789 14662379 12188121 6617546 3318869 2823827
331 331 813276 755712 1081764 4260036 2996388 1319772 1116084 1931640 1561620 1516272 1590468 1285548
345 345 87384 101160 131760 153240 137280 129000 146040 153000 134760 101280 99600 117600
349 349 11929161 14110215 16172259 15854836 8835682 5275422 4801409 4617173 3628929 3499033 4058609 7982663
350 350 6490519 7900873 9199367 8250322 5130213 3938248 3347746 3248928 2826420 2865917 3056122 4320347
360 360 1920617 2213589 1831335 1454064 933215 416449 267575 181377 200867 330281 640779 1330365
361 361 149400 387840 139320 127800 80160 25524 11520 10632 35838 111924 106020 128754
362 362 48306 98742 65394 101850 77820 73860 79416 57516 68310 71820 138690 63000
365 365 1241882 1258269 1727614 2219395 1556368 691796 278745 197460 281358 414597 465881 789634
377 377 1117950 1447500 1900050 2722800 3560100 2584908 11606123 9139350 7645200 3000996 1660662 1093392
378 378 536521 715821 1048547 1541274 1241858 1798361 4428853 3106345 2942905 1194774 815542 632037
379 379 2215003 2398701 3633824 6068659 4832177 4487266 5459892 3931442 5077600 3282239 2654226 2435197
394 394 710964 1041459 478822 487911 459101 522556 833019 1249744 1578951 1191035 528204 381064
395 395 258055 201384 113031 200979 356609 404055 328120 458807 519212 621459 254023 356153
396 396 78913463 86460960 94533987 113305804 109768374 81808888 56497570 41386274 37718871 39982604 46828844 70211988
397 397 747630 1113210 1350396 1430640 919890 699840 629532 675450 608760 448740 346698 429228
398 398 308970 253800 273150 231750 149440 205560 364832 402916 381600 382642 347874 260147
413 413 4461900 3723900 4053900 3999900 4212900 5544600 6266700 5601900 4285200 3974100 3874200 4157400
415 415 5856259 6918147 9937508 12328984 13249213 12673290 16974766 15492913 10521257 6010387 5105554 5213345
416 416 96790 64637 42048 61320 121306 165031 216955 115342 38875 34715 43538 56379
418 418 976647 703113 1923791 1866436 3396109 6043558 17852989 36957506 22839849 3583745 1262095 947455
424 424 37769743 36205414 46011429 84563571 128441126 163058246 179221200 142254514 125304686 101810271 73114457 43056471
425 425 147600 144000 189000 227700 404100 1215900 756000 711900 537300 440100 230400 190800
443 443 1112443 872087 745727 672228 908314 2805210 5038680 5271120 8959020 6665846 2546451 1557077
444 444 9516360 8316690 7383540 6469530 6637950 13177104 19257768 21523980 26884710 23494290 17031822 13602600
445 445 417600 311400 205200 166500 523800 733500 779400 622800 828000 736200 525600 563400
447 447 385450 307500 307671 572900 1111700 775350 452590 443610 692325 627525 816300 399150
466 466 809308 645168 610892 473752 361971 2870799 14195555 31603871 29861996 5763075 1705786 1285817
467 467 1316812 959653 730239 559831 735645 5285676 44317119 64199919 51105503 23341719 7245243 2375173
468 468 31276460 28163697 26566805 37092158 60405522 135890459 306244282 424673339 340618736 167716475 72859875 43385061
470 470 10089708 8311587 8010072 7522195 10857707 29076652 55487971 85629609 87981889 57656196 30156209 15779925
471 471 7194780 7327980 10412952 16893768 37354716 50666100 48009300 45648900 34612200 20634900 15432300 15393060
473 473 1341671 773286 704867 515012 788561 1502391 3837658 4039444 3716974 5360439 4285903 2761269
492 492 36360 34920 33336 33264 43800 182400 97800 206100 213300 104400 43800 38400
493 493 3476352 2871074 2286394 2352812 3695793 9509460 11502994 11619926 12877967 11666391 5844945 4925681
495 495 23214000 16177350 14830050 18762450 24965850 29525550 28284000 24931050 25729800 31792950 36337200 33921086
496 496 42657600 25810800 20460000 25462800 53666400 100700400 153298800 194192400 212276400 189498000 134900400 91941600
503 503 2044467 1124420 594681 1573408 1786461 3647318 8166937 19426042 24055085 16176452 8677343 4507797
510 510 247500 231750 202950 183150 261900 499950 1823400 2489850 2111400 1303650 627390 391950
515 515 2414184 1656337 688554 567356 625367 1242531 3735069 4483188 3424635 3824973 5160907 3383789
518 518 1058400 793523 635273 620790 1060034 2796535 5191948 7453883 7225117 4534643 2865655 1982991
521 521 493200 320040 299160 157320 252900 289440 518760 306360 306720 579600 911520 991800
542 542 18762468 20773408 20445141 22435467 22829290 20788476 17415379 16798310 18144283 20472351 22295867 20660216
545 545 446912889 543526453 633245404 724490755 794329792 807323813 764895951 667512499 515140001 379314573 344389764 373803022
546 546 2186743 3187543 4403314 5202514 5838000 5580000 4244400 3003600 1793829 1062000 823886 1267200
551 551 610272 516324 513552 711636 1484880 4183560 3091320 5331720 7208520 7277520 3498360 1080612
552 552 969594 809511 833481 1324133 2034293 5313060 6025971 8121562 10658491 8008805 4126226 1699449
553 553 3719579 3847675 3722966 5668895 4949173 5502014 7993982 12660115 21964848 21973170 8198216 4559391
554 554 22841271 19707811 21362883 26833734 31442413 28134561 26993683 33469229 47898932 54325254 49320874 35404894
558 558 150236 111396 142924 362707 773917 651434 630928 1011642 1092053 1645650 1277446 481260
559 559 52788 30308 45335 108736 253565 160187 114389 235259 312286 299728 245340 140775
566 566 6206151 3963650 3467667 3160527 4117003 3572285 3075119 2943170 3688311 5485909 7651859 8845535
590 590 1596214 3278700 5227329 5101843 2680843 1892700 1006971 520136 409436 387193 353829 742350
594 594 92354400 144856800 178381800 154185300 111020400 55629900 28365300 17786700 14726700 17728200 28617300 54189000
595 595 3750600 5715000 6496200 4999800 3701400 1678800 1351200 1209600 1240800 1612800 2292600 2365800
602 602 178371510 142391214 132355596 140382639 148627968 136067318 116587209 113723736 131919236 156833450 191610471 208969790
606 606 615709 404103 511205 1534249 1898101 910630 508983 380951 324683 394186 1086830 1029866
619 619 14428800 15157800 16555500 16423200 15377760 13421700 10543200 11265300 10212300 13348800 12391200 13236000
620 620 5793300 9571680 8487600 10368000 8293500 9187200 8528400 8591040 7343100 8622000 6521040 8238600
638 638 672300 947700 1267200 685800 187200 108000 94500 94500 99900 152100 230400 309600
643 643 16229232 17577000 17197488 14483808 9756432 6449184 5501808 4865688 4373712 5626008 7340328 12320136
654 654 2612700 3664200 5315800 7287459 5966550 2590941 1636200 1147129 922447 782682 762240 1494568
655 655 1272463 1608514 1273834 596777 366042 185942 136480 99408 71732 74239 157403 535446
666 666 4805531 6937052 6709184 779518 221062 127542 104435 78938 62860 63559 117018 467612
668 668 524700 610800 661200 662400 745200 763200 360000 286200 314100 824400 612000 781200
687 687 296563 616248 661320 266112 116136 67800 53220 42480 33600 44040 83760 217140
691 691 8631402 7755633 7075320 4795595 3202050 2621057 2095674 1880186 1881069 2437909 4476624 7871267
701 701 19899643 22509386 31037400 21700666 15709371 17357582 18942452 9209790 9134876 9962221 11621996 17445064
702 702 5836569 5312769 3609969 1395360 700615 580708 495072 429425 345240 335949 719308 3062077
703 703 5954808 6282431 6177479 3411445 1884590 1520625 1367914 1230724 974905 862103 1711433 4110192
713 713 649574 1182600 1121997 299800 36809 15005 15166 1461 2871 0 16560 42563
716 716 4690822 5754802 2523668 393275 946582 137475 61151 42739 81567 29365 104067 800950
747 747 590451 1151436 729864 783043 453460 472937 370525 311389 263523 303890 440386 445406
749 749 5113540 9708650 6386364 2711184 1236286 726868 490502 365782 307111 439370 1616396 1114770
751 751 2575604 2682188 1988930 990656 638039 491359 473580 690492 479274 394609 487647 1627630
765 765 1668936 2567712 1073369 131480 1326597 389435 137816 84585 58991 20304 105866 716580
783 783 2349621 1552543 1358721 1821425 5550429 7958271 9200957 7155729 5541386 4979679 4698429 3789086
785 785 91499545 101658657 85897395 81863069 94364919 91032256 96245358 82277094 90933076 86646111 75381457 82847943
795 795 6966 749 1614 3090 18235 51222 51478 72466 30797 15340 9385 8335
796 796 17627 21354 25289 24402 14630 15729 58340 59505 21420 17807 43079 27705
811 811 573075 412312 293535 357188 515700 674100 855450 977400 1534275 1829925 1740262 1337512
831 831 221400 141840 84600 68760 187920 458280 430920 467280 317520 278280 334080 296280
832 832 3072150 2062800 1848600 1899990 2189790 3141270 3579634 3626486 3179674 3589200 4562743 4587377
863 863 2386080 2062080 2173680 2230920 3084480 2544480 2944400 2586000 2619360 2590560 2468160 2205360
864 864 1772650 1598550 1557925 1660570 2366625 3252400 3226250 2940050 2837150 2560620 2276915 2036380
879 879 4464800 4391200 3946000 3411200 3360000 2752800 2381600 2210800 2132800 2138000 3146000 3883200
911 911 3843450 3432825 2838600 3570300 3411600 3024225 2806650 2599875 2945250 3082080 3364320 4058160
