1 25 2 1.719294e-05
2 25 2 1.632463e-05
3 25 2 2.299870e-05
4 25 2 4.196752e-05
5 25 2 1.174049e-04
6 25 2 2.128989e-04
7 25 2 2.580958e-04
8 25 2 1.979138e-04
9 25 2 1.118318e-04
10 25 2 5.233323e-05
11 25 2 2.495309e-05
12 25 2 1.445025e-05
1 26 2 1.008758e-04
2 26 2 8.302176e-05
3 26 2 1.372833e-04
4 26 2 3.064275e-04
5 26 2 8.631592e-04
6 26 2 1.648610e-03
7 26 2 1.788737e-03
8 26 2 1.338338e-03
9 26 2 7.320008e-04
10 26 2 2.946589e-04
11 26 2 1.539472e-04
12 26 2 9.517777e-05
1 27 2 4.137985e-04
2 27 2 3.653470e-04
3 27 2 6.404513e-04
4 27 2 1.631151e-03
5 27 2 4.593443e-03
6 27 2 9.495204e-03
7 27 2 1.070898e-02
8 27 2 8.060370e-03
9 27 2 4.165314e-03
10 27 2 1.564176e-03
11 27 2 8.289574e-04
12 27 2 5.127672e-04
1 49 2 5.252877e-05
2 49 2 4.779655e-05
3 49 2 5.421531e-05
4 49 2 6.345421e-05
5 49 2 9.075305e-05
6 49 2 1.380755e-04
7 49 2 2.059169e-04
8 49 2 1.936359e-04
9 49 2 1.350588e-04
10 49 2 9.664757e-05
11 49 2 7.056056e-05
12 49 2 5.147380e-05
1 50 2 2.140033e-04
2 50 2 1.847275e-04
3 50 2 2.165292e-04
4 50 2 2.468208e-04
5 50 2 3.473831e-04
6 50 2 5.097799e-04
7 50 2 7.035712e-04
8 50 2 6.765983e-04
9 50 2 4.899187e-04
10 50 2 3.492346e-04
11 50 2 2.614653e-04
12 50 2 2.058754e-04
1 51 2 8.191425e-05
2 51 2 7.475959e-05
3 51 2 8.123455e-05
4 51 2 9.377155e-05
5 51 2 1.278130e-04
6 51 2 1.792476e-04
7 51 2 2.335857e-04
8 51 2 2.316461e-04
9 51 2 1.924640e-04
10 51 2 1.353742e-04
11 51 2 1.014580e-04
12 51 2 8.502492e-05
1 52 2 1.958615e-02
2 52 2 2.058672e-02
3 52 2 2.586161e-02
4 52 2 3.770270e-02
5 52 2 6.376022e-02
6 52 2 8.774834e-02
7 52 2 1.125535e-01
8 52 2 1.052761e-01
9 52 2 8.498278e-02
10 52 2 4.854770e-02
11 52 2 2.922096e-02
12 52 2 2.253382e-02
1 53 2 2.677814e-03
2 53 2 3.359679e-03
3 53 2 5.692004e-03
4 53 2 1.242394e-02
5 53 2 2.365899e-02
6 53 2 3.532889e-02
7 53 2 4.904069e-02
8 53 2 4.178838e-02
9 53 2 2.828270e-02
10 53 2 1.247386e-02
11 53 2 5.563678e-03
12 53 2 3.524816e-03
1 54 2 2.729093e-03
2 54 2 3.540332e-03
3 54 2 6.620565e-03
4 54 2 1.645145e-02
5 54 2 3.240424e-02
6 54 2 6.259020e-02
7 54 2 8.891235e-02
8 54 2 7.455529e-02
9 54 2 4.521661e-02
10 54 2 1.923050e-02
11 54 2 8.243073e-03
12 54 2 4.547040e-03
1 55 2 5.821366e-04
2 55 2 6.492375e-04
3 55 2 1.211135e-03
4 55 2 2.835933e-03
5 55 2 5.627642e-03
6 55 2 1.201838e-02
7 55 2 1.670646e-02
8 55 2 1.440787e-02
9 55 2 9.136539e-03
10 55 2 4.380824e-03
11 55 2 2.049620e-03
12 55 2 1.173618e-03
1 56 2 2.032655e-04
2 56 2 2.109453e-04
3 56 2 3.653628e-04
4 56 2 8.147069e-04
5 56 2 1.780840e-03
6 56 2 3.510428e-03
7 56 2 4.853474e-03
8 56 2 4.028138e-03
9 56 2 2.632886e-03
10 56 2 1.356559e-03
11 56 2 6.115870e-04
12 56 2 3.507510e-04
1 60 2 7.601837e-03
2 60 2 7.361692e-03
3 60 2 8.442399e-03
4 60 2 1.001256e-02
5 60 2 1.234469e-02
6 60 2 1.624553e-02
7 60 2 1.891305e-02
8 60 2 1.892100e-02
9 60 2 1.605719e-02
10 60 2 1.310800e-02
11 60 2 1.048334e-02
12 60 2 8.689612e-03
1 61 2 5.863022e-02
2 61 2 5.898289e-02
3 61 2 8.295843e-02
4 61 2 1.249529e-01
5 61 2 1.822682e-01
6 61 2 2.567863e-01
7 61 2 3.038818e-01
8 61 2 2.923594e-01
9 61 2 2.271709e-01
10 61 2 1.545230e-01
11 61 2 1.008048e-01
12 61 2 7.070361e-02
1 76 2 7.478670e-02
2 76 2 6.842214e-02
3 76 2 6.911078e-02
4 76 2 7.517606e-02
5 76 2 1.022031e-01
6 76 2 1.457352e-01
7 76 2 1.954228e-01
8 76 2 2.085519e-01
9 76 2 1.987094e-01
10 76 2 1.326982e-01
11 76 2 8.566225e-02
12 76 2 7.491908e-02
1 77 2 7.112516e-02
2 77 2 9.235545e-02
3 77 2 1.209801e-01
4 77 2 1.955304e-01
5 77 2 3.283035e-01
6 77 2 5.068664e-01
7 77 2 6.886946e-01
8 77 2 6.536829e-01
9 77 2 4.842206e-01
10 77 2 2.446340e-01
11 77 2 1.073461e-01
12 77 2 6.765971e-02
1 78 2 8.332561e-02
2 78 2 1.138527e-01
3 78 2 1.585467e-01
4 78 2 2.843702e-01
5 78 2 4.446728e-01
6 78 2 7.059863e-01
7 78 2 8.714619e-01
8 78 2 8.160183e-01
9 78 2 5.290973e-01
10 78 2 2.805907e-01
11 78 2 1.515250e-01
12 78 2 8.748052e-02
1 79 2 2.471797e-01
2 79 2 3.032936e-01
3 79 2 4.453224e-01
4 79 2 7.386411e-01
5 79 2 1.122201e+00
6 79 2 1.833306e+00
7 79 2 2.246488e+00
8 79 2 2.128149e+00
9 79 2 1.469499e+00
10 79 2 8.870566e-01
11 79 2 5.053991e-01
12 79 2 3.095982e-01
1 80 2 1.285546e-01
2 80 2 1.288056e-01
3 80 2 1.618523e-01
4 80 2 2.188429e-01
5 80 2 3.263848e-01
6 80 2 4.965827e-01
7 80 2 6.394256e-01
8 80 2 6.330207e-01
9 80 2 5.253956e-01
10 80 2 3.683572e-01
11 80 2 2.148849e-01
12 80 2 1.588357e-01
1 84 2 1.690608e-03
2 84 2 1.787398e-03
3 84 2 2.210654e-03
4 84 2 2.793575e-03
5 84 2 3.745341e-03
6 84 2 6.137014e-03
7 84 2 8.219446e-03
8 84 2 7.876270e-03
9 84 2 5.909934e-03
10 84 2 3.729761e-03
11 84 2 2.505568e-03
12 84 2 1.913983e-03
1 85 2 8.634316e-03
2 85 2 9.722921e-03
3 85 2 1.264137e-02
4 85 2 1.836673e-02
5 85 2 2.940113e-02
6 85 2 4.491483e-02
7 85 2 6.214384e-02
8 85 2 5.911797e-02
9 85 2 4.256895e-02
10 85 2 2.348129e-02
11 85 2 1.324246e-02
12 85 2 9.608737e-03
1 98 2 9.474019e-03
2 98 2 8.819055e-03
3 98 2 8.304507e-03
4 98 2 8.841907e-03
5 98 2 1.003496e-02
6 98 2 1.148296e-02
7 98 2 1.291597e-02
8 98 2 1.361280e-02
9 98 2 1.343279e-02
10 98 2 1.269757e-02
11 98 2 1.142138e-02
12 98 2 1.039358e-02
1 102 2 4.483102e-02
2 102 2 5.067528e-02
3 102 2 6.228087e-02
4 102 2 7.790085e-02
5 102 2 9.014972e-02
6 102 2 9.841458e-02
7 102 2 1.011859e-01
8 102 2 1.024645e-01
9 102 2 9.234908e-02
10 102 2 7.114582e-02
11 102 2 5.710343e-02
12 102 2 4.680336e-02
1 103 2 7.618496e-02
2 103 2 7.774738e-02
3 103 2 8.473490e-02
4 103 2 9.574723e-02
5 103 2 1.115053e-01
6 103 2 1.276035e-01
7 103 2 1.380508e-01
8 103 2 1.448812e-01
9 103 2 1.420985e-01
10 103 2 1.241818e-01
11 103 2 1.021590e-01
12 103 2 8.494183e-02
