1 25 2 3.185172e-05
2 25 2 3.024308e-05
3 25 2 4.260751e-05
4 25 2 7.774923e-05
5 25 2 2.175049e-04
6 25 2 3.944175e-04
7 25 2 4.781495e-04
8 25 2 3.666561e-04
9 25 2 2.071801e-04
10 25 2 9.695279e-05
11 25 2 4.622822e-05
12 25 2 2.677061e-05
1 26 2 1.866264e-04
2 26 2 1.535953e-04
3 26 2 2.539824e-04
4 26 2 5.669097e-04
5 26 2 1.596897e-03
6 26 2 3.050029e-03
7 26 2 3.309272e-03
8 26 2 2.476008e-03
9 26 2 1.354246e-03
10 26 2 5.451370e-04
11 26 2 2.848118e-04
12 26 2 1.760847e-04
1 27 2 7.674618e-04
2 27 2 6.776000e-04
3 27 2 1.187829e-03
4 27 2 3.025255e-03
5 27 2 8.519344e-03
6 27 2 1.761052e-02
7 27 2 1.986168e-02
8 27 2 1.494937e-02
9 27 2 7.725304e-03
10 27 2 2.901038e-03
11 27 2 1.537447e-03
12 27 2 9.510166e-04
1 49 2 9.714203e-05
2 49 2 8.839068e-05
3 49 2 1.002610e-04
4 49 2 1.173466e-04
5 49 2 1.678306e-04
6 49 2 2.553445e-04
7 49 2 3.808043e-04
8 49 2 3.580930e-04
9 49 2 2.497657e-04
10 49 2 1.787314e-04
11 49 2 1.304884e-04
12 49 2 9.519105e-05
1 50 2 3.960433e-04
2 50 2 3.418643e-04
3 50 2 4.007178e-04
4 50 2 4.567767e-04
5 50 2 6.428814e-04
6 50 2 9.434195e-04
7 50 2 1.302058e-03
8 50 2 1.252141e-03
9 50 2 9.066637e-04
10 50 2 6.463080e-04
11 50 2 4.838784e-04
12 50 2 3.810014e-04
1 51 2 1.516619e-04
2 51 2 1.384152e-04
3 51 2 1.504034e-04
4 51 2 1.736153e-04
5 51 2 2.366420e-04
6 51 2 3.318716e-04
7 51 2 4.324772e-04
8 51 2 4.288861e-04
9 51 2 3.563415e-04
10 51 2 2.506415e-04
11 51 2 1.878466e-04
12 51 2 1.574212e-04
1 52 2 3.628383e-02
2 52 2 3.813742e-02
3 52 2 4.790927e-02
4 52 2 6.984519e-02
5 52 2 1.181174e-01
6 52 2 1.625560e-01
7 52 2 2.085082e-01
8 52 2 1.950266e-01
9 52 2 1.574327e-01
10 52 2 8.993582e-02
11 52 2 5.413256e-02
12 52 2 4.174446e-02
1 53 2 4.955708e-03
2 53 2 6.217603e-03
3 53 2 1.053393e-02
4 53 2 2.299242e-02
5 53 2 4.378460e-02
6 53 2 6.538156e-02
7 53 2 9.075735e-02
8 53 2 7.733583e-02
9 53 2 5.234149e-02
10 53 2 2.308480e-02
11 53 2 1.029644e-02
12 53 2 6.523215e-03
1 54 2 5.049034e-03
2 54 2 6.549889e-03
3 54 2 1.224856e-02
4 54 2 3.043646e-02
5 54 2 5.995035e-02
6 54 2 1.157967e-01
7 54 2 1.644947e-01
8 54 2 1.379331e-01
9 54 2 8.365423e-02
10 54 2 3.557792e-02
11 54 2 1.525032e-02
12 54 2 8.412376e-03
1 55 2 1.077217e-03
2 55 2 1.201385e-03
3 55 2 2.241150e-03
4 55 2 5.247766e-03
5 55 2 1.041370e-02
6 55 2 2.223947e-02
7 55 2 3.091455e-02
8 55 2 2.666111e-02
9 55 2 1.690675e-02
10 55 2 8.106517e-03
11 55 2 3.792729e-03
12 55 2 2.171728e-03
1 56 2 3.757122e-04
2 56 2 3.899073e-04
3 56 2 6.753298e-04
4 56 2 1.505889e-03
5 56 2 3.291672e-03
6 56 2 6.488610e-03
7 56 2 8.971071e-03
8 56 2 7.445535e-03
9 56 2 4.866578e-03
10 56 2 2.507438e-03
11 56 2 1.130446e-03
12 56 2 6.483216e-04
1 60 2 1.407127e-02
2 60 2 1.362675e-02
3 60 2 1.562718e-02
4 60 2 1.853361e-02
5 60 2 2.285047e-02
6 60 2 3.007106e-02
7 60 2 3.500872e-02
8 60 2 3.502345e-02
9 60 2 2.972243e-02
10 60 2 2.426338e-02
11 60 2 1.940503e-02
12 60 2 1.608478e-02
1 61 2 1.084326e-01
2 61 2 1.090848e-01
3 61 2 1.534259e-01
4 61 2 2.310918e-01
5 61 2 3.370924e-01
6 61 2 4.749087e-01
7 61 2 5.620084e-01
8 61 2 5.406986e-01
9 61 2 4.201370e-01
10 61 2 2.857797e-01
11 61 2 1.864315e-01
12 61 2 1.307615e-01
1 76 2 1.383488e-01
2 76 2 1.265749e-01
3 76 2 1.278488e-01
4 76 2 1.390691e-01
5 76 2 1.890668e-01
6 76 2 2.695972e-01
7 76 2 3.615148e-01
8 76 2 3.858026e-01
9 76 2 3.675948e-01
10 76 2 2.454799e-01
11 76 2 1.584676e-01
12 76 2 1.385937e-01
1 77 2 1.316128e-01
2 77 2 1.708982e-01
3 77 2 2.238664e-01
4 77 2 3.618173e-01
5 77 2 6.075059e-01
6 77 2 9.379257e-01
7 77 2 1.274388e+00
8 77 2 1.209601e+00
9 77 2 8.960209e-01
10 77 2 4.526804e-01
11 77 2 1.986375e-01
12 77 2 1.252002e-01
1 78 2 1.542133e-01
2 78 2 2.107108e-01
3 78 2 2.934274e-01
4 78 2 5.262928e-01
5 78 2 8.229700e-01
6 78 2 1.306591e+00
7 78 2 1.612842e+00
8 78 2 1.510231e+00
9 78 2 9.792170e-01
10 78 2 5.192980e-01
11 78 2 2.804321e-01
12 78 2 1.619029e-01
1 79 2 4.573858e-01
2 79 2 5.612200e-01
3 79 2 8.240328e-01
4 79 2 1.366795e+00
5 79 2 2.076541e+00
6 79 2 3.392384e+00
7 79 2 4.156942e+00
8 79 2 3.937966e+00
9 79 2 2.719189e+00
10 79 2 1.641426e+00
11 79 2 9.351997e-01
12 79 2 5.728861e-01
1 80 2 2.379070e-01
2 80 2 2.383715e-01
3 80 2 2.995287e-01
4 80 2 4.049972e-01
5 80 2 6.040174e-01
6 80 2 9.189906e-01
7 80 2 1.183340e+00
8 80 2 1.171487e+00
9 80 2 9.723127e-01
10 80 2 6.816927e-01
11 80 2 3.976724e-01
12 80 2 2.939461e-01
1 84 2 3.130090e-03
2 84 2 3.309293e-03
3 84 2 4.092933e-03
4 84 2 5.172187e-03
5 84 2 6.934342e-03
6 84 2 1.136242e-02
7 84 2 1.521796e-02
8 84 2 1.458258e-02
9 84 2 1.094199e-02
10 84 2 6.905497e-03
11 84 2 4.638953e-03
12 84 2 3.543659e-03
1 85 2 1.597826e-02
2 85 2 1.799279e-02
3 85 2 2.339352e-02
4 85 2 3.398861e-02
5 85 2 5.440836e-02
6 85 2 8.311729e-02
7 85 2 1.150005e-01
8 85 2 1.094010e-01
9 85 2 7.877613e-02
10 85 2 4.345338e-02
11 85 2 2.450588e-02
12 85 2 1.778148e-02
1 98 2 1.753480e-02
2 98 2 1.632257e-02
3 98 2 1.537023e-02
4 98 2 1.636486e-02
5 98 2 1.857300e-02
6 98 2 2.125300e-02
7 98 2 2.390526e-02
8 98 2 2.519498e-02
9 98 2 2.486181e-02
10 98 2 2.350105e-02
11 98 2 2.113903e-02
12 98 2 1.923674e-02
1 102 2 8.286763e-02
2 102 2 9.367042e-02
3 102 2 1.151227e-01
4 102 2 1.439953e-01
5 102 2 1.666367e-01
6 102 2 1.819138e-01
7 102 2 1.870364e-01
8 102 2 1.893998e-01
9 102 2 1.707021e-01
10 102 2 1.315091e-01
11 102 2 1.055525e-01
12 102 2 8.651339e-02
1 103 2 1.410330e-01
2 103 2 1.439254e-01
3 103 2 1.568606e-01
4 103 2 1.772466e-01
5 103 2 2.064177e-01
6 103 2 2.362187e-01
7 103 2 2.555586e-01
8 103 2 2.682031e-01
9 103 2 2.630517e-01
10 103 2 2.298844e-01
11 103 2 1.891160e-01
12 103 2 1.572437e-01
