1 25 2 5.572455e-05
2 25 2 5.291024e-05
3 25 2 7.454178e-05
4 25 2 1.360222e-04
5 25 2 3.805246e-04
6 25 2 6.900329e-04
7 25 2 8.365220e-04
8 25 2 6.414645e-04
9 25 2 3.624614e-04
10 25 2 1.696188e-04
11 25 2 8.087621e-05
12 25 2 4.683515e-05
1 26 2 3.270290e-04
2 26 2 2.691480e-04
3 26 2 4.450582e-04
4 26 2 9.934063e-04
5 26 2 2.798273e-03
6 26 2 5.344622e-03
7 26 2 5.798899e-03
8 26 2 4.338755e-03
9 26 2 2.373071e-03
10 26 2 9.552536e-04
11 26 2 4.990810e-04
12 26 2 3.085565e-04
1 27 2 1.340467e-03
2 27 2 1.183512e-03
3 27 2 2.074690e-03
4 27 2 5.283981e-03
5 27 2 1.488008e-02
6 27 2 3.075895e-02
7 27 2 3.469088e-02
8 27 2 2.611092e-02
9 27 2 1.349320e-02
10 27 2 5.067021e-03
11 27 2 2.685340e-03
12 27 2 1.661068e-03
1 49 2 1.699438e-04
2 49 2 1.546339e-04
3 49 2 1.754002e-04
4 49 2 2.052904e-04
5 49 2 2.936090e-04
6 49 2 4.467091e-04
7 49 2 6.661931e-04
8 49 2 6.264610e-04
9 49 2 4.369494e-04
10 49 2 3.126793e-04
11 49 2 2.282812e-04
12 49 2 1.665307e-04
1 50 2 6.934168e-04
2 50 2 5.985568e-04
3 50 2 7.016011e-04
4 50 2 7.997526e-04
5 50 2 1.125596e-03
6 50 2 1.651797e-03
7 50 2 2.279722e-03
8 50 2 2.192324e-03
9 50 2 1.587442e-03
10 50 2 1.131595e-03
11 50 2 8.472038e-04
12 50 2 6.670805e-04
1 51 2 2.655233e-04
2 51 2 2.423317e-04
3 51 2 2.633201e-04
4 51 2 3.039585e-04
5 51 2 4.143031e-04
6 51 2 5.810272e-04
7 51 2 7.571633e-04
8 51 2 7.508761e-04
9 51 2 6.238680e-04
10 51 2 4.388128e-04
11 51 2 3.288741e-04
12 51 2 2.756065e-04
1 52 2 6.337811e-02
2 52 2 6.661583e-02
3 52 2 8.368463e-02
4 52 2 1.220008e-01
5 52 2 2.063194e-01
6 52 2 2.839417e-01
7 52 2 3.642079e-01
8 52 2 3.406591e-01
9 52 2 2.749927e-01
10 52 2 1.570937e-01
11 52 2 9.455504e-02
12 52 2 7.291635e-02
1 53 2 8.675653e-03
2 53 2 1.088478e-02
3 53 2 1.844110e-02
4 53 2 4.025142e-02
5 53 2 7.665101e-02
6 53 2 1.144595e-01
7 53 2 1.588833e-01
8 53 2 1.353871e-01
9 53 2 9.163103e-02
10 53 2 4.041314e-02
11 53 2 1.802535e-02
12 53 2 1.141979e-02
1 54 2 8.845343e-03
2 54 2 1.147467e-02
3 54 2 2.145811e-02
4 54 2 5.332128e-02
5 54 2 1.050263e-01
6 54 2 2.028629e-01
7 54 2 2.881764e-01
8 54 2 2.416433e-01
9 54 2 1.465529e-01
10 54 2 6.232854e-02
11 54 2 2.671686e-02
12 54 2 1.473754e-02
1 55 2 1.887361e-03
2 55 2 2.104911e-03
3 55 2 3.926654e-03
4 55 2 9.194459e-03
5 55 2 1.824554e-02
6 55 2 3.896513e-02
7 55 2 5.416449e-02
8 55 2 4.671217e-02
9 55 2 2.962183e-02
10 55 2 1.420319e-02
11 55 2 6.645131e-03
12 55 2 3.805021e-03
1 56 2 6.584357e-04
2 56 2 6.833125e-04
3 56 2 1.183515e-03
4 56 2 2.639071e-03
5 56 2 5.768655e-03
6 56 2 1.137129e-02
7 56 2 1.572180e-02
8 56 2 1.304830e-02
9 56 2 8.528678e-03
10 56 2 4.394284e-03
11 56 2 1.981107e-03
12 56 2 1.136184e-03
1 60 2 2.462418e-02
2 60 2 2.384629e-02
3 60 2 2.734696e-02
4 60 2 3.243309e-02
5 60 2 3.998743e-02
6 60 2 5.262319e-02
7 60 2 6.126391e-02
8 60 2 6.128967e-02
9 60 2 5.201310e-02
10 60 2 4.245997e-02
11 60 2 3.395805e-02
12 60 2 2.814774e-02
1 61 2 1.898966e-01
2 61 2 1.910389e-01
3 61 2 2.686929e-01
4 61 2 4.047082e-01
5 61 2 5.903458e-01
6 61 2 8.317017e-01
7 61 2 9.842385e-01
8 61 2 9.469189e-01
9 61 2 7.357808e-01
10 61 2 5.004826e-01
11 61 2 3.264951e-01
12 61 2 2.290009e-01
1 76 2 2.424218e-01
2 76 2 2.217910e-01
3 76 2 2.240232e-01
4 76 2 2.436839e-01
5 76 2 3.312924e-01
6 76 2 4.724019e-01
7 76 2 6.334647e-01
8 76 2 6.760229e-01
9 76 2 6.441183e-01
10 76 2 4.301424e-01
11 76 2 2.776750e-01
12 76 2 2.428509e-01
1 77 2 2.304595e-01
2 77 2 2.992498e-01
3 77 2 3.919993e-01
4 77 2 6.335571e-01
5 77 2 1.063768e+00
6 77 2 1.642347e+00
7 77 2 2.231506e+00
8 77 2 2.118061e+00
9 77 2 1.568970e+00
10 77 2 7.926621e-01
11 77 2 3.478225e-01
12 77 2 2.192308e-01
1 78 2 2.700805e-01
2 78 2 3.690269e-01
3 78 2 5.138921e-01
4 78 2 9.217195e-01
5 78 2 1.441303e+00
6 78 2 2.288289e+00
7 78 2 2.824640e+00
8 78 2 2.644932e+00
9 78 2 1.714945e+00
10 78 2 9.094690e-01
11 78 2 4.911329e-01
12 78 2 2.835476e-01
1 79 2 8.012267e-01
2 79 2 9.831185e-01
3 79 2 1.443502e+00
4 79 2 2.394287e+00
5 79 2 3.637586e+00
6 79 2 5.942617e+00
7 79 2 7.281934e+00
8 79 2 6.898341e+00
9 79 2 4.763346e+00
10 79 2 2.875372e+00
11 79 2 1.638238e+00
12 79 2 1.003555e+00
1 80 2 4.164801e-01
2 80 2 4.172933e-01
3 80 2 5.243551e-01
4 80 2 7.089883e-01
5 80 2 1.057393e+00
6 80 2 1.608785e+00
7 80 2 2.071555e+00
8 80 2 2.050805e+00
9 80 2 1.702131e+00
10 80 2 1.193372e+00
11 80 2 6.961655e-01
12 80 2 5.145822e-01
1 84 2 5.489750e-03
2 84 2 5.804047e-03
3 84 2 7.178445e-03
4 84 2 9.071310e-03
5 84 2 1.216189e-02
6 84 2 1.992814e-02
7 84 2 2.669022e-02
8 84 2 2.557586e-02
9 84 2 1.919076e-02
10 84 2 1.211130e-02
11 84 2 8.136091e-03
12 84 2 6.215094e-03
1 85 2 2.799188e-02
2 85 2 3.152107e-02
3 85 2 4.098247e-02
4 85 2 5.954372e-02
5 85 2 9.531652e-02
6 85 2 1.456109e-01
7 85 2 2.014662e-01
8 85 2 1.916566e-01
9 85 2 1.380057e-01
10 85 2 7.612478e-02
11 85 2 4.293117e-02
12 85 2 3.115089e-02
1 98 2 3.070717e-02
2 98 2 2.858430e-02
3 98 2 2.691655e-02
4 98 2 2.865837e-02
5 98 2 3.252528e-02
6 98 2 3.721855e-02
7 98 2 4.186322e-02
8 98 2 4.412179e-02
9 98 2 4.353833e-02
10 98 2 4.115535e-02
11 98 2 3.701895e-02
12 98 2 3.368764e-02
1 102 2 1.454751e-01
2 102 2 1.644396e-01
3 102 2 2.020993e-01
4 102 2 2.527856e-01
5 102 2 2.925327e-01
6 102 2 3.193519e-01
7 102 2 3.283447e-01
8 102 2 3.324936e-01
9 102 2 2.996696e-01
10 102 2 2.308658e-01
11 102 2 1.852987e-01
12 102 2 1.518753e-01
1 103 2 2.471864e-01
2 103 2 2.522558e-01
3 103 2 2.749272e-01
4 103 2 3.106573e-01
5 103 2 3.617852e-01
6 103 2 4.140168e-01
7 103 2 4.479136e-01
8 103 2 4.700754e-01
9 103 2 4.610467e-01
10 103 2 4.029148e-01
11 103 2 3.314607e-01
12 103 2 2.755986e-01
