1 25 2 6.563095e-05
2 25 2 6.231632e-05
3 25 2 8.779340e-05
4 25 2 1.602035e-04
5 25 2 4.481721e-04
6 25 2 8.127031e-04
7 25 2 9.852342e-04
8 25 2 7.555005e-04
9 25 2 4.268978e-04
10 25 2 1.997727e-04
11 25 2 9.525393e-05
12 25 2 5.516125e-05
1 26 2 3.852777e-04
2 26 2 3.170872e-04
3 26 2 5.243296e-04
4 26 2 1.170347e-03
5 26 2 3.296686e-03
6 26 2 6.296578e-03
7 26 2 6.831769e-03
8 26 2 5.111551e-03
9 26 2 2.795750e-03
10 26 2 1.125398e-03
11 26 2 5.879746e-04
12 26 2 3.635149e-04
1 27 2 1.580092e-03
2 27 2 1.395079e-03
3 27 2 2.445567e-03
4 27 2 6.228558e-03
5 27 2 1.754009e-02
6 27 2 3.625749e-02
7 27 2 4.089231e-02
8 27 2 3.077857e-02
9 27 2 1.590527e-02
10 27 2 5.972815e-03
11 27 2 3.165378e-03
12 27 2 1.958004e-03
1 49 2 2.003906e-04
2 49 2 1.823378e-04
3 49 2 2.068246e-04
4 49 2 2.420698e-04
5 49 2 3.462114e-04
6 49 2 5.267406e-04
7 49 2 7.855469e-04
8 49 2 7.386965e-04
9 49 2 5.152324e-04
10 49 2 3.686983e-04
11 49 2 2.691796e-04
12 49 2 1.963660e-04
1 50 2 8.183119e-04
2 50 2 7.063662e-04
3 50 2 8.279704e-04
4 50 2 9.438004e-04
5 50 2 1.328333e-03
6 50 2 1.949311e-03
7 50 2 2.690335e-03
8 50 2 2.587196e-03
9 50 2 1.873365e-03
10 50 2 1.335413e-03
11 50 2 9.997983e-04
12 50 2 7.872321e-04
1 51 2 3.128896e-04
2 51 2 2.855608e-04
3 51 2 3.102933e-04
4 51 2 3.581811e-04
5 51 2 4.882099e-04
6 51 2 6.846756e-04
7 51 2 8.922323e-04
8 51 2 8.848235e-04
9 51 2 7.351587e-04
10 51 2 5.170918e-04
11 51 2 3.875413e-04
12 51 2 3.247714e-04
1 52 2 7.483323e-02
2 52 2 7.865614e-02
3 52 2 9.880999e-02
4 52 2 1.440515e-01
5 52 2 2.436101e-01
6 52 2 3.352620e-01
7 52 2 4.300357e-01
8 52 2 4.022307e-01
9 52 2 3.246956e-01
10 52 2 1.854872e-01
11 52 2 1.116452e-01
12 52 2 8.609543e-02
1 53 2 1.022938e-02
2 53 2 1.283413e-02
3 53 2 2.174372e-02
4 53 2 4.746005e-02
5 53 2 9.037845e-02
6 53 2 1.349580e-01
7 53 2 1.873378e-01
8 53 2 1.596336e-01
9 53 2 1.080412e-01
10 53 2 4.765074e-02
11 53 2 2.125351e-02
12 53 2 1.346496e-02
1 54 2 1.042155e-02
2 54 2 1.351942e-02
3 54 2 2.528187e-02
4 54 2 6.282295e-02
5 54 2 1.237416e-01
6 54 2 2.390124e-01
7 54 2 3.395285e-01
8 54 2 2.847033e-01
9 54 2 1.726681e-01
10 54 2 7.343529e-02
11 54 2 3.147772e-02
12 54 2 1.736372e-02
1 55 2 2.224517e-03
2 55 2 2.480929e-03
3 55 2 4.628106e-03
4 55 2 1.083694e-02
5 55 2 2.150489e-02
6 55 2 4.592580e-02
7 55 2 6.384035e-02
8 55 2 5.505676e-02
9 55 2 3.491343e-02
10 55 2 1.674043e-02
11 55 2 7.832207e-03
12 55 2 4.484744e-03
1 56 2 7.762632e-04
2 56 2 8.055918e-04
3 56 2 1.395306e-03
4 56 2 3.111334e-03
5 56 2 6.800960e-03
6 56 2 1.340619e-02
7 56 2 1.853523e-02
8 56 2 1.538330e-02
9 56 2 1.005489e-02
10 56 2 5.180645e-03
11 56 2 2.335627e-03
12 56 2 1.339505e-03
1 60 2 2.903045e-02
2 60 2 2.811337e-02
3 60 2 3.224046e-02
4 60 2 3.823671e-02
5 60 2 4.714282e-02
6 60 2 6.203963e-02
7 60 2 7.222654e-02
8 60 2 7.225691e-02
9 60 2 6.132038e-02
10 60 2 5.005780e-02
11 60 2 4.003454e-02
12 60 2 3.318453e-02
1 61 2 2.238040e-01
2 61 2 2.251502e-01
3 61 2 3.166699e-01
4 61 2 4.769717e-01
5 61 2 6.957562e-01
6 61 2 9.802079e-01
7 61 2 1.159981e+00
8 61 2 1.115998e+00
9 61 2 8.671596e-01
10 61 2 5.898472e-01
11 61 2 3.847931e-01
12 61 2 2.698907e-01
1 76 2 2.856941e-01
2 76 2 2.613807e-01
3 76 2 2.640114e-01
4 76 2 2.871815e-01
5 76 2 3.904281e-01
6 76 2 5.567256e-01
7 76 2 7.465382e-01
8 76 2 7.966931e-01
9 76 2 7.590935e-01
10 76 2 5.069228e-01
11 76 2 3.272400e-01
12 76 2 2.861998e-01
1 77 2 2.715667e-01
2 77 2 3.526272e-01
3 77 2 4.619205e-01
4 77 2 7.465650e-01
5 77 2 1.253513e+00
6 77 2 1.935293e+00
7 77 2 2.629541e+00
8 77 2 2.495861e+00
9 77 2 1.848828e+00
10 77 2 9.340497e-01
11 77 2 4.098638e-01
12 77 2 2.583351e-01
1 78 2 3.182596e-01
2 78 2 4.348568e-01
3 78 2 6.055642e-01
4 78 2 1.086143e+00
5 78 2 1.698414e+00
6 78 2 2.696493e+00
7 78 2 3.328521e+00
8 78 2 3.116756e+00
9 78 2 2.020871e+00
10 78 2 1.071707e+00
11 78 2 5.787451e-01
12 78 2 3.341291e-01
1 79 2 9.444676e-01
2 79 2 1.158877e+00
3 79 2 1.701566e+00
4 79 2 2.822330e+00
5 79 2 4.287903e+00
6 79 2 7.005020e+00
7 79 2 8.583777e+00
8 79 2 8.131606e+00
9 79 2 5.614922e+00
10 79 2 3.389422e+00
11 79 2 1.931118e+00
12 79 2 1.182967e+00
1 80 2 4.909224e-01
2 80 2 4.918810e-01
3 80 2 6.180792e-01
4 80 2 8.357140e-01
5 80 2 1.246393e+00
6 80 2 1.896342e+00
7 80 2 2.441829e+00
8 80 2 2.417370e+00
9 80 2 2.006373e+00
10 80 2 1.406677e+00
11 80 2 8.205993e-01
12 80 2 6.065595e-01
1 84 2 6.457003e-03
2 84 2 6.826677e-03
3 84 2 8.443234e-03
4 84 2 1.066961e-02
5 84 2 1.430472e-02
6 84 2 2.343933e-02
7 84 2 3.139284e-02
8 84 2 3.008214e-02
9 84 2 2.257203e-02
10 84 2 1.424522e-02
11 84 2 9.569609e-03
12 84 2 7.310148e-03
1 85 2 3.298552e-02
2 85 2 3.714430e-02
3 85 2 4.829358e-02
4 85 2 7.016607e-02
5 85 2 1.123206e-01
6 85 2 1.715873e-01
7 85 2 2.374070e-01
8 85 2 2.258473e-01
9 85 2 1.626254e-01
10 85 2 8.970513e-02
11 85 2 5.058992e-02
12 85 2 3.670809e-02
1 98 2 3.616039e-02
2 98 2 3.366052e-02
3 98 2 3.169660e-02
4 98 2 3.374775e-02
5 98 2 3.830138e-02
6 98 2 4.382810e-02
7 98 2 4.929761e-02
8 98 2 5.195728e-02
9 98 2 5.127020e-02
10 98 2 4.846404e-02
11 98 2 4.359306e-02
12 98 2 3.967015e-02
1 102 2 1.713119e-01
2 102 2 1.936444e-01
3 102 2 2.379926e-01
4 102 2 2.976809e-01
5 102 2 3.444873e-01
6 102 2 3.760696e-01
7 102 2 3.866595e-01
8 102 2 3.915453e-01
9 102 2 3.528916e-01
10 102 2 2.718681e-01
11 102 2 2.182082e-01
12 102 2 1.788487e-01
1 103 2 2.910152e-01
2 103 2 2.969835e-01
3 103 2 3.236748e-01
4 103 2 3.657402e-01
5 103 2 4.259336e-01
6 103 2 4.874265e-01
7 103 2 5.273335e-01
8 103 2 5.534248e-01
9 103 2 5.427953e-01
10 103 2 4.743559e-01
11 103 2 3.902322e-01
12 103 2 3.244652e-01
