1 25 2 7.459628e-05
2 25 2 7.082887e-05
3 25 2 9.978617e-05
4 25 2 1.820876e-04
5 25 2 5.093934e-04
6 25 2 9.237201e-04
7 25 2 1.119819e-03
8 25 2 8.587035e-04
9 25 2 4.852130e-04
10 25 2 2.270621e-04
11 25 2 1.082658e-04
12 25 2 6.269639e-05
1 26 2 4.378231e-04
2 26 2 3.603325e-04
3 26 2 5.958393e-04
4 26 2 1.329962e-03
5 26 2 3.746299e-03
6 26 2 7.155326e-03
7 26 2 7.763508e-03
8 26 2 5.808681e-03
9 26 2 3.177043e-03
10 26 2 1.278884e-03
11 26 2 6.681645e-04
12 26 2 4.130923e-04
1 27 2 1.796741e-03
2 27 2 1.586362e-03
3 27 2 2.780883e-03
4 27 2 7.082568e-03
5 27 2 1.994504e-02
6 27 2 4.122883e-02
7 27 2 4.649913e-02
8 27 2 3.499868e-02
9 27 2 1.808608e-02
10 27 2 6.791759e-03
11 27 2 3.599390e-03
12 27 2 2.226470e-03
1 49 2 2.276573e-04
2 49 2 2.071480e-04
3 49 2 2.349666e-04
4 49 2 2.750076e-04
5 49 2 3.933195e-04
6 49 2 5.984129e-04
7 49 2 8.924343e-04
8 49 2 8.392090e-04
9 49 2 5.853387e-04
10 49 2 4.188661e-04
11 49 2 3.058062e-04
12 49 2 2.230851e-04
1 50 2 9.288504e-04
2 50 2 8.017829e-04
3 50 2 9.398135e-04
4 50 2 1.071290e-03
5 50 2 1.507766e-03
6 50 2 2.212626e-03
7 50 2 3.053749e-03
8 50 2 2.936677e-03
9 50 2 2.126421e-03
10 50 2 1.515802e-03
11 50 2 1.134852e-03
12 50 2 8.935723e-04
1 51 2 3.559319e-04
2 51 2 3.248436e-04
3 51 2 3.529785e-04
4 51 2 4.074539e-04
5 51 2 5.553700e-04
6 51 2 7.788623e-04
7 51 2 1.014971e-03
8 51 2 1.006543e-03
9 51 2 8.362900e-04
10 51 2 5.882250e-04
11 51 2 4.408530e-04
12 51 2 3.694483e-04
1 52 2 8.495632e-02
2 52 2 8.929639e-02
3 52 2 1.121766e-01
4 52 2 1.635381e-01
5 52 2 2.765645e-01
6 52 2 3.806147e-01
7 52 2 4.882090e-01
8 52 2 4.566426e-01
9 52 2 3.686189e-01
10 52 2 2.105791e-01
11 52 2 1.267480e-01
12 52 2 9.774203e-02
1 53 2 1.162318e-02
2 53 2 1.458284e-02
3 53 2 2.470641e-02
4 53 2 5.392671e-02
5 53 2 1.026929e-01
6 53 2 1.533467e-01
7 53 2 2.128634e-01
8 53 2 1.813844e-01
9 53 2 1.227624e-01
10 53 2 5.414338e-02
11 53 2 2.414940e-02
12 53 2 1.529963e-02
1 54 2 1.184374e-02
2 54 2 1.536437e-02
3 54 2 2.873199e-02
4 54 2 7.139615e-02
5 54 2 1.406282e-01
6 54 2 2.716295e-01
7 54 2 3.858626e-01
8 54 2 3.235557e-01
9 54 2 1.962314e-01
10 54 2 8.345671e-02
11 54 2 3.577336e-02
12 54 2 1.973328e-02
1 55 2 2.527069e-03
2 55 2 2.818355e-03
3 55 2 5.257565e-03
4 55 2 1.231085e-02
5 55 2 2.442973e-02
6 55 2 5.217208e-02
7 55 2 7.252314e-02
8 55 2 6.254491e-02
9 55 2 3.966193e-02
10 55 2 1.901726e-02
11 55 2 8.897449e-03
12 55 2 5.094705e-03
1 56 2 8.815148e-04
2 56 2 9.148200e-04
3 56 2 1.584492e-03
4 56 2 3.533192e-03
5 56 2 7.723086e-03
6 56 2 1.522390e-02
7 56 2 2.104838e-02
8 56 2 1.746909e-02
9 56 2 1.141821e-02
10 56 2 5.883076e-03
11 56 2 2.652309e-03
12 56 2 1.521125e-03
1 60 2 3.299959e-02
2 60 2 3.195713e-02
3 60 2 3.664848e-02
4 60 2 4.346456e-02
5 60 2 5.358835e-02
6 60 2 7.052190e-02
7 60 2 8.210159e-02
8 60 2 8.213612e-02
9 60 2 6.970431e-02
10 60 2 5.690187e-02
11 60 2 4.550819e-02
12 60 2 3.772163e-02
1 61 2 2.542833e-01
2 61 2 2.558129e-01
3 61 2 3.597964e-01
4 61 2 5.419294e-01
5 61 2 7.905096e-01
6 61 2 1.113700e+00
7 61 2 1.317956e+00
8 61 2 1.267983e+00
9 61 2 9.852560e-01
10 61 2 6.701771e-01
11 61 2 4.371972e-01
12 61 2 3.066464e-01
1 76 2 3.246803e-01
2 76 2 2.970491e-01
3 76 2 3.000388e-01
4 76 2 3.263707e-01
5 76 2 4.437065e-01
6 76 2 6.326973e-01
7 76 2 8.484119e-01
8 76 2 9.054110e-01
9 76 2 8.626806e-01
10 76 2 5.760983e-01
11 76 2 3.718956e-01
12 76 2 3.252551e-01
1 77 2 3.086990e-01
2 77 2 4.008432e-01
3 77 2 5.250806e-01
4 77 2 8.486457e-01
5 77 2 1.424910e+00
6 77 2 2.199913e+00
7 77 2 2.989088e+00
8 77 2 2.837129e+00
9 77 2 2.101625e+00
10 77 2 1.061766e+00
11 77 2 4.659060e-01
12 77 2 2.936582e-01
1 78 2 3.618413e-01
2 78 2 4.944051e-01
3 78 2 6.884887e-01
4 78 2 1.234877e+00
5 78 2 1.930991e+00
6 78 2 3.065744e+00
7 78 2 3.784321e+00
8 78 2 3.543557e+00
9 78 2 2.297604e+00
10 78 2 1.218464e+00
11 78 2 6.579970e-01
12 78 2 3.798839e-01
1 79 2 1.073164e+00
2 79 2 1.316790e+00
3 79 2 1.933428e+00
4 79 2 3.206911e+00
5 79 2 4.872188e+00
6 79 2 7.959549e+00
7 79 2 9.753433e+00
8 79 2 9.239648e+00
9 79 2 6.380032e+00
10 79 2 3.851277e+00
11 79 2 2.194259e+00
12 79 2 1.344163e+00
1 80 2 5.581034e-01
2 80 2 5.591931e-01
3 80 2 7.026611e-01
4 80 2 9.500785e-01
5 80 2 1.416958e+00
6 80 2 2.155850e+00
7 80 2 2.775984e+00
8 80 2 2.748178e+00
9 80 2 2.280938e+00
10 80 2 1.599175e+00
11 80 2 9.328953e-01
12 80 2 6.895650e-01
1 84 2 7.348085e-03
2 84 2 7.768774e-03
3 84 2 9.608419e-03
4 84 2 1.214204e-02
5 84 2 1.627881e-02
6 84 2 2.667401e-02
7 84 2 3.572512e-02
8 84 2 3.423354e-02
9 84 2 2.568703e-02
10 84 2 1.621109e-02
11 84 2 1.089024e-02
12 84 2 8.318965e-03
1 85 2 3.747429e-02
2 85 2 4.219901e-02
3 85 2 5.486552e-02
4 85 2 7.971449e-02
5 85 2 1.276055e-01
6 85 2 1.949374e-01
7 85 2 2.697141e-01
8 85 2 2.565813e-01
9 85 2 1.847560e-01
10 85 2 1.019125e-01
11 85 2 5.747435e-02
12 85 2 4.170344e-02
1 98 2 4.110405e-02
2 98 2 3.826242e-02
3 98 2 3.603000e-02
4 98 2 3.836157e-02
5 98 2 4.353775e-02
6 98 2 4.982006e-02
7 98 2 5.603733e-02
8 98 2 5.906062e-02
9 98 2 5.827961e-02
10 98 2 5.508980e-02
11 98 2 4.955288e-02
12 98 2 4.509365e-02
1 102 2 1.946464e-01
2 102 2 2.200208e-01
3 102 2 2.704097e-01
4 102 2 3.382282e-01
5 102 2 3.914101e-01
6 102 2 4.272943e-01
7 102 2 4.393266e-01
8 102 2 4.448779e-01
9 102 2 4.009592e-01
10 102 2 3.088994e-01
11 102 2 2.479304e-01
12 102 2 2.032098e-01
1 103 2 3.306434e-01
2 103 2 3.374244e-01
3 103 2 3.677503e-01
4 103 2 4.155439e-01
5 103 2 4.839339e-01
6 103 2 5.538004e-01
7 103 2 5.991417e-01
8 103 2 6.287859e-01
9 103 2 6.167089e-01
10 103 2 5.389500e-01
11 103 2 4.433710e-01
12 103 2 3.686483e-01
