1 25 2 8.264576e-05
2 25 2 7.847181e-05
3 25 2 1.105538e-04
4 25 2 2.017362e-04
5 25 2 5.643606e-04
6 25 2 1.023396e-03
7 25 2 1.240656e-03
8 25 2 9.513638e-04
9 25 2 5.375709e-04
10 25 2 2.515637e-04
11 25 2 1.199485e-04
12 25 2 6.946179e-05
1 26 2 4.847925e-04
2 26 2 3.989888e-04
3 26 2 6.597607e-04
4 26 2 1.472640e-03
5 26 2 4.148200e-03
6 26 2 7.922946e-03
7 26 2 8.596373e-03
8 26 2 6.431833e-03
9 26 2 3.517874e-03
10 26 2 1.416082e-03
11 26 2 7.398449e-04
12 26 2 4.574086e-04
1 27 2 1.991863e-03
2 27 2 1.758636e-03
3 27 2 3.082880e-03
4 27 2 7.851717e-03
5 27 2 2.211102e-02
6 27 2 4.570617e-02
7 27 2 5.154882e-02
8 27 2 3.879945e-02
9 27 2 2.005018e-02
10 27 2 7.529327e-03
11 27 2 3.990274e-03
12 27 2 2.468259e-03
1 49 2 2.522839e-04
2 49 2 2.295560e-04
3 49 2 2.603839e-04
4 49 2 3.047563e-04
5 49 2 4.358664e-04
6 49 2 6.631455e-04
7 49 2 9.889723e-04
8 49 2 9.299895e-04
9 49 2 6.486570e-04
10 49 2 4.641765e-04
11 49 2 3.388864e-04
12 49 2 2.472170e-04
1 50 2 1.028698e-03
2 50 2 8.879716e-04
3 50 2 1.040840e-03
4 50 2 1.186450e-03
5 50 2 1.669845e-03
6 50 2 2.450475e-03
7 50 2 3.382015e-03
8 50 2 3.252359e-03
9 50 2 2.355004e-03
10 50 2 1.678745e-03
11 50 2 1.256845e-03
12 50 2 9.896279e-04
1 51 2 3.940257e-04
2 51 2 3.596102e-04
3 51 2 3.907562e-04
4 51 2 4.510619e-04
5 51 2 6.148088e-04
6 51 2 8.622206e-04
7 51 2 1.123599e-03
8 51 2 1.114269e-03
9 51 2 9.257945e-04
10 51 2 6.511801e-04
11 51 2 4.880356e-04
12 51 2 4.089887e-04
1 52 2 9.417385e-02
2 52 2 9.898480e-02
3 52 2 1.243474e-01
4 52 2 1.812816e-01
5 52 2 3.065710e-01
6 52 2 4.219103e-01
7 52 2 5.411784e-01
8 52 2 5.061871e-01
9 52 2 4.086130e-01
10 52 2 2.334264e-01
11 52 2 1.404998e-01
12 52 2 1.083468e-01
1 53 2 1.287532e-02
2 53 2 1.615382e-02
3 53 2 2.736799e-02
4 53 2 5.973613e-02
5 53 2 1.137559e-01
6 53 2 1.698665e-01
7 53 2 2.357948e-01
8 53 2 2.009246e-01
9 53 2 1.359873e-01
10 53 2 5.997614e-02
11 53 2 2.675097e-02
12 53 2 1.694783e-02
1 54 2 1.311522e-02
2 54 2 1.701379e-02
3 54 2 3.181648e-02
4 54 2 7.906082e-02
5 54 2 1.557252e-01
6 54 2 3.007900e-01
7 54 2 4.272865e-01
8 54 2 3.582907e-01
9 54 2 2.172977e-01
10 54 2 9.241613e-02
11 54 2 3.961378e-02
12 54 2 2.185173e-02
1 55 2 2.801973e-03
2 55 2 3.124946e-03
3 55 2 5.829502e-03
4 55 2 1.365007e-02
5 55 2 2.708728e-02
6 55 2 5.784755e-02
7 55 2 8.041248e-02
8 55 2 6.934878e-02
9 55 2 4.397650e-02
10 55 2 2.108603e-02
11 55 2 9.865346e-03
12 55 2 5.648926e-03
1 56 2 9.763300e-04
2 56 2 1.013217e-03
3 56 2 1.754919e-03
4 56 2 3.913220e-03
5 56 2 8.553776e-03
6 56 2 1.686137e-02
7 56 2 2.331233e-02
8 56 2 1.934805e-02
9 56 2 1.264634e-02
10 56 2 6.515855e-03
11 56 2 2.937590e-03
12 56 2 1.684736e-03
1 60 2 3.655398e-02
2 60 2 3.539922e-02
3 60 2 4.059588e-02
4 60 2 4.814612e-02
5 60 2 5.936034e-02
6 60 2 7.811781e-02
7 60 2 9.094474e-02
8 60 2 9.098299e-02
9 60 2 7.721216e-02
10 60 2 6.303077e-02
11 60 2 5.040987e-02
12 60 2 4.178462e-02
1 61 2 2.818055e-01
2 61 2 2.835006e-01
3 61 2 3.987387e-01
4 61 2 6.005847e-01
5 61 2 8.760697e-01
6 61 2 1.234240e+00
7 61 2 1.460604e+00
8 61 2 1.405222e+00
9 61 2 1.091894e+00
10 61 2 7.427132e-01
11 61 2 4.845169e-01
12 61 2 3.398361e-01
1 76 2 3.594575e-01
2 76 2 3.288666e-01
3 76 2 3.321765e-01
4 76 2 3.613289e-01
5 76 2 4.912328e-01
6 76 2 7.004667e-01
7 76 2 9.392869e-01
8 76 2 1.002391e+00
9 76 2 9.550840e-01
10 76 2 6.378053e-01
11 76 2 4.117301e-01
12 76 2 3.600938e-01
1 77 2 3.418905e-01
2 77 2 4.439421e-01
3 77 2 5.815375e-01
4 77 2 9.398925e-01
5 77 2 1.578117e+00
6 77 2 2.436449e+00
7 77 2 3.310476e+00
8 77 2 3.142179e+00
9 77 2 2.327593e+00
10 77 2 1.175927e+00
11 77 2 5.160004e-01
12 77 2 3.252325e-01
1 78 2 4.008343e-01
2 78 2 5.476835e-01
3 78 2 7.626821e-01
4 78 2 1.367951e+00
5 78 2 2.139080e+00
6 78 2 3.396117e+00
7 78 2 4.192130e+00
8 78 2 3.925421e+00
9 78 2 2.545200e+00
10 78 2 1.349769e+00
11 78 2 7.289046e-01
12 78 2 4.208213e-01
1 79 2 1.188635e+00
2 79 2 1.458475e+00
3 79 2 2.141462e+00
4 79 2 3.551970e+00
5 79 2 5.396428e+00
6 79 2 8.815985e+00
7 79 2 1.080289e+01
8 79 2 1.023382e+01
9 79 2 7.066514e+00
10 79 2 4.265669e+00
11 79 2 2.430358e+00
12 79 2 1.488792e+00
1 80 2 6.177837e-01
2 80 2 6.189900e-01
3 80 2 7.777996e-01
4 80 2 1.051674e+00
5 80 2 1.568479e+00
6 80 2 2.386384e+00
7 80 2 3.072832e+00
8 80 2 3.042052e+00
9 80 2 2.524848e+00
10 80 2 1.770182e+00
11 80 2 1.032654e+00
12 80 2 7.633030e-01
1 84 2 8.135380e-03
2 84 2 8.601143e-03
3 84 2 1.063789e-02
4 84 2 1.344297e-02
5 84 2 1.802297e-02
6 84 2 2.953194e-02
7 84 2 3.955282e-02
8 84 2 3.790142e-02
9 84 2 2.843921e-02
10 84 2 1.794799e-02
11 84 2 1.205705e-02
12 84 2 9.210283e-03
1 85 2 4.154486e-02
2 85 2 4.678280e-02
3 85 2 6.082518e-02
4 85 2 8.837332e-02
5 85 2 1.414664e-01
6 85 2 2.161121e-01
7 85 2 2.990112e-01
8 85 2 2.844519e-01
9 85 2 2.048247e-01
10 85 2 1.129825e-01
11 85 2 6.371739e-02
12 85 2 4.623339e-02
1 98 2 4.553510e-02
2 98 2 4.238714e-02
3 98 2 3.991406e-02
4 98 2 4.249698e-02
5 98 2 4.823115e-02
6 98 2 5.519070e-02
7 98 2 6.207820e-02
8 98 2 6.542740e-02
9 98 2 6.456220e-02
10 98 2 6.102852e-02
11 98 2 5.489472e-02
12 98 2 4.995478e-02
1 102 2 2.156413e-01
2 102 2 2.437528e-01
3 102 2 2.995767e-01
4 102 2 3.747102e-01
5 102 2 4.336284e-01
6 102 2 4.733831e-01
7 102 2 4.867133e-01
8 102 2 4.928634e-01
9 102 2 4.442075e-01
10 102 2 3.422179e-01
11 102 2 2.746727e-01
12 102 2 2.251285e-01
1 103 2 3.659497e-01
2 103 2 3.734547e-01
3 103 2 4.070188e-01
4 103 2 4.599159e-01
5 103 2 5.356087e-01
6 103 2 6.129355e-01
7 103 2 6.631184e-01
8 103 2 6.959280e-01
9 103 2 6.825614e-01
10 103 2 5.964994e-01
11 103 2 4.907144e-01
12 103 2 4.080128e-01
