1 25 2 8.999784e-05
2 25 2 8.545258e-05
3 25 2 1.203886e-04
4 25 2 2.196824e-04
5 25 2 6.145656e-04
6 25 2 1.114436e-03
7 25 2 1.351023e-03
8 25 2 1.035996e-03
9 25 2 5.853926e-04
10 25 2 2.739425e-04
11 25 2 1.306190e-04
12 25 2 7.564103e-05
1 26 2 5.280755e-04
2 26 2 4.346111e-04
3 26 2 7.186651e-04
4 26 2 1.604119e-03
5 26 2 4.518557e-03
6 26 2 8.630318e-03
7 26 2 9.363869e-03
8 26 2 7.006076e-03
9 26 2 3.831955e-03
10 26 2 1.542512e-03
11 26 2 8.058993e-04
12 26 2 4.982467e-04
1 27 2 2.165799e-03
2 27 2 1.912206e-03
3 27 2 3.352087e-03
4 27 2 8.537354e-03
5 27 2 2.404183e-02
6 27 2 4.969738e-02
7 27 2 5.605023e-02
8 27 2 4.218754e-02
9 27 2 2.180103e-02
10 27 2 8.186812e-03
11 27 2 4.338718e-03
12 27 2 2.683795e-03
1 49 2 2.743891e-04
2 49 2 2.496699e-04
3 49 2 2.831989e-04
4 49 2 3.314592e-04
5 49 2 4.740573e-04
6 49 2 7.212507e-04
7 49 2 1.075627e-03
8 49 2 1.011476e-03
9 49 2 7.054927e-04
10 49 2 5.048479e-04
11 49 2 3.685798e-04
12 49 2 2.688783e-04
1 50 2 1.119388e-03
2 50 2 9.662545e-04
3 50 2 1.132600e-03
4 50 2 1.291046e-03
5 50 2 1.817057e-03
6 50 2 2.666507e-03
7 50 2 3.680171e-03
8 50 2 3.539085e-03
9 50 2 2.562619e-03
10 50 2 1.826742e-03
11 50 2 1.367647e-03
12 50 2 1.076873e-03
1 51 2 4.286330e-04
2 51 2 3.911948e-04
3 51 2 4.250763e-04
4 51 2 4.906787e-04
5 51 2 6.688074e-04
6 51 2 9.379493e-04
7 51 2 1.222285e-03
8 51 2 1.212136e-03
9 51 2 1.007107e-03
10 51 2 7.083732e-04
11 51 2 5.308997e-04
12 51 2 4.449102e-04
1 52 2 1.025343e-01
2 52 2 1.077723e-01
3 52 2 1.353865e-01
4 52 2 1.973751e-01
5 52 2 3.337873e-01
6 52 2 4.593661e-01
7 52 2 5.892223e-01
8 52 2 5.511247e-01
9 52 2 4.448883e-01
10 52 2 2.541491e-01
11 52 2 1.529729e-01
12 52 2 1.179654e-01
1 53 2 1.401342e-02
2 53 2 1.758173e-02
3 53 2 2.978716e-02
4 53 2 6.501646e-02
5 53 2 1.238112e-01
6 53 2 1.848817e-01
7 53 2 2.566377e-01
8 53 2 2.186852e-01
9 53 2 1.480078e-01
10 53 2 6.527768e-02
11 53 2 2.911560e-02
12 53 2 1.844592e-02
1 54 2 1.427390e-02
2 54 2 1.851690e-02
3 54 2 3.462735e-02
4 54 2 8.604555e-02
5 54 2 1.694829e-01
6 54 2 3.273637e-01
7 54 2 4.650357e-01
8 54 2 3.899443e-01
9 54 2 2.364951e-01
10 54 2 1.005807e-01
11 54 2 4.311350e-02
12 54 2 2.378225e-02
1 55 2 3.049229e-03
2 55 2 3.400703e-03
3 55 2 6.343918e-03
4 55 2 1.485460e-02
5 55 2 2.947756e-02
6 55 2 6.295222e-02
7 55 2 8.750836e-02
8 55 2 7.546836e-02
9 55 2 4.785714e-02
10 55 2 2.294674e-02
11 55 2 1.073590e-02
12 55 2 6.147407e-03
1 56 2 1.062222e-03
2 56 2 1.102355e-03
3 56 2 1.909307e-03
4 56 2 4.257483e-03
5 56 2 9.306289e-03
6 56 2 1.834474e-02
7 56 2 2.536321e-02
8 56 2 2.105018e-02
9 56 2 1.375890e-02
10 56 2 7.089083e-03
11 56 2 3.196022e-03
12 56 2 1.832949e-03
1 60 2 3.981475e-02
2 60 2 3.855699e-02
3 60 2 4.421721e-02
4 60 2 5.244097e-02
5 60 2 6.465554e-02
6 60 2 8.508626e-02
7 60 2 9.905741e-02
8 60 2 9.909908e-02
9 60 2 8.409982e-02
10 60 2 6.865339e-02
11 60 2 5.490666e-02
12 60 2 4.551199e-02
1 61 2 3.065643e-01
2 61 2 3.084083e-01
3 61 2 4.337711e-01
4 61 2 6.533508e-01
5 61 2 9.530394e-01
6 61 2 1.342678e+00
7 61 2 1.588930e+00
8 61 2 1.528682e+00
9 61 2 1.187826e+00
10 61 2 8.079664e-01
11 61 2 5.270855e-01
12 61 2 3.696934e-01
1 76 2 3.913786e-01
2 76 2 3.580712e-01
3 76 2 3.616750e-01
4 76 2 3.934163e-01
5 76 2 5.348561e-01
6 76 2 7.626707e-01
7 76 2 1.022699e+00
8 76 2 1.091407e+00
9 76 2 1.039899e+00
10 76 2 6.944447e-01
11 76 2 4.482933e-01
12 76 2 3.920714e-01
1 77 2 3.719389e-01
2 77 2 4.829596e-01
3 77 2 6.326482e-01
4 77 2 1.022499e+00
5 77 2 1.716816e+00
6 77 2 2.650585e+00
7 77 2 3.601430e+00
8 77 2 3.418341e+00
9 77 2 2.532162e+00
10 77 2 1.279278e+00
11 77 2 5.613511e-01
12 77 2 3.538168e-01
1 78 2 4.360626e-01
2 78 2 5.958180e-01
3 78 2 8.297123e-01
4 78 2 1.488176e+00
5 78 2 2.327078e+00
6 78 2 3.694593e+00
7 78 2 4.560566e+00
8 78 2 4.270416e+00
9 78 2 2.768891e+00
10 78 2 1.468397e+00
11 78 2 7.929662e-01
12 78 2 4.578062e-01
1 79 2 1.293443e+00
2 79 2 1.587076e+00
3 79 2 2.330286e+00
4 79 2 3.865166e+00
5 79 2 5.872260e+00
6 79 2 9.593337e+00
7 79 2 1.175544e+01
8 79 2 1.113619e+01
9 79 2 7.689606e+00
10 79 2 4.641795e+00
11 79 2 2.644656e+00
12 79 2 1.620067e+00
1 80 2 6.723804e-01
2 80 2 6.736932e-01
3 80 2 8.465377e-01
4 80 2 1.144616e+00
5 80 2 1.707093e+00
6 80 2 2.597281e+00
7 80 2 3.344393e+00
8 80 2 3.310894e+00
9 80 2 2.747981e+00
10 80 2 1.926622e+00
11 80 2 1.123915e+00
12 80 2 8.307599e-01
1 84 2 8.847058e-03
2 84 2 9.353567e-03
3 84 2 1.156849e-02
4 84 2 1.461895e-02
5 84 2 1.959961e-02
6 84 2 3.211538e-02
7 84 2 4.301288e-02
8 84 2 4.121702e-02
9 84 2 3.092706e-02
10 84 2 1.951808e-02
11 84 2 1.311179e-02
12 84 2 1.001599e-02
1 85 2 4.520824e-02
2 85 2 5.090805e-02
3 85 2 6.618867e-02
4 85 2 9.616597e-02
5 85 2 1.539408e-01
6 85 2 2.351686e-01
7 85 2 3.253777e-01
8 85 2 3.095346e-01
9 85 2 2.228859e-01
10 85 2 1.229452e-01
11 85 2 6.933591e-02
12 85 2 5.031019e-02
1 98 2 4.956434e-02
2 98 2 4.613783e-02
3 98 2 4.344591e-02
4 98 2 4.625738e-02
5 98 2 5.249895e-02
6 98 2 6.007433e-02
7 98 2 6.757128e-02
8 98 2 7.121683e-02
9 98 2 7.027507e-02
10 98 2 6.642871e-02
11 98 2 5.975216e-02
12 98 2 5.437510e-02
1 102 2 2.347471e-01
2 102 2 2.653493e-01
3 102 2 3.261192e-01
4 102 2 4.079095e-01
5 102 2 4.720479e-01
6 102 2 5.153249e-01
7 102 2 5.298361e-01
8 102 2 5.365311e-01
9 102 2 4.835643e-01
10 102 2 3.725384e-01
11 102 2 2.990088e-01
12 102 2 2.450748e-01
1 103 2 3.986570e-01
2 103 2 4.068328e-01
3 103 2 4.433967e-01
4 103 2 5.010215e-01
5 103 2 5.834794e-01
6 103 2 6.677175e-01
7 103 2 7.223855e-01
8 103 2 7.581276e-01
9 103 2 7.435663e-01
10 103 2 6.498124e-01
11 103 2 5.345727e-01
12 103 2 4.444795e-01
