1 25 2 9.656009e-05
2 25 2 9.168342e-05
3 25 2 1.291668e-04
4 25 2 2.357007e-04
5 25 2 6.593770e-04
6 25 2 1.195696e-03
7 25 2 1.449534e-03
8 25 2 1.111536e-03
9 25 2 6.280770e-04
10 25 2 2.939172e-04
11 25 2 1.401432e-04
12 25 2 8.115645e-05
1 26 2 5.664491e-04
2 26 2 4.661930e-04
3 26 2 7.708882e-04
4 26 2 1.720686e-03
5 26 2 4.846907e-03
6 26 2 9.257456e-03
7 26 2 1.004431e-02
8 26 2 7.515186e-03
9 26 2 4.110412e-03
10 26 2 1.654601e-03
11 26 2 8.644615e-04
12 26 2 5.344528e-04
1 27 2 2.324804e-03
2 27 2 2.052594e-03
3 27 2 3.598186e-03
4 27 2 9.164138e-03
5 27 2 2.580690e-02
6 27 2 5.334599e-02
7 27 2 6.016525e-02
8 27 2 4.528480e-02
9 27 2 2.340158e-02
10 27 2 8.787860e-03
11 27 2 4.657252e-03
12 27 2 2.880831e-03
1 49 2 2.944340e-04
2 49 2 2.679090e-04
3 49 2 3.038873e-04
4 49 2 3.556732e-04
5 49 2 5.086885e-04
6 49 2 7.739400e-04
7 49 2 1.154204e-03
8 49 2 1.085367e-03
9 49 2 7.570309e-04
10 49 2 5.417284e-04
11 49 2 3.955056e-04
12 49 2 2.885206e-04
1 50 2 1.201396e-03
2 50 2 1.037044e-03
3 50 2 1.215576e-03
4 50 2 1.385631e-03
5 50 2 1.950179e-03
6 50 2 2.861861e-03
7 50 2 3.949789e-03
8 50 2 3.798365e-03
9 50 2 2.750362e-03
10 50 2 1.960573e-03
11 50 2 1.467844e-03
12 50 2 1.155767e-03
1 51 2 4.586202e-04
2 51 2 4.185628e-04
3 51 2 4.548147e-04
4 51 2 5.250066e-04
5 51 2 7.155973e-04
6 51 2 1.003568e-03
7 51 2 1.307796e-03
8 51 2 1.296937e-03
9 51 2 1.077564e-03
10 51 2 7.579311e-04
11 51 2 5.680415e-04
12 51 2 4.760361e-04
1 52 2 1.099028e-01
2 52 2 1.155173e-01
3 52 2 1.451160e-01
4 52 2 2.115593e-01
5 52 2 3.577746e-01
6 52 2 4.923779e-01
7 52 2 6.315662e-01
8 52 2 5.907306e-01
9 52 2 4.768597e-01
10 52 2 2.724133e-01
11 52 2 1.639661e-01
12 52 2 1.264429e-01
1 53 2 1.503876e-02
2 53 2 1.886815e-02
3 53 2 3.196663e-02
4 53 2 6.977360e-02
5 53 2 1.328703e-01
6 53 2 1.984091e-01
7 53 2 2.754154e-01
8 53 2 2.346860e-01
9 53 2 1.588373e-01
10 53 2 7.005393e-02
11 53 2 3.124594e-02
12 53 2 1.979557e-02
1 54 2 1.532000e-02
2 54 2 1.987396e-02
3 54 2 3.716512e-02
4 54 2 9.235165e-02
5 54 2 1.819040e-01
6 54 2 3.513555e-01
7 54 2 4.991172e-01
8 54 2 4.185226e-01
9 54 2 2.538273e-01
10 54 2 1.079521e-01
11 54 2 4.627320e-02
12 54 2 2.552520e-02
1 55 2 3.266606e-03
2 55 2 3.643136e-03
3 55 2 6.796171e-03
4 55 2 1.591358e-02
5 55 2 3.157899e-02
6 55 2 6.744003e-02
7 55 2 9.374676e-02
8 55 2 8.084844e-02
9 55 2 5.126884e-02
10 55 2 2.458259e-02
11 55 2 1.150125e-02
12 55 2 6.585651e-03
1 56 2 1.139921e-03
2 56 2 1.182990e-03
3 56 2 2.048969e-03
4 56 2 4.568909e-03
5 56 2 9.987025e-03
6 56 2 1.968662e-02
7 56 2 2.721848e-02
8 56 2 2.258996e-02
9 56 2 1.476533e-02
10 56 2 7.607635e-03
11 56 2 3.429805e-03
12 56 2 1.967026e-03
1 60 2 4.265476e-02
2 60 2 4.130729e-02
3 60 2 4.737126e-02
4 60 2 5.618162e-02
5 60 2 6.926747e-02
6 60 2 9.115552e-02
7 60 2 1.061232e-01
8 60 2 1.061679e-01
9 60 2 9.009872e-02
10 60 2 7.355048e-02
11 60 2 5.882319e-02
12 60 2 4.875839e-02
1 61 2 3.291790e-01
2 61 2 3.311591e-01
3 61 2 4.657696e-01
4 61 2 7.015473e-01
5 61 2 1.023343e+00
6 61 2 1.441725e+00
7 61 2 1.706142e+00
8 61 2 1.641450e+00
9 61 2 1.275450e+00
10 61 2 8.675687e-01
11 61 2 5.659677e-01
12 61 2 3.969650e-01
1 76 2 4.198919e-01
2 76 2 3.841579e-01
3 76 2 3.880243e-01
4 76 2 4.220780e-01
5 76 2 5.738221e-01
6 76 2 8.182338e-01
7 76 2 1.097206e+00
8 76 2 1.170920e+00
9 76 2 1.115659e+00
10 76 2 7.450374e-01
11 76 2 4.809529e-01
12 76 2 4.206351e-01
1 77 2 3.990726e-01
2 77 2 5.181926e-01
3 77 2 6.788013e-01
4 77 2 1.097092e+00
5 77 2 1.842062e+00
6 77 2 2.843951e+00
7 77 2 3.864162e+00
8 77 2 3.667717e+00
9 77 2 2.716889e+00
10 77 2 1.372604e+00
11 77 2 6.023029e-01
12 77 2 3.796285e-01
1 78 2 4.679530e-01
2 78 2 6.393918e-01
3 78 2 8.903915e-01
4 78 2 1.597011e+00
5 78 2 2.497264e+00
6 78 2 3.964789e+00
7 78 2 4.894092e+00
8 78 2 4.582723e+00
9 78 2 2.971388e+00
10 78 2 1.575785e+00
11 78 2 8.509580e-01
12 78 2 4.912868e-01
1 79 2 1.388054e+00
2 79 2 1.703165e+00
3 79 2 2.500738e+00
4 79 2 4.147888e+00
5 79 2 6.301793e+00
6 79 2 1.029505e+01
7 79 2 1.261530e+01
8 79 2 1.195076e+01
9 79 2 8.252072e+00
10 79 2 4.981325e+00
11 79 2 2.838102e+00
12 79 2 1.738569e+00
1 80 2 7.210371e-01
2 80 2 7.224449e-01
3 80 2 9.077972e-01
4 80 2 1.227446e+00
5 80 2 1.830627e+00
6 80 2 2.785233e+00
7 80 2 3.586410e+00
8 80 2 3.550486e+00
9 80 2 2.946839e+00
10 80 2 2.066041e+00
11 80 2 1.205246e+00
12 80 2 8.908777e-01
1 84 2 9.487199e-03
2 84 2 1.003036e-02
3 84 2 1.240554e-02
4 84 2 1.567673e-02
5 84 2 2.101776e-02
6 84 2 3.443913e-02
7 84 2 4.612513e-02
8 84 2 4.419933e-02
9 84 2 3.316482e-02
10 84 2 2.093033e-02
11 84 2 1.406051e-02
12 84 2 1.074071e-02
1 85 2 4.847680e-02
2 85 2 5.458871e-02
3 85 2 7.097412e-02
4 85 2 1.031188e-01
5 85 2 1.650707e-01
6 85 2 2.521714e-01
7 85 2 3.489025e-01
8 85 2 3.319140e-01
9 85 2 2.390006e-01
10 85 2 1.318341e-01
11 85 2 7.434891e-02
12 85 2 5.394763e-02
1 98 2 5.320404e-02
2 98 2 4.952590e-02
3 98 2 4.663631e-02
4 98 2 4.965423e-02
5 98 2 5.635415e-02
6 98 2 6.448581e-02
7 98 2 7.253329e-02
8 98 2 7.644655e-02
9 98 2 7.543564e-02
10 98 2 7.130682e-02
11 98 2 6.413998e-02
12 98 2 5.836807e-02
1 102 2 2.517745e-01
2 102 2 2.845963e-01
3 102 2 3.497741e-01
4 102 2 4.374971e-01
5 102 2 5.062877e-01
6 102 2 5.527038e-01
7 102 2 5.682677e-01
8 102 2 5.754482e-01
9 102 2 5.186395e-01
10 102 2 3.995604e-01
11 102 2 3.206973e-01
12 102 2 2.628513e-01
1 103 2 4.278043e-01
2 103 2 4.365779e-01
3 103 2 4.758152e-01
4 103 2 5.376531e-01
5 103 2 6.261398e-01
6 103 2 7.165369e-01
7 103 2 7.752019e-01
8 103 2 8.135572e-01
9 103 2 7.979313e-01
10 103 2 6.973227e-01
11 103 2 5.736574e-01
12 103 2 4.769771e-01
