1 25 2 1.035194e-04
2 25 2 9.829121e-05
3 25 2 1.384761e-04
4 25 2 2.526881e-04
5 25 2 7.068996e-04
6 25 2 1.281872e-03
7 25 2 1.554005e-03
8 25 2 1.191647e-03
9 25 2 6.733436e-04
10 25 2 3.151004e-04
11 25 2 1.502435e-04
12 25 2 8.700555e-05
1 26 2 6.014998e-04
2 26 2 4.950400e-04
3 26 2 8.185891e-04
4 26 2 1.827158e-03
5 26 2 5.146823e-03
6 26 2 9.830288e-03
7 26 2 1.066583e-02
8 26 2 7.980210e-03
9 26 2 4.364755e-03
10 26 2 1.756984e-03
11 26 2 9.179525e-04
12 26 2 5.675236e-04
1 27 2 2.464476e-03
2 27 2 2.175911e-03
3 27 2 3.814361e-03
4 27 2 9.714709e-03
5 27 2 2.735735e-02
6 27 2 5.655096e-02
7 27 2 6.377991e-02
8 27 2 4.800546e-02
9 27 2 2.480752e-02
10 27 2 9.315824e-03
11 27 2 4.937054e-03
12 27 2 3.053908e-03
1 38 2 1.083652e-05
2 38 2 1.082681e-05
3 38 2 1.649321e-05
4 38 2 2.445390e-05
5 38 2 4.464649e-05
6 38 2 7.922179e-05
7 38 2 9.391434e-05
8 38 2 8.145103e-05
9 38 2 5.261115e-05
10 38 2 3.595967e-05
11 38 2 2.054806e-05
12 38 2 1.482828e-05
1 39 2 1.388099e-04
2 39 2 1.446120e-04
3 39 2 2.342416e-04
4 39 2 3.616885e-04
5 39 2 7.017954e-04
6 39 2 1.356747e-03
7 39 2 1.684701e-03
8 39 2 1.363964e-03
9 39 2 8.597229e-04
10 39 2 5.429048e-04
11 39 2 2.748066e-04
12 39 2 2.005889e-04
1 40 2 3.466784e-05
2 40 2 3.803663e-05
3 40 2 6.783778e-05
4 40 2 1.140746e-04
5 40 2 2.493728e-04
6 40 2 5.661861e-04
7 40 2 7.083863e-04
8 40 2 5.196544e-04
9 40 2 3.201018e-04
10 40 2 1.724739e-04
11 40 2 7.388282e-05
12 40 2 5.504039e-05
1 41 2 1.846414e-05
2 41 2 1.973909e-05
3 41 2 3.955647e-05
4 41 2 7.045288e-05
5 41 2 1.767061e-04
6 41 2 4.484100e-04
7 41 2 5.797674e-04
8 41 2 4.066462e-04
9 41 2 2.272527e-04
10 41 2 9.849345e-05
11 41 2 3.783854e-05
12 41 2 3.153794e-05
1 42 2 9.990223e-06
2 42 2 1.044997e-05
3 42 2 2.253522e-05
4 42 2 4.445505e-05
5 42 2 1.263782e-04
6 42 2 3.505354e-04
7 42 2 4.907084e-04
8 42 2 3.277028e-04
9 42 2 1.551844e-04
10 42 2 5.553885e-05
11 42 2 2.070594e-05
12 42 2 1.698621e-05
1 43 2 2.806099e-07
2 43 2 2.909563e-07
3 43 2 6.865059e-07
4 43 2 1.675095e-06
5 43 2 5.606850e-06
6 43 2 1.653547e-05
7 43 2 2.417257e-05
8 43 2 1.517386e-05
9 43 2 6.204876e-06
10 43 2 1.905054e-06
11 43 2 6.496645e-07
12 43 2 4.552248e-07
1 44 2 1.157698e-06
2 44 2 1.163226e-06
3 44 2 2.530196e-06
4 44 2 6.840321e-06
5 44 2 2.555523e-05
6 44 2 8.053300e-05
7 44 2 1.177034e-04
8 44 2 7.097443e-05
9 44 2 2.558521e-05
10 44 2 7.580380e-06
11 44 2 2.487902e-06
12 44 2 1.682101e-06
1 45 2 2.660557e-06
2 45 2 2.981706e-06
3 45 2 5.433186e-06
4 45 2 1.602290e-05
5 45 2 6.710078e-05
6 45 2 2.226474e-04
7 45 2 3.114808e-04
8 45 2 1.896603e-04
9 45 2 6.521990e-05
10 45 2 1.665200e-05
11 45 2 4.826699e-06
12 45 2 3.154492e-06
1 46 2 1.206049e-06
2 46 2 1.517239e-06
3 46 2 2.384985e-06
4 46 2 6.622861e-06
5 46 2 2.600770e-05
6 46 2 8.067298e-05
7 46 2 1.128558e-04
8 46 2 7.071675e-05
9 46 2 2.656323e-05
10 46 2 6.438611e-06
11 46 2 1.770228e-06
12 46 2 1.262420e-06
1 47 2 1.585836e-06
2 47 2 2.018194e-06
3 47 2 2.843952e-06
4 47 2 6.371952e-06
5 47 2 2.171879e-05
6 47 2 5.983525e-05
7 47 2 8.114937e-05
8 47 2 5.502509e-05
9 47 2 2.331030e-05
10 47 2 7.189791e-06
11 47 2 2.121177e-06
12 47 2 1.612376e-06
1 48 2 2.146962e-06
2 48 2 2.466297e-06
3 48 2 3.392254e-06
4 48 2 6.624355e-06
5 48 2 2.055664e-05
6 48 2 4.728381e-05
7 48 2 6.283578e-05
8 48 2 4.420858e-05
9 48 2 2.104507e-05
10 48 2 7.846345e-06
11 48 2 2.824586e-06
12 48 2 1.873094e-06
1 49 2 3.128492e-04
2 49 2 2.846652e-04
3 49 2 3.228938e-04
4 49 2 3.779186e-04
5 49 2 5.405041e-04
6 49 2 8.223457e-04
7 49 2 1.226393e-03
8 49 2 1.153251e-03
9 49 2 8.043790e-04
10 49 2 5.756106e-04
11 49 2 4.202423e-04
12 49 2 3.065660e-04
1 50 2 1.275151e-03
2 50 2 1.100709e-03
3 50 2 1.290201e-03
4 50 2 1.470696e-03
5 50 2 2.069901e-03
6 50 2 3.037552e-03
7 50 2 4.192268e-03
8 50 2 4.031549e-03
9 50 2 2.919208e-03
10 50 2 2.080934e-03
11 50 2 1.557955e-03
12 50 2 1.226720e-03
1 51 2 4.878159e-04
2 51 2 4.452084e-04
3 51 2 4.837681e-04
4 51 2 5.584284e-04
5 51 2 7.611521e-04
6 51 2 1.067455e-03
7 51 2 1.391050e-03
8 51 2 1.379499e-03
9 51 2 1.146162e-03
10 51 2 8.061809e-04
11 51 2 6.042029e-04
12 51 2 5.063405e-04
1 52 2 1.167770e-01
2 52 2 1.227426e-01
3 52 2 1.541926e-01
4 52 2 2.247919e-01
5 52 2 3.801526e-01
6 52 2 5.231751e-01
7 52 2 6.710692e-01
8 52 2 6.276795e-01
9 52 2 5.066862e-01
10 52 2 2.894521e-01
11 52 2 1.742219e-01
12 52 2 1.343516e-01
1 53 2 1.596247e-02
2 53 2 2.002707e-02
3 53 2 3.393007e-02
4 53 2 7.405921e-02
5 53 2 1.410314e-01
6 53 2 2.105958e-01
7 53 2 2.923319e-01
8 53 2 2.491008e-01
9 53 2 1.685934e-01
10 53 2 7.435676e-02
11 53 2 3.316512e-02
12 53 2 2.101145e-02
1 54 2 1.624295e-02
2 54 2 2.107127e-02
3 54 2 3.940412e-02
4 54 2 9.791536e-02
5 54 2 1.928628e-01
6 54 2 3.725229e-01
7 54 2 5.291864e-01
8 54 2 4.437364e-01
9 54 2 2.691191e-01
10 54 2 1.144557e-01
11 54 2 4.906093e-02
12 54 2 2.706296e-02
1 55 2 3.469809e-03
2 55 2 3.869762e-03
3 55 2 7.218935e-03
4 55 2 1.690350e-02
5 55 2 3.354340e-02
6 55 2 7.163522e-02
7 55 2 9.957839e-02
8 55 2 8.587771e-02
9 55 2 5.445808e-02
10 55 2 2.611178e-02
11 55 2 1.221670e-02
12 55 2 6.995319e-03
1 56 2 1.210472e-03
2 56 2 1.256205e-03
3 56 2 2.175781e-03
4 56 2 4.851682e-03
5 56 2 1.060513e-02
6 56 2 2.090504e-02
7 56 2 2.890305e-02
8 56 2 2.398807e-02
9 56 2 1.567917e-02
10 56 2 8.078477e-03
11 56 2 3.642077e-03
12 56 2 2.088766e-03
1 60 2 4.532615e-02
2 60 2 4.389428e-02
3 60 2 5.033802e-02
4 60 2 5.970015e-02
5 60 2 7.360555e-02
6 60 2 9.686440e-02
7 60 2 1.127695e-01
8 60 2 1.128170e-01
9 60 2 9.574141e-02
10 60 2 7.815679e-02
11 60 2 6.250716e-02
12 60 2 5.181203e-02
1 61 2 3.493596e-01
2 61 2 3.514610e-01
3 61 2 4.943239e-01
4 61 2 7.445561e-01
5 61 2 1.086080e+00
6 61 2 1.530111e+00
7 61 2 1.810738e+00
8 61 2 1.742080e+00
9 61 2 1.353642e+00
10 61 2 9.207555e-01
11 61 2 6.006647e-01
12 61 2 4.213011e-01
1 62 2 1.109374e-03
2 62 2 1.215025e-03
3 62 2 1.912672e-03
4 62 2 3.462520e-03
5 62 2 5.938968e-03
6 62 2 8.424900e-03
7 62 2 1.030195e-02
8 62 2 9.616497e-03
9 62 2 6.700989e-03
10 62 2 3.996060e-03
11 62 2 2.170038e-03
12 62 2 1.412198e-03
1 63 2 2.140094e-03
2 63 2 2.597982e-03
3 63 2 4.347107e-03
4 63 2 9.143066e-03
5 63 2 1.754705e-02
6 63 2 2.608648e-02
7 63 2 3.335831e-02
8 63 2 2.902826e-02
9 63 2 1.772955e-02
10 63 2 9.682300e-03
11 63 2 4.472326e-03
12 63 2 2.927774e-03
1 64 2 5.117095e-04
2 64 2 6.555531e-04
3 64 2 1.248331e-03
4 64 2 2.956880e-03
5 64 2 6.332706e-03
6 64 2 1.014354e-02
7 64 2 1.285716e-02
8 64 2 1.005143e-02
9 64 2 5.755300e-03
10 64 2 2.544291e-03
11 64 2 1.162616e-03
12 64 2 7.956453e-04
1 65 2 1.730859e-04
2 65 2 2.146276e-04
3 65 2 4.702087e-04
4 65 2 1.326005e-03
5 65 2 2.780210e-03
6 65 2 4.725071e-03
7 65 2 6.124363e-03
8 65 2 4.570893e-03
9 65 2 2.592466e-03
10 65 2 9.199528e-04
11 65 2 4.049813e-04
12 65 2 2.934894e-04
1 66 2 1.146150e-04
2 66 2 1.416998e-04
3 66 2 3.368611e-04
4 66 2 1.105130e-03
5 66 2 2.297880e-03
6 66 2 3.951308e-03
7 66 2 5.449513e-03
8 66 2 4.119837e-03
9 66 2 2.330525e-03
10 66 2 7.721297e-04
11 66 2 2.958916e-04
12 66 2 1.835358e-04
1 67 2 3.867762e-05
2 67 2 5.157480e-05
3 67 2 1.311551e-04
4 67 2 4.844982e-04
5 67 2 1.099298e-03
6 67 2 1.874861e-03
7 67 2 2.621263e-03
8 67 2 2.017277e-03
9 67 2 1.103310e-03
10 67 2 4.057385e-04
11 67 2 1.282976e-04
12 67 2 5.774607e-05
1 68 2 9.307470e-06
2 68 2 1.249743e-05
3 68 2 3.711666e-05
4 68 2 1.706078e-04
5 68 2 4.649280e-04
6 68 2 8.909461e-04
7 68 2 1.277448e-03
8 68 2 9.500814e-04
9 68 2 4.559533e-04
10 68 2 1.675118e-04
11 68 2 3.819862e-05
12 68 2 1.329179e-05
1 69 2 5.634238e-06
2 69 2 7.988302e-06
3 69 2 1.910348e-05
4 69 2 8.376991e-05
5 69 2 2.686122e-04
6 69 2 6.357008e-04
7 69 2 9.312966e-04
8 69 2 7.169099e-04
9 69 2 3.079798e-04
10 69 2 1.001431e-04
11 69 2 1.940413e-05
12 69 2 7.297211e-06
1 70 2 2.341595e-05
2 70 2 2.736877e-05
3 70 2 3.921865e-05
4 70 2 1.023194e-04
5 70 2 2.565846e-04
6 70 2 6.230605e-04
7 70 2 1.008537e-03
8 70 2 9.191850e-04
9 70 2 4.746055e-04
10 70 2 1.691727e-04
11 70 2 5.145224e-05
12 70 2 2.896388e-05
1 71 2 2.012465e-05
2 71 2 2.042181e-05
3 71 2 2.310884e-05
4 71 2 3.708269e-05
5 71 2 7.181540e-05
6 71 2 1.498137e-04
7 71 2 2.299170e-04
8 71 2 2.285951e-04
9 71 2 1.466645e-04
10 71 2 6.985433e-05
11 71 2 3.337119e-05
12 71 2 2.317742e-05
1 72 2 8.448127e-08
2 72 2 8.068696e-08
3 72 2 8.741596e-08
4 72 2 1.114562e-07
5 72 2 1.734176e-07
6 72 2 3.017524e-07
7 72 2 4.673799e-07
8 72 2 4.495099e-07
9 72 2 3.144922e-07
10 72 2 1.906902e-07
11 72 2 1.174915e-07
12 72 2 8.390434e-08
1 76 2 4.460649e-01
2 76 2 4.081035e-01
3 76 2 4.122109e-01
4 76 2 4.483873e-01
5 76 2 6.095901e-01
6 76 2 8.692366e-01
7 76 2 1.165598e+00
8 76 2 1.243907e+00
9 76 2 1.185201e+00
10 76 2 7.914776e-01
11 76 2 5.109321e-01
12 76 2 4.468545e-01
1 77 2 4.236623e-01
2 77 2 5.501222e-01
3 77 2 7.206271e-01
4 77 2 1.164692e+00
5 77 2 1.955565e+00
6 77 2 3.019188e+00
7 77 2 4.102261e+00
8 77 2 3.893711e+00
9 77 2 2.884296e+00
10 77 2 1.457181e+00
11 77 2 6.394151e-01
12 77 2 4.030202e-01
1 78 2 4.969051e-01
2 78 2 6.789507e-01
3 78 2 9.454796e-01
4 78 2 1.695817e+00
5 78 2 2.651768e+00
6 78 2 4.210088e+00
7 78 2 5.196888e+00
8 78 2 4.866255e+00
9 78 2 3.155226e+00
10 78 2 1.673278e+00
11 78 2 9.036064e-01
12 78 2 5.216825e-01
1 79 2 1.473384e+00
2 79 2 1.807867e+00
3 79 2 2.654470e+00
4 79 2 4.402879e+00
5 79 2 6.689195e+00
6 79 2 1.092794e+01
7 79 2 1.339082e+01
8 79 2 1.268543e+01
9 79 2 8.759366e+00
10 79 2 5.287551e+00
11 79 2 3.012574e+00
12 79 2 1.845447e+00
1 80 2 7.665279e-01
2 80 2 7.680246e-01
3 80 2 9.650710e-01
4 80 2 1.304887e+00
5 80 2 1.946123e+00
6 80 2 2.960955e+00
7 80 2 3.812680e+00
8 80 2 3.774489e+00
9 80 2 3.132757e+00
10 80 2 2.196390e+00
11 80 2 1.281286e+00
12 80 2 9.470840e-01
1 84 2 1.006544e-02
2 84 2 1.064170e-02
3 84 2 1.316165e-02
4 84 2 1.663222e-02
5 84 2 2.229878e-02
6 84 2 3.653817e-02
7 84 2 4.893643e-02
8 84 2 4.689325e-02
9 84 2 3.518620e-02
10 84 2 2.220602e-02
11 84 2 1.491749e-02
12 84 2 1.139535e-02
1 85 2 5.147849e-02
2 85 2 5.796884e-02
3 85 2 7.536884e-02
4 85 2 1.095039e-01
5 85 2 1.752919e-01
6 85 2 2.677858e-01
7 85 2 3.705066e-01
8 85 2 3.524661e-01
9 85 2 2.537995e-01
10 85 2 1.399973e-01
11 85 2 7.895259e-02
12 85 2 5.728807e-02
1 87 2 3.920420e-04
2 87 2 5.303877e-04
3 87 2 7.572965e-04
4 87 2 1.197113e-03
5 87 2 2.100176e-03
6 87 2 3.156830e-03
7 87 2 4.279685e-03
8 87 2 4.360856e-03
9 87 2 3.161641e-03
10 87 2 1.780088e-03
11 87 2 7.821236e-04
12 87 2 4.754122e-04
1 88 2 1.172359e-04
2 88 2 1.664845e-04
3 88 2 2.610723e-04
4 88 2 4.953567e-04
5 88 2 1.016618e-03
6 88 2 1.597844e-03
7 88 2 2.046261e-03
8 88 2 1.794731e-03
9 88 2 1.159756e-03
10 88 2 5.480790e-04
11 88 2 2.809831e-04
12 88 2 1.560758e-04
1 89 2 3.238918e-04
2 89 2 4.506534e-04
3 89 2 8.553262e-04
4 89 2 1.608723e-03
5 89 2 3.210391e-03
6 89 2 4.795951e-03
7 89 2 5.594786e-03
8 89 2 4.899699e-03
9 89 2 3.197570e-03
10 89 2 1.521629e-03
11 89 2 8.372764e-04
12 89 2 4.634360e-04
1 90 2 5.087456e-05
2 90 2 6.705098e-05
3 90 2 1.330555e-04
4 90 2 2.388063e-04
5 90 2 3.666731e-04
6 90 2 4.853534e-04
7 90 2 5.450818e-04
8 90 2 5.043516e-04
9 90 2 3.675498e-04
10 90 2 2.192278e-04
11 90 2 1.208720e-04
12 90 2 6.880977e-05
1 93 2 2.968823e-05
2 93 2 3.582150e-05
3 93 2 7.365091e-05
4 93 2 1.716516e-04
5 93 2 3.062168e-04
6 93 2 4.859446e-04
7 93 2 6.518693e-04
8 93 2 6.408431e-04
9 93 2 4.310342e-04
10 93 2 2.482233e-04
11 93 2 1.063027e-04
12 93 2 4.427723e-05
1 94 2 4.333412e-06
2 94 2 4.311566e-06
3 94 2 5.756983e-06
4 94 2 1.020243e-05
5 94 2 1.741493e-05
6 94 2 2.742195e-05
7 94 2 3.788331e-05
8 94 2 4.128442e-05
9 94 2 3.400660e-05
10 94 2 2.052632e-05
11 94 2 1.101699e-05
12 94 2 6.019417e-06
1 98 2 5.642812e-02
2 98 2 5.252709e-02
3 98 2 4.946239e-02
4 98 2 5.266320e-02
5 98 2 5.976912e-02
6 98 2 6.839355e-02
7 98 2 7.692869e-02
8 98 2 8.107909e-02
9 98 2 8.000692e-02
10 98 2 7.562790e-02
11 98 2 6.802676e-02
12 98 2 6.190508e-02
1 102 2 2.672589e-01
2 102 2 3.020993e-01
3 102 2 3.712856e-01
4 102 2 4.644037e-01
5 102 2 5.374250e-01
6 102 2 5.866957e-01
7 102 2 6.032168e-01
8 102 2 6.108390e-01
9 102 2 5.505364e-01
10 102 2 4.241338e-01
11 102 2 3.404205e-01
12 102 2 2.790169e-01
1 103 2 4.540940e-01
2 103 2 4.634067e-01
3 103 2 5.050552e-01
4 103 2 5.706933e-01
5 103 2 6.646178e-01
6 103 2 7.605700e-01
7 103 2 8.228400e-01
8 103 2 8.635524e-01
9 103 2 8.469662e-01
10 103 2 7.401750e-01
11 103 2 6.089101e-01
12 103 2 5.062886e-01
