1 25 2 1.098526e-04
2 25 2 1.043046e-04
3 25 2 1.469479e-04
4 25 2 2.681473e-04
5 25 2 7.501470e-04
6 25 2 1.360296e-03
7 25 2 1.649077e-03
8 25 2 1.264551e-03
9 25 2 7.145381e-04
10 25 2 3.343779e-04
11 25 2 1.594353e-04
12 25 2 9.232846e-05
1 26 2 6.328014e-04
2 26 2 5.208015e-04
3 26 2 8.611879e-04
4 26 2 1.922242e-03
5 26 2 5.414660e-03
6 26 2 1.034185e-02
7 26 2 1.122088e-02
8 26 2 8.395494e-03
9 26 2 4.591894e-03
10 26 2 1.848417e-03
11 26 2 9.657221e-04
12 26 2 5.970570e-04
1 27 2 2.593233e-03
2 27 2 2.289592e-03
3 27 2 4.013644e-03
4 27 2 1.022226e-02
5 27 2 2.878664e-02
6 27 2 5.950548e-02
7 27 2 6.711211e-02
8 27 2 5.051352e-02
9 27 2 2.610360e-02
10 27 2 9.802533e-03
11 27 2 5.194992e-03
12 27 2 3.213460e-03
1 38 2 1.999510e-05
2 38 2 1.997717e-05
3 38 2 3.043258e-05
4 38 2 4.512132e-05
5 38 2 8.237984e-05
6 38 2 1.461767e-04
7 38 2 1.732868e-04
8 38 2 1.502901e-04
9 38 2 9.707590e-05
10 38 2 6.635128e-05
11 38 2 3.791443e-05
12 38 2 2.736052e-05
1 39 2 2.562813e-04
2 39 2 2.669935e-04
3 39 2 4.324743e-04
4 39 2 6.677763e-04
5 39 2 1.295707e-03
6 39 2 2.504929e-03
7 39 2 3.110421e-03
8 39 2 2.518252e-03
9 39 2 1.587285e-03
10 39 2 1.002351e-03
11 39 2 5.073686e-04
12 39 2 3.703423e-04
1 40 2 6.397685e-05
2 40 2 7.019369e-05
3 40 2 1.251894e-04
4 40 2 2.105160e-04
5 40 2 4.601985e-04
6 40 2 1.044853e-03
7 40 2 1.307273e-03
8 40 2 9.589825e-04
9 40 2 5.907234e-04
10 40 2 3.182874e-04
11 40 2 1.363451e-04
12 40 2 1.015728e-04
1 41 2 3.405467e-05
2 41 2 3.640614e-05
3 41 2 7.295669e-05
4 41 2 1.299410e-04
5 41 2 3.259112e-04
6 41 2 8.270330e-04
7 41 2 1.069304e-03
8 41 2 7.500052e-04
9 41 2 4.191377e-04
10 41 2 1.816582e-04
11 41 2 6.978820e-05
12 41 2 5.816756e-05
1 42 2 1.842821e-05
2 42 2 1.927628e-05
3 42 2 4.156903e-05
4 42 2 8.200290e-05
5 42 2 2.331205e-04
6 42 2 6.466063e-04
7 42 2 9.051730e-04
8 42 2 6.044888e-04
9 42 2 2.862571e-04
10 42 2 1.024484e-04
11 42 2 3.819470e-05
12 42 2 3.133319e-05
1 43 2 5.175115e-07
2 43 2 5.365927e-07
3 43 2 1.266080e-06
4 43 2 3.089274e-06
5 43 2 1.034037e-05
6 43 2 3.049535e-05
7 43 2 4.457998e-05
8 43 2 2.798421e-05
9 43 2 1.144327e-05
10 43 2 3.513374e-06
11 43 2 1.198136e-06
12 43 2 8.395430e-07
1 44 2 2.135411e-06
2 44 2 2.145607e-06
3 44 2 4.667024e-06
4 44 2 1.261718e-05
5 44 2 4.713741e-05
6 44 2 1.485456e-04
7 44 2 2.171076e-04
8 44 2 1.309145e-04
9 44 2 4.719272e-05
10 44 2 1.398225e-05
11 44 2 4.589013e-06
12 44 2 3.102688e-06
1 45 2 4.905878e-06
2 45 2 5.498055e-06
3 45 2 1.001841e-05
4 45 2 2.954509e-05
5 45 2 1.237291e-04
6 45 2 4.105459e-04
7 45 2 5.743484e-04
8 45 2 3.497201e-04
9 45 2 1.202609e-04
10 45 2 3.070511e-05
11 45 2 8.900090e-06
12 45 2 5.816659e-06
1 46 2 2.225494e-06
2 46 2 2.799726e-06
3 46 2 4.400958e-06
4 46 2 1.222101e-05
5 46 2 4.799141e-05
6 46 2 1.488640e-04
7 46 2 2.082502e-04
8 46 2 1.304920e-04
9 46 2 4.901652e-05
10 46 2 1.188102e-05
11 46 2 3.266562e-06
12 46 2 2.329515e-06
1 47 2 2.924320e-06
2 47 2 3.721599e-06
3 47 2 5.244316e-06
4 47 2 1.175003e-05
5 47 2 4.004998e-05
6 47 2 1.103376e-04
7 47 2 1.496414e-04
8 47 2 1.014676e-04
9 47 2 4.298477e-05
10 47 2 1.325815e-05
11 47 2 3.911501e-06
12 47 2 2.973261e-06
1 48 2 3.959429e-06
2 48 2 4.548347e-06
3 48 2 6.255997e-06
4 48 2 1.221664e-05
5 48 2 3.791058e-05
6 48 2 8.720083e-05
7 48 2 1.158818e-04
8 48 2 8.152949e-05
9 48 2 3.881133e-05
10 48 2 1.447024e-05
11 48 2 5.209104e-06
12 48 2 3.454360e-06
1 49 2 3.291459e-04
2 49 2 2.994937e-04
3 49 2 3.397137e-04
4 49 2 3.976048e-04
5 49 2 5.686596e-04
6 49 2 8.651826e-04
7 49 2 1.290277e-03
8 49 2 1.213325e-03
9 49 2 8.462800e-04
10 49 2 6.055947e-04
11 49 2 4.421332e-04
12 49 2 3.225354e-04
1 50 2 1.340912e-03
2 50 2 1.157474e-03
3 50 2 1.356738e-03
4 50 2 1.546541e-03
5 50 2 2.176649e-03
6 50 2 3.194202e-03
7 50 2 4.408468e-03
8 50 2 4.239460e-03
9 50 2 3.069755e-03
10 50 2 2.188250e-03
11 50 2 1.638301e-03
12 50 2 1.289983e-03
1 51 2 5.130700e-04
2 51 2 4.682567e-04
3 51 2 5.088127e-04
4 51 2 5.873381e-04
5 51 2 8.005567e-04
6 51 2 1.122717e-03
7 51 2 1.463064e-03
8 51 2 1.450916e-03
9 51 2 1.205498e-03
10 51 2 8.479166e-04
11 51 2 6.354824e-04
12 51 2 5.325536e-04
1 52 2 1.228832e-01
2 52 2 1.291608e-01
3 52 2 1.622553e-01
4 52 2 2.365462e-01
5 52 2 4.000307e-01
6 52 2 5.505318e-01
7 52 2 7.061593e-01
8 52 2 6.605008e-01
9 52 2 5.331808e-01
10 52 2 3.045875e-01
11 52 2 1.833319e-01
12 52 2 1.413768e-01
1 53 2 1.679670e-02
2 53 2 2.107372e-02
3 53 2 3.570333e-02
4 53 2 7.792970e-02
5 53 2 1.484020e-01
6 53 2 2.216019e-01
7 53 2 3.076097e-01
8 53 2 2.621193e-01
9 53 2 1.774044e-01
10 53 2 7.824280e-02
11 53 2 3.489840e-02
12 53 2 2.210955e-02
1 54 2 1.710427e-02
2 54 2 2.218861e-02
3 54 2 4.149361e-02
4 54 2 1.031075e-01
5 54 2 2.030897e-01
6 54 2 3.922767e-01
7 54 2 5.572476e-01
8 54 2 4.672664e-01
9 54 2 2.833897e-01
10 54 2 1.205249e-01
11 54 2 5.166248e-02
12 54 2 2.849803e-02
1 55 2 3.652670e-03
2 55 2 4.073701e-03
3 55 2 7.599377e-03
4 55 2 1.779432e-02
5 55 2 3.531116e-02
6 55 2 7.541044e-02
7 55 2 1.048262e-01
8 55 2 9.040352e-02
9 55 2 5.732805e-02
10 55 2 2.748789e-02
11 55 2 1.286053e-02
12 55 2 7.363977e-03
1 56 2 1.274343e-03
2 56 2 1.322490e-03
3 56 2 2.290587e-03
4 56 2 5.107683e-03
5 56 2 1.116471e-02
6 56 2 2.200810e-02
7 56 2 3.042813e-02
8 56 2 2.525381e-02
9 56 2 1.650649e-02
10 56 2 8.504741e-03
11 56 2 3.834253e-03
12 56 2 2.198981e-03
1 60 2 4.769464e-02
2 60 2 4.618795e-02
3 60 2 5.296841e-02
4 60 2 6.281976e-02
5 60 2 7.745177e-02
6 60 2 1.019260e-01
7 60 2 1.186622e-01
8 60 2 1.187122e-01
9 60 2 1.007443e-01
10 60 2 8.224084e-02
11 60 2 6.577344e-02
12 60 2 5.451945e-02
1 61 2 3.677527e-01
2 61 2 3.699648e-01
3 61 2 5.203492e-01
4 61 2 7.837557e-01
5 61 2 1.143260e+00
6 61 2 1.610669e+00
7 61 2 1.906071e+00
8 61 2 1.833798e+00
9 61 2 1.424909e+00
10 61 2 9.692317e-01
11 61 2 6.322886e-01
12 61 2 4.434819e-01
1 62 2 2.047916e-03
2 62 2 2.242950e-03
3 62 2 3.530813e-03
4 62 2 6.391848e-03
5 62 2 1.096340e-02
6 62 2 1.555245e-02
7 62 2 1.901751e-02
8 62 2 1.775215e-02
9 62 2 1.237010e-02
10 62 2 7.376770e-03
11 62 2 4.005913e-03
12 62 2 2.606933e-03
1 63 2 3.949262e-03
2 63 2 4.794236e-03
3 63 2 8.022016e-03
4 63 2 1.687233e-02
5 63 2 3.238078e-02
6 63 2 4.813919e-02
7 63 2 6.155838e-02
8 63 2 5.356786e-02
9 63 2 3.271757e-02
10 63 2 1.786742e-02
11 63 2 8.253092e-03
12 63 2 5.402823e-03
1 64 2 9.444720e-04
2 64 2 1.209967e-03
3 64 2 2.304069e-03
4 64 2 5.457571e-03
5 64 2 1.168840e-02
6 64 2 1.872214e-02
7 64 2 2.373072e-02
8 64 2 1.855212e-02
9 64 2 1.062267e-02
10 64 2 4.696047e-03
11 64 2 2.145863e-03
12 64 2 1.468538e-03
1 65 2 3.194117e-04
2 65 2 3.960725e-04
3 65 2 8.677205e-04
4 65 2 2.447002e-03
5 65 2 5.130584e-03
6 65 2 8.719619e-03
7 65 2 1.130187e-02
8 65 2 8.435099e-03
9 65 2 4.784122e-03
10 65 2 1.697676e-03
11 65 2 7.473501e-04
12 65 2 5.416036e-04
1 66 2 2.114483e-04
2 66 2 2.614161e-04
3 66 2 6.214609e-04
4 66 2 2.038807e-03
5 66 2 4.239262e-03
6 66 2 7.289602e-03
7 66 2 1.005358e-02
8 66 2 7.600514e-03
9 66 2 4.299488e-03
10 66 2 1.424470e-03
11 66 2 5.458780e-04
12 66 2 3.385975e-04
1 67 2 7.137807e-05
2 67 2 9.517933e-05
3 67 2 2.420417e-04
4 67 2 8.941230e-04
5 67 2 2.028713e-03
6 67 2 3.459985e-03
7 67 2 4.837441e-03
8 67 2 3.722807e-03
9 67 2 2.036117e-03
10 67 2 7.487750e-04
11 67 2 2.367683e-04
12 67 2 1.065682e-04
1 68 2 1.716544e-05
2 68 2 2.304857e-05
3 68 2 6.845295e-05
4 68 2 3.146459e-04
5 68 2 8.574503e-04
6 68 2 1.643141e-03
7 68 2 2.355953e-03
8 68 2 1.752202e-03
9 68 2 8.408987e-04
10 68 2 3.089361e-04
11 68 2 7.044837e-05
12 68 2 2.451359e-05
1 69 2 1.038920e-05
2 69 2 1.472996e-05
3 69 2 3.522569e-05
4 69 2 1.544667e-04
5 69 2 4.953049e-04
6 69 2 1.172195e-03
7 69 2 1.717256e-03
8 69 2 1.321939e-03
9 69 2 5.678965e-04
10 69 2 1.846580e-04
11 69 2 3.578006e-05
12 69 2 1.345562e-05
1 70 2 4.319158e-05
2 70 2 5.048269e-05
3 70 2 7.234023e-05
4 70 2 1.887319e-04
5 70 2 4.732797e-04
6 70 2 1.149258e-03
7 70 2 1.860284e-03
8 70 2 1.695470e-03
9 70 2 8.754272e-04
10 70 2 3.120452e-04
11 70 2 9.490554e-05
12 70 2 5.342494e-05
1 71 2 3.712461e-05
2 71 2 3.767280e-05
3 71 2 4.262963e-05
4 71 2 6.840767e-05
5 71 2 1.324802e-04
6 71 2 2.763662e-04
7 71 2 4.241354e-04
8 71 2 4.216970e-04
9 71 2 2.705568e-04
10 71 2 1.288626e-04
11 71 2 6.156094e-05
12 71 2 4.275616e-05
1 72 2 1.560075e-07
2 72 2 1.490008e-07
3 72 2 1.614269e-07
4 72 2 2.058208e-07
5 72 2 3.202420e-07
6 72 2 5.572318e-07
7 72 2 8.630882e-07
8 72 2 8.300885e-07
9 72 2 5.807577e-07
10 72 2 3.521386e-07
11 72 2 2.169659e-07
12 72 2 1.549421e-07
1 76 2 4.694428e-01
2 76 2 4.294919e-01
3 76 2 4.338146e-01
4 76 2 4.718869e-01
5 76 2 6.415382e-01
6 76 2 9.147926e-01
7 76 2 1.226686e+00
8 76 2 1.309099e+00
9 76 2 1.247317e+00
10 76 2 8.329583e-01
11 76 2 5.377096e-01
12 76 2 4.702738e-01
1 77 2 4.460257e-01
2 77 2 5.791608e-01
3 77 2 7.586660e-01
4 77 2 1.226171e+00
5 77 2 2.058791e+00
6 77 2 3.178558e+00
7 77 2 4.318803e+00
8 77 2 4.099244e+00
9 77 2 3.036546e+00
10 77 2 1.534099e+00
11 77 2 6.731672e-01
12 77 2 4.242939e-01
1 78 2 5.227918e-01
2 78 2 7.143212e-01
3 78 2 9.947351e-01
4 78 2 1.784162e+00
5 78 2 2.789914e+00
6 78 2 4.429416e+00
7 78 2 5.467624e+00
8 78 2 5.119766e+00
9 78 2 3.319600e+00
10 78 2 1.760449e+00
11 78 2 9.506805e-01
12 78 2 5.488600e-01
1 79 2 1.550700e+00
2 79 2 1.902735e+00
3 79 2 2.793763e+00
4 79 2 4.633920e+00
5 79 2 7.040210e+00
6 79 2 1.150138e+01
7 79 2 1.409351e+01
8 79 2 1.335110e+01
9 79 2 9.219014e+00
10 79 2 5.565015e+00
11 79 2 3.170659e+00
12 79 2 1.942287e+00
1 80 2 8.057748e-01
2 80 2 8.073481e-01
3 80 2 1.014483e+00
4 80 2 1.371698e+00
5 80 2 2.045766e+00
6 80 2 3.112559e+00
7 80 2 4.007892e+00
8 80 2 3.967746e+00
9 80 2 3.293157e+00
10 80 2 2.308847e+00
11 80 2 1.346889e+00
12 80 2 9.955755e-01
1 84 2 1.062144e-02
2 84 2 1.122953e-02
3 84 2 1.388868e-02
4 84 2 1.755095e-02
5 84 2 2.353053e-02
6 84 2 3.855648e-02
7 84 2 5.163960e-02
8 84 2 4.948356e-02
9 84 2 3.712983e-02
10 84 2 2.343265e-02
11 84 2 1.574151e-02
12 84 2 1.202482e-02
1 85 2 5.419679e-02
2 85 2 6.102986e-02
3 85 2 7.934866e-02
4 85 2 1.152862e-01
5 85 2 1.845481e-01
6 85 2 2.819261e-01
7 85 2 3.900710e-01
8 85 2 3.710779e-01
9 85 2 2.672013e-01
10 85 2 1.473898e-01
11 85 2 8.312165e-02
12 85 2 6.031314e-02
1 87 2 7.235694e-04
2 87 2 9.789063e-04
3 87 2 1.397699e-03
4 87 2 2.209443e-03
5 87 2 3.876174e-03
6 87 2 5.826381e-03
7 87 2 7.898770e-03
8 87 2 8.048583e-03
9 87 2 5.835260e-03
10 87 2 3.285406e-03
11 87 2 1.443521e-03
12 87 2 8.774411e-04
1 88 2 2.163365e-04
2 88 2 3.072153e-04
3 88 2 4.817590e-04
4 88 2 9.140861e-04
5 88 2 1.875974e-03
6 88 2 2.948516e-03
7 88 2 3.775985e-03
8 88 2 3.311834e-03
9 88 2 2.140108e-03
10 88 2 1.011375e-03
11 88 2 5.185006e-04
12 88 2 2.880081e-04
1 89 2 5.972834e-04
2 89 2 8.310425e-04
3 89 2 1.577293e-03
4 89 2 2.966619e-03
5 89 2 5.920228e-03
6 89 2 8.844133e-03
7 89 2 1.031725e-02
8 89 2 9.035453e-03
9 89 2 5.896585e-03
10 89 2 2.806010e-03
11 89 2 1.544007e-03
12 89 2 8.546145e-04
1 90 2 9.384137e-05
2 90 2 1.236798e-04
3 90 2 2.454293e-04
4 90 2 4.404934e-04
5 90 2 6.763520e-04
6 90 2 8.952653e-04
7 90 2 1.005438e-03
8 90 2 9.303087e-04
9 90 2 6.779691e-04
10 90 2 4.043798e-04
11 90 2 2.229561e-04
12 90 2 1.269240e-04
1 93 2 5.472754e-05
2 93 2 6.603367e-05
3 93 2 1.357687e-04
4 93 2 3.164242e-04
5 93 2 5.644829e-04
6 93 2 8.957946e-04
7 93 2 1.201662e-03
8 93 2 1.181336e-03
9 93 2 7.945723e-04
10 93 2 4.575771e-04
11 93 2 1.959594e-04
12 93 2 8.162104e-05
1 94 2 7.990773e-06
2 94 2 7.950489e-06
3 94 2 1.061582e-05
4 94 2 1.881320e-05
5 94 2 3.211298e-05
6 94 2 5.056582e-05
7 94 2 6.985648e-05
8 94 2 7.612810e-05
9 94 2 6.270786e-05
10 94 2 3.785035e-05
11 94 2 2.031522e-05
12 94 2 1.109975e-05
1 98 2 5.940183e-02
2 98 2 5.529522e-02
3 98 2 5.206902e-02
4 98 2 5.543851e-02
5 98 2 6.291890e-02
6 98 2 7.199783e-02
7 98 2 8.098277e-02
8 98 2 8.535189e-02
9 98 2 8.422321e-02
10 98 2 7.961343e-02
11 98 2 7.161172e-02
12 98 2 6.516743e-02
1 102 2 2.814001e-01
2 102 2 3.180840e-01
3 102 2 3.909312e-01
4 102 2 4.889763e-01
5 102 2 5.658614e-01
6 102 2 6.177391e-01
7 102 2 6.351343e-01
8 102 2 6.431598e-01
9 102 2 5.796665e-01
10 102 2 4.465757e-01
11 102 2 3.584329e-01
12 102 2 2.937803e-01
1 103 2 4.782218e-01
2 103 2 4.880293e-01
3 103 2 5.318908e-01
4 103 2 6.010165e-01
5 103 2 6.999315e-01
6 103 2 8.009820e-01
7 103 2 8.665608e-01
8 103 2 9.094363e-01
9 103 2 8.919689e-01
10 103 2 7.795034e-01
11 103 2 6.412639e-01
12 103 2 5.331897e-01
