1 25 2 1.155854e-04
2 25 2 1.097479e-04
3 25 2 1.546166e-04
4 25 2 2.821410e-04
5 25 2 7.892947e-04
6 25 2 1.431285e-03
7 25 2 1.735137e-03
8 25 2 1.330544e-03
9 25 2 7.518276e-04
10 25 2 3.518280e-04
11 25 2 1.677557e-04
12 25 2 9.714679e-05
1 26 2 6.615768e-04
2 26 2 5.444839e-04
3 26 2 9.003487e-04
4 26 2 2.009652e-03
5 26 2 5.660881e-03
6 26 2 1.081212e-02
7 26 2 1.173112e-02
8 26 2 8.777263e-03
9 26 2 4.800701e-03
10 26 2 1.932470e-03
11 26 2 1.009636e-03
12 26 2 6.242070e-04
1 27 2 2.717027e-03
2 27 2 2.398891e-03
3 27 2 4.205243e-03
4 27 2 1.071024e-02
5 27 2 3.016083e-02
6 27 2 6.234611e-02
7 27 2 7.031585e-02
8 27 2 5.292489e-02
9 27 2 2.734971e-02
10 27 2 1.027048e-02
11 27 2 5.442986e-03
12 27 2 3.366861e-03
1 38 2 2.795436e-05
2 38 2 2.792930e-05
3 38 2 4.254660e-05
4 38 2 6.308235e-05
5 38 2 1.151720e-04
6 38 2 2.043640e-04
7 38 2 2.422655e-04
8 38 2 2.101146e-04
9 38 2 1.357180e-04
10 38 2 9.276313e-05
11 38 2 5.300668e-05
12 38 2 3.825166e-05
1 39 2 3.575913e-04
2 39 2 3.725382e-04
3 39 2 6.034349e-04
4 39 2 9.317537e-04
5 39 2 1.807911e-03
6 39 2 3.495147e-03
7 39 2 4.339995e-03
8 39 2 3.513737e-03
9 39 2 2.214751e-03
10 39 2 1.398589e-03
11 39 2 7.079355e-04
12 39 2 5.167417e-04
1 40 2 8.929479e-05
2 40 2 9.797186e-05
3 40 2 1.747314e-04
4 40 2 2.938247e-04
5 40 2 6.423156e-04
6 40 2 1.458339e-03
7 40 2 1.824608e-03
8 40 2 1.338486e-03
9 40 2 8.244940e-04
10 40 2 4.442451e-04
11 40 2 1.903018e-04
12 40 2 1.417689e-04
1 41 2 4.755882e-05
2 41 2 5.084275e-05
3 41 2 1.018872e-04
4 41 2 1.814683e-04
5 41 2 4.551491e-04
6 41 2 1.154988e-03
7 41 2 1.493330e-03
8 41 2 1.047415e-03
9 41 2 5.853440e-04
10 41 2 2.536935e-04
11 41 2 9.746224e-05
12 41 2 8.123352e-05
1 42 2 2.573372e-05
2 42 2 2.691799e-05
3 42 2 5.804827e-05
4 42 2 1.145114e-04
5 42 2 3.255365e-04
6 42 2 9.029408e-04
7 42 2 1.264011e-03
8 42 2 8.441267e-04
9 42 2 3.997382e-04
10 42 2 1.430620e-04
11 42 2 5.333625e-05
12 42 2 4.375463e-05
1 43 2 7.220676e-07
2 43 2 7.486909e-07
3 43 2 1.766522e-06
4 43 2 4.310367e-06
5 43 2 1.442759e-05
6 43 2 4.254921e-05
7 43 2 6.220105e-05
8 43 2 3.904550e-05
9 43 2 1.596643e-05
10 43 2 4.902101e-06
11 43 2 1.671722e-06
12 43 2 1.171388e-06
1 44 2 2.979888e-06
2 44 2 2.994117e-06
3 44 2 6.512664e-06
4 44 2 1.760683e-05
5 44 2 6.577856e-05
6 44 2 2.072900e-04
7 44 2 3.029658e-04
8 44 2 1.826865e-04
9 44 2 6.585573e-05
10 44 2 1.951172e-05
11 44 2 6.403802e-06
12 44 2 4.329689e-06
1 45 2 6.844180e-06
2 45 2 7.670325e-06
3 45 2 1.397666e-05
4 45 2 4.121829e-05
5 45 2 1.726142e-04
6 45 2 5.727518e-04
7 45 2 8.012723e-04
8 45 2 4.878938e-04
9 45 2 1.677757e-04
10 45 2 4.283663e-05
11 45 2 1.241650e-05
12 45 2 8.114809e-06
1 46 2 3.105922e-06
2 46 2 3.907326e-06
3 46 2 6.142021e-06
4 46 2 1.705577e-05
5 46 2 6.697730e-05
6 46 2 2.077561e-04
7 46 2 2.906361e-04
8 46 2 1.821159e-04
9 46 2 6.840794e-05
10 46 2 1.658127e-05
11 46 2 4.558846e-06
12 46 2 3.251095e-06
1 47 2 4.081662e-06
2 47 2 5.194477e-06
3 47 2 7.319830e-06
4 47 2 1.640028e-05
5 47 2 5.590035e-05
6 47 2 1.540054e-04
7 47 2 2.088642e-04
8 47 2 1.416249e-04
9 47 2 5.999661e-05
10 47 2 1.850526e-05
11 47 2 5.459535e-06
12 47 2 4.149972e-06
1 48 2 5.526105e-06
2 48 2 6.348047e-06
3 48 2 8.731383e-06
4 48 2 1.705055e-05
5 48 2 5.291112e-05
6 48 2 1.217047e-04
7 48 2 1.617342e-04
8 48 2 1.137893e-04
9 48 2 5.416828e-05
10 48 2 2.019585e-05
11 48 2 7.270253e-06
12 48 2 4.821190e-06
1 49 2 3.439293e-04
2 49 2 3.129453e-04
3 49 2 3.549717e-04
4 49 2 4.154630e-04
5 49 2 5.942006e-04
6 49 2 9.040417e-04
7 49 2 1.348229e-03
8 49 2 1.267820e-03
9 49 2 8.842902e-04
10 49 2 6.327947e-04
11 49 2 4.619914e-04
12 49 2 3.370219e-04
1 50 2 1.403748e-03
2 50 2 1.211714e-03
3 50 2 1.420316e-03
4 50 2 1.619013e-03
5 50 2 2.278648e-03
6 50 2 3.343885e-03
7 50 2 4.615053e-03
8 50 2 4.438125e-03
9 50 2 3.213606e-03
10 50 2 2.290794e-03
11 50 2 1.715073e-03
12 50 2 1.350433e-03
1 51 2 5.375864e-04
2 51 2 4.906318e-04
3 51 2 5.331256e-04
4 51 2 6.154033e-04
5 51 2 8.388103e-04
6 51 2 1.176365e-03
7 51 2 1.532975e-03
8 51 2 1.520246e-03
9 51 2 1.263101e-03
10 51 2 8.884332e-04
11 51 2 6.658481e-04
12 51 2 5.580010e-04
1 52 2 1.283673e-01
2 52 2 1.349251e-01
3 52 2 1.694966e-01
4 52 2 2.471029e-01
5 52 2 4.178835e-01
6 52 2 5.751013e-01
7 52 2 7.376742e-01
8 52 2 6.899780e-01
9 52 2 5.569758e-01
10 52 2 3.181808e-01
11 52 2 1.915137e-01
12 52 2 1.476863e-01
1 53 2 1.756589e-02
2 53 2 2.203878e-02
3 53 2 3.733834e-02
4 53 2 8.149844e-02
5 53 2 1.551979e-01
6 53 2 2.317500e-01
7 53 2 3.216965e-01
8 53 2 2.741229e-01
9 53 2 1.855285e-01
10 53 2 8.182588e-02
11 53 2 3.649655e-02
12 53 2 2.312205e-02
1 54 2 1.791572e-02
2 54 2 2.324127e-02
3 54 2 4.346212e-02
4 54 2 1.079991e-01
5 54 2 2.127245e-01
6 54 2 4.108868e-01
7 54 2 5.836842e-01
8 54 2 4.894342e-01
9 54 2 2.968341e-01
10 54 2 1.262428e-01
11 54 2 5.411342e-02
12 54 2 2.985002e-02
1 55 2 3.820963e-03
2 55 2 4.261393e-03
3 55 2 7.949511e-03
4 55 2 1.861418e-02
5 55 2 3.693809e-02
6 55 2 7.888491e-02
7 55 2 1.096560e-01
8 55 2 9.456878e-02
9 55 2 5.996939e-02
10 55 2 2.875437e-02
11 55 2 1.345307e-02
12 55 2 7.703265e-03
1 56 2 1.331639e-03
2 56 2 1.381951e-03
3 56 2 2.393575e-03
4 56 2 5.337331e-03
5 56 2 1.166669e-02
6 56 2 2.299762e-02
7 56 2 3.179622e-02
8 56 2 2.638925e-02
9 56 2 1.724864e-02
10 56 2 8.887125e-03
11 56 2 4.006646e-03
12 56 2 2.297850e-03
1 60 2 4.986940e-02
2 60 2 4.829401e-02
3 60 2 5.538364e-02
4 60 2 6.568419e-02
5 60 2 8.098338e-02
6 60 2 1.065736e-01
7 60 2 1.240730e-01
8 60 2 1.241251e-01
9 60 2 1.053380e-01
10 60 2 8.599082e-02
11 60 2 6.877255e-02
12 60 2 5.700540e-02
1 61 2 3.842445e-01
2 61 2 3.865558e-01
3 61 2 5.436841e-01
4 61 2 8.189030e-01
5 61 2 1.194530e+00
6 61 2 1.682899e+00
7 61 2 1.991548e+00
8 61 2 1.916034e+00
9 61 2 1.488809e+00
10 61 2 1.012697e+00
11 61 2 6.606434e-01
12 61 2 4.633698e-01
1 62 2 2.858246e-03
2 62 2 3.130453e-03
3 62 2 4.927904e-03
4 62 2 8.921010e-03
5 62 2 1.530145e-02
6 62 2 2.170634e-02
7 62 2 2.654246e-02
8 62 2 2.477642e-02
9 62 2 1.726477e-02
10 62 2 1.029565e-02
11 62 2 5.590994e-03
12 62 2 3.638459e-03
1 63 2 5.512163e-03
2 63 2 6.691531e-03
3 63 2 1.119669e-02
4 63 2 2.354947e-02
5 63 2 4.519531e-02
6 63 2 6.719003e-02
7 63 2 8.591980e-02
8 63 2 7.476707e-02
9 63 2 4.566538e-02
10 63 2 2.493836e-02
11 63 2 1.151921e-02
12 63 2 7.540963e-03
1 64 2 1.318251e-03
2 64 2 1.688817e-03
3 64 2 3.215916e-03
4 64 2 7.617431e-03
5 64 2 1.631414e-02
6 64 2 2.613151e-02
7 64 2 3.312226e-02
8 64 2 2.589421e-02
9 64 2 1.482664e-02
10 64 2 6.554531e-03
11 64 2 2.995098e-03
12 64 2 2.049719e-03
1 65 2 4.460265e-04
2 65 2 5.530757e-04
3 65 2 1.211685e-03
4 65 2 3.416994e-03
5 65 2 7.164348e-03
6 65 2 1.217608e-02
7 65 2 1.578193e-02
8 65 2 1.177877e-02
9 65 2 6.680548e-03
10 65 2 2.370634e-03
11 65 2 1.043600e-03
12 65 2 7.562953e-04
1 66 2 2.951583e-04
2 66 2 3.649077e-04
3 66 2 8.674901e-04
4 66 2 2.845947e-03
5 66 2 5.917537e-03
6 66 2 1.017547e-02
7 66 2 1.403367e-02
8 66 2 1.060947e-02
9 66 2 6.001606e-03
10 66 2 1.988401e-03
11 66 2 7.619849e-04
12 66 2 4.726444e-04
1 67 2 9.964164e-05
2 67 2 1.328675e-04
3 67 2 3.378829e-04
4 67 2 1.248169e-03
5 67 2 2.832023e-03
6 67 2 4.830036e-03
7 67 2 6.752922e-03
8 67 2 5.196927e-03
9 67 2 2.842358e-03
10 67 2 1.045267e-03
11 67 2 3.305214e-04
12 67 2 1.487660e-04
1 68 2 2.396429e-05
2 68 2 3.217759e-05
3 68 2 9.556564e-05
4 68 2 4.392701e-04
5 68 2 1.197067e-03
6 68 2 2.293952e-03
7 68 2 3.289093e-03
8 68 2 2.446210e-03
9 68 2 1.173960e-03
10 68 2 4.312988e-04
11 68 2 9.835140e-05
12 68 2 3.422287e-05
1 69 2 1.450252e-05
2 69 2 2.056188e-05
3 69 2 4.917234e-05
4 69 2 2.156236e-04
5 69 2 6.914074e-04
6 69 2 1.636293e-03
7 69 2 2.397156e-03
8 69 2 1.845325e-03
9 69 2 7.927397e-04
10 69 2 2.577683e-04
11 69 2 4.994620e-05
12 69 2 1.878301e-05
1 70 2 6.029679e-05
2 70 2 7.047541e-05
3 70 2 1.009892e-04
4 70 2 2.634757e-04
5 70 2 6.607132e-04
6 70 2 1.604400e-03
7 70 2 2.597014e-03
8 70 2 2.366929e-03
9 70 2 1.222124e-03
10 70 2 4.356249e-04
11 70 2 1.324911e-04
12 70 2 7.458289e-05
1 71 2 5.177257e-05
2 71 2 5.253704e-05
3 71 2 5.944966e-05
4 71 2 9.539873e-05
5 71 2 1.847519e-04
6 71 2 3.854098e-04
7 71 2 5.914831e-04
8 71 2 5.880825e-04
9 71 2 3.773082e-04
10 71 2 1.797069e-04
11 71 2 8.585053e-05
12 71 2 5.962610e-05
1 72 2 2.171333e-07
2 72 2 2.073812e-07
3 72 2 2.246760e-07
4 72 2 2.864641e-07
5 72 2 4.457170e-07
6 72 2 7.755624e-07
7 72 2 1.201257e-06
8 72 2 1.155328e-06
9 72 2 8.083060e-07
10 72 2 4.901110e-07
11 72 2 3.019759e-07
12 72 2 2.156505e-07
1 76 2 4.906950e-01
2 76 2 4.489355e-01
3 76 2 4.534539e-01
4 76 2 4.932498e-01
5 76 2 6.705814e-01
6 76 2 9.562064e-01
7 76 2 1.282220e+00
8 76 2 1.368363e+00
9 76 2 1.303784e+00
10 76 2 8.706674e-01
11 76 2 5.620524e-01
12 76 2 4.915636e-01
1 77 2 4.663604e-01
2 77 2 6.055652e-01
3 77 2 7.932542e-01
4 77 2 1.282073e+00
5 77 2 2.152653e+00
6 77 2 3.323471e+00
7 77 2 4.515700e+00
8 77 2 4.286132e+00
9 77 2 3.174985e+00
10 77 2 1.604040e+00
11 77 2 7.038574e-01
12 77 2 4.436378e-01
1 78 2 5.466927e-01
2 78 2 7.469785e-01
3 78 2 1.040212e+00
4 78 2 1.865730e+00
5 78 2 2.917463e+00
6 78 2 4.631920e+00
7 78 2 5.717592e+00
8 78 2 5.353831e+00
9 78 2 3.471366e+00
10 78 2 1.840933e+00
11 78 2 9.941436e-01
12 78 2 5.739528e-01
1 79 2 1.621197e+00
2 79 2 1.989236e+00
3 79 2 2.920772e+00
4 79 2 4.844585e+00
5 79 2 7.360269e+00
6 79 2 1.202425e+01
7 79 2 1.473422e+01
8 79 2 1.395806e+01
9 79 2 9.638124e+00
10 79 2 5.818009e+00
11 79 2 3.314802e+00
12 79 2 2.030586e+00
1 80 2 8.420558e-01
2 80 2 8.437000e-01
3 80 2 1.060162e+00
4 80 2 1.433460e+00
5 80 2 2.137879e+00
6 80 2 3.252706e+00
7 80 2 4.188352e+00
8 80 2 4.146399e+00
9 80 2 3.441436e+00
10 80 2 2.412806e+00
11 80 2 1.407535e+00
12 80 2 1.040403e+00
1 84 2 1.109774e-02
2 84 2 1.173311e-02
3 84 2 1.451150e-02
4 84 2 1.833801e-02
5 84 2 2.458573e-02
6 84 2 4.028550e-02
7 84 2 5.395532e-02
8 84 2 5.170260e-02
9 84 2 3.879487e-02
10 84 2 2.448346e-02
11 84 2 1.644742e-02
12 84 2 1.256405e-02
1 85 2 5.662482e-02
2 85 2 6.376402e-02
3 85 2 8.290351e-02
4 85 2 1.204511e-01
5 85 2 1.928159e-01
6 85 2 2.945565e-01
7 85 2 4.075463e-01
8 85 2 3.877024e-01
9 85 2 2.791720e-01
10 85 2 1.539929e-01
11 85 2 8.684553e-02
12 85 2 6.301519e-02
1 87 2 1.010149e-03
2 87 2 1.366615e-03
3 87 2 1.951276e-03
4 87 2 3.084523e-03
5 87 2 5.411385e-03
6 87 2 8.133998e-03
7 87 2 1.102719e-02
8 87 2 1.123633e-02
9 87 2 8.146393e-03
10 87 2 4.586636e-03
11 87 2 2.015247e-03
12 87 2 1.224964e-03
1 88 2 3.019815e-04
2 88 2 4.288380e-04
3 88 2 6.724813e-04
4 88 2 1.275961e-03
5 88 2 2.618648e-03
6 88 2 4.115797e-03
7 88 2 5.270850e-03
8 88 2 4.622947e-03
9 88 2 2.987350e-03
10 88 2 1.411766e-03
11 88 2 7.237685e-04
12 88 2 4.020269e-04
1 89 2 8.336980e-04
2 89 2 1.159983e-03
3 89 2 2.201611e-03
4 89 2 4.140855e-03
5 89 2 8.263552e-03
6 89 2 1.234479e-02
7 89 2 1.440099e-02
8 89 2 1.261183e-02
9 89 2 8.230551e-03
10 89 2 3.916675e-03
11 89 2 2.155151e-03
12 89 2 1.192885e-03
1 90 2 1.310284e-04
2 90 2 1.726910e-04
3 90 2 3.426868e-04
4 90 2 6.150500e-04
5 90 2 9.443734e-04
6 90 2 1.250037e-03
7 90 2 1.403868e-03
8 90 2 1.298967e-03
9 90 2 9.466313e-04
10 90 2 5.646253e-04
11 90 2 3.113081e-04
12 90 2 1.772208e-04
1 93 2 7.644075e-05
2 93 2 9.223259e-05
3 93 2 1.896351e-04
4 93 2 4.419658e-04
5 93 2 7.884420e-04
6 93 2 1.251202e-03
7 93 2 1.678422e-03
8 93 2 1.650032e-03
9 93 2 1.109820e-03
10 93 2 6.391213e-04
11 93 2 2.737065e-04
12 93 2 1.140043e-04
1 94 2 1.115664e-05
2 94 2 1.110040e-05
3 94 2 1.482171e-05
4 94 2 2.626680e-05
5 94 2 4.483583e-05
6 94 2 7.059951e-05
7 94 2 9.753294e-05
8 94 2 1.062893e-04
9 94 2 8.755211e-05
10 94 2 5.284630e-05
11 94 2 2.836392e-05
12 94 2 1.549736e-05
1 98 2 6.213247e-02
2 98 2 5.783708e-02
3 98 2 5.446257e-02
4 98 2 5.798695e-02
5 98 2 6.581121e-02
6 98 2 7.530749e-02
7 98 2 8.470546e-02
8 98 2 8.927542e-02
9 98 2 8.809486e-02
10 98 2 8.327317e-02
11 98 2 7.490363e-02
12 98 2 6.816310e-02
1 102 2 2.942012e-01
2 102 2 3.325538e-01
3 102 2 4.087149e-01
4 102 2 5.112201e-01
5 102 2 5.916027e-01
6 102 2 6.458404e-01
7 102 2 6.640269e-01
8 102 2 6.724175e-01
9 102 2 6.060359e-01
10 102 2 4.668907e-01
11 102 2 3.747382e-01
12 102 2 3.071446e-01
1 103 2 4.995962e-01
2 103 2 5.098421e-01
3 103 2 5.556640e-01
4 103 2 6.278793e-01
5 103 2 7.312154e-01
6 103 2 8.367824e-01
7 103 2 9.052922e-01
8 103 2 9.500841e-01
9 103 2 9.318360e-01
10 103 2 8.143437e-01
11 103 2 6.699256e-01
12 103 2 5.570210e-01
