1 25 2 1.253044e-04
2 25 2 1.189761e-04
3 25 2 1.676176e-04
4 25 2 3.058649e-04
5 25 2 8.556628e-04
6 25 2 1.551635e-03
7 25 2 1.881037e-03
8 25 2 1.442423e-03
9 25 2 8.150452e-04
10 25 2 3.814116e-04
11 25 2 1.818615e-04
12 25 2 1.053154e-04
1 26 2 7.118286e-04
2 26 2 5.858417e-04
3 26 2 9.687371e-04
4 26 2 2.162301e-03
5 26 2 6.090868e-03
6 26 2 1.163339e-02
7 26 2 1.262219e-02
8 26 2 9.443963e-03
9 26 2 5.165351e-03
10 26 2 2.079256e-03
11 26 2 1.086326e-03
12 26 2 6.716204e-04
1 27 2 2.920753e-03
2 27 2 2.578763e-03
3 27 2 4.520558e-03
4 27 2 1.151331e-02
5 27 2 3.242233e-02
6 27 2 6.702090e-02
7 27 2 7.558823e-02
8 27 2 5.689327e-02
9 27 2 2.940043e-02
10 27 2 1.104057e-02
11 27 2 5.851109e-03
12 27 2 3.619313e-03
1 38 2 4.102910e-05
2 38 2 4.099231e-05
3 38 2 6.244637e-05
4 38 2 9.258704e-05
5 38 2 1.690399e-04
6 38 2 2.999485e-04
7 38 2 3.555772e-04
8 38 2 3.083888e-04
9 38 2 1.991956e-04
10 38 2 1.361500e-04
11 38 2 7.779880e-05
12 38 2 5.614262e-05
1 39 2 5.253402e-04
2 39 2 5.472988e-04
3 39 2 8.865110e-04
4 39 2 1.368847e-03
5 39 2 2.656016e-03
6 39 2 5.134748e-03
7 39 2 6.375921e-03
8 39 2 5.162058e-03
9 39 2 3.253708e-03
10 39 2 2.054678e-03
11 39 2 1.040034e-03
12 39 2 7.591492e-04
1 40 2 1.312421e-04
2 40 2 1.439953e-04
3 40 2 2.568136e-04
4 40 2 4.318524e-04
5 40 2 9.440511e-04
6 40 2 2.143412e-03
7 40 2 2.681739e-03
8 40 2 1.967256e-03
9 40 2 1.211810e-03
10 40 2 6.529346e-04
11 40 2 2.796983e-04
12 40 2 2.083665e-04
1 41 2 6.985184e-05
2 41 2 7.467510e-05
3 41 2 1.496464e-04
4 41 2 2.665309e-04
5 41 2 6.684985e-04
6 41 2 1.696384e-03
7 41 2 2.193323e-03
8 41 2 1.538387e-03
9 41 2 8.597218e-04
10 41 2 3.726114e-04
11 41 2 1.431473e-04
12 41 2 1.193114e-04
1 42 2 3.780261e-05
2 42 2 3.954228e-05
3 42 2 8.527239e-05
4 42 2 1.682162e-04
5 42 2 4.782103e-04
6 42 2 1.326412e-03
7 42 2 1.856821e-03
8 42 2 1.240015e-03
9 42 2 5.872118e-04
10 42 2 2.101568e-04
11 42 2 7.835047e-05
12 42 2 6.427516e-05
1 43 2 1.060319e-06
2 43 2 1.099414e-06
3 43 2 2.594046e-06
4 43 2 6.329550e-06
5 43 2 2.118617e-05
6 43 2 6.248131e-05
7 43 2 9.133902e-05
8 43 2 5.733629e-05
9 43 2 2.344588e-05
10 43 2 7.198481e-06
11 43 2 2.454837e-06
12 43 2 1.720123e-06
1 44 2 4.378109e-06
2 44 2 4.399014e-06
3 44 2 9.568531e-06
4 44 2 2.586829e-05
5 44 2 9.664312e-05
6 44 2 3.045545e-04
7 44 2 4.451232e-04
8 44 2 2.684065e-04
9 44 2 9.675651e-05
10 44 2 2.866699e-05
11 44 2 9.408589e-06
12 44 2 6.361263e-06
1 45 2 1.005427e-05
2 45 2 1.126790e-05
3 45 2 2.053207e-05
4 45 2 6.055071e-05
5 45 2 2.535746e-04
6 45 2 8.413868e-04
7 45 2 1.177089e-03
8 45 2 7.167283e-04
9 45 2 2.464667e-04
10 45 2 6.292810e-05
11 45 2 1.824015e-05
12 45 2 1.192086e-05
1 46 2 4.563737e-06
2 46 2 5.741293e-06
3 46 2 9.024877e-06
4 46 2 2.506117e-05
5 46 2 9.841418e-05
6 46 2 3.052698e-04
7 46 2 4.270509e-04
8 46 2 2.675950e-04
9 46 2 1.005163e-04
10 46 2 2.436396e-05
11 46 2 6.698614e-06
12 46 2 4.777048e-06
1 47 2 5.995466e-06
2 47 2 7.630055e-06
3 47 2 1.075194e-05
4 47 2 2.409002e-05
5 47 2 8.211082e-05
6 47 2 2.262152e-04
7 47 2 3.067961e-04
8 47 2 2.080297e-04
9 47 2 8.812774e-05
10 47 2 2.718197e-05
11 47 2 8.019393e-06
12 47 2 6.095805e-06
1 48 2 8.120887e-06
2 48 2 9.328771e-06
3 48 2 1.283120e-05
4 48 2 2.505663e-05
5 48 2 7.775553e-05
6 48 2 1.788510e-04
7 48 2 2.376764e-04
8 48 2 1.672190e-04
9 48 2 7.960298e-05
10 48 2 2.967881e-05
11 48 2 1.068400e-05
12 48 2 7.084978e-06
1 49 2 3.697245e-04
2 49 2 3.364167e-04
3 49 2 3.815952e-04
4 49 2 4.466234e-04
5 49 2 6.387667e-04
6 49 2 9.718464e-04
7 49 2 1.449349e-03
8 49 2 1.362909e-03
9 49 2 9.506134e-04
10 49 2 6.802553e-04
11 49 2 4.966415e-04
12 49 2 3.622991e-04
1 50 2 1.508448e-03
2 50 2 1.302091e-03
3 50 2 1.526252e-03
4 50 2 1.739769e-03
5 50 2 2.448603e-03
6 50 2 3.593291e-03
7 50 2 4.959271e-03
8 50 2 4.769147e-03
9 50 2 3.453296e-03
10 50 2 2.461654e-03
11 50 2 1.842993e-03
12 50 2 1.451156e-03
1 51 2 5.763640e-04
2 51 2 5.260225e-04
3 51 2 5.715815e-04
4 51 2 6.597942e-04
5 51 2 8.993161e-04
6 51 2 1.261219e-03
7 51 2 1.643553e-03
8 51 2 1.629906e-03
9 51 2 1.354213e-03
10 51 2 9.525185e-04
11 51 2 7.138776e-04
12 51 2 5.982513e-04
1 52 2 1.379775e-01
2 52 2 1.450262e-01
3 52 2 1.821858e-01
4 52 2 2.656021e-01
5 52 2 4.491681e-01
6 52 2 6.181559e-01
7 52 2 7.928998e-01
8 52 2 7.416328e-01
9 52 2 5.986735e-01
10 52 2 3.420013e-01
11 52 2 2.058513e-01
12 52 2 1.587427e-01
1 53 2 1.888607e-02
2 53 2 2.369511e-02
3 53 2 4.014452e-02
4 53 2 8.762349e-02
5 53 2 1.668619e-01
6 53 2 2.491673e-01
7 53 2 3.458738e-01
8 53 2 2.947247e-01
9 53 2 1.994720e-01
10 53 2 8.797554e-02
11 53 2 3.923946e-02
12 53 2 2.485979e-02
1 54 2 1.924050e-02
2 54 2 2.495985e-02
3 54 2 4.667593e-02
4 54 2 1.159851e-01
5 54 2 2.284545e-01
6 54 2 4.412699e-01
7 54 2 6.268448e-01
8 54 2 5.256254e-01
9 54 2 3.187835e-01
10 54 2 1.355778e-01
11 54 2 5.811484e-02
12 54 2 3.205728e-02
1 55 2 4.103260e-03
2 55 2 4.576229e-03
3 55 2 8.536830e-03
4 55 2 1.998942e-02
5 55 2 3.966711e-02
6 55 2 8.471301e-02
7 55 2 1.177575e-01
8 55 2 1.015556e-01
9 55 2 6.440000e-02
10 55 2 3.087877e-02
11 55 2 1.444700e-02
12 55 2 8.272391e-03
1 56 2 1.432612e-03
2 56 2 1.486738e-03
3 56 2 2.575070e-03
4 56 2 5.742039e-03
5 56 2 1.255133e-02
6 56 2 2.474143e-02
7 56 2 3.420719e-02
8 56 2 2.839024e-02
9 56 2 1.855653e-02
10 56 2 9.560999e-03
11 56 2 4.310453e-03
12 56 2 2.472086e-03
1 60 2 5.356131e-02
2 60 2 5.186929e-02
3 60 2 5.948378e-02
4 60 2 7.054689e-02
5 60 2 8.697870e-02
6 60 2 1.144634e-01
7 60 2 1.332583e-01
8 60 2 1.333143e-01
9 60 2 1.131364e-01
10 60 2 9.235685e-02
11 60 2 7.386389e-02
12 60 2 6.122560e-02
1 61 2 4.130636e-01
2 61 2 4.155482e-01
3 61 2 5.844615e-01
4 61 2 8.803223e-01
5 61 2 1.284122e+00
6 61 2 1.809119e+00
7 61 2 2.140918e+00
8 61 2 2.059740e+00
9 61 2 1.600472e+00
10 61 2 1.088651e+00
11 61 2 7.101930e-01
12 61 2 4.981234e-01
1 62 2 4.198163e-03
2 62 2 4.597976e-03
3 62 2 7.238055e-03
4 62 2 1.310309e-02
5 62 2 2.247462e-02
6 62 2 3.188204e-02
7 62 2 3.898529e-02
8 62 2 3.639136e-02
9 62 2 2.535831e-02
10 62 2 1.512215e-02
11 62 2 8.211994e-03
12 62 2 5.344131e-03
1 63 2 8.093209e-03
2 63 2 9.824810e-03
3 63 2 1.643949e-02
4 63 2 3.457640e-02
5 63 2 6.635781e-02
6 63 2 9.865145e-02
7 63 2 1.261514e-01
8 63 2 1.097764e-01
9 63 2 6.704799e-02
10 63 2 3.661563e-02
11 63 2 1.691303e-02
12 63 2 1.107198e-02
1 64 2 1.936249e-03
2 64 2 2.480537e-03
3 64 2 4.723540e-03
4 64 2 1.118849e-02
5 64 2 2.396222e-02
6 64 2 3.838199e-02
7 64 2 4.865001e-02
8 64 2 3.803344e-02
9 64 2 2.177738e-02
10 64 2 9.627301e-03
11 64 2 4.399203e-03
12 64 2 3.010629e-03
1 65 2 6.549064e-04
2 65 2 8.120881e-04
3 65 2 1.779132e-03
4 65 2 5.017216e-03
5 65 2 1.051950e-02
6 65 2 1.787829e-02
7 65 2 2.317280e-02
8 65 2 1.729492e-02
9 65 2 9.809135e-03
10 65 2 3.480833e-03
11 65 2 1.532331e-03
12 65 2 1.110478e-03
1 66 2 4.335661e-04
2 66 2 5.360229e-04
3 66 2 1.274280e-03
4 66 2 4.180489e-03
5 66 2 8.692432e-03
6 66 2 1.494703e-02
7 66 2 2.061444e-02
8 66 2 1.558454e-02
9 66 2 8.815922e-03
10 66 2 2.920816e-03
11 66 2 1.119300e-03
12 66 2 6.942802e-04
1 67 2 1.463714e-04
2 67 2 1.951795e-04
3 67 2 4.963428e-04
4 67 2 1.833533e-03
5 67 2 4.160181e-03
6 67 2 7.095219e-03
7 67 2 9.919899e-03
8 67 2 7.634175e-03
9 67 2 4.175363e-03
10 67 2 1.535475e-03
11 67 2 4.855290e-04
12 67 2 2.185340e-04
1 68 2 3.520703e-05
2 68 2 4.727357e-05
3 68 2 1.403999e-04
4 68 2 6.453518e-04
5 68 2 1.758666e-03
6 68 2 3.370150e-03
7 68 2 4.832157e-03
8 68 2 3.593839e-03
9 68 2 1.724718e-03
10 68 2 6.336408e-04
11 68 2 1.444925e-04
12 68 2 5.027839e-05
1 69 2 2.130731e-05
2 69 2 3.020981e-05
3 69 2 7.224471e-05
4 69 2 3.167974e-04
5 69 2 1.015826e-03
6 69 2 2.404066e-03
7 69 2 3.521937e-03
8 69 2 2.711179e-03
9 69 2 1.164705e-03
10 69 2 3.787170e-04
11 69 2 7.338169e-05
12 69 2 2.759627e-05
1 70 2 8.855720e-05
2 70 2 1.035064e-04
3 70 2 1.483217e-04
4 70 2 3.869637e-04
5 70 2 9.703819e-04
6 70 2 2.356364e-03
7 70 2 3.814205e-03
8 70 2 3.476282e-03
9 70 2 1.794919e-03
10 70 2 6.397972e-04
11 70 2 1.945881e-04
12 70 2 1.095390e-04
1 71 2 7.611047e-05
2 71 2 7.723432e-05
3 71 2 8.739651e-05
4 71 2 1.402450e-04
5 71 2 2.716024e-04
6 71 2 5.665881e-04
7 71 2 8.695350e-04
8 71 2 8.645358e-04
9 71 2 5.546780e-04
10 71 2 2.641857e-04
11 71 2 1.262082e-04
12 71 2 8.765590e-05
1 72 2 3.193136e-07
2 72 2 3.049723e-07
3 72 2 3.304059e-07
4 72 2 4.212707e-07
5 72 2 6.554661e-07
6 72 2 1.140533e-06
7 72 2 1.766555e-06
8 72 2 1.699011e-06
9 72 2 1.188685e-06
10 72 2 7.207514e-07
11 72 2 4.440822e-07
12 72 2 3.171330e-07
1 76 2 5.274478e-01
2 76 2 4.825605e-01
3 76 2 4.874173e-01
4 76 2 5.301938e-01
5 76 2 7.208075e-01
6 76 2 1.027826e+00
7 76 2 1.378257e+00
8 76 2 1.470853e+00
9 76 2 1.401437e+00
10 76 2 9.358798e-01
11 76 2 6.041497e-01
12 76 2 5.283814e-01
1 77 2 5.012127e-01
2 77 2 6.508207e-01
3 77 2 8.525361e-01
4 77 2 1.377886e+00
5 77 2 2.313526e+00
6 77 2 3.571843e+00
7 77 2 4.853170e+00
8 77 2 4.606446e+00
9 77 2 3.412259e+00
10 77 2 1.723914e+00
11 77 2 7.564585e-01
12 77 2 4.767920e-01
1 78 2 5.876658e-01
2 78 2 8.029624e-01
3 78 2 1.118173e+00
4 78 2 2.005561e+00
5 78 2 3.136119e+00
6 78 2 4.979069e+00
7 78 2 6.146109e+00
8 78 2 5.755085e+00
9 78 2 3.731535e+00
10 78 2 1.978906e+00
11 78 2 1.068652e+00
12 78 2 6.169688e-01
1 79 2 1.743153e+00
2 79 2 2.138878e+00
3 79 2 3.140489e+00
4 79 2 5.209023e+00
5 79 2 7.913951e+00
6 79 2 1.292879e+01
7 79 2 1.584261e+01
8 79 2 1.500807e+01
9 79 2 1.036316e+01
10 79 2 6.255674e+00
11 79 2 3.564160e+00
12 79 2 2.183339e+00
1 80 2 9.066965e-01
2 80 2 9.084668e-01
3 80 2 1.141545e+00
4 80 2 1.543500e+00
5 80 2 2.301994e+00
6 80 2 3.502401e+00
7 80 2 4.509872e+00
8 80 2 4.464699e+00
9 80 2 3.705618e+00
10 80 2 2.598025e+00
11 80 2 1.515585e+00
12 80 2 1.120269e+00
1 84 2 1.192433e-02
2 84 2 1.260702e-02
3 84 2 1.559235e-02
4 84 2 1.970386e-02
5 84 2 2.641693e-02
6 84 2 4.328606e-02
7 84 2 5.797403e-02
8 84 2 5.555352e-02
9 84 2 4.168440e-02
10 84 2 2.630704e-02
11 84 2 1.767246e-02
12 84 2 1.349985e-02
1 85 2 6.084397e-02
2 85 2 6.851511e-02
3 85 2 8.908069e-02
4 85 2 1.294259e-01
5 85 2 2.071827e-01
6 85 2 3.165041e-01
7 85 2 4.379128e-01
8 85 2 4.165902e-01
9 85 2 2.999733e-01
10 85 2 1.654670e-01
11 85 2 9.331643e-02
12 85 2 6.771048e-02
1 87 2 1.483083e-03
2 87 2 2.006440e-03
3 87 2 2.864829e-03
4 87 2 4.528642e-03
5 87 2 7.944900e-03
6 87 2 1.194219e-02
7 87 2 1.618992e-02
8 87 2 1.649698e-02
9 87 2 1.196039e-02
10 87 2 6.734017e-03
11 87 2 2.958749e-03
12 87 2 1.798470e-03
1 88 2 4.436521e-04
2 88 2 6.300217e-04
3 88 2 9.879670e-04
4 88 2 1.874562e-03
5 88 2 3.847153e-03
6 88 2 6.046668e-03
7 88 2 7.743599e-03
8 88 2 6.791742e-03
9 88 2 4.388825e-03
10 88 2 2.074077e-03
11 88 2 1.063315e-03
12 88 2 5.906325e-04
1 89 2 1.224977e-03
2 89 2 1.704396e-03
3 89 2 3.234891e-03
4 89 2 6.084278e-03
5 89 2 1.214188e-02
6 89 2 1.813855e-02
7 89 2 2.115979e-02
8 89 2 1.853093e-02
9 89 2 1.209339e-02
10 89 2 5.754885e-03
11 89 2 3.166626e-03
12 89 2 1.752741e-03
1 90 2 1.924597e-04
2 90 2 2.536555e-04
3 90 2 5.033521e-04
4 90 2 9.034099e-04
5 90 2 1.387133e-03
6 90 2 1.836103e-03
7 90 2 2.062057e-03
8 90 2 1.907974e-03
9 90 2 1.390450e-03
10 90 2 8.293442e-04
11 90 2 4.572617e-04
12 90 2 2.603090e-04
1 93 2 1.119783e-04
2 93 2 1.351118e-04
3 93 2 2.777971e-04
4 93 2 6.474371e-04
5 93 2 1.154991e-03
6 93 2 1.832890e-03
7 93 2 2.458726e-03
8 93 2 2.417137e-03
9 93 2 1.625778e-03
10 93 2 9.362509e-04
11 93 2 4.009536e-04
12 93 2 1.670052e-04
1 94 2 1.633496e-05
2 94 2 1.625261e-05
3 94 2 2.170116e-05
4 94 2 3.845846e-05
5 94 2 6.564625e-05
6 94 2 1.033681e-04
7 94 2 1.428026e-04
8 94 2 1.556232e-04
9 94 2 1.281892e-04
10 94 2 7.737474e-05
11 94 2 4.152894e-05
12 94 2 2.269042e-05
1 98 2 6.680085e-02
2 98 2 6.218272e-02
3 98 2 5.855467e-02
4 98 2 6.234386e-02
5 98 2 7.075600e-02
6 98 2 8.096579e-02
7 98 2 9.106988e-02
8 98 2 9.598321e-02
9 98 2 9.471395e-02
10 98 2 8.952997e-02
11 98 2 8.053158e-02
12 98 2 7.328459e-02
1 102 2 3.161129e-01
2 102 2 3.573220e-01
3 102 2 4.391554e-01
4 102 2 5.492951e-01
5 102 2 6.356645e-01
6 102 2 6.939417e-01
7 102 2 7.134827e-01
8 102 2 7.224983e-01
9 102 2 6.511726e-01
10 102 2 5.016640e-01
11 102 2 4.026482e-01
12 102 2 3.300203e-01
1 103 2 5.369775e-01
2 103 2 5.479900e-01
3 103 2 5.972404e-01
4 103 2 6.748590e-01
5 103 2 7.859270e-01
6 103 2 8.993929e-01
7 103 2 9.730288e-01
8 103 2 1.021172e+00
9 103 2 1.001559e+00
10 103 2 8.752753e-01
11 103 2 7.200513e-01
12 103 2 5.986989e-01
