1 25 2 1.295293e-04
2 25 2 1.229876e-04
3 25 2 1.732692e-04
4 25 2 3.161778e-04
5 25 2 8.845131e-04
6 25 2 1.603952e-03
7 25 2 1.944459e-03
8 25 2 1.491057e-03
9 25 2 8.425260e-04
10 25 2 3.942716e-04
11 25 2 1.879933e-04
12 25 2 1.088663e-04
1 26 2 7.325403e-04
2 26 2 6.028876e-04
3 26 2 9.969240e-04
4 26 2 2.225216e-03
5 26 2 6.268091e-03
6 26 2 1.197188e-02
7 26 2 1.298945e-02
8 26 2 9.718749e-03
9 26 2 5.315645e-03
10 26 2 2.139755e-03
11 26 2 1.117934e-03
12 26 2 6.911621e-04
1 27 2 3.005986e-03
2 27 2 2.654016e-03
3 27 2 4.652476e-03
4 27 2 1.184929e-02
5 27 2 3.336847e-02
6 27 2 6.897669e-02
7 27 2 7.779403e-02
8 27 2 5.855352e-02
9 27 2 3.025839e-02
10 27 2 1.136276e-02
11 27 2 6.021855e-03
12 27 2 3.724931e-03
1 38 2 4.638495e-05
2 38 2 4.634336e-05
3 38 2 7.059799e-05
4 38 2 1.046732e-04
5 38 2 1.911061e-04
6 38 2 3.391031e-04
7 38 2 4.019935e-04
8 38 2 3.486452e-04
9 38 2 2.251982e-04
10 38 2 1.539228e-04
11 38 2 8.795450e-05
12 38 2 6.347136e-05
1 39 2 5.952040e-04
2 39 2 6.200828e-04
3 39 2 1.004406e-03
4 39 2 1.550887e-03
5 39 2 3.009234e-03
6 39 2 5.817607e-03
7 39 2 7.223841e-03
8 39 2 5.848549e-03
9 39 2 3.686412e-03
10 39 2 2.327925e-03
11 39 2 1.178345e-03
12 39 2 8.601068e-04
1 40 2 1.486927e-04
2 40 2 1.631416e-04
3 40 2 2.909607e-04
4 40 2 4.892736e-04
5 40 2 1.069577e-03
6 40 2 2.428410e-03
7 40 2 3.038316e-03
8 40 2 2.228832e-03
9 40 2 1.372938e-03
10 40 2 7.397519e-04
11 40 2 3.168883e-04
12 40 2 2.360719e-04
1 41 2 7.919550e-05
2 41 2 8.466395e-05
3 41 2 1.696637e-04
4 41 2 3.021831e-04
5 41 2 7.579196e-04
6 41 2 1.923299e-03
7 41 2 2.486711e-03
8 41 2 1.744167e-03
9 41 2 9.747216e-04
10 41 2 4.224534e-04
11 41 2 1.622953e-04
12 41 2 1.352710e-04
1 42 2 4.288465e-05
2 42 2 4.485820e-05
3 42 2 9.673609e-05
4 42 2 1.908305e-04
5 42 2 5.424991e-04
6 42 2 1.504730e-03
7 42 2 2.106445e-03
8 42 2 1.406718e-03
9 42 2 6.661544e-04
10 42 2 2.384095e-04
11 42 2 8.888362e-05
12 42 2 7.291608e-05
1 43 2 1.203297e-06
2 43 2 1.247664e-06
3 43 2 2.943840e-06
4 43 2 7.183057e-06
5 43 2 2.404301e-05
6 43 2 7.090658e-05
7 43 2 1.036556e-04
8 43 2 6.506779e-05
9 43 2 2.660744e-05
10 43 2 8.169159e-06
11 43 2 2.785859e-06
12 43 2 1.952072e-06
1 44 2 4.966063e-06
2 44 2 4.989774e-06
3 44 2 1.085353e-05
4 44 2 2.934224e-05
5 44 2 1.096217e-04
6 44 2 3.454543e-04
7 44 2 5.049005e-04
8 44 2 3.044519e-04
9 44 2 1.097503e-04
10 44 2 3.251680e-05
11 44 2 1.067211e-05
12 44 2 7.215542e-06
1 45 2 1.141928e-05
2 45 2 1.279768e-05
3 45 2 2.331958e-05
4 45 2 6.877131e-05
5 45 2 2.880009e-04
6 45 2 9.556168e-04
7 45 2 1.336896e-03
8 45 2 8.140341e-04
9 45 2 2.799280e-04
10 45 2 7.147146e-05
11 45 2 2.071650e-05
12 45 2 1.353928e-05
1 46 2 5.173880e-06
2 46 2 6.508868e-06
3 46 2 1.023145e-05
4 46 2 2.841169e-05
5 46 2 1.115715e-04
6 46 2 3.460824e-04
7 46 2 4.841449e-04
8 46 2 3.033708e-04
9 46 2 1.139547e-04
10 46 2 2.762127e-05
11 46 2 7.594177e-06
12 46 2 5.415710e-06
1 47 2 6.799807e-06
2 47 2 8.653691e-06
3 47 2 1.219440e-05
4 47 2 2.732190e-05
5 47 2 9.312667e-05
6 47 2 2.565638e-04
7 47 2 3.479553e-04
8 47 2 2.359386e-04
9 47 2 9.995081e-05
10 47 2 3.082866e-05
11 47 2 9.095262e-06
12 47 2 6.913608e-06
1 48 2 9.206166e-06
2 48 2 1.057547e-05
3 48 2 1.454597e-05
4 48 2 2.840521e-05
5 48 2 8.814681e-05
6 48 2 2.027528e-04
7 48 2 2.694396e-04
8 48 2 1.895662e-04
9 48 2 9.024117e-05
10 48 2 3.364510e-05
11 48 2 1.211181e-05
12 48 2 8.031818e-06
1 49 2 3.809925e-04
2 49 2 3.466696e-04
3 49 2 3.932250e-04
4 49 2 4.602350e-04
5 49 2 6.582341e-04
6 49 2 1.001465e-03
7 49 2 1.493520e-03
8 49 2 1.404446e-03
9 49 2 9.795850e-04
10 49 2 7.009873e-04
11 49 2 5.117775e-04
12 49 2 3.733407e-04
1 50 2 1.552595e-03
2 50 2 1.340199e-03
3 50 2 1.570920e-03
4 50 2 1.790686e-03
5 50 2 2.520266e-03
6 50 2 3.698455e-03
7 50 2 5.104412e-03
8 50 2 4.908724e-03
9 50 2 3.554362e-03
10 50 2 2.533699e-03
11 50 2 1.896932e-03
12 50 2 1.493627e-03
1 51 2 5.960611e-04
2 51 2 5.439992e-04
3 51 2 5.911152e-04
4 51 2 6.823425e-04
5 51 2 9.300500e-04
6 51 2 1.304321e-03
7 51 2 1.699721e-03
8 51 2 1.685607e-03
9 51 2 1.400493e-03
10 51 2 9.850706e-04
11 51 2 7.382743e-04
12 51 2 6.186964e-04
1 52 2 1.421945e-01
2 52 2 1.494586e-01
3 52 2 1.877540e-01
4 52 2 2.737198e-01
5 52 2 4.628962e-01
6 52 2 6.370488e-01
7 52 2 8.171333e-01
8 52 2 7.642995e-01
9 52 2 6.169709e-01
10 52 2 3.524539e-01
11 52 2 2.121428e-01
12 52 2 1.635944e-01
1 53 2 1.944398e-02
2 53 2 2.439509e-02
3 53 2 4.133043e-02
4 53 2 9.021198e-02
5 53 2 1.717912e-01
6 53 2 2.565280e-01
7 53 2 3.560913e-01
8 53 2 3.034312e-01
9 53 2 2.053646e-01
10 53 2 9.057443e-02
11 53 2 4.039864e-02
12 53 2 2.559418e-02
1 54 2 1.982878e-02
2 54 2 2.572301e-02
3 54 2 4.810307e-02
4 54 2 1.195314e-01
5 54 2 2.354396e-01
6 54 2 4.547619e-01
7 54 2 6.460108e-01
8 54 2 5.416967e-01
9 54 2 3.285305e-01
10 54 2 1.397232e-01
11 54 2 5.989173e-02
12 54 2 3.303745e-02
1 55 2 4.226932e-03
2 55 2 4.714156e-03
3 55 2 8.794129e-03
4 55 2 2.059190e-02
5 55 2 4.086268e-02
6 55 2 8.726625e-02
7 55 2 1.213067e-01
8 55 2 1.046165e-01
9 55 2 6.634101e-02
10 55 2 3.180945e-02
11 55 2 1.488243e-02
12 55 2 8.521720e-03
1 56 2 1.474984e-03
2 56 2 1.530711e-03
3 56 2 2.651232e-03
4 56 2 5.911870e-03
5 56 2 1.292256e-02
6 56 2 2.547320e-02
7 56 2 3.521893e-02
8 56 2 2.922993e-02
9 56 2 1.910538e-02
10 56 2 9.843782e-03
11 56 2 4.437943e-03
12 56 2 2.545203e-03
1 60 2 5.518215e-02
2 60 2 5.343892e-02
3 60 2 6.128384e-02
4 60 2 7.268173e-02
5 60 2 8.961080e-02
6 60 2 1.179272e-01
7 60 2 1.372908e-01
8 60 2 1.373486e-01
9 60 2 1.165600e-01
10 60 2 9.515170e-02
11 60 2 7.609911e-02
12 60 2 6.307836e-02
1 61 2 4.253762e-01
2 61 2 4.279349e-01
3 61 2 6.018831e-01
4 61 2 9.065630e-01
5 61 2 1.322399e+00
6 61 2 1.863046e+00
7 61 2 2.204734e+00
8 61 2 2.121137e+00
9 61 2 1.648179e+00
10 61 2 1.121101e+00
11 61 2 7.313624e-01
12 61 2 5.129715e-01
1 62 2 4.758677e-03
2 62 2 5.211871e-03
3 62 2 8.204438e-03
4 62 2 1.485253e-02
5 62 2 2.547530e-02
6 62 2 3.613874e-02
7 62 2 4.419038e-02
8 62 2 4.125012e-02
9 62 2 2.874400e-02
10 62 2 1.714117e-02
11 62 2 9.308411e-03
12 62 2 6.057648e-03
1 63 2 9.180410e-03
2 63 2 1.114463e-02
3 63 2 1.864788e-02
4 63 2 3.922122e-02
5 63 2 7.527198e-02
6 63 2 1.119038e-01
7 63 2 1.430979e-01
8 63 2 1.245232e-01
9 63 2 7.605488e-02
10 63 2 4.153439e-02
11 63 2 1.918504e-02
12 63 2 1.255934e-02
1 64 2 2.195312e-03
2 64 2 2.812423e-03
3 64 2 5.355532e-03
4 64 2 1.268547e-02
5 64 2 2.716827e-02
6 64 2 4.351735e-02
7 64 2 5.515919e-02
8 64 2 4.312217e-02
9 64 2 2.469111e-02
10 64 2 1.091540e-02
11 64 2 4.987800e-03
12 64 2 3.413439e-03
1 65 2 7.419406e-04
2 65 2 9.200111e-04
3 65 2 2.015571e-03
4 65 2 5.683982e-03
5 65 2 1.191750e-02
6 65 2 2.025424e-02
7 65 2 2.625237e-02
8 65 2 1.959334e-02
9 65 2 1.111273e-02
10 65 2 3.943420e-03
11 65 2 1.735971e-03
12 65 2 1.258056e-03
1 66 2 4.915401e-04
2 66 2 6.076969e-04
3 66 2 1.444670e-03
4 66 2 4.739482e-03
5 66 2 9.854736e-03
6 66 2 1.694566e-02
7 66 2 2.337089e-02
8 66 2 1.766842e-02
9 66 2 9.994739e-03
10 66 2 3.311372e-03
11 66 2 1.268967e-03
12 66 2 7.871155e-04
1 67 2 1.658694e-04
2 67 2 2.211791e-04
3 67 2 5.624599e-04
4 67 2 2.077776e-03
5 67 2 4.714353e-03
6 67 2 8.040363e-03
7 67 2 1.124131e-02
8 67 2 8.651112e-03
9 67 2 4.731557e-03
10 67 2 1.740014e-03
11 67 2 5.502056e-04
12 67 2 2.476446e-04
1 68 2 3.990923e-05
2 68 2 5.358736e-05
3 68 2 1.591515e-04
4 68 2 7.315441e-04
5 68 2 1.993551e-03
6 68 2 3.820262e-03
7 68 2 5.477533e-03
8 68 2 4.073826e-03
9 68 2 1.955069e-03
10 68 2 7.182689e-04
11 68 2 1.637908e-04
12 68 2 5.699350e-05
1 69 2 2.416207e-05
2 69 2 3.425732e-05
3 69 2 8.192405e-05
4 69 2 3.592419e-04
5 69 2 1.151926e-03
6 69 2 2.726162e-03
7 69 2 3.993806e-03
8 69 2 3.074422e-03
9 69 2 1.320752e-03
10 69 2 4.294574e-04
11 69 2 8.321336e-05
12 69 2 3.129362e-05
1 70 2 1.003976e-04
2 70 2 1.173456e-04
3 70 2 1.681528e-04
4 70 2 4.387021e-04
5 70 2 1.100125e-03
6 70 2 2.671418e-03
7 70 2 4.324177e-03
8 70 2 3.941073e-03
9 70 2 2.034906e-03
10 70 2 7.253403e-04
11 70 2 2.206052e-04
12 70 2 1.241848e-04
1 71 2 8.630132e-05
2 71 2 8.757565e-05
3 71 2 9.909851e-05
4 71 2 1.590231e-04
5 71 2 3.079687e-04
6 71 2 6.424518e-04
7 71 2 9.859619e-04
8 71 2 9.802933e-04
9 71 2 6.289469e-04
10 71 2 2.995590e-04
11 71 2 1.431070e-04
12 71 2 9.939263e-05
1 72 2 3.631052e-07
2 72 2 3.467971e-07
3 72 2 3.757187e-07
4 72 2 4.790449e-07
5 72 2 7.453586e-07
6 72 2 1.296949e-06
7 72 2 2.008825e-06
8 72 2 1.932019e-06
9 72 2 1.351705e-06
10 72 2 8.195973e-07
11 72 2 5.049849e-07
12 72 2 3.606256e-07
1 76 2 5.429880e-01
2 76 2 4.967782e-01
3 76 2 5.017781e-01
4 76 2 5.458150e-01
5 76 2 7.420447e-01
6 76 2 1.058109e+00
7 76 2 1.418865e+00
8 76 2 1.514189e+00
9 76 2 1.442727e+00
10 76 2 9.634537e-01
11 76 2 6.219499e-01
12 76 2 5.439492e-01
1 77 2 5.163381e-01
2 77 2 6.704608e-01
3 77 2 8.782636e-01
4 77 2 1.419467e+00
5 77 2 2.383342e+00
6 77 2 3.679632e+00
7 77 2 4.999627e+00
8 77 2 4.745457e+00
9 77 2 3.515233e+00
10 77 2 1.775937e+00
11 77 2 7.792865e-01
12 77 2 4.911804e-01
1 78 2 6.050550e-01
2 78 2 8.267224e-01
3 78 2 1.151260e+00
4 78 2 2.064907e+00
5 78 2 3.228918e+00
6 78 2 5.126402e+00
7 78 2 6.327975e+00
8 78 2 5.925381e+00
9 78 2 3.841952e+00
10 78 2 2.037462e+00
11 78 2 1.100274e+00
12 78 2 6.352252e-01
1 79 2 1.795059e+00
2 79 2 2.202567e+00
3 79 2 3.234003e+00
4 79 2 5.364131e+00
5 79 2 8.149603e+00
6 79 2 1.331377e+01
7 79 2 1.631436e+01
8 79 2 1.545496e+01
9 79 2 1.067174e+01
10 79 2 6.441948e+00
11 79 2 3.670290e+00
12 79 2 2.248352e+00
1 80 2 9.328668e-01
2 80 2 9.346883e-01
3 80 2 1.174494e+00
4 80 2 1.588051e+00
5 80 2 2.368437e+00
6 80 2 3.603492e+00
7 80 2 4.640043e+00
8 80 2 4.593565e+00
9 80 2 3.812575e+00
10 80 2 2.673013e+00
11 80 2 1.559330e+00
12 80 2 1.152604e+00
1 84 2 1.227646e-02
2 84 2 1.297931e-02
3 84 2 1.605281e-02
4 84 2 2.028573e-02
5 84 2 2.719704e-02
6 84 2 4.456433e-02
7 84 2 5.968604e-02
8 84 2 5.719405e-02
9 84 2 4.291537e-02
10 84 2 2.708391e-02
11 84 2 1.819434e-02
12 84 2 1.389851e-02
1 85 2 6.267909e-02
2 85 2 7.058161e-02
3 85 2 9.176747e-02
4 85 2 1.333296e-01
5 85 2 2.134316e-01
6 85 2 3.260502e-01
7 85 2 4.511208e-01
8 85 2 4.291551e-01
9 85 2 3.090208e-01
10 85 2 1.704577e-01
11 85 2 9.613097e-02
12 85 2 6.975271e-02
1 87 2 1.682598e-03
2 87 2 2.276362e-03
3 87 2 3.250228e-03
4 87 2 5.137869e-03
5 87 2 9.013708e-03
6 87 2 1.354875e-02
7 87 2 1.836791e-02
8 87 2 1.871628e-02
9 87 2 1.356939e-02
10 87 2 7.639928e-03
11 87 2 3.356783e-03
12 87 2 2.040414e-03
1 88 2 5.031776e-04
2 88 2 7.145527e-04
3 88 2 1.120524e-03
4 88 2 2.126075e-03
5 88 2 4.363331e-03
6 88 2 6.857960e-03
7 88 2 8.782570e-03
8 88 2 7.703001e-03
9 88 2 4.977681e-03
10 88 2 2.352360e-03
11 88 2 1.205982e-03
12 88 2 6.698787e-04
1 89 2 1.388655e-03
2 89 2 1.932134e-03
3 89 2 3.667130e-03
4 89 2 6.897246e-03
5 89 2 1.376425e-02
6 89 2 2.056218e-02
7 89 2 2.398712e-02
8 89 2 2.100699e-02
9 89 2 1.370928e-02
10 89 2 6.523840e-03
11 89 2 3.589743e-03
12 89 2 1.986938e-03
1 90 2 2.180093e-04
2 90 2 2.873290e-04
3 90 2 5.701736e-04
4 90 2 1.023340e-03
5 90 2 1.571279e-03
6 90 2 2.079852e-03
7 90 2 2.335802e-03
8 90 2 2.161264e-03
9 90 2 1.575036e-03
10 90 2 9.394422e-04
11 90 2 5.179646e-04
12 90 2 2.948658e-04
1 93 2 1.274926e-04
2 93 2 1.538313e-04
3 93 2 3.162852e-04
4 93 2 7.371380e-04
5 93 2 1.315013e-03
6 93 2 2.086833e-03
7 93 2 2.799377e-03
8 93 2 2.752026e-03
9 93 2 1.851026e-03
10 93 2 1.065966e-03
11 93 2 4.565048e-04
12 93 2 1.901434e-04
1 94 2 1.857521e-05
2 94 2 1.848156e-05
3 94 2 2.467735e-05
4 94 2 4.373282e-05
5 94 2 7.464926e-05
6 94 2 1.175444e-04
7 94 2 1.623871e-04
8 94 2 1.769660e-04
9 94 2 1.457696e-04
10 94 2 8.798625e-05
11 94 2 4.722440e-05
12 94 2 2.580228e-05
1 98 2 6.874588e-02
2 98 2 6.399329e-02
3 98 2 6.025960e-02
4 98 2 6.415911e-02
5 98 2 7.281619e-02
6 98 2 8.332326e-02
7 98 2 9.372155e-02
8 98 2 9.877794e-02
9 98 2 9.747172e-02
10 98 2 9.213680e-02
11 98 2 8.287641e-02
12 98 2 7.541841e-02
1 102 2 3.253461e-01
2 102 2 3.677588e-01
3 102 2 4.519824e-01
4 102 2 5.653392e-01
5 102 2 6.542313e-01
6 102 2 7.142107e-01
7 102 2 7.343225e-01
8 102 2 7.436013e-01
9 102 2 6.701924e-01
10 102 2 5.163169e-01
11 102 2 4.144090e-01
12 102 2 3.396596e-01
1 103 2 5.532720e-01
2 103 2 5.646187e-01
3 103 2 6.153636e-01
4 103 2 6.953375e-01
5 103 2 8.097759e-01
6 103 2 9.266849e-01
7 103 2 1.002555e+00
8 103 2 1.052160e+00
9 103 2 1.031951e+00
10 103 2 9.018355e-01
11 103 2 7.419013e-01
12 103 2 6.168664e-01
