1 25 2 1.332491e-04
2 25 2 1.265194e-04
3 25 2 1.782450e-04
4 25 2 3.252575e-04
5 25 2 9.099139e-04
6 25 2 1.650013e-03
7 25 2 2.000299e-03
8 25 2 1.533876e-03
9 25 2 8.667211e-04
10 25 2 4.055940e-04
11 25 2 1.933919e-04
12 25 2 1.119927e-04
1 26 2 7.520063e-04
2 26 2 6.189083e-04
3 26 2 1.023416e-03
4 26 2 2.284348e-03
5 26 2 6.434655e-03
6 26 2 1.229001e-02
7 26 2 1.333463e-02
8 26 2 9.977008e-03
9 26 2 5.456899e-03
10 26 2 2.196615e-03
11 26 2 1.147641e-03
12 26 2 7.095286e-04
1 27 2 3.079886e-03
2 27 2 2.719264e-03
3 27 2 4.766855e-03
4 27 2 1.214059e-02
5 27 2 3.418882e-02
6 27 2 7.067244e-02
7 27 2 7.970655e-02
8 27 2 5.999302e-02
9 27 2 3.100227e-02
10 27 2 1.164210e-02
11 27 2 6.169898e-03
12 27 2 3.816506e-03
1 38 2 5.130891e-05
2 38 2 5.126291e-05
3 38 2 7.809228e-05
4 38 2 1.157847e-04
5 38 2 2.113928e-04
6 38 2 3.751004e-04
7 38 2 4.446669e-04
8 38 2 3.856555e-04
9 38 2 2.491040e-04
10 38 2 1.702623e-04
11 38 2 9.729125e-05
12 38 2 7.020912e-05
1 39 2 6.589084e-04
2 39 2 6.864500e-04
3 39 2 1.111907e-03
4 39 2 1.716877e-03
5 39 2 3.331310e-03
6 39 2 6.440262e-03
7 39 2 7.997005e-03
8 39 2 6.474517e-03
9 39 2 4.080967e-03
10 39 2 2.577082e-03
11 39 2 1.304463e-03
12 39 2 9.521636e-04
1 40 2 1.643875e-04
2 40 2 1.803616e-04
3 40 2 3.216723e-04
4 40 2 5.409175e-04
5 40 2 1.182473e-03
6 40 2 2.684734e-03
7 40 2 3.359017e-03
8 40 2 2.464090e-03
9 40 2 1.517854e-03
10 40 2 8.178343e-04
11 40 2 3.503366e-04
12 40 2 2.609898e-04
1 41 2 8.751425e-05
2 41 2 9.355711e-05
3 41 2 1.874853e-04
4 41 2 3.339246e-04
5 41 2 8.375320e-04
6 41 2 2.125323e-03
7 41 2 2.747916e-03
8 41 2 1.927376e-03
9 41 2 1.077107e-03
10 41 2 4.668282e-04
11 41 2 1.793429e-04
12 41 2 1.494800e-04
1 42 2 4.738817e-05
2 42 2 4.956897e-05
3 42 2 1.068948e-04
4 42 2 2.108705e-04
5 42 2 5.994694e-04
6 42 2 1.662749e-03
7 42 2 2.327653e-03
8 42 2 1.554444e-03
9 42 2 7.361103e-04
10 42 2 2.634460e-04
11 42 2 9.821770e-05
12 42 2 8.057333e-05
1 43 2 1.330466e-06
2 43 2 1.379521e-06
3 43 2 3.254955e-06
4 43 2 7.942187e-06
5 43 2 2.658396e-05
6 43 2 7.840023e-05
7 43 2 1.146103e-04
8 43 2 7.194438e-05
9 43 2 2.941940e-05
10 43 2 9.032503e-06
11 43 2 3.080277e-06
12 43 2 2.158374e-06
1 44 2 5.489428e-06
2 44 2 5.515639e-06
3 44 2 1.199736e-05
4 44 2 3.243457e-05
5 44 2 1.211746e-04
6 44 2 3.818612e-04
7 44 2 5.581112e-04
8 44 2 3.365376e-04
9 44 2 1.213167e-04
10 44 2 3.594369e-05
11 44 2 1.179682e-05
12 44 2 7.975977e-06
1 45 2 1.261860e-05
2 45 2 1.414177e-05
3 45 2 2.576875e-05
4 45 2 7.599410e-05
5 45 2 3.182485e-04
6 45 2 1.055982e-03
7 45 2 1.477305e-03
8 45 2 8.995290e-04
9 45 2 3.093278e-04
10 45 2 7.897784e-05
11 45 2 2.289228e-05
12 45 2 1.496126e-05
1 46 2 5.720352e-06
2 46 2 7.196343e-06
3 46 2 1.131211e-05
4 46 2 3.141257e-05
5 46 2 1.233559e-04
6 46 2 3.826361e-04
7 46 2 5.352809e-04
8 46 2 3.354132e-04
9 46 2 1.259908e-04
10 46 2 3.053866e-05
11 46 2 8.396284e-06
12 46 2 5.987724e-06
1 47 2 7.521577e-06
2 47 2 9.572242e-06
3 47 2 1.348879e-05
4 47 2 3.022200e-05
5 47 2 1.030117e-04
6 47 2 2.837970e-04
7 47 2 3.848893e-04
8 47 2 2.609825e-04
9 47 2 1.105602e-04
10 47 2 3.410099e-05
11 47 2 1.006068e-05
12 47 2 7.647457e-06
1 48 2 1.017843e-05
2 48 2 1.169235e-05
3 48 2 1.608217e-05
4 48 2 3.140508e-05
5 48 2 9.745599e-05
6 48 2 2.241655e-04
7 48 2 2.978951e-04
8 48 2 2.095863e-04
9 48 2 9.977153e-05
10 48 2 3.719835e-05
11 48 2 1.339094e-05
12 48 2 8.880058e-06
1 49 2 3.910964e-04
2 49 2 3.558632e-04
3 49 2 4.036533e-04
4 49 2 4.724404e-04
5 49 2 6.756905e-04
6 49 2 1.028024e-03
7 49 2 1.533128e-03
8 49 2 1.441692e-03
9 49 2 1.005564e-03
10 49 2 7.195775e-04
11 49 2 5.253498e-04
12 49 2 3.832417e-04
1 50 2 1.595081e-03
2 50 2 1.376873e-03
3 50 2 1.613907e-03
4 50 2 1.839687e-03
5 50 2 2.589231e-03
6 50 2 3.799661e-03
7 50 2 5.244091e-03
8 50 2 5.043048e-03
9 50 2 3.651626e-03
10 50 2 2.603032e-03
11 50 2 1.948840e-03
12 50 2 1.534499e-03
1 51 2 6.094824e-04
2 51 2 5.562482e-04
3 51 2 6.044251e-04
4 51 2 6.977065e-04
5 51 2 9.509916e-04
6 51 2 1.333690e-03
7 51 2 1.737993e-03
8 51 2 1.723561e-03
9 51 2 1.432027e-03
10 51 2 1.007251e-03
11 51 2 7.548977e-04
12 51 2 6.326273e-04
1 52 2 1.459529e-01
2 52 2 1.534090e-01
3 52 2 1.927166e-01
4 52 2 2.809546e-01
5 52 2 4.751312e-01
6 52 2 6.538868e-01
7 52 2 8.387313e-01
8 52 2 7.845010e-01
9 52 2 6.332783e-01
10 52 2 3.617698e-01
11 52 2 2.177500e-01
12 52 2 1.679185e-01
1 53 2 1.994952e-02
2 53 2 2.502936e-02
3 53 2 4.240502e-02
4 53 2 9.255748e-02
5 53 2 1.762577e-01
6 53 2 2.631977e-01
7 53 2 3.653496e-01
8 53 2 3.113204e-01
9 53 2 2.107041e-01
10 53 2 9.292935e-02
11 53 2 4.144899e-02
12 53 2 2.625962e-02
1 54 2 2.031837e-02
2 54 2 2.635813e-02
3 54 2 4.929077e-02
4 54 2 1.224827e-01
5 54 2 2.412528e-01
6 54 2 4.659904e-01
7 54 2 6.619614e-01
8 54 2 5.550716e-01
9 54 2 3.366422e-01
10 54 2 1.431730e-01
11 54 2 6.137051e-02
12 54 2 3.385317e-02
1 55 2 4.342598e-03
2 55 2 4.843155e-03
3 55 2 9.034772e-03
4 55 2 2.115537e-02
5 55 2 4.198085e-02
6 55 2 8.965422e-02
7 55 2 1.246262e-01
8 55 2 1.074792e-01
9 55 2 6.815637e-02
10 55 2 3.267989e-02
11 55 2 1.528967e-02
12 55 2 8.754909e-03
1 56 2 1.514172e-03
2 56 2 1.571381e-03
3 56 2 2.721673e-03
4 56 2 6.068942e-03
5 56 2 1.326590e-02
6 56 2 2.615000e-02
7 56 2 3.615466e-02
8 56 2 3.000654e-02
9 56 2 1.961299e-02
10 56 2 1.010532e-02
11 56 2 4.555854e-03
12 56 2 2.612826e-03
1 60 2 5.664199e-02
2 60 2 5.485265e-02
3 60 2 6.290510e-02
4 60 2 7.460453e-02
5 60 2 9.198145e-02
6 60 2 1.210470e-01
7 60 2 1.409229e-01
8 60 2 1.409821e-01
9 60 2 1.196436e-01
10 60 2 9.766894e-02
11 60 2 7.811231e-02
12 60 2 6.474710e-02
1 61 2 4.366738e-01
2 61 2 4.393004e-01
3 61 2 6.178685e-01
4 61 2 9.306404e-01
5 61 2 1.357520e+00
6 61 2 1.912526e+00
7 61 2 2.263290e+00
8 61 2 2.177472e+00
9 61 2 1.691953e+00
10 61 2 1.150877e+00
11 61 2 7.507867e-01
12 61 2 5.265955e-01
1 62 2 5.261637e-03
2 62 2 5.762730e-03
3 62 2 9.071591e-03
4 62 2 1.642235e-02
5 62 2 2.816786e-02
6 62 2 3.995836e-02
7 62 2 4.886100e-02
8 62 2 4.560997e-02
9 62 2 3.178205e-02
10 62 2 1.895287e-02
11 62 2 1.029225e-02
12 62 2 6.697900e-03
1 63 2 1.014638e-02
2 63 2 1.231727e-02
3 63 2 2.061003e-02
4 63 2 4.334811e-02
5 63 2 8.319216e-02
6 63 2 1.236784e-01
7 63 2 1.581548e-01
8 63 2 1.376257e-01
9 63 2 8.405744e-02
10 63 2 4.590467e-02
11 63 2 2.120371e-02
12 63 2 1.388084e-02
1 64 2 2.426572e-03
2 64 2 3.108691e-03
3 64 2 5.919698e-03
4 64 2 1.402179e-02
5 64 2 3.003025e-02
6 64 2 4.810159e-02
7 64 2 6.096982e-02
8 64 2 4.766478e-02
9 64 2 2.729214e-02
10 64 2 1.206525e-02
11 64 2 5.513228e-03
12 64 2 3.773021e-03
1 65 2 8.202672e-04
2 65 2 1.017136e-03
3 65 2 2.228355e-03
4 65 2 6.284039e-03
5 65 2 1.317563e-02
6 65 2 2.239247e-02
7 65 2 2.902383e-02
8 65 2 2.166181e-02
9 65 2 1.228589e-02
10 65 2 4.359727e-03
11 65 2 1.919237e-03
12 65 2 1.390868e-03
1 66 2 5.433705e-04
2 66 2 6.717754e-04
3 66 2 1.597002e-03
4 66 2 5.239235e-03
5 66 2 1.089387e-02
6 66 2 1.873249e-02
7 66 2 2.583523e-02
8 66 2 1.953146e-02
9 66 2 1.104863e-02
10 66 2 3.660539e-03
11 66 2 1.402773e-03
12 66 2 8.701127e-04
1 67 2 1.834352e-04
2 67 2 2.446023e-04
3 67 2 6.220252e-04
4 67 2 2.297815e-03
5 67 2 5.213610e-03
6 67 2 8.891849e-03
7 67 2 1.243179e-02
8 67 2 9.567278e-03
9 67 2 5.232635e-03
10 67 2 1.924284e-03
11 67 2 6.084731e-04
12 67 2 2.738705e-04
1 68 2 4.412464e-05
2 68 2 5.924753e-05
3 68 2 1.759618e-04
4 68 2 8.088134e-04
5 68 2 2.204120e-03
6 68 2 4.223777e-03
7 68 2 6.056097e-03
8 68 2 4.504124e-03
9 68 2 2.161573e-03
10 68 2 7.941360e-04
11 68 2 1.810912e-04
12 68 2 6.301343e-05
1 69 2 2.670521e-05
2 69 2 3.786302e-05
3 69 2 9.054683e-05
4 69 2 3.970533e-04
5 69 2 1.273170e-03
6 69 2 3.013100e-03
7 69 2 4.414167e-03
8 69 2 3.398016e-03
9 69 2 1.459765e-03
10 69 2 4.746593e-04
11 69 2 9.197185e-05
12 69 2 3.458738e-05
1 70 2 1.109163e-04
2 70 2 1.296400e-04
3 70 2 1.857703e-04
4 70 2 4.846652e-04
5 70 2 1.215386e-03
6 70 2 2.951304e-03
7 70 2 4.777224e-03
8 70 2 4.353981e-03
9 70 2 2.248104e-03
10 70 2 8.013346e-04
11 70 2 2.437182e-04
12 70 2 1.371957e-04
1 71 2 9.542170e-05
2 71 2 9.683070e-05
3 71 2 1.095713e-04
4 71 2 1.758288e-04
5 71 2 3.405151e-04
6 71 2 7.103465e-04
7 71 2 1.090159e-03
8 71 2 1.083891e-03
9 71 2 6.954144e-04
10 71 2 3.312166e-04
11 71 2 1.582306e-04
12 71 2 1.098965e-04
1 72 2 4.014229e-07
2 72 2 3.833938e-07
3 72 2 4.153674e-07
4 72 2 5.295974e-07
5 72 2 8.240146e-07
6 72 2 1.433813e-06
7 72 2 2.220812e-06
8 72 2 2.135900e-06
9 72 2 1.494347e-06
10 72 2 9.060875e-07
11 72 2 5.582748e-07
12 72 2 3.986815e-07
1 76 2 5.573125e-01
2 76 2 5.098836e-01
3 76 2 5.150154e-01
4 76 2 5.602140e-01
5 76 2 7.616204e-01
6 76 2 1.086022e+00
7 76 2 1.456296e+00
8 76 2 1.554134e+00
9 76 2 1.480788e+00
10 76 2 9.888703e-01
11 76 2 6.383574e-01
12 76 2 5.582990e-01
1 77 2 5.297965e-01
2 77 2 6.879365e-01
3 77 2 9.011557e-01
4 77 2 1.456466e+00
5 77 2 2.445465e+00
6 77 2 3.775543e+00
7 77 2 5.129943e+00
8 77 2 4.869148e+00
9 77 2 3.606858e+00
10 77 2 1.822227e+00
11 77 2 7.995988e-01
12 77 2 5.039831e-01
1 78 2 6.210137e-01
2 78 2 8.485277e-01
3 78 2 1.181626e+00
4 78 2 2.119370e+00
5 78 2 3.314082e+00
6 78 2 5.261614e+00
7 78 2 6.494879e+00
8 78 2 6.081666e+00
9 78 2 3.943286e+00
10 78 2 2.091202e+00
11 78 2 1.129294e+00
12 78 2 6.519797e-01
1 79 2 1.841850e+00
2 79 2 2.259980e+00
3 79 2 3.318303e+00
4 79 2 5.503956e+00
5 79 2 8.362036e+00
6 79 2 1.366081e+01
7 79 2 1.673962e+01
8 79 2 1.585782e+01
9 79 2 1.094992e+01
10 79 2 6.609868e+00
11 79 2 3.765962e+00
12 79 2 2.306959e+00
1 80 2 9.575970e-01
2 80 2 9.594667e-01
3 80 2 1.205630e+00
4 80 2 1.630150e+00
5 80 2 2.431224e+00
6 80 2 3.699020e+00
7 80 2 4.763050e+00
8 80 2 4.715340e+00
9 80 2 3.913646e+00
10 80 2 2.743874e+00
11 80 2 1.600667e+00
12 80 2 1.183159e+00
1 84 2 1.260635e-02
2 84 2 1.332809e-02
3 84 2 1.648418e-02
4 84 2 2.083085e-02
5 84 2 2.792788e-02
6 84 2 4.576186e-02
7 84 2 6.128993e-02
8 84 2 5.873097e-02
9 84 2 4.406859e-02
10 84 2 2.781170e-02
11 84 2 1.868326e-02
12 84 2 1.427199e-02
1 85 2 6.433539e-02
2 85 2 7.244672e-02
3 85 2 9.419242e-02
4 85 2 1.368528e-01
5 85 2 2.190715e-01
6 85 2 3.346661e-01
7 85 2 4.630416e-01
8 85 2 4.404955e-01
9 85 2 3.171867e-01
10 85 2 1.749620e-01
11 85 2 9.867122e-02
12 85 2 7.159592e-02
1 87 2 1.858823e-03
2 87 2 2.514774e-03
3 87 2 3.590636e-03
4 87 2 5.675977e-03
5 87 2 9.957746e-03
6 87 2 1.496776e-02
7 87 2 2.029165e-02
8 87 2 2.067651e-02
9 87 2 1.499056e-02
10 87 2 8.440085e-03
11 87 2 3.708351e-03
12 87 2 2.254114e-03
1 88 2 5.558992e-04
2 88 2 7.894216e-04
3 88 2 1.237930e-03
4 88 2 2.348839e-03
5 88 2 4.820509e-03
6 88 2 7.576518e-03
7 88 2 9.702784e-03
8 88 2 8.510100e-03
9 88 2 5.499229e-03
10 88 2 2.598833e-03
11 88 2 1.332341e-03
12 88 2 7.400667e-04
1 89 2 1.535303e-03
2 89 2 2.136175e-03
3 89 2 4.054393e-03
4 89 2 7.625621e-03
5 89 2 1.521780e-02
6 89 2 2.273363e-02
7 89 2 2.652025e-02
8 89 2 2.322541e-02
9 89 2 1.515703e-02
10 89 2 7.212782e-03
11 89 2 3.968834e-03
12 89 2 2.196766e-03
1 90 2 2.408287e-04
2 90 2 3.174043e-04
3 90 2 6.298548e-04
4 90 2 1.130455e-03
5 90 2 1.735748e-03
6 90 2 2.297554e-03
7 90 2 2.580295e-03
8 90 2 2.387487e-03
9 90 2 1.739898e-03
10 90 2 1.037775e-03
11 90 2 5.721809e-04
12 90 2 3.257300e-04
1 93 2 1.405493e-04
2 93 2 1.695853e-04
3 93 2 3.486765e-04
4 93 2 8.126294e-04
5 93 2 1.449685e-03
6 93 2 2.300548e-03
7 93 2 3.086065e-03
8 93 2 3.033865e-03
9 93 2 2.040593e-03
10 93 2 1.175133e-03
11 93 2 5.032561e-04
12 93 2 2.096163e-04
1 94 2 2.054432e-05
2 94 2 2.044075e-05
3 94 2 2.729334e-05
4 94 2 4.836883e-05
5 94 2 8.256265e-05
6 94 2 1.300050e-04
7 94 2 1.796014e-04
8 94 2 1.957258e-04
9 94 2 1.612223e-04
10 94 2 9.731347e-05
11 94 2 5.223055e-05
12 94 2 2.853752e-05
1 98 2 7.060234e-02
2 98 2 6.572141e-02
3 98 2 6.188689e-02
4 98 2 6.589171e-02
5 98 2 7.478257e-02
6 98 2 8.557338e-02
7 98 2 9.625247e-02
8 98 2 1.014454e-01
9 98 2 1.001039e-01
10 98 2 9.462493e-02
11 98 2 8.511446e-02
12 98 2 7.745506e-02
1 102 2 3.340010e-01
2 102 2 3.775421e-01
3 102 2 4.640062e-01
4 102 2 5.803785e-01
5 102 2 6.716353e-01
6 102 2 7.332103e-01
7 102 2 7.538571e-01
8 102 2 7.633828e-01
9 102 2 6.880210e-01
10 102 2 5.300521e-01
11 102 2 4.254332e-01
12 102 2 3.486954e-01
1 103 2 5.676206e-01
2 103 2 5.792616e-01
3 103 2 6.313225e-01
4 103 2 7.133705e-01
5 103 2 8.307767e-01
6 103 2 9.507176e-01
7 103 2 1.028556e+00
8 103 2 1.079446e+00
9 103 2 1.058714e+00
10 103 2 9.252237e-01
11 103 2 7.611418e-01
12 103 2 6.328642e-01
