1 7 2 1.890958e-08
2 7 2 1.615424e-08
3 7 2 1.766701e-08
4 7 2 4.566196e-08
5 7 2 1.571099e-07
6 7 2 4.231559e-07
7 7 2 5.725424e-07
8 7 2 3.903648e-07
9 7 2 1.688197e-07
10 7 2 7.401007e-08
11 7 2 3.921155e-08
12 7 2 2.313226e-08
1 25 2 1.354330e-04
2 25 2 1.285931e-04
3 25 2 1.811664e-04
4 25 2 3.305885e-04
5 25 2 9.248274e-04
6 25 2 1.677057e-03
7 25 2 2.033084e-03
8 25 2 1.559016e-03
9 25 2 8.809266e-04
10 25 2 4.122417e-04
11 25 2 1.965616e-04
12 25 2 1.138282e-04
1 26 2 7.623152e-04
2 26 2 6.273926e-04
3 26 2 1.037445e-03
4 26 2 2.315663e-03
5 26 2 6.522865e-03
6 26 2 1.245849e-02
7 26 2 1.351742e-02
8 26 2 1.011378e-02
9 26 2 5.531705e-03
10 26 2 2.226727e-03
11 26 2 1.163374e-03
12 26 2 7.192552e-04
1 27 2 3.128363e-03
2 27 2 2.762064e-03
3 27 2 4.841883e-03
4 27 2 1.233168e-02
5 27 2 3.472694e-02
6 27 2 7.178480e-02
7 27 2 8.096110e-02
8 27 2 6.093729e-02
9 27 2 3.149024e-02
10 27 2 1.182534e-02
11 27 2 6.267010e-03
12 27 2 3.876577e-03
1 28 2 1.962373e-06
2 28 2 1.785812e-06
3 28 2 3.003425e-06
4 28 2 8.164027e-06
5 28 2 2.331329e-05
6 28 2 4.991338e-05
7 28 2 5.950835e-05
8 28 2 4.484021e-05
9 28 2 2.306675e-05
10 28 2 8.983382e-06
11 28 2 4.484634e-06
12 28 2 2.795920e-06
1 29 2 2.631962e-06
2 29 2 2.489844e-06
3 29 2 3.966445e-06
4 29 2 1.192644e-05
5 29 2 3.566531e-05
6 29 2 8.777555e-05
7 29 2 1.195705e-04
8 29 2 8.896131e-05
9 29 2 4.085546e-05
10 29 2 1.514256e-05
11 29 2 7.157946e-06
12 29 2 4.468304e-06
1 30 2 5.971543e-07
2 30 2 5.222487e-07
3 30 2 8.300359e-07
4 30 2 2.540505e-06
5 30 2 7.037595e-06
6 30 2 1.913952e-05
7 30 2 2.774182e-05
8 30 2 2.124487e-05
9 30 2 9.612571e-06
10 30 2 3.762534e-06
11 30 2 1.735553e-06
12 30 2 1.039420e-06
1 31 2 1.065110e-06
2 31 2 8.207568e-07
3 31 2 1.246829e-06
4 31 2 3.470340e-06
5 31 2 8.962101e-06
6 31 2 2.359676e-05
7 31 2 3.327667e-05
8 31 2 2.686010e-05
9 31 2 1.343721e-05
10 31 2 6.153579e-06
11 31 2 2.954470e-06
12 31 2 1.646368e-06
1 32 2 1.261040e-06
2 32 2 1.043898e-06
3 32 2 1.459190e-06
4 32 2 3.242378e-06
5 32 2 8.659955e-06
6 32 2 2.051373e-05
7 32 2 2.646515e-05
8 32 2 2.186140e-05
9 32 2 1.220766e-05
10 32 2 6.293169e-06
11 32 2 3.252053e-06
12 32 2 1.686548e-06
1 35 2 8.830091e-05
2 35 2 8.413747e-05
3 35 2 9.139819e-05
4 35 2 1.217963e-04
5 35 2 1.909320e-04
6 35 2 2.915948e-04
7 35 2 3.508781e-04
8 35 2 3.221991e-04
9 35 2 2.189789e-04
10 35 2 1.583215e-04
11 35 2 1.199201e-04
12 35 2 9.742418e-05
1 36 2 1.060773e-05
2 36 2 9.958591e-06
3 36 2 1.103706e-05
4 36 2 1.325648e-05
5 36 2 1.813044e-05
6 36 2 2.615465e-05
7 36 2 3.080279e-05
8 36 2 3.137964e-05
9 36 2 2.395301e-05
10 36 2 1.876622e-05
11 36 2 1.436340e-05
12 36 2 1.190130e-05
1 37 2 9.544617e-04
2 37 2 9.237863e-04
3 37 2 1.164014e-03
4 37 2 1.496765e-03
5 37 2 2.262823e-03
6 37 2 3.432062e-03
7 37 2 3.991665e-03
8 37 2 3.923901e-03
9 37 2 2.887626e-03
10 37 2 2.165215e-03
11 37 2 1.526067e-03
12 37 2 1.169098e-03
1 38 2 1.655829e-03
2 38 2 1.654344e-03
3 38 2 2.520175e-03
4 38 2 3.736575e-03
5 38 2 6.822018e-03
6 38 2 1.210515e-02
7 38 2 1.435018e-02
8 38 2 1.244578e-02
9 38 2 8.039024e-03
10 38 2 5.494665e-03
11 38 2 3.139760e-03
12 38 2 2.265772e-03
1 39 2 7.336583e-04
2 39 2 7.643243e-04
3 39 2 1.238048e-03
4 39 2 1.911648e-03
5 39 2 3.709231e-03
6 39 2 7.170878e-03
7 39 2 8.904225e-03
8 39 2 7.209018e-03
9 39 2 4.543932e-03
10 39 2 2.869439e-03
11 39 2 1.452448e-03
12 39 2 1.060182e-03
1 40 2 1.784902e-04
2 40 2 1.958347e-04
3 40 2 3.492683e-04
4 40 2 5.873224e-04
5 40 2 1.283916e-03
6 40 2 2.915055e-03
7 40 2 3.647184e-03
8 40 2 2.675483e-03
9 40 2 1.648070e-03
10 40 2 8.879957e-04
11 40 2 3.803917e-04
12 40 2 2.833799e-04
1 41 2 9.502097e-05
2 41 2 1.015822e-04
3 41 2 2.035673e-04
4 41 2 3.625677e-04
5 41 2 9.093731e-04
6 41 2 2.307627e-03
7 41 2 2.983625e-03
8 41 2 2.092701e-03
9 41 2 1.169498e-03
10 41 2 5.068714e-04
11 41 2 1.947264e-04
12 41 2 1.623019e-04
1 42 2 5.144976e-05
2 42 2 5.381747e-05
3 42 2 1.160566e-04
4 42 2 2.289440e-04
5 42 2 6.508493e-04
6 42 2 1.805261e-03
7 42 2 2.527154e-03
8 42 2 1.687673e-03
9 42 2 7.992015e-04
10 42 2 2.860257e-04
11 42 2 1.066358e-04
12 42 2 8.747919e-05
1 43 2 1.441379e-06
2 43 2 1.494524e-06
3 43 2 3.526300e-06
4 43 2 8.604278e-06
5 43 2 2.880010e-05
6 43 2 8.493597e-05
7 43 2 1.241646e-04
8 43 2 7.794193e-05
9 43 2 3.187191e-05
10 43 2 9.785487e-06
11 43 2 3.337061e-06
12 43 2 2.338304e-06
1 44 2 5.956517e-06
2 44 2 5.984958e-06
3 44 2 1.301820e-05
4 44 2 3.519439e-05
5 44 2 1.314852e-04
6 44 2 4.143533e-04
7 44 2 6.056002e-04
8 44 2 3.651732e-04
9 44 2 1.316394e-04
10 44 2 3.900209e-05
11 44 2 1.280060e-05
12 44 2 8.654642e-06
1 45 2 1.368033e-05
2 45 2 1.533165e-05
3 45 2 2.793693e-05
4 45 2 8.238823e-05
5 45 2 3.450259e-04
6 45 2 1.144832e-03
7 45 2 1.601605e-03
8 45 2 9.752153e-04
9 45 2 3.353546e-04
10 45 2 8.562302e-05
11 45 2 2.481843e-05
12 45 2 1.622010e-05
1 46 2 6.211370e-06
2 46 2 7.814055e-06
3 46 2 1.228310e-05
4 46 2 3.410893e-05
5 46 2 1.339444e-04
6 46 2 4.154805e-04
7 46 2 5.812278e-04
8 46 2 3.642041e-04
9 46 2 1.368054e-04
10 46 2 3.316001e-05
11 46 2 9.116996e-06
12 46 2 6.501693e-06
1 47 2 8.162018e-06
2 47 2 1.038729e-05
3 47 2 1.463732e-05
4 47 2 3.279532e-05
5 47 2 1.117828e-04
6 47 2 3.079615e-04
7 47 2 4.176615e-04
8 47 2 2.832044e-04
9 47 2 1.199740e-04
10 47 2 3.700459e-05
11 47 2 1.091732e-05
12 47 2 8.298616e-06
1 48 2 1.105001e-05
2 48 2 1.269357e-05
3 48 2 1.745929e-05
4 48 2 3.409431e-05
5 48 2 1.058012e-04
6 48 2 2.433608e-04
7 48 2 3.234039e-04
8 48 2 2.275332e-04
9 48 2 1.083150e-04
10 48 2 4.038366e-05
11 48 2 1.453761e-05
12 48 2 9.640459e-06
1 49 2 3.962648e-04
2 49 2 3.605660e-04
3 49 2 4.089876e-04
4 49 2 4.786837e-04
5 49 2 6.846198e-04
6 49 2 1.041609e-03
7 49 2 1.553389e-03
8 49 2 1.460744e-03
9 49 2 1.018852e-03
10 49 2 7.290867e-04
11 49 2 5.322923e-04
12 49 2 3.883063e-04
1 50 2 1.616431e-03
2 50 2 1.395302e-03
3 50 2 1.635510e-03
4 50 2 1.864311e-03
5 50 2 2.623888e-03
6 50 2 3.850520e-03
7 50 2 5.314284e-03
8 50 2 5.110550e-03
9 50 2 3.700503e-03
10 50 2 2.637874e-03
11 50 2 1.974926e-03
12 50 2 1.555038e-03
1 51 2 6.179714e-04
2 51 2 5.639957e-04
3 51 2 6.128436e-04
4 51 2 7.074243e-04
5 51 2 9.642371e-04
6 51 2 1.352266e-03
7 51 2 1.762200e-03
8 51 2 1.747567e-03
9 51 2 1.451972e-03
10 51 2 1.021280e-03
11 51 2 7.654120e-04
12 51 2 6.414386e-04
1 52 2 1.492881e-01
2 52 2 1.569146e-01
3 52 2 1.971204e-01
4 52 2 2.873746e-01
5 52 2 4.859883e-01
6 52 2 6.688288e-01
7 52 2 8.578971e-01
8 52 2 8.024276e-01
9 52 2 6.477493e-01
10 52 2 3.700366e-01
11 52 2 2.227258e-01
12 52 2 1.717555e-01
1 53 2 2.086326e-02
2 53 2 2.617577e-02
3 53 2 4.434728e-02
4 53 2 9.679686e-02
5 53 2 1.843308e-01
6 53 2 2.752528e-01
7 53 2 3.820836e-01
8 53 2 3.255797e-01
9 53 2 2.203549e-01
10 53 2 9.718577e-02
11 53 2 4.334747e-02
12 53 2 2.746238e-02
1 54 2 2.078318e-02
2 54 2 2.696110e-02
3 54 2 5.041835e-02
4 54 2 1.252846e-01
5 54 2 2.467717e-01
6 54 2 4.766504e-01
7 54 2 6.771045e-01
8 54 2 5.677695e-01
9 54 2 3.443432e-01
10 54 2 1.464483e-01
11 54 2 6.277442e-02
12 54 2 3.462760e-02
1 55 2 4.656275e-03
2 55 2 5.192988e-03
3 55 2 9.687376e-03
4 55 2 2.268348e-02
5 55 2 4.501323e-02
6 55 2 9.613016e-02
7 55 2 1.336282e-01
8 55 2 1.152427e-01
9 55 2 7.307947e-02
10 55 2 3.504044e-02
11 55 2 1.639408e-02
12 55 2 9.387297e-03
1 56 2 2.670890e-03
2 56 2 2.771801e-03
3 56 2 4.800832e-03
4 56 2 1.070517e-02
5 56 2 2.340007e-02
6 56 2 4.612669e-02
7 56 2 6.377419e-02
8 56 2 5.292935e-02
9 56 2 3.459588e-02
10 56 2 1.782505e-02
11 56 2 8.036195e-03
12 56 2 4.608835e-03
1 57 2 2.347844e-04
2 57 2 2.240076e-04
3 57 2 2.755166e-04
4 57 2 4.181911e-04
5 57 2 6.996992e-04
6 57 2 1.138498e-03
7 57 2 1.621234e-03
8 57 2 1.461128e-03
9 57 2 1.087080e-03
10 57 2 6.982837e-04
11 57 2 4.270042e-04
12 57 2 3.068686e-04
1 60 2 7.563984e-02
2 60 2 7.325036e-02
3 60 2 8.400362e-02
4 60 2 9.962705e-02
5 60 2 1.228322e-01
6 60 2 1.616464e-01
7 60 2 1.881887e-01
8 60 2 1.882679e-01
9 60 2 1.597724e-01
10 60 2 1.304273e-01
11 60 2 1.043114e-01
12 60 2 8.646343e-02
1 61 2 4.577545e-01
2 61 2 4.605079e-01
3 61 2 6.476965e-01
4 61 2 9.755677e-01
5 61 2 1.423056e+00
6 61 2 2.004855e+00
7 61 2 2.372552e+00
8 61 2 2.282591e+00
9 61 2 1.773633e+00
10 61 2 1.206436e+00
11 61 2 7.870314e-01
12 61 2 5.520172e-01
1 62 2 6.851407e-03
2 62 2 7.503903e-03
3 62 2 1.181252e-02
4 62 2 2.138426e-02
5 62 2 3.667861e-02
6 62 2 5.203153e-02
7 62 2 6.362405e-02
8 62 2 5.939074e-02
9 62 2 4.138479e-02
10 62 2 2.467936e-02
11 62 2 1.340199e-02
12 62 2 8.721629e-03
1 63 2 1.101861e-02
2 63 2 1.337612e-02
3 63 2 2.238176e-02
4 63 2 4.707451e-02
5 63 2 9.034373e-02
6 63 2 1.343104e-01
7 63 2 1.717505e-01
8 63 2 1.494566e-01
9 63 2 9.128339e-02
10 63 2 4.985084e-02
11 63 2 2.302647e-02
12 63 2 1.507410e-02
1 64 2 2.635503e-03
2 64 2 3.376353e-03
3 64 2 6.429391e-03
4 64 2 1.522908e-02
5 64 2 3.261589e-02
6 64 2 5.224320e-02
7 64 2 6.621939e-02
8 64 2 5.176877e-02
9 64 2 2.964203e-02
10 64 2 1.310409e-02
11 64 2 5.987924e-03
12 64 2 4.097882e-03
1 65 2 8.910498e-04
2 65 2 1.104907e-03
3 65 2 2.420645e-03
4 65 2 6.826303e-03
5 65 2 1.431258e-02
6 65 2 2.432477e-02
7 65 2 3.152835e-02
8 65 2 2.353105e-02
9 65 2 1.334607e-02
10 65 2 4.735937e-03
11 65 2 2.084852e-03
12 65 2 1.510890e-03
1 66 2 5.901909e-04
2 66 2 7.296600e-04
3 66 2 1.734611e-03
4 66 2 5.690683e-03
5 66 2 1.183256e-02
6 66 2 2.034661e-02
7 66 2 2.806137e-02
8 66 2 2.121442e-02
9 66 2 1.200066e-02
10 66 2 3.975955e-03
11 66 2 1.523645e-03
12 66 2 9.450875e-04
1 67 2 1.995689e-04
2 67 2 2.661158e-04
3 67 2 6.767343e-04
4 67 2 2.499915e-03
5 67 2 5.672163e-03
6 67 2 9.673916e-03
7 67 2 1.352520e-02
8 67 2 1.040875e-02
9 67 2 5.692862e-03
10 67 2 2.093531e-03
11 67 2 6.619903e-04
12 67 2 2.979583e-04
1 68 2 4.809755e-05
2 68 2 6.458207e-05
3 68 2 1.918051e-04
4 68 2 8.816375e-04
5 68 2 2.402575e-03
6 68 2 4.604078e-03
7 68 2 6.601377e-03
8 68 2 4.909668e-03
9 68 2 2.356197e-03
10 68 2 8.656386e-04
11 68 2 1.973963e-04
12 68 2 6.868705e-05
1 69 2 2.900573e-05
2 69 2 4.112474e-05
3 69 2 9.834700e-05
4 69 2 4.312575e-04
5 69 2 1.382847e-03
6 69 2 3.272664e-03
7 69 2 4.794426e-03
8 69 2 3.690738e-03
9 69 2 1.585517e-03
10 69 2 5.155488e-04
11 69 2 9.989477e-05
12 69 2 3.756691e-05
1 70 2 1.204247e-04
2 70 2 1.407535e-04
3 70 2 2.016957e-04
4 70 2 5.262136e-04
5 70 2 1.319576e-03
6 70 2 3.204307e-03
7 70 2 5.186757e-03
8 70 2 4.727231e-03
9 70 2 2.440825e-03
10 70 2 8.700299e-04
11 70 2 2.646112e-04
12 70 2 1.489569e-04
1 71 2 1.035498e-04
2 71 2 1.050788e-04
3 71 2 1.189047e-04
4 71 2 1.908061e-04
5 71 2 3.695205e-04
6 71 2 7.708544e-04
7 71 2 1.183020e-03
8 71 2 1.176218e-03
9 71 2 7.546504e-04
10 71 2 3.594299e-04
11 71 2 1.717088e-04
12 71 2 1.192576e-04
1 72 2 4.342666e-07
2 72 2 4.147623e-07
3 72 2 4.493520e-07
4 72 2 5.729281e-07
5 72 2 8.914339e-07
6 72 2 1.551125e-06
7 72 2 2.402515e-06
8 72 2 2.310656e-06
9 72 2 1.616612e-06
10 72 2 9.802219e-07
11 72 2 6.039518e-07
12 72 2 4.313009e-07
1 76 2 5.652910e-01
2 76 2 5.171832e-01
3 76 2 5.223884e-01
4 76 2 5.682341e-01
5 76 2 7.725239e-01
6 76 2 1.101570e+00
7 76 2 1.477144e+00
8 76 2 1.576383e+00
9 76 2 1.501987e+00
10 76 2 1.003027e+00
11 76 2 6.474962e-01
12 76 2 5.662917e-01
1 77 2 5.370956e-01
2 77 2 6.974143e-01
3 77 2 9.135710e-01
4 77 2 1.476532e+00
5 77 2 2.479156e+00
6 77 2 3.827559e+00
7 77 2 5.200619e+00
8 77 2 4.936231e+00
9 77 2 3.656551e+00
10 77 2 1.847333e+00
11 77 2 8.106150e-01
12 77 2 5.109266e-01
1 78 2 6.297301e-01
2 78 2 8.604375e-01
3 78 2 1.198211e+00
4 78 2 2.149117e+00
5 78 2 3.360598e+00
6 78 2 5.335465e+00
7 78 2 6.586040e+00
8 78 2 6.167027e+00
9 78 2 3.998633e+00
10 78 2 2.120553e+00
11 78 2 1.145145e+00
12 78 2 6.611307e-01
1 79 2 1.870241e+00
2 79 2 2.294816e+00
3 79 2 3.369452e+00
4 79 2 5.588795e+00
5 79 2 8.490931e+00
6 79 2 1.387138e+01
7 79 2 1.699765e+01
8 79 2 1.610226e+01
9 79 2 1.111870e+01
10 79 2 6.711754e+00
11 79 2 3.824011e+00
12 79 2 2.342519e+00
1 80 2 9.712336e-01
2 80 2 9.731299e-01
3 80 2 1.222799e+00
4 80 2 1.653364e+00
5 80 2 2.465846e+00
6 80 2 3.751695e+00
7 80 2 4.830877e+00
8 80 2 4.782488e+00
9 80 2 3.969378e+00
10 80 2 2.782948e+00
11 80 2 1.623461e+00
12 80 2 1.200008e+00
1 81 2 3.548719e-09
2 81 2 3.215994e-09
3 81 2 3.387315e-09
4 81 2 4.016526e-09
5 81 2 5.783761e-09
6 81 2 7.793451e-09
7 81 2 1.039902e-08
8 81 2 1.115792e-08
9 81 2 1.014603e-08
10 81 2 7.784978e-09
11 81 2 5.146168e-09
12 81 2 4.213148e-09
1 84 2 1.705807e-02
2 84 2 1.803467e-02
3 84 2 2.230528e-02
4 84 2 2.818690e-02
5 84 2 3.779013e-02
6 84 2 6.192186e-02
7 84 2 8.293340e-02
8 84 2 7.947079e-02
9 84 2 5.963065e-02
10 84 2 3.763292e-02
11 84 2 2.528093e-02
12 84 2 1.931190e-02
1 85 2 6.928187e-02
2 85 2 7.801685e-02
3 85 2 1.014345e-01
4 85 2 1.473749e-01
5 85 2 2.359150e-01
6 85 2 3.603972e-01
7 85 2 4.986430e-01
8 85 2 4.743634e-01
9 85 2 3.415738e-01
10 85 2 1.884141e-01
11 85 2 1.062576e-01
12 85 2 7.710064e-02
1 86 2 3.393868e-03
2 86 2 3.842569e-03
3 86 2 4.910520e-03
4 86 2 7.132652e-03
5 86 2 1.146358e-02
6 86 2 1.663341e-02
7 86 2 2.284988e-02
8 86 2 2.292463e-02
9 86 2 1.696859e-02
10 86 2 9.839900e-03
11 86 2 5.420301e-03
12 86 2 3.873852e-03
1 87 2 2.719175e-03
2 87 2 3.678731e-03
3 87 2 5.252554e-03
4 87 2 8.303090e-03
5 87 2 1.456667e-02
6 87 2 2.189555e-02
7 87 2 2.968359e-02
8 87 2 3.024659e-02
9 87 2 2.192891e-02
10 87 2 1.234656e-02
11 87 2 5.424753e-03
12 87 2 3.297425e-03
1 88 2 6.958434e-04
2 88 2 9.881537e-04
3 88 2 1.549571e-03
4 88 2 2.940145e-03
5 88 2 6.034043e-03
6 88 2 9.483860e-03
7 88 2 1.214540e-02
8 88 2 1.065247e-02
9 88 2 6.883626e-03
10 88 2 3.253074e-03
11 88 2 1.667750e-03
12 88 2 9.263740e-04
1 89 2 1.681695e-03
2 89 2 2.339860e-03
3 89 2 4.440982e-03
4 89 2 8.352729e-03
5 89 2 1.666883e-02
6 89 2 2.490130e-02
7 89 2 2.904897e-02
8 89 2 2.543997e-02
9 89 2 1.660226e-02
10 89 2 7.900526e-03
11 89 2 4.347265e-03
12 89 2 2.406229e-03
1 90 2 2.720563e-04
2 90 2 3.585611e-04
3 90 2 7.115261e-04
4 90 2 1.277038e-03
5 90 2 1.960817e-03
6 90 2 2.595471e-03
7 90 2 2.914874e-03
8 90 2 2.697065e-03
9 90 2 1.965506e-03
10 90 2 1.172341e-03
11 90 2 6.463738e-04
12 90 2 3.679664e-04
1 91 2 7.155984e-08
2 91 2 1.012540e-07
3 91 2 2.115420e-07
4 91 2 3.997480e-07
5 91 2 5.899657e-07
6 91 2 7.499013e-07
7 91 2 8.420301e-07
8 91 2 7.722224e-07
9 91 2 5.552439e-07
10 91 2 3.436973e-07
11 91 2 1.781312e-07
12 91 2 9.144481e-08
1 92 2 3.664604e-08
2 92 2 5.234664e-08
3 92 2 1.312198e-07
4 92 2 3.130601e-07
5 92 2 5.903859e-07
6 92 2 9.046790e-07
7 92 2 1.085945e-06
8 92 2 9.883843e-07
9 92 2 6.183428e-07
10 92 2 3.286293e-07
11 92 2 1.288886e-07
12 92 2 5.532873e-08
1 93 2 2.354678e-04
2 93 2 2.841129e-04
3 93 2 5.841512e-04
4 93 2 1.361429e-03
5 93 2 2.428713e-03
6 93 2 3.854198e-03
7 93 2 5.170204e-03
8 93 2 5.082751e-03
9 93 2 3.418684e-03
10 93 2 1.968747e-03
11 93 2 8.431244e-04
12 93 2 3.511783e-04
1 94 2 2.223812e-05
2 94 2 2.212601e-05
3 94 2 2.954357e-05
4 94 2 5.235664e-05
5 94 2 8.936960e-05
6 94 2 1.407234e-04
7 94 2 1.944088e-04
8 94 2 2.118625e-04
9 94 2 1.745144e-04
10 94 2 1.053366e-04
11 94 2 5.653674e-05
12 94 2 3.089032e-05
1 98 2 7.148111e-02
2 98 2 6.653943e-02
3 98 2 6.265718e-02
4 98 2 6.671185e-02
5 98 2 7.571337e-02
6 98 2 8.663849e-02
7 98 2 9.745050e-02
8 98 2 1.027081e-01
9 98 2 1.013499e-01
10 98 2 9.580271e-02
11 98 2 8.617386e-02
12 98 2 7.841913e-02
1 101 2 6.324632e-05
2 101 2 6.498775e-05
3 101 2 6.659561e-05
4 101 2 8.212249e-05
5 101 2 1.056111e-04
6 101 2 1.233120e-04
7 101 2 1.316285e-04
8 101 2 1.318964e-04
9 101 2 1.268008e-04
10 101 2 1.087187e-04
11 101 2 8.360169e-05
12 101 2 6.705453e-05
1 102 2 3.390497e-01
2 102 2 3.832489e-01
3 102 2 4.710201e-01
4 102 2 5.891514e-01
5 102 2 6.817877e-01
6 102 2 7.442935e-01
7 102 2 7.652524e-01
8 102 2 7.749220e-01
9 102 2 6.984211e-01
10 102 2 5.380643e-01
11 102 2 4.318640e-01
12 102 2 3.539662e-01
1 103 2 5.755541e-01
2 103 2 5.873578e-01
3 103 2 6.401463e-01
4 103 2 7.233411e-01
5 103 2 8.423883e-01
6 103 2 9.640056e-01
7 103 2 1.042932e+00
8 103 2 1.094534e+00
9 103 2 1.073511e+00
10 103 2 9.381554e-01
11 103 2 7.717801e-01
12 103 2 6.417096e-01
1 104 2 1.063981e-04
2 104 2 1.020969e-04
3 104 2 1.032063e-04
4 104 2 1.131508e-04
5 104 2 1.323085e-04
6 104 2 1.518304e-04
7 104 2 1.704031e-04
8 104 2 1.840769e-04
9 104 2 1.855586e-04
10 104 2 1.733485e-04
11 104 2 1.425947e-04
12 104 2 1.180683e-04
1 107 2 2.382933e-04
2 107 2 2.513951e-04
3 107 2 2.935127e-04
4 107 2 3.363333e-04
5 107 2 3.771766e-04
6 107 2 4.828767e-04
7 107 2 5.278047e-04
8 107 2 5.256691e-04
9 107 2 4.921049e-04
10 107 2 4.209230e-04
11 107 2 3.346183e-04
12 107 2 2.616842e-04
1 108 2 5.155191e-06
2 108 2 6.588340e-06
3 108 2 9.570269e-06
4 108 2 1.482226e-05
5 108 2 2.300810e-05
6 108 2 3.157934e-05
7 108 2 3.380473e-05
8 108 2 2.987626e-05
9 108 2 2.417461e-05
10 108 2 1.667881e-05
11 108 2 8.687965e-06
12 108 2 5.530738e-06
1 109 2 9.774927e-06
2 109 2 1.291125e-05
3 109 2 2.019404e-05
4 109 2 3.504503e-05
5 109 2 5.970914e-05
6 109 2 7.526640e-05
7 109 2 7.647745e-05
8 109 2 7.030426e-05
9 109 2 5.645633e-05
10 109 2 3.961339e-05
11 109 2 1.761905e-05
12 109 2 1.029239e-05
1 110 2 4.305605e-06
2 110 2 5.484516e-06
3 110 2 8.808412e-06
4 110 2 1.363508e-05
5 110 2 2.114746e-05
6 110 2 2.448977e-05
7 110 2 2.632887e-05
8 110 2 2.603905e-05
9 110 2 2.192427e-05
10 110 2 1.598418e-05
11 110 2 7.731625e-06
12 110 2 4.550918e-06
1 111 2 1.476938e-04
2 111 2 1.847219e-04
3 111 2 2.990607e-04
4 111 2 4.532515e-04
5 111 2 6.850233e-04
6 111 2 8.785278e-04
7 111 2 9.286697e-04
8 111 2 9.198116e-04
9 111 2 7.832999e-04
10 111 2 5.098904e-04
11 111 2 2.746742e-04
12 111 2 1.677761e-04
1 112 2 1.701372e-04
2 112 2 2.193712e-04
3 112 2 3.848395e-04
4 112 2 6.399657e-04
5 112 2 9.731757e-04
6 112 2 1.185929e-03
7 112 2 1.207837e-03
8 112 2 1.125829e-03
9 112 2 8.594467e-04
10 112 2 5.705638e-04
11 112 2 3.274441e-04
12 112 2 2.012765e-04
1 113 2 9.756810e-05
2 113 2 1.236097e-04
3 113 2 2.076650e-04
4 113 2 3.105441e-04
5 113 2 3.821543e-04
6 113 2 3.336772e-04
7 113 2 2.863148e-04
8 113 2 2.734540e-04
9 113 2 2.704588e-04
10 113 2 2.469547e-04
11 113 2 1.727294e-04
12 113 2 1.166631e-04
1 114 2 2.659284e-04
2 114 2 3.606124e-04
3 114 2 6.424926e-04
4 114 2 9.365514e-04
5 114 2 1.080505e-03
6 114 2 7.909904e-04
7 114 2 6.533045e-04
8 114 2 5.988328e-04
9 114 2 5.778949e-04
10 114 2 5.172266e-04
11 114 2 3.942930e-04
12 114 2 2.920674e-04
1 115 2 8.850415e-05
2 115 2 1.287656e-04
3 115 2 2.041145e-04
4 115 2 2.530177e-04
5 115 2 2.259568e-04
6 115 2 2.097935e-04
7 115 2 2.023419e-04
8 115 2 1.941327e-04
9 115 2 1.785442e-04
10 115 2 1.595566e-04
11 115 2 1.212060e-04
12 115 2 8.695618e-05
1 116 2 5.600169e-05
2 116 2 7.168900e-05
3 116 2 1.096296e-04
4 116 2 1.551767e-04
5 116 2 1.804802e-04
6 116 2 2.055212e-04
7 116 2 2.154650e-04
8 116 2 2.062478e-04
9 116 2 1.670837e-04
10 116 2 1.335797e-04
11 116 2 9.704301e-05
12 116 2 6.392777e-05
1 117 2 1.052495e-05
2 117 2 1.099067e-05
3 117 2 1.388021e-05
4 117 2 1.900022e-05
5 117 2 2.419524e-05
6 117 2 2.866601e-05
7 117 2 3.051795e-05
8 117 2 3.047793e-05
9 117 2 2.780927e-05
10 117 2 2.380641e-05
11 117 2 1.921802e-05
12 117 2 1.388285e-05
1 126 2 1.167108e-06
2 126 2 1.213090e-06
3 126 2 1.314823e-06
4 126 2 1.388373e-06
5 126 2 1.371726e-06
6 126 2 1.274865e-06
7 126 2 1.228896e-06
8 126 2 1.240902e-06
9 126 2 1.234333e-06
10 126 2 1.212930e-06
11 126 2 1.185183e-06
12 126 2 1.167238e-06
1 127 2 1.175020e-04
2 127 2 1.195020e-04
3 127 2 1.261318e-04
4 127 2 1.309516e-04
5 127 2 1.327356e-04
6 127 2 1.285713e-04
7 127 2 1.286068e-04
8 127 2 1.315581e-04
9 127 2 1.301557e-04
10 127 2 1.249393e-04
11 127 2 1.210817e-04
12 127 2 1.195829e-04
1 128 2 5.324213e-04
2 128 2 5.467918e-04
3 128 2 5.613166e-04
4 128 2 5.479404e-04
5 128 2 5.330109e-04
6 128 2 5.169998e-04
7 128 2 5.510264e-04
8 128 2 6.265193e-04
9 128 2 6.587793e-04
10 128 2 6.222481e-04
11 128 2 5.658437e-04
12 128 2 5.331374e-04
1 129 2 1.518719e-05
2 129 2 1.497867e-05
3 129 2 1.535644e-05
4 129 2 1.580178e-05
5 129 2 1.604560e-05
6 129 2 1.647967e-05
7 129 2 1.721963e-05
8 129 2 1.876937e-05
9 129 2 1.961004e-05
10 129 2 1.969643e-05
11 129 2 1.798351e-05
12 129 2 1.597616e-05
1 133 2 3.260932e-04
2 133 2 3.791316e-04
3 133 2 4.551270e-04
4 133 2 4.672951e-04
5 133 2 4.457517e-04
6 133 2 4.097060e-04
7 133 2 3.656664e-04
8 133 2 3.424051e-04
9 133 2 3.570522e-04
10 133 2 3.802743e-04
11 133 2 3.627878e-04
12 133 2 3.174396e-04
1 135 2 1.409740e-05
2 135 2 1.588283e-05
3 135 2 1.888832e-05
4 135 2 2.034184e-05
5 135 2 1.954656e-05
6 135 2 1.743753e-05
7 135 2 1.506430e-05
8 135 2 1.521506e-05
9 135 2 1.616774e-05
10 135 2 1.520482e-05
11 135 2 1.457368e-05
12 135 2 1.368998e-05
1 136 2 1.577695e-05
2 136 2 1.623768e-05
3 136 2 2.008092e-05
4 136 2 2.441228e-05
5 136 2 2.673254e-05
6 136 2 2.439028e-05
7 136 2 2.158255e-05
8 136 2 2.153304e-05
9 136 2 2.164434e-05
10 136 2 2.036079e-05
11 136 2 1.925102e-05
12 136 2 1.709514e-05
1 137 2 3.838001e-06
2 137 2 4.026459e-06
3 137 2 4.616419e-06
4 137 2 5.072766e-06
5 137 2 5.007128e-06
6 137 2 4.607060e-06
7 137 2 4.262021e-06
8 137 2 4.112424e-06
9 137 2 4.115008e-06
10 137 2 4.286888e-06
11 137 2 4.238395e-06
12 137 2 3.996427e-06
1 138 2 1.532859e-04
2 138 2 1.685623e-04
3 138 2 1.955572e-04
4 138 2 2.176430e-04
5 138 2 2.195884e-04
6 138 2 1.929961e-04
7 138 2 1.787924e-04
8 138 2 1.724231e-04
9 138 2 1.728936e-04
10 138 2 1.739011e-04
11 138 2 1.686873e-04
12 138 2 1.564434e-04
1 139 2 2.589268e-04
2 139 2 2.948699e-04
3 139 2 3.294880e-04
4 139 2 3.458212e-04
5 139 2 3.409477e-04
6 139 2 3.175149e-04
7 139 2 3.004171e-04
8 139 2 2.892010e-04
9 139 2 2.854525e-04
10 139 2 2.876686e-04
11 139 2 2.737387e-04
12 139 2 2.505712e-04
1 140 2 8.576793e-05
2 140 2 8.868722e-05
3 140 2 9.632121e-05
4 140 2 1.091303e-04
5 140 2 1.158808e-04
6 140 2 1.113037e-04
7 140 2 1.053865e-04
8 140 2 1.016444e-04
9 140 2 1.001626e-04
10 140 2 1.007162e-04
11 140 2 9.858900e-05
12 140 2 9.191505e-05
1 141 2 1.346002e-04
2 141 2 1.332075e-04
3 141 2 1.370229e-04
4 141 2 1.503815e-04
5 141 2 1.622815e-04
6 141 2 1.604699e-04
7 141 2 1.561306e-04
8 141 2 1.513993e-04
9 141 2 1.501161e-04
10 141 2 1.504691e-04
11 141 2 1.519709e-04
12 141 2 1.475519e-04
1 150 2 1.556119e-07
2 150 2 1.703417e-07
3 150 2 1.823314e-07
4 150 2 1.864487e-07
5 150 2 1.744592e-07
6 150 2 1.538652e-07
7 150 2 1.403679e-07
8 150 2 1.369784e-07
9 150 2 1.325499e-07
10 150 2 1.295342e-07
11 150 2 1.320526e-07
12 150 2 1.405002e-07
1 151 2 1.009970e-04
2 151 2 1.074221e-04
3 151 2 1.138992e-04
4 151 2 1.165849e-04
5 151 2 1.128040e-04
6 151 2 1.061835e-04
7 151 2 1.038373e-04
8 151 2 1.078463e-04
9 151 2 1.026792e-04
10 151 2 9.635386e-05
11 151 2 9.352851e-05
12 151 2 9.586180e-05
1 152 2 8.005849e-05
2 152 2 8.109337e-05
3 152 2 8.184407e-05
4 152 2 7.777301e-05
5 152 2 7.476070e-05
6 152 2 7.342551e-05
7 152 2 8.394498e-05
8 152 2 1.119305e-04
9 152 2 1.188265e-04
10 152 2 1.012769e-04
11 152 2 8.684916e-05
12 152 2 8.031764e-05
1 153 2 9.277535e-05
2 153 2 9.502576e-05
3 153 2 1.002587e-04
4 153 2 9.834059e-05
5 153 2 9.496767e-05
6 153 2 9.323920e-05
7 153 2 1.088398e-04
8 153 2 1.422340e-04
9 153 2 1.729962e-04
10 153 2 1.546230e-04
11 153 2 1.169644e-04
12 153 2 9.759097e-05
1 154 2 2.524621e-04
2 154 2 2.510923e-04
3 154 2 2.612938e-04
4 154 2 2.503679e-04
5 154 2 2.341168e-04
6 154 2 2.105908e-04
7 154 2 1.988530e-04
8 154 2 2.071515e-04
9 154 2 2.335606e-04
10 154 2 2.624804e-04
11 154 2 2.766251e-04
12 154 2 2.674833e-04
1 157 2 1.005458e-05
2 157 2 1.044067e-05
3 157 2 1.117824e-05
4 157 2 1.102077e-05
5 157 2 1.074208e-05
6 157 2 1.009940e-05
7 157 2 9.636268e-06
8 157 2 9.539136e-06
9 157 2 9.470190e-06
10 157 2 9.635315e-06
11 157 2 9.704392e-06
12 157 2 9.831036e-06
1 163 2 4.679547e-05
2 163 2 4.742246e-05
3 163 2 4.882971e-05
4 163 2 5.175981e-05
5 163 2 5.181033e-05
6 163 2 4.790068e-05
7 163 2 4.428403e-05
8 163 2 4.158357e-05
9 163 2 4.217903e-05
10 163 2 4.462379e-05
11 163 2 4.636820e-05
12 163 2 4.673151e-05
1 164 2 1.770597e-04
2 164 2 1.755458e-04
3 164 2 1.804325e-04
4 164 2 1.888498e-04
5 164 2 1.866284e-04
6 164 2 1.726169e-04
7 164 2 1.597721e-04
8 164 2 1.560680e-04
9 164 2 1.671170e-04
10 164 2 1.830840e-04
11 164 2 1.867815e-04
12 164 2 1.836712e-04
1 165 2 2.062868e-04
2 165 2 2.021756e-04
3 165 2 2.047172e-04
4 165 2 2.092453e-04
5 165 2 2.069486e-04
6 165 2 1.904221e-04
7 165 2 1.795420e-04
8 165 2 1.817290e-04
9 165 2 1.937035e-04
10 165 2 2.071110e-04
11 165 2 2.178722e-04
12 165 2 2.181288e-04
1 166 2 9.582705e-05
2 166 2 9.487041e-05
3 166 2 9.330300e-05
4 166 2 9.286526e-05
5 166 2 8.982452e-05
6 166 2 8.307273e-05
7 166 2 7.844579e-05
8 166 2 7.903105e-05
9 166 2 8.198886e-05
10 166 2 8.624626e-05
11 166 2 9.298613e-05
12 166 2 9.767126e-05
1 170 2 1.550731e-06
2 170 2 1.705496e-06
3 170 2 1.675641e-06
4 170 2 1.523068e-06
5 170 2 1.269171e-06
6 170 2 1.067151e-06
7 170 2 1.009358e-06
8 170 2 9.636115e-07
9 170 2 9.798185e-07
10 170 2 1.091021e-06
11 170 2 1.203739e-06
12 170 2 1.386180e-06
1 171 2 5.576617e-06
2 171 2 6.121523e-06
3 171 2 6.195631e-06
4 171 2 5.512152e-06
5 171 2 4.585491e-06
6 171 2 3.929549e-06
7 171 2 3.567608e-06
8 171 2 3.380421e-06
9 171 2 3.429674e-06
10 171 2 3.730528e-06
11 171 2 4.257804e-06
12 171 2 5.030185e-06
1 175 2 1.603913e-07
2 175 2 1.695709e-07
3 175 2 1.700573e-07
4 175 2 1.592789e-07
5 175 2 1.383883e-07
6 175 2 1.261068e-07
7 175 2 1.234902e-07
8 175 2 1.224476e-07
9 175 2 1.138896e-07
10 175 2 1.151263e-07
11 175 2 1.203635e-07
12 175 2 1.404047e-07
1 176 2 1.158695e-04
2 176 2 1.167382e-04
3 176 2 1.142863e-04
4 176 2 1.009397e-04
5 176 2 8.165568e-05
6 176 2 7.399536e-05
7 176 2 7.386041e-05
8 176 2 8.426491e-05
9 176 2 9.177322e-05
10 176 2 9.794437e-05
11 176 2 1.045483e-04
12 176 2 1.110560e-04
1 177 2 5.078307e-04
2 177 2 4.934728e-04
3 177 2 4.659302e-04
4 177 2 4.074249e-04
5 177 2 3.331626e-04
6 177 2 2.844927e-04
7 177 2 2.960103e-04
8 177 2 3.546748e-04
9 177 2 4.457708e-04
10 177 2 4.635845e-04
11 177 2 4.729876e-04
12 177 2 4.739539e-04
1 178 2 1.849953e-04
2 178 2 1.828332e-04
3 178 2 1.752590e-04
4 178 2 1.468952e-04
5 178 2 1.279023e-04
6 178 2 1.081059e-04
7 178 2 1.029640e-04
8 178 2 1.037218e-04
9 178 2 1.182921e-04
10 178 2 1.272790e-04
11 178 2 1.437544e-04
12 178 2 1.595976e-04
1 181 2 2.261530e-06
2 181 2 2.388675e-06
3 181 2 2.421569e-06
4 181 2 2.315344e-06
5 181 2 1.909437e-06
6 181 2 1.651084e-06
7 181 2 1.459898e-06
8 181 2 1.494087e-06
9 181 2 1.618691e-06
10 181 2 1.752741e-06
11 181 2 1.985002e-06
12 181 2 2.113452e-06
1 182 2 2.697651e-04
2 182 2 2.493461e-04
3 182 2 2.351222e-04
4 182 2 1.964064e-04
5 182 2 1.538037e-04
6 182 2 1.150359e-04
7 182 2 1.140579e-04
8 182 2 1.584976e-04
9 182 2 2.199324e-04
10 182 2 2.697393e-04
11 182 2 2.981174e-04
12 182 2 2.861487e-04
1 183 2 5.737963e-05
2 183 2 5.512275e-05
3 183 2 5.262501e-05
4 183 2 4.771650e-05
5 183 2 4.014784e-05
6 183 2 3.258473e-05
7 183 2 3.031667e-05
8 183 2 3.599989e-05
9 183 2 4.185806e-05
10 183 2 4.951805e-05
11 183 2 5.391011e-05
12 183 2 5.545003e-05
1 184 2 1.791923e-05
2 184 2 1.815680e-05
3 184 2 1.758458e-05
4 184 2 1.582498e-05
5 184 2 1.315605e-05
6 184 2 1.063257e-05
7 184 2 9.587905e-06
8 184 2 1.001363e-05
9 184 2 1.060777e-05
10 184 2 1.218168e-05
11 184 2 1.425339e-05
12 184 2 1.624571e-05
1 188 2 8.044732e-04
2 188 2 7.974591e-04
3 188 2 7.391731e-04
4 188 2 6.035852e-04
5 188 2 4.265899e-04
6 188 2 3.244794e-04
7 188 2 2.792118e-04
8 188 2 2.840218e-04
9 188 2 3.847060e-04
10 188 2 5.055579e-04
11 188 2 6.020693e-04
12 188 2 7.509423e-04
1 189 2 7.016861e-04
2 189 2 6.484995e-04
3 189 2 5.882468e-04
4 189 2 4.348018e-04
5 189 2 2.878777e-04
6 189 2 2.035763e-04
7 189 2 1.935576e-04
8 189 2 2.377528e-04
9 189 2 3.824669e-04
10 189 2 5.445769e-04
11 189 2 6.623871e-04
12 189 2 6.921913e-04
1 190 2 2.872774e-03
2 190 2 2.722006e-03
3 190 2 2.362707e-03
4 190 2 1.673456e-03
5 190 2 1.167570e-03
6 190 2 8.470054e-04
7 190 2 7.958566e-04
8 190 2 9.594028e-04
9 190 2 1.347588e-03
10 190 2 1.837089e-03
11 190 2 2.407173e-03
12 190 2 2.700804e-03
1 191 2 1.852082e-03
2 191 2 1.919246e-03
3 191 2 1.865517e-03
4 191 2 1.541126e-03
5 191 2 1.267297e-03
6 191 2 1.041062e-03
7 191 2 9.152689e-04
8 191 2 9.295352e-04
9 191 2 1.014142e-03
10 191 2 1.138270e-03
11 191 2 1.399953e-03
12 191 2 1.647031e-03
1 192 2 1.070786e-05
2 192 2 1.157222e-05
3 192 2 1.127491e-05
4 192 2 9.762386e-06
5 192 2 8.250688e-06
6 192 2 7.025130e-06
7 192 2 6.173691e-06
8 192 2 5.736809e-06
9 192 2 5.906885e-06
10 192 2 6.486435e-06
11 192 2 7.743127e-06
12 192 2 9.297802e-06
1 200 2 5.039869e-04
2 200 2 5.184771e-04
3 200 2 4.240005e-04
4 200 2 2.802946e-04
5 200 2 1.834669e-04
6 200 2 1.494168e-04
7 200 2 1.419537e-04
8 200 2 1.530850e-04
9 200 2 1.695687e-04
10 200 2 2.168019e-04
11 200 2 3.012782e-04
12 200 2 4.151001e-04
1 201 2 3.416157e-04
2 201 2 3.524766e-04
3 201 2 3.226714e-04
4 201 2 2.483694e-04
5 201 2 1.871701e-04
6 201 2 1.548509e-04
7 201 2 1.463428e-04
8 201 2 1.513783e-04
9 201 2 1.498193e-04
10 201 2 1.782655e-04
11 201 2 2.272406e-04
12 201 2 2.830212e-04
1 206 2 1.793356e-04
2 206 2 1.937058e-04
3 206 2 1.752519e-04
4 206 2 1.495504e-04
5 206 2 1.236774e-04
6 206 2 1.078363e-04
7 206 2 9.249062e-05
8 206 2 9.081408e-05
9 206 2 9.830529e-05
10 206 2 1.112760e-04
11 206 2 1.304412e-04
12 206 2 1.536733e-04
1 207 2 6.823486e-06
2 207 2 7.450390e-06
3 207 2 7.065791e-06
4 207 2 6.406912e-06
5 207 2 5.681986e-06
6 207 2 4.873414e-06
7 207 2 4.295478e-06
8 207 2 4.229951e-06
9 207 2 4.267750e-06
10 207 2 4.700773e-06
11 207 2 5.066040e-06
12 207 2 5.795236e-06
1 212 2 1.132941e-03
2 212 2 1.209345e-03
3 212 2 1.073412e-03
4 212 2 9.024075e-04
5 212 2 7.033552e-04
6 212 2 5.676662e-04
7 212 2 4.711950e-04
8 212 2 4.554057e-04
9 212 2 5.172164e-04
10 212 2 6.102910e-04
11 212 2 7.239115e-04
12 212 2 9.571493e-04
1 213 2 2.465110e-04
2 213 2 2.694179e-04
3 213 2 2.283211e-04
4 213 2 1.932086e-04
5 213 2 1.490862e-04
6 213 2 1.149245e-04
7 213 2 9.753721e-05
8 213 2 9.521994e-05
9 213 2 1.146965e-04
10 213 2 1.413501e-04
11 213 2 1.735762e-04
12 213 2 2.124083e-04
1 214 2 8.768792e-03
2 214 2 9.296019e-03
3 214 2 7.468773e-03
4 214 2 5.547318e-03
5 214 2 4.100486e-03
6 214 2 3.021871e-03
7 214 2 2.616986e-03
8 214 2 2.697915e-03
9 214 2 3.405541e-03
10 214 2 4.565668e-03
11 214 2 6.249981e-03
12 214 2 7.580138e-03
1 215 2 3.248417e-03
2 215 2 3.341430e-03
3 215 2 3.115372e-03
4 215 2 2.482820e-03
5 215 2 2.016683e-03
6 215 2 1.620363e-03
7 215 2 1.400218e-03
8 215 2 1.403661e-03
9 215 2 1.578511e-03
10 215 2 1.877921e-03
11 215 2 2.364561e-03
12 215 2 2.856520e-03
1 216 2 2.298739e-03
2 216 2 2.400052e-03
3 216 2 2.250658e-03
4 216 2 1.829654e-03
5 216 2 1.465082e-03
6 216 2 1.260363e-03
7 216 2 1.107531e-03
8 216 2 1.059004e-03
9 216 2 1.098905e-03
10 216 2 1.249009e-03
11 216 2 1.502346e-03
12 216 2 1.930786e-03
1 224 2 1.473907e-05
2 224 2 1.611329e-05
3 224 2 1.406081e-05
4 224 2 1.210847e-05
5 224 2 9.777814e-06
6 224 2 8.309246e-06
7 224 2 7.548870e-06
8 224 2 7.884708e-06
9 224 2 8.108523e-06
10 224 2 9.563614e-06
11 224 2 1.142084e-05
12 224 2 1.362597e-05
1 240 2 1.420219e-04
2 240 2 1.448614e-04
3 240 2 1.324722e-04
4 240 2 1.169938e-04
5 240 2 1.016826e-04
6 240 2 8.770481e-05
7 240 2 8.592567e-05
8 240 2 8.858438e-05
9 240 2 8.623157e-05
10 240 2 9.286239e-05
11 240 2 1.020330e-04
12 240 2 1.264521e-04
