1 7 2 7.233172e-08
2 7 2 6.179218e-08
3 7 2 6.757872e-08
4 7 2 1.746633e-07
5 7 2 6.009667e-07
6 7 2 1.618629e-06
7 7 2 2.190053e-06
8 7 2 1.493199e-06
9 7 2 6.457583e-07
10 7 2 2.830986e-07
11 7 2 1.499895e-07
12 7 2 8.848405e-08
1 25 2 1.391796e-04
2 25 2 1.321505e-04
3 25 2 1.861782e-04
4 25 2 3.397339e-04
5 25 2 9.504118e-04
6 25 2 1.723451e-03
7 25 2 2.089327e-03
8 25 2 1.602145e-03
9 25 2 9.052965e-04
10 25 2 4.236459e-04
11 25 2 2.019993e-04
12 25 2 1.169772e-04
1 26 2 7.801543e-04
2 26 2 6.420744e-04
3 26 2 1.061722e-03
4 26 2 2.369852e-03
5 26 2 6.675507e-03
6 26 2 1.275003e-02
7 26 2 1.383375e-02
8 26 2 1.035045e-02
9 26 2 5.661153e-03
10 26 2 2.278835e-03
11 26 2 1.190598e-03
12 26 2 7.360866e-04
1 27 2 3.211162e-03
2 27 2 2.835168e-03
3 27 2 4.970035e-03
4 27 2 1.265807e-02
5 27 2 3.564607e-02
6 27 2 7.368475e-02
7 27 2 8.310393e-02
8 27 2 6.255014e-02
9 27 2 3.232370e-02
10 27 2 1.213833e-02
11 27 2 6.432881e-03
12 27 2 3.979180e-03
1 28 2 7.506625e-06
2 28 2 6.831230e-06
3 28 2 1.148894e-05
4 28 2 3.122969e-05
5 28 2 8.917986e-05
6 28 2 1.909326e-04
7 28 2 2.276361e-04
8 28 2 1.715263e-04
9 28 2 8.823679e-05
10 28 2 3.436395e-05
11 28 2 1.715498e-05
12 28 2 1.069518e-05
1 29 2 1.006987e-05
2 29 2 9.526130e-06
3 29 2 1.517560e-05
4 29 2 4.563050e-05
5 29 2 1.364553e-04
6 29 2 3.358287e-04
7 29 2 4.574761e-04
8 29 2 3.403654e-04
9 29 2 1.563128e-04
10 29 2 5.793533e-05
11 29 2 2.738626e-05
12 29 2 1.709570e-05
1 30 2 2.284348e-06
2 30 2 1.997805e-06
3 30 2 3.175211e-06
4 30 2 9.718423e-06
5 30 2 2.692154e-05
6 30 2 7.321611e-05
7 30 2 1.061233e-04
8 30 2 8.126990e-05
9 30 2 3.677183e-05
10 30 2 1.439316e-05
11 30 2 6.639168e-06
12 30 2 3.976187e-06
1 31 2 4.073356e-06
2 31 2 3.138864e-06
3 31 2 4.768315e-06
4 31 2 1.327180e-05
5 31 2 3.427423e-05
6 31 2 9.024233e-05
7 31 2 1.272617e-04
8 31 2 1.027225e-04
9 31 2 5.138863e-05
10 31 2 2.353346e-05
11 31 2 1.129893e-05
12 31 2 6.296290e-06
1 32 2 4.818205e-06
2 32 2 3.988547e-06
3 32 2 5.575300e-06
4 32 2 1.238854e-05
5 32 2 3.308812e-05
6 32 2 7.837925e-05
7 32 2 1.011185e-04
8 32 2 8.352846e-05
9 32 2 4.664325e-05
10 32 2 2.404506e-05
11 32 2 1.242551e-05
12 32 2 6.443994e-06
1 35 2 2.162532e-04
2 35 2 2.060568e-04
3 35 2 2.238386e-04
4 35 2 2.982852e-04
5 35 2 4.676017e-04
6 35 2 7.141300e-04
7 35 2 8.593176e-04
8 35 2 7.890812e-04
9 35 2 5.362900e-04
10 35 2 3.877370e-04
11 35 2 2.936901e-04
12 35 2 2.385966e-04
1 36 2 2.594309e-05
2 36 2 2.435551e-05
3 36 2 2.699311e-05
4 36 2 3.242109e-05
5 36 2 4.434122e-05
6 36 2 6.396587e-05
7 36 2 7.533373e-05
8 36 2 7.674451e-05
9 36 2 5.858137e-05
10 36 2 4.589615e-05
11 36 2 3.512826e-05
12 36 2 2.910674e-05
1 37 2 2.333294e-03
2 37 2 2.258304e-03
3 37 2 2.845569e-03
4 37 2 3.659019e-03
5 37 2 5.531739e-03
6 37 2 8.390081e-03
7 37 2 9.758095e-03
8 37 2 9.592438e-03
9 37 2 7.059142e-03
10 37 2 5.293122e-03
11 37 2 3.730652e-03
12 37 2 2.857997e-03
1 38 2 3.976785e-03
2 38 2 3.973219e-03
3 38 2 6.052675e-03
4 38 2 8.974088e-03
5 38 2 1.638436e-02
6 38 2 2.907280e-02
7 38 2 3.446467e-02
8 38 2 2.989088e-02
9 38 2 1.930723e-02
10 38 2 1.319647e-02
11 38 2 7.540725e-03
12 38 2 5.441678e-03
1 39 2 8.581810e-04
2 39 2 8.940519e-04
3 39 2 1.448179e-03
4 39 2 2.236109e-03
5 39 2 4.338793e-03
6 39 2 8.387980e-03
7 39 2 1.041553e-02
8 39 2 8.432593e-03
9 39 2 5.315167e-03
10 39 2 3.356465e-03
11 39 2 1.698970e-03
12 39 2 1.240125e-03
1 40 2 2.025197e-04
2 40 2 2.221992e-04
3 40 2 3.962891e-04
4 40 2 6.663915e-04
5 40 2 1.456765e-03
6 40 2 3.307499e-03
7 40 2 4.138192e-03
8 40 2 3.035674e-03
9 40 2 1.869944e-03
10 40 2 1.007543e-03
11 40 2 4.316025e-04
12 40 2 3.215304e-04
1 41 2 1.078508e-04
2 41 2 1.152979e-04
3 41 2 2.310532e-04
4 41 2 4.115221e-04
5 41 2 1.032158e-03
6 41 2 2.619206e-03
7 41 2 3.386478e-03
8 41 2 2.375260e-03
9 41 2 1.327405e-03
10 41 2 5.753098e-04
11 41 2 2.210186e-04
12 41 2 1.842162e-04
1 42 2 5.840139e-05
2 42 2 6.108902e-05
3 42 2 1.317376e-04
4 42 2 2.598777e-04
5 42 2 7.387888e-04
6 42 2 2.049179e-03
7 42 2 2.868610e-03
8 42 2 1.915703e-03
9 42 2 9.071856e-04
10 42 2 3.246720e-04
11 42 2 1.210439e-04
12 42 2 9.929893e-05
1 43 2 1.636651e-06
2 43 2 1.696996e-06
3 43 2 4.004031e-06
4 43 2 9.769955e-06
5 43 2 3.270183e-05
6 43 2 9.644280e-05
7 43 2 1.409860e-04
8 43 2 8.850123e-05
9 43 2 3.618981e-05
10 43 2 1.111119e-05
11 43 2 3.789154e-06
12 43 2 2.655089e-06
1 44 2 6.758008e-06
2 44 2 6.790275e-06
3 44 2 1.476989e-05
4 44 2 3.993004e-05
5 44 2 1.491774e-04
6 44 2 4.701074e-04
7 44 2 6.870879e-04
8 44 2 4.143098e-04
9 44 2 1.493524e-04
10 44 2 4.425010e-05
11 44 2 1.452301e-05
12 44 2 9.819185e-06
1 45 2 1.554015e-05
2 45 2 1.741596e-05
3 45 2 3.173490e-05
4 45 2 9.358876e-05
5 45 2 3.919315e-04
6 45 2 1.300470e-03
7 45 2 1.819340e-03
8 45 2 1.107794e-03
9 45 2 3.809454e-04
10 45 2 9.726332e-05
11 45 2 2.819245e-05
12 45 2 1.842519e-05
1 46 2 7.047788e-06
2 46 2 8.866289e-06
3 46 2 1.393714e-05
4 46 2 3.870201e-05
5 46 2 1.519812e-04
6 46 2 4.714287e-04
7 46 2 6.594955e-04
8 46 2 4.132475e-04
9 46 2 1.552275e-04
10 46 2 3.762531e-05
11 46 2 1.034468e-05
12 46 2 7.377205e-06
1 47 2 9.262114e-06
2 47 2 1.178732e-05
3 47 2 1.661017e-05
4 47 2 3.721555e-05
5 47 2 1.268492e-04
6 47 2 3.494692e-04
7 47 2 4.739549e-04
8 47 2 3.213754e-04
9 47 2 1.361444e-04
10 47 2 4.199216e-05
11 47 2 1.238878e-05
12 47 2 9.417123e-06
1 48 2 1.254231e-05
2 48 2 1.440783e-05
3 48 2 1.981717e-05
4 48 2 3.869874e-05
5 48 2 1.200896e-04
6 48 2 2.762267e-04
7 48 2 3.670796e-04
8 48 2 2.582616e-04
9 48 2 1.229429e-04
10 48 2 4.583747e-05
11 48 2 1.650092e-05
12 48 2 1.094240e-05
1 49 2 4.055772e-04
2 49 2 3.690394e-04
3 49 2 4.185990e-04
4 49 2 4.899330e-04
5 49 2 7.007086e-04
6 49 2 1.066088e-03
7 49 2 1.589894e-03
8 49 2 1.495072e-03
9 49 2 1.042796e-03
10 49 2 7.462205e-04
11 49 2 5.448014e-04
12 49 2 3.974316e-04
1 50 2 1.652497e-03
2 50 2 1.426434e-03
3 50 2 1.672001e-03
4 50 2 1.905908e-03
5 50 2 2.682433e-03
6 50 2 3.936433e-03
7 50 2 5.432856e-03
8 50 2 5.224577e-03
9 50 2 3.783069e-03
10 50 2 2.696730e-03
11 50 2 2.018990e-03
12 50 2 1.589734e-03
1 51 2 6.340231e-04
2 51 2 5.786454e-04
3 51 2 6.287621e-04
4 51 2 7.257995e-04
5 51 2 9.892830e-04
6 51 2 1.387391e-03
7 51 2 1.807973e-03
8 51 2 1.792960e-03
9 51 2 1.489687e-03
10 51 2 1.047808e-03
11 51 2 7.852934e-04
12 51 2 6.580999e-04
1 52 2 1.562775e-01
2 52 2 1.642611e-01
3 52 2 2.063492e-01
4 52 2 3.008291e-01
5 52 2 5.087416e-01
6 52 2 7.001423e-01
7 52 2 8.980625e-01
8 52 2 8.399960e-01
9 52 2 6.780760e-01
10 52 2 3.873611e-01
11 52 2 2.331535e-01
12 52 2 1.797969e-01
1 53 2 2.311559e-02
2 53 2 2.900162e-02
3 53 2 4.913487e-02
4 53 2 1.072467e-01
5 53 2 2.042306e-01
6 53 2 3.049682e-01
7 53 2 4.233321e-01
8 53 2 3.607282e-01
9 53 2 2.441437e-01
10 53 2 1.076776e-01
11 53 2 4.802712e-02
12 53 2 3.042713e-02
1 54 2 2.175837e-02
2 54 2 2.822617e-02
3 54 2 5.278409e-02
4 54 2 1.311633e-01
5 54 2 2.583508e-01
6 54 2 4.990158e-01
7 54 2 7.088757e-01
8 54 2 5.944104e-01
9 54 2 3.605006e-01
10 54 2 1.533199e-01
11 54 2 6.571993e-02
12 54 2 3.625240e-02
1 55 2 5.503428e-03
2 55 2 6.137790e-03
3 55 2 1.144988e-02
4 55 2 2.681047e-02
5 55 2 5.320285e-02
6 55 2 1.136199e-01
7 55 2 1.579403e-01
8 55 2 1.362098e-01
9 55 2 8.637541e-02
10 55 2 4.141563e-02
11 55 2 1.937679e-02
12 55 2 1.109520e-02
1 56 2 5.920546e-03
2 56 2 6.144235e-03
3 56 2 1.064198e-02
4 56 2 2.373009e-02
5 56 2 5.187081e-02
6 56 2 1.022488e-01
7 56 2 1.413679e-01
8 56 2 1.173282e-01
9 56 2 7.668849e-02
10 56 2 3.951269e-02
11 56 2 1.781379e-02
12 56 2 1.021638e-02
1 57 2 8.969895e-04
2 57 2 8.558169e-04
3 57 2 1.052606e-03
4 57 2 1.597691e-03
5 57 2 2.673188e-03
6 57 2 4.349610e-03
7 57 2 6.193895e-03
8 57 2 5.582212e-03
9 57 2 4.153170e-03
10 57 2 2.667780e-03
11 57 2 1.631361e-03
12 57 2 1.172386e-03
1 60 2 1.028397e-01
2 60 2 9.959094e-02
3 60 2 1.142110e-01
4 60 2 1.354526e-01
5 60 2 1.670023e-01
6 60 2 2.197739e-01
7 60 2 2.558608e-01
8 60 2 2.559684e-01
9 60 2 2.172260e-01
10 60 2 1.773285e-01
11 60 2 1.418214e-01
12 60 2 1.175554e-01
1 61 2 4.862619e-01
2 61 2 4.891868e-01
3 61 2 6.880329e-01
4 61 2 1.036323e+00
5 61 2 1.511679e+00
6 61 2 2.129710e+00
7 61 2 2.520306e+00
8 61 2 2.424743e+00
9 61 2 1.884089e+00
10 61 2 1.281569e+00
11 61 2 8.360450e-01
12 61 2 5.863950e-01
1 62 2 9.266705e-03
2 62 2 1.014922e-02
3 62 2 1.597673e-02
4 62 2 2.892276e-02
5 62 2 4.960876e-02
6 62 2 7.037399e-02
7 62 2 8.605317e-02
8 62 2 8.032751e-02
9 62 2 5.597400e-02
10 62 2 3.337947e-02
11 62 2 1.812653e-02
12 62 2 1.179623e-02
1 63 2 1.250607e-02
2 63 2 1.518183e-02
3 63 2 2.540320e-02
4 63 2 5.342935e-02
5 63 2 1.025397e-01
6 63 2 1.524416e-01
7 63 2 1.949360e-01
8 63 2 1.696325e-01
9 63 2 1.036062e-01
10 63 2 5.658048e-02
11 63 2 2.613494e-02
12 63 2 1.710904e-02
1 64 2 2.990460e-03
2 64 2 3.831091e-03
3 64 2 7.295322e-03
4 64 2 1.728018e-02
5 64 2 3.700871e-02
6 64 2 5.927948e-02
7 64 2 7.513803e-02
8 64 2 5.874116e-02
9 64 2 3.363431e-02
10 64 2 1.486899e-02
11 64 2 6.794397e-03
12 64 2 4.649798e-03
1 65 2 1.011256e-03
2 65 2 1.253963e-03
3 65 2 2.747198e-03
4 65 2 7.747196e-03
5 65 2 1.624340e-02
6 65 2 2.760627e-02
7 65 2 3.578164e-02
8 65 2 2.670548e-02
9 65 2 1.514651e-02
10 65 2 5.374832e-03
11 65 2 2.366107e-03
12 65 2 1.714714e-03
1 66 2 6.695812e-04
2 66 2 8.278112e-04
3 66 2 1.967944e-03
4 66 2 6.456172e-03
5 66 2 1.342423e-02
6 66 2 2.308356e-02
7 66 2 3.183608e-02
8 66 2 2.406811e-02
9 66 2 1.361494e-02
10 66 2 4.510786e-03
11 66 2 1.728601e-03
12 66 2 1.072217e-03
1 67 2 2.273489e-04
2 67 2 3.031592e-04
3 67 2 7.709358e-04
4 67 2 2.847904e-03
5 67 2 6.461729e-03
6 67 2 1.102053e-02
7 67 2 1.540791e-02
8 67 2 1.185765e-02
9 67 2 6.485309e-03
10 67 2 2.384951e-03
11 67 2 7.541394e-04
12 67 2 3.394341e-04
1 68 2 5.532997e-05
2 68 2 7.429326e-05
3 68 2 2.206468e-04
4 68 2 1.014209e-03
5 68 2 2.763850e-03
6 68 2 5.296393e-03
7 68 2 7.594025e-03
8 68 2 5.647934e-03
9 68 2 2.710499e-03
10 68 2 9.958046e-04
11 68 2 2.270787e-04
12 68 2 7.901551e-05
1 69 2 3.291887e-05
2 69 2 4.667284e-05
3 69 2 1.116149e-04
4 69 2 4.894381e-04
5 69 2 1.569406e-03
6 69 2 3.714176e-03
7 69 2 5.441238e-03
8 69 2 4.188652e-03
9 69 2 1.799418e-03
10 69 2 5.851011e-04
11 69 2 1.133715e-04
12 69 2 4.263503e-05
1 70 2 1.369491e-04
2 70 2 1.600673e-04
3 70 2 2.293719e-04
4 70 2 5.984194e-04
5 70 2 1.500646e-03
6 70 2 3.643995e-03
7 70 2 5.898471e-03
8 70 2 5.375891e-03
9 70 2 2.775750e-03
10 70 2 9.894133e-04
11 70 2 3.009205e-04
12 70 2 1.693964e-04
1 71 2 1.174731e-04
2 71 2 1.192077e-04
3 71 2 1.348926e-04
4 71 2 2.164618e-04
5 71 2 4.192062e-04
6 71 2 8.745035e-04
7 71 2 1.342088e-03
8 71 2 1.334372e-03
9 71 2 8.561207e-04
10 71 2 4.077589e-04
11 71 2 1.947968e-04
12 71 2 1.352930e-04
1 72 2 4.944800e-07
2 72 2 4.722714e-07
3 72 2 5.116571e-07
4 72 2 6.523677e-07
5 72 2 1.015036e-06
6 72 2 1.766197e-06
7 72 2 2.735636e-06
8 72 2 2.631041e-06
9 72 2 1.840764e-06
10 72 2 1.116135e-06
11 72 2 6.876931e-07
12 72 2 4.911032e-07
1 76 2 5.781584e-01
2 76 2 5.289555e-01
3 76 2 5.342792e-01
4 76 2 5.811685e-01
5 76 2 7.901084e-01
6 76 2 1.126644e+00
7 76 2 1.510767e+00
8 76 2 1.612266e+00
9 76 2 1.536176e+00
10 76 2 1.025858e+00
11 76 2 6.622347e-01
12 76 2 5.791818e-01
1 77 2 5.495881e-01
2 77 2 7.136357e-01
3 77 2 9.348200e-01
4 77 2 1.510875e+00
5 77 2 2.536820e+00
6 77 2 3.916585e+00
7 77 2 5.321582e+00
8 77 2 5.051044e+00
9 77 2 3.741599e+00
10 77 2 1.890300e+00
11 77 2 8.294693e-01
12 77 2 5.228104e-01
1 78 2 6.442787e-01
2 78 2 8.803160e-01
3 78 2 1.225893e+00
4 78 2 2.198768e+00
5 78 2 3.438238e+00
6 78 2 5.458729e+00
7 78 2 6.738197e+00
8 78 2 6.309503e+00
9 78 2 4.091013e+00
10 78 2 2.169544e+00
11 78 2 1.171601e+00
12 78 2 6.764047e-01
1 79 2 1.920019e+00
2 79 2 2.355895e+00
3 79 2 3.459133e+00
4 79 2 5.737546e+00
5 79 2 8.716925e+00
6 79 2 1.424058e+01
7 79 2 1.745005e+01
8 79 2 1.653083e+01
9 79 2 1.141464e+01
10 79 2 6.890394e+00
11 79 2 3.925791e+00
12 79 2 2.404867e+00
1 80 2 9.942019e-01
2 80 2 9.961431e-01
3 80 2 1.251716e+00
4 80 2 1.692464e+00
5 80 2 2.524159e+00
6 80 2 3.840418e+00
7 80 2 4.945121e+00
8 80 2 4.895587e+00
9 80 2 4.063248e+00
10 80 2 2.848761e+00
11 80 2 1.661854e+00
12 80 2 1.228387e+00
1 81 2 1.357878e-08
2 81 2 1.230565e-08
3 81 2 1.296119e-08
4 81 2 1.536879e-08
5 81 2 2.213092e-08
6 81 2 2.982077e-08
7 81 2 3.979069e-08
8 81 2 4.269453e-08
9 81 2 3.882265e-08
10 81 2 2.978835e-08
11 81 2 1.969124e-08
12 81 2 1.612114e-08
1 84 2 2.353181e-02
2 84 2 2.487905e-02
3 84 2 3.077040e-02
4 84 2 3.888417e-02
5 84 2 5.213193e-02
6 84 2 8.542195e-02
7 84 2 1.144076e-01
8 84 2 1.096309e-01
9 84 2 8.226120e-02
10 84 2 5.191507e-02
11 84 2 3.487535e-02
12 84 2 2.664100e-02
1 85 2 7.630692e-02
2 85 2 8.592762e-02
3 85 2 1.117198e-01
4 85 2 1.623184e-01
5 85 2 2.598364e-01
6 85 2 3.969408e-01
7 85 2 5.492045e-01
8 85 2 5.224630e-01
9 85 2 3.762088e-01
10 85 2 2.075190e-01
11 85 2 1.170320e-01
12 85 2 8.491850e-02
1 86 2 8.379340e-03
2 86 2 9.487165e-03
3 86 2 1.212390e-02
4 86 2 1.761026e-02
5 86 2 2.830318e-02
6 86 2 4.106729e-02
7 86 2 5.641555e-02
8 86 2 5.660009e-02
9 86 2 4.189485e-02
10 86 2 2.429436e-02
11 86 2 1.338253e-02
12 86 2 9.564403e-03
1 87 2 4.316762e-03
2 87 2 5.840083e-03
3 87 2 8.338568e-03
4 87 2 1.318138e-02
5 87 2 2.312497e-02
6 87 2 3.475976e-02
7 87 2 4.712349e-02
8 87 2 4.801726e-02
9 87 2 3.481273e-02
10 87 2 1.960049e-02
11 87 2 8.611939e-03
12 87 2 5.234750e-03
1 88 2 1.184383e-03
2 88 2 1.681919e-03
3 88 2 2.637497e-03
4 88 2 5.004368e-03
5 88 2 1.027044e-02
6 88 2 1.614231e-02
7 88 2 2.067247e-02
8 88 2 1.813137e-02
9 88 2 1.171650e-02
10 88 2 5.536999e-03
11 88 2 2.838647e-03
12 88 2 1.576765e-03
1 89 2 1.969228e-03
2 89 2 2.739926e-03
3 89 2 5.200294e-03
4 89 2 9.780866e-03
5 89 2 1.951884e-02
6 89 2 2.915888e-02
7 89 2 3.401572e-02
8 89 2 2.978966e-02
9 89 2 1.944089e-02
10 89 2 9.251345e-03
11 89 2 5.090553e-03
12 89 2 2.817642e-03
1 90 2 3.509068e-04
2 90 2 4.624835e-04
3 90 2 9.177488e-04
4 90 2 1.647164e-03
5 90 2 2.529124e-03
6 90 2 3.347720e-03
7 90 2 3.759696e-03
8 90 2 3.478760e-03
9 90 2 2.535171e-03
10 90 2 1.512122e-03
11 90 2 8.337134e-04
12 90 2 4.746147e-04
1 91 2 3.892545e-07
2 91 2 5.507780e-07
3 91 2 1.150697e-06
4 91 2 2.174456e-06
5 91 2 3.209157e-06
6 91 2 4.079138e-06
7 91 2 4.580278e-06
8 91 2 4.200555e-06
9 91 2 3.020286e-06
10 91 2 1.869564e-06
11 91 2 9.689564e-07
12 91 2 4.974201e-07
1 92 2 1.992815e-07
2 92 2 2.846615e-07
3 92 2 7.135745e-07
4 92 2 1.702423e-06
5 92 2 3.210523e-06
6 92 2 4.919652e-06
7 92 2 5.905379e-06
8 92 2 5.374842e-06
9 92 2 3.362553e-06
10 92 2 1.787089e-06
11 92 2 7.008975e-07
12 92 2 3.008781e-07
1 93 2 6.248520e-04
2 93 2 7.539397e-04
3 93 2 1.550140e-03
4 93 2 3.612774e-03
5 93 2 6.444986e-03
6 93 2 1.022774e-02
7 93 2 1.371998e-02
8 93 2 1.348791e-02
9 93 2 9.072033e-03
10 93 2 5.224389e-03
11 93 2 2.237368e-03
12 93 2 9.319085e-04
1 94 2 2.531165e-05
2 94 2 2.518405e-05
3 94 2 3.362679e-05
4 94 2 5.959287e-05
5 94 2 1.017214e-04
6 94 2 1.601728e-04
7 94 2 2.212781e-04
8 94 2 2.411441e-04
9 94 2 1.986341e-04
10 94 2 1.198952e-04
11 94 2 6.435070e-05
12 94 2 3.515968e-05
1 98 2 7.306075e-02
2 98 2 6.800987e-02
3 98 2 6.404183e-02
4 98 2 6.818610e-02
5 98 2 7.738654e-02
6 98 2 8.855309e-02
7 98 2 9.960404e-02
8 98 2 1.049778e-01
9 98 2 1.035896e-01
10 98 2 9.791983e-02
11 98 2 8.807819e-02
12 98 2 8.015209e-02
1 101 2 3.440854e-04
2 101 2 3.535595e-04
3 101 2 3.623069e-04
4 101 2 4.467794e-04
5 101 2 5.745671e-04
6 101 2 6.708670e-04
7 101 2 7.161121e-04
8 101 2 7.175694e-04
9 101 2 6.898473e-04
10 101 2 5.914733e-04
11 101 2 4.548268e-04
12 101 2 3.648036e-04
1 102 2 3.481876e-01
2 102 2 3.935780e-01
3 102 2 4.837147e-01
4 102 2 6.050298e-01
5 102 2 7.001627e-01
6 102 2 7.643531e-01
7 102 2 7.858769e-01
8 102 2 7.958072e-01
9 102 2 7.172444e-01
10 102 2 5.525658e-01
11 102 2 4.435033e-01
12 102 2 3.635061e-01
1 103 2 5.894869e-01
2 103 2 6.015763e-01
3 103 2 6.556428e-01
4 103 2 7.408515e-01
5 103 2 8.627805e-01
6 103 2 9.873419e-01
7 103 2 1.068178e+00
8 103 2 1.121030e+00
9 103 2 1.099498e+00
10 103 2 9.608659e-01
11 103 2 7.904631e-01
12 103 2 6.572439e-01
1 104 2 5.779821e-04
2 104 2 5.546171e-04
3 104 2 5.606433e-04
4 104 2 6.146645e-04
5 104 2 7.187342e-04
6 104 2 8.247823e-04
7 104 2 9.256742e-04
8 104 2 9.999538e-04
9 104 2 1.008003e-03
10 104 2 9.416740e-04
11 104 2 7.746117e-04
12 104 2 6.413776e-04
1 107 2 5.837348e-04
2 107 2 6.158296e-04
3 107 2 7.190031e-04
4 107 2 8.238983e-04
5 107 2 9.239502e-04
6 107 2 1.182878e-03
7 107 2 1.292936e-03
8 107 2 1.287705e-03
9 107 2 1.205484e-03
10 107 2 1.031113e-03
11 107 2 8.196974e-04
12 107 2 6.410343e-04
1 108 2 2.801367e-05
2 108 2 3.580150e-05
3 108 2 5.200552e-05
4 108 2 8.054519e-05
5 108 2 1.250276e-04
6 108 2 1.716043e-04
7 108 2 1.836973e-04
8 108 2 1.623497e-04
9 108 2 1.313665e-04
10 108 2 9.063381e-05
11 108 2 4.721101e-05
12 108 2 3.005442e-05
1 109 2 5.314120e-05
2 109 2 7.019178e-05
3 109 2 1.097845e-04
4 109 2 1.905216e-04
5 109 2 3.246075e-04
6 109 2 4.091843e-04
7 109 2 4.157681e-04
8 109 2 3.822077e-04
9 109 2 3.069237e-04
10 109 2 2.153574e-04
11 109 2 9.578561e-05
12 109 2 5.595440e-05
1 110 2 2.340019e-05
2 110 2 2.980736e-05
3 110 2 4.787214e-05
4 110 2 7.410421e-05
5 110 2 1.149327e-04
6 110 2 1.330975e-04
7 110 2 1.430927e-04
8 110 2 1.415176e-04
9 110 2 1.191545e-04
10 110 2 8.687117e-05
11 110 2 4.202000e-05
12 110 2 2.473343e-05
1 111 2 8.029051e-04
2 111 2 1.004200e-03
3 111 2 1.625778e-03
4 111 2 2.464002e-03
5 111 2 3.723979e-03
6 111 2 4.775924e-03
7 111 2 5.048509e-03
8 111 2 5.000354e-03
9 111 2 4.258239e-03
10 111 2 2.771907e-03
11 111 2 1.493206e-03
12 111 2 9.120778e-04
1 112 2 9.247615e-04
2 112 2 1.192367e-03
3 112 2 2.091751e-03
4 112 2 3.478460e-03
5 112 2 5.289585e-03
6 112 2 6.445984e-03
7 112 2 6.565062e-03
8 112 2 6.119316e-03
9 112 2 4.671424e-03
10 112 2 3.101234e-03
11 112 2 1.779785e-03
12 112 2 1.094016e-03
1 113 2 5.305852e-04
2 113 2 6.722022e-04
3 113 2 1.129304e-03
4 113 2 1.688771e-03
5 113 2 2.078194e-03
6 113 2 1.814571e-03
7 113 2 1.557009e-03
8 113 2 1.487070e-03
9 113 2 1.470783e-03
10 113 2 1.342965e-03
11 113 2 9.393199e-04
12 113 2 6.344260e-04
1 114 2 1.445986e-03
2 114 2 1.960830e-03
3 114 2 3.493553e-03
4 114 2 5.092498e-03
5 114 2 5.875245e-03
6 114 2 4.301010e-03
7 114 2 3.552343e-03
8 114 2 3.256153e-03
9 114 2 3.142303e-03
10 114 2 2.812419e-03
11 114 2 2.143968e-03
12 114 2 1.588116e-03
1 115 2 4.813397e-04
2 115 2 7.003061e-04
3 115 2 1.110099e-03
4 115 2 1.376065e-03
5 115 2 1.228891e-03
6 115 2 1.140985e-03
7 115 2 1.100459e-03
8 115 2 1.055812e-03
9 115 2 9.710325e-04
10 115 2 8.677662e-04
11 115 2 6.591922e-04
12 115 2 4.729209e-04
1 116 2 3.056166e-04
2 116 2 3.912266e-04
3 116 2 5.982787e-04
4 116 2 8.468416e-04
5 116 2 9.849302e-04
6 116 2 1.121586e-03
7 116 2 1.175852e-03
8 116 2 1.125551e-03
9 116 2 9.118215e-04
10 116 2 7.289809e-04
11 116 2 5.295904e-04
12 116 2 3.488714e-04
1 117 2 5.720007e-05
2 117 2 5.973117e-05
3 117 2 7.543498e-05
4 117 2 1.032608e-04
5 117 2 1.314942e-04
6 117 2 1.557916e-04
7 117 2 1.658564e-04
8 117 2 1.656389e-04
9 117 2 1.511354e-04
10 117 2 1.293810e-04
11 117 2 1.044444e-04
12 117 2 7.544931e-05
1 126 2 6.332183e-06
2 126 2 6.581656e-06
3 126 2 7.133616e-06
4 126 2 7.532664e-06
5 126 2 7.442341e-06
6 126 2 6.916822e-06
7 126 2 6.667415e-06
8 126 2 6.732554e-06
9 126 2 6.696913e-06
10 126 2 6.580788e-06
11 126 2 6.430247e-06
12 126 2 6.332888e-06
1 127 2 6.389669e-04
2 127 2 6.498424e-04
3 127 2 6.858947e-04
4 127 2 7.121044e-04
5 127 2 7.218059e-04
6 127 2 6.991604e-04
7 127 2 6.993534e-04
8 127 2 7.154024e-04
9 127 2 7.077762e-04
10 127 2 6.794100e-04
11 127 2 6.584325e-04
12 127 2 6.502823e-04
1 128 2 2.896789e-03
2 128 2 2.974976e-03
3 128 2 3.054003e-03
4 128 2 2.981226e-03
5 128 2 2.899997e-03
6 128 2 2.812884e-03
7 128 2 2.998016e-03
8 128 2 3.408756e-03
9 128 2 3.584276e-03
10 128 2 3.385518e-03
11 128 2 3.078634e-03
12 128 2 2.900686e-03
1 129 2 8.257996e-05
2 129 2 8.144613e-05
3 129 2 8.350028e-05
4 129 2 8.592180e-05
5 129 2 8.724755e-05
6 129 2 8.960781e-05
7 129 2 9.363131e-05
8 129 2 1.020580e-04
9 129 2 1.066291e-04
10 129 2 1.070988e-04
11 129 2 9.778491e-05
12 129 2 8.686998e-05
1 133 2 1.773762e-03
2 133 2 2.062261e-03
3 133 2 2.475633e-03
4 133 2 2.541820e-03
5 133 2 2.424636e-03
6 133 2 2.228568e-03
7 133 2 1.989018e-03
8 133 2 1.862489e-03
9 133 2 1.942161e-03
10 133 2 2.068477e-03
11 133 2 1.973360e-03
12 133 2 1.726691e-03
1 135 2 7.670024e-05
2 135 2 8.641432e-05
3 135 2 1.027664e-04
4 135 2 1.106746e-04
5 135 2 1.063477e-04
6 135 2 9.487302e-05
7 135 2 8.196089e-05
8 135 2 8.278114e-05
9 135 2 8.796442e-05
10 135 2 8.272543e-05
11 135 2 7.929159e-05
12 135 2 7.448361e-05
1 136 2 8.584478e-05
2 136 2 8.835165e-05
3 136 2 1.092633e-04
4 136 2 1.328309e-04
5 136 2 1.454558e-04
6 136 2 1.327112e-04
7 136 2 1.174339e-04
8 136 2 1.171646e-04
9 136 2 1.177701e-04
10 136 2 1.107861e-04
11 136 2 1.047477e-04
12 136 2 9.301727e-05
1 137 2 2.085275e-05
2 137 2 2.187668e-05
3 137 2 2.508207e-05
4 137 2 2.756151e-05
5 137 2 2.720488e-05
6 137 2 2.503122e-05
7 137 2 2.315655e-05
8 137 2 2.234375e-05
9 137 2 2.235779e-05
10 137 2 2.329166e-05
11 137 2 2.302818e-05
12 137 2 2.171351e-05
1 138 2 8.337128e-04
2 138 2 9.168002e-04
3 138 2 1.063624e-03
4 138 2 1.183747e-03
5 138 2 1.194328e-03
6 138 2 1.049694e-03
7 138 2 9.724413e-04
8 138 2 9.377990e-04
9 138 2 9.403578e-04
10 138 2 9.458373e-04
11 138 2 9.174802e-04
12 138 2 8.508861e-04
1 139 2 1.408646e-03
2 139 2 1.604187e-03
3 139 2 1.792521e-03
4 139 2 1.881379e-03
5 139 2 1.854866e-03
6 139 2 1.727383e-03
7 139 2 1.634366e-03
8 139 2 1.573347e-03
9 139 2 1.552954e-03
10 139 2 1.565010e-03
11 139 2 1.489227e-03
12 139 2 1.363188e-03
1 140 2 4.666067e-04
2 140 2 4.824887e-04
3 140 2 5.240201e-04
4 140 2 5.937062e-04
5 140 2 6.304310e-04
6 140 2 6.055301e-04
7 140 2 5.733386e-04
8 140 2 5.529802e-04
9 140 2 5.449187e-04
10 140 2 5.479303e-04
11 140 2 5.363577e-04
12 140 2 5.000491e-04
1 141 2 7.319262e-04
2 141 2 7.243529e-04
3 141 2 7.451003e-04
4 141 2 8.177414e-04
5 141 2 8.824514e-04
6 141 2 8.726003e-04
7 141 2 8.490041e-04
8 141 2 8.232759e-04
9 141 2 8.162986e-04
10 141 2 8.182177e-04
11 141 2 8.263845e-04
12 141 2 8.023549e-04
1 150 2 8.479719e-07
2 150 2 9.282386e-07
3 150 2 9.935739e-07
4 150 2 1.016011e-06
5 150 2 9.506761e-07
6 150 2 8.384536e-07
7 150 2 7.649036e-07
8 150 2 7.464328e-07
9 150 2 7.223009e-07
10 150 2 7.058673e-07
11 150 2 7.195910e-07
12 150 2 7.656243e-07
1 151 2 5.489875e-04
2 151 2 5.839122e-04
3 151 2 6.191201e-04
4 151 2 6.337187e-04
5 151 2 6.131669e-04
6 151 2 5.771799e-04
7 151 2 5.644267e-04
8 151 2 5.862181e-04
9 151 2 5.581317e-04
10 151 2 5.237489e-04
11 151 2 5.083912e-04
12 151 2 5.210743e-04
1 152 2 4.352479e-04
2 152 2 4.408741e-04
3 152 2 4.449554e-04
4 152 2 4.228226e-04
5 152 2 4.064458e-04
6 152 2 3.991869e-04
7 152 2 4.563773e-04
8 152 2 6.085241e-04
9 152 2 6.460150e-04
10 152 2 5.506046e-04
11 152 2 4.721662e-04
12 152 2 4.366568e-04
1 153 2 5.043902e-04
2 153 2 5.166249e-04
3 153 2 5.450749e-04
4 153 2 5.346466e-04
5 153 2 5.163091e-04
6 153 2 5.069120e-04
7 153 2 5.917273e-04
8 153 2 7.732810e-04
9 153 2 9.405253e-04
10 153 2 8.406365e-04
11 153 2 6.358984e-04
12 153 2 5.305712e-04
1 154 2 1.373255e-03
2 154 2 1.365804e-03
3 154 2 1.421295e-03
4 154 2 1.361864e-03
5 154 2 1.273467e-03
6 154 2 1.145499e-03
7 154 2 1.081652e-03
8 154 2 1.126791e-03
9 154 2 1.270442e-03
10 154 2 1.427750e-03
11 154 2 1.504689e-03
12 154 2 1.454962e-03
1 157 2 5.471294e-05
2 157 2 5.681392e-05
3 157 2 6.082744e-05
4 157 2 5.997055e-05
5 157 2 5.845405e-05
6 157 2 5.495686e-05
7 157 2 5.243667e-05
8 157 2 5.190812e-05
9 157 2 5.153294e-05
10 157 2 5.243148e-05
11 157 2 5.280737e-05
12 157 2 5.349652e-05
1 163 2 2.545812e-04
2 163 2 2.579923e-04
3 163 2 2.656481e-04
4 163 2 2.815888e-04
5 163 2 2.818636e-04
6 163 2 2.605939e-04
7 163 2 2.409183e-04
8 163 2 2.262270e-04
9 163 2 2.294665e-04
10 163 2 2.427667e-04
11 163 2 2.522568e-04
12 163 2 2.542333e-04
1 164 2 9.629220e-04
2 164 2 9.546888e-04
3 164 2 9.812641e-04
4 164 2 1.027041e-03
5 164 2 1.014960e-03
6 164 2 9.387598e-04
7 164 2 8.689051e-04
8 164 2 8.487602e-04
9 164 2 9.088492e-04
10 164 2 9.956845e-04
11 164 2 1.015793e-03
12 164 2 9.988775e-04
1 165 2 7.338510e-04
2 165 2 7.192258e-04
3 165 2 7.282675e-04
4 165 2 7.443759e-04
5 165 2 7.362056e-04
6 165 2 6.774134e-04
7 165 2 6.387082e-04
8 165 2 6.464885e-04
9 165 2 6.890870e-04
10 165 2 7.367832e-04
11 165 2 7.750653e-04
12 165 2 7.759784e-04
1 166 2 3.347732e-04
2 166 2 3.314311e-04
3 166 2 3.259554e-04
4 166 2 3.244261e-04
5 166 2 3.138032e-04
6 166 2 2.902158e-04
7 166 2 2.740515e-04
8 166 2 2.760961e-04
9 166 2 2.864292e-04
10 166 2 3.013026e-04
11 166 2 3.248484e-04
12 166 2 3.412160e-04
1 170 2 8.448808e-06
2 170 2 9.292015e-06
3 170 2 9.129353e-06
4 170 2 8.298095e-06
5 170 2 6.914791e-06
6 170 2 5.814132e-06
7 170 2 5.499259e-06
8 170 2 5.250021e-06
9 170 2 5.338321e-06
10 170 2 5.944183e-06
11 170 2 6.558300e-06
12 170 2 7.552289e-06
1 171 2 3.024242e-05
2 171 2 3.319749e-05
3 171 2 3.359939e-05
4 171 2 2.989282e-05
5 171 2 2.486747e-05
6 171 2 2.131025e-05
7 171 2 1.934741e-05
8 171 2 1.833228e-05
9 171 2 1.859939e-05
10 171 2 2.023094e-05
11 171 2 2.309040e-05
12 171 2 2.727908e-05
1 175 2 8.739268e-07
2 175 2 9.239442e-07
3 175 2 9.265945e-07
4 175 2 8.678660e-07
5 175 2 7.540389e-07
6 175 2 6.871205e-07
7 175 2 6.728634e-07
8 175 2 6.671824e-07
9 175 2 6.205524e-07
10 175 2 6.272906e-07
11 175 2 6.558265e-07
12 175 2 7.650254e-07
1 176 2 6.300527e-04
2 176 2 6.347765e-04
3 176 2 6.214441e-04
4 176 2 5.488702e-04
5 176 2 4.440115e-04
6 176 2 4.023577e-04
7 176 2 4.016239e-04
8 176 2 4.581995e-04
9 176 2 4.990267e-04
10 176 2 5.325830e-04
11 176 2 5.684926e-04
12 176 2 6.038787e-04
1 177 2 2.763598e-03
2 177 2 2.685462e-03
3 177 2 2.535577e-03
4 177 2 2.217193e-03
5 177 2 1.813060e-03
6 177 2 1.548200e-03
7 177 2 1.610878e-03
8 177 2 1.930128e-03
9 177 2 2.425870e-03
10 177 2 2.522811e-03
11 177 2 2.573983e-03
12 177 2 2.579242e-03
1 178 2 1.005422e-03
2 178 2 9.936717e-04
3 178 2 9.525069e-04
4 178 2 7.983539e-04
5 178 2 6.951304e-04
6 178 2 5.875399e-04
7 178 2 5.595946e-04
8 178 2 5.637131e-04
9 178 2 6.429005e-04
10 178 2 6.917427e-04
11 178 2 7.812841e-04
12 178 2 8.673895e-04
1 181 2 1.228041e-05
2 181 2 1.297082e-05
3 181 2 1.314944e-05
4 181 2 1.257262e-05
5 181 2 1.036850e-05
6 181 2 8.965604e-06
7 181 2 7.927440e-06
8 181 2 8.113089e-06
9 181 2 8.789708e-06
10 181 2 9.517613e-06
11 181 2 1.077882e-05
12 181 2 1.147633e-05
1 182 2 1.467564e-03
2 182 2 1.356482e-03
3 182 2 1.279101e-03
4 182 2 1.068481e-03
5 182 2 8.367160e-04
6 182 2 6.258134e-04
7 182 2 6.204927e-04
8 182 2 8.622515e-04
9 182 2 1.196467e-03
10 182 2 1.467424e-03
11 182 2 1.621805e-03
12 182 2 1.556693e-03
1 183 2 3.118773e-04
2 183 2 2.996104e-04
3 183 2 2.860343e-04
4 183 2 2.593550e-04
5 183 2 2.182168e-04
6 183 2 1.771088e-04
7 183 2 1.647812e-04
8 183 2 1.956713e-04
9 183 2 2.275124e-04
10 183 2 2.691470e-04
11 183 2 2.930193e-04
12 183 2 3.013893e-04
1 184 2 9.739711e-05
2 184 2 9.868838e-05
3 184 2 9.557814e-05
4 184 2 8.601415e-05
5 184 2 7.150761e-05
6 184 2 5.779163e-05
7 184 2 5.211352e-05
8 184 2 5.442748e-05
9 184 2 5.765681e-05
10 184 2 6.621159e-05
11 184 2 7.747201e-05
12 184 2 8.830095e-05
1 188 2 1.967411e-03
2 188 2 1.950258e-03
3 188 2 1.807714e-03
4 188 2 1.476122e-03
5 188 2 1.043264e-03
6 188 2 7.935434e-04
7 188 2 6.828376e-04
8 188 2 6.946008e-04
9 188 2 9.408330e-04
10 188 2 1.236387e-03
11 188 2 1.472414e-03
12 188 2 1.836497e-03
1 189 2 1.716760e-03
2 189 2 1.586632e-03
3 189 2 1.439217e-03
4 189 2 1.063795e-03
5 189 2 7.043276e-04
6 189 2 4.980741e-04
7 189 2 4.735620e-04
8 189 2 5.816909e-04
9 189 2 9.357515e-04
10 189 2 1.332373e-03
11 189 2 1.620610e-03
12 189 2 1.693530e-03
1 190 2 7.026470e-03
2 190 2 6.657709e-03
3 190 2 5.778906e-03
4 190 2 4.093078e-03
5 190 2 2.855740e-03
6 190 2 2.071676e-03
7 190 2 1.946573e-03
8 190 2 2.346587e-03
9 190 2 3.296044e-03
10 190 2 4.493305e-03
11 190 2 5.887664e-03
12 190 2 6.605851e-03
1 191 2 4.524828e-03
2 191 2 4.688918e-03
3 191 2 4.557650e-03
4 191 2 3.765131e-03
5 191 2 3.096138e-03
6 191 2 2.543423e-03
7 191 2 2.236097e-03
8 191 2 2.270951e-03
9 191 2 2.477653e-03
10 191 2 2.780912e-03
11 191 2 3.420230e-03
12 191 2 4.023869e-03
1 192 2 5.826718e-05
2 192 2 6.297062e-05
3 192 2 6.135283e-05
4 192 2 5.312236e-05
5 192 2 4.489640e-05
6 192 2 3.822749e-05
7 192 2 3.359436e-05
8 192 2 3.121704e-05
9 192 2 3.214252e-05
10 192 2 3.529616e-05
11 192 2 4.213450e-05
12 192 2 5.059432e-05
1 200 2 2.740392e-03
2 200 2 2.819181e-03
3 200 2 2.305471e-03
4 200 2 1.524081e-03
5 200 2 9.975876e-04
6 200 2 8.124428e-04
7 200 2 7.718628e-04
8 200 2 8.323884e-04
9 200 2 9.220175e-04
10 200 2 1.178844e-03
11 200 2 1.638178e-03
12 200 2 2.257076e-03
1 201 2 1.858020e-03
2 201 2 1.917092e-03
3 201 2 1.754984e-03
4 201 2 1.350861e-03
5 201 2 1.018003e-03
6 201 2 8.422218e-04
7 201 2 7.959468e-04
8 201 2 8.233346e-04
9 201 2 8.148548e-04
10 201 2 9.695716e-04
11 201 2 1.235943e-03
12 201 2 1.539329e-03
1 206 2 9.751266e-04
2 206 2 1.053264e-03
3 206 2 9.529219e-04
4 206 2 8.131717e-04
5 206 2 6.724887e-04
6 206 2 5.863534e-04
7 206 2 5.029124e-04
8 206 2 4.937963e-04
9 206 2 5.345293e-04
10 206 2 6.050570e-04
11 206 2 7.092664e-04
12 206 2 8.355893e-04
1 207 2 3.698686e-05
2 207 2 4.038501e-05
3 207 2 3.830029e-05
4 207 2 3.472882e-05
5 207 2 3.079934e-05
6 207 2 2.641646e-05
7 207 2 2.328374e-05
8 207 2 2.292855e-05
9 207 2 2.313344e-05
10 207 2 2.548065e-05
11 207 2 2.746059e-05
12 207 2 3.141321e-05
1 212 2 2.766837e-03
2 212 2 2.953428e-03
3 212 2 2.621456e-03
4 212 2 2.203834e-03
5 212 2 1.717714e-03
6 212 2 1.386338e-03
7 212 2 1.150739e-03
8 212 2 1.112179e-03
9 212 2 1.263131e-03
10 212 2 1.490435e-03
11 212 2 1.767916e-03
12 212 2 2.337523e-03
1 213 2 6.032863e-04
2 213 2 6.593466e-04
3 213 2 5.587703e-04
4 213 2 4.728394e-04
5 213 2 3.648586e-04
6 213 2 2.812547e-04
7 213 2 2.387028e-04
8 213 2 2.330318e-04
9 213 2 2.806967e-04
10 213 2 3.459263e-04
11 213 2 4.247931e-04
12 213 2 5.198268e-04
1 214 2 2.144285e-02
2 214 2 2.273211e-02
3 214 2 1.826384e-02
4 214 2 1.356519e-02
5 214 2 1.002716e-02
6 214 2 7.389561e-03
7 214 2 6.399472e-03
8 214 2 6.597372e-03
9 214 2 8.327774e-03
10 214 2 1.116470e-02
11 214 2 1.528345e-02
12 214 2 1.853616e-02
1 215 2 7.943493e-03
2 215 2 8.170941e-03
3 215 2 7.618152e-03
4 215 2 6.071345e-03
5 215 2 4.931482e-03
6 215 2 3.962342e-03
7 215 2 3.424012e-03
8 215 2 3.432432e-03
9 215 2 3.860000e-03
10 215 2 4.592160e-03
11 215 2 5.782162e-03
12 215 2 6.985170e-03
1 216 2 5.620554e-03
2 216 2 5.868271e-03
3 216 2 5.502992e-03
4 216 2 4.473613e-03
5 216 2 3.582212e-03
6 216 2 3.081662e-03
7 216 2 2.707978e-03
8 216 2 2.589329e-03
9 216 2 2.686888e-03
10 216 2 3.053900e-03
11 216 2 3.673324e-03
12 216 2 4.720885e-03
1 224 2 8.016184e-05
2 224 2 8.763588e-05
3 224 2 7.647299e-05
4 224 2 6.585472e-05
5 224 2 5.317891e-05
6 224 2 4.519177e-05
7 224 2 4.105628e-05
8 224 2 4.288282e-05
9 224 2 4.410009e-05
10 224 2 5.201393e-05
11 224 2 6.211491e-05
12 224 2 7.410798e-05
1 240 2 3.472570e-04
2 240 2 3.542000e-04
3 240 2 3.239073e-04
4 240 2 2.860609e-04
5 240 2 2.486237e-04
6 240 2 2.144466e-04
7 240 2 2.100964e-04
8 240 2 2.165972e-04
9 240 2 2.108444e-04
10 240 2 2.270574e-04
11 240 2 2.494803e-04
12 240 2 3.091874e-04
