1 7 2 1.234806e-07
2 7 2 1.054881e-07
3 7 2 1.153665e-07
4 7 2 2.981751e-07
5 7 2 1.025936e-06
6 7 2 2.763231e-06
7 7 2 3.738733e-06
8 7 2 2.549104e-06
9 7 2 1.102402e-06
10 7 2 4.832898e-07
11 7 2 2.560535e-07
12 7 2 1.510549e-07
1 25 2 1.407154e-04
2 25 2 1.336087e-04
3 25 2 1.882326e-04
4 25 2 3.434827e-04
5 25 2 9.608992e-04
6 25 2 1.742468e-03
7 25 2 2.112382e-03
8 25 2 1.619824e-03
9 25 2 9.152861e-04
10 25 2 4.283207e-04
11 25 2 2.042283e-04
12 25 2 1.182679e-04
1 26 2 7.860817e-04
2 26 2 6.469527e-04
3 26 2 1.069789e-03
4 26 2 2.387857e-03
5 26 2 6.726226e-03
6 26 2 1.284690e-02
7 26 2 1.393885e-02
8 26 2 1.042909e-02
9 26 2 5.704165e-03
10 26 2 2.296149e-03
11 26 2 1.199644e-03
12 26 2 7.416792e-04
1 27 2 3.248179e-03
2 27 2 2.867851e-03
3 27 2 5.027328e-03
4 27 2 1.280399e-02
5 27 2 3.605698e-02
6 27 2 7.453417e-02
7 27 2 8.406192e-02
8 27 2 6.327120e-02
9 27 2 3.269632e-02
10 27 2 1.227826e-02
11 27 2 6.507037e-03
12 27 2 4.025050e-03
1 28 2 1.284529e-05
2 28 2 1.168956e-05
3 28 2 1.965981e-05
4 28 2 5.344006e-05
5 28 2 1.526041e-04
6 28 2 3.267228e-04
7 28 2 3.895295e-04
8 28 2 2.935149e-04
9 28 2 1.509903e-04
10 28 2 5.880339e-05
11 28 2 2.935550e-05
12 28 2 1.830153e-05
1 29 2 1.721797e-05
2 29 2 1.628825e-05
3 29 2 2.594799e-05
4 29 2 7.802129e-05
5 29 2 2.333179e-04
6 29 2 5.742166e-04
7 29 2 7.822153e-04
8 29 2 5.819737e-04
9 29 2 2.672713e-04
10 29 2 9.906069e-05
11 29 2 4.682638e-05
12 29 2 2.923108e-05
1 30 2 3.904421e-06
2 30 2 3.414659e-06
3 30 2 5.427088e-06
4 30 2 1.661079e-05
5 30 2 4.601446e-05
6 30 2 1.251414e-04
7 30 2 1.813865e-04
8 30 2 1.389070e-04
9 30 2 6.285062e-05
10 30 2 2.460087e-05
11 30 2 1.134771e-05
12 30 2 6.796122e-06
1 31 2 6.968609e-06
2 31 2 5.369900e-06
3 31 2 8.157530e-06
4 31 2 2.270511e-05
5 31 2 5.863561e-05
6 31 2 1.543846e-04
7 31 2 2.177166e-04
8 31 2 1.757354e-04
9 31 2 8.791455e-05
10 31 2 4.026053e-05
11 31 2 1.932997e-05
12 31 2 1.077156e-05
1 32 2 8.242063e-06
2 32 2 6.822842e-06
3 32 2 9.537156e-06
4 32 2 2.119194e-05
5 32 2 5.660082e-05
6 32 2 1.340762e-04
7 32 2 1.729742e-04
8 32 2 1.428845e-04
9 32 2 7.978834e-05
10 32 2 4.113169e-05
11 32 2 2.125517e-05
12 32 2 1.102315e-05
1 35 2 2.564544e-04
2 35 2 2.443624e-04
3 35 2 2.654499e-04
4 35 2 3.537359e-04
5 35 2 5.545282e-04
6 35 2 8.468857e-04
7 35 2 1.019063e-03
8 35 2 9.357702e-04
9 35 2 6.359855e-04
10 35 2 4.598167e-04
11 35 2 3.482866e-04
12 35 2 2.829513e-04
1 36 2 3.075780e-05
2 36 2 2.887559e-05
3 36 2 3.200269e-05
4 36 2 3.843803e-05
5 36 2 5.257039e-05
6 36 2 7.583713e-05
7 36 2 8.931471e-05
8 36 2 9.098732e-05
9 36 2 6.945333e-05
10 36 2 5.441389e-05
11 36 2 4.164762e-05
12 36 2 3.450858e-05
1 37 2 2.767408e-03
2 37 2 2.678466e-03
3 37 2 3.374992e-03
4 37 2 4.339786e-03
5 37 2 6.560928e-03
6 37 2 9.951070e-03
7 37 2 1.157361e-02
8 37 2 1.137713e-02
9 37 2 8.372508e-03
10 37 2 6.277917e-03
11 37 2 4.424746e-03
12 37 2 3.389733e-03
1 38 2 4.708427e-03
2 38 2 4.704205e-03
3 38 2 7.166236e-03
4 38 2 1.062513e-02
5 38 2 1.939873e-02
6 38 2 3.442156e-02
7 38 2 4.080542e-02
8 38 2 3.539016e-02
9 38 2 2.285934e-02
10 38 2 1.562434e-02
11 38 2 8.928054e-03
12 38 2 6.442828e-03
1 39 2 9.078001e-04
2 39 2 9.457450e-04
3 39 2 1.531912e-03
4 39 2 2.365399e-03
5 39 2 4.589657e-03
6 39 2 8.872965e-03
7 39 2 1.101774e-02
8 39 2 8.920158e-03
9 39 2 5.622484e-03
10 39 2 3.550532e-03
11 39 2 1.797202e-03
12 39 2 1.311828e-03
1 40 2 2.128810e-04
2 40 2 2.335674e-04
3 40 2 4.165640e-04
4 40 2 7.004855e-04
5 40 2 1.531296e-03
6 40 2 3.476717e-03
7 40 2 4.349910e-03
8 40 2 3.190985e-03
9 40 2 1.965614e-03
10 40 2 1.059091e-03
11 40 2 4.536842e-04
12 40 2 3.379805e-04
1 41 2 1.133428e-04
2 41 2 1.211691e-04
3 41 2 2.428189e-04
4 41 2 4.324777e-04
5 41 2 1.084717e-03
6 41 2 2.752582e-03
7 41 2 3.558924e-03
8 41 2 2.496213e-03
9 41 2 1.395000e-03
10 41 2 6.046058e-04
11 41 2 2.322733e-04
12 41 2 1.935968e-04
1 42 2 6.135153e-05
2 42 2 6.417493e-05
3 42 2 1.383923e-04
4 42 2 2.730055e-04
5 42 2 7.761087e-04
6 42 2 2.152693e-03
7 42 2 3.013518e-03
8 42 2 2.012475e-03
9 42 2 9.530121e-04
10 42 2 3.410728e-04
11 42 2 1.271585e-04
12 42 2 1.043150e-04
1 43 2 1.720930e-06
2 43 2 1.784383e-06
3 43 2 4.210218e-06
4 43 2 1.027306e-05
5 43 2 3.438580e-05
6 43 2 1.014091e-04
7 43 2 1.482461e-04
8 43 2 9.305858e-05
9 43 2 3.805339e-05
10 43 2 1.168336e-05
11 43 2 3.984276e-06
12 43 2 2.791812e-06
1 44 2 7.107850e-06
2 44 2 7.141788e-06
3 44 2 1.553449e-05
4 44 2 4.199710e-05
5 44 2 1.568999e-04
6 44 2 4.944435e-04
7 44 2 7.226564e-04
8 44 2 4.357573e-04
9 44 2 1.570840e-04
10 44 2 4.654079e-05
11 44 2 1.527482e-05
12 44 2 1.032749e-05
1 45 2 1.632694e-05
2 45 2 1.829772e-05
3 45 2 3.334162e-05
4 45 2 9.832710e-05
5 45 2 4.117748e-04
6 45 2 1.366311e-03
7 45 2 1.911452e-03
8 45 2 1.163881e-03
9 45 2 4.002324e-04
10 45 2 1.021877e-04
11 45 2 2.961982e-05
12 45 2 1.935805e-05
1 46 2 7.406605e-06
2 46 2 9.317690e-06
3 46 2 1.464670e-05
4 46 2 4.067241e-05
5 46 2 1.597189e-04
6 46 2 4.954301e-04
7 46 2 6.930717e-04
8 46 2 4.342868e-04
9 46 2 1.631305e-04
10 46 2 3.954089e-05
11 46 2 1.087135e-05
12 46 2 7.752794e-06
1 47 2 9.733971e-06
2 47 2 1.238782e-05
3 47 2 1.745637e-05
4 47 2 3.911149e-05
5 47 2 1.333115e-04
6 47 2 3.672729e-04
7 47 2 4.981004e-04
8 47 2 3.377478e-04
9 47 2 1.430803e-04
10 47 2 4.413144e-05
11 47 2 1.301993e-05
12 47 2 9.896877e-06
1 48 2 1.317660e-05
2 48 2 1.513646e-05
3 48 2 2.081935e-05
4 48 2 4.065580e-05
5 48 2 1.261628e-04
6 48 2 2.901960e-04
7 48 2 3.856435e-04
8 48 2 2.713223e-04
9 48 2 1.291604e-04
10 48 2 4.815555e-05
11 48 2 1.733540e-05
12 48 2 1.149578e-05
1 49 2 4.087667e-04
2 49 2 3.719416e-04
3 49 2 4.218909e-04
4 49 2 4.937859e-04
5 49 2 7.062191e-04
6 49 2 1.074471e-03
7 49 2 1.602397e-03
8 49 2 1.506829e-03
9 49 2 1.050996e-03
10 49 2 7.520889e-04
11 49 2 5.490858e-04
12 49 2 4.005571e-04
1 50 2 1.667921e-03
2 50 2 1.439748e-03
3 50 2 1.687607e-03
4 50 2 1.923697e-03
5 50 2 2.707469e-03
6 50 2 3.973174e-03
7 50 2 5.483564e-03
8 50 2 5.273341e-03
9 50 2 3.818378e-03
10 50 2 2.721900e-03
11 50 2 2.037834e-03
12 50 2 1.604572e-03
1 51 2 6.385946e-04
2 51 2 5.828177e-04
3 51 2 6.332958e-04
4 51 2 7.310328e-04
5 51 2 9.964162e-04
6 51 2 1.397395e-03
7 51 2 1.821009e-03
8 51 2 1.805888e-03
9 51 2 1.500428e-03
10 51 2 1.055363e-03
11 51 2 7.909557e-04
12 51 2 6.628451e-04
1 52 2 1.608133e-01
2 52 2 1.690285e-01
3 52 2 2.123383e-01
4 52 2 3.095603e-01
5 52 2 5.235072e-01
6 52 2 7.204631e-01
7 52 2 9.241277e-01
8 52 2 8.643759e-01
9 52 2 6.977563e-01
10 52 2 3.986038e-01
11 52 2 2.399205e-01
12 52 2 1.850153e-01
1 53 2 2.499761e-02
2 53 2 3.136286e-02
3 53 2 5.313531e-02
4 53 2 1.159785e-01
5 53 2 2.208585e-01
6 53 2 3.297980e-01
7 53 2 4.577987e-01
8 53 2 3.900978e-01
9 53 2 2.640212e-01
10 53 2 1.164445e-01
11 53 2 5.193737e-02
12 53 2 3.290444e-02
1 54 2 2.244411e-02
2 54 2 2.911576e-02
3 54 2 5.444765e-02
4 54 2 1.352970e-01
5 54 2 2.664930e-01
6 54 2 5.147430e-01
7 54 2 7.312168e-01
8 54 2 6.131441e-01
9 54 2 3.718622e-01
10 54 2 1.581520e-01
11 54 2 6.779118e-02
12 54 2 3.739494e-02
1 55 2 6.258972e-03
2 55 2 6.980423e-03
3 55 2 1.302179e-02
4 55 2 3.049117e-02
5 55 2 6.050686e-02
6 55 2 1.292183e-01
7 55 2 1.796233e-01
8 55 2 1.549095e-01
9 55 2 9.823355e-02
10 55 2 4.710142e-02
11 55 2 2.203695e-02
12 55 2 1.261842e-02
1 56 2 9.033014e-03
2 56 2 9.374297e-03
3 56 2 1.623653e-02
4 56 2 3.620515e-02
5 56 2 7.913962e-02
6 56 2 1.560016e-01
7 56 2 2.156859e-01
8 56 2 1.790084e-01
9 56 2 1.170041e-01
10 56 2 6.028476e-02
11 56 2 2.717861e-02
12 56 2 1.558719e-02
1 57 2 1.535811e-03
2 57 2 1.465316e-03
3 57 2 1.802255e-03
4 57 2 2.735541e-03
5 57 2 4.576988e-03
6 57 2 7.447331e-03
7 57 2 1.060508e-02
8 57 2 9.557771e-03
9 57 2 7.110989e-03
10 57 2 4.567728e-03
11 57 2 2.793190e-03
12 57 2 2.007339e-03
1 60 2 1.108344e-01
2 60 2 1.073331e-01
3 60 2 1.230898e-01
4 60 2 1.459827e-01
5 60 2 1.799851e-01
6 60 2 2.368591e-01
7 60 2 2.757514e-01
8 60 2 2.758674e-01
9 60 2 2.341131e-01
10 60 2 1.911141e-01
11 60 2 1.528466e-01
12 60 2 1.266942e-01
1 61 2 4.922230e-01
2 61 2 4.951837e-01
3 61 2 6.964675e-01
4 61 2 1.049027e+00
5 61 2 1.530210e+00
6 61 2 2.155819e+00
7 61 2 2.551203e+00
8 61 2 2.454468e+00
9 61 2 1.907186e+00
10 61 2 1.297280e+00
11 61 2 8.462942e-01
12 61 2 5.935836e-01
1 62 2 1.011348e-02
2 62 2 1.107664e-02
3 62 2 1.743666e-02
4 62 2 3.156567e-02
5 62 2 5.414193e-02
6 62 2 7.680465e-02
7 62 2 9.391656e-02
8 62 2 8.766770e-02
9 62 2 6.108881e-02
10 62 2 3.642963e-02
11 62 2 1.978290e-02
12 62 2 1.287415e-02
1 63 2 1.313365e-02
2 63 2 1.594369e-02
3 63 2 2.667798e-02
4 63 2 5.611054e-02
5 63 2 1.076854e-01
6 63 2 1.600914e-01
7 63 2 2.047182e-01
8 63 2 1.781450e-01
9 63 2 1.088054e-01
10 63 2 5.941979e-02
11 63 2 2.744644e-02
12 63 2 1.796760e-02
1 64 2 3.141811e-03
2 64 2 4.024987e-03
3 64 2 7.664547e-03
4 64 2 1.815475e-02
5 64 2 3.888176e-02
6 64 2 6.227968e-02
7 64 2 7.894085e-02
8 64 2 6.171411e-02
9 64 2 3.533658e-02
10 64 2 1.562152e-02
11 64 2 7.138269e-03
12 64 2 4.885130e-03
1 65 2 1.062687e-03
2 65 2 1.317739e-03
3 65 2 2.886918e-03
4 65 2 8.141210e-03
5 65 2 1.706952e-02
6 65 2 2.901029e-02
7 65 2 3.760146e-02
8 65 2 2.806369e-02
9 65 2 1.591684e-02
10 65 2 5.648190e-03
11 65 2 2.486444e-03
12 65 2 1.801923e-03
1 66 2 7.035577e-04
2 66 2 8.698167e-04
3 66 2 2.067803e-03
4 66 2 6.783777e-03
5 66 2 1.410541e-02
6 66 2 2.425489e-02
7 66 2 3.345154e-02
8 66 2 2.528940e-02
9 66 2 1.430580e-02
10 66 2 4.739676e-03
11 66 2 1.816315e-03
12 66 2 1.126625e-03
1 67 2 2.394230e-04
2 67 2 3.192594e-04
3 67 2 8.118788e-04
4 67 2 2.999151e-03
5 67 2 6.804900e-03
6 67 2 1.160581e-02
7 67 2 1.622620e-02
8 67 2 1.248739e-02
9 67 2 6.829733e-03
10 67 2 2.511611e-03
11 67 2 7.941904e-04
12 67 2 3.574609e-04
1 68 2 5.867174e-05
2 68 2 7.878037e-05
3 68 2 2.339733e-04
4 68 2 1.075465e-03
5 68 2 2.930779e-03
6 68 2 5.616280e-03
7 68 2 8.052683e-03
8 68 2 5.989053e-03
9 68 2 2.874205e-03
10 68 2 1.055948e-03
11 68 2 2.407937e-04
12 68 2 8.378783e-05
1 69 2 3.458828e-05
2 69 2 4.903976e-05
3 69 2 1.172752e-04
4 69 2 5.142590e-04
5 69 2 1.648996e-03
6 69 2 3.902534e-03
7 69 2 5.717180e-03
8 69 2 4.401072e-03
9 69 2 1.890672e-03
10 69 2 6.147734e-04
11 69 2 1.191209e-04
12 69 2 4.479719e-05
1 70 2 1.436740e-04
2 70 2 1.679274e-04
3 70 2 2.406351e-04
4 70 2 6.278047e-04
5 70 2 1.574334e-03
6 70 2 3.822932e-03
7 70 2 6.188114e-03
8 70 2 5.639873e-03
9 70 2 2.912052e-03
10 70 2 1.037998e-03
11 70 2 3.156972e-04
12 70 2 1.777146e-04
1 71 2 1.234887e-04
2 71 2 1.253121e-04
3 71 2 1.418002e-04
4 71 2 2.275465e-04
5 71 2 4.406730e-04
6 71 2 9.192853e-04
7 71 2 1.410814e-03
8 71 2 1.402703e-03
9 71 2 8.999611e-04
10 71 2 4.286395e-04
11 71 2 2.047720e-04
12 71 2 1.422211e-04
1 72 2 5.182004e-07
2 72 2 4.949265e-07
3 72 2 5.362016e-07
4 72 2 6.836621e-07
5 72 2 1.063728e-06
6 72 2 1.850922e-06
7 72 2 2.866866e-06
8 72 2 2.757253e-06
9 72 2 1.929066e-06
10 72 2 1.169677e-06
11 72 2 7.206820e-07
12 72 2 5.146616e-07
1 76 2 5.828110e-01
2 76 2 5.332122e-01
3 76 2 5.385787e-01
4 76 2 5.858453e-01
5 76 2 7.964666e-01
6 76 2 1.135711e+00
7 76 2 1.522925e+00
8 76 2 1.625240e+00
9 76 2 1.548538e+00
10 76 2 1.034114e+00
11 76 2 6.675640e-01
12 76 2 5.838427e-01
1 77 2 5.540684e-01
2 77 2 7.194534e-01
3 77 2 9.424409e-01
4 77 2 1.523192e+00
5 77 2 2.557500e+00
6 77 2 3.948514e+00
7 77 2 5.364965e+00
8 77 2 5.092222e+00
9 77 2 3.772102e+00
10 77 2 1.905710e+00
11 77 2 8.362314e-01
12 77 2 5.270724e-01
1 78 2 6.496413e-01
2 78 2 8.876433e-01
3 78 2 1.236096e+00
4 78 2 2.217069e+00
5 78 2 3.466856e+00
6 78 2 5.504165e+00
7 78 2 6.794282e+00
8 78 2 6.362020e+00
9 78 2 4.125064e+00
10 78 2 2.187602e+00
11 78 2 1.181352e+00
12 78 2 6.820347e-01
1 79 2 1.942859e+00
2 79 2 2.383920e+00
3 79 2 3.500282e+00
4 79 2 5.805798e+00
5 79 2 8.820619e+00
6 79 2 1.440998e+01
7 79 2 1.765764e+01
8 79 2 1.672748e+01
9 79 2 1.155042e+01
10 79 2 6.972360e+00
11 79 2 3.972491e+00
12 79 2 2.433475e+00
1 80 2 1.004305e+00
2 80 2 1.006266e+00
3 80 2 1.264436e+00
4 80 2 1.709662e+00
5 80 2 2.549809e+00
6 80 2 3.879443e+00
7 80 2 4.995372e+00
8 80 2 4.945335e+00
9 80 2 4.104538e+00
10 80 2 2.877709e+00
11 80 2 1.678741e+00
12 80 2 1.240869e+00
1 81 2 2.321453e-08
2 81 2 2.103796e-08
3 81 2 2.215869e-08
4 81 2 2.627477e-08
5 81 2 3.783544e-08
6 81 2 5.098216e-08
7 81 2 6.802692e-08
8 81 2 7.299137e-08
9 81 2 6.637193e-08
10 81 2 5.092673e-08
11 81 2 3.366451e-08
12 81 2 2.756101e-08
1 84 2 2.554151e-02
2 84 2 2.700380e-02
3 84 2 3.339830e-02
4 84 2 4.220501e-02
5 84 2 5.658418e-02
6 84 2 9.271728e-02
7 84 2 1.241784e-01
8 84 2 1.189938e-01
9 84 2 8.928658e-02
10 84 2 5.634879e-02
11 84 2 3.785382e-02
12 84 2 2.891623e-02
1 85 2 7.807232e-02
2 85 2 8.791559e-02
3 85 2 1.143044e-01
4 85 2 1.660737e-01
5 85 2 2.658478e-01
6 85 2 4.061242e-01
7 85 2 5.619106e-01
8 85 2 5.345504e-01
9 85 2 3.849126e-01
10 85 2 2.123201e-01
11 85 2 1.197396e-01
12 85 2 8.688313e-02
1 86 2 9.998200e-03
2 86 2 1.132005e-02
3 86 2 1.446619e-02
4 86 2 2.101251e-02
5 86 2 3.377125e-02
6 86 2 4.900135e-02
7 86 2 6.731484e-02
8 86 2 6.753504e-02
9 86 2 4.998879e-02
10 86 2 2.898795e-02
11 86 2 1.596799e-02
12 86 2 1.141221e-02
1 87 2 5.042243e-03
2 87 2 6.821575e-03
3 87 2 9.739958e-03
4 87 2 1.539665e-02
5 87 2 2.701138e-02
6 87 2 4.060153e-02
7 87 2 5.504311e-02
8 87 2 5.608709e-02
9 87 2 4.066340e-02
10 87 2 2.289457e-02
11 87 2 1.005927e-02
12 87 2 6.114508e-03
1 88 2 1.516297e-03
2 88 2 2.153263e-03
3 88 2 3.376635e-03
4 88 2 6.406804e-03
5 88 2 1.314865e-02
6 88 2 2.066607e-02
7 88 2 2.646577e-02
8 88 2 2.321255e-02
9 88 2 1.499996e-02
10 88 2 7.088700e-03
11 88 2 3.634156e-03
12 88 2 2.018641e-03
1 89 2 2.110770e-03
2 89 2 2.936863e-03
3 89 2 5.574073e-03
4 89 2 1.048388e-02
5 89 2 2.092179e-02
6 89 2 3.125472e-02
7 89 2 3.646065e-02
8 89 2 3.193084e-02
9 89 2 2.083824e-02
10 89 2 9.916301e-03
11 89 2 5.456445e-03
12 89 2 3.020165e-03
1 90 2 3.975972e-04
2 90 2 5.240199e-04
3 90 2 1.039861e-03
4 90 2 1.866330e-03
5 90 2 2.865641e-03
6 90 2 3.793156e-03
7 90 2 4.259948e-03
8 90 2 3.941632e-03
9 90 2 2.872492e-03
10 90 2 1.713320e-03
11 90 2 9.446444e-04
12 90 2 5.377653e-04
1 91 2 6.213488e-07
2 91 2 8.791812e-07
3 91 2 1.836804e-06
4 91 2 3.470983e-06
5 91 2 5.122629e-06
6 91 2 6.511339e-06
7 91 2 7.311285e-06
8 91 2 6.705150e-06
9 91 2 4.821142e-06
10 91 2 2.984298e-06
11 91 2 1.546700e-06
12 91 2 7.940086e-07
1 92 2 3.185673e-07
2 92 2 4.550540e-07
3 92 2 1.140706e-06
4 92 2 2.721460e-06
5 92 2 5.132277e-06
6 92 2 7.864455e-06
7 92 2 9.440219e-06
8 92 2 8.592113e-06
9 92 2 5.375309e-06
10 92 2 2.856804e-06
11 92 2 1.120441e-06
12 92 2 4.809776e-07
1 93 2 9.022642e-04
2 93 2 1.088662e-03
3 93 2 2.238348e-03
4 93 2 5.216719e-03
5 93 2 9.306332e-03
6 93 2 1.476850e-02
7 93 2 1.981116e-02
8 93 2 1.947606e-02
9 93 2 1.309970e-02
10 93 2 7.543833e-03
11 93 2 3.230680e-03
12 93 2 1.345643e-03
1 94 2 2.658775e-05
2 94 2 2.645372e-05
3 94 2 3.532210e-05
4 94 2 6.259728e-05
5 94 2 1.068497e-04
6 94 2 1.682480e-04
7 94 2 2.324340e-04
8 94 2 2.533015e-04
9 94 2 2.086483e-04
10 94 2 1.259397e-04
11 94 2 6.759498e-05
12 94 2 3.693228e-05
1 98 2 7.367689e-02
2 98 2 6.858341e-02
3 98 2 6.458191e-02
4 98 2 6.876113e-02
5 98 2 7.803916e-02
6 98 2 8.929988e-02
7 98 2 1.004440e-01
8 98 2 1.058631e-01
9 98 2 1.044632e-01
10 98 2 9.874561e-02
11 98 2 8.882098e-02
12 98 2 8.082803e-02
1 101 2 5.492831e-04
2 101 2 5.644071e-04
3 101 2 5.783711e-04
4 101 2 7.132193e-04
5 101 2 9.172141e-04
6 101 2 1.070943e-03
7 101 2 1.143171e-03
8 101 2 1.145497e-03
9 101 2 1.101242e-03
10 101 2 9.442025e-04
11 101 2 7.260660e-04
12 101 2 5.823568e-04
1 102 2 3.523065e-01
2 102 2 3.982339e-01
3 102 2 4.894368e-01
4 102 2 6.121871e-01
5 102 2 7.084454e-01
6 102 2 7.733951e-01
7 102 2 7.951735e-01
8 102 2 8.052213e-01
9 102 2 7.257292e-01
10 102 2 5.591025e-01
11 102 2 4.487498e-01
12 102 2 3.678062e-01
1 103 2 5.947892e-01
2 103 2 6.069873e-01
3 103 2 6.615401e-01
4 103 2 7.475153e-01
5 103 2 8.705410e-01
6 103 2 9.962228e-01
7 103 2 1.077786e+00
8 103 2 1.131113e+00
9 103 2 1.109388e+00
10 103 2 9.695087e-01
11 103 2 7.975731e-01
12 103 2 6.631557e-01
1 104 2 9.214872e-04
2 104 2 8.842358e-04
3 104 2 8.938436e-04
4 104 2 9.799705e-04
5 104 2 1.145891e-03
6 104 2 1.314965e-03
7 104 2 1.475819e-03
8 104 2 1.594244e-03
9 104 2 1.607077e-03
10 104 2 1.501328e-03
11 104 2 1.234977e-03
12 104 2 1.022560e-03
1 107 2 6.919992e-04
2 107 2 7.300466e-04
3 107 2 8.523555e-04
4 107 2 9.767055e-04
5 107 2 1.095314e-03
6 107 2 1.402265e-03
7 107 2 1.532735e-03
8 107 2 1.526533e-03
9 107 2 1.429063e-03
10 107 2 1.222352e-03
11 107 2 9.717254e-04
12 107 2 7.599259e-04
1 108 2 4.463914e-05
2 108 2 5.704887e-05
3 108 2 8.286959e-05
4 108 2 1.283469e-04
5 108 2 1.992286e-04
6 108 2 2.734476e-04
7 108 2 2.927174e-04
8 108 2 2.587005e-04
9 108 2 2.093295e-04
10 108 2 1.444229e-04
11 108 2 7.522966e-05
12 108 2 4.789103e-05
1 109 2 8.473137e-05
2 109 2 1.119178e-04
3 109 2 1.750467e-04
4 109 2 3.037786e-04
5 109 2 5.175729e-04
6 109 2 6.524268e-04
7 109 2 6.629246e-04
8 109 2 6.094139e-04
9 109 2 4.893768e-04
10 109 2 3.433782e-04
11 109 2 1.527261e-04
12 109 2 8.921690e-05
1 110 2 3.733673e-05
2 110 2 4.755985e-05
3 110 2 7.638354e-05
4 110 2 1.182387e-04
5 110 2 1.833835e-04
6 110 2 2.123670e-04
7 110 2 2.283150e-04
8 110 2 2.258017e-04
9 110 2 1.901198e-04
10 110 2 1.386094e-04
11 110 2 6.704601e-05
12 110 2 3.946401e-05
1 111 2 1.281629e-03
2 111 2 1.602944e-03
3 111 2 2.595132e-03
4 111 2 3.933139e-03
5 111 2 5.944364e-03
6 111 2 7.623520e-03
7 111 2 8.058631e-03
8 111 2 7.981765e-03
9 111 2 6.797170e-03
10 111 2 4.424629e-03
11 111 2 2.383515e-03
12 111 2 1.455895e-03
1 112 2 1.476631e-03
2 112 2 1.903936e-03
3 112 2 3.340045e-03
4 112 2 5.554300e-03
5 112 2 8.446250e-03
6 112 2 1.029275e-02
7 112 2 1.048289e-02
8 112 2 9.771139e-03
9 112 2 7.459190e-03
10 112 2 4.951958e-03
11 112 2 2.841907e-03
12 112 2 1.746891e-03
1 113 2 8.466522e-04
2 113 2 1.072630e-03
3 113 2 1.802024e-03
4 113 2 2.694763e-03
5 113 2 3.316163e-03
6 113 2 2.895501e-03
7 113 2 2.484512e-03
8 113 2 2.372911e-03
9 113 2 2.346920e-03
10 113 2 2.142962e-03
11 113 2 1.498868e-03
12 113 2 1.012350e-03
1 114 2 2.308190e-03
2 114 2 3.130022e-03
3 114 2 5.576669e-03
4 114 2 8.129024e-03
5 114 2 9.378502e-03
6 114 2 6.865592e-03
7 114 2 5.670514e-03
8 114 2 5.197714e-03
9 114 2 5.015979e-03
10 114 2 4.489393e-03
11 114 2 3.422361e-03
12 114 2 2.535069e-03
1 115 2 7.680815e-04
2 115 2 1.117490e-03
3 115 2 1.771403e-03
4 115 2 2.195809e-03
5 115 2 1.960962e-03
6 115 2 1.820688e-03
7 115 2 1.756020e-03
8 115 2 1.684777e-03
9 115 2 1.549492e-03
10 115 2 1.384709e-03
11 115 2 1.051884e-03
12 115 2 7.546475e-04
1 116 2 4.867916e-04
2 116 2 6.231526e-04
3 116 2 9.529490e-04
4 116 2 1.348864e-03
5 116 2 1.568814e-03
6 116 2 1.786482e-03
7 116 2 1.872917e-03
8 116 2 1.792797e-03
9 116 2 1.452366e-03
10 116 2 1.161134e-03
11 116 2 8.435410e-04
12 116 2 5.556886e-04
1 117 2 9.127004e-05
2 117 2 9.530874e-05
3 117 2 1.203662e-04
4 117 2 1.647658e-04
5 117 2 2.098159e-04
6 117 2 2.485854e-04
7 117 2 2.646451e-04
8 117 2 2.642980e-04
9 117 2 2.411559e-04
10 117 2 2.064440e-04
11 117 2 1.666545e-04
12 117 2 1.203890e-04
1 126 2 1.009838e-05
2 126 2 1.049624e-05
3 126 2 1.137649e-05
4 126 2 1.201288e-05
5 126 2 1.186883e-05
6 126 2 1.103075e-05
7 126 2 1.063300e-05
8 126 2 1.073688e-05
9 126 2 1.068004e-05
10 126 2 1.049485e-05
11 126 2 1.025477e-05
12 126 2 1.009951e-05
1 127 2 1.019584e-03
2 127 2 1.036937e-03
3 127 2 1.094465e-03
4 127 2 1.136287e-03
5 127 2 1.151768e-03
6 127 2 1.115633e-03
7 127 2 1.115941e-03
8 127 2 1.141550e-03
9 127 2 1.129381e-03
10 127 2 1.084118e-03
11 127 2 1.050645e-03
12 127 2 1.037639e-03
1 128 2 4.624140e-03
2 128 2 4.748949e-03
3 128 2 4.875099e-03
4 128 2 4.758925e-03
5 128 2 4.629260e-03
6 128 2 4.490202e-03
7 128 2 4.785727e-03
8 128 2 5.441392e-03
9 128 2 5.721573e-03
10 128 2 5.404295e-03
11 128 2 4.914417e-03
12 128 2 4.630359e-03
1 129 2 1.317350e-04
2 129 2 1.299262e-04
3 129 2 1.332031e-04
4 129 2 1.370660e-04
5 129 2 1.391809e-04
6 129 2 1.429461e-04
7 129 2 1.493646e-04
8 129 2 1.628071e-04
9 129 2 1.700991e-04
10 129 2 1.708485e-04
11 129 2 1.559906e-04
12 129 2 1.385786e-04
1 133 2 2.830851e-03
2 133 2 3.291283e-03
3 133 2 3.951008e-03
4 133 2 4.056641e-03
5 133 2 3.869620e-03
6 133 2 3.556703e-03
7 133 2 3.174391e-03
8 133 2 2.972456e-03
9 133 2 3.099610e-03
10 133 2 3.301204e-03
11 133 2 3.149402e-03
12 133 2 2.755728e-03
1 135 2 1.223151e-04
2 135 2 1.378063e-04
3 135 2 1.638832e-04
4 135 2 1.764946e-04
5 135 2 1.695944e-04
6 135 2 1.512955e-04
7 135 2 1.307043e-04
8 135 2 1.320124e-04
9 135 2 1.402783e-04
10 135 2 1.319235e-04
11 135 2 1.264476e-04
12 135 2 1.187802e-04
1 136 2 1.368894e-04
2 136 2 1.408869e-04
3 136 2 1.742330e-04
4 136 2 2.118143e-04
5 136 2 2.319462e-04
6 136 2 2.116234e-04
7 136 2 1.872620e-04
8 136 2 1.868324e-04
9 136 2 1.877981e-04
10 136 2 1.766613e-04
11 136 2 1.670324e-04
12 136 2 1.483268e-04
1 137 2 3.333701e-05
2 137 2 3.497396e-05
3 137 2 4.009837e-05
4 137 2 4.406222e-05
5 137 2 4.349209e-05
6 137 2 4.001708e-05
7 137 2 3.702006e-05
8 137 2 3.572066e-05
9 137 2 3.574310e-05
10 137 2 3.723606e-05
11 137 2 3.681485e-05
12 137 2 3.471310e-05
1 138 2 1.331918e-03
2 138 2 1.464657e-03
3 138 2 1.699218e-03
4 138 2 1.891124e-03
5 138 2 1.908028e-03
6 138 2 1.676965e-03
7 138 2 1.553547e-03
8 138 2 1.498204e-03
9 138 2 1.502292e-03
10 138 2 1.511046e-03
11 138 2 1.465743e-03
12 138 2 1.359354e-03
1 139 2 2.246051e-03
2 139 2 2.557838e-03
3 139 2 2.858132e-03
4 139 2 2.999813e-03
5 139 2 2.957538e-03
6 139 2 2.754271e-03
7 139 2 2.605957e-03
8 139 2 2.508664e-03
9 139 2 2.476147e-03
10 139 2 2.495371e-03
11 139 2 2.374536e-03
12 139 2 2.173571e-03
1 140 2 7.448095e-04
2 140 2 7.701607e-04
3 140 2 8.364543e-04
4 140 2 9.476889e-04
5 140 2 1.006310e-03
6 140 2 9.665626e-04
7 140 2 9.151777e-04
8 140 2 8.826811e-04
9 140 2 8.698131e-04
10 140 2 8.746203e-04
11 140 2 8.561478e-04
12 140 2 7.981912e-04
1 141 2 1.167965e-03
2 141 2 1.155880e-03
3 141 2 1.188987e-03
4 141 2 1.304904e-03
5 141 2 1.408164e-03
6 141 2 1.392444e-03
7 141 2 1.354791e-03
8 141 2 1.313735e-03
9 141 2 1.302601e-03
10 141 2 1.305664e-03
11 141 2 1.318696e-03
12 141 2 1.280351e-03
1 150 2 1.353147e-06
2 150 2 1.481232e-06
3 150 2 1.585490e-06
4 150 2 1.621293e-06
5 150 2 1.517036e-06
6 150 2 1.337958e-06
7 150 2 1.220591e-06
8 150 2 1.191116e-06
9 150 2 1.152608e-06
10 150 2 1.126384e-06
11 150 2 1.148284e-06
12 150 2 1.221741e-06
1 151 2 8.767417e-04
2 151 2 9.325170e-04
3 151 2 9.887446e-04
4 151 2 1.012059e-03
5 151 2 9.792372e-04
6 151 2 9.217655e-04
7 151 2 9.013984e-04
8 151 2 9.361997e-04
9 151 2 8.913452e-04
10 151 2 8.364354e-04
11 151 2 8.119088e-04
12 151 2 8.321639e-04
1 152 2 6.945712e-04
2 152 2 7.035496e-04
3 152 2 7.100625e-04
4 152 2 6.747428e-04
5 152 2 6.486087e-04
6 152 2 6.370248e-04
7 152 2 7.282896e-04
8 152 2 9.710866e-04
9 152 2 1.030915e-03
10 152 2 8.786581e-04
11 152 2 7.534857e-04
12 152 2 6.968196e-04
1 153 2 8.048568e-04
2 153 2 8.243799e-04
3 153 2 8.697776e-04
4 153 2 8.531371e-04
5 153 2 8.238759e-04
6 153 2 8.088809e-04
7 153 2 9.442210e-04
8 153 2 1.233927e-03
9 153 2 1.500799e-03
10 153 2 1.341406e-03
11 153 2 1.014705e-03
12 153 2 8.466339e-04
1 154 2 2.190413e-03
2 154 2 2.178529e-03
3 154 2 2.267039e-03
4 154 2 2.172244e-03
5 154 2 2.031246e-03
6 154 2 1.827129e-03
7 154 2 1.725290e-03
8 154 2 1.797290e-03
9 154 2 2.026420e-03
10 154 2 2.277334e-03
11 154 2 2.400057e-03
12 154 2 2.320740e-03
1 157 2 8.730273e-05
2 157 2 9.065516e-05
3 157 2 9.705933e-05
4 157 2 9.569203e-05
5 157 2 9.327223e-05
6 157 2 8.769193e-05
7 157 2 8.367060e-05
8 157 2 8.282721e-05
9 157 2 8.222856e-05
10 157 2 8.366232e-05
11 157 2 8.426211e-05
12 157 2 8.536175e-05
1 163 2 4.062718e-04
2 163 2 4.117153e-04
3 163 2 4.239328e-04
4 163 2 4.493716e-04
5 163 2 4.498101e-04
6 163 2 4.158671e-04
7 163 2 3.844678e-04
8 163 2 3.610228e-04
9 163 2 3.661925e-04
10 163 2 3.874176e-04
11 163 2 4.025624e-04
12 163 2 4.057166e-04
1 164 2 1.537403e-03
2 164 2 1.524258e-03
3 164 2 1.566688e-03
4 164 2 1.639776e-03
5 164 2 1.620487e-03
6 164 2 1.498825e-03
7 164 2 1.387295e-03
8 164 2 1.355132e-03
9 164 2 1.451070e-03
10 164 2 1.589712e-03
11 164 2 1.621816e-03
12 164 2 1.594810e-03
1 165 2 1.041730e-03
2 165 2 1.020969e-03
3 165 2 1.033805e-03
4 165 2 1.056671e-03
5 165 2 1.045073e-03
6 165 2 9.616151e-04
7 165 2 9.066715e-04
8 165 2 9.177160e-04
9 165 2 9.781862e-04
10 165 2 1.045893e-03
11 165 2 1.100236e-03
12 165 2 1.101532e-03
1 166 2 4.718588e-04
2 166 2 4.671482e-04
3 166 2 4.594302e-04
4 166 2 4.572748e-04
5 166 2 4.423020e-04
6 166 2 4.090557e-04
7 166 2 3.862723e-04
8 166 2 3.891542e-04
9 166 2 4.037186e-04
10 166 2 4.246824e-04
11 166 2 4.578700e-04
12 166 2 4.809398e-04
1 170 2 1.342184e-05
2 170 2 1.476137e-05
3 170 2 1.450296e-05
4 170 2 1.318242e-05
5 170 2 1.098489e-05
6 170 2 9.236374e-06
7 170 2 8.736164e-06
8 170 2 8.340224e-06
9 170 2 8.480498e-06
10 170 2 9.442974e-06
11 170 2 1.041857e-05
12 170 2 1.199762e-05
1 171 2 4.831281e-05
2 171 2 5.303357e-05
3 171 2 5.367561e-05
4 171 2 4.775432e-05
5 171 2 3.972623e-05
6 171 2 3.404350e-05
7 171 2 3.090784e-05
8 171 2 2.928614e-05
9 171 2 2.971285e-05
10 171 2 3.231928e-05
11 171 2 3.688732e-05
12 171 2 4.357881e-05
1 175 2 1.393142e-06
2 175 2 1.472876e-06
3 175 2 1.477101e-06
4 175 2 1.383481e-06
5 175 2 1.202027e-06
6 175 2 1.095351e-06
7 175 2 1.072623e-06
8 175 2 1.063567e-06
9 175 2 9.892336e-07
10 175 2 9.999751e-07
11 175 2 1.045465e-06
12 175 2 1.219540e-06
1 176 2 1.005560e-03
2 176 2 1.013099e-03
3 176 2 9.918210e-04
4 176 2 8.759934e-04
5 176 2 7.086396e-04
6 176 2 6.421604e-04
7 176 2 6.409893e-04
8 176 2 7.312835e-04
9 176 2 7.964435e-04
10 176 2 8.499992e-04
11 176 2 9.073107e-04
12 176 2 9.637867e-04
1 177 2 4.406289e-03
2 177 2 4.281710e-03
3 177 2 4.042732e-03
4 177 2 3.535100e-03
5 177 2 2.890749e-03
6 177 2 2.468455e-03
7 177 2 2.568390e-03
8 177 2 3.077403e-03
9 177 2 3.867815e-03
10 177 2 4.022379e-03
11 177 2 4.103967e-03
12 177 2 4.112352e-03
1 178 2 1.607848e-03
2 178 2 1.589057e-03
3 178 2 1.523227e-03
4 178 2 1.276709e-03
5 178 2 1.111637e-03
6 178 2 9.395804e-04
7 178 2 8.948908e-04
8 178 2 9.014770e-04
9 178 2 1.028112e-03
10 178 2 1.106219e-03
11 178 2 1.249412e-03
12 178 2 1.387109e-03
1 181 2 1.959666e-05
2 181 2 2.069840e-05
3 181 2 2.098344e-05
4 181 2 2.006298e-05
5 181 2 1.654570e-05
6 181 2 1.430701e-05
7 181 2 1.265035e-05
8 181 2 1.294660e-05
9 181 2 1.402633e-05
10 181 2 1.518789e-05
11 181 2 1.720049e-05
12 181 2 1.831354e-05
1 182 2 2.342054e-03
2 182 2 2.164780e-03
3 182 2 2.041291e-03
4 182 2 1.705167e-03
5 182 2 1.335297e-03
6 182 2 9.987224e-04
7 182 2 9.902311e-04
8 182 2 1.376049e-03
9 182 2 1.909416e-03
10 182 2 2.341830e-03
11 182 2 2.588204e-03
12 182 2 2.484294e-03
1 183 2 4.980251e-04
2 183 2 4.784365e-04
3 183 2 4.567574e-04
4 183 2 4.141542e-04
5 183 2 3.484621e-04
6 183 2 2.828184e-04
7 183 2 2.631328e-04
8 183 2 3.124601e-04
9 183 2 3.633060e-04
10 183 2 4.297906e-04
11 183 2 4.679114e-04
12 183 2 4.812771e-04
1 184 2 1.553306e-04
2 184 2 1.573900e-04
3 184 2 1.524297e-04
4 184 2 1.371769e-04
5 184 2 1.140416e-04
6 184 2 9.216710e-05
7 184 2 8.311155e-05
8 184 2 8.680189e-05
9 184 2 9.195209e-05
10 184 2 1.055954e-04
11 184 2 1.235537e-04
12 184 2 1.408239e-04
1 188 2 2.333536e-03
2 188 2 2.313191e-03
3 188 2 2.144120e-03
4 188 2 1.750820e-03
5 188 2 1.237410e-03
6 188 2 9.412176e-04
7 188 2 8.099101e-04
8 188 2 8.238623e-04
9 188 2 1.115917e-03
10 188 2 1.466472e-03
11 188 2 1.746423e-03
12 188 2 2.178259e-03
1 189 2 2.036745e-03
2 189 2 1.882363e-03
3 189 2 1.707471e-03
4 189 2 1.262075e-03
5 189 2 8.356067e-04
6 189 2 5.909097e-04
7 189 2 5.618288e-04
8 189 2 6.901118e-04
9 189 2 1.110165e-03
10 189 2 1.580713e-03
11 189 2 1.922674e-03
12 189 2 2.009185e-03
1 190 2 8.333186e-03
2 190 2 7.895847e-03
3 190 2 6.853612e-03
4 190 2 4.854270e-03
5 190 2 3.386824e-03
6 190 2 2.456947e-03
7 190 2 2.308578e-03
8 190 2 2.782983e-03
9 190 2 3.909011e-03
10 190 2 5.328928e-03
11 190 2 6.982595e-03
12 190 2 7.834344e-03
1 191 2 5.373263e-03
2 191 2 5.568120e-03
3 191 2 5.412240e-03
4 191 2 4.471118e-03
5 191 2 3.676684e-03
6 191 2 3.020332e-03
7 191 2 2.655380e-03
8 191 2 2.696769e-03
9 191 2 2.942230e-03
10 191 2 3.302351e-03
11 191 2 4.061545e-03
12 191 2 4.778371e-03
1 192 2 9.283676e-05
2 192 2 1.003307e-04
3 192 2 9.775311e-05
4 192 2 8.463956e-05
5 192 2 7.153318e-05
6 192 2 6.090764e-05
7 192 2 5.352570e-05
8 192 2 4.973794e-05
9 192 2 5.121250e-05
10 192 2 5.623718e-05
11 192 2 6.713265e-05
12 192 2 8.061163e-05
1 200 2 4.372851e-03
2 200 2 4.498576e-03
3 200 2 3.678848e-03
4 200 2 2.431981e-03
5 200 2 1.591853e-03
6 200 2 1.296417e-03
7 200 2 1.231664e-03
8 200 2 1.328245e-03
9 200 2 1.471266e-03
10 200 2 1.881085e-03
11 200 2 2.614046e-03
12 200 2 3.601623e-03
1 201 2 2.961377e-03
2 201 2 3.055527e-03
3 201 2 2.797154e-03
4 201 2 2.153049e-03
5 201 2 1.622528e-03
6 201 2 1.342362e-03
7 201 2 1.268608e-03
8 201 2 1.312259e-03
9 201 2 1.298744e-03
10 201 2 1.545337e-03
11 201 2 1.969890e-03
12 201 2 2.453436e-03
1 206 2 1.555830e-03
2 206 2 1.680499e-03
3 206 2 1.520402e-03
4 206 2 1.297428e-03
5 206 2 1.072966e-03
6 206 2 9.355360e-04
7 206 2 8.024045e-04
8 206 2 7.878597e-04
9 206 2 8.528498e-04
10 206 2 9.653779e-04
11 206 2 1.131646e-03
12 206 2 1.333196e-03
1 207 2 5.892416e-05
2 207 2 6.433779e-05
3 207 2 6.101659e-05
4 207 2 5.532684e-05
5 207 2 4.906675e-05
6 207 2 4.208434e-05
7 207 2 3.709357e-05
8 207 2 3.652771e-05
9 207 2 3.685413e-05
10 207 2 4.059349e-05
11 207 2 4.374775e-05
12 207 2 5.004472e-05
1 212 2 3.284569e-03
2 212 2 3.506075e-03
3 212 2 3.111984e-03
4 212 2 2.616216e-03
5 212 2 2.039134e-03
6 212 2 1.645750e-03
7 212 2 1.366066e-03
8 212 2 1.320290e-03
9 212 2 1.499489e-03
10 212 2 1.769326e-03
11 212 2 2.098729e-03
12 212 2 2.774921e-03
1 213 2 7.153280e-04
2 213 2 7.817997e-04
3 213 2 6.625445e-04
4 213 2 5.606546e-04
5 213 2 4.326198e-04
6 213 2 3.334890e-04
7 213 2 2.830345e-04
8 213 2 2.763102e-04
9 213 2 3.328274e-04
10 213 2 4.101713e-04
11 213 2 5.036852e-04
12 213 2 6.163685e-04
1 214 2 2.542688e-02
2 214 2 2.695568e-02
3 214 2 2.165721e-02
4 214 2 1.608557e-02
5 214 2 1.189018e-02
6 214 2 8.762522e-03
7 214 2 7.588477e-03
8 214 2 7.823146e-03
9 214 2 9.875052e-03
10 214 2 1.323907e-02
11 214 2 1.812308e-02
12 214 2 2.198014e-02
1 215 2 9.424890e-03
2 215 2 9.694755e-03
3 215 2 9.038875e-03
4 215 2 7.203602e-03
5 215 2 5.851163e-03
6 215 2 4.701287e-03
7 215 2 4.062562e-03
8 215 2 4.072552e-03
9 215 2 4.579859e-03
10 215 2 5.448560e-03
11 215 2 6.860488e-03
12 215 2 8.287847e-03
1 216 2 6.668495e-03
2 216 2 6.962399e-03
3 216 2 6.529014e-03
4 216 2 5.307709e-03
5 216 2 4.250108e-03
6 216 2 3.656232e-03
7 216 2 3.212875e-03
8 216 2 3.072104e-03
9 216 2 3.187853e-03
10 216 2 3.623294e-03
11 216 2 4.358208e-03
12 216 2 5.601085e-03
1 224 2 1.278123e-04
2 224 2 1.397291e-04
3 224 2 1.219307e-04
4 224 2 1.050006e-04
5 224 2 8.478997e-05
6 224 2 7.205504e-05
7 224 2 6.546130e-05
8 224 2 6.837358e-05
9 224 2 7.031443e-05
10 224 2 8.293249e-05
11 224 2 9.903777e-05
12 224 2 1.181599e-04
1 240 2 4.119490e-04
2 240 2 4.201854e-04
3 240 2 3.842493e-04
4 240 2 3.393523e-04
5 240 2 2.949408e-04
6 240 2 2.543967e-04
7 240 2 2.492362e-04
8 240 2 2.569480e-04
9 240 2 2.501235e-04
10 240 2 2.693568e-04
11 240 2 2.959570e-04
12 240 2 3.667872e-04
