1 7 2 1.885791e-07
2 7 2 1.611010e-07
3 7 2 1.761874e-07
4 7 2 4.553721e-07
5 7 2 1.566806e-06
6 7 2 4.219997e-06
7 7 2 5.709781e-06
8 7 2 3.892982e-06
9 7 2 1.683584e-06
10 7 2 7.380786e-07
11 7 2 3.910441e-07
12 7 2 2.306906e-07
1 25 2 1.417279e-04
2 25 2 1.345701e-04
3 25 2 1.895870e-04
4 25 2 3.459541e-04
5 25 2 9.678131e-04
6 25 2 1.755006e-03
7 25 2 2.127581e-03
8 25 2 1.631479e-03
9 25 2 9.218718e-04
10 25 2 4.314026e-04
11 25 2 2.056978e-04
12 25 2 1.191189e-04
1 26 2 7.910992e-04
2 26 2 6.510821e-04
3 26 2 1.076618e-03
4 26 2 2.403099e-03
5 26 2 6.769159e-03
6 26 2 1.292890e-02
7 26 2 1.402782e-02
8 26 2 1.049566e-02
9 26 2 5.740574e-03
10 26 2 2.310805e-03
11 26 2 1.207301e-03
12 26 2 7.464133e-04
1 27 2 3.276752e-03
2 27 2 2.893078e-03
3 27 2 5.071551e-03
4 27 2 1.291662e-02
5 27 2 3.637416e-02
6 27 2 7.518981e-02
7 27 2 8.480138e-02
8 27 2 6.382777e-02
9 27 2 3.298393e-02
10 27 2 1.238626e-02
11 27 2 6.564277e-03
12 27 2 4.060457e-03
1 28 2 1.959392e-05
2 28 2 1.783099e-05
3 28 2 2.998863e-05
4 28 2 8.151627e-05
5 28 2 2.327788e-04
6 28 2 4.983757e-04
7 28 2 5.941796e-04
8 28 2 4.477210e-04
9 28 2 2.303172e-04
10 28 2 8.969737e-05
11 28 2 4.477822e-05
12 28 2 2.791674e-05
1 29 2 2.626431e-05
2 29 2 2.484611e-05
3 29 2 3.958109e-05
4 29 2 1.190138e-04
5 29 2 3.559035e-04
6 29 2 8.759107e-04
7 29 2 1.193192e-03
8 29 2 8.877433e-04
9 29 2 4.076960e-04
10 29 2 1.511073e-04
11 29 2 7.142902e-05
12 29 2 4.458912e-05
1 30 2 5.960931e-06
2 30 2 5.213205e-06
3 30 2 8.285607e-06
4 30 2 2.535990e-05
5 30 2 7.025088e-05
6 30 2 1.910550e-04
7 30 2 2.769252e-04
8 30 2 2.120711e-04
9 30 2 9.595487e-05
10 30 2 3.755848e-05
11 30 2 1.732469e-05
12 30 2 1.037573e-05
1 31 2 1.063137e-05
2 31 2 8.192367e-06
3 31 2 1.244520e-05
4 31 2 3.463912e-05
5 31 2 8.945502e-05
6 31 2 2.355306e-04
7 31 2 3.321504e-04
8 31 2 2.681036e-04
9 31 2 1.341232e-04
10 31 2 6.142182e-05
11 31 2 2.948998e-05
12 31 2 1.643318e-05
1 32 2 1.257616e-05
2 32 2 1.041064e-05
3 32 2 1.455228e-05
4 32 2 3.233575e-05
5 32 2 8.636443e-05
6 32 2 2.045803e-04
7 32 2 2.639329e-04
8 32 2 2.180205e-04
9 32 2 1.217451e-04
10 32 2 6.276083e-05
11 32 2 3.243223e-05
12 32 2 1.681969e-05
1 35 2 2.841435e-04
2 35 2 2.707460e-04
3 35 2 2.941102e-04
4 35 2 3.919285e-04
5 35 2 6.144001e-04
6 35 2 9.383231e-04
7 35 2 1.129091e-03
8 35 2 1.036804e-03
9 35 2 7.046523e-04
10 35 2 5.094627e-04
11 35 2 3.858908e-04
12 35 2 3.135013e-04
1 36 2 3.406151e-05
2 36 2 3.197713e-05
3 36 2 3.544011e-05
4 36 2 4.256668e-05
5 36 2 5.821700e-05
6 36 2 8.398283e-05
7 36 2 9.890805e-05
8 36 2 1.007603e-04
9 36 2 7.691335e-05
10 36 2 6.025851e-05
11 36 2 4.612101e-05
12 36 2 3.821517e-05
1 37 2 3.070023e-03
2 37 2 2.971355e-03
3 37 2 3.744046e-03
4 37 2 4.814341e-03
5 37 2 7.278364e-03
6 37 2 1.103922e-02
7 37 2 1.283918e-02
8 37 2 1.262121e-02
9 37 2 9.288039e-03
10 37 2 6.964405e-03
11 37 2 4.908591e-03
12 37 2 3.760399e-03
1 38 2 5.214789e-03
2 38 2 5.210113e-03
3 38 2 7.936920e-03
4 38 2 1.176779e-02
5 38 2 2.148494e-02
6 38 2 3.812338e-02
7 38 2 4.519378e-02
8 38 2 3.919615e-02
9 38 2 2.531772e-02
10 38 2 1.730464e-02
11 38 2 9.888210e-03
12 38 2 7.135714e-03
1 39 2 9.511118e-04
2 39 2 9.908671e-04
3 39 2 1.605000e-03
4 39 2 2.478254e-03
5 39 2 4.808633e-03
6 39 2 9.296299e-03
7 39 2 1.154340e-02
8 39 2 9.345743e-03
9 39 2 5.890736e-03
10 39 2 3.719930e-03
11 39 2 1.882948e-03
12 39 2 1.374416e-03
1 40 2 2.220632e-04
2 40 2 2.436419e-04
3 40 2 4.345317e-04
4 40 2 7.306996e-04
5 40 2 1.597346e-03
6 40 2 3.626679e-03
7 40 2 4.537535e-03
8 40 2 3.328622e-03
9 40 2 2.050397e-03
10 40 2 1.104773e-03
11 40 2 4.732530e-04
12 40 2 3.525587e-04
1 41 2 1.181875e-04
2 41 2 1.263484e-04
3 41 2 2.531980e-04
4 41 2 4.509635e-04
5 41 2 1.131083e-03
6 41 2 2.870238e-03
7 41 2 3.711047e-03
8 41 2 2.602911e-03
9 41 2 1.454628e-03
10 41 2 6.304491e-04
11 41 2 2.422016e-04
12 41 2 2.018719e-04
1 42 2 6.400064e-05
2 42 2 6.694595e-05
3 42 2 1.443680e-04
4 42 2 2.847936e-04
5 42 2 8.096204e-04
6 42 2 2.245645e-03
7 42 2 3.143639e-03
8 42 2 2.099372e-03
9 42 2 9.941624e-04
10 42 2 3.558001e-04
11 42 2 1.326491e-04
12 42 2 1.088193e-04
1 43 2 1.794832e-06
2 43 2 1.861009e-06
3 43 2 4.391016e-06
4 43 2 1.071421e-05
5 43 2 3.586242e-05
6 43 2 1.057639e-04
7 43 2 1.546121e-04
8 43 2 9.705476e-05
9 43 2 3.968751e-05
10 43 2 1.218507e-05
11 43 2 4.155371e-06
12 43 2 2.911700e-06
1 44 2 7.412197e-06
2 44 2 7.447588e-06
3 44 2 1.619965e-05
4 44 2 4.379535e-05
5 44 2 1.636181e-04
6 44 2 5.156148e-04
7 44 2 7.535994e-04
8 44 2 4.544158e-04
9 44 2 1.638101e-04
10 44 2 4.853360e-05
11 44 2 1.592887e-05
12 44 2 1.076970e-05
1 45 2 1.703320e-05
2 45 2 1.908923e-05
3 45 2 3.478389e-05
4 45 2 1.025805e-04
5 45 2 4.295870e-04
6 45 2 1.425414e-03
7 45 2 1.994136e-03
8 45 2 1.214227e-03
9 45 2 4.175454e-04
10 45 2 1.066081e-04
11 45 2 3.090109e-05
12 45 2 2.019543e-05
1 46 2 7.727029e-06
2 46 2 9.720792e-06
3 46 2 1.528035e-05
4 46 2 4.243198e-05
5 46 2 1.666286e-04
6 46 2 5.168634e-04
7 46 2 7.230554e-04
8 46 2 4.530749e-04
9 46 2 1.701878e-04
10 46 2 4.125151e-05
11 46 2 1.134167e-05
12 46 2 8.088195e-06
1 47 2 1.015811e-05
2 47 2 1.292759e-05
3 47 2 1.821700e-05
4 47 2 4.081568e-05
5 47 2 1.391202e-04
6 47 2 3.832760e-04
7 47 2 5.198041e-04
8 47 2 3.524644e-04
9 47 2 1.493147e-04
10 47 2 4.605437e-05
11 47 2 1.358724e-05
12 47 2 1.032811e-05
1 48 2 1.374731e-05
2 48 2 1.579206e-05
3 48 2 2.172110e-05
4 48 2 4.241672e-05
5 48 2 1.316272e-04
6 48 2 3.027652e-04
7 48 2 4.023468e-04
8 48 2 2.830740e-04
9 48 2 1.347547e-04
10 48 2 5.024130e-05
11 48 2 1.808624e-05
12 48 2 1.199369e-05
1 49 2 4.112810e-04
2 49 2 3.742294e-04
3 49 2 4.244859e-04
4 49 2 4.968232e-04
5 49 2 7.105630e-04
6 49 2 1.081080e-03
7 49 2 1.612254e-03
8 49 2 1.516098e-03
9 49 2 1.057461e-03
10 49 2 7.567150e-04
11 49 2 5.524632e-04
12 49 2 4.030209e-04
1 50 2 1.677118e-03
2 50 2 1.447687e-03
3 50 2 1.696913e-03
4 50 2 1.934305e-03
5 50 2 2.722399e-03
6 50 2 3.995083e-03
7 50 2 5.513802e-03
8 50 2 5.302419e-03
9 50 2 3.839434e-03
10 50 2 2.736909e-03
11 50 2 2.049072e-03
12 50 2 1.613420e-03
1 51 2 6.427570e-04
2 51 2 5.866165e-04
3 51 2 6.374236e-04
4 51 2 7.357977e-04
5 51 2 1.002911e-03
6 51 2 1.406503e-03
7 51 2 1.832878e-03
8 51 2 1.817659e-03
9 51 2 1.510208e-03
10 51 2 1.062242e-03
11 51 2 7.961112e-04
12 51 2 6.671655e-04
1 52 2 1.661954e-01
2 52 2 1.746857e-01
3 52 2 2.194449e-01
4 52 2 3.199208e-01
5 52 2 5.410281e-01
6 52 2 7.445758e-01
7 52 2 9.550568e-01
8 52 2 8.933052e-01
9 52 2 7.211091e-01
10 52 2 4.119444e-01
11 52 2 2.479502e-01
12 52 2 1.912074e-01
1 53 2 2.730073e-02
2 53 2 3.425245e-02
3 53 2 5.803087e-02
4 53 2 1.266640e-01
5 53 2 2.412071e-01
6 53 2 3.601836e-01
7 53 2 4.999775e-01
8 53 2 4.260390e-01
9 53 2 2.883465e-01
10 53 2 1.271729e-01
11 53 2 5.672256e-02
12 53 2 3.593605e-02
1 54 2 2.319331e-02
2 54 2 3.008765e-02
3 54 2 5.626513e-02
4 54 2 1.398133e-01
5 54 2 2.753887e-01
6 54 2 5.319253e-01
7 54 2 7.556251e-01
8 54 2 6.336111e-01
9 54 2 3.842751e-01
10 54 2 1.634312e-01
11 54 2 7.005408e-02
12 54 2 3.864320e-02
1 55 2 7.188190e-03
2 55 2 8.016749e-03
3 55 2 1.495503e-02
4 55 2 3.501794e-02
5 55 2 6.948981e-02
6 55 2 1.484023e-01
7 55 2 2.062905e-01
8 55 2 1.779076e-01
9 55 2 1.128175e-01
10 55 2 5.409418e-02
11 55 2 2.530860e-02
12 55 2 1.449177e-02
1 56 2 1.295792e-02
2 56 2 1.344750e-02
3 56 2 2.329142e-02
4 56 2 5.193655e-02
5 56 2 1.135263e-01
6 56 2 2.237854e-01
7 56 2 3.094029e-01
8 56 2 2.567888e-01
9 56 2 1.678432e-01
10 56 2 8.647891e-02
11 56 2 3.898790e-02
12 56 2 2.235994e-02
1 57 2 2.342983e-03
2 57 2 2.235438e-03
3 57 2 2.749461e-03
4 57 2 4.173252e-03
5 57 2 6.982504e-03
6 57 2 1.136140e-02
7 57 2 1.617877e-02
8 57 2 1.458102e-02
9 57 2 1.084829e-02
10 57 2 6.968378e-03
11 57 2 4.261200e-03
12 57 2 3.062331e-03
1 60 2 1.159455e-01
2 60 2 1.122828e-01
3 60 2 1.287661e-01
4 60 2 1.527147e-01
5 60 2 1.882850e-01
6 60 2 2.477818e-01
7 60 2 2.884676e-01
8 60 2 2.885889e-01
9 60 2 2.449092e-01
10 60 2 1.999273e-01
11 60 2 1.598951e-01
12 60 2 1.325366e-01
1 61 2 4.936423e-01
2 61 2 4.966116e-01
3 61 2 6.984757e-01
4 61 2 1.052052e+00
5 61 2 1.534623e+00
6 61 2 2.162035e+00
7 61 2 2.558559e+00
8 61 2 2.461545e+00
9 61 2 1.912685e+00
10 61 2 1.301020e+00
11 61 2 8.487344e-01
12 61 2 5.952952e-01
1 62 2 1.076564e-02
2 62 2 1.179091e-02
3 62 2 1.856105e-02
4 62 2 3.360116e-02
5 62 2 5.763322e-02
6 62 2 8.175733e-02
7 62 2 9.997269e-02
8 62 2 9.332088e-02
9 62 2 6.502807e-02
10 62 2 3.877877e-02
11 62 2 2.105859e-02
12 62 2 1.370433e-02
1 63 2 1.370369e-02
2 63 2 1.663569e-02
3 63 2 2.783588e-02
4 63 2 5.854590e-02
5 63 2 1.123592e-01
6 63 2 1.670399e-01
7 63 2 2.136036e-01
8 63 2 1.858770e-01
9 63 2 1.135279e-01
10 63 2 6.199879e-02
11 63 2 2.863770e-02
12 63 2 1.874745e-02
1 64 2 3.278414e-03
2 64 2 4.199990e-03
3 64 2 7.997794e-03
4 64 2 1.894411e-02
5 64 2 4.057230e-02
6 64 2 6.498754e-02
7 64 2 8.237313e-02
8 64 2 6.439739e-02
9 64 2 3.687299e-02
10 64 2 1.630073e-02
11 64 2 7.448634e-03
12 64 2 5.097531e-03
1 65 2 1.108282e-03
2 65 2 1.374276e-03
3 65 2 3.010782e-03
4 65 2 8.490509e-03
5 65 2 1.780189e-02
6 65 2 3.025498e-02
7 65 2 3.921476e-02
8 65 2 2.926777e-02
9 65 2 1.659975e-02
10 65 2 5.890527e-03
11 65 2 2.593125e-03
12 65 2 1.879234e-03
1 66 2 7.339631e-04
2 66 2 9.074073e-04
3 66 2 2.157167e-03
4 66 2 7.076950e-03
5 66 2 1.471500e-02
6 66 2 2.530310e-02
7 66 2 3.489720e-02
8 66 2 2.638232e-02
9 66 2 1.492405e-02
10 66 2 4.944509e-03
11 66 2 1.894810e-03
12 66 2 1.175314e-03
1 67 2 2.505013e-04
2 67 2 3.340319e-04
3 67 2 8.494452e-04
4 67 2 3.137924e-03
5 67 2 7.119769e-03
6 67 2 1.214282e-02
7 67 2 1.697700e-02
8 67 2 1.306519e-02
9 67 2 7.145751e-03
10 67 2 2.627826e-03
11 67 2 8.309383e-04
12 67 2 3.740010e-04
1 68 2 6.183677e-05
2 68 2 8.303015e-05
3 68 2 2.465949e-04
4 68 2 1.133480e-03
5 68 2 3.088878e-03
6 68 2 5.919248e-03
7 68 2 8.487082e-03
8 68 2 6.312130e-03
9 68 2 3.029253e-03
10 68 2 1.112911e-03
11 68 2 2.537832e-04
12 68 2 8.830773e-05
1 69 2 3.608318e-05
2 69 2 5.115925e-05
3 69 2 1.223439e-04
4 69 2 5.364852e-04
5 69 2 1.720265e-03
6 69 2 4.071200e-03
7 69 2 5.964276e-03
8 69 2 4.591285e-03
9 69 2 1.972386e-03
10 69 2 6.413438e-04
11 69 2 1.242693e-04
12 69 2 4.673331e-05
1 70 2 1.498888e-04
2 70 2 1.751913e-04
3 70 2 2.510441e-04
4 70 2 6.549610e-04
5 70 2 1.642434e-03
6 70 2 3.988297e-03
7 70 2 6.455788e-03
8 70 2 5.883831e-03
9 70 2 3.038016e-03
10 70 2 1.082898e-03
11 70 2 3.293530e-04
12 70 2 1.854019e-04
1 71 2 1.287974e-04
2 71 2 1.306992e-04
3 71 2 1.478961e-04
4 71 2 2.373286e-04
5 71 2 4.596173e-04
6 71 2 9.588048e-04
7 71 2 1.471465e-03
8 71 2 1.463005e-03
9 71 2 9.386499e-04
10 71 2 4.470664e-04
11 71 2 2.135750e-04
12 71 2 1.483351e-04
1 72 2 5.419209e-07
2 72 2 5.175816e-07
3 72 2 5.607460e-07
4 72 2 7.149565e-07
5 72 2 1.112420e-06
6 72 2 1.935647e-06
7 72 2 2.998096e-06
8 72 2 2.883465e-06
9 72 2 2.017369e-06
10 72 2 1.223218e-06
11 72 2 7.536710e-07
12 72 2 5.382201e-07
1 76 2 5.865791e-01
2 76 2 5.366596e-01
3 76 2 5.420608e-01
4 76 2 5.896330e-01
5 76 2 8.016161e-01
6 76 2 1.143054e+00
7 76 2 1.532771e+00
8 76 2 1.635748e+00
9 76 2 1.558550e+00
10 76 2 1.040800e+00
11 76 2 6.718800e-01
12 76 2 5.876174e-01
1 77 2 5.576260e-01
2 77 2 7.240730e-01
3 77 2 9.484922e-01
4 77 2 1.532972e+00
5 77 2 2.573922e+00
6 77 2 3.973867e+00
7 77 2 5.399413e+00
8 77 2 5.124918e+00
9 77 2 3.796322e+00
10 77 2 1.917947e+00
11 77 2 8.416007e-01
12 77 2 5.304567e-01
1 78 2 6.536893e-01
2 78 2 8.931742e-01
3 78 2 1.243799e+00
4 78 2 2.230884e+00
5 78 2 3.488458e+00
6 78 2 5.538461e+00
7 78 2 6.836617e+00
8 78 2 6.401662e+00
9 78 2 4.150768e+00
10 78 2 2.201233e+00
11 78 2 1.188714e+00
12 78 2 6.862845e-01
1 79 2 1.963334e+00
2 79 2 2.409043e+00
3 79 2 3.537170e+00
4 79 2 5.866984e+00
5 79 2 8.913577e+00
6 79 2 1.456185e+01
7 79 2 1.784372e+01
8 79 2 1.690376e+01
9 79 2 1.167215e+01
10 79 2 7.045839e+00
11 79 2 4.014356e+00
12 79 2 2.459120e+00
1 80 2 1.010136e+00
2 80 2 1.012108e+00
3 80 2 1.271777e+00
4 80 2 1.719589e+00
5 80 2 2.564614e+00
6 80 2 3.901968e+00
7 80 2 5.024376e+00
8 80 2 4.974049e+00
9 80 2 4.128370e+00
10 80 2 2.894418e+00
11 80 2 1.688488e+00
12 80 2 1.248074e+00
1 81 2 3.548719e-08
2 81 2 3.215994e-08
3 81 2 3.387315e-08
4 81 2 4.016526e-08
5 81 2 5.783761e-08
6 81 2 7.793451e-08
7 81 2 1.039902e-07
8 81 2 1.115792e-07
9 81 2 1.014603e-07
10 81 2 7.784978e-08
11 81 2 5.146168e-08
12 81 2 4.213148e-08
1 84 2 2.690224e-02
2 84 2 2.844244e-02
3 84 2 3.517760e-02
4 84 2 4.445349e-02
5 84 2 5.959872e-02
6 84 2 9.765683e-02
7 84 2 1.307941e-01
8 84 2 1.253332e-01
9 84 2 9.404336e-02
10 84 2 5.935080e-02
11 84 2 3.987050e-02
12 84 2 3.045675e-02
1 85 2 7.896126e-02
2 85 2 8.891661e-02
3 85 2 1.156059e-01
4 85 2 1.679646e-01
5 85 2 2.688748e-01
6 85 2 4.107483e-01
7 85 2 5.683085e-01
8 85 2 5.406368e-01
9 85 2 3.892952e-01
10 85 2 2.147375e-01
11 85 2 1.211029e-01
12 85 2 8.787239e-02
1 86 2 1.116009e-02
2 86 2 1.263556e-02
3 86 2 1.614731e-02
4 86 2 2.345438e-02
5 86 2 3.769582e-02
6 86 2 5.469581e-02
7 86 2 7.513751e-02
8 86 2 7.538330e-02
9 86 2 5.579800e-02
10 86 2 3.235665e-02
11 86 2 1.782363e-02
12 86 2 1.273843e-02
1 87 2 5.737637e-03
2 87 2 7.762363e-03
3 87 2 1.108323e-02
4 87 2 1.752006e-02
5 87 2 3.073662e-02
6 87 2 4.620104e-02
7 87 2 6.263431e-02
8 87 2 6.382227e-02
9 87 2 4.627144e-02
10 87 2 2.605205e-02
11 87 2 1.144658e-02
12 87 2 6.957782e-03
1 88 2 1.898861e-03
2 88 2 2.696536e-03
3 88 2 4.228566e-03
4 88 2 8.023252e-03
5 88 2 1.646608e-02
6 88 2 2.588015e-02
7 88 2 3.314313e-02
8 88 2 2.906912e-02
9 88 2 1.878447e-02
10 88 2 8.877192e-03
11 88 2 4.551060e-03
12 88 2 2.527948e-03
1 89 2 2.250734e-03
2 89 2 3.131605e-03
3 89 2 5.943689e-03
4 89 2 1.117906e-02
5 89 2 2.230911e-02
6 89 2 3.332722e-02
7 89 2 3.887835e-02
8 89 2 3.404816e-02
9 89 2 2.222002e-02
10 89 2 1.057385e-02
11 89 2 5.818261e-03
12 89 2 3.220431e-03
1 90 2 4.491449e-04
2 90 2 5.919581e-04
3 90 2 1.174677e-03
4 90 2 2.108296e-03
5 90 2 3.237165e-03
6 90 2 4.284931e-03
7 90 2 4.812242e-03
8 90 2 4.452657e-03
9 90 2 3.244905e-03
10 90 2 1.935448e-03
11 90 2 1.067116e-03
12 90 2 6.074855e-04
1 91 2 8.947889e-07
2 91 2 1.266087e-06
3 91 2 2.645136e-06
4 91 2 4.998475e-06
5 91 2 7.376969e-06
6 91 2 9.376815e-06
7 91 2 1.052880e-05
8 91 2 9.655919e-06
9 91 2 6.942805e-06
10 91 2 4.297613e-06
11 91 2 2.227364e-06
12 91 2 1.143432e-06
1 92 2 4.582245e-07
2 92 2 6.545458e-07
3 92 2 1.640781e-06
4 92 2 3.914524e-06
5 92 2 7.382223e-06
6 92 2 1.131217e-05
7 92 2 1.357873e-05
8 92 2 1.235882e-05
9 92 2 7.731799e-06
10 92 2 4.109202e-06
11 92 2 1.611632e-06
12 92 2 6.918340e-07
1 93 2 1.226650e-03
2 93 2 1.480063e-03
3 93 2 3.043089e-03
4 93 2 7.092257e-03
5 93 2 1.265219e-02
6 93 2 2.007813e-02
7 93 2 2.693376e-02
8 93 2 2.647818e-02
9 93 2 1.780936e-02
10 93 2 1.025603e-02
11 93 2 4.392189e-03
12 93 2 1.829435e-03
1 94 2 2.771835e-05
2 94 2 2.757861e-05
3 94 2 3.682411e-05
4 94 2 6.525911e-05
5 94 2 1.113933e-04
6 94 2 1.754024e-04
7 94 2 2.423178e-04
8 94 2 2.640727e-04
9 94 2 2.175207e-04
10 94 2 1.312951e-04
11 94 2 7.046932e-05
12 94 2 3.850275e-05
1 98 2 7.428076e-02
2 98 2 6.914553e-02
3 98 2 6.511123e-02
4 98 2 6.932470e-02
5 98 2 7.867878e-02
6 98 2 9.003180e-02
7 98 2 1.012673e-01
8 98 2 1.067308e-01
9 98 2 1.053194e-01
10 98 2 9.955494e-02
11 98 2 8.954897e-02
12 98 2 8.149051e-02
1 101 2 7.906984e-04
2 101 2 8.124695e-04
3 101 2 8.325708e-04
4 101 2 1.026686e-03
5 101 2 1.320339e-03
6 101 2 1.541633e-03
7 101 2 1.645605e-03
8 101 2 1.648954e-03
9 101 2 1.585249e-03
10 101 2 1.359189e-03
11 101 2 1.045179e-03
12 101 2 8.383082e-04
1 102 2 3.558720e-01
2 102 2 4.022641e-01
3 102 2 4.943901e-01
4 102 2 6.183827e-01
5 102 2 7.156151e-01
6 102 2 7.812222e-01
7 102 2 8.032210e-01
8 102 2 8.133704e-01
9 102 2 7.330738e-01
10 102 2 5.647608e-01
11 102 2 4.532913e-01
12 102 2 3.715285e-01
1 103 2 5.987928e-01
2 103 2 6.110730e-01
3 103 2 6.659930e-01
4 103 2 7.525468e-01
5 103 2 8.764007e-01
6 103 2 1.002928e+00
7 103 2 1.085041e+00
8 103 2 1.138727e+00
9 103 2 1.116855e+00
10 103 2 9.760345e-01
11 103 2 8.029416e-01
12 103 2 6.676194e-01
1 104 2 1.326645e-03
2 104 2 1.273015e-03
3 104 2 1.286847e-03
4 104 2 1.410842e-03
5 104 2 1.649714e-03
6 104 2 1.893126e-03
7 104 2 2.124704e-03
8 104 2 2.295198e-03
9 104 2 2.313673e-03
10 104 2 2.161428e-03
11 104 2 1.777970e-03
12 104 2 1.472157e-03
1 107 2 7.673378e-04
2 107 2 8.095275e-04
3 107 2 9.451522e-04
4 107 2 1.083040e-03
5 107 2 1.214562e-03
6 107 2 1.554931e-03
7 107 2 1.699605e-03
8 107 2 1.692728e-03
9 107 2 1.584647e-03
10 107 2 1.355431e-03
11 107 2 1.077518e-03
12 107 2 8.426598e-04
1 108 2 6.439570e-05
2 108 2 8.229779e-05
3 108 2 1.195463e-04
4 108 2 1.851512e-04
5 108 2 2.874041e-04
6 108 2 3.944711e-04
7 108 2 4.222694e-04
8 108 2 3.731972e-04
9 108 2 3.019755e-04
10 108 2 2.083422e-04
11 108 2 1.085251e-04
12 108 2 6.908683e-05
1 109 2 1.220522e-04
2 109 2 1.612132e-04
3 109 2 2.521479e-04
4 109 2 4.375811e-04
5 109 2 7.455435e-04
6 109 2 9.397953e-04
7 109 2 9.549169e-04
8 109 2 8.778368e-04
9 109 2 7.049281e-04
10 109 2 4.946228e-04
11 109 2 2.199959e-04
12 109 2 1.285135e-04
1 110 2 5.377119e-05
2 110 2 6.849420e-05
3 110 2 1.100052e-04
4 110 2 1.702837e-04
5 110 2 2.641032e-04
6 110 2 3.058442e-04
7 110 2 3.288121e-04
8 110 2 3.251926e-04
9 110 2 2.738046e-04
10 110 2 1.996209e-04
11 110 2 9.655756e-05
12 110 2 5.683483e-05
1 111 2 1.847254e-03
2 111 2 2.310376e-03
3 111 2 3.740448e-03
4 111 2 5.668961e-03
5 111 2 8.567806e-03
6 111 2 1.098803e-02
7 111 2 1.161517e-02
8 111 2 1.150438e-02
9 111 2 9.796983e-03
10 111 2 6.377362e-03
11 111 2 3.435439e-03
12 111 2 2.098429e-03
1 112 2 2.125704e-03
2 112 2 2.740835e-03
3 112 2 4.808205e-03
4 112 2 7.995765e-03
5 112 2 1.215891e-02
6 112 2 1.481707e-02
7 112 2 1.509078e-02
8 112 2 1.406617e-02
9 112 2 1.073797e-02
10 112 2 7.128654e-03
11 112 2 4.091103e-03
12 112 2 2.514760e-03
1 113 2 1.219460e-03
2 113 2 1.544942e-03
3 113 2 2.595512e-03
4 113 2 3.881351e-03
5 113 2 4.776374e-03
6 113 2 4.170481e-03
7 113 2 3.578520e-03
8 113 2 3.417778e-03
9 113 2 3.380343e-03
10 113 2 3.086576e-03
11 113 2 2.158866e-03
12 113 2 1.458120e-03
1 114 2 3.325315e-03
2 114 2 4.509296e-03
3 114 2 8.034081e-03
4 114 2 1.171115e-02
5 114 2 1.351123e-02
6 114 2 9.890979e-03
7 114 2 8.169279e-03
8 114 2 7.488135e-03
9 114 2 7.226316e-03
10 114 2 6.467686e-03
11 114 2 4.930457e-03
12 114 2 3.652171e-03
1 115 2 1.106352e-03
2 115 2 1.609643e-03
3 115 2 2.551546e-03
4 115 2 3.162864e-03
5 115 2 2.824587e-03
6 115 2 2.622537e-03
7 115 2 2.529388e-03
8 115 2 2.426769e-03
9 115 2 2.231903e-03
10 115 2 1.994547e-03
11 115 2 1.515143e-03
12 115 2 1.087001e-03
1 116 2 7.009039e-04
2 116 2 8.972425e-04
3 116 2 1.372098e-03
4 116 2 1.942154e-03
5 116 2 2.258848e-03
6 116 2 2.572255e-03
7 116 2 2.696708e-03
8 116 2 2.581348e-03
9 116 2 2.091180e-03
10 116 2 1.671851e-03
11 116 2 1.214567e-03
12 116 2 8.001048e-04
1 117 2 1.314910e-04
2 117 2 1.373095e-04
3 117 2 1.734092e-04
4 117 2 2.373749e-04
5 117 2 3.022777e-04
6 117 2 3.581322e-04
7 117 2 3.812691e-04
8 117 2 3.807691e-04
9 117 2 3.474287e-04
10 117 2 2.974200e-04
11 117 2 2.400959e-04
12 117 2 1.734422e-04
1 126 2 1.456816e-05
2 126 2 1.514211e-05
3 126 2 1.641198e-05
4 126 2 1.733005e-05
5 126 2 1.712225e-05
6 126 2 1.591321e-05
7 126 2 1.533941e-05
8 126 2 1.548928e-05
9 126 2 1.540728e-05
10 126 2 1.514011e-05
11 126 2 1.479377e-05
12 126 2 1.456978e-05
1 127 2 1.468865e-03
2 127 2 1.493865e-03
3 127 2 1.576743e-03
4 127 2 1.636994e-03
5 127 2 1.659296e-03
6 127 2 1.607238e-03
7 127 2 1.607682e-03
8 127 2 1.644575e-03
9 127 2 1.627044e-03
10 127 2 1.561836e-03
11 127 2 1.513612e-03
12 127 2 1.494877e-03
1 128 2 6.656600e-03
2 128 2 6.836267e-03
3 128 2 7.017864e-03
4 128 2 6.850628e-03
5 128 2 6.663971e-03
6 128 2 6.463792e-03
7 128 2 6.889210e-03
8 128 2 7.833060e-03
9 128 2 8.236391e-03
10 128 2 7.779659e-03
11 128 2 7.074464e-03
12 128 2 6.665553e-03
1 129 2 1.895962e-04
2 129 2 1.869931e-04
3 129 2 1.917092e-04
4 129 2 1.972688e-04
5 129 2 2.003126e-04
6 129 2 2.057316e-04
7 129 2 2.149692e-04
8 129 2 2.343160e-04
9 129 2 2.448109e-04
10 129 2 2.458894e-04
11 129 2 2.245055e-04
12 129 2 1.994457e-04
1 133 2 4.077158e-03
2 133 2 4.740300e-03
3 133 2 5.690474e-03
4 133 2 5.842612e-03
5 133 2 5.573254e-03
6 133 2 5.122573e-03
7 133 2 4.571945e-03
8 133 2 4.281106e-03
9 133 2 4.464240e-03
10 133 2 4.754588e-03
11 133 2 4.535953e-03
12 133 2 3.968962e-03
1 135 2 1.760358e-04
2 135 2 1.983308e-04
3 135 2 2.358606e-04
4 135 2 2.540109e-04
5 135 2 2.440801e-04
6 135 2 2.177445e-04
7 135 2 1.881096e-04
8 135 2 1.899922e-04
9 135 2 2.018884e-04
10 135 2 1.898643e-04
11 135 2 1.819833e-04
12 135 2 1.709484e-04
1 136 2 1.972119e-04
2 136 2 2.029709e-04
3 136 2 2.510114e-04
4 136 2 3.051535e-04
5 136 2 3.341568e-04
6 136 2 3.048785e-04
7 136 2 2.697818e-04
8 136 2 2.691631e-04
9 136 2 2.705543e-04
10 136 2 2.545098e-04
11 136 2 2.406377e-04
12 136 2 2.136893e-04
1 137 2 4.796524e-05
2 137 2 5.032048e-05
3 137 2 5.769347e-05
4 137 2 6.339665e-05
5 137 2 6.257634e-05
6 137 2 5.757651e-05
7 137 2 5.326440e-05
8 137 2 5.139482e-05
9 137 2 5.142711e-05
10 137 2 5.357518e-05
11 137 2 5.296914e-05
12 137 2 4.994515e-05
1 138 2 1.917501e-03
2 138 2 2.108598e-03
3 138 2 2.446286e-03
4 138 2 2.722564e-03
5 138 2 2.746900e-03
6 138 2 2.414249e-03
7 138 2 2.236570e-03
8 138 2 2.156895e-03
9 138 2 2.162780e-03
10 138 2 2.175382e-03
11 138 2 2.110162e-03
12 138 2 1.956999e-03
1 139 2 3.234424e-03
2 139 2 3.683412e-03
3 139 2 4.115850e-03
4 139 2 4.319878e-03
5 139 2 4.259000e-03
6 139 2 3.966285e-03
7 139 2 3.752706e-03
8 139 2 3.612599e-03
9 139 2 3.565774e-03
10 139 2 3.593456e-03
11 139 2 3.419448e-03
12 139 2 3.130049e-03
1 140 2 1.072895e-03
2 140 2 1.109413e-03
3 140 2 1.204909e-03
4 140 2 1.365142e-03
5 140 2 1.449585e-03
6 140 2 1.392329e-03
7 140 2 1.318309e-03
8 140 2 1.271498e-03
9 140 2 1.252962e-03
10 140 2 1.259887e-03
11 140 2 1.233277e-03
12 140 2 1.149791e-03
1 141 2 1.682385e-03
2 141 2 1.664977e-03
3 141 2 1.712667e-03
4 141 2 1.879637e-03
5 141 2 2.028378e-03
6 141 2 2.005735e-03
7 141 2 1.951497e-03
8 141 2 1.892359e-03
9 141 2 1.876321e-03
10 141 2 1.880732e-03
11 141 2 1.899504e-03
12 141 2 1.844270e-03
1 150 2 1.948531e-06
2 150 2 2.132974e-06
3 150 2 2.283106e-06
4 150 2 2.334663e-06
5 150 2 2.184532e-06
6 150 2 1.926659e-06
7 150 2 1.757651e-06
8 150 2 1.715207e-06
9 150 2 1.659755e-06
10 150 2 1.621993e-06
11 150 2 1.653528e-06
12 150 2 1.759307e-06
1 151 2 1.262462e-03
2 151 2 1.342776e-03
3 151 2 1.423741e-03
4 151 2 1.457312e-03
5 151 2 1.410050e-03
6 151 2 1.327294e-03
7 151 2 1.297967e-03
8 151 2 1.348079e-03
9 151 2 1.283491e-03
10 151 2 1.204423e-03
11 151 2 1.169106e-03
12 151 2 1.198273e-03
1 152 2 1.000288e-03
2 152 2 1.013218e-03
3 152 2 1.022598e-03
4 152 2 9.717321e-04
5 152 2 9.340949e-04
6 152 2 9.174124e-04
7 152 2 1.048848e-03
8 152 2 1.398512e-03
9 152 2 1.484673e-03
10 152 2 1.265401e-03
11 152 2 1.085134e-03
12 152 2 1.003526e-03
1 153 2 1.159127e-03
2 153 2 1.187244e-03
3 153 2 1.252624e-03
4 153 2 1.228659e-03
5 153 2 1.186518e-03
6 153 2 1.164923e-03
7 153 2 1.359835e-03
8 153 2 1.777059e-03
9 153 2 2.161399e-03
10 153 2 1.931847e-03
11 153 2 1.461343e-03
12 153 2 1.219293e-03
1 154 2 3.154900e-03
2 154 2 3.137783e-03
3 154 2 3.265266e-03
4 154 2 3.128730e-03
5 154 2 2.925648e-03
6 154 2 2.631655e-03
7 154 2 2.484973e-03
8 154 2 2.588676e-03
9 154 2 2.918698e-03
10 154 2 3.280095e-03
11 154 2 3.456854e-03
12 154 2 3.342613e-03
1 157 2 1.257979e-04
2 157 2 1.306285e-04
3 157 2 1.398566e-04
4 157 2 1.378864e-04
5 157 2 1.343996e-04
6 157 2 1.263587e-04
7 157 2 1.205642e-04
8 157 2 1.193489e-04
9 157 2 1.184863e-04
10 157 2 1.205523e-04
11 157 2 1.214166e-04
12 157 2 1.230011e-04
1 163 2 5.851899e-04
2 163 2 5.930306e-04
3 163 2 6.106287e-04
4 163 2 6.472704e-04
5 163 2 6.479021e-04
6 163 2 5.990109e-04
7 163 2 5.537837e-04
8 163 2 5.200137e-04
9 163 2 5.274601e-04
10 163 2 5.580325e-04
11 163 2 5.798468e-04
12 163 2 5.843901e-04
1 164 2 2.214906e-03
2 164 2 2.195968e-03
3 164 2 2.257096e-03
4 164 2 2.362392e-03
5 164 2 2.334603e-03
6 164 2 2.159328e-03
7 164 2 1.998649e-03
8 164 2 1.952312e-03
9 164 2 2.090528e-03
10 164 2 2.290266e-03
11 164 2 2.336519e-03
12 164 2 2.297610e-03
1 165 2 1.377160e-03
2 165 2 1.349714e-03
3 165 2 1.366682e-03
4 165 2 1.396911e-03
5 165 2 1.381579e-03
6 165 2 1.271248e-03
7 165 2 1.198613e-03
8 165 2 1.213214e-03
9 165 2 1.293155e-03
10 165 2 1.382663e-03
11 165 2 1.454504e-03
12 165 2 1.456217e-03
1 166 2 6.200790e-04
2 166 2 6.138888e-04
3 166 2 6.037464e-04
4 166 2 6.009138e-04
5 166 2 5.812378e-04
6 166 2 5.375482e-04
7 166 2 5.076081e-04
8 166 2 5.113952e-04
9 166 2 5.305347e-04
10 166 2 5.580835e-04
11 166 2 6.016960e-04
12 166 2 6.320126e-04
1 170 2 1.935739e-05
2 170 2 2.128930e-05
3 170 2 2.091662e-05
4 170 2 1.901209e-05
5 170 2 1.584275e-05
6 170 2 1.332099e-05
7 170 2 1.259957e-05
8 170 2 1.202853e-05
9 170 2 1.223084e-05
10 170 2 1.361895e-05
11 170 2 1.502598e-05
12 170 2 1.730334e-05
1 171 2 6.970771e-05
2 171 2 7.651903e-05
3 171 2 7.744539e-05
4 171 2 6.890190e-05
5 171 2 5.731864e-05
6 171 2 4.911937e-05
7 171 2 4.459510e-05
8 171 2 4.225526e-05
9 171 2 4.287093e-05
10 171 2 4.663160e-05
11 171 2 5.322255e-05
12 171 2 6.287731e-05
1 175 2 2.004891e-06
2 175 2 2.119637e-06
3 175 2 2.125717e-06
4 175 2 1.990987e-06
5 175 2 1.729854e-06
6 175 2 1.576335e-06
7 175 2 1.543628e-06
8 175 2 1.530595e-06
9 175 2 1.423620e-06
10 175 2 1.439079e-06
11 175 2 1.504543e-06
12 175 2 1.755058e-06
1 176 2 1.446939e-03
2 176 2 1.457787e-03
3 176 2 1.427169e-03
4 176 2 1.260500e-03
5 176 2 1.019688e-03
6 176 2 9.240289e-04
7 176 2 9.223437e-04
8 176 2 1.052272e-03
9 176 2 1.146033e-03
10 176 2 1.223096e-03
11 176 2 1.305564e-03
12 176 2 1.386829e-03
1 177 2 6.347309e-03
2 177 2 6.167852e-03
3 177 2 5.823601e-03
4 177 2 5.092351e-03
5 177 2 4.164156e-03
6 177 2 3.555837e-03
7 177 2 3.699794e-03
8 177 2 4.433034e-03
9 177 2 5.571631e-03
10 177 2 5.794282e-03
11 177 2 5.911810e-03
12 177 2 5.923889e-03
1 178 2 2.313196e-03
2 178 2 2.286161e-03
3 178 2 2.191452e-03
4 178 2 1.836789e-03
5 178 2 1.599301e-03
6 178 2 1.351765e-03
7 178 2 1.287471e-03
8 178 2 1.296946e-03
9 178 2 1.479134e-03
10 178 2 1.591507e-03
11 178 2 1.797516e-03
12 178 2 1.995621e-03
1 181 2 2.825625e-05
2 181 2 2.984484e-05
3 181 2 3.025583e-05
4 181 2 2.892863e-05
5 181 2 2.385710e-05
6 181 2 2.062916e-05
7 181 2 1.824042e-05
8 181 2 1.866758e-05
9 181 2 2.022443e-05
10 181 2 2.189929e-05
11 181 2 2.480123e-05
12 181 2 2.640613e-05
1 182 2 3.370822e-03
2 182 2 3.115679e-03
3 182 2 2.937946e-03
4 182 2 2.454176e-03
5 182 2 1.921838e-03
6 182 2 1.437420e-03
7 182 2 1.425199e-03
8 182 2 1.980490e-03
9 182 2 2.748143e-03
10 182 2 3.370500e-03
11 182 2 3.725096e-03
12 182 2 3.575542e-03
1 183 2 7.167346e-04
2 183 2 6.885436e-04
3 183 2 6.573441e-04
4 183 2 5.960315e-04
5 183 2 5.014906e-04
6 183 2 4.070191e-04
7 183 2 3.786885e-04
8 183 2 4.496782e-04
9 183 2 5.228531e-04
10 183 2 6.185347e-04
11 183 2 6.733964e-04
12 183 2 6.926317e-04
1 184 2 2.237036e-04
2 184 2 2.266694e-04
3 184 2 2.195258e-04
4 184 2 1.975590e-04
5 184 2 1.642401e-04
6 184 2 1.327370e-04
7 184 2 1.196954e-04
8 184 2 1.250101e-04
9 184 2 1.324273e-04
10 184 2 1.520761e-04
11 184 2 1.779392e-04
12 184 2 2.028114e-04
1 188 2 2.589395e-03
2 188 2 2.566818e-03
3 188 2 2.379210e-03
4 188 2 1.942787e-03
5 188 2 1.373084e-03
6 188 2 1.044417e-03
7 188 2 8.987119e-04
8 188 2 9.141939e-04
9 188 2 1.238271e-03
10 188 2 1.627262e-03
11 188 2 1.937908e-03
12 188 2 2.417092e-03
1 189 2 2.259571e-03
2 189 2 2.088299e-03
3 189 2 1.894273e-03
4 189 2 1.400149e-03
5 189 2 9.270243e-04
6 189 2 6.555568e-04
7 189 2 6.232944e-04
8 189 2 7.656119e-04
9 189 2 1.231621e-03
10 189 2 1.753647e-03
11 189 2 2.133020e-03
12 189 2 2.228996e-03
1 190 2 9.249428e-03
2 190 2 8.764003e-03
3 190 2 7.607174e-03
4 190 2 5.388002e-03
5 190 2 3.759208e-03
6 190 2 2.727091e-03
7 190 2 2.562408e-03
8 190 2 3.088975e-03
9 190 2 4.338811e-03
10 190 2 5.914849e-03
11 190 2 7.750339e-03
12 190 2 8.695739e-03
1 191 2 5.959963e-03
2 191 2 6.176096e-03
3 191 2 6.003195e-03
4 191 2 4.959313e-03
5 191 2 4.078136e-03
6 191 2 3.350118e-03
7 191 2 2.945317e-03
8 191 2 2.991226e-03
9 191 2 3.263488e-03
10 191 2 3.662930e-03
11 191 2 4.505020e-03
12 191 2 5.300115e-03
1 192 2 1.337043e-04
2 192 2 1.444972e-04
3 192 2 1.407849e-04
4 192 2 1.218986e-04
5 192 2 1.030227e-04
6 192 2 8.771971e-05
7 192 2 7.708818e-05
8 192 2 7.163301e-05
9 192 2 7.375668e-05
10 192 2 8.099327e-05
11 192 2 9.668503e-05
12 192 2 1.160976e-04
1 200 2 6.295781e-03
2 200 2 6.476792e-03
3 200 2 5.296595e-03
4 200 2 3.501427e-03
5 200 2 2.291860e-03
6 200 2 1.866508e-03
7 200 2 1.773279e-03
8 200 2 1.912331e-03
9 200 2 2.118245e-03
10 200 2 2.708279e-03
11 200 2 3.763554e-03
12 200 2 5.185411e-03
1 201 2 4.266678e-03
2 201 2 4.402328e-03
3 201 2 4.030070e-03
4 201 2 3.102060e-03
5 201 2 2.337699e-03
6 201 2 1.934043e-03
7 201 2 1.827778e-03
8 201 2 1.890671e-03
9 201 2 1.871198e-03
10 201 2 2.226483e-03
11 201 2 2.838168e-03
12 201 2 3.534850e-03
1 206 2 2.240106e-03
2 206 2 2.419606e-03
3 206 2 2.189096e-03
4 206 2 1.868056e-03
5 206 2 1.544872e-03
6 206 2 1.346998e-03
7 206 2 1.155314e-03
8 206 2 1.134372e-03
9 206 2 1.227945e-03
10 206 2 1.389965e-03
11 206 2 1.629360e-03
12 206 2 1.919554e-03
1 207 2 8.515745e-05
2 207 2 9.298124e-05
3 207 2 8.818143e-05
4 207 2 7.995859e-05
5 207 2 7.091148e-05
6 207 2 6.082046e-05
7 207 2 5.360778e-05
8 207 2 5.279000e-05
9 207 2 5.326174e-05
10 207 2 5.866589e-05
11 207 2 6.322444e-05
12 207 2 7.232484e-05
1 212 2 3.643899e-03
2 212 2 3.889637e-03
3 212 2 3.452433e-03
4 212 2 2.902429e-03
5 212 2 2.262213e-03
6 212 2 1.825794e-03
7 212 2 1.515512e-03
8 212 2 1.464729e-03
9 212 2 1.663532e-03
10 212 2 1.962889e-03
11 212 2 2.328329e-03
12 212 2 3.078495e-03
1 213 2 7.931132e-04
2 213 2 8.668132e-04
3 213 2 7.345900e-04
4 213 2 6.216205e-04
5 213 2 4.796631e-04
6 213 2 3.697528e-04
7 213 2 3.138118e-04
8 213 2 3.063564e-04
9 213 2 3.690192e-04
10 213 2 4.547736e-04
11 213 2 5.584562e-04
12 213 2 6.833928e-04
1 214 2 2.821057e-02
2 214 2 2.990674e-02
3 214 2 2.402821e-02
4 214 2 1.784659e-02
5 214 2 1.319190e-02
6 214 2 9.721828e-03
7 214 2 8.419251e-03
8 214 2 8.679611e-03
9 214 2 1.095616e-02
10 214 2 1.468846e-02
11 214 2 2.010716e-02
12 214 2 2.438648e-02
1 215 2 1.044963e-02
2 215 2 1.074884e-02
3 215 2 1.002165e-02
4 215 2 7.986828e-03
5 215 2 6.487343e-03
6 215 2 5.212443e-03
7 215 2 4.504273e-03
8 215 2 4.515349e-03
9 215 2 5.077813e-03
10 215 2 6.040966e-03
11 215 2 7.606408e-03
12 215 2 9.188960e-03
1 216 2 7.393920e-03
2 216 2 7.719796e-03
3 216 2 7.239266e-03
4 216 2 5.885103e-03
5 216 2 4.712452e-03
6 216 2 4.053971e-03
7 216 2 3.562384e-03
8 216 2 3.406300e-03
9 216 2 3.534640e-03
10 216 2 4.017450e-03
11 216 2 4.832312e-03
12 216 2 6.210394e-03
1 224 2 1.841060e-04
2 224 2 2.012714e-04
3 224 2 1.756339e-04
4 224 2 1.512471e-04
5 224 2 1.221349e-04
6 224 2 1.037910e-04
7 224 2 9.429308e-05
8 224 2 9.848804e-05
9 224 2 1.012837e-04
10 224 2 1.194593e-04
11 224 2 1.426580e-04
12 224 2 1.702022e-04
1 240 2 4.568868e-04
2 240 2 4.660216e-04
3 240 2 4.261654e-04
4 240 2 3.763708e-04
5 240 2 3.271147e-04
6 240 2 2.821478e-04
7 240 2 2.764243e-04
8 240 2 2.849774e-04
9 240 2 2.774084e-04
10 240 2 2.987398e-04
11 240 2 3.282417e-04
12 240 2 4.067985e-04
