1 7 2 2.655607e-07
2 7 2 2.268656e-07
3 7 2 2.481104e-07
4 7 2 6.412637e-07
5 7 2 2.206406e-06
6 7 2 5.942681e-06
7 7 2 8.040623e-06
8 7 2 5.482173e-06
9 7 2 2.370855e-06
10 7 2 1.039376e-06
11 7 2 5.506758e-07
12 7 2 3.248629e-07
1 25 2 1.426639e-04
2 25 2 1.354588e-04
3 25 2 1.908391e-04
4 25 2 3.482390e-04
5 25 2 9.742049e-04
6 25 2 1.766597e-03
7 25 2 2.141632e-03
8 25 2 1.642254e-03
9 25 2 9.279602e-04
10 25 2 4.342517e-04
11 25 2 2.070563e-04
12 25 2 1.199056e-04
1 26 2 7.941916e-04
2 26 2 6.536272e-04
3 26 2 1.080826e-03
4 26 2 2.412493e-03
5 26 2 6.795620e-03
6 26 2 1.297944e-02
7 26 2 1.408266e-02
8 26 2 1.053669e-02
9 26 2 5.763015e-03
10 26 2 2.319838e-03
11 26 2 1.212021e-03
12 26 2 7.493310e-04
1 27 2 3.306845e-03
2 27 2 2.919648e-03
3 27 2 5.118127e-03
4 27 2 1.303524e-02
5 27 2 3.670821e-02
6 27 2 7.588033e-02
7 27 2 8.558017e-02
8 27 2 6.441394e-02
9 27 2 3.328685e-02
10 27 2 1.250001e-02
11 27 2 6.624561e-03
12 27 2 4.097747e-03
1 28 2 2.760172e-05
2 28 2 2.511830e-05
3 28 2 4.224463e-05
4 28 2 1.148310e-04
5 28 2 3.279127e-04
6 28 2 7.020558e-04
7 28 2 8.370136e-04
8 28 2 6.306991e-04
9 28 2 3.244450e-04
10 28 2 1.263556e-04
11 28 2 6.307854e-05
12 28 2 3.932597e-05
1 29 2 3.701162e-05
2 29 2 3.501310e-05
3 29 2 5.577761e-05
4 29 2 1.677140e-04
5 29 2 5.015386e-04
6 29 2 1.234332e-03
7 29 2 1.681444e-03
8 29 2 1.251006e-03
9 29 2 5.745245e-04
10 29 2 2.129402e-04
11 29 2 1.006577e-04
12 29 2 6.283492e-05
1 30 2 8.390873e-06
2 30 2 7.338341e-06
3 30 2 1.166319e-05
4 30 2 3.569774e-05
5 30 2 9.888828e-05
6 30 2 2.689376e-04
7 30 2 3.898123e-04
8 30 2 2.985208e-04
9 30 2 1.350704e-04
10 30 2 5.286899e-05
11 30 2 2.438701e-05
12 30 2 1.460534e-05
1 31 2 1.497861e-05
2 31 2 1.154228e-05
3 31 2 1.753412e-05
4 31 2 4.880329e-05
5 31 2 1.260338e-04
6 31 2 3.318405e-04
7 31 2 4.679688e-04
8 31 2 3.777328e-04
9 31 2 1.889671e-04
10 31 2 8.653761e-05
11 31 2 4.154862e-05
12 31 2 2.315282e-05
1 32 2 1.769467e-05
2 32 2 1.464778e-05
3 32 2 2.047508e-05
4 32 2 4.549643e-05
5 32 2 1.215149e-04
6 32 2 2.878448e-04
7 32 2 3.713539e-04
8 32 2 3.067551e-04
9 32 2 1.712955e-04
10 32 2 8.830456e-05
11 32 2 4.563219e-05
12 32 2 2.366532e-05
1 35 2 3.015943e-04
2 35 2 2.873740e-04
3 35 2 3.121732e-04
4 35 2 4.159990e-04
5 35 2 6.521338e-04
6 35 2 9.959508e-04
7 35 2 1.198435e-03
8 35 2 1.100480e-03
9 35 2 7.479289e-04
10 35 2 5.407516e-04
11 35 2 4.095905e-04
12 35 2 3.327552e-04
1 36 2 3.618715e-05
2 36 2 3.397269e-05
3 36 2 3.765179e-05
4 36 2 4.522309e-05
5 36 2 6.185009e-05
6 36 2 8.922387e-05
7 36 2 1.050805e-04
8 36 2 1.070484e-04
9 36 2 8.171320e-05
10 36 2 6.401901e-05
11 36 2 4.899924e-05
12 36 2 4.060002e-05
1 37 2 3.258998e-03
2 37 2 3.154257e-03
3 37 2 3.974511e-03
4 37 2 5.110687e-03
5 37 2 7.726383e-03
6 37 2 1.171874e-02
7 37 2 1.362949e-02
8 37 2 1.339811e-02
9 37 2 9.859764e-03
10 37 2 7.393099e-03
11 37 2 5.210739e-03
12 37 2 3.991870e-03
1 38 2 5.532105e-03
2 38 2 5.527146e-03
3 38 2 8.419877e-03
4 38 2 1.248385e-02
5 38 2 2.279228e-02
6 38 2 4.044317e-02
7 38 2 4.794380e-02
8 38 2 4.158121e-02
9 38 2 2.685829e-02
10 38 2 1.835761e-02
11 38 2 1.048990e-02
12 38 2 7.569918e-03
1 39 2 9.881229e-04
2 39 2 1.029425e-03
3 39 2 1.667456e-03
4 39 2 2.574691e-03
5 39 2 4.995754e-03
6 39 2 9.658051e-03
7 39 2 1.199260e-02
8 39 2 9.709419e-03
9 39 2 6.119966e-03
10 39 2 3.864685e-03
11 39 2 1.956220e-03
12 39 2 1.427899e-03
1 40 2 2.303568e-04
2 40 2 2.527414e-04
3 40 2 4.507606e-04
4 40 2 7.579898e-04
5 40 2 1.657004e-03
6 40 2 3.762128e-03
7 40 2 4.707003e-03
8 40 2 3.452939e-03
9 40 2 2.126975e-03
10 40 2 1.146034e-03
11 40 2 4.909280e-04
12 40 2 3.657260e-04
1 41 2 1.226148e-04
2 41 2 1.310813e-04
3 41 2 2.626826e-04
4 41 2 4.678564e-04
5 41 2 1.173452e-03
6 41 2 2.977756e-03
7 41 2 3.850061e-03
8 41 2 2.700415e-03
9 41 2 1.509117e-03
10 41 2 6.540654e-04
11 41 2 2.512744e-04
12 41 2 2.094340e-04
1 42 2 6.638849e-05
2 42 2 6.944368e-05
3 42 2 1.497543e-04
4 42 2 2.954192e-04
5 42 2 8.398271e-04
6 42 2 2.329429e-03
7 42 2 3.260927e-03
8 42 2 2.177699e-03
9 42 2 1.031254e-03
10 42 2 3.690749e-04
11 42 2 1.375982e-04
12 42 2 1.128793e-04
1 43 2 1.863625e-06
2 43 2 1.932339e-06
3 43 2 4.559317e-06
4 43 2 1.112487e-05
5 43 2 3.723698e-05
6 43 2 1.098177e-04
7 43 2 1.605382e-04
8 43 2 1.007747e-04
9 43 2 4.120867e-05
10 43 2 1.265211e-05
11 43 2 4.314641e-06
12 43 2 3.023302e-06
1 44 2 7.691576e-06
2 44 2 7.728301e-06
3 44 2 1.681024e-05
4 44 2 4.544608e-05
5 44 2 1.697852e-04
6 44 2 5.350493e-04
7 44 2 7.820040e-04
8 44 2 4.715436e-04
9 44 2 1.699843e-04
10 44 2 5.036292e-05
11 44 2 1.652925e-05
12 44 2 1.117563e-05
1 45 2 1.766926e-05
2 45 2 1.980208e-05
3 45 2 3.608282e-05
4 45 2 1.064111e-04
5 45 2 4.456290e-04
6 45 2 1.478643e-03
7 45 2 2.068603e-03
8 45 2 1.259570e-03
9 45 2 4.331378e-04
10 45 2 1.105891e-04
11 45 2 3.205502e-05
12 45 2 2.094958e-05
1 46 2 8.018038e-06
2 46 2 1.008689e-05
3 46 2 1.585582e-05
4 46 2 4.403002e-05
5 46 2 1.729041e-04
6 46 2 5.363291e-04
7 46 2 7.502865e-04
8 46 2 4.701382e-04
9 46 2 1.765973e-04
10 46 2 4.280509e-05
11 46 2 1.176881e-05
12 46 2 8.392806e-06
1 47 2 1.053981e-05
2 47 2 1.341336e-05
3 47 2 1.890152e-05
4 47 2 4.234938e-05
5 47 2 1.443478e-04
6 47 2 3.976780e-04
7 47 2 5.393363e-04
8 47 2 3.657087e-04
9 47 2 1.549253e-04
10 47 2 4.778491e-05
11 47 2 1.409780e-05
12 47 2 1.071620e-05
1 48 2 1.426275e-05
2 48 2 1.638416e-05
3 48 2 2.253550e-05
4 48 2 4.400707e-05
5 48 2 1.365624e-04
6 48 2 3.141169e-04
7 48 2 4.174321e-04
8 48 2 2.936874e-04
9 48 2 1.398071e-04
10 48 2 5.212502e-05
11 48 2 1.876436e-05
12 48 2 1.244338e-05
1 49 2 4.134461e-04
2 49 2 3.761995e-04
3 49 2 4.267206e-04
4 49 2 4.994386e-04
5 49 2 7.143037e-04
6 49 2 1.086772e-03
7 49 2 1.620741e-03
8 49 2 1.524079e-03
9 49 2 1.063028e-03
10 49 2 7.606986e-04
11 49 2 5.553716e-04
12 49 2 4.051426e-04
1 50 2 1.683138e-03
2 50 2 1.452883e-03
3 50 2 1.703003e-03
4 50 2 1.941247e-03
5 50 2 2.732170e-03
6 50 2 4.009422e-03
7 50 2 5.533592e-03
8 50 2 5.321451e-03
9 50 2 3.853214e-03
10 50 2 2.746733e-03
11 50 2 2.056426e-03
12 50 2 1.619211e-03
1 51 2 6.465909e-04
2 51 2 5.901155e-04
3 51 2 6.412257e-04
4 51 2 7.401865e-04
5 51 2 1.008893e-03
6 51 2 1.414892e-03
7 51 2 1.843811e-03
8 51 2 1.828501e-03
9 51 2 1.519216e-03
10 51 2 1.068578e-03
11 51 2 8.008598e-04
12 51 2 6.711449e-04
1 52 2 1.722079e-01
2 52 2 1.810052e-01
3 52 2 2.273837e-01
4 52 2 3.314945e-01
5 52 2 5.606008e-01
6 52 2 7.715122e-01
7 52 2 9.896077e-01
8 52 2 9.256221e-01
9 52 2 7.471965e-01
10 52 2 4.268473e-01
11 52 2 2.569203e-01
12 52 2 1.981247e-01
1 53 2 2.997125e-02
2 53 2 3.760297e-02
3 53 2 6.370735e-02
4 53 2 1.390541e-01
5 53 2 2.648016e-01
6 53 2 3.954161e-01
7 53 2 5.488845e-01
8 53 2 4.677135e-01
9 53 2 3.165521e-01
10 53 2 1.396128e-01
11 53 2 6.227107e-02
12 53 2 3.945126e-02
1 54 2 2.399955e-02
2 54 2 3.113356e-02
3 54 2 5.822103e-02
4 54 2 1.446735e-01
5 54 2 2.849618e-01
6 54 2 5.504161e-01
7 54 2 7.818922e-01
8 54 2 6.556367e-01
9 54 2 3.976333e-01
10 54 2 1.691124e-01
11 54 2 7.248931e-02
12 54 2 3.998652e-02
1 55 2 8.270972e-03
2 55 2 9.224339e-03
3 55 2 1.720775e-02
4 55 2 4.029282e-02
5 55 2 7.995730e-02
6 55 2 1.707567e-01
7 55 2 2.373647e-01
8 55 2 2.047064e-01
9 55 2 1.298116e-01
10 55 2 6.224257e-02
11 55 2 2.912092e-02
12 55 2 1.667472e-02
1 56 2 1.759496e-02
2 56 2 1.825973e-02
3 56 2 3.162633e-02
4 56 2 7.052221e-02
5 56 2 1.541521e-01
6 56 2 3.038677e-01
7 56 2 4.201237e-01
8 56 2 3.486815e-01
9 56 2 2.279065e-01
10 56 2 1.174257e-01
11 56 2 5.293985e-02
12 56 2 3.036151e-02
1 57 2 3.299043e-03
2 57 2 3.147614e-03
3 57 2 3.871386e-03
4 57 2 5.876158e-03
5 57 2 9.831733e-03
6 57 2 1.599746e-02
7 57 2 2.278056e-02
8 57 2 2.053085e-02
9 57 2 1.527497e-02
10 57 2 9.811842e-03
11 57 2 5.999993e-03
12 57 2 4.311924e-03
1 60 2 1.185277e-01
2 60 2 1.147834e-01
3 60 2 1.316337e-01
4 60 2 1.561157e-01
5 60 2 1.924782e-01
6 60 2 2.533000e-01
7 60 2 2.948919e-01
8 60 2 2.950159e-01
9 60 2 2.503634e-01
10 60 2 2.043797e-01
11 60 2 1.634560e-01
12 60 2 1.354883e-01
1 61 2 4.909016e-01
2 61 2 4.938544e-01
3 61 2 6.945979e-01
4 61 2 1.046211e+00
5 61 2 1.526103e+00
6 61 2 2.150031e+00
7 61 2 2.544354e+00
8 61 2 2.447879e+00
9 61 2 1.902066e+00
10 61 2 1.293797e+00
11 61 2 8.440223e-01
12 61 2 5.919902e-01
1 62 2 1.125514e-02
2 62 2 1.232703e-02
3 62 2 1.940499e-02
4 62 2 3.512896e-02
5 62 2 6.025373e-02
6 62 2 8.547473e-02
7 62 2 1.045183e-01
8 62 2 9.756405e-02
9 62 2 6.798481e-02
10 62 2 4.054198e-02
11 62 2 2.201609e-02
12 62 2 1.432744e-02
1 63 2 1.421579e-02
2 63 2 1.725736e-02
3 63 2 2.887610e-02
4 63 2 6.073374e-02
5 63 2 1.165580e-01
6 63 2 1.732821e-01
7 63 2 2.215859e-01
8 63 2 1.928232e-01
9 63 2 1.177704e-01
10 63 2 6.431566e-02
11 63 2 2.970788e-02
12 63 2 1.944803e-02
1 64 2 3.400647e-03
2 64 2 4.356584e-03
3 64 2 8.295986e-03
4 64 2 1.965042e-02
5 64 2 4.208501e-02
6 64 2 6.741056e-02
7 64 2 8.544435e-02
8 64 2 6.679840e-02
9 64 2 3.824777e-02
10 64 2 1.690850e-02
11 64 2 7.726351e-03
12 64 2 5.287588e-03
1 65 2 1.149649e-03
2 65 2 1.425572e-03
3 65 2 3.123160e-03
4 65 2 8.807419e-03
5 65 2 1.846635e-02
6 65 2 3.138426e-02
7 65 2 4.067846e-02
8 65 2 3.036019e-02
9 65 2 1.721934e-02
10 65 2 6.110392e-03
11 65 2 2.689914e-03
12 65 2 1.949377e-03
1 66 2 7.620365e-04
2 66 2 9.421148e-04
3 66 2 2.239677e-03
4 66 2 7.347636e-03
5 66 2 1.527783e-02
6 66 2 2.627092e-02
7 66 2 3.623199e-02
8 66 2 2.739142e-02
9 66 2 1.549488e-02
10 66 2 5.133632e-03
11 66 2 1.967284e-03
12 66 2 1.220268e-03
1 67 2 2.605072e-04
2 67 2 3.473743e-04
3 67 2 8.833751e-04
4 67 2 3.263264e-03
5 67 2 7.404158e-03
6 67 2 1.262785e-02
7 67 2 1.765512e-02
8 67 2 1.358706e-02
9 67 2 7.431177e-03
10 67 2 2.732790e-03
11 67 2 8.641290e-04
12 67 2 3.889399e-04
1 68 2 6.481517e-05
2 68 2 8.702934e-05
3 68 2 2.584723e-04
4 68 2 1.188075e-03
5 68 2 3.237656e-03
6 68 2 6.204352e-03
7 68 2 8.895867e-03
8 68 2 6.616157e-03
9 68 2 3.175159e-03
10 68 2 1.166515e-03
11 68 2 2.660068e-04
12 68 2 9.256112e-05
1 69 2 3.740780e-05
2 69 2 5.303732e-05
3 69 2 1.268351e-04
4 69 2 5.561797e-04
5 69 2 1.783416e-03
6 69 2 4.220655e-03
7 69 2 6.183225e-03
8 69 2 4.759832e-03
9 69 2 2.044793e-03
10 69 2 6.648877e-04
11 69 2 1.288312e-04
12 69 2 4.844890e-05
1 70 2 1.554620e-04
2 70 2 1.817053e-04
3 70 2 2.603785e-04
4 70 2 6.793140e-04
5 70 2 1.703504e-03
6 70 2 4.136592e-03
7 70 2 6.695829e-03
8 70 2 6.102606e-03
9 70 2 3.150977e-03
10 70 2 1.123163e-03
11 70 2 3.415991e-04
12 70 2 1.922955e-04
1 71 2 1.336592e-04
2 71 2 1.356329e-04
3 71 2 1.534789e-04
4 71 2 2.462872e-04
5 71 2 4.769668e-04
6 71 2 9.949977e-04
7 71 2 1.527009e-03
8 71 2 1.518230e-03
9 71 2 9.740820e-04
10 71 2 4.639423e-04
11 71 2 2.216370e-04
12 71 2 1.539344e-04
1 72 2 5.619920e-07
2 72 2 5.367513e-07
3 72 2 5.815144e-07
4 72 2 7.414364e-07
5 72 2 1.153620e-06
6 72 2 2.007338e-06
7 72 2 3.109136e-06
8 72 2 2.990260e-06
9 72 2 2.092086e-06
10 72 2 1.268523e-06
11 72 2 7.815847e-07
12 72 2 5.581542e-07
1 76 2 5.891819e-01
2 76 2 5.390409e-01
3 76 2 5.444661e-01
4 76 2 5.922494e-01
5 76 2 8.051731e-01
6 76 2 1.148126e+00
7 76 2 1.539573e+00
8 76 2 1.643006e+00
9 76 2 1.565465e+00
10 76 2 1.045418e+00
11 76 2 6.748613e-01
12 76 2 5.902249e-01
1 77 2 5.601604e-01
2 77 2 7.273638e-01
3 77 2 9.528030e-01
4 77 2 1.539939e+00
5 77 2 2.585620e+00
6 77 2 3.991928e+00
7 77 2 5.423952e+00
8 77 2 5.148210e+00
9 77 2 3.813576e+00
10 77 2 1.926664e+00
11 77 2 8.454257e-01
12 77 2 5.328676e-01
1 78 2 6.564535e-01
2 78 2 8.969512e-01
3 78 2 1.249058e+00
4 78 2 2.240317e+00
5 78 2 3.503209e+00
6 78 2 5.561882e+00
7 78 2 6.865527e+00
8 78 2 6.428732e+00
9 78 2 4.168320e+00
10 78 2 2.210542e+00
11 78 2 1.193740e+00
12 78 2 6.891866e-01
1 79 2 1.981828e+00
2 79 2 2.431735e+00
3 79 2 3.570489e+00
4 79 2 5.922248e+00
5 79 2 8.997539e+00
6 79 2 1.469901e+01
7 79 2 1.801180e+01
8 79 2 1.706299e+01
9 79 2 1.178210e+01
10 79 2 7.112208e+00
11 79 2 4.052169e+00
12 79 2 2.482284e+00
1 80 2 1.015089e+00
2 80 2 1.017071e+00
3 80 2 1.278013e+00
4 80 2 1.728020e+00
5 80 2 2.577189e+00
6 80 2 3.921100e+00
7 80 2 5.049011e+00
8 80 2 4.998437e+00
9 80 2 4.148611e+00
10 80 2 2.908610e+00
11 80 2 1.696767e+00
12 80 2 1.254193e+00
1 81 2 4.978064e-08
2 81 2 4.511325e-08
3 81 2 4.751651e-08
4 81 2 5.634293e-08
5 81 2 8.113331e-08
6 81 2 1.093248e-07
7 81 2 1.458751e-07
8 81 2 1.565208e-07
9 81 2 1.423262e-07
10 81 2 1.092059e-07
11 81 2 7.218930e-08
12 81 2 5.910110e-08
1 84 2 2.766618e-02
2 84 2 2.925012e-02
3 84 2 3.617654e-02
4 84 2 4.571584e-02
5 84 2 6.129115e-02
6 84 2 1.004300e-01
7 84 2 1.345082e-01
8 84 2 1.288923e-01
9 84 2 9.671391e-02
10 84 2 6.103618e-02
11 84 2 4.100270e-02
12 84 2 3.132163e-02
1 85 2 7.894955e-02
2 85 2 8.890342e-02
3 85 2 1.155888e-01
4 85 2 1.679397e-01
5 85 2 2.688349e-01
6 85 2 4.106875e-01
7 85 2 5.682243e-01
8 85 2 5.405567e-01
9 85 2 3.892375e-01
10 85 2 2.147057e-01
11 85 2 1.210850e-01
12 85 2 8.785936e-02
1 86 2 1.192956e-02
2 86 2 1.350676e-02
3 86 2 1.726064e-02
4 86 2 2.507151e-02
5 86 2 4.029487e-02
6 86 2 5.846697e-02
7 86 2 8.031809e-02
8 86 2 8.058083e-02
9 86 2 5.964516e-02
10 86 2 3.458757e-02
11 86 2 1.905254e-02
12 86 2 1.361672e-02
1 87 2 6.403177e-03
2 87 2 8.662762e-03
3 87 2 1.236884e-02
4 87 2 1.955231e-02
5 87 2 3.430193e-02
6 87 2 5.156015e-02
7 87 2 6.989961e-02
8 87 2 7.122537e-02
9 87 2 5.163872e-02
10 87 2 2.907397e-02
11 87 2 1.277434e-02
12 87 2 7.764854e-03
1 88 2 2.325569e-03
2 88 2 3.302495e-03
3 88 2 5.178800e-03
4 88 2 9.826219e-03
5 88 2 2.016629e-02
6 88 2 3.169588e-02
7 88 2 4.059098e-02
8 88 2 3.560147e-02
9 88 2 2.300568e-02
10 88 2 1.087205e-02
11 88 2 5.573765e-03
12 88 2 3.096022e-03
1 89 2 2.389491e-03
2 89 2 3.324667e-03
3 89 2 6.310115e-03
4 89 2 1.186825e-02
5 89 2 2.368446e-02
6 89 2 3.538183e-02
7 89 2 4.127518e-02
8 89 2 3.614722e-02
9 89 2 2.358987e-02
10 89 2 1.122572e-02
11 89 2 6.176954e-03
12 89 2 3.418970e-03
1 90 2 5.041387e-04
2 90 2 6.644380e-04
3 90 2 1.318506e-03
4 90 2 2.366438e-03
5 90 2 3.633527e-03
6 90 2 4.809582e-03
7 90 2 5.401458e-03
8 90 2 4.997844e-03
9 90 2 3.642215e-03
10 90 2 2.172426e-03
11 90 2 1.197774e-03
12 90 2 6.818666e-04
1 91 2 1.206239e-06
2 91 2 1.706775e-06
3 91 2 3.565831e-06
4 91 2 6.738300e-06
5 91 2 9.944679e-06
6 91 2 1.264061e-05
7 91 2 1.419357e-05
8 91 2 1.301686e-05
9 91 2 9.359395e-06
10 91 2 5.793488e-06
11 91 2 3.002645e-06
12 91 2 1.541427e-06
1 92 2 6.178434e-07
2 92 2 8.825516e-07
3 92 2 2.212334e-06
4 92 2 5.278117e-06
5 92 2 9.953762e-06
6 92 2 1.525267e-05
7 92 2 1.830877e-05
8 92 2 1.666392e-05
9 92 2 1.042511e-05
10 92 2 5.540610e-06
11 92 2 2.173031e-06
12 92 2 9.328289e-07
1 93 2 1.594436e-03
2 93 2 1.923830e-03
3 93 2 3.955496e-03
4 93 2 9.218725e-03
5 93 2 1.644569e-02
6 93 2 2.609815e-02
7 93 2 3.500930e-02
8 93 2 3.441713e-02
9 93 2 2.314913e-02
10 93 2 1.333109e-02
11 93 2 5.709097e-03
12 93 2 2.377953e-03
1 94 2 2.872332e-05
2 94 2 2.857851e-05
3 94 2 3.815922e-05
4 94 2 6.762517e-05
5 94 2 1.154320e-04
6 94 2 1.817619e-04
7 94 2 2.511034e-04
8 94 2 2.736471e-04
9 94 2 2.254072e-04
10 94 2 1.360554e-04
11 94 2 7.302429e-05
12 94 2 3.989872e-05
1 98 2 7.446633e-02
2 98 2 6.931827e-02
3 98 2 6.527389e-02
4 98 2 6.949789e-02
5 98 2 7.887534e-02
6 98 2 9.025671e-02
7 98 2 1.015203e-01
8 98 2 1.069974e-01
9 98 2 1.055825e-01
10 98 2 9.980365e-02
11 98 2 8.977268e-02
12 98 2 8.169409e-02
1 101 2 1.065030e-03
2 101 2 1.094354e-03
3 101 2 1.121430e-03
4 101 2 1.382893e-03
5 101 2 1.778428e-03
6 101 2 2.076500e-03
7 101 2 2.216545e-03
8 101 2 2.221056e-03
9 101 2 2.135249e-03
10 101 2 1.830757e-03
11 101 2 1.407802e-03
12 101 2 1.129158e-03
1 102 2 3.586198e-01
2 102 2 4.053702e-01
3 102 2 4.982075e-01
4 102 2 6.231574e-01
5 102 2 7.211406e-01
6 102 2 7.872543e-01
7 102 2 8.094229e-01
8 102 2 8.196508e-01
9 102 2 7.387342e-01
10 102 2 5.691215e-01
11 102 2 4.567913e-01
12 102 2 3.743972e-01
1 103 2 6.013773e-01
2 103 2 6.137105e-01
3 103 2 6.688675e-01
4 103 2 7.557950e-01
5 103 2 8.801834e-01
6 103 2 1.007257e+00
7 103 2 1.089724e+00
8 103 2 1.143641e+00
9 103 2 1.121676e+00
10 103 2 9.802472e-01
11 103 2 8.064072e-01
12 103 2 6.705010e-01
1 104 2 1.787170e-03
2 104 2 1.714923e-03
3 104 2 1.733557e-03
4 104 2 1.900595e-03
5 104 2 2.222387e-03
6 104 2 2.550297e-03
7 104 2 2.862263e-03
8 104 2 3.091942e-03
9 104 2 3.116830e-03
10 104 2 2.911736e-03
11 104 2 2.395165e-03
12 104 2 1.983194e-03
1 107 2 8.147732e-04
2 107 2 8.595710e-04
3 107 2 1.003580e-03
4 107 2 1.149992e-03
5 107 2 1.289644e-03
6 107 2 1.651054e-03
7 107 2 1.804672e-03
8 107 2 1.797370e-03
9 107 2 1.682607e-03
10 107 2 1.439221e-03
11 107 2 1.144128e-03
12 107 2 8.947515e-04
1 108 2 8.663673e-05
2 108 2 1.107218e-04
3 108 2 1.608353e-04
4 108 2 2.490988e-04
5 108 2 3.866679e-04
6 108 2 5.307138e-04
7 108 2 5.681130e-04
8 108 2 5.020923e-04
9 108 2 4.062719e-04
10 108 2 2.802995e-04
11 108 2 1.460076e-04
12 108 2 9.294808e-05
1 109 2 1.645243e-04
2 109 2 2.173127e-04
3 109 2 3.398911e-04
4 109 2 5.898519e-04
5 109 2 1.004980e-03
6 109 2 1.266828e-03
7 109 2 1.287212e-03
8 109 2 1.183309e-03
9 109 2 9.502312e-04
10 109 2 6.667431e-04
11 109 2 2.965508e-04
12 109 2 1.732340e-04
1 110 2 7.239894e-05
2 110 2 9.222239e-05
3 110 2 1.481139e-04
4 110 2 2.292745e-04
5 110 2 3.555955e-04
6 110 2 4.117967e-04
7 110 2 4.427212e-04
8 110 2 4.378478e-04
9 110 2 3.686576e-04
10 110 2 2.687748e-04
11 110 2 1.300076e-04
12 110 2 7.652390e-05
1 111 2 2.487733e-03
2 111 2 3.111429e-03
3 111 2 5.037335e-03
4 111 2 7.634502e-03
5 111 2 1.153843e-02
6 111 2 1.479779e-02
7 111 2 1.564238e-02
8 111 2 1.549317e-02
9 111 2 1.319379e-02
10 111 2 8.588519e-03
11 111 2 4.626573e-03
12 111 2 2.825995e-03
1 112 2 2.864682e-03
2 112 2 3.693657e-03
3 112 2 6.479727e-03
4 112 2 1.077541e-02
5 112 2 1.638582e-02
6 112 2 1.996806e-02
7 112 2 2.033693e-02
8 112 2 1.895612e-02
9 112 2 1.447091e-02
10 112 2 9.606855e-03
11 112 2 5.513332e-03
12 112 2 3.388989e-03
1 113 2 1.643325e-03
2 113 2 2.081939e-03
3 113 2 3.497671e-03
4 113 2 5.230448e-03
5 113 2 6.436566e-03
6 113 2 5.620075e-03
7 113 2 4.822357e-03
8 113 2 4.605743e-03
9 113 2 4.555297e-03
10 113 2 4.159421e-03
11 113 2 2.909254e-03
12 113 2 1.964939e-03
1 114 2 4.477641e-03
2 114 2 6.071908e-03
3 114 2 1.081814e-02
4 114 2 1.576943e-02
5 114 2 1.819329e-02
6 114 2 1.331851e-02
7 114 2 1.100019e-02
8 114 2 1.008301e-02
9 114 2 9.730460e-03
10 114 2 8.708941e-03
11 114 2 6.639014e-03
12 114 2 4.917762e-03
1 115 2 1.490920e-03
2 115 2 2.169155e-03
3 115 2 3.438464e-03
4 115 2 4.262276e-03
5 115 2 3.806415e-03
6 115 2 3.534131e-03
7 115 2 3.408604e-03
8 115 2 3.270314e-03
9 115 2 3.007713e-03
10 115 2 2.687852e-03
11 115 2 2.041807e-03
12 115 2 1.464843e-03
1 116 2 9.443185e-04
2 116 2 1.208843e-03
3 116 2 1.848609e-03
4 116 2 2.616639e-03
5 116 2 3.043316e-03
6 116 2 3.465564e-03
7 116 2 3.633240e-03
8 116 2 3.477816e-03
9 116 2 2.817419e-03
10 116 2 2.252463e-03
11 116 2 1.636370e-03
12 116 2 1.077971e-03
1 117 2 1.771028e-04
2 117 2 1.849396e-04
3 117 2 2.335617e-04
4 117 2 3.197159e-04
5 117 2 4.071322e-04
6 117 2 4.823617e-04
7 117 2 5.135242e-04
8 117 2 5.128508e-04
9 117 2 4.679453e-04
10 117 2 4.005894e-04
11 117 2 3.233807e-04
12 117 2 2.336061e-04
1 126 2 1.961735e-05
2 126 2 2.039023e-05
3 126 2 2.210022e-05
4 126 2 2.333649e-05
5 126 2 2.305666e-05
6 126 2 2.142858e-05
7 126 2 2.065591e-05
8 126 2 2.085772e-05
9 126 2 2.074730e-05
10 126 2 2.038754e-05
11 126 2 1.992116e-05
12 126 2 1.961954e-05
1 127 2 1.978720e-03
2 127 2 2.012399e-03
3 127 2 2.124044e-03
4 127 2 2.205209e-03
5 127 2 2.235252e-03
6 127 2 2.165125e-03
7 127 2 2.165722e-03
8 127 2 2.215422e-03
9 127 2 2.191806e-03
10 127 2 2.103963e-03
11 127 2 2.039001e-03
12 127 2 2.013762e-03
1 128 2 8.969884e-03
2 128 2 9.211989e-03
3 128 2 9.456694e-03
4 128 2 9.231340e-03
5 128 2 8.979817e-03
6 128 2 8.710073e-03
7 128 2 9.283330e-03
8 128 2 1.055519e-02
9 128 2 1.109868e-02
10 128 2 1.048323e-02
11 128 2 9.532964e-03
12 128 2 8.981949e-03
1 129 2 2.557222e-04
2 129 2 2.522112e-04
3 129 2 2.585722e-04
4 129 2 2.660708e-04
5 129 2 2.701762e-04
6 129 2 2.774851e-04
7 129 2 2.899446e-04
8 129 2 3.160391e-04
9 129 2 3.301943e-04
10 129 2 3.316490e-04
11 129 2 3.028069e-04
12 129 2 2.690070e-04
1 133 2 5.493179e-03
2 133 2 6.386633e-03
3 133 2 7.666808e-03
4 133 2 7.871785e-03
5 133 2 7.508877e-03
6 133 2 6.901671e-03
7 133 2 6.159807e-03
8 133 2 5.767959e-03
9 133 2 6.014696e-03
10 133 2 6.405883e-03
11 133 2 6.111316e-03
12 133 2 5.347405e-03
1 135 2 2.376331e-04
2 135 2 2.677293e-04
3 135 2 3.183914e-04
4 135 2 3.428927e-04
5 135 2 3.294870e-04
6 135 2 2.939361e-04
7 135 2 2.539317e-04
8 135 2 2.564730e-04
9 135 2 2.725318e-04
10 135 2 2.563004e-04
11 135 2 2.456616e-04
12 135 2 2.307655e-04
1 136 2 2.652961e-04
2 136 2 2.730434e-04
3 136 2 3.376691e-04
4 136 2 4.105029e-04
5 136 2 4.495191e-04
6 136 2 4.101329e-04
7 136 2 3.629197e-04
8 136 2 3.620873e-04
9 136 2 3.639588e-04
10 136 2 3.423753e-04
11 136 2 3.237141e-04
12 136 2 2.874621e-04
1 137 2 6.471003e-05
2 137 2 6.788750e-05
3 137 2 7.783442e-05
4 137 2 8.552860e-05
5 137 2 8.442191e-05
6 137 2 7.767662e-05
7 137 2 7.185915e-05
8 137 2 6.933689e-05
9 137 2 6.938046e-05
10 137 2 7.227842e-05
11 137 2 7.146081e-05
12 137 2 6.738114e-05
1 138 2 2.583348e-03
2 138 2 2.840803e-03
3 138 2 3.295751e-03
4 138 2 3.667966e-03
5 138 2 3.700752e-03
6 138 2 3.252589e-03
7 138 2 3.013213e-03
8 138 2 2.905870e-03
9 138 2 2.913798e-03
10 138 2 2.930777e-03
11 138 2 2.842910e-03
12 138 2 2.636561e-03
1 139 2 4.359112e-03
2 139 2 4.964224e-03
3 139 2 5.547031e-03
4 139 2 5.822004e-03
5 139 2 5.739958e-03
6 139 2 5.345460e-03
7 139 2 5.057613e-03
8 139 2 4.868787e-03
9 139 2 4.805680e-03
10 139 2 4.842988e-03
11 139 2 4.608474e-03
12 139 2 4.218443e-03
1 140 2 1.445226e-03
2 140 2 1.494417e-03
3 140 2 1.623053e-03
4 140 2 1.838892e-03
5 140 2 1.952640e-03
6 140 2 1.875515e-03
7 140 2 1.775807e-03
8 140 2 1.712751e-03
9 140 2 1.687782e-03
10 140 2 1.697110e-03
11 140 2 1.661266e-03
12 140 2 1.548807e-03
1 141 2 2.265351e-03
2 141 2 2.241911e-03
3 141 2 2.306126e-03
4 141 2 2.530954e-03
5 141 2 2.731235e-03
6 141 2 2.700745e-03
7 141 2 2.627714e-03
8 141 2 2.548083e-03
9 141 2 2.526488e-03
10 141 2 2.532428e-03
11 141 2 2.557705e-03
12 141 2 2.483332e-03
1 150 2 2.620594e-06
2 150 2 2.868652e-06
3 150 2 3.070566e-06
4 150 2 3.139905e-06
5 150 2 2.937994e-06
6 150 2 2.591178e-06
7 150 2 2.363878e-06
8 150 2 2.306795e-06
9 150 2 2.232217e-06
10 150 2 2.181430e-06
11 150 2 2.223843e-06
12 150 2 2.366105e-06
1 151 2 1.700664e-03
2 151 2 1.808855e-03
3 151 2 1.917923e-03
4 151 2 1.963146e-03
5 151 2 1.899481e-03
6 151 2 1.788000e-03
7 151 2 1.748492e-03
8 151 2 1.815998e-03
9 151 2 1.728992e-03
10 151 2 1.622480e-03
11 151 2 1.574905e-03
12 151 2 1.614194e-03
1 152 2 1.348134e-03
2 152 2 1.365561e-03
3 152 2 1.378202e-03
4 152 2 1.309648e-03
5 152 2 1.258923e-03
6 152 2 1.236439e-03
7 152 2 1.413580e-03
8 152 2 1.884839e-03
9 152 2 2.000963e-03
10 152 2 1.705439e-03
11 152 2 1.462485e-03
12 152 2 1.352498e-03
1 153 2 1.562407e-03
2 153 2 1.600306e-03
3 153 2 1.688433e-03
4 153 2 1.656130e-03
5 153 2 1.599327e-03
6 153 2 1.570219e-03
7 153 2 1.832944e-03
8 153 2 2.395328e-03
9 153 2 2.913386e-03
10 153 2 2.603969e-03
11 153 2 1.969769e-03
12 153 2 1.643506e-03
1 154 2 4.251006e-03
2 154 2 4.227941e-03
3 154 2 4.399716e-03
4 154 2 4.215744e-03
5 154 2 3.942104e-03
6 154 2 3.545969e-03
7 154 2 3.348326e-03
8 154 2 3.488058e-03
9 154 2 3.932739e-03
10 154 2 4.419696e-03
11 154 2 4.657867e-03
12 154 2 4.503935e-03
1 157 2 1.693964e-04
2 157 2 1.759012e-04
3 157 2 1.883274e-04
4 157 2 1.856744e-04
5 157 2 1.809792e-04
6 157 2 1.701516e-04
7 157 2 1.623488e-04
8 157 2 1.607124e-04
9 157 2 1.595508e-04
10 157 2 1.623328e-04
11 157 2 1.634966e-04
12 157 2 1.656302e-04
1 163 2 7.877194e-04
2 163 2 7.982738e-04
3 163 2 8.219623e-04
4 163 2 8.712855e-04
5 163 2 8.721358e-04
6 163 2 8.063238e-04
7 163 2 7.454437e-04
8 163 2 6.999862e-04
9 163 2 7.100098e-04
10 163 2 7.511630e-04
11 163 2 7.805272e-04
12 163 2 7.866429e-04
1 164 2 2.982942e-03
2 164 2 2.957437e-03
3 164 2 3.039763e-03
4 164 2 3.181571e-03
5 164 2 3.144146e-03
6 164 2 2.908093e-03
7 164 2 2.691696e-03
8 164 2 2.629292e-03
9 164 2 2.815435e-03
10 164 2 3.084434e-03
11 164 2 3.146725e-03
12 164 2 3.094325e-03
1 165 2 1.734544e-03
2 165 2 1.699976e-03
3 165 2 1.721347e-03
4 165 2 1.759421e-03
5 165 2 1.740110e-03
6 165 2 1.601148e-03
7 165 2 1.509663e-03
8 165 2 1.528053e-03
9 165 2 1.628739e-03
10 165 2 1.741475e-03
11 165 2 1.831959e-03
12 165 2 1.834118e-03
1 166 2 7.771916e-04
2 166 2 7.694329e-04
3 166 2 7.567207e-04
4 166 2 7.531704e-04
5 166 2 7.285089e-04
6 166 2 6.737495e-04
7 166 2 6.362234e-04
8 166 2 6.409700e-04
9 166 2 6.649589e-04
10 166 2 6.994880e-04
11 166 2 7.541508e-04
12 166 2 7.921488e-04
1 170 2 2.609505e-05
2 170 2 2.869939e-05
3 170 2 2.819699e-05
4 170 2 2.562956e-05
5 170 2 2.135708e-05
6 170 2 1.795757e-05
7 170 2 1.698505e-05
8 170 2 1.621526e-05
9 170 2 1.648798e-05
10 170 2 1.835925e-05
11 170 2 2.025602e-05
12 170 2 2.332606e-05
1 171 2 9.383730e-05
2 171 2 1.030064e-04
3 171 2 1.042534e-04
4 171 2 9.275256e-05
5 171 2 7.715971e-05
6 171 2 6.612223e-05
7 171 2 6.003187e-05
8 171 2 5.688208e-05
9 171 2 5.771086e-05
10 171 2 6.277331e-05
11 171 2 7.164574e-05
12 171 2 8.464253e-05
1 175 2 2.704032e-06
2 175 2 2.858792e-06
3 175 2 2.866992e-06
4 175 2 2.685280e-06
5 175 2 2.333085e-06
6 175 2 2.126032e-06
7 175 2 2.081919e-06
8 175 2 2.064341e-06
9 175 2 1.920062e-06
10 175 2 1.940911e-06
11 175 2 2.029204e-06
12 175 2 2.367078e-06
1 176 2 1.950009e-03
2 176 2 1.964629e-03
3 176 2 1.923366e-03
4 176 2 1.698750e-03
5 176 2 1.374213e-03
6 176 2 1.245295e-03
7 176 2 1.243023e-03
8 176 2 1.418125e-03
9 176 2 1.544484e-03
10 176 2 1.648341e-03
11 176 2 1.759481e-03
12 176 2 1.869001e-03
1 177 2 8.554185e-03
2 177 2 8.312332e-03
3 177 2 7.848390e-03
4 177 2 6.862894e-03
5 177 2 5.611978e-03
6 177 2 4.792155e-03
7 177 2 4.986163e-03
8 177 2 5.974341e-03
9 177 2 7.508813e-03
10 177 2 7.808877e-03
11 177 2 7.967268e-03
12 177 2 7.983546e-03
1 178 2 3.117650e-03
2 178 2 3.081213e-03
3 178 2 2.953568e-03
4 178 2 2.475564e-03
5 178 2 2.155485e-03
6 178 2 1.821865e-03
7 178 2 1.735211e-03
8 178 2 1.747982e-03
9 178 2 1.993529e-03
10 178 2 2.144980e-03
11 178 2 2.422634e-03
12 178 2 2.689632e-03
1 181 2 3.805073e-05
2 181 2 4.018997e-05
3 181 2 4.074342e-05
4 181 2 3.895616e-05
5 181 2 3.212669e-05
6 181 2 2.777985e-05
7 181 2 2.456310e-05
8 181 2 2.513833e-05
9 181 2 2.723483e-05
10 181 2 2.949024e-05
11 181 2 3.339808e-05
12 181 2 3.555929e-05
1 182 2 4.540539e-03
2 182 2 4.196858e-03
3 182 2 3.957449e-03
4 182 2 3.305805e-03
5 182 2 2.588740e-03
6 182 2 1.936222e-03
7 182 2 1.919760e-03
8 182 2 2.667745e-03
9 182 2 3.701783e-03
10 182 2 4.540104e-03
11 182 2 5.017749e-03
12 182 2 4.816298e-03
1 183 2 9.663049e-04
2 183 2 9.282977e-04
3 183 2 8.862344e-04
4 183 2 8.035724e-04
5 183 2 6.761119e-04
6 183 2 5.487450e-04
7 183 2 5.105496e-04
8 183 2 6.062582e-04
9 183 2 7.049130e-04
10 183 2 8.339114e-04
11 183 2 9.078762e-04
12 183 2 9.338093e-04
1 184 2 3.017131e-04
2 184 2 3.057131e-04
3 184 2 2.960784e-04
4 184 2 2.664514e-04
5 184 2 2.215136e-04
6 184 2 1.790247e-04
7 184 2 1.614353e-04
8 184 2 1.686034e-04
9 184 2 1.786071e-04
10 184 2 2.051077e-04
11 184 2 2.399899e-04
12 184 2 2.735353e-04
1 188 2 2.747727e-03
2 188 2 2.723770e-03
3 188 2 2.524690e-03
4 188 2 2.061582e-03
5 188 2 1.457044e-03
6 188 2 1.108279e-03
7 188 2 9.536649e-04
8 188 2 9.700936e-04
9 188 2 1.313986e-03
10 188 2 1.726763e-03
11 188 2 2.056404e-03
12 188 2 2.564889e-03
1 189 2 2.396010e-03
2 189 2 2.214396e-03
3 189 2 2.008654e-03
4 189 2 1.484694e-03
5 189 2 9.830005e-04
6 189 2 6.951410e-04
7 189 2 6.609305e-04
8 189 2 8.118415e-04
9 189 2 1.305989e-03
10 189 2 1.859537e-03
11 189 2 2.261817e-03
12 189 2 2.363588e-03
1 190 2 9.803837e-03
2 190 2 9.289315e-03
3 190 2 8.063146e-03
4 190 2 5.710958e-03
5 190 2 3.984534e-03
6 190 2 2.890552e-03
7 190 2 2.715998e-03
8 190 2 3.274128e-03
9 190 2 4.598879e-03
10 190 2 6.269383e-03
11 190 2 8.214893e-03
12 190 2 9.216959e-03
1 191 2 6.328311e-03
2 191 2 6.557803e-03
3 191 2 6.374216e-03
4 191 2 5.265818e-03
5 191 2 4.330180e-03
6 191 2 3.557168e-03
7 191 2 3.127349e-03
8 191 2 3.176095e-03
9 191 2 3.465184e-03
10 191 2 3.889313e-03
11 191 2 4.783447e-03
12 191 2 5.627682e-03
1 192 2 1.802652e-04
2 192 2 1.948165e-04
3 192 2 1.898115e-04
4 192 2 1.643483e-04
5 192 2 1.388991e-04
6 192 2 1.182670e-04
7 192 2 1.039332e-04
8 192 2 9.657831e-05
9 192 2 9.944153e-05
10 192 2 1.091982e-04
11 192 2 1.303544e-04
12 192 2 1.565271e-04
1 200 2 8.478799e-03
2 200 2 8.722574e-03
3 200 2 7.133152e-03
4 200 2 4.715523e-03
5 200 2 3.086546e-03
6 200 2 2.513706e-03
7 200 2 2.388151e-03
8 200 2 2.575418e-03
9 200 2 2.852731e-03
10 200 2 3.647356e-03
11 200 2 5.068539e-03
12 200 2 6.983416e-03
1 201 2 5.747973e-03
2 201 2 5.930717e-03
3 201 2 5.429219e-03
4 201 2 4.179025e-03
5 201 2 3.149295e-03
6 201 2 2.605498e-03
7 201 2 2.462342e-03
8 201 2 2.547069e-03
9 201 2 2.520836e-03
10 201 2 2.999468e-03
11 201 2 3.823516e-03
12 201 2 4.762071e-03
1 206 2 3.018478e-03
2 206 2 3.260350e-03
3 206 2 2.949744e-03
4 206 2 2.517151e-03
5 206 2 2.081671e-03
6 206 2 1.815041e-03
7 206 2 1.556752e-03
8 206 2 1.528533e-03
9 206 2 1.654621e-03
10 206 2 1.872938e-03
11 206 2 2.195515e-03
12 206 2 2.586544e-03
1 207 2 1.143418e-04
2 207 2 1.248469e-04
3 207 2 1.184022e-04
4 207 2 1.073613e-04
5 207 2 9.521362e-05
6 207 2 8.166430e-05
7 207 2 7.197976e-05
8 207 2 7.088171e-05
9 207 2 7.151512e-05
10 207 2 7.877133e-05
11 207 2 8.489215e-05
12 207 2 9.711136e-05
1 212 2 3.864925e-03
2 212 2 4.125569e-03
3 212 2 3.661846e-03
4 212 2 3.078480e-03
5 212 2 2.399431e-03
6 212 2 1.936541e-03
7 212 2 1.607438e-03
8 212 2 1.553574e-03
9 212 2 1.764436e-03
10 212 2 2.081952e-03
11 212 2 2.469557e-03
12 212 2 3.265226e-03
1 213 2 8.419866e-04
2 213 2 9.202281e-04
3 213 2 7.798570e-04
4 213 2 6.599261e-04
5 213 2 5.092210e-04
6 213 2 3.925378e-04
7 213 2 3.331496e-04
8 213 2 3.252347e-04
9 213 2 3.917590e-04
10 213 2 4.827977e-04
11 213 2 5.928695e-04
12 213 2 7.255049e-04
1 214 2 2.994876e-02
2 214 2 3.174944e-02
3 214 2 2.550870e-02
4 214 2 1.894620e-02
5 214 2 1.400472e-02
6 214 2 1.032084e-02
7 214 2 8.938002e-03
8 214 2 9.214405e-03
9 214 2 1.163122e-02
10 214 2 1.559349e-02
11 214 2 2.134606e-02
12 214 2 2.588906e-02
1 215 2 1.108415e-02
2 215 2 1.140153e-02
3 215 2 1.063018e-02
4 215 2 8.471804e-03
5 215 2 6.881267e-03
6 215 2 5.528954e-03
7 215 2 4.777781e-03
8 215 2 4.789530e-03
9 215 2 5.386148e-03
10 215 2 6.407785e-03
11 215 2 8.068284e-03
12 215 2 9.746932e-03
1 216 2 7.844475e-03
2 216 2 8.190208e-03
3 216 2 7.680396e-03
4 216 2 6.243717e-03
5 216 2 4.999609e-03
6 216 2 4.301003e-03
7 216 2 3.779461e-03
8 216 2 3.613866e-03
9 216 2 3.750026e-03
10 216 2 4.262257e-03
11 216 2 5.126772e-03
12 216 2 6.588829e-03
1 224 2 2.481474e-04
2 224 2 2.712839e-04
3 224 2 2.367283e-04
4 224 2 2.038586e-04
5 224 2 1.646196e-04
6 224 2 1.398948e-04
7 224 2 1.270930e-04
8 224 2 1.327472e-04
9 224 2 1.365154e-04
10 224 2 1.610133e-04
11 224 2 1.922817e-04
12 224 2 2.294072e-04
1 240 2 4.850740e-04
2 240 2 4.947724e-04
3 240 2 4.524573e-04
4 240 2 3.995907e-04
5 240 2 3.472957e-04
6 240 2 2.995547e-04
7 240 2 2.934780e-04
8 240 2 3.025588e-04
9 240 2 2.945228e-04
10 240 2 3.171703e-04
11 240 2 3.484923e-04
12 240 2 4.318956e-04
