1 7 2 3.539088e-07
2 7 2 3.023403e-07
3 7 2 3.306530e-07
4 7 2 8.546023e-07
5 7 2 2.940444e-06
6 7 2 7.919721e-06
7 7 2 1.071562e-05
8 7 2 7.306008e-06
9 7 2 3.159603e-06
10 7 2 1.385161e-06
11 7 2 7.338773e-07
12 7 2 4.329398e-07
1 25 2 1.431622e-04
2 25 2 1.359319e-04
3 25 2 1.915056e-04
4 25 2 3.494552e-04
5 25 2 9.776074e-04
6 25 2 1.772766e-03
7 25 2 2.149112e-03
8 25 2 1.647989e-03
9 25 2 9.312012e-04
10 25 2 4.357684e-04
11 25 2 2.077794e-04
12 25 2 1.203244e-04
1 26 2 7.964766e-04
2 26 2 6.555078e-04
3 26 2 1.083936e-03
4 26 2 2.419434e-03
5 26 2 6.815172e-03
6 26 2 1.301679e-02
7 26 2 1.412318e-02
8 26 2 1.056700e-02
9 26 2 5.779596e-03
10 26 2 2.326513e-03
11 26 2 1.215508e-03
12 26 2 7.514870e-04
1 27 2 3.328082e-03
2 27 2 2.938398e-03
3 27 2 5.150997e-03
4 27 2 1.311896e-02
5 27 2 3.694396e-02
6 27 2 7.636766e-02
7 27 2 8.612979e-02
8 27 2 6.482763e-02
9 27 2 3.350062e-02
10 27 2 1.258029e-02
11 27 2 6.667106e-03
12 27 2 4.124064e-03
1 28 2 3.674023e-05
2 28 2 3.343460e-05
3 28 2 5.623119e-05
4 28 2 1.528498e-04
5 28 2 4.364796e-04
6 28 2 9.344959e-04
7 28 2 1.114136e-03
8 28 2 8.395141e-04
9 28 2 4.318639e-04
10 28 2 1.681900e-04
11 28 2 8.396290e-05
12 28 2 5.234621e-05
1 29 2 4.927119e-05
2 29 2 4.661069e-05
3 29 2 7.425314e-05
4 29 2 2.232669e-04
5 29 2 6.676661e-04
6 29 2 1.643187e-03
7 29 2 2.238399e-03
8 29 2 1.665384e-03
9 29 2 7.648275e-04
10 29 2 2.834735e-04
11 29 2 1.339991e-04
12 29 2 8.364809e-05
1 30 2 1.116639e-05
2 30 2 9.765705e-06
3 30 2 1.552112e-05
4 30 2 4.750577e-05
5 30 2 1.315984e-04
6 30 2 3.578963e-04
7 30 2 5.187537e-04
8 30 2 3.972650e-04
9 30 2 1.797487e-04
10 30 2 7.035691e-05
11 30 2 3.245370e-05
12 30 2 1.943647e-05
1 31 2 1.995160e-05
2 31 2 1.537439e-05
3 31 2 2.335556e-05
4 31 2 6.500628e-05
5 31 2 1.678777e-04
6 31 2 4.420136e-04
7 31 2 6.233374e-04
8 31 2 5.031425e-04
9 31 2 2.517053e-04
10 31 2 1.152686e-04
11 31 2 5.534302e-05
12 31 2 3.083970e-05
1 32 2 2.359393e-05
2 32 2 1.953124e-05
3 32 2 2.730130e-05
4 32 2 6.066457e-05
5 32 2 1.620269e-04
6 32 2 3.838099e-04
7 32 2 4.951603e-04
8 32 2 4.090247e-04
9 32 2 2.284041e-04
10 32 2 1.177446e-04
11 32 2 6.084559e-05
12 32 2 3.155515e-05
1 35 2 3.096425e-04
2 35 2 2.950427e-04
3 35 2 3.205036e-04
4 35 2 4.271001e-04
5 35 2 6.695362e-04
6 35 2 1.022528e-03
7 35 2 1.230415e-03
8 35 2 1.129847e-03
9 35 2 7.678877e-04
10 35 2 5.551818e-04
11 35 2 4.205205e-04
12 35 2 3.416348e-04
1 36 2 3.716033e-05
2 36 2 3.488632e-05
3 36 2 3.866436e-05
4 36 2 4.643929e-05
5 36 2 6.351343e-05
6 36 2 9.162338e-05
7 36 2 1.079065e-04
8 36 2 1.099272e-04
9 36 2 8.391073e-05
10 36 2 6.574068e-05
11 36 2 5.031698e-05
12 36 2 4.169189e-05
1 37 2 3.346134e-03
2 37 2 3.238593e-03
3 37 2 4.080778e-03
4 37 2 5.247332e-03
5 37 2 7.932965e-03
6 37 2 1.203206e-02
7 37 2 1.399390e-02
8 37 2 1.375634e-02
9 37 2 1.012339e-02
10 37 2 7.590769e-03
11 37 2 5.350059e-03
12 37 2 4.098602e-03
1 38 2 5.680809e-03
2 38 2 5.675716e-03
3 38 2 8.646204e-03
4 38 2 1.281942e-02
5 38 2 2.340494e-02
6 38 2 4.153029e-02
7 38 2 4.923253e-02
8 38 2 4.269892e-02
9 38 2 2.758024e-02
10 38 2 1.885107e-02
11 38 2 1.077187e-02
12 38 2 7.773398e-03
1 39 2 1.018165e-03
2 39 2 1.060723e-03
3 39 2 1.718153e-03
4 39 2 2.652971e-03
5 39 2 5.147642e-03
6 39 2 9.951690e-03
7 39 2 1.235721e-02
8 39 2 1.000462e-02
9 39 2 6.306034e-03
10 39 2 3.982186e-03
11 39 2 2.015696e-03
12 39 2 1.471312e-03
1 40 2 2.378648e-04
2 40 2 2.609789e-04
3 40 2 4.654521e-04
4 40 2 7.826947e-04
5 40 2 1.711010e-03
6 40 2 3.884746e-03
7 40 2 4.860417e-03
8 40 2 3.565480e-03
9 40 2 2.196299e-03
10 40 2 1.183387e-03
11 40 2 5.069287e-04
12 40 2 3.776460e-04
1 41 2 1.266214e-04
2 41 2 1.353646e-04
3 41 2 2.712661e-04
4 41 2 4.831441e-04
5 41 2 1.211796e-03
6 41 2 3.075058e-03
7 41 2 3.975866e-03
8 41 2 2.788654e-03
9 41 2 1.558429e-03
10 41 2 6.754378e-04
11 41 2 2.594851e-04
12 41 2 2.162775e-04
1 42 2 6.848429e-05
2 42 2 7.163593e-05
3 42 2 1.544819e-04
4 42 2 3.047452e-04
5 42 2 8.663394e-04
6 42 2 2.402966e-03
7 42 2 3.363871e-03
8 42 2 2.246446e-03
9 42 2 1.063810e-03
10 42 2 3.807261e-04
11 42 2 1.419420e-04
12 42 2 1.164427e-04
1 43 2 1.923338e-06
2 43 2 1.994253e-06
3 43 2 4.705403e-06
4 43 2 1.148132e-05
5 43 2 3.843010e-05
6 43 2 1.133363e-04
7 43 2 1.656820e-04
8 43 2 1.040037e-04
9 43 2 4.252905e-05
10 43 2 1.305750e-05
11 43 2 4.452887e-06
12 43 2 3.120172e-06
1 44 2 7.934309e-06
2 44 2 7.972193e-06
3 44 2 1.734075e-05
4 44 2 4.688028e-05
5 44 2 1.751433e-04
6 44 2 5.519345e-04
7 44 2 8.066827e-04
8 44 2 4.864247e-04
9 44 2 1.753488e-04
10 44 2 5.195228e-05
11 44 2 1.705089e-05
12 44 2 1.152832e-05
1 45 2 1.823470e-05
2 45 2 2.043577e-05
3 45 2 3.723751e-05
4 45 2 1.098164e-04
5 45 2 4.598897e-04
6 45 2 1.525962e-03
7 45 2 2.134801e-03
8 45 2 1.299878e-03
9 45 2 4.469987e-04
10 45 2 1.141281e-04
11 45 2 3.308082e-05
12 45 2 2.161999e-05
1 46 2 8.271376e-06
2 46 2 1.040559e-05
3 46 2 1.635680e-05
4 46 2 4.542119e-05
5 46 2 1.783671e-04
6 46 2 5.532749e-04
7 46 2 7.739925e-04
8 46 2 4.849927e-04
9 46 2 1.821771e-04
10 46 2 4.415756e-05
11 46 2 1.214066e-05
12 46 2 8.657984e-06
1 47 2 1.087328e-05
2 47 2 1.383775e-05
3 47 2 1.949955e-05
4 47 2 4.368928e-05
5 47 2 1.489149e-04
6 47 2 4.102603e-04
7 47 2 5.564006e-04
8 47 2 3.772794e-04
9 47 2 1.598271e-04
10 47 2 4.929680e-05
11 47 2 1.454385e-05
12 47 2 1.105526e-05
1 48 2 1.472137e-05
2 48 2 1.691100e-05
3 48 2 2.326013e-05
4 48 2 4.542212e-05
5 48 2 1.409535e-04
6 48 2 3.242173e-04
7 48 2 4.308547e-04
8 48 2 3.031310e-04
9 48 2 1.443026e-04
10 48 2 5.380111e-05
11 48 2 1.936772e-05
12 48 2 1.284350e-05
1 49 2 4.142144e-04
2 49 2 3.768986e-04
3 49 2 4.275135e-04
4 49 2 5.003667e-04
5 49 2 7.156310e-04
6 49 2 1.088791e-03
7 49 2 1.623753e-03
8 49 2 1.526911e-03
9 49 2 1.065003e-03
10 49 2 7.621122e-04
11 49 2 5.564036e-04
12 49 2 4.058954e-04
1 50 2 1.689571e-03
2 50 2 1.458436e-03
3 50 2 1.709512e-03
4 50 2 1.948667e-03
5 50 2 2.742613e-03
6 50 2 4.024746e-03
7 50 2 5.554742e-03
8 50 2 5.341789e-03
9 50 2 3.867941e-03
10 50 2 2.757231e-03
11 50 2 2.064286e-03
12 50 2 1.625400e-03
1 51 2 6.474255e-04
2 51 2 5.908772e-04
3 51 2 6.420534e-04
4 51 2 7.411419e-04
5 51 2 1.010195e-03
6 51 2 1.416719e-03
7 51 2 1.846191e-03
8 51 2 1.830861e-03
9 51 2 1.521177e-03
10 51 2 1.069957e-03
11 51 2 8.018935e-04
12 51 2 6.720113e-04
1 52 2 1.785831e-01
2 52 2 1.877062e-01
3 52 2 2.358016e-01
4 52 2 3.437667e-01
5 52 2 5.813547e-01
6 52 2 8.000742e-01
7 52 2 1.026244e+00
8 52 2 9.598894e-01
9 52 2 7.748583e-01
10 52 2 4.426495e-01
11 52 2 2.664317e-01
12 52 2 2.054594e-01
1 53 2 3.296878e-02
2 53 2 4.136377e-02
3 53 2 7.007896e-02
4 53 2 1.529614e-01
5 53 2 2.912853e-01
6 53 2 4.349631e-01
7 53 2 6.037804e-01
8 53 2 5.144912e-01
9 53 2 3.482116e-01
10 53 2 1.535760e-01
11 53 2 6.849902e-02
12 53 2 4.339692e-02
1 54 2 2.490749e-02
2 54 2 3.231139e-02
3 54 2 6.042360e-02
4 54 2 1.501467e-01
5 54 2 2.957422e-01
6 54 2 5.712390e-01
7 54 2 8.114722e-01
8 54 2 6.804402e-01
9 54 2 4.126763e-01
10 54 2 1.755101e-01
11 54 2 7.523167e-02
12 54 2 4.149925e-02
1 55 2 9.515206e-03
2 55 2 1.061199e-02
3 55 2 1.979638e-02
4 55 2 4.635422e-02
5 55 2 9.198558e-02
6 55 2 1.964442e-01
7 55 2 2.730724e-01
8 55 2 2.355012e-01
9 55 2 1.493396e-01
10 55 2 7.160595e-02
11 55 2 3.350168e-02
12 55 2 1.918316e-02
1 56 2 2.289836e-02
2 56 2 2.376350e-02
3 56 2 4.115901e-02
4 56 2 9.177873e-02
5 56 2 2.006160e-01
6 56 2 3.954583e-01
7 56 2 5.467558e-01
8 56 2 4.537796e-01
9 56 2 2.966011e-01
10 56 2 1.528197e-01
11 56 2 6.889677e-02
12 56 2 3.951296e-02
1 57 2 4.395636e-03
2 57 2 4.193872e-03
3 57 2 5.158224e-03
4 57 2 7.829377e-03
5 57 2 1.309977e-02
6 57 2 2.131497e-02
7 57 2 3.035276e-02
8 57 2 2.735525e-02
9 57 2 2.035233e-02
10 57 2 1.307327e-02
11 57 2 7.994375e-03
12 57 2 5.745196e-03
1 60 2 1.188841e-01
2 60 2 1.151285e-01
3 60 2 1.320295e-01
4 60 2 1.565850e-01
5 60 2 1.930569e-01
6 60 2 2.540616e-01
7 60 2 2.957785e-01
8 60 2 2.959029e-01
9 60 2 2.511162e-01
10 60 2 2.049942e-01
11 60 2 1.639474e-01
12 60 2 1.358956e-01
1 61 2 4.847044e-01
2 61 2 4.876199e-01
3 61 2 6.858292e-01
4 61 2 1.033003e+00
5 61 2 1.506837e+00
6 61 2 2.122889e+00
7 61 2 2.512234e+00
8 61 2 2.416977e+00
9 61 2 1.878054e+00
10 61 2 1.277464e+00
11 61 2 8.333673e-01
12 61 2 5.845168e-01
1 62 2 1.159508e-02
2 62 2 1.269934e-02
3 62 2 1.999108e-02
4 62 2 3.618996e-02
5 62 2 6.207357e-02
6 62 2 8.805632e-02
7 62 2 1.076751e-01
8 62 2 1.005108e-01
9 62 2 7.003816e-02
10 62 2 4.176648e-02
11 62 2 2.268104e-02
12 62 2 1.476018e-02
1 63 2 1.467306e-02
2 63 2 1.781247e-02
3 63 2 2.980495e-02
4 63 2 6.268735e-02
5 63 2 1.203073e-01
6 63 2 1.788560e-01
7 63 2 2.287136e-01
8 63 2 1.990257e-01
9 63 2 1.215586e-01
10 63 2 6.638448e-02
11 63 2 3.066348e-02
12 63 2 2.007361e-02
1 64 2 3.508840e-03
2 64 2 4.495189e-03
3 64 2 8.559925e-03
4 64 2 2.027561e-02
5 64 2 4.342396e-02
6 64 2 6.955524e-02
7 64 2 8.816278e-02
8 64 2 6.892360e-02
9 64 2 3.946463e-02
10 64 2 1.744644e-02
11 64 2 7.972167e-03
12 64 2 5.455814e-03
1 65 2 1.186697e-03
2 65 2 1.471511e-03
3 65 2 3.223805e-03
4 65 2 9.091243e-03
5 65 2 1.906144e-02
6 65 2 3.239563e-02
7 65 2 4.198934e-02
8 65 2 3.133857e-02
9 65 2 1.777425e-02
10 65 2 6.307302e-03
11 65 2 2.776598e-03
12 65 2 2.012197e-03
1 66 2 7.858475e-04
2 66 2 9.715526e-04
3 66 2 2.309659e-03
4 66 2 7.577224e-03
5 66 2 1.575521e-02
6 66 2 2.709180e-02
7 66 2 3.736411e-02
8 66 2 2.824730e-02
9 66 2 1.597904e-02
10 66 2 5.294040e-03
11 66 2 2.028755e-03
12 66 2 1.258397e-03
1 67 2 2.699930e-04
2 67 2 3.600231e-04
3 67 2 9.155410e-04
4 67 2 3.382088e-03
5 67 2 7.673762e-03
6 67 2 1.308766e-02
7 67 2 1.829799e-02
8 67 2 1.408180e-02
9 67 2 7.701765e-03
10 67 2 2.832298e-03
11 67 2 8.955941e-04
12 67 2 4.031022e-04
1 68 2 6.768721e-05
2 68 2 9.088572e-05
3 68 2 2.699255e-04
4 68 2 1.240720e-03
5 68 2 3.381120e-03
6 68 2 6.479275e-03
7 68 2 9.290054e-03
8 68 2 6.909328e-03
9 68 2 3.315854e-03
10 68 2 1.218205e-03
11 68 2 2.777939e-04
12 68 2 9.666262e-05
1 69 2 3.863299e-05
2 69 2 5.477440e-05
3 69 2 1.309892e-04
4 69 2 5.743957e-04
5 69 2 1.841827e-03
6 69 2 4.358890e-03
7 69 2 6.385738e-03
8 69 2 4.915726e-03
9 69 2 2.111764e-03
10 69 2 6.866641e-04
11 69 2 1.330507e-04
12 69 2 5.003570e-05
1 70 2 1.604846e-04
2 70 2 1.875758e-04
3 70 2 2.687907e-04
4 70 2 7.012610e-04
5 70 2 1.758540e-03
6 70 2 4.270235e-03
7 70 2 6.912155e-03
8 70 2 6.299766e-03
9 70 2 3.252777e-03
10 70 2 1.159449e-03
11 70 2 3.526353e-04
12 70 2 1.985081e-04
1 71 2 1.379239e-04
2 71 2 1.399605e-04
3 71 2 1.583759e-04
4 71 2 2.541455e-04
5 71 2 4.921853e-04
6 71 2 1.026745e-03
7 71 2 1.575731e-03
8 71 2 1.566672e-03
9 71 2 1.005162e-03
10 71 2 4.787452e-04
11 71 2 2.287087e-04
12 71 2 1.588460e-04
1 72 2 5.802385e-07
2 72 2 5.541783e-07
3 72 2 6.003947e-07
4 72 2 7.655090e-07
5 72 2 1.191076e-06
6 72 2 2.072511e-06
7 72 2 3.210082e-06
8 72 2 3.087347e-06
9 72 2 2.160011e-06
10 72 2 1.309708e-06
11 72 2 8.069609e-07
12 72 2 5.762760e-07
1 76 2 5.908340e-01
2 76 2 5.405524e-01
3 76 2 5.459928e-01
4 76 2 5.939101e-01
5 76 2 8.074308e-01
6 76 2 1.151345e+00
7 76 2 1.543890e+00
8 76 2 1.647613e+00
9 76 2 1.569855e+00
10 76 2 1.048350e+00
11 76 2 6.767537e-01
12 76 2 5.918799e-01
1 77 2 5.614643e-01
2 77 2 7.290569e-01
3 77 2 9.550209e-01
4 77 2 1.543524e+00
5 77 2 2.591639e+00
6 77 2 4.001220e+00
7 77 2 5.436578e+00
8 77 2 5.160194e+00
9 77 2 3.822453e+00
10 77 2 1.931148e+00
11 77 2 8.473936e-01
12 77 2 5.341080e-01
1 78 2 6.582673e-01
2 78 2 8.994294e-01
3 78 2 1.252509e+00
4 78 2 2.246507e+00
5 78 2 3.512889e+00
6 78 2 5.577249e+00
7 78 2 6.884496e+00
8 78 2 6.446495e+00
9 78 2 4.179837e+00
10 78 2 2.216649e+00
11 78 2 1.197038e+00
12 78 2 6.910908e-01
1 79 2 1.999153e+00
2 79 2 2.452993e+00
3 79 2 3.601702e+00
4 79 2 5.974020e+00
5 79 2 9.076194e+00
6 79 2 1.482751e+01
7 79 2 1.816926e+01
8 79 2 1.721215e+01
9 79 2 1.188509e+01
10 79 2 7.174382e+00
11 79 2 4.087593e+00
12 79 2 2.503984e+00
1 80 2 1.019257e+00
2 80 2 1.021247e+00
3 80 2 1.283260e+00
4 80 2 1.735115e+00
5 80 2 2.587770e+00
6 80 2 3.937199e+00
7 80 2 5.069742e+00
8 80 2 5.018960e+00
9 80 2 4.165645e+00
10 80 2 2.920552e+00
11 80 2 1.703734e+00
12 80 2 1.259343e+00
1 81 2 6.653847e-08
2 81 2 6.029989e-08
3 81 2 6.351216e-08
4 81 2 7.530986e-08
5 81 2 1.084455e-07
6 81 2 1.461272e-07
7 81 2 1.949816e-07
8 81 2 2.092109e-07
9 81 2 1.902380e-07
10 81 2 1.459683e-07
11 81 2 9.649064e-08
12 81 2 7.899652e-08
1 84 2 2.797554e-02
2 84 2 2.957719e-02
3 84 2 3.658106e-02
4 84 2 4.622702e-02
5 84 2 6.197649e-02
6 84 2 1.015530e-01
7 84 2 1.360123e-01
8 84 2 1.303335e-01
9 84 2 9.779534e-02
10 84 2 6.171868e-02
11 84 2 4.146118e-02
12 84 2 3.167187e-02
1 85 2 7.823058e-02
2 85 2 8.809380e-02
3 85 2 1.145361e-01
4 85 2 1.664104e-01
5 85 2 2.663867e-01
6 85 2 4.069474e-01
7 85 2 5.630496e-01
8 85 2 5.356339e-01
9 85 2 3.856928e-01
10 85 2 2.127504e-01
11 85 2 1.199823e-01
12 85 2 8.705925e-02
1 86 2 1.234706e-02
2 86 2 1.397946e-02
3 86 2 1.786472e-02
4 86 2 2.594895e-02
5 86 2 4.170509e-02
6 86 2 6.051317e-02
7 86 2 8.312903e-02
8 86 2 8.340096e-02
9 86 2 6.173259e-02
10 86 2 3.579805e-02
11 86 2 1.971933e-02
12 86 2 1.409327e-02
1 87 2 7.046499e-03
2 87 2 9.533103e-03
3 87 2 1.361152e-02
4 87 2 2.151672e-02
5 87 2 3.774822e-02
6 87 2 5.674036e-02
7 87 2 7.692237e-02
8 87 2 7.838132e-02
9 87 2 5.682682e-02
10 87 2 3.199501e-02
11 87 2 1.405776e-02
12 87 2 8.544982e-03
1 88 2 2.792106e-03
2 88 2 3.965016e-03
3 88 2 6.217731e-03
4 88 2 1.179748e-02
5 88 2 2.421190e-02
6 88 2 3.805446e-02
7 88 2 4.873403e-02
8 88 2 4.274355e-02
9 88 2 2.762090e-02
10 88 2 1.305312e-02
11 88 2 6.691930e-03
12 88 2 3.717122e-03
1 89 2 2.525428e-03
2 89 2 3.513806e-03
3 89 2 6.669094e-03
4 89 2 1.254343e-02
5 89 2 2.503185e-02
6 89 2 3.739468e-02
7 89 2 4.362330e-02
8 89 2 3.820361e-02
9 89 2 2.493189e-02
10 89 2 1.186435e-02
11 89 2 6.528357e-03
12 89 2 3.613473e-03
1 90 2 5.621966e-04
2 90 2 7.409564e-04
3 90 2 1.470349e-03
4 90 2 2.638963e-03
5 90 2 4.051973e-03
6 90 2 5.363466e-03
7 90 2 6.023504e-03
8 90 2 5.573409e-03
9 90 2 4.061661e-03
10 90 2 2.422608e-03
11 90 2 1.335713e-03
12 90 2 7.603921e-04
1 91 2 1.548330e-06
2 91 2 2.190819e-06
3 91 2 4.577105e-06
4 91 2 8.649290e-06
5 91 2 1.276500e-05
6 91 2 1.622551e-05
7 91 2 1.821888e-05
8 91 2 1.670846e-05
9 91 2 1.201373e-05
10 91 2 7.436528e-06
11 91 2 3.854199e-06
12 91 2 1.978578e-06
1 92 2 7.928803e-07
2 92 2 1.132581e-06
3 92 2 2.839096e-06
4 92 2 6.773425e-06
5 92 2 1.277369e-05
6 92 2 1.957380e-05
7 92 2 2.349571e-05
8 92 2 2.138486e-05
9 92 2 1.337858e-05
10 92 2 7.110283e-06
11 92 2 2.788658e-06
12 92 2 1.197102e-06
1 93 2 1.998759e-03
2 93 2 2.411681e-03
3 93 2 4.958544e-03
4 93 2 1.155644e-02
5 93 2 2.061604e-02
6 93 2 3.271620e-02
7 93 2 4.388707e-02
8 93 2 4.314473e-02
9 93 2 2.901936e-02
10 93 2 1.671163e-02
11 93 2 7.156828e-03
12 93 2 2.980962e-03
1 94 2 2.969165e-05
2 94 2 2.954196e-05
3 94 2 3.944566e-05
4 94 2 6.990498e-05
5 94 2 1.193235e-04
6 94 2 1.878895e-04
7 94 2 2.595686e-04
8 94 2 2.828723e-04
9 94 2 2.330062e-04
10 94 2 1.406421e-04
11 94 2 7.548612e-05
12 94 2 4.124381e-05
1 98 2 7.489689e-02
2 98 2 6.971907e-02
3 98 2 6.565131e-02
4 98 2 6.989973e-02
5 98 2 7.933140e-02
6 98 2 9.077858e-02
7 98 2 1.021073e-01
8 98 2 1.076161e-01
9 98 2 1.061930e-01
10 98 2 1.003807e-01
11 98 2 9.029175e-02
12 98 2 8.216645e-02
1 101 2 1.370292e-03
2 101 2 1.408022e-03
3 101 2 1.442858e-03
4 101 2 1.779263e-03
5 101 2 2.288167e-03
6 101 2 2.671673e-03
7 101 2 2.851859e-03
8 101 2 2.857662e-03
9 101 2 2.747261e-03
10 101 2 2.355495e-03
11 101 2 1.811311e-03
12 101 2 1.452801e-03
1 102 2 3.613380e-01
2 102 2 4.084428e-01
3 102 2 5.019838e-01
4 102 2 6.278808e-01
5 102 2 7.266067e-01
6 102 2 7.932215e-01
7 102 2 8.155582e-01
8 102 2 8.258635e-01
9 102 2 7.443336e-01
10 102 2 5.734353e-01
11 102 2 4.602537e-01
12 102 2 3.772351e-01
1 103 2 6.038185e-01
2 103 2 6.162018e-01
3 103 2 6.715827e-01
4 103 2 7.588630e-01
5 103 2 8.837564e-01
6 103 2 1.011346e+00
7 103 2 1.094148e+00
8 103 2 1.148284e+00
9 103 2 1.126229e+00
10 103 2 9.842264e-01
11 103 2 8.096808e-01
12 103 2 6.732228e-01
1 104 2 2.298644e-03
2 104 2 2.205721e-03
3 104 2 2.229687e-03
4 104 2 2.444530e-03
5 104 2 2.858417e-03
6 104 2 3.280172e-03
7 104 2 3.681421e-03
8 104 2 3.976832e-03
9 104 2 4.008842e-03
10 104 2 3.745052e-03
11 104 2 3.080643e-03
12 104 2 2.550769e-03
1 107 2 8.343055e-04
2 107 2 8.801771e-04
3 107 2 1.027638e-03
4 107 2 1.177560e-03
5 107 2 1.320560e-03
6 107 2 1.690634e-03
7 107 2 1.847934e-03
8 107 2 1.840457e-03
9 107 2 1.722943e-03
10 107 2 1.473723e-03
11 107 2 1.171556e-03
12 107 2 9.162010e-04
1 108 2 1.114761e-04
2 108 2 1.424666e-04
3 108 2 2.069480e-04
4 108 2 3.205172e-04
5 108 2 4.975283e-04
6 108 2 6.828732e-04
7 108 2 7.309951e-04
8 108 2 6.460458e-04
9 108 2 5.227530e-04
10 108 2 3.606634e-04
11 108 2 1.878690e-04
12 108 2 1.195970e-04
1 109 2 2.115113e-04
2 109 2 2.793756e-04
3 109 2 4.369616e-04
4 109 2 7.583095e-04
5 109 2 1.291995e-03
6 109 2 1.628625e-03
7 109 2 1.654830e-03
8 109 2 1.521254e-03
9 109 2 1.221610e-03
10 109 2 8.571603e-04
11 109 2 3.812436e-04
12 109 2 2.227084e-04
1 110 2 9.321490e-05
2 110 2 1.187379e-04
3 110 2 1.906992e-04
4 110 2 2.951949e-04
5 110 2 4.578354e-04
6 110 2 5.301954e-04
7 110 2 5.700113e-04
8 110 2 5.637367e-04
9 110 2 4.746532e-04
10 110 2 3.460522e-04
11 110 2 1.673871e-04
12 110 2 9.852586e-05
1 111 2 3.197745e-03
2 111 2 3.999447e-03
3 111 2 6.475017e-03
4 111 2 9.813428e-03
5 111 2 1.483156e-02
6 111 2 1.902116e-02
7 111 2 2.010679e-02
8 111 2 1.991500e-02
9 111 2 1.695937e-02
10 111 2 1.103973e-02
11 111 2 5.947021e-03
12 111 2 3.632549e-03
1 112 2 3.681805e-03
2 112 2 4.747238e-03
3 112 2 8.328006e-03
4 112 2 1.384899e-02
5 112 2 2.105972e-02
6 112 2 2.566376e-02
7 112 2 2.613785e-02
8 112 2 2.436317e-02
9 112 2 1.859860e-02
10 112 2 1.234712e-02
11 112 2 7.085957e-03
12 112 2 4.355666e-03
1 113 2 2.111670e-03
2 113 2 2.675290e-03
3 113 2 4.494503e-03
4 113 2 6.721120e-03
5 113 2 8.270981e-03
6 113 2 7.221790e-03
7 113 2 6.196723e-03
8 113 2 5.918375e-03
9 113 2 5.853552e-03
10 113 2 5.344852e-03
11 113 2 3.738389e-03
12 113 2 2.524945e-03
1 114 2 5.757315e-03
2 114 2 7.807211e-03
3 114 2 1.390988e-02
4 114 2 2.027621e-02
5 114 2 2.339279e-02
6 114 2 1.712484e-02
7 114 2 1.414396e-02
8 114 2 1.296465e-02
9 114 2 1.251135e-02
10 114 2 1.119789e-02
11 114 2 8.536392e-03
12 114 2 6.323220e-03
1 115 2 1.915808e-03
2 115 2 2.787329e-03
3 115 2 4.418370e-03
4 115 2 5.476956e-03
5 115 2 4.891181e-03
6 115 2 4.541301e-03
7 115 2 4.380000e-03
8 115 2 4.202300e-03
9 115 2 3.864863e-03
10 115 2 3.453846e-03
11 115 2 2.623689e-03
12 115 2 1.882300e-03
1 116 2 1.213354e-03
2 116 2 1.553241e-03
3 116 2 2.375276e-03
4 116 2 3.362116e-03
5 116 2 3.910353e-03
6 116 2 4.452900e-03
7 116 2 4.668346e-03
8 116 2 4.468643e-03
9 116 2 3.620098e-03
10 116 2 2.894187e-03
11 116 2 2.102571e-03
12 116 2 1.385083e-03
1 117 2 2.277690e-04
2 117 2 2.378478e-04
3 117 2 3.003799e-04
4 117 2 4.111814e-04
5 117 2 5.236061e-04
6 117 2 6.203575e-04
7 117 2 6.604352e-04
8 117 2 6.595692e-04
9 117 2 6.018169e-04
10 117 2 5.151916e-04
11 117 2 4.158947e-04
12 117 2 3.004370e-04
1 126 2 2.524596e-05
2 126 2 2.624059e-05
3 126 2 2.844121e-05
4 126 2 3.003219e-05
5 126 2 2.967208e-05
6 126 2 2.757687e-05
7 126 2 2.658250e-05
8 126 2 2.684221e-05
9 126 2 2.670011e-05
10 126 2 2.623713e-05
11 126 2 2.563693e-05
12 126 2 2.524877e-05
1 127 2 2.544007e-03
2 127 2 2.587307e-03
3 127 2 2.730848e-03
4 127 2 2.835200e-03
5 127 2 2.873826e-03
6 127 2 2.783664e-03
7 127 2 2.784432e-03
8 127 2 2.848330e-03
9 127 2 2.817967e-03
10 127 2 2.705029e-03
11 127 2 2.621508e-03
12 127 2 2.589059e-03
1 128 2 1.153950e-02
2 128 2 1.185096e-02
3 128 2 1.216577e-02
4 128 2 1.187586e-02
5 128 2 1.155228e-02
6 128 2 1.120526e-02
7 128 2 1.194274e-02
8 128 2 1.357894e-02
9 128 2 1.427813e-02
10 128 2 1.348637e-02
11 128 2 1.226388e-02
12 128 2 1.155502e-02
1 129 2 3.285142e-04
2 129 2 3.240036e-04
3 129 2 3.321753e-04
4 129 2 3.418085e-04
5 129 2 3.470825e-04
6 129 2 3.564719e-04
7 129 2 3.724779e-04
8 129 2 4.060003e-04
9 129 2 4.241848e-04
10 129 2 4.260536e-04
11 129 2 3.890015e-04
12 129 2 3.455804e-04
1 133 2 7.056967e-03
2 133 2 8.204768e-03
3 133 2 9.849382e-03
4 133 2 1.011271e-02
5 133 2 9.646491e-03
6 133 2 8.866427e-03
7 133 2 7.913370e-03
8 133 2 7.409972e-03
9 133 2 7.726950e-03
10 133 2 8.229499e-03
11 133 2 7.851074e-03
12 133 2 6.869695e-03
1 135 2 3.053480e-04
2 135 2 3.440203e-04
3 135 2 4.091188e-04
4 135 2 4.406019e-04
5 135 2 4.233762e-04
6 135 2 3.776949e-04
7 135 2 3.262910e-04
8 135 2 3.295564e-04
9 135 2 3.501914e-04
10 135 2 3.293346e-04
11 135 2 3.156643e-04
12 135 2 2.965235e-04
1 136 2 3.418362e-04
2 136 2 3.518186e-04
3 136 2 4.350894e-04
4 136 2 5.289362e-04
5 136 2 5.792089e-04
6 136 2 5.284595e-04
7 136 2 4.676249e-04
8 136 2 4.665524e-04
9 136 2 4.689638e-04
10 136 2 4.411533e-04
11 136 2 4.171082e-04
12 136 2 3.703972e-04
1 137 2 8.305889e-05
2 137 2 8.713734e-05
3 137 2 9.990476e-05
4 137 2 1.097807e-04
5 137 2 1.083602e-04
6 137 2 9.970222e-05
7 137 2 9.223517e-05
8 137 2 8.899772e-05
9 137 2 8.905363e-05
10 137 2 9.277333e-05
11 137 2 9.172388e-05
12 137 2 8.648741e-05
1 138 2 3.320331e-03
2 138 2 3.651233e-03
3 138 2 4.235970e-03
4 138 2 4.714371e-03
5 138 2 4.756511e-03
6 138 2 4.180496e-03
7 138 2 3.872829e-03
8 138 2 3.734863e-03
9 138 2 3.745054e-03
10 138 2 3.766876e-03
11 138 2 3.653942e-03
12 138 2 3.388725e-03
1 139 2 5.604932e-03
2 139 2 6.382982e-03
3 139 2 7.132354e-03
4 139 2 7.485914e-03
5 139 2 7.380419e-03
6 139 2 6.873174e-03
7 139 2 6.503062e-03
8 139 2 6.260270e-03
9 139 2 6.179128e-03
10 139 2 6.227098e-03
11 139 2 5.925560e-03
12 139 2 5.424059e-03
1 140 2 1.857958e-03
2 140 2 1.921197e-03
3 140 2 2.086569e-03
4 140 2 2.364049e-03
5 140 2 2.510281e-03
6 140 2 2.411130e-03
7 140 2 2.282948e-03
8 140 2 2.201884e-03
9 140 2 2.169784e-03
10 140 2 2.181776e-03
11 140 2 2.135696e-03
12 140 2 1.991120e-03
1 141 2 2.914325e-03
2 141 2 2.884170e-03
3 141 2 2.966781e-03
4 141 2 3.256017e-03
5 141 2 3.513674e-03
6 141 2 3.474450e-03
7 141 2 3.380497e-03
8 141 2 3.278054e-03
9 141 2 3.250272e-03
10 141 2 3.257914e-03
11 141 2 3.290432e-03
12 141 2 3.194752e-03
1 150 2 3.369335e-06
2 150 2 3.688267e-06
3 150 2 3.947871e-06
4 150 2 4.037021e-06
5 150 2 3.777421e-06
6 150 2 3.331515e-06
7 150 2 3.039271e-06
8 150 2 2.965879e-06
9 150 2 2.869993e-06
10 150 2 2.804696e-06
11 150 2 2.859226e-06
12 150 2 3.042135e-06
1 151 2 2.186420e-03
2 151 2 2.325513e-03
3 151 2 2.465733e-03
4 151 2 2.523874e-03
5 151 2 2.442024e-03
6 151 2 2.298701e-03
7 151 2 2.247909e-03
8 151 2 2.334697e-03
9 151 2 2.222839e-03
10 151 2 2.085904e-03
11 151 2 2.024740e-03
12 151 2 2.075252e-03
1 152 2 1.732670e-03
2 152 2 1.755067e-03
3 152 2 1.771315e-03
4 152 2 1.683206e-03
5 152 2 1.618012e-03
6 152 2 1.589115e-03
7 152 2 1.816784e-03
8 152 2 2.422462e-03
9 152 2 2.571709e-03
10 152 2 2.191891e-03
11 152 2 1.879637e-03
12 152 2 1.738279e-03
1 153 2 2.008520e-03
2 153 2 2.057240e-03
3 153 2 2.170530e-03
4 153 2 2.129003e-03
5 153 2 2.055982e-03
6 153 2 2.018562e-03
7 153 2 2.356303e-03
8 153 2 3.079264e-03
9 153 2 3.745243e-03
10 153 2 3.347478e-03
11 153 2 2.532196e-03
12 153 2 2.112775e-03
1 154 2 5.464322e-03
2 154 2 5.434674e-03
3 154 2 5.655476e-03
4 154 2 5.418995e-03
5 154 2 5.067255e-03
6 154 2 4.558054e-03
7 154 2 4.304001e-03
8 154 2 4.483615e-03
9 154 2 5.055216e-03
10 154 2 5.681160e-03
11 154 2 5.987309e-03
12 154 2 5.789442e-03
1 157 2 2.176442e-04
2 157 2 2.260018e-04
3 157 2 2.419673e-04
4 157 2 2.385586e-04
5 157 2 2.325261e-04
6 157 2 2.186145e-04
7 157 2 2.085894e-04
8 157 2 2.064869e-04
9 157 2 2.049944e-04
10 157 2 2.085688e-04
11 157 2 2.100640e-04
12 157 2 2.128054e-04
1 163 2 1.012621e-03
2 163 2 1.026189e-03
3 163 2 1.056641e-03
4 163 2 1.120046e-03
5 163 2 1.121139e-03
6 163 2 1.036537e-03
7 163 2 9.582751e-04
8 163 2 8.998391e-04
9 163 2 9.127245e-04
10 163 2 9.656273e-04
11 163 2 1.003375e-03
12 163 2 1.011237e-03
1 164 2 3.834446e-03
2 164 2 3.801660e-03
3 164 2 3.907486e-03
4 164 2 4.089775e-03
5 164 2 4.041666e-03
6 164 2 3.738230e-03
7 164 2 3.460062e-03
8 164 2 3.379843e-03
9 164 2 3.619123e-03
10 164 2 3.964909e-03
11 164 2 4.044982e-03
12 164 2 3.977624e-03
1 165 2 2.115989e-03
2 165 2 2.073819e-03
3 165 2 2.099890e-03
4 165 2 2.146337e-03
5 165 2 2.122778e-03
6 165 2 1.953257e-03
7 165 2 1.841654e-03
8 165 2 1.864088e-03
9 165 2 1.986917e-03
10 165 2 2.124444e-03
11 165 2 2.234827e-03
12 165 2 2.237460e-03
1 166 2 9.435551e-04
2 166 2 9.341355e-04
3 166 2 9.187022e-04
4 166 2 9.143920e-04
5 166 2 8.844516e-04
6 166 2 8.179705e-04
7 166 2 7.724116e-04
8 166 2 7.781743e-04
9 166 2 8.072982e-04
10 166 2 8.492185e-04
11 166 2 9.155822e-04
12 166 2 9.617140e-04
1 170 2 3.352786e-05
2 170 2 3.687401e-05
3 170 2 3.622851e-05
4 170 2 3.292978e-05
5 170 2 2.744034e-05
6 170 2 2.307254e-05
7 170 2 2.182301e-05
8 170 2 2.083395e-05
9 170 2 2.118435e-05
10 170 2 2.358863e-05
11 170 2 2.602566e-05
12 170 2 2.997016e-05
1 171 2 1.206480e-04
2 171 2 1.324368e-04
3 171 2 1.340401e-04
4 171 2 1.192533e-04
5 171 2 9.920534e-05
6 171 2 8.501429e-05
7 171 2 7.718383e-05
8 171 2 7.313410e-05
9 171 2 7.419968e-05
10 171 2 8.070854e-05
11 171 2 9.211595e-05
12 171 2 1.088261e-04
1 175 2 3.475144e-06
2 175 2 3.674037e-06
3 175 2 3.684576e-06
4 175 2 3.451044e-06
5 175 2 2.998414e-06
6 175 2 2.732315e-06
7 175 2 2.675622e-06
8 175 2 2.653031e-06
9 175 2 2.467608e-06
10 175 2 2.494403e-06
11 175 2 2.607875e-06
12 175 2 3.042101e-06
1 176 2 2.507410e-03
2 176 2 2.526209e-03
3 176 2 2.473150e-03
4 176 2 2.184329e-03
5 176 2 1.767025e-03
6 176 2 1.601256e-03
7 176 2 1.598336e-03
8 176 2 1.823488e-03
9 176 2 1.985968e-03
10 176 2 2.119511e-03
11 176 2 2.262420e-03
12 176 2 2.403246e-03
1 177 2 1.099598e-02
2 177 2 1.068509e-02
3 177 2 1.008871e-02
4 177 2 8.821909e-03
5 177 2 7.213918e-03
6 177 2 6.160076e-03
7 177 2 6.409465e-03
8 177 2 7.679718e-03
9 177 2 9.652205e-03
10 177 2 1.003792e-02
11 177 2 1.024153e-02
12 177 2 1.026245e-02
1 178 2 4.004135e-03
2 178 2 3.957337e-03
3 178 2 3.793397e-03
4 178 2 3.179477e-03
5 178 2 2.768385e-03
6 178 2 2.339901e-03
7 178 2 2.228608e-03
8 178 2 2.245010e-03
9 178 2 2.560377e-03
10 178 2 2.754893e-03
11 178 2 3.111495e-03
12 178 2 3.454414e-03
1 181 2 4.889516e-05
2 181 2 5.164408e-05
3 181 2 5.235527e-05
4 181 2 5.005865e-05
5 181 2 4.128278e-05
6 181 2 3.569708e-05
7 181 2 3.156357e-05
8 181 2 3.230274e-05
9 181 2 3.499674e-05
10 181 2 3.789494e-05
11 181 2 4.291651e-05
12 181 2 4.569367e-05
1 182 2 5.838170e-03
2 182 2 5.396269e-03
3 182 2 5.088440e-03
4 182 2 4.250564e-03
5 182 2 3.328570e-03
6 182 2 2.489571e-03
7 182 2 2.468405e-03
8 182 2 3.430154e-03
9 182 2 4.759708e-03
10 182 2 5.837612e-03
11 182 2 6.451762e-03
12 182 2 6.192738e-03
1 183 2 1.240562e-03
2 183 2 1.191767e-03
3 183 2 1.137766e-03
4 183 2 1.031642e-03
5 183 2 8.680061e-04
6 183 2 7.044899e-04
7 183 2 6.554539e-04
8 183 2 7.783264e-04
9 183 2 9.049815e-04
10 183 2 1.070592e-03
11 183 2 1.165550e-03
12 183 2 1.198843e-03
1 184 2 3.877529e-04
2 184 2 3.928937e-04
3 184 2 3.805113e-04
4 184 2 3.424356e-04
5 184 2 2.846828e-04
6 184 2 2.300774e-04
7 184 2 2.074720e-04
8 184 2 2.166842e-04
9 184 2 2.295407e-04
10 184 2 2.635986e-04
11 184 2 3.084280e-04
12 184 2 3.515397e-04
1 188 2 2.818364e-03
2 188 2 2.793791e-03
3 188 2 2.589594e-03
4 188 2 2.114580e-03
5 188 2 1.494501e-03
6 188 2 1.136770e-03
7 188 2 9.781813e-04
8 188 2 9.950323e-04
9 188 2 1.347766e-03
10 188 2 1.771154e-03
11 188 2 2.109269e-03
12 188 2 2.630826e-03
1 189 2 2.459779e-03
2 189 2 2.273332e-03
3 189 2 2.062115e-03
4 189 2 1.524209e-03
5 189 2 1.009163e-03
6 189 2 7.136421e-04
7 189 2 6.785211e-04
8 189 2 8.334486e-04
9 189 2 1.340748e-03
10 189 2 1.909029e-03
11 189 2 2.322015e-03
12 189 2 2.426495e-03
1 190 2 1.006751e-02
2 190 2 9.539151e-03
3 190 2 8.280004e-03
4 190 2 5.864554e-03
5 190 2 4.091698e-03
6 190 2 2.968293e-03
7 190 2 2.789045e-03
8 190 2 3.362185e-03
9 190 2 4.722565e-03
10 190 2 6.437998e-03
11 190 2 8.435831e-03
12 190 2 9.464848e-03
1 191 2 6.505901e-03
2 191 2 6.741832e-03
3 191 2 6.553093e-03
4 191 2 5.413591e-03
5 191 2 4.451697e-03
6 191 2 3.656991e-03
7 191 2 3.215111e-03
8 191 2 3.265225e-03
9 191 2 3.562426e-03
10 191 2 3.998458e-03
11 191 2 4.917684e-03
12 191 2 5.785610e-03
1 192 2 2.316930e-04
2 192 2 2.503957e-04
3 192 2 2.439627e-04
4 192 2 2.112352e-04
5 192 2 1.785256e-04
6 192 2 1.520074e-04
7 192 2 1.335842e-04
8 192 2 1.241311e-04
9 192 2 1.278112e-04
10 192 2 1.403513e-04
11 192 2 1.675432e-04
12 192 2 2.011827e-04
1 200 2 1.090758e-02
2 200 2 1.122119e-02
3 200 2 9.176471e-03
4 200 2 6.066303e-03
5 200 2 3.970699e-03
6 200 2 3.233767e-03
7 200 2 3.072246e-03
8 200 2 3.313157e-03
9 200 2 3.669908e-03
10 200 2 4.692156e-03
11 200 2 6.520443e-03
12 200 2 8.983843e-03
1 201 2 7.395225e-03
2 201 2 7.630340e-03
3 201 2 6.985123e-03
4 201 2 5.376649e-03
5 201 2 4.051819e-03
6 201 2 3.352181e-03
7 201 2 3.167999e-03
8 201 2 3.277007e-03
9 201 2 3.243256e-03
10 201 2 3.859055e-03
11 201 2 4.919258e-03
12 201 2 6.126784e-03
1 206 2 3.877431e-03
2 206 2 4.188130e-03
3 206 2 3.789137e-03
4 206 2 3.233444e-03
5 206 2 2.674041e-03
6 206 2 2.331538e-03
7 206 2 1.999748e-03
8 206 2 1.963500e-03
9 206 2 2.125468e-03
10 206 2 2.405910e-03
11 206 2 2.820281e-03
12 206 2 3.322584e-03
1 207 2 1.470109e-04
2 207 2 1.605175e-04
3 207 2 1.522314e-04
4 207 2 1.380359e-04
5 207 2 1.224175e-04
6 207 2 1.049970e-04
7 207 2 9.254540e-05
8 207 2 9.113363e-05
9 207 2 9.194801e-05
10 207 2 1.012774e-04
11 207 2 1.091470e-04
12 207 2 1.248575e-04
1 212 2 3.968588e-03
2 212 2 4.236222e-03
3 212 2 3.760062e-03
4 212 2 3.161049e-03
5 212 2 2.463788e-03
6 212 2 1.988481e-03
7 212 2 1.650552e-03
8 212 2 1.595243e-03
9 212 2 1.811761e-03
10 212 2 2.137792e-03
11 212 2 2.535794e-03
12 212 2 3.352804e-03
1 213 2 8.642661e-04
2 213 2 9.445779e-04
3 213 2 8.004926e-04
4 213 2 6.773882e-04
5 213 2 5.226954e-04
6 213 2 4.029246e-04
7 213 2 3.419650e-04
8 213 2 3.338406e-04
9 213 2 4.021252e-04
10 213 2 4.955729e-04
11 213 2 6.085573e-04
12 213 2 7.447023e-04
1 214 2 3.074367e-02
2 214 2 3.259215e-02
3 214 2 2.618577e-02
4 214 2 1.944908e-02
5 214 2 1.437644e-02
6 214 2 1.059478e-02
7 214 2 9.175239e-03
8 214 2 9.458978e-03
9 214 2 1.193994e-02
10 214 2 1.600738e-02
11 214 2 2.191264e-02
12 214 2 2.657622e-02
1 215 2 1.139692e-02
2 215 2 1.172325e-02
3 215 2 1.093014e-02
4 215 2 8.710859e-03
5 215 2 7.075440e-03
6 215 2 5.684968e-03
7 215 2 4.912599e-03
8 215 2 4.924679e-03
9 215 2 5.538133e-03
10 215 2 6.588598e-03
11 215 2 8.295953e-03
12 215 2 1.002197e-02
1 216 2 8.054792e-03
2 216 2 8.409795e-03
3 216 2 7.886315e-03
4 216 2 6.411116e-03
5 216 2 5.133653e-03
6 216 2 4.416317e-03
7 216 2 3.880792e-03
8 216 2 3.710757e-03
9 216 2 3.850568e-03
10 216 2 4.376532e-03
11 216 2 5.264226e-03
12 216 2 6.765481e-03
1 224 2 3.187837e-04
2 224 2 3.485060e-04
3 224 2 3.041140e-04
4 224 2 2.618878e-04
5 224 2 2.114793e-04
6 224 2 1.797164e-04
7 224 2 1.632706e-04
8 224 2 1.705343e-04
9 224 2 1.753750e-04
10 224 2 2.068465e-04
11 224 2 2.470155e-04
12 224 2 2.947090e-04
1 240 2 4.974347e-04
2 240 2 5.073803e-04
3 240 2 4.639869e-04
4 240 2 4.097732e-04
5 240 2 3.561456e-04
6 240 2 3.071880e-04
7 240 2 3.009565e-04
8 240 2 3.102687e-04
9 240 2 3.020279e-04
10 240 2 3.252525e-04
11 240 2 3.573727e-04
12 240 2 4.429012e-04
