1 7 2 4.515566e-07
2 7 2 3.857597e-07
3 7 2 4.218843e-07
4 7 2 1.090398e-06
5 7 2 3.751749e-06
6 7 2 1.010487e-05
7 7 2 1.367219e-05
8 7 2 9.321827e-06
9 7 2 4.031377e-06
10 7 2 1.767344e-06
11 7 2 9.363631e-07
12 7 2 5.523933e-07
1 25 2 1.434907e-04
2 25 2 1.362439e-04
3 25 2 1.919451e-04
4 25 2 3.502571e-04
5 25 2 9.798508e-04
6 25 2 1.776835e-03
7 25 2 2.154044e-03
8 25 2 1.651771e-03
9 25 2 9.333381e-04
10 25 2 4.367684e-04
11 25 2 2.082562e-04
12 25 2 1.206005e-04
1 26 2 7.976889e-04
2 26 2 6.565055e-04
3 26 2 1.085586e-03
4 26 2 2.423116e-03
5 26 2 6.825544e-03
6 26 2 1.303660e-02
7 26 2 1.414467e-02
8 26 2 1.058309e-02
9 26 2 5.788392e-03
10 26 2 2.330054e-03
11 26 2 1.217358e-03
12 26 2 7.526307e-04
1 27 2 3.345419e-03
2 27 2 2.953705e-03
3 27 2 5.177830e-03
4 27 2 1.318730e-02
5 27 2 3.713641e-02
6 27 2 7.676548e-02
7 27 2 8.657846e-02
8 27 2 6.516533e-02
9 27 2 3.367514e-02
10 27 2 1.264583e-02
11 27 2 6.701837e-03
12 27 2 4.145547e-03
1 28 2 4.687429e-05
2 28 2 4.265687e-05
3 28 2 7.174144e-05
4 28 2 1.950104e-04
5 28 2 5.568738e-04
6 28 2 1.192258e-03
7 28 2 1.421449e-03
8 28 2 1.071077e-03
9 28 2 5.509850e-04
10 28 2 2.145819e-04
11 28 2 1.071224e-04
12 28 2 6.678487e-05
1 29 2 6.287726e-05
2 29 2 5.948208e-05
3 29 2 9.475790e-05
4 29 2 2.849213e-04
5 29 2 8.520398e-04
6 29 2 2.096947e-03
7 29 2 2.856525e-03
8 29 2 2.125275e-03
9 29 2 9.760320e-04
10 29 2 3.617538e-04
11 29 2 1.710025e-04
12 29 2 1.067472e-04
1 30 2 1.425332e-05
2 30 2 1.246542e-05
3 30 2 1.981191e-05
4 30 2 6.063866e-05
5 30 2 1.679785e-04
6 30 2 4.568362e-04
7 30 2 6.621623e-04
8 30 2 5.070883e-04
9 30 2 2.294399e-04
10 30 2 8.980695e-05
11 30 2 4.142547e-05
12 30 2 2.480965e-05
1 31 2 2.547052e-05
2 31 2 1.962718e-05
3 31 2 2.981607e-05
4 31 2 8.298801e-05
5 31 2 2.143153e-04
6 31 2 5.642814e-04
7 31 2 7.957620e-04
8 31 2 6.423194e-04
9 31 2 3.213309e-04
10 31 2 1.471537e-04
11 31 2 7.065174e-05
12 31 2 3.937043e-05
1 32 2 3.013071e-05
2 32 2 2.494244e-05
3 32 2 3.486522e-05
4 32 2 7.747191e-05
5 32 2 2.069171e-04
6 32 2 4.901458e-04
7 32 2 6.323462e-04
8 32 2 5.223464e-04
9 32 2 2.916842e-04
10 32 2 1.503661e-04
11 32 2 7.770308e-05
12 32 2 4.029761e-05
1 35 2 3.081868e-04
2 35 2 2.936556e-04
3 35 2 3.189969e-04
4 35 2 4.250922e-04
5 35 2 6.663886e-04
6 35 2 1.017721e-03
7 35 2 1.224631e-03
8 35 2 1.124535e-03
9 35 2 7.642776e-04
10 35 2 5.525717e-04
11 35 2 4.185436e-04
12 35 2 3.400287e-04
1 36 2 3.698106e-05
2 36 2 3.471802e-05
3 36 2 3.847784e-05
4 36 2 4.621525e-05
5 36 2 6.320703e-05
6 36 2 9.118136e-05
7 36 2 1.073859e-04
8 36 2 1.093969e-04
9 36 2 8.350592e-05
10 36 2 6.542353e-05
11 36 2 5.007424e-05
12 36 2 4.149075e-05
1 37 2 3.327158e-03
2 37 2 3.220227e-03
3 37 2 4.057636e-03
4 37 2 5.217575e-03
5 37 2 7.887977e-03
6 37 2 1.196383e-02
7 37 2 1.391455e-02
8 37 2 1.367833e-02
9 37 2 1.006598e-02
10 37 2 7.547722e-03
11 37 2 5.319719e-03
12 37 2 4.075358e-03
1 38 2 5.651799e-03
2 38 2 5.646732e-03
3 38 2 8.602051e-03
4 38 2 1.275396e-02
5 38 2 2.328542e-02
6 38 2 4.131821e-02
7 38 2 4.898112e-02
8 38 2 4.248087e-02
9 38 2 2.743940e-02
10 38 2 1.875480e-02
11 38 2 1.071686e-02
12 38 2 7.733702e-03
1 39 2 1.045799e-03
2 39 2 1.089512e-03
3 39 2 1.764784e-03
4 39 2 2.724974e-03
5 39 2 5.287352e-03
6 39 2 1.022178e-02
7 39 2 1.269260e-02
8 39 2 1.027615e-02
9 39 2 6.477183e-03
10 39 2 4.090264e-03
11 39 2 2.070403e-03
12 39 2 1.511244e-03
1 40 2 2.444791e-04
2 40 2 2.682360e-04
3 40 2 4.783950e-04
4 40 2 8.044591e-04
5 40 2 1.758588e-03
6 40 2 3.992769e-03
7 40 2 4.995571e-03
8 40 2 3.664625e-03
9 40 2 2.257372e-03
10 40 2 1.216293e-03
11 40 2 5.210248e-04
12 40 2 3.881472e-04
1 41 2 1.301717e-04
2 41 2 1.391601e-04
3 41 2 2.788722e-04
4 41 2 4.966911e-04
5 41 2 1.245774e-03
6 41 2 3.161280e-03
7 41 2 4.087346e-03
8 41 2 2.866846e-03
9 41 2 1.602126e-03
10 41 2 6.943765e-04
11 41 2 2.667608e-04
12 41 2 2.223417e-04
1 42 2 7.045271e-05
2 42 2 7.369495e-05
3 42 2 1.589221e-04
4 42 2 3.135044e-04
5 42 2 8.912404e-04
6 42 2 2.472034e-03
7 42 2 3.460557e-03
8 42 2 2.311015e-03
9 42 2 1.094386e-03
10 42 2 3.916692e-04
11 42 2 1.460218e-04
12 42 2 1.197896e-04
1 43 2 1.975511e-06
2 43 2 2.048350e-06
3 43 2 4.833043e-06
4 43 2 1.179277e-05
5 43 2 3.947256e-05
6 43 2 1.164107e-04
7 43 2 1.701764e-04
8 43 2 1.068249e-04
9 43 2 4.368270e-05
10 43 2 1.341170e-05
11 43 2 4.573677e-06
12 43 2 3.204810e-06
1 44 2 8.158342e-06
2 44 2 8.197296e-06
3 44 2 1.783038e-05
4 44 2 4.820399e-05
5 44 2 1.800886e-04
6 44 2 5.675189e-04
7 44 2 8.294602e-04
8 44 2 5.001594e-04
9 44 2 1.802999e-04
10 44 2 5.341921e-05
11 44 2 1.753234e-05
12 44 2 1.185383e-05
1 45 2 1.875227e-05
2 45 2 2.101581e-05
3 45 2 3.829445e-05
4 45 2 1.129334e-04
5 45 2 4.729430e-04
6 45 2 1.569274e-03
7 45 2 2.195394e-03
8 45 2 1.336773e-03
9 45 2 4.596862e-04
10 45 2 1.173675e-04
11 45 2 3.401978e-05
12 45 2 2.223365e-05
1 46 2 8.506380e-06
2 46 2 1.070124e-05
3 46 2 1.682153e-05
4 46 2 4.671169e-05
5 46 2 1.834349e-04
6 46 2 5.689945e-04
7 46 2 7.959831e-04
8 46 2 4.987722e-04
9 46 2 1.873530e-04
10 46 2 4.541215e-05
11 46 2 1.248559e-05
12 46 2 8.903973e-06
1 47 2 1.117993e-05
2 47 2 1.422800e-05
3 47 2 2.004948e-05
4 47 2 4.492141e-05
5 47 2 1.531146e-04
6 47 2 4.218305e-04
7 47 2 5.720922e-04
8 47 2 3.879195e-04
9 47 2 1.643345e-04
10 47 2 5.068707e-05
11 47 2 1.495401e-05
12 47 2 1.136704e-05
1 48 2 1.513085e-05
2 48 2 1.738138e-05
3 48 2 2.390712e-05
4 48 2 4.668555e-05
5 48 2 1.448742e-04
6 48 2 3.332356e-04
7 48 2 4.428391e-04
8 48 2 3.115627e-04
9 48 2 1.483164e-04
10 48 2 5.529761e-05
11 48 2 1.990645e-05
12 48 2 1.320074e-05
1 49 2 4.147033e-04
2 49 2 3.773434e-04
3 49 2 4.280181e-04
4 49 2 5.009573e-04
5 49 2 7.164757e-04
6 49 2 1.090076e-03
7 49 2 1.625669e-03
8 49 2 1.528713e-03
9 49 2 1.066260e-03
10 49 2 7.630117e-04
11 49 2 5.570603e-04
12 49 2 4.063745e-04
1 50 2 1.690346e-03
2 50 2 1.459105e-03
3 50 2 1.710297e-03
4 50 2 1.949561e-03
5 50 2 2.743871e-03
6 50 2 4.026593e-03
7 50 2 5.557290e-03
8 50 2 5.344240e-03
9 50 2 3.869716e-03
10 50 2 2.758496e-03
11 50 2 2.065233e-03
12 50 2 1.626145e-03
1 51 2 6.478832e-04
2 51 2 5.912949e-04
3 51 2 6.425073e-04
4 51 2 7.416659e-04
5 51 2 1.010909e-03
6 51 2 1.417720e-03
7 51 2 1.847496e-03
8 51 2 1.832155e-03
9 51 2 1.522253e-03
10 51 2 1.070713e-03
11 51 2 8.024604e-04
12 51 2 6.724863e-04
1 52 2 1.851635e-01
2 52 2 1.946227e-01
3 52 2 2.444904e-01
4 52 2 3.564336e-01
5 52 2 6.027762e-01
6 52 2 8.295549e-01
7 52 2 1.064058e+00
8 52 2 9.952589e-01
9 52 2 8.034099e-01
10 52 2 4.589600e-01
11 52 2 2.762490e-01
12 52 2 2.130301e-01
1 53 2 3.624629e-02
2 53 2 4.547585e-02
3 53 2 7.704568e-02
4 53 2 1.681677e-01
5 53 2 3.202427e-01
6 53 2 4.782039e-01
7 53 2 6.638037e-01
8 53 2 5.656381e-01
9 53 2 3.828282e-01
10 53 2 1.688434e-01
11 53 2 7.530868e-02
12 53 2 4.771111e-02
1 54 2 2.585167e-02
2 54 2 3.353624e-02
3 54 2 6.271412e-02
4 54 2 1.558384e-01
5 54 2 3.069531e-01
6 54 2 5.928934e-01
7 54 2 8.422332e-01
8 54 2 7.062342e-01
9 54 2 4.283199e-01
10 54 2 1.821633e-01
11 54 2 7.808353e-02
12 54 2 4.307240e-02
1 55 2 1.087201e-02
2 55 2 1.212519e-02
3 55 2 2.261921e-02
4 55 2 5.296403e-02
5 55 2 1.051021e-01
6 55 2 2.244559e-01
7 55 2 3.120107e-01
8 55 2 2.690821e-01
9 55 2 1.706345e-01
10 55 2 8.181649e-02
11 55 2 3.827881e-02
12 55 2 2.191856e-02
1 56 2 2.878537e-02
2 56 2 2.987294e-02
3 56 2 5.174072e-02
4 56 2 1.153744e-01
5 56 2 2.521931e-01
6 56 2 4.971280e-01
7 56 2 6.873230e-01
8 56 2 5.704433e-01
9 56 2 3.728553e-01
10 56 2 1.921086e-01
11 56 2 8.660967e-02
12 56 2 4.967148e-02
1 57 2 5.612776e-03
2 57 2 5.355144e-03
3 57 2 6.586522e-03
4 57 2 9.997311e-03
5 57 2 1.672707e-02
6 57 2 2.721703e-02
7 57 2 3.875736e-02
8 57 2 3.492984e-02
9 57 2 2.598783e-02
10 57 2 1.669323e-02
11 57 2 1.020800e-02
12 57 2 7.336025e-03
1 60 2 1.168501e-01
2 60 2 1.131588e-01
3 60 2 1.297706e-01
4 60 2 1.539061e-01
5 60 2 1.897540e-01
6 60 2 2.497149e-01
7 60 2 2.907181e-01
8 60 2 2.908404e-01
9 60 2 2.468199e-01
10 60 2 2.014870e-01
11 60 2 1.611425e-01
12 60 2 1.335706e-01
1 61 2 4.742472e-01
2 61 2 4.770999e-01
3 61 2 6.710329e-01
4 61 2 1.010717e+00
5 61 2 1.474328e+00
6 61 2 2.077089e+00
7 61 2 2.458034e+00
8 61 2 2.364832e+00
9 61 2 1.837537e+00
10 61 2 1.249904e+00
11 61 2 8.153879e-01
12 61 2 5.719062e-01
1 62 2 1.178983e-02
2 62 2 1.291264e-02
3 62 2 2.032686e-02
4 62 2 3.679781e-02
5 62 2 6.311617e-02
6 62 2 8.953533e-02
7 62 2 1.094836e-01
8 62 2 1.021990e-01
9 62 2 7.121453e-02
10 62 2 4.246799e-02
11 62 2 2.306200e-02
12 62 2 1.500809e-02
1 63 2 1.508902e-02
2 63 2 1.831743e-02
3 63 2 3.064986e-02
4 63 2 6.446442e-02
5 63 2 1.237178e-01
6 63 2 1.839263e-01
7 63 2 2.351972e-01
8 63 2 2.046677e-01
9 63 2 1.250046e-01
10 63 2 6.826636e-02
11 63 2 3.153274e-02
12 63 2 2.064266e-02
1 64 2 3.609213e-03
2 64 2 4.623777e-03
3 64 2 8.804787e-03
4 64 2 2.085560e-02
5 64 2 4.466613e-02
6 64 2 7.154491e-02
7 64 2 9.068474e-02
8 64 2 7.089521e-02
9 64 2 4.059354e-02
10 64 2 1.794551e-02
11 64 2 8.200216e-03
12 64 2 5.611881e-03
1 65 2 1.219471e-03
2 65 2 1.512152e-03
3 65 2 3.312840e-03
4 65 2 9.342325e-03
5 65 2 1.958788e-02
6 65 2 3.329033e-02
7 65 2 4.314900e-02
8 65 2 3.220407e-02
9 65 2 1.826513e-02
10 65 2 6.481497e-03
11 65 2 2.853282e-03
12 65 2 2.067770e-03
1 66 2 8.079690e-04
2 66 2 9.989017e-04
3 66 2 2.374675e-03
4 66 2 7.790522e-03
5 66 2 1.619872e-02
6 66 2 2.785443e-02
7 66 2 3.841590e-02
8 66 2 2.904246e-02
9 66 2 1.642885e-02
10 66 2 5.443067e-03
11 66 2 2.085864e-03
12 66 2 1.293821e-03
1 67 2 2.785456e-04
2 67 2 3.714276e-04
3 67 2 9.445427e-04
4 67 2 3.489223e-03
5 67 2 7.916845e-03
6 67 2 1.350224e-02
7 67 2 1.887762e-02
8 67 2 1.452787e-02
9 67 2 7.945735e-03
10 67 2 2.922017e-03
11 67 2 9.239639e-04
12 67 2 4.158713e-04
1 68 2 7.042445e-05
2 68 2 9.456110e-05
3 68 2 2.808411e-04
4 68 2 1.290894e-03
5 68 2 3.517851e-03
6 68 2 6.741294e-03
7 68 2 9.665740e-03
8 68 2 7.188738e-03
9 68 2 3.449945e-03
10 68 2 1.267469e-03
11 68 2 2.890277e-04
12 68 2 1.005716e-04
1 69 2 3.971849e-05
2 69 2 5.631345e-05
3 69 2 1.346698e-04
4 69 2 5.905350e-04
5 69 2 1.893578e-03
6 69 2 4.481366e-03
7 69 2 6.565165e-03
8 69 2 5.053848e-03
9 69 2 2.171100e-03
10 69 2 7.059579e-04
11 69 2 1.367892e-04
12 69 2 5.144160e-05
1 70 2 1.651696e-04
2 70 2 1.930517e-04
3 70 2 2.766375e-04
4 70 2 7.217331e-04
5 70 2 1.809877e-03
6 70 2 4.394897e-03
7 70 2 7.113943e-03
8 70 2 6.483677e-03
9 70 2 3.347736e-03
10 70 2 1.193297e-03
11 70 2 3.629299e-04
12 70 2 2.043032e-04
1 71 2 1.417924e-04
2 71 2 1.438861e-04
3 71 2 1.628181e-04
4 71 2 2.612738e-04
5 71 2 5.059903e-04
6 71 2 1.055543e-03
7 71 2 1.619928e-03
8 71 2 1.610614e-03
9 71 2 1.033355e-03
10 71 2 4.921732e-04
11 71 2 2.351237e-04
12 71 2 1.633013e-04
1 72 2 5.948357e-07
2 72 2 5.681199e-07
3 72 2 6.154990e-07
4 72 2 7.847671e-07
5 72 2 1.221040e-06
6 72 2 2.124650e-06
7 72 2 3.290839e-06
8 72 2 3.165016e-06
9 72 2 2.214351e-06
10 72 2 1.342657e-06
11 72 2 8.272618e-07
12 72 2 5.907735e-07
1 76 2 5.916625e-01
2 76 2 5.413103e-01
3 76 2 5.467584e-01
4 76 2 5.947429e-01
5 76 2 8.085630e-01
6 76 2 1.152959e+00
7 76 2 1.546054e+00
8 76 2 1.649924e+00
9 76 2 1.572056e+00
10 76 2 1.049819e+00
11 76 2 6.777026e-01
12 76 2 5.927098e-01
1 77 2 5.622685e-01
2 77 2 7.301012e-01
3 77 2 9.563888e-01
4 77 2 1.545735e+00
5 77 2 2.595351e+00
6 77 2 4.006951e+00
7 77 2 5.444365e+00
8 77 2 5.167585e+00
9 77 2 3.827928e+00
10 77 2 1.933914e+00
11 77 2 8.486074e-01
12 77 2 5.348730e-01
1 78 2 6.591418e-01
2 78 2 9.006243e-01
3 78 2 1.254173e+00
4 78 2 2.249492e+00
5 78 2 3.517555e+00
6 78 2 5.584658e+00
7 78 2 6.893642e+00
8 78 2 6.455059e+00
9 78 2 4.185390e+00
10 78 2 2.219594e+00
11 78 2 1.198629e+00
12 78 2 6.920089e-01
1 79 2 2.014133e+00
2 79 2 2.471374e+00
3 79 2 3.628690e+00
4 79 2 6.018785e+00
5 79 2 9.144205e+00
6 79 2 1.493862e+01
7 79 2 1.830541e+01
8 79 2 1.734113e+01
9 79 2 1.197415e+01
10 79 2 7.228142e+00
11 79 2 4.118222e+00
12 79 2 2.522747e+00
1 80 2 1.021554e+00
2 80 2 1.023548e+00
3 80 2 1.286152e+00
4 80 2 1.739026e+00
5 80 2 2.593602e+00
6 80 2 3.946073e+00
7 80 2 5.081168e+00
8 80 2 5.030271e+00
9 80 2 4.175033e+00
10 80 2 2.927134e+00
11 80 2 1.707574e+00
12 80 2 1.262181e+00
1 81 2 8.477494e-08
2 81 2 7.682653e-08
3 81 2 8.091920e-08
4 81 2 9.595034e-08
5 81 2 1.381676e-07
6 81 2 1.861769e-07
7 81 2 2.484210e-07
8 81 2 2.665502e-07
9 81 2 2.423773e-07
10 81 2 1.859745e-07
11 81 2 1.229362e-07
12 81 2 1.006474e-07
1 84 2 2.769274e-02
2 84 2 2.927820e-02
3 84 2 3.621127e-02
4 84 2 4.575972e-02
5 84 2 6.134998e-02
6 84 2 1.005264e-01
7 84 2 1.346374e-01
8 84 2 1.290160e-01
9 84 2 9.680675e-02
10 84 2 6.109477e-02
11 84 2 4.104206e-02
12 84 2 3.135170e-02
1 85 2 7.669874e-02
2 85 2 8.636883e-02
3 85 2 1.122934e-01
4 85 2 1.631519e-01
5 85 2 2.611706e-01
6 85 2 3.989790e-01
7 85 2 5.520245e-01
8 85 2 5.251457e-01
9 85 2 3.781405e-01
10 85 2 2.085846e-01
11 85 2 1.176329e-01
12 85 2 8.535454e-02
1 86 2 1.241412e-02
2 86 2 1.405538e-02
3 86 2 1.796174e-02
4 86 2 2.608987e-02
5 86 2 4.193157e-02
6 86 2 6.084180e-02
7 86 2 8.358047e-02
8 86 2 8.385388e-02
9 86 2 6.206784e-02
10 86 2 3.599246e-02
11 86 2 1.982642e-02
12 86 2 1.416980e-02
1 87 2 7.659305e-03
2 87 2 1.036216e-02
3 87 2 1.479526e-02
4 87 2 2.338794e-02
5 87 2 4.103103e-02
6 87 2 6.167484e-02
7 87 2 8.361200e-02
8 87 2 8.519784e-02
9 87 2 6.176882e-02
10 87 2 3.477749e-02
11 87 2 1.528031e-02
12 87 2 9.288106e-03
1 88 2 3.295425e-03
2 88 2 4.679769e-03
3 88 2 7.338569e-03
4 88 2 1.392415e-02
5 88 2 2.857645e-02
6 88 2 4.491434e-02
7 88 2 5.751906e-02
8 88 2 5.044871e-02
9 88 2 3.259997e-02
10 88 2 1.540614e-02
11 88 2 7.898249e-03
12 88 2 4.387188e-03
1 89 2 2.662154e-03
2 89 2 3.704043e-03
3 89 2 7.030157e-03
4 89 2 1.322253e-02
5 89 2 2.638707e-02
6 89 2 3.941922e-02
7 89 2 4.598506e-02
8 89 2 4.027195e-02
9 89 2 2.628169e-02
10 89 2 1.250668e-02
11 89 2 6.881802e-03
12 89 2 3.809106e-03
1 90 2 6.237560e-04
2 90 2 8.220897e-04
3 90 2 1.631349e-03
4 90 2 2.927924e-03
5 90 2 4.495657e-03
6 90 2 5.950756e-03
7 90 2 6.683066e-03
8 90 2 6.183687e-03
9 90 2 4.506406e-03
10 90 2 2.687879e-03
11 90 2 1.481971e-03
12 90 2 8.436536e-04
1 91 2 1.923001e-06
2 91 2 2.720962e-06
3 91 2 5.684691e-06
4 91 2 1.074228e-05
5 91 2 1.585393e-05
6 91 2 2.015182e-05
7 91 2 2.262756e-05
8 91 2 2.075165e-05
9 91 2 1.492086e-05
10 91 2 9.236049e-06
11 91 2 4.786853e-06
12 91 2 2.457362e-06
1 92 2 9.846762e-07
2 92 2 1.406550e-06
3 92 2 3.525866e-06
4 92 2 8.411900e-06
5 92 2 1.586362e-05
6 92 2 2.430865e-05
7 92 2 2.917926e-05
8 92 2 2.655780e-05
9 92 2 1.661482e-05
10 92 2 8.830243e-06
11 92 2 3.463227e-06
12 92 2 1.486678e-06
1 93 2 2.458386e-03
2 93 2 2.966263e-03
3 93 2 6.098793e-03
4 93 2 1.421392e-02
5 93 2 2.535683e-02
6 93 2 4.023950e-02
7 93 2 5.397919e-02
8 93 2 5.306614e-02
9 93 2 3.569255e-02
10 93 2 2.055457e-02
11 93 2 8.802587e-03
12 93 2 3.666454e-03
1 94 2 1.682259e-04
2 94 2 1.673778e-04
3 94 2 2.234898e-04
4 94 2 3.960652e-04
5 94 2 6.760591e-04
6 94 2 1.064538e-03
7 94 2 1.470655e-03
8 94 2 1.602688e-03
9 94 2 1.320159e-03
10 94 2 7.968453e-04
11 94 2 4.276866e-04
12 94 2 2.336777e-04
1 98 2 7.490495e-02
2 98 2 6.972657e-02
3 98 2 6.565837e-02
4 98 2 6.990725e-02
5 98 2 7.933993e-02
6 98 2 9.078834e-02
7 98 2 1.021182e-01
8 98 2 1.076276e-01
9 98 2 1.062044e-01
10 98 2 1.003915e-01
11 98 2 9.030146e-02
12 98 2 8.217529e-02
1 101 2 1.700008e-03
2 101 2 1.746816e-03
3 101 2 1.790034e-03
4 101 2 2.207384e-03
5 101 2 2.838739e-03
6 101 2 3.314524e-03
7 101 2 3.538065e-03
8 101 2 3.545265e-03
9 101 2 3.408299e-03
10 101 2 2.922267e-03
11 101 2 2.247144e-03
12 101 2 1.802370e-03
1 102 2 3.634283e-01
2 102 2 4.108055e-01
3 102 2 5.048876e-01
4 102 2 6.315129e-01
5 102 2 7.308099e-01
6 102 2 7.978100e-01
7 102 2 8.202759e-01
8 102 2 8.306409e-01
9 102 2 7.486393e-01
10 102 2 5.767525e-01
11 102 2 4.629161e-01
12 102 2 3.794173e-01
1 103 2 6.051386e-01
2 103 2 6.175490e-01
3 103 2 6.730510e-01
4 103 2 7.605221e-01
5 103 2 8.856885e-01
6 103 2 1.013557e+00
7 103 2 1.096540e+00
8 103 2 1.150794e+00
9 103 2 1.128691e+00
10 103 2 9.863782e-01
11 103 2 8.114509e-01
12 103 2 6.746946e-01
1 104 2 2.854117e-03
2 104 2 2.738738e-03
3 104 2 2.768496e-03
4 104 2 3.035257e-03
5 104 2 3.549160e-03
6 104 2 4.072833e-03
7 104 2 4.571045e-03
8 104 2 4.937843e-03
9 104 2 4.977588e-03
10 104 2 4.650053e-03
11 104 2 3.825087e-03
12 104 2 3.167168e-03
1 107 2 8.315152e-04
2 107 2 8.772334e-04
3 107 2 1.024201e-03
4 107 2 1.173622e-03
5 107 2 1.316143e-03
6 107 2 1.684979e-03
7 107 2 1.841754e-03
8 107 2 1.834302e-03
9 107 2 1.717181e-03
10 107 2 1.468794e-03
11 107 2 1.167638e-03
12 107 2 9.131368e-04
1 108 2 1.383928e-04
2 108 2 1.768662e-04
3 108 2 2.569171e-04
4 108 2 3.979085e-04
5 108 2 6.176602e-04
6 108 2 8.477580e-04
7 108 2 9.074993e-04
8 108 2 8.020384e-04
9 108 2 6.489756e-04
10 108 2 4.477482e-04
11 108 2 2.332314e-04
12 108 2 1.484745e-04
1 109 2 2.628734e-04
2 109 2 3.472175e-04
3 109 2 5.430706e-04
4 109 2 9.424527e-04
5 109 2 1.605735e-03
6 109 2 2.024111e-03
7 109 2 2.056679e-03
8 109 2 1.890666e-03
9 109 2 1.518259e-03
10 109 2 1.065308e-03
11 109 2 4.738224e-04
12 109 2 2.767895e-04
1 110 2 1.157317e-04
2 110 2 1.474200e-04
3 110 2 2.367641e-04
4 110 2 3.665015e-04
5 110 2 5.684291e-04
6 110 2 6.582683e-04
7 110 2 7.077019e-04
8 110 2 6.999117e-04
9 110 2 5.893093e-04
10 110 2 4.296438e-04
11 110 2 2.078208e-04
12 110 2 1.223255e-04
1 111 2 3.968865e-03
2 111 2 4.963893e-03
3 111 2 8.036434e-03
4 111 2 1.217989e-02
5 111 2 1.840812e-02
6 111 2 2.360802e-02
7 111 2 2.495544e-02
8 111 2 2.471741e-02
9 111 2 2.104903e-02
10 111 2 1.370190e-02
11 111 2 7.381114e-03
12 111 2 4.508520e-03
1 112 2 4.573123e-03
2 112 2 5.896483e-03
3 112 2 1.034411e-02
4 112 2 1.720165e-02
5 112 2 2.615801e-02
6 112 2 3.187663e-02
7 112 2 3.246549e-02
8 112 2 3.026119e-02
9 112 2 2.310109e-02
10 112 2 1.533620e-02
11 112 2 8.801377e-03
12 112 2 5.410117e-03
1 113 2 2.623454e-03
2 113 2 3.323673e-03
3 113 2 5.583790e-03
4 113 2 8.350049e-03
5 113 2 1.027553e-02
6 113 2 8.972062e-03
7 113 2 7.698560e-03
8 113 2 7.352751e-03
9 113 2 7.272217e-03
10 113 2 6.640229e-03
11 113 2 4.644424e-03
12 113 2 3.136890e-03
1 114 2 7.147267e-03
2 114 2 9.692056e-03
3 114 2 1.726805e-02
4 114 2 2.517137e-02
5 114 2 2.904036e-02
6 114 2 2.125918e-02
7 114 2 1.755864e-02
8 114 2 1.609462e-02
9 114 2 1.553188e-02
10 114 2 1.390132e-02
11 114 2 1.059728e-02
12 114 2 7.849794e-03
1 115 2 2.379766e-03
2 115 2 3.462346e-03
3 115 2 5.488382e-03
4 115 2 6.803329e-03
5 115 2 6.075695e-03
6 115 2 5.641083e-03
7 115 2 5.440720e-03
8 115 2 5.219986e-03
9 115 2 4.800830e-03
10 115 2 4.290276e-03
11 115 2 3.259077e-03
12 115 2 2.338143e-03
1 116 2 1.506162e-03
2 116 2 1.928071e-03
3 116 2 2.948480e-03
4 116 2 4.173466e-03
5 116 2 4.854004e-03
6 116 2 5.527479e-03
7 116 2 5.794916e-03
8 116 2 5.547021e-03
9 116 2 4.493705e-03
10 116 2 3.592616e-03
11 116 2 2.609965e-03
12 116 2 1.719333e-03
1 117 2 2.859815e-04
2 117 2 2.986362e-04
3 117 2 3.771501e-04
4 117 2 5.162699e-04
5 117 2 6.574278e-04
6 117 2 7.789066e-04
7 117 2 8.292272e-04
8 117 2 8.281398e-04
9 117 2 7.556274e-04
10 117 2 6.468627e-04
11 117 2 5.221878e-04
12 117 2 3.772217e-04
1 126 2 3.132982e-05
2 126 2 3.256414e-05
3 126 2 3.529508e-05
4 126 2 3.726945e-05
5 126 2 3.682256e-05
6 126 2 3.422244e-05
7 126 2 3.298845e-05
8 126 2 3.331074e-05
9 126 2 3.313440e-05
10 126 2 3.255985e-05
11 126 2 3.181501e-05
12 126 2 3.133331e-05
1 127 2 3.159890e-03
2 127 2 3.213673e-03
3 127 2 3.391963e-03
4 127 2 3.521578e-03
5 127 2 3.569555e-03
6 127 2 3.457566e-03
7 127 2 3.458520e-03
8 127 2 3.537888e-03
9 127 2 3.500174e-03
10 127 2 3.359894e-03
11 127 2 3.256154e-03
12 127 2 3.215849e-03
1 128 2 1.431493e-02
2 128 2 1.470130e-02
3 128 2 1.509182e-02
4 128 2 1.473218e-02
5 128 2 1.433078e-02
6 128 2 1.390030e-02
7 128 2 1.481515e-02
8 128 2 1.684489e-02
9 128 2 1.771225e-02
10 128 2 1.673005e-02
11 128 2 1.521354e-02
12 128 2 1.433418e-02
1 129 2 4.083379e-04
2 129 2 4.027313e-04
3 129 2 4.128886e-04
4 129 2 4.248625e-04
5 129 2 4.314180e-04
6 129 2 4.430889e-04
7 129 2 4.629841e-04
8 129 2 5.046519e-04
9 129 2 5.272550e-04
10 129 2 5.295778e-04
11 129 2 4.835227e-04
12 129 2 4.295510e-04
1 133 2 8.768411e-03
2 133 2 1.019458e-02
3 133 2 1.223804e-02
4 133 2 1.256523e-02
5 133 2 1.198594e-02
6 133 2 1.101670e-02
7 133 2 9.832508e-03
8 133 2 9.207026e-03
9 133 2 9.600877e-03
10 133 2 1.022530e-02
11 133 2 9.755104e-03
12 133 2 8.535722e-03
1 135 2 3.794100e-04
2 135 2 4.274623e-04
3 135 2 5.083504e-04
4 135 2 5.474697e-04
5 135 2 5.260659e-04
6 135 2 4.693046e-04
7 135 2 4.054327e-04
8 135 2 4.094901e-04
9 135 2 4.351301e-04
10 135 2 4.092146e-04
11 135 2 3.922286e-04
12 135 2 3.684451e-04
1 136 2 4.243728e-04
2 136 2 4.367654e-04
3 136 2 5.401420e-04
4 136 2 6.566482e-04
5 136 2 7.190593e-04
6 136 2 6.560564e-04
7 136 2 5.805333e-04
8 136 2 5.792017e-04
9 136 2 5.821955e-04
10 136 2 5.476700e-04
11 136 2 5.178192e-04
12 136 2 4.598299e-04
1 137 2 1.030118e-04
2 137 2 1.080700e-04
3 137 2 1.239045e-04
4 137 2 1.361528e-04
5 137 2 1.343911e-04
6 137 2 1.236533e-04
7 137 2 1.143925e-04
8 137 2 1.103773e-04
9 137 2 1.104466e-04
10 137 2 1.150599e-04
11 137 2 1.137584e-04
12 137 2 1.072639e-04
1 138 2 4.124508e-03
2 138 2 4.535553e-03
3 138 2 5.261912e-03
4 138 2 5.856181e-03
5 138 2 5.908527e-03
6 138 2 5.193002e-03
7 138 2 4.810819e-03
8 138 2 4.639438e-03
9 138 2 4.652097e-03
10 138 2 4.679205e-03
11 138 2 4.538918e-03
12 138 2 4.209466e-03
1 139 2 6.959315e-03
2 139 2 7.925374e-03
3 139 2 8.855826e-03
4 139 2 9.294820e-03
5 139 2 9.163833e-03
6 139 2 8.534017e-03
7 139 2 8.074471e-03
8 139 2 7.773010e-03
9 139 2 7.672260e-03
10 139 2 7.731822e-03
11 139 2 7.357420e-03
12 139 2 6.734736e-03
1 140 2 2.306254e-03
2 140 2 2.384752e-03
3 140 2 2.590026e-03
4 140 2 2.934457e-03
5 140 2 3.115973e-03
6 140 2 2.992898e-03
7 140 2 2.833788e-03
8 140 2 2.733164e-03
9 140 2 2.693319e-03
10 140 2 2.708205e-03
11 140 2 2.651006e-03
12 140 2 2.471547e-03
1 141 2 3.616637e-03
2 141 2 3.579216e-03
3 141 2 3.681734e-03
4 141 2 4.040672e-03
5 141 2 4.360421e-03
6 141 2 4.311745e-03
7 141 2 4.195150e-03
8 141 2 4.068020e-03
9 141 2 4.033543e-03
10 141 2 4.043026e-03
11 141 2 4.083380e-03
12 141 2 3.964644e-03
1 150 2 4.185734e-06
2 150 2 4.581944e-06
3 150 2 4.904450e-06
4 150 2 5.015201e-06
5 150 2 4.692699e-06
6 150 2 4.138750e-06
7 150 2 3.775694e-06
8 150 2 3.684519e-06
9 150 2 3.565400e-06
10 150 2 3.484281e-06
11 150 2 3.552024e-06
12 150 2 3.779252e-06
1 151 2 2.714986e-03
2 151 2 2.887704e-03
3 151 2 3.061822e-03
4 151 2 3.134019e-03
5 151 2 3.032381e-03
6 151 2 2.854410e-03
7 151 2 2.791340e-03
8 151 2 2.899108e-03
9 151 2 2.760208e-03
10 151 2 2.590170e-03
11 151 2 2.514219e-03
12 151 2 2.576943e-03
1 152 2 2.151491e-03
2 152 2 2.179303e-03
3 152 2 2.199477e-03
4 152 2 2.090071e-03
5 152 2 2.009119e-03
6 152 2 1.973237e-03
7 152 2 2.255937e-03
8 152 2 3.008021e-03
9 152 2 3.193343e-03
10 152 2 2.721716e-03
11 152 2 2.333984e-03
12 152 2 2.158456e-03
1 153 2 2.493721e-03
2 153 2 2.554210e-03
3 153 2 2.694868e-03
4 153 2 2.643310e-03
5 153 2 2.552649e-03
6 153 2 2.506189e-03
7 153 2 2.925519e-03
8 153 2 3.823127e-03
9 153 2 4.649988e-03
10 153 2 4.156134e-03
11 153 2 3.143902e-03
12 153 2 2.623161e-03
1 154 2 6.788347e-03
2 154 2 6.751516e-03
3 154 2 7.025819e-03
4 154 2 6.732038e-03
5 154 2 6.295069e-03
6 154 2 5.662488e-03
7 154 2 5.346876e-03
8 154 2 5.570011e-03
9 154 2 6.280114e-03
10 154 2 7.057726e-03
11 154 2 7.438056e-03
12 154 2 7.192246e-03
1 157 2 2.701537e-04
2 157 2 2.805276e-04
3 157 2 3.003450e-04
4 157 2 2.961139e-04
5 157 2 2.886260e-04
6 157 2 2.713581e-04
7 157 2 2.589143e-04
8 157 2 2.563044e-04
9 157 2 2.544519e-04
10 157 2 2.588886e-04
11 157 2 2.607447e-04
12 157 2 2.641474e-04
1 163 2 1.258357e-03
2 163 2 1.275218e-03
3 163 2 1.313059e-03
4 163 2 1.391851e-03
5 163 2 1.393210e-03
6 163 2 1.288077e-03
7 163 2 1.190823e-03
8 163 2 1.118206e-03
9 163 2 1.134219e-03
10 163 2 1.199960e-03
11 163 2 1.246868e-03
12 163 2 1.256638e-03
1 164 2 4.760709e-03
2 164 2 4.720003e-03
3 164 2 4.851393e-03
4 164 2 5.077716e-03
5 164 2 5.017986e-03
6 164 2 4.641250e-03
7 164 2 4.295887e-03
8 164 2 4.196290e-03
9 164 2 4.493372e-03
10 164 2 4.922687e-03
11 164 2 5.022103e-03
12 164 2 4.938474e-03
1 165 2 2.515994e-03
2 165 2 2.465852e-03
3 165 2 2.496852e-03
4 165 2 2.552079e-03
5 165 2 2.524067e-03
6 165 2 2.322499e-03
7 165 2 2.189799e-03
8 165 2 2.216474e-03
9 165 2 2.362522e-03
10 165 2 2.526047e-03
11 165 2 2.657297e-03
12 165 2 2.660427e-03
1 166 2 1.118424e-03
2 166 2 1.107258e-03
3 166 2 1.088965e-03
4 166 2 1.083856e-03
5 166 2 1.048367e-03
6 166 2 9.695645e-04
7 166 2 9.155623e-04
8 166 2 9.223929e-04
9 166 2 9.569144e-04
10 166 2 1.006604e-03
11 166 2 1.085267e-03
12 166 2 1.139948e-03
1 170 2 4.165583e-05
2 170 2 4.581316e-05
3 170 2 4.501118e-05
4 170 2 4.091276e-05
5 170 2 3.409255e-05
6 170 2 2.866588e-05
7 170 2 2.711343e-05
8 170 2 2.588460e-05
9 170 2 2.631995e-05
10 170 2 2.930708e-05
11 170 2 3.233491e-05
12 170 2 3.723565e-05
1 171 2 1.496035e-04
2 171 2 1.642216e-04
3 171 2 1.662097e-04
4 171 2 1.478741e-04
5 171 2 1.230146e-04
6 171 2 1.054177e-04
7 171 2 9.570795e-05
8 171 2 9.068629e-05
9 171 2 9.200760e-05
10 171 2 1.000786e-04
11 171 2 1.142238e-04
12 171 2 1.349444e-04
1 175 2 4.313086e-06
2 175 2 4.559937e-06
3 175 2 4.573016e-06
4 175 2 4.283174e-06
5 175 2 3.721404e-06
6 175 2 3.391142e-06
7 175 2 3.320779e-06
8 175 2 3.292742e-06
9 175 2 3.062609e-06
10 175 2 3.095864e-06
11 175 2 3.236697e-06
12 175 2 3.775625e-06
1 176 2 3.114498e-03
2 176 2 3.137849e-03
3 176 2 3.071944e-03
4 176 2 2.713194e-03
5 176 2 2.194853e-03
6 176 2 1.988948e-03
7 176 2 1.985321e-03
8 176 2 2.264987e-03
9 176 2 2.466805e-03
10 176 2 2.632682e-03
11 176 2 2.810192e-03
12 176 2 2.985114e-03
1 177 2 1.365264e-02
2 177 2 1.326664e-02
3 177 2 1.252618e-02
4 177 2 1.095331e-02
5 177 2 8.956822e-03
6 177 2 7.648369e-03
7 177 2 7.958010e-03
8 177 2 9.535160e-03
9 177 2 1.198421e-02
10 177 2 1.246311e-02
11 177 2 1.271591e-02
12 177 2 1.274189e-02
1 178 2 4.969065e-03
2 178 2 4.910990e-03
3 178 2 4.707543e-03
4 178 2 3.945678e-03
5 178 2 3.435520e-03
6 178 2 2.903779e-03
7 178 2 2.765665e-03
8 178 2 2.786020e-03
9 178 2 3.177386e-03
10 178 2 3.418777e-03
11 178 2 3.861314e-03
12 178 2 4.286870e-03
1 181 2 6.072264e-05
2 181 2 6.413651e-05
3 181 2 6.501973e-05
4 181 2 6.216757e-05
5 181 2 5.126886e-05
6 181 2 4.433202e-05
7 181 2 3.919863e-05
8 181 2 4.011660e-05
9 181 2 4.346227e-05
10 181 2 4.706152e-05
11 181 2 5.329779e-05
12 181 2 5.674673e-05
1 182 2 7.252818e-03
2 182 2 6.703840e-03
3 182 2 6.321420e-03
4 182 2 5.280519e-03
5 182 2 4.135117e-03
6 182 2 3.092820e-03
7 182 2 3.066524e-03
8 182 2 4.261315e-03
9 182 2 5.913033e-03
10 182 2 7.252124e-03
11 182 2 8.015089e-03
12 182 2 7.693302e-03
1 183 2 1.545304e-03
2 183 2 1.484523e-03
3 183 2 1.417256e-03
4 183 2 1.285064e-03
5 183 2 1.081230e-03
6 183 2 8.775467e-04
7 183 2 8.164651e-04
8 183 2 9.695211e-04
9 183 2 1.127289e-03
10 183 2 1.333581e-03
11 183 2 1.451865e-03
12 183 2 1.493337e-03
1 184 2 4.806760e-04
2 184 2 4.870487e-04
3 184 2 4.716990e-04
4 184 2 4.244986e-04
5 184 2 3.529056e-04
6 184 2 2.852143e-04
7 184 2 2.571916e-04
8 184 2 2.686115e-04
9 184 2 2.845489e-04
10 184 2 3.267686e-04
11 184 2 3.823413e-04
12 184 2 4.357844e-04
1 188 2 2.804150e-03
2 188 2 2.779701e-03
3 188 2 2.576533e-03
4 188 2 2.103915e-03
5 188 2 1.486963e-03
6 188 2 1.131037e-03
7 188 2 9.732479e-04
8 188 2 9.900139e-04
9 188 2 1.340968e-03
10 188 2 1.762222e-03
11 188 2 2.098631e-03
12 188 2 2.617557e-03
1 189 2 2.446932e-03
2 189 2 2.261458e-03
3 189 2 2.051344e-03
4 189 2 1.516248e-03
5 189 2 1.003892e-03
6 189 2 7.099147e-04
7 189 2 6.749771e-04
8 189 2 8.290954e-04
9 189 2 1.333745e-03
10 189 2 1.899058e-03
11 189 2 2.309887e-03
12 189 2 2.413821e-03
1 190 2 1.001785e-02
2 190 2 9.492099e-03
3 190 2 8.239162e-03
4 190 2 5.835627e-03
5 190 2 4.071516e-03
6 190 2 2.953652e-03
7 190 2 2.775288e-03
8 190 2 3.345601e-03
9 190 2 4.699271e-03
10 190 2 6.406242e-03
11 190 2 8.394222e-03
12 190 2 9.418163e-03
1 191 2 6.474078e-03
2 191 2 6.708855e-03
3 191 2 6.521039e-03
4 191 2 5.387111e-03
5 191 2 4.429922e-03
6 191 2 3.639103e-03
7 191 2 3.199384e-03
8 191 2 3.249253e-03
9 191 2 3.545001e-03
10 191 2 3.978900e-03
11 191 2 4.893629e-03
12 191 2 5.757310e-03
1 192 2 2.876629e-04
2 192 2 3.108836e-04
3 192 2 3.028966e-04
4 192 2 2.622631e-04
5 192 2 2.216519e-04
6 192 2 1.887277e-04
7 192 2 1.658541e-04
8 192 2 1.541174e-04
9 192 2 1.586864e-04
10 192 2 1.742558e-04
11 192 2 2.080164e-04
12 192 2 2.497822e-04
1 200 2 1.354479e-02
2 200 2 1.393422e-02
3 200 2 1.139513e-02
4 200 2 7.532996e-03
5 200 2 4.930723e-03
6 200 2 4.015618e-03
7 200 2 3.815045e-03
8 200 2 4.114202e-03
9 200 2 4.557207e-03
10 200 2 5.826612e-03
11 200 2 8.096937e-03
12 200 2 1.115593e-02
1 201 2 9.176721e-03
2 201 2 9.468475e-03
3 201 2 8.667826e-03
4 201 2 6.671873e-03
5 201 2 5.027894e-03
6 201 2 4.159716e-03
7 201 2 3.931164e-03
8 201 2 4.066432e-03
9 201 2 4.024551e-03
10 201 2 4.788694e-03
11 201 2 6.104298e-03
12 201 2 7.602714e-03
1 206 2 4.819340e-03
2 206 2 5.205515e-03
3 206 2 4.709598e-03
4 206 2 4.018914e-03
5 206 2 3.323621e-03
6 206 2 2.897917e-03
7 206 2 2.485529e-03
8 206 2 2.440475e-03
9 206 2 2.641788e-03
10 206 2 2.990355e-03
11 206 2 3.505386e-03
12 206 2 4.129708e-03
1 207 2 1.826203e-04
2 207 2 1.993984e-04
3 207 2 1.891052e-04
4 207 2 1.714713e-04
5 207 2 1.520698e-04
6 207 2 1.304296e-04
7 207 2 1.149620e-04
8 207 2 1.132082e-04
9 207 2 1.142199e-04
10 207 2 1.258091e-04
11 207 2 1.355849e-04
12 207 2 1.551007e-04
1 212 2 3.952496e-03
2 212 2 4.219045e-03
3 212 2 3.744815e-03
4 212 2 3.148231e-03
5 212 2 2.453797e-03
6 212 2 1.980418e-03
7 212 2 1.643859e-03
8 212 2 1.588775e-03
9 212 2 1.804414e-03
10 212 2 2.129124e-03
11 212 2 2.525512e-03
12 212 2 3.339209e-03
1 213 2 8.598875e-04
2 213 2 9.397924e-04
3 213 2 7.964370e-04
4 213 2 6.739563e-04
5 213 2 5.200472e-04
6 213 2 4.008833e-04
7 213 2 3.402325e-04
8 213 2 3.321493e-04
9 213 2 4.000879e-04
10 213 2 4.930621e-04
11 213 2 6.054741e-04
12 213 2 7.409294e-04
1 214 2 3.054946e-02
2 214 2 3.238625e-02
3 214 2 2.602034e-02
4 214 2 1.932622e-02
5 214 2 1.428562e-02
6 214 2 1.052785e-02
7 214 2 9.117276e-03
8 214 2 9.399222e-03
9 214 2 1.186451e-02
10 214 2 1.590626e-02
11 214 2 2.177421e-02
12 214 2 2.640832e-02
1 215 2 1.130562e-02
2 215 2 1.162933e-02
3 215 2 1.084257e-02
4 215 2 8.641072e-03
5 215 2 7.018756e-03
6 215 2 5.639423e-03
7 215 2 4.873242e-03
8 215 2 4.885225e-03
9 215 2 5.493764e-03
10 215 2 6.535814e-03
11 215 2 8.229490e-03
12 215 2 9.941677e-03
1 216 2 8.012113e-03
2 216 2 8.365234e-03
3 216 2 7.844528e-03
4 216 2 6.377146e-03
5 216 2 5.106452e-03
6 216 2 4.392917e-03
7 216 2 3.860229e-03
8 216 2 3.691095e-03
9 216 2 3.830165e-03
10 216 2 4.353342e-03
11 216 2 5.236332e-03
12 216 2 6.729633e-03
1 224 2 3.959323e-04
2 224 2 4.328477e-04
3 224 2 3.777124e-04
4 224 2 3.252671e-04
5 224 2 2.626592e-04
6 224 2 2.232094e-04
7 224 2 2.027836e-04
8 224 2 2.118051e-04
9 224 2 2.178174e-04
10 224 2 2.569052e-04
11 224 2 3.067956e-04
12 224 2 3.660313e-04
1 240 2 4.946045e-04
2 240 2 5.044934e-04
3 240 2 4.613469e-04
4 240 2 4.074417e-04
5 240 2 3.541192e-04
6 240 2 3.054402e-04
7 240 2 2.992441e-04
8 240 2 3.085033e-04
9 240 2 3.003095e-04
10 240 2 3.234019e-04
11 240 2 3.553393e-04
12 240 2 4.403812e-04
