1 7 2 5.734872e-07
2 7 2 4.899237e-07
3 7 2 5.358027e-07
4 7 2 1.384830e-06
5 7 2 4.764807e-06
6 7 2 1.283342e-05
7 7 2 1.736399e-05
8 7 2 1.183893e-05
9 7 2 5.119941e-06
10 7 2 2.244568e-06
11 7 2 1.189203e-06
12 7 2 7.015521e-07
1 25 2 1.437890e-04
2 25 2 1.365271e-04
3 25 2 1.923441e-04
4 25 2 3.509852e-04
5 25 2 9.818877e-04
6 25 2 1.780528e-03
7 25 2 2.158522e-03
8 25 2 1.655205e-03
9 25 2 9.352783e-04
10 25 2 4.376763e-04
11 25 2 2.086892e-04
12 25 2 1.208512e-04
1 26 2 7.986364e-04
2 26 2 6.572854e-04
3 26 2 1.086875e-03
4 26 2 2.425994e-03
5 26 2 6.833652e-03
6 26 2 1.305208e-02
7 26 2 1.416147e-02
8 26 2 1.059566e-02
9 26 2 5.795268e-03
10 26 2 2.332822e-03
11 26 2 1.218804e-03
12 26 2 7.535248e-04
1 27 2 3.371910e-03
2 27 2 2.977094e-03
3 27 2 5.218830e-03
4 27 2 1.329172e-02
5 27 2 3.743048e-02
6 27 2 7.737334e-02
7 27 2 8.726403e-02
8 27 2 6.568134e-02
9 27 2 3.394179e-02
10 27 2 1.274596e-02
11 27 2 6.754905e-03
12 27 2 4.178374e-03
1 28 2 5.929518e-05
2 28 2 5.396021e-05
3 28 2 9.075170e-05
4 28 2 2.466848e-04
5 28 2 7.044359e-04
6 28 2 1.508186e-03
7 28 2 1.798108e-03
8 28 2 1.354895e-03
9 28 2 6.969865e-04
10 28 2 2.714425e-04
11 28 2 1.355080e-04
12 28 2 8.448171e-05
1 29 2 7.942610e-05
2 29 2 7.513733e-05
3 29 2 1.196975e-04
4 29 2 3.599105e-04
5 29 2 1.076291e-03
6 29 2 2.648849e-03
7 29 2 3.608342e-03
8 29 2 2.684632e-03
9 29 2 1.232917e-03
10 29 2 4.569648e-04
11 29 2 2.160091e-04
12 29 2 1.348423e-04
1 30 2 1.803469e-05
2 30 2 1.577246e-05
3 30 2 2.506795e-05
4 30 2 7.672592e-05
5 30 2 2.125427e-04
6 30 2 5.780335e-04
7 30 2 8.378321e-04
8 30 2 6.416173e-04
9 30 2 2.903097e-04
10 30 2 1.136325e-04
11 30 2 5.241553e-05
12 30 2 3.139157e-05
1 31 2 3.219140e-05
2 31 2 2.480618e-05
3 31 2 3.768360e-05
4 31 2 1.048860e-04
5 31 2 2.708664e-04
6 31 2 7.131776e-04
7 31 2 1.005739e-03
8 31 2 8.118075e-04
9 31 2 4.061201e-04
10 31 2 1.859830e-04
11 31 2 8.929454e-05
12 31 2 4.975906e-05
1 32 2 3.808856e-05
2 32 2 3.153000e-05
3 32 2 4.407350e-05
4 32 2 9.793308e-05
5 32 2 2.615661e-04
6 32 2 6.195986e-04
7 32 2 7.993557e-04
8 32 2 6.603038e-04
9 32 2 3.687212e-04
10 32 2 1.900795e-04
11 32 2 9.822530e-05
12 32 2 5.094065e-05
1 35 2 3.058779e-04
2 35 2 2.914556e-04
3 35 2 3.166070e-04
4 35 2 4.219074e-04
5 35 2 6.613961e-04
6 35 2 1.010096e-03
7 35 2 1.215456e-03
8 35 2 1.116111e-03
9 35 2 7.585518e-04
10 35 2 5.484319e-04
11 35 2 4.154079e-04
12 35 2 3.374813e-04
1 36 2 3.667374e-05
2 36 2 3.442951e-05
3 36 2 3.815808e-05
4 36 2 4.583119e-05
5 36 2 6.268176e-05
6 36 2 9.042362e-05
7 36 2 1.064935e-04
8 36 2 1.084878e-04
9 36 2 8.281197e-05
10 36 2 6.487984e-05
11 36 2 4.965811e-05
12 36 2 4.114596e-05
1 37 2 3.303183e-03
2 37 2 3.197023e-03
3 37 2 4.028397e-03
4 37 2 5.179978e-03
5 37 2 7.831138e-03
6 37 2 1.187762e-02
7 37 2 1.381428e-02
8 37 2 1.357976e-02
9 37 2 9.993443e-03
10 37 2 7.493335e-03
11 37 2 5.281386e-03
12 37 2 4.045992e-03
1 38 2 5.617106e-03
2 38 2 5.612070e-03
3 38 2 8.549248e-03
4 38 2 1.267567e-02
5 38 2 2.314249e-02
6 38 2 4.106458e-02
7 38 2 4.868045e-02
8 38 2 4.222011e-02
9 38 2 2.727096e-02
10 38 2 1.863968e-02
11 38 2 1.065108e-02
12 38 2 7.686230e-03
1 39 2 1.068905e-03
2 39 2 1.113584e-03
3 39 2 1.803777e-03
4 39 2 2.785181e-03
5 39 2 5.404174e-03
6 39 2 1.044763e-02
7 39 2 1.297303e-02
8 39 2 1.050320e-02
9 39 2 6.620294e-03
10 39 2 4.180637e-03
11 39 2 2.116148e-03
12 39 2 1.544635e-03
1 40 2 2.503393e-04
2 40 2 2.746656e-04
3 40 2 4.898622e-04
4 40 2 8.237422e-04
5 40 2 1.800742e-03
6 40 2 4.088477e-03
7 40 2 5.115316e-03
8 40 2 3.752467e-03
9 40 2 2.311482e-03
10 40 2 1.245448e-03
11 40 2 5.335139e-04
12 40 2 3.974512e-04
1 41 2 1.333621e-04
2 41 2 1.425707e-04
3 41 2 2.857069e-04
4 41 2 5.088643e-04
5 41 2 1.276306e-03
6 41 2 3.238758e-03
7 41 2 4.187521e-03
8 41 2 2.937108e-03
9 41 2 1.641392e-03
10 41 2 7.113947e-04
11 41 2 2.732987e-04
12 41 2 2.277910e-04
1 42 2 7.221884e-05
2 42 2 7.554235e-05
3 42 2 1.629060e-04
4 42 2 3.213634e-04
5 42 2 9.135822e-04
6 42 2 2.534003e-03
7 42 2 3.547308e-03
8 42 2 2.368948e-03
9 42 2 1.121821e-03
10 42 2 4.014877e-04
11 42 2 1.496823e-04
12 42 2 1.227925e-04
1 43 2 2.022981e-06
2 43 2 2.097570e-06
3 43 2 4.949178e-06
4 43 2 1.207614e-05
5 43 2 4.042106e-05
6 43 2 1.192080e-04
7 43 2 1.742656e-04
8 43 2 1.093918e-04
9 43 2 4.473237e-05
10 43 2 1.373397e-05
11 43 2 4.683580e-06
12 43 2 3.281820e-06
1 44 2 8.355795e-06
2 44 2 8.395692e-06
3 44 2 1.826192e-05
4 44 2 4.937065e-05
5 44 2 1.844472e-04
6 44 2 5.812544e-04
7 44 2 8.495353e-04
8 44 2 5.122645e-04
9 44 2 1.846636e-04
10 44 2 5.471209e-05
11 44 2 1.795667e-05
12 44 2 1.214072e-05
1 45 2 1.920558e-05
2 45 2 2.152384e-05
3 45 2 3.922017e-05
4 45 2 1.156634e-04
5 45 2 4.843759e-04
6 45 2 1.607210e-03
7 45 2 2.248465e-03
8 45 2 1.369088e-03
9 45 2 4.707985e-04
10 45 2 1.202047e-04
11 45 2 3.484217e-05
12 45 2 2.277112e-05
1 46 2 8.712273e-06
2 46 2 1.096025e-05
3 46 2 1.722869e-05
4 46 2 4.784232e-05
5 46 2 1.878748e-04
6 46 2 5.827667e-04
7 46 2 8.152494e-04
8 46 2 5.108447e-04
9 46 2 1.918878e-04
10 46 2 4.651133e-05
11 46 2 1.278780e-05
12 46 2 9.119489e-06
1 47 2 1.144581e-05
2 47 2 1.456636e-05
3 47 2 2.052628e-05
4 47 2 4.598970e-05
5 47 2 1.567559e-04
6 47 2 4.318622e-04
7 47 2 5.856973e-04
8 47 2 3.971447e-04
9 47 2 1.682426e-04
10 47 2 5.189247e-05
11 47 2 1.530964e-05
12 47 2 1.163736e-05
1 48 2 1.550092e-05
2 48 2 1.780649e-05
3 48 2 2.449184e-05
4 48 2 4.782739e-05
5 48 2 1.484176e-04
6 48 2 3.413858e-04
7 48 2 4.536700e-04
8 48 2 3.191829e-04
9 48 2 1.519439e-04
10 48 2 5.665007e-05
11 48 2 2.039332e-05
12 48 2 1.352361e-05
1 49 2 4.151922e-04
2 49 2 3.777883e-04
3 49 2 4.285227e-04
4 49 2 5.015478e-04
5 49 2 7.173203e-04
6 49 2 1.091361e-03
7 49 2 1.627586e-03
8 49 2 1.530516e-03
9 49 2 1.067517e-03
10 49 2 7.639112e-04
11 49 2 5.577170e-04
12 49 2 4.068536e-04
1 50 2 1.691276e-03
2 50 2 1.459908e-03
3 50 2 1.711238e-03
4 50 2 1.950634e-03
5 50 2 2.745381e-03
6 50 2 4.028808e-03
7 50 2 5.560348e-03
8 50 2 5.347180e-03
9 50 2 3.871845e-03
10 50 2 2.760014e-03
11 50 2 2.066369e-03
12 50 2 1.627040e-03
1 51 2 6.481524e-04
2 51 2 5.915407e-04
3 51 2 6.427743e-04
4 51 2 7.419741e-04
5 51 2 1.011329e-03
6 51 2 1.418309e-03
7 51 2 1.848264e-03
8 51 2 1.832917e-03
9 51 2 1.522885e-03
10 51 2 1.071158e-03
11 51 2 8.027939e-04
12 51 2 6.727658e-04
1 52 2 1.934368e-01
2 52 2 2.033187e-01
3 52 2 2.554145e-01
4 52 2 3.723595e-01
5 52 2 6.297090e-01
6 52 2 8.666205e-01
7 52 2 1.111602e+00
8 52 2 1.039728e+00
9 52 2 8.393073e-01
10 52 2 4.794669e-01
11 52 2 2.885922e-01
12 52 2 2.225486e-01
1 53 2 4.026833e-02
2 53 2 5.052205e-02
3 53 2 8.559501e-02
4 53 2 1.868283e-01
5 53 2 3.557782e-01
6 53 2 5.312675e-01
7 53 2 7.374623e-01
8 53 2 6.284037e-01
9 53 2 4.253085e-01
10 53 2 1.875790e-01
11 53 2 8.366526e-02
12 53 2 5.300535e-02
1 54 2 2.699877e-02
2 54 2 3.502431e-02
3 54 2 6.549689e-02
4 54 2 1.627533e-01
5 54 2 3.205733e-01
6 54 2 6.192014e-01
7 54 2 8.796050e-01
8 54 2 7.375714e-01
9 54 2 4.473254e-01
10 54 2 1.902463e-01
11 54 2 8.154827e-02
12 54 2 4.498362e-02
1 55 2 1.253757e-02
2 55 2 1.398273e-02
3 55 2 2.608440e-02
4 55 2 6.107795e-02
5 55 2 1.212034e-01
6 55 2 2.588418e-01
7 55 2 3.598097e-01
8 55 2 3.103047e-01
9 55 2 1.967751e-01
10 55 2 9.435052e-02
11 55 2 4.414300e-02
12 55 2 2.527641e-02
1 56 2 3.598917e-02
2 56 2 3.734890e-02
3 56 2 6.468928e-02
4 56 2 1.442479e-01
5 56 2 3.153066e-01
6 56 2 6.215386e-01
7 56 2 8.593316e-01
8 56 2 7.132017e-01
9 56 2 4.661655e-01
10 56 2 2.401854e-01
11 56 2 1.082845e-01
12 56 2 6.210220e-02
1 57 2 7.088607e-03
2 57 2 6.763234e-03
3 57 2 8.318392e-03
4 57 2 1.262602e-02
5 57 2 2.112531e-02
6 57 2 3.437351e-02
7 57 2 4.894827e-02
8 57 2 4.411435e-02
9 57 2 3.282111e-02
10 57 2 2.108257e-02
11 57 2 1.289210e-02
12 57 2 9.264971e-03
1 60 2 1.273293e-01
2 60 2 1.233070e-01
3 60 2 1.414086e-01
4 60 2 1.677085e-01
5 60 2 2.067713e-01
6 60 2 2.721096e-01
7 60 2 3.167900e-01
8 60 2 3.169232e-01
9 60 2 2.689549e-01
10 60 2 2.195566e-01
11 60 2 1.755939e-01
12 60 2 1.455494e-01
1 61 2 4.655399e-01
2 61 2 4.683402e-01
3 61 2 6.587125e-01
4 61 2 9.921601e-01
5 61 2 1.447259e+00
6 61 2 2.038953e+00
7 61 2 2.412904e+00
8 61 2 2.321413e+00
9 61 2 1.803799e+00
10 61 2 1.226955e+00
11 61 2 8.004172e-01
12 61 2 5.614059e-01
1 62 2 1.195476e-02
2 62 2 1.309327e-02
3 62 2 2.061120e-02
4 62 2 3.731256e-02
5 62 2 6.399909e-02
6 62 2 9.078782e-02
7 62 2 1.110152e-01
8 62 2 1.036286e-01
9 62 2 7.221073e-02
10 62 2 4.306207e-02
11 62 2 2.338461e-02
12 62 2 1.521803e-02
1 63 2 1.545155e-02
2 63 2 1.875752e-02
3 63 2 3.138626e-02
4 63 2 6.601325e-02
5 63 2 1.266903e-01
6 63 2 1.883453e-01
7 63 2 2.408481e-01
8 63 2 2.095851e-01
9 63 2 1.280080e-01
10 63 2 6.990654e-02
11 63 2 3.229035e-02
12 63 2 2.113863e-02
1 64 2 3.696619e-03
2 64 2 4.735754e-03
3 64 2 9.018019e-03
4 64 2 2.136068e-02
5 64 2 4.574784e-02
6 64 2 7.327757e-02
7 64 2 9.288091e-02
8 64 2 7.261213e-02
9 64 2 4.157663e-02
10 64 2 1.838011e-02
11 64 2 8.398806e-03
12 64 2 5.747788e-03
1 65 2 1.249901e-03
2 65 2 1.549885e-03
3 65 2 3.395507e-03
4 65 2 9.575449e-03
5 65 2 2.007667e-02
6 65 2 3.412105e-02
7 65 2 4.422572e-02
8 65 2 3.300768e-02
9 65 2 1.872092e-02
10 65 2 6.643234e-03
11 65 2 2.924482e-03
12 65 2 2.119368e-03
1 66 2 8.273529e-04
2 66 2 1.022866e-03
3 66 2 2.431646e-03
4 66 2 7.977423e-03
5 66 2 1.658734e-02
6 66 2 2.852268e-02
7 66 2 3.933753e-02
8 66 2 2.973922e-02
9 66 2 1.682299e-02
10 66 2 5.573650e-03
11 66 2 2.135906e-03
12 66 2 1.324861e-03
1 67 2 2.863163e-04
2 67 2 3.817894e-04
3 67 2 9.708930e-04
4 67 2 3.586563e-03
5 67 2 8.137704e-03
6 67 2 1.387891e-02
7 67 2 1.940425e-02
8 67 2 1.493316e-02
9 67 2 8.167400e-03
10 67 2 3.003534e-03
11 67 2 9.497401e-04
12 67 2 4.274730e-04
1 68 2 7.301575e-05
2 68 2 9.804052e-05
3 68 2 2.911748e-04
4 68 2 1.338393e-03
5 68 2 3.647292e-03
6 68 2 6.989343e-03
7 68 2 1.002140e-02
8 68 2 7.453251e-03
9 68 2 3.576888e-03
10 68 2 1.314106e-03
11 68 2 2.996626e-04
12 68 2 1.042722e-04
1 69 2 4.067756e-05
2 69 2 5.767322e-05
3 69 2 1.379216e-04
4 69 2 6.047944e-04
5 69 2 1.939302e-03
6 69 2 4.589575e-03
7 69 2 6.723691e-03
8 69 2 5.175881e-03
9 69 2 2.223525e-03
10 69 2 7.230044e-04
11 69 2 1.400922e-04
12 69 2 5.268374e-05
1 70 2 1.725865e-04
2 70 2 2.017206e-04
3 70 2 2.890598e-04
4 70 2 7.541421e-04
5 70 2 1.891149e-03
6 70 2 4.592247e-03
7 70 2 7.433391e-03
8 70 2 6.774823e-03
9 70 2 3.498065e-03
10 70 2 1.246882e-03
11 70 2 3.792271e-04
12 70 2 2.134774e-04
1 71 2 1.452405e-04
2 71 2 1.473851e-04
3 71 2 1.667775e-04
4 71 2 2.676274e-04
5 71 2 5.182949e-04
6 71 2 1.081212e-03
7 71 2 1.659321e-03
8 71 2 1.649781e-03
9 71 2 1.058484e-03
10 71 2 5.041418e-04
11 71 2 2.408413e-04
12 71 2 1.672725e-04
1 72 2 6.094329e-07
2 72 2 5.820614e-07
3 72 2 6.306032e-07
4 72 2 8.040252e-07
5 72 2 1.251004e-06
6 72 2 2.176789e-06
7 72 2 3.371596e-06
8 72 2 3.242685e-06
9 72 2 2.268691e-06
10 72 2 1.375606e-06
11 72 2 8.475627e-07
12 72 2 6.052711e-07
1 76 2 5.918437e-01
2 76 2 5.414761e-01
3 76 2 5.469258e-01
4 76 2 5.949250e-01
5 76 2 8.088106e-01
6 76 2 1.153312e+00
7 76 2 1.546528e+00
8 76 2 1.650429e+00
9 76 2 1.572538e+00
10 76 2 1.050141e+00
11 76 2 6.779101e-01
12 76 2 5.928913e-01
1 77 2 5.629892e-01
2 77 2 7.310369e-01
3 77 2 9.576146e-01
4 77 2 1.547716e+00
5 77 2 2.598677e+00
6 77 2 4.012087e+00
7 77 2 5.451343e+00
8 77 2 5.174208e+00
9 77 2 3.832834e+00
10 77 2 1.936393e+00
11 77 2 8.496950e-01
12 77 2 5.355585e-01
1 78 2 6.596215e-01
2 78 2 9.012798e-01
3 78 2 1.255086e+00
4 78 2 2.251129e+00
5 78 2 3.520115e+00
6 78 2 5.588723e+00
7 78 2 6.898659e+00
8 78 2 6.459757e+00
9 78 2 4.188436e+00
10 78 2 2.221209e+00
11 78 2 1.199501e+00
12 78 2 6.925125e-01
1 79 2 2.031588e+00
2 79 2 2.492792e+00
3 79 2 3.660137e+00
4 79 2 6.070945e+00
5 79 2 9.223450e+00
6 79 2 1.506808e+01
7 79 2 1.846405e+01
8 79 2 1.749141e+01
9 79 2 1.207792e+01
10 79 2 7.290782e+00
11 79 2 4.153912e+00
12 79 2 2.544610e+00
1 80 2 1.025283e+00
2 80 2 1.027285e+00
3 80 2 1.290847e+00
4 80 2 1.745374e+00
5 80 2 2.603070e+00
6 80 2 3.960477e+00
7 80 2 5.099715e+00
8 80 2 5.048633e+00
9 80 2 4.190273e+00
10 80 2 2.937819e+00
11 80 2 1.713807e+00
12 80 2 1.266789e+00
1 81 2 1.072009e-07
2 81 2 9.714983e-08
3 81 2 1.023251e-07
4 81 2 1.213325e-07
5 81 2 1.747178e-07
6 81 2 2.354272e-07
7 81 2 3.141370e-07
8 81 2 3.370620e-07
9 81 2 3.064946e-07
10 81 2 2.351712e-07
11 81 2 1.554571e-07
12 81 2 1.272722e-07
1 84 2 2.748763e-02
2 84 2 2.906135e-02
3 84 2 3.594307e-02
4 84 2 4.542080e-02
5 84 2 6.089559e-02
6 84 2 9.978184e-02
7 84 2 1.336402e-01
8 84 2 1.280605e-01
9 84 2 9.608974e-02
10 84 2 6.064227e-02
11 84 2 4.073808e-02
12 84 2 3.111949e-02
1 85 2 7.541264e-02
2 85 2 8.492058e-02
3 85 2 1.104104e-01
4 85 2 1.604161e-01
5 85 2 2.567912e-01
6 85 2 3.922888e-01
7 85 2 5.427680e-01
8 85 2 5.163399e-01
9 85 2 3.717998e-01
10 85 2 2.050870e-01
11 85 2 1.156604e-01
12 85 2 8.392329e-02
1 86 2 1.247533e-02
2 86 2 1.412468e-02
3 86 2 1.805030e-02
4 86 2 2.621852e-02
5 86 2 4.213834e-02
6 86 2 6.114181e-02
7 86 2 8.399260e-02
8 86 2 8.426736e-02
9 86 2 6.237389e-02
10 86 2 3.616993e-02
11 86 2 1.992418e-02
12 86 2 1.423968e-02
1 87 2 8.304606e-03
2 87 2 1.123518e-02
3 87 2 1.604177e-02
4 87 2 2.535839e-02
5 87 2 4.448792e-02
6 87 2 6.687098e-02
7 87 2 9.065636e-02
8 87 2 9.237580e-02
9 87 2 6.697288e-02
10 87 2 3.770751e-02
11 87 2 1.656769e-02
12 87 2 1.007063e-02
1 88 2 3.830498e-03
2 88 2 5.439616e-03
3 88 2 8.530121e-03
4 88 2 1.618499e-02
5 88 2 3.321637e-02
6 88 2 5.220702e-02
7 88 2 6.685834e-02
8 88 2 5.864000e-02
9 88 2 3.789318e-02
10 88 2 1.790761e-02
11 88 2 9.180676e-03
12 88 2 5.099530e-03
1 89 2 2.796157e-03
2 89 2 3.890490e-03
3 89 2 7.384028e-03
4 89 2 1.388810e-02
5 89 2 2.771529e-02
6 89 2 4.140343e-02
7 89 2 4.829977e-02
8 89 2 4.229908e-02
9 89 2 2.760461e-02
10 89 2 1.313622e-02
11 89 2 7.228204e-03
12 89 2 4.000841e-03
1 90 2 6.875963e-04
2 90 2 9.062291e-04
3 90 2 1.798314e-03
4 90 2 3.227592e-03
5 90 2 4.955779e-03
6 90 2 6.559805e-03
7 90 2 7.367065e-03
8 90 2 6.816576e-03
9 90 2 4.967628e-03
10 90 2 2.962979e-03
11 90 2 1.633648e-03
12 90 2 9.300001e-04
1 91 2 2.327149e-06
2 91 2 3.292814e-06
3 91 2 6.879416e-06
4 91 2 1.299994e-05
5 91 2 1.918588e-05
6 91 2 2.438704e-05
7 91 2 2.738309e-05
8 91 2 2.511292e-05
9 91 2 1.805671e-05
10 91 2 1.117715e-05
11 91 2 5.792884e-06
12 91 2 2.973815e-06
1 92 2 1.191369e-06
2 92 2 1.701798e-06
3 92 2 4.265978e-06
4 92 2 1.017764e-05
5 92 2 1.919354e-05
6 92 2 2.941126e-05
7 92 2 3.530426e-05
8 92 2 3.213253e-05
9 92 2 2.010242e-05
10 92 2 1.068379e-05
11 92 2 4.190191e-06
12 92 2 1.798746e-06
1 93 2 3.255850e-03
2 93 2 3.928474e-03
3 93 2 8.077151e-03
4 93 2 1.882470e-02
5 93 2 3.358221e-02
6 93 2 5.329260e-02
7 93 2 7.148923e-02
8 93 2 7.028001e-02
9 93 2 4.727068e-02
10 93 2 2.722217e-02
11 93 2 1.165802e-02
12 93 2 4.855797e-03
1 94 2 2.396919e-03
2 94 2 2.384835e-03
3 94 2 3.184331e-03
4 94 2 5.643222e-03
5 94 2 9.632636e-03
6 94 2 1.516777e-02
7 94 2 2.095421e-02
8 94 2 2.283545e-02
9 94 2 1.880990e-02
10 94 2 1.135362e-02
11 94 2 6.093771e-03
12 94 2 3.329490e-03
1 98 2 7.498163e-02
2 98 2 6.979795e-02
3 98 2 6.572558e-02
4 98 2 6.997881e-02
5 98 2 7.942115e-02
6 98 2 9.088128e-02
7 98 2 1.022228e-01
8 98 2 1.077378e-01
9 98 2 1.063131e-01
10 98 2 1.004943e-01
11 98 2 9.039390e-02
12 98 2 8.225941e-02
1 101 2 2.055936e-03
2 101 2 2.112545e-03
3 101 2 2.164811e-03
4 101 2 2.669540e-03
5 101 2 3.433082e-03
6 101 2 4.008481e-03
7 101 2 4.278824e-03
8 101 2 4.287531e-03
9 101 2 4.121890e-03
10 101 2 3.534098e-03
11 101 2 2.717625e-03
12 101 2 2.179729e-03
1 102 2 3.656621e-01
2 102 2 4.133305e-01
3 102 2 5.079909e-01
4 102 2 6.353945e-01
5 102 2 7.353018e-01
6 102 2 8.027137e-01
7 102 2 8.253177e-01
8 102 2 8.357464e-01
9 102 2 7.532408e-01
10 102 2 5.802975e-01
11 102 2 4.657614e-01
12 102 2 3.817493e-01
1 103 2 6.060980e-01
2 103 2 6.185280e-01
3 103 2 6.741180e-01
4 103 2 7.617278e-01
5 103 2 8.870926e-01
6 103 2 1.015164e+00
7 103 2 1.098278e+00
8 103 2 1.152619e+00
9 103 2 1.130481e+00
10 103 2 9.879419e-01
11 103 2 8.127374e-01
12 103 2 6.757642e-01
1 104 2 3.449610e-03
2 104 2 3.310159e-03
3 104 2 3.346126e-03
4 104 2 3.668544e-03
5 104 2 4.289670e-03
6 104 2 4.922604e-03
7 104 2 5.524764e-03
8 104 2 5.968092e-03
9 104 2 6.016131e-03
10 104 2 5.620257e-03
11 104 2 4.623168e-03
12 104 2 3.827978e-03
1 107 2 8.259345e-04
2 107 2 8.713459e-04
3 107 2 1.017327e-03
4 107 2 1.165745e-03
5 107 2 1.307310e-03
6 107 2 1.673671e-03
7 107 2 1.829393e-03
8 107 2 1.821991e-03
9 107 2 1.705656e-03
10 107 2 1.458937e-03
11 107 2 1.159801e-03
12 107 2 9.070084e-04
1 108 2 1.673398e-04
2 108 2 2.138605e-04
3 108 2 3.106553e-04
4 108 2 4.811371e-04
5 108 2 7.468533e-04
6 108 2 1.025080e-03
7 108 2 1.097317e-03
8 108 2 9.697969e-04
9 108 2 7.847188e-04
10 108 2 5.414016e-04
11 108 2 2.820153e-04
12 108 2 1.795303e-04
1 109 2 3.175035e-04
2 109 2 4.193758e-04
3 109 2 6.559309e-04
4 109 2 1.138312e-03
5 109 2 1.939437e-03
6 109 2 2.444759e-03
7 109 2 2.484096e-03
8 109 2 2.283582e-03
9 109 2 1.833782e-03
10 109 2 1.286699e-03
11 109 2 5.722916e-04
12 109 2 3.343115e-04
1 110 2 1.398097e-04
2 110 2 1.780907e-04
3 110 2 2.860228e-04
4 110 2 4.427522e-04
5 110 2 6.866908e-04
6 110 2 7.952210e-04
7 110 2 8.549393e-04
8 110 2 8.455283e-04
9 110 2 7.119151e-04
10 110 2 5.190312e-04
11 110 2 2.510579e-04
12 110 2 1.477754e-04
1 111 2 4.799882e-03
2 111 2 6.003253e-03
3 111 2 9.719136e-03
4 111 2 1.473016e-02
5 111 2 2.226249e-02
6 111 2 2.855116e-02
7 111 2 3.018072e-02
8 111 2 2.989284e-02
9 111 2 2.545636e-02
10 111 2 1.657086e-02
11 111 2 8.926603e-03
12 111 2 5.452533e-03
1 112 2 5.527649e-03
2 112 2 7.127228e-03
3 112 2 1.250319e-02
4 112 2 2.079207e-02
5 112 2 3.161785e-02
6 112 2 3.853008e-02
7 112 2 3.924185e-02
8 112 2 3.657746e-02
9 112 2 2.792287e-02
10 112 2 1.853725e-02
11 112 2 1.063845e-02
12 112 2 6.539345e-03
1 113 2 3.169957e-03
2 113 2 4.016041e-03
3 113 2 6.746973e-03
4 113 2 1.008948e-02
5 113 2 1.241607e-02
6 113 2 1.084107e-02
7 113 2 9.302279e-03
8 113 2 8.884434e-03
9 113 2 8.787123e-03
10 113 2 8.023482e-03
11 113 2 5.611924e-03
12 113 2 3.790349e-03
1 114 2 8.642153e-03
2 114 2 1.171920e-02
3 114 2 2.087975e-02
4 114 2 3.043609e-02
5 114 2 3.511429e-02
6 114 2 2.570564e-02
7 114 2 2.123112e-02
8 114 2 1.946089e-02
9 114 2 1.878045e-02
10 114 2 1.680885e-02
11 114 2 1.281375e-02
12 114 2 9.491618e-03
1 115 2 2.876499e-03
2 115 2 4.185048e-03
3 115 2 6.633983e-03
4 115 2 8.223402e-03
5 115 2 7.343887e-03
6 115 2 6.818558e-03
7 115 2 6.576373e-03
8 115 2 6.309564e-03
9 115 2 5.802917e-03
10 115 2 5.185795e-03
11 115 2 3.939351e-03
12 115 2 2.826188e-03
1 116 2 1.820945e-03
2 116 2 2.331032e-03
3 116 2 3.564703e-03
4 116 2 5.045707e-03
5 116 2 5.868476e-03
6 116 2 6.682705e-03
7 116 2 7.006035e-03
8 116 2 6.706330e-03
9 116 2 5.432874e-03
10 116 2 4.343462e-03
11 116 2 3.155440e-03
12 116 2 2.078668e-03
1 117 2 3.959092e-04
2 117 2 4.134282e-04
3 117 2 5.221218e-04
4 117 2 7.147175e-04
5 117 2 9.101348e-04
6 117 2 1.078308e-03
7 117 2 1.147972e-03
8 117 2 1.146466e-03
9 117 2 1.046081e-03
10 117 2 8.955085e-04
11 117 2 7.229102e-04
12 117 2 5.222210e-04
1 126 2 3.791032e-05
2 126 2 3.940390e-05
3 126 2 4.270844e-05
4 126 2 4.509752e-05
5 126 2 4.455676e-05
6 126 2 4.141051e-05
7 126 2 3.991733e-05
8 126 2 4.030732e-05
9 126 2 4.009394e-05
10 126 2 3.939871e-05
11 126 2 3.849743e-05
12 126 2 3.791455e-05
1 127 2 3.819398e-03
2 127 2 3.884405e-03
3 127 2 4.099907e-03
4 127 2 4.256574e-03
5 127 2 4.314564e-03
6 127 2 4.179202e-03
7 127 2 4.180355e-03
8 127 2 4.276288e-03
9 127 2 4.230702e-03
10 127 2 4.061145e-03
11 127 2 3.935753e-03
12 127 2 3.887035e-03
1 128 2 1.730725e-02
2 128 2 1.777438e-02
3 128 2 1.824654e-02
4 128 2 1.781172e-02
5 128 2 1.732641e-02
6 128 2 1.680594e-02
7 128 2 1.791204e-02
8 128 2 2.036606e-02
9 128 2 2.141472e-02
10 128 2 2.022722e-02
11 128 2 1.839370e-02
12 128 2 1.733053e-02
1 129 2 4.930377e-04
2 129 2 4.862682e-04
3 129 2 4.985324e-04
4 129 2 5.129899e-04
5 129 2 5.209052e-04
6 129 2 5.349970e-04
7 129 2 5.590190e-04
8 129 2 6.093298e-04
9 129 2 6.366213e-04
10 129 2 6.394259e-04
11 129 2 5.838178e-04
12 129 2 5.186510e-04
1 133 2 1.059804e-02
2 133 2 1.232178e-02
3 133 2 1.479164e-02
4 133 2 1.518710e-02
5 133 2 1.448694e-02
6 133 2 1.331545e-02
7 133 2 1.188417e-02
8 133 2 1.112817e-02
9 133 2 1.160420e-02
10 133 2 1.235892e-02
11 133 2 1.179061e-02
12 133 2 1.031679e-02
1 135 2 4.580602e-04
2 135 2 5.160736e-04
3 135 2 6.137294e-04
4 135 2 6.609581e-04
5 135 2 6.351173e-04
6 135 2 5.665896e-04
7 135 2 4.894773e-04
8 135 2 4.943759e-04
9 135 2 5.253309e-04
10 135 2 4.940432e-04
11 135 2 4.735360e-04
12 135 2 4.448224e-04
1 136 2 5.127711e-04
2 136 2 5.277452e-04
3 136 2 6.526555e-04
4 136 2 7.934304e-04
5 136 2 8.688420e-04
6 136 2 7.927153e-04
7 136 2 7.014604e-04
8 136 2 6.998515e-04
9 136 2 7.034688e-04
10 136 2 6.617517e-04
11 136 2 6.256828e-04
12 136 2 5.556141e-04
1 137 2 1.248818e-04
2 137 2 1.310138e-04
3 137 2 1.502101e-04
4 137 2 1.650588e-04
5 137 2 1.629231e-04
6 137 2 1.499056e-04
7 137 2 1.386786e-04
8 137 2 1.338110e-04
9 137 2 1.338951e-04
10 137 2 1.394877e-04
11 137 2 1.379099e-04
12 137 2 1.300366e-04
1 138 2 4.984121e-03
2 138 2 5.480836e-03
3 138 2 6.358579e-03
4 138 2 7.076703e-03
5 138 2 7.139959e-03
6 138 2 6.275307e-03
7 138 2 5.813471e-03
8 138 2 5.606372e-03
9 138 2 5.621668e-03
10 138 2 5.654426e-03
11 138 2 5.484901e-03
12 138 2 5.086787e-03
1 139 2 8.412352e-03
2 139 2 9.580116e-03
3 139 2 1.070484e-02
4 139 2 1.123549e-02
5 139 2 1.107715e-02
6 139 2 1.031584e-02
7 139 2 9.760342e-03
8 139 2 9.395940e-03
9 139 2 9.274154e-03
10 139 2 9.346152e-03
11 139 2 8.893578e-03
12 139 2 8.140884e-03
1 140 2 2.788340e-03
2 140 2 2.883247e-03
3 140 2 3.131430e-03
4 140 2 3.547859e-03
5 140 2 3.767319e-03
6 140 2 3.618516e-03
7 140 2 3.426147e-03
8 140 2 3.304490e-03
9 140 2 3.256316e-03
10 140 2 3.274313e-03
11 140 2 3.205157e-03
12 140 2 2.988185e-03
1 141 2 4.377179e-03
2 141 2 4.331888e-03
3 141 2 4.455965e-03
4 141 2 4.890384e-03
5 141 2 5.277373e-03
6 141 2 5.218460e-03
7 141 2 5.077347e-03
8 141 2 4.923483e-03
9 141 2 4.881756e-03
10 141 2 4.893233e-03
11 141 2 4.942073e-03
12 141 2 4.798368e-03
1 150 2 5.051748e-06
2 150 2 5.529932e-06
3 150 2 5.919164e-06
4 150 2 6.052829e-06
5 150 2 5.663602e-06
6 150 2 4.995043e-06
7 150 2 4.556872e-06
8 150 2 4.446834e-06
9 150 2 4.303069e-06
10 150 2 4.205167e-06
11 150 2 4.286925e-06
12 150 2 4.561166e-06
1 151 2 3.281838e-03
2 151 2 3.490618e-03
3 151 2 3.701090e-03
4 151 2 3.788360e-03
5 151 2 3.665502e-03
6 151 2 3.450372e-03
7 151 2 3.374134e-03
8 151 2 3.504403e-03
9 151 2 3.336503e-03
10 151 2 3.130963e-03
11 151 2 3.039154e-03
12 151 2 3.114974e-03
1 152 2 2.600988e-03
2 152 2 2.634610e-03
3 152 2 2.658999e-03
4 152 2 2.526736e-03
5 152 2 2.428870e-03
6 152 2 2.385492e-03
7 152 2 2.727255e-03
8 152 2 3.636466e-03
9 152 2 3.860507e-03
10 152 2 3.290346e-03
11 152 2 2.821608e-03
12 152 2 2.609408e-03
1 153 2 3.015121e-03
2 153 2 3.088258e-03
3 153 2 3.258325e-03
4 153 2 3.195987e-03
5 153 2 3.086370e-03
6 153 2 3.030196e-03
7 153 2 3.537202e-03
8 153 2 4.622485e-03
9 153 2 5.622231e-03
10 153 2 5.025120e-03
11 153 2 3.801245e-03
12 153 2 3.171625e-03
1 154 2 8.202742e-03
2 154 2 8.158236e-03
3 154 2 8.489692e-03
4 154 2 8.134700e-03
5 154 2 7.606686e-03
6 154 2 6.842302e-03
7 154 2 6.460931e-03
8 154 2 6.730558e-03
9 154 2 7.588615e-03
10 154 2 8.528247e-03
11 154 2 8.987821e-03
12 154 2 8.690795e-03
1 157 2 3.268586e-04
2 157 2 3.394100e-04
3 157 2 3.633870e-04
4 157 2 3.582679e-04
5 157 2 3.492082e-04
6 157 2 3.283158e-04
7 157 2 3.132600e-04
8 157 2 3.101024e-04
9 157 2 3.078611e-04
10 157 2 3.132290e-04
11 157 2 3.154746e-04
12 157 2 3.195916e-04
1 163 2 1.521259e-03
2 163 2 1.541642e-03
3 163 2 1.587390e-03
4 163 2 1.682644e-03
5 163 2 1.684286e-03
6 163 2 1.557188e-03
7 163 2 1.439616e-03
8 163 2 1.351827e-03
9 163 2 1.371185e-03
10 163 2 1.450661e-03
11 163 2 1.507369e-03
12 163 2 1.519180e-03
1 164 2 5.757555e-03
2 164 2 5.708326e-03
3 164 2 5.867227e-03
4 164 2 6.140940e-03
5 164 2 6.068704e-03
6 164 2 5.613083e-03
7 164 2 5.195404e-03
8 164 2 5.074953e-03
9 164 2 5.434240e-03
10 164 2 5.953450e-03
11 164 2 6.073682e-03
12 164 2 5.972542e-03
1 165 2 2.945188e-03
2 165 2 2.886492e-03
3 165 2 2.922780e-03
4 165 2 2.987428e-03
5 165 2 2.954638e-03
6 165 2 2.718685e-03
7 165 2 2.563348e-03
8 165 2 2.594573e-03
9 165 2 2.765535e-03
10 165 2 2.956956e-03
11 165 2 3.110594e-03
12 165 2 3.114259e-03
1 166 2 1.305526e-03
2 166 2 1.292493e-03
3 166 2 1.271139e-03
4 166 2 1.265176e-03
5 166 2 1.223749e-03
6 166 2 1.131764e-03
7 166 2 1.068728e-03
8 166 2 1.076701e-03
9 166 2 1.116998e-03
10 166 2 1.175000e-03
11 166 2 1.266822e-03
12 166 2 1.330652e-03
1 170 2 5.031853e-05
2 170 2 5.534042e-05
3 170 2 5.437166e-05
4 170 2 4.942093e-05
5 170 2 4.118240e-05
6 170 2 3.462720e-05
7 170 2 3.275191e-05
8 170 2 3.126753e-05
9 170 2 3.179342e-05
10 170 2 3.540175e-05
11 170 2 3.905924e-05
12 170 2 4.497914e-05
1 171 2 1.807038e-04
2 171 2 1.983609e-04
3 171 2 2.007623e-04
4 171 2 1.786149e-04
5 171 2 1.485875e-04
6 171 2 1.273325e-04
7 171 2 1.156042e-04
8 171 2 1.095386e-04
9 171 2 1.111346e-04
10 171 2 1.208835e-04
11 171 2 1.379692e-04
12 171 2 1.629973e-04
1 175 2 5.192153e-06
2 175 2 5.489316e-06
3 175 2 5.505061e-06
4 175 2 5.156145e-06
5 175 2 4.479878e-06
6 175 2 4.082304e-06
7 175 2 3.997600e-06
8 175 2 3.963849e-06
9 175 2 3.686811e-06
10 175 2 3.726844e-06
11 175 2 3.896381e-06
12 175 2 4.545151e-06
1 176 2 3.762934e-03
2 176 2 3.791147e-03
3 176 2 3.711520e-03
4 176 2 3.278079e-03
5 176 2 2.651819e-03
6 176 2 2.403046e-03
7 176 2 2.398663e-03
8 176 2 2.736556e-03
9 176 2 2.980393e-03
10 176 2 3.180805e-03
11 176 2 3.395272e-03
12 176 2 3.606612e-03
1 177 2 1.650400e-02
2 177 2 1.603738e-02
3 177 2 1.514228e-02
4 177 2 1.324091e-02
5 177 2 1.082746e-02
6 177 2 9.245733e-03
7 177 2 9.620044e-03
8 177 2 1.152658e-02
9 177 2 1.448711e-02
10 177 2 1.506604e-02
11 177 2 1.537163e-02
12 177 2 1.540304e-02
1 178 2 6.014301e-03
2 178 2 5.944010e-03
3 178 2 5.697768e-03
4 178 2 4.775645e-03
5 178 2 4.158176e-03
6 178 2 3.514585e-03
7 178 2 3.347419e-03
8 178 2 3.372055e-03
9 178 2 3.845744e-03
10 178 2 4.137911e-03
11 178 2 4.673536e-03
12 178 2 5.188607e-03
1 181 2 7.344053e-05
2 181 2 7.756941e-05
3 181 2 7.863761e-05
4 181 2 7.518809e-05
5 181 2 6.200673e-05
6 181 2 5.361702e-05
7 181 2 4.740848e-05
8 181 2 4.851872e-05
9 181 2 5.256511e-05
10 181 2 5.691820e-05
11 181 2 6.446060e-05
12 181 2 6.863189e-05
1 182 2 8.763339e-03
2 182 2 8.100027e-03
3 182 2 7.637962e-03
4 182 2 6.380276e-03
5 182 2 4.996324e-03
6 182 2 3.736951e-03
7 182 2 3.705179e-03
8 182 2 5.148805e-03
9 182 2 7.144522e-03
10 182 2 8.762501e-03
11 182 2 9.684366e-03
12 182 2 9.295561e-03
1 183 2 1.863355e-03
2 183 2 1.790065e-03
3 183 2 1.708953e-03
4 183 2 1.549553e-03
5 183 2 1.303767e-03
6 183 2 1.058162e-03
7 183 2 9.845084e-04
8 183 2 1.169066e-03
9 183 2 1.359305e-03
10 183 2 1.608057e-03
11 183 2 1.750685e-03
12 183 2 1.800693e-03
1 184 2 5.810558e-04
2 184 2 5.887593e-04
3 184 2 5.702041e-04
4 184 2 5.131468e-04
5 184 2 4.266031e-04
6 184 2 3.447757e-04
7 184 2 3.109010e-04
8 184 2 3.247057e-04
9 184 2 3.439714e-04
10 184 2 3.950079e-04
11 184 2 4.621858e-04
12 184 2 5.267895e-04
1 188 2 2.787869e-03
2 188 2 2.763562e-03
3 188 2 2.561574e-03
4 188 2 2.091700e-03
5 188 2 1.478330e-03
6 188 2 1.124470e-03
7 188 2 9.675972e-04
8 188 2 9.842660e-04
9 188 2 1.333183e-03
10 188 2 1.751990e-03
11 188 2 2.086446e-03
12 188 2 2.602360e-03
1 189 2 2.432880e-03
2 189 2 2.248471e-03
3 189 2 2.039564e-03
4 189 2 1.507541e-03
5 189 2 9.981269e-04
6 189 2 7.058379e-04
7 189 2 6.711009e-04
8 189 2 8.243342e-04
9 189 2 1.326086e-03
10 189 2 1.888152e-03
11 189 2 2.296622e-03
12 189 2 2.399959e-03
1 190 2 9.953937e-03
2 190 2 9.431539e-03
3 190 2 8.186596e-03
4 190 2 5.798395e-03
5 190 2 4.045539e-03
6 190 2 2.934808e-03
7 190 2 2.757581e-03
8 190 2 3.324256e-03
9 190 2 4.669289e-03
10 190 2 6.365370e-03
11 190 2 8.340666e-03
12 190 2 9.358074e-03
1 191 2 6.444400e-03
2 191 2 6.678101e-03
3 191 2 6.491146e-03
4 191 2 5.362416e-03
5 191 2 4.409615e-03
6 191 2 3.622421e-03
7 191 2 3.184718e-03
8 191 2 3.234358e-03
9 191 2 3.528750e-03
10 191 2 3.960660e-03
11 191 2 4.871196e-03
12 191 2 5.730918e-03
1 192 2 3.475993e-04
2 192 2 3.756582e-04
3 192 2 3.660071e-04
4 192 2 3.169073e-04
5 192 2 2.678345e-04
6 192 2 2.280503e-04
7 192 2 2.004109e-04
8 192 2 1.862287e-04
9 192 2 1.917498e-04
10 192 2 2.105632e-04
11 192 2 2.513580e-04
12 192 2 3.018260e-04
1 200 2 1.636975e-02
2 200 2 1.684040e-02
3 200 2 1.377175e-02
4 200 2 9.104111e-03
5 200 2 5.959097e-03
6 200 2 4.853133e-03
7 200 2 4.610728e-03
8 200 2 4.972279e-03
9 200 2 5.507679e-03
10 200 2 7.041836e-03
11 200 2 9.785670e-03
12 200 2 1.348266e-02
1 201 2 1.109082e-02
2 201 2 1.144343e-02
3 201 2 1.047578e-02
4 201 2 8.063509e-03
5 201 2 6.076625e-03
6 201 2 5.027359e-03
7 201 2 4.751136e-03
8 201 2 4.914619e-03
9 201 2 4.864001e-03
10 201 2 5.787531e-03
11 201 2 7.377548e-03
12 201 2 9.188507e-03
1 206 2 5.821520e-03
2 206 2 6.288000e-03
3 206 2 5.688958e-03
4 206 2 4.854647e-03
5 206 2 4.014768e-03
6 206 2 3.500538e-03
7 206 2 3.002394e-03
8 206 2 2.947971e-03
9 206 2 3.191148e-03
10 206 2 3.612199e-03
11 206 2 4.234331e-03
12 206 2 4.988481e-03
1 207 2 2.210609e-04
2 207 2 2.413707e-04
3 207 2 2.289109e-04
4 207 2 2.075651e-04
5 207 2 1.840797e-04
6 207 2 1.578843e-04
7 207 2 1.391609e-04
8 207 2 1.370380e-04
9 207 2 1.382626e-04
10 207 2 1.522912e-04
11 207 2 1.641248e-04
12 207 2 1.877486e-04
1 212 2 3.926451e-03
2 212 2 4.191243e-03
3 212 2 3.720139e-03
4 212 2 3.127486e-03
5 212 2 2.437628e-03
6 212 2 1.967368e-03
7 212 2 1.633027e-03
8 212 2 1.578306e-03
9 212 2 1.792524e-03
10 212 2 2.115094e-03
11 212 2 2.508870e-03
12 212 2 3.317205e-03
1 213 2 8.548649e-04
2 213 2 9.343031e-04
3 213 2 7.917851e-04
4 213 2 6.700198e-04
5 213 2 5.170097e-04
6 213 2 3.985417e-04
7 213 2 3.382452e-04
8 213 2 3.302092e-04
9 213 2 3.977510e-04
10 213 2 4.901822e-04
11 213 2 6.019376e-04
12 213 2 7.366017e-04
1 214 2 3.034562e-02
2 214 2 3.217017e-02
3 214 2 2.584673e-02
4 214 2 1.919727e-02
5 214 2 1.419030e-02
6 214 2 1.045760e-02
7 214 2 9.056444e-03
8 214 2 9.336509e-03
9 214 2 1.178535e-02
10 214 2 1.580013e-02
11 214 2 2.162893e-02
12 214 2 2.623212e-02
1 215 2 1.127759e-02
2 215 2 1.160050e-02
3 215 2 1.081569e-02
4 215 2 8.619647e-03
5 215 2 7.001354e-03
6 215 2 5.625441e-03
7 215 2 4.861160e-03
8 215 2 4.873113e-03
9 215 2 5.480143e-03
10 215 2 6.519609e-03
11 215 2 8.209086e-03
12 215 2 9.917028e-03
1 216 2 7.953719e-03
2 216 2 8.304267e-03
3 216 2 7.787356e-03
4 216 2 6.330668e-03
5 216 2 5.069235e-03
6 216 2 4.360900e-03
7 216 2 3.832095e-03
8 216 2 3.664193e-03
9 216 2 3.802250e-03
10 216 2 4.321614e-03
11 216 2 5.198169e-03
12 216 2 6.680587e-03
1 224 2 4.788461e-04
2 224 2 5.234922e-04
3 224 2 4.568108e-04
4 224 2 3.933826e-04
5 224 2 3.176638e-04
6 224 2 2.699527e-04
7 224 2 2.452494e-04
8 224 2 2.561602e-04
9 224 2 2.634315e-04
10 224 2 3.107048e-04
11 224 2 3.710429e-04
12 224 2 4.426835e-04
1 240 2 4.916587e-04
2 240 2 5.014887e-04
3 240 2 4.585992e-04
4 240 2 4.050150e-04
5 240 2 3.520102e-04
6 240 2 3.036210e-04
7 240 2 2.974619e-04
8 240 2 3.066659e-04
9 240 2 2.985209e-04
10 240 2 3.214758e-04
11 240 2 3.532230e-04
12 240 2 4.377584e-04
