1 7 2 7.439834e-07
2 7 2 6.355767e-07
3 7 2 6.950954e-07
4 7 2 1.796536e-06
5 7 2 6.181372e-06
6 7 2 1.664876e-05
7 7 2 2.252626e-05
8 7 2 1.535862e-05
9 7 2 6.642085e-06
10 7 2 2.911872e-06
11 7 2 1.542749e-06
12 7 2 9.101217e-07
1 25 2 1.625540e-04
2 25 2 1.543444e-04
3 25 2 2.174457e-04
4 25 2 3.967902e-04
5 25 2 1.110028e-03
6 25 2 2.012894e-03
7 25 2 2.440217e-03
8 25 2 1.871215e-03
9 25 2 1.057336e-03
10 25 2 4.947948e-04
11 25 2 2.359239e-04
12 25 2 1.366228e-04
1 26 2 9.071519e-04
2 26 2 7.465946e-04
3 26 2 1.234555e-03
4 26 2 2.755629e-03
5 26 2 7.762181e-03
6 26 2 1.482555e-02
7 26 2 1.608568e-02
8 26 2 1.203535e-02
9 26 2 6.582706e-03
10 26 2 2.649796e-03
11 26 2 1.384410e-03
12 26 2 8.559107e-04
1 27 2 3.849229e-03
2 27 2 3.398524e-03
3 27 2 5.957594e-03
4 27 2 1.517326e-02
5 27 2 4.272903e-02
6 27 2 8.832611e-02
7 27 2 9.961690e-02
8 27 2 7.497902e-02
9 27 2 3.874650e-02
10 27 2 1.455025e-02
11 27 2 7.711112e-03
12 27 2 4.769853e-03
1 28 2 7.741746e-05
2 28 2 7.045196e-05
3 28 2 1.184880e-04
4 28 2 3.220786e-04
5 28 2 9.197313e-04
6 28 2 1.969130e-03
7 28 2 2.347661e-03
8 28 2 1.768988e-03
9 28 2 9.100052e-04
10 28 2 3.544029e-04
11 28 2 1.769231e-04
12 28 2 1.103017e-04
1 29 2 1.037635e-04
2 29 2 9.816062e-05
3 29 2 1.563747e-04
4 29 2 4.701929e-04
5 29 2 1.406083e-03
6 29 2 3.460499e-03
7 29 2 4.713996e-03
8 29 2 3.507246e-03
9 29 2 1.610702e-03
10 29 2 5.969862e-04
11 29 2 2.821978e-04
12 29 2 1.761602e-04
1 30 2 2.356315e-05
2 30 2 2.060744e-05
3 30 2 3.275243e-05
4 30 2 1.002459e-04
5 30 2 2.776968e-04
6 30 2 7.552273e-04
7 30 2 1.094666e-03
8 30 2 8.383025e-04
9 30 2 3.793029e-04
10 30 2 1.484660e-04
11 30 2 6.848330e-05
12 30 2 4.101453e-05
1 31 2 4.205021e-05
2 31 2 3.240323e-05
3 31 2 4.922444e-05
4 31 2 1.370079e-04
5 31 2 3.538210e-04
6 31 2 9.315927e-04
7 31 2 1.313753e-03
8 31 2 1.060429e-03
9 31 2 5.304969e-04
10 31 2 2.429414e-04
11 31 2 1.166416e-04
12 31 2 6.499808e-05
1 32 2 4.970999e-05
2 32 2 4.115031e-05
3 32 2 5.752104e-05
4 32 2 1.278140e-04
5 32 2 3.413741e-04
6 32 2 8.086480e-04
7 32 2 1.043252e-03
8 32 2 8.617731e-04
9 32 2 4.812240e-04
10 32 2 2.480758e-04
11 32 2 1.281954e-04
12 32 2 6.648345e-05
1 35 2 5.300561e-04
2 35 2 5.050637e-04
3 35 2 5.486486e-04
4 35 2 7.311238e-04
5 35 2 1.146134e-03
6 35 2 1.750397e-03
7 35 2 2.106265e-03
8 35 2 1.934109e-03
9 35 2 1.314495e-03
10 35 2 9.503783e-04
11 35 2 7.198608e-04
12 35 2 5.848217e-04
1 36 2 6.356440e-05
2 36 2 5.967461e-05
3 36 2 6.613711e-05
4 36 2 7.943646e-05
5 36 2 1.086425e-04
6 36 2 1.567259e-04
7 36 2 1.845788e-04
8 36 2 1.880354e-04
9 36 2 1.435330e-04
10 36 2 1.124524e-04
11 36 2 8.606944e-05
12 36 2 7.131583e-05
1 37 2 5.722438e-03
2 37 2 5.538525e-03
3 37 2 6.978799e-03
4 37 2 8.973798e-03
5 37 2 1.356667e-02
6 37 2 2.057680e-02
7 37 2 2.393187e-02
8 37 2 2.352559e-02
9 37 2 1.731265e-02
10 37 2 1.298146e-02
11 37 2 9.149478e-03
12 37 2 7.009280e-03
1 38 2 9.676602e-03
2 38 2 9.667926e-03
3 38 2 1.472781e-02
4 38 2 2.183640e-02
5 38 2 3.986762e-02
6 38 2 7.074204e-02
7 38 2 8.386193e-02
8 38 2 7.273267e-02
9 38 2 4.697975e-02
10 38 2 3.211062e-02
11 38 2 1.834864e-02
12 38 2 1.324109e-02
1 39 2 1.138343e-03
2 39 2 1.185924e-03
3 39 2 1.920952e-03
4 39 2 2.966109e-03
5 39 2 5.755234e-03
6 39 2 1.112632e-02
7 39 2 1.381578e-02
8 39 2 1.118550e-02
9 39 2 7.050355e-03
10 39 2 4.452215e-03
11 39 2 2.253615e-03
12 39 2 1.644976e-03
1 40 2 2.556760e-04
2 40 2 2.805209e-04
3 40 2 5.003049e-04
4 40 2 8.413025e-04
5 40 2 1.839129e-03
6 40 2 4.175634e-03
7 40 2 5.224363e-03
8 40 2 3.832461e-03
9 40 2 2.360757e-03
10 40 2 1.271998e-03
11 40 2 5.448872e-04
12 40 2 4.059240e-04
1 41 2 1.361536e-04
2 41 2 1.455550e-04
3 41 2 2.916873e-04
4 41 2 5.195158e-04
5 41 2 1.303022e-03
6 41 2 3.306552e-03
7 41 2 4.275174e-03
8 41 2 2.998588e-03
9 41 2 1.675750e-03
10 41 2 7.262855e-04
11 41 2 2.790194e-04
12 41 2 2.325591e-04
1 42 2 7.368364e-05
2 42 2 7.707455e-05
3 42 2 1.662102e-04
4 42 2 3.278816e-04
5 42 2 9.321122e-04
6 42 2 2.585400e-03
7 42 2 3.619257e-03
8 42 2 2.416997e-03
9 42 2 1.144574e-03
10 42 2 4.096310e-04
11 42 2 1.527182e-04
12 42 2 1.252831e-04
1 43 2 2.066762e-06
2 43 2 2.142966e-06
3 43 2 5.056288e-06
4 43 2 1.233749e-05
5 43 2 4.129585e-05
6 43 2 1.217879e-04
7 43 2 1.780370e-04
8 43 2 1.117593e-04
9 43 2 4.570047e-05
10 43 2 1.403120e-05
11 43 2 4.784942e-06
12 43 2 3.352845e-06
1 44 2 8.537057e-06
2 44 2 8.577819e-06
3 44 2 1.865808e-05
4 44 2 5.044165e-05
5 44 2 1.884484e-04
6 44 2 5.938635e-04
7 44 2 8.679642e-04
8 44 2 5.233770e-04
9 44 2 1.886695e-04
10 44 2 5.589896e-05
11 44 2 1.834620e-05
12 44 2 1.240409e-05
1 45 2 1.960746e-05
2 45 2 2.197423e-05
3 45 2 4.004085e-05
4 45 2 1.180837e-04
5 45 2 4.945114e-04
6 45 2 1.640840e-03
7 45 2 2.295514e-03
8 45 2 1.397736e-03
9 45 2 4.806499e-04
10 45 2 1.227199e-04
11 45 2 3.557123e-05
12 45 2 2.324760e-05
1 46 2 8.895164e-06
2 46 2 1.119033e-05
3 46 2 1.759036e-05
4 46 2 4.884664e-05
5 46 2 1.918187e-04
6 46 2 5.950003e-04
7 46 2 8.323634e-04
8 46 2 5.215685e-04
9 46 2 1.959160e-04
10 46 2 4.748771e-05
11 46 2 1.305625e-05
12 46 2 9.310929e-06
1 47 2 1.168664e-05
2 47 2 1.487286e-05
3 47 2 2.095818e-05
4 47 2 4.695739e-05
5 47 2 1.600542e-04
6 47 2 4.409491e-04
7 47 2 5.980211e-04
8 47 2 4.055012e-04
9 47 2 1.717827e-04
10 47 2 5.298436e-05
11 47 2 1.563177e-05
12 47 2 1.188222e-05
1 48 2 1.582492e-05
2 48 2 1.817869e-05
3 48 2 2.500377e-05
4 48 2 4.882708e-05
5 48 2 1.515198e-04
6 48 2 3.485215e-04
7 48 2 4.631527e-04
8 48 2 3.258545e-04
9 48 2 1.551199e-04
10 48 2 5.783418e-05
11 48 2 2.081958e-05
12 48 2 1.380628e-05
1 49 2 4.717183e-04
2 49 2 4.292220e-04
3 49 2 4.868637e-04
4 49 2 5.698308e-04
5 49 2 8.149795e-04
6 49 2 1.239944e-03
7 49 2 1.849172e-03
8 49 2 1.738887e-03
9 49 2 1.212854e-03
10 49 2 8.679135e-04
11 49 2 6.336471e-04
12 49 2 4.622444e-04
1 50 2 1.923741e-03
2 50 2 1.660571e-03
3 50 2 1.946446e-03
4 50 2 2.218747e-03
5 50 2 3.122732e-03
6 50 2 4.582566e-03
7 50 2 6.324615e-03
8 50 2 6.082148e-03
9 50 2 4.404028e-03
10 50 2 3.139376e-03
11 50 2 2.350391e-03
12 50 2 1.850676e-03
1 51 2 7.368379e-04
2 51 2 6.724800e-04
3 51 2 7.307238e-04
4 51 2 8.434970e-04
5 51 2 1.149708e-03
6 51 2 1.612374e-03
7 51 2 2.101158e-03
8 51 2 2.083711e-03
9 51 2 1.731259e-03
10 51 2 1.217723e-03
11 51 2 9.126387e-04
12 51 2 7.648191e-04
1 52 2 2.262756e-01
2 52 2 2.378350e-01
3 52 2 2.987749e-01
4 52 2 4.355730e-01
5 52 2 7.366113e-01
6 52 2 1.013742e+00
7 52 2 1.300312e+00
8 52 2 1.216238e+00
9 52 2 9.817921e-01
10 52 2 5.608635e-01
11 52 2 3.375849e-01
12 52 2 2.603294e-01
1 53 2 4.898507e-02
2 53 2 6.145836e-02
3 53 2 1.041234e-01
4 53 2 2.272703e-01
5 53 2 4.327922e-01
6 53 2 6.462689e-01
7 53 2 8.970979e-01
8 53 2 7.644319e-01
9 53 2 5.173734e-01
10 53 2 2.281834e-01
11 53 2 1.017760e-01
12 53 2 6.447921e-02
1 54 2 3.158141e-02
2 54 2 4.096917e-02
3 54 2 7.661401e-02
4 54 2 1.903783e-01
5 54 2 3.749859e-01
6 54 2 7.243016e-01
7 54 2 1.028905e+00
8 54 2 8.627631e-01
9 54 2 5.232523e-01
10 54 2 2.225378e-01
11 54 2 9.538987e-02
12 54 2 5.261891e-02
1 55 2 1.557414e-02
2 55 2 1.736932e-02
3 55 2 3.240199e-02
4 55 2 7.587090e-02
5 55 2 1.505586e-01
6 55 2 3.215327e-01
7 55 2 4.469549e-01
8 55 2 3.854598e-01
9 55 2 2.444336e-01
10 55 2 1.172020e-01
11 55 2 5.483434e-02
12 55 2 3.139830e-02
1 56 2 4.675612e-02
2 56 2 4.852265e-02
3 56 2 8.404252e-02
4 56 2 1.874028e-01
5 56 2 4.096375e-01
6 56 2 8.074857e-01
7 56 2 1.116420e+00
8 56 2 9.265719e-01
9 56 2 6.056293e-01
10 56 2 3.120422e-01
11 56 2 1.406802e-01
12 56 2 8.068145e-02
1 57 2 9.259297e-03
2 57 2 8.834288e-03
3 57 2 1.086567e-02
4 57 2 1.649239e-02
5 57 2 2.759435e-02
6 57 2 4.489945e-02
7 57 2 6.393733e-02
8 57 2 5.762315e-02
9 57 2 4.287167e-02
10 57 2 2.753852e-02
11 57 2 1.683995e-02
12 57 2 1.210211e-02
1 60 2 2.610705e-01
2 60 2 2.528232e-01
3 60 2 2.899380e-01
4 60 2 3.438622e-01
5 60 2 4.239548e-01
6 60 2 5.579217e-01
7 60 2 6.495324e-01
8 60 2 6.498056e-01
9 60 2 5.514535e-01
10 60 2 4.501692e-01
11 60 2 3.600301e-01
12 60 2 2.984281e-01
1 61 2 7.352899e-01
2 61 2 7.397127e-01
3 61 2 1.040393e+00
4 61 2 1.567052e+00
5 61 2 2.285851e+00
6 61 2 3.220394e+00
7 61 2 3.811024e+00
8 61 2 3.666520e+00
9 61 2 2.848983e+00
10 61 2 1.937895e+00
11 61 2 1.264207e+00
12 61 2 8.867039e-01
1 62 2 1.500707e-02
2 62 2 1.643627e-02
3 62 2 2.587370e-02
4 62 2 4.683928e-02
5 62 2 8.033946e-02
6 62 2 1.139679e-01
7 62 2 1.393598e-01
8 62 2 1.300873e-01
9 62 2 9.064772e-02
10 62 2 5.405676e-02
11 62 2 2.935521e-02
12 62 2 1.910353e-02
1 63 2 1.578078e-02
2 63 2 1.915719e-02
3 63 2 3.205501e-02
4 63 2 6.741979e-02
5 63 2 1.293897e-01
6 63 2 1.923584e-01
7 63 2 2.459799e-01
8 63 2 2.140507e-01
9 63 2 1.307354e-01
10 63 2 7.139604e-02
11 63 2 3.297836e-02
12 63 2 2.158903e-02
1 64 2 3.774621e-03
2 64 2 4.835683e-03
3 64 2 9.208307e-03
4 64 2 2.181141e-02
5 64 2 4.671316e-02
6 64 2 7.482379e-02
7 64 2 9.484078e-02
8 64 2 7.414431e-02
9 64 2 4.245393e-02
10 64 2 1.876795e-02
11 64 2 8.576029e-03
12 64 2 5.869072e-03
1 65 2 1.275631e-03
2 65 2 1.581790e-03
3 65 2 3.465406e-03
4 65 2 9.772565e-03
5 65 2 2.048996e-02
6 65 2 3.482345e-02
7 65 2 4.513613e-02
8 65 2 3.368716e-02
9 65 2 1.910630e-02
10 65 2 6.779989e-03
11 65 2 2.984684e-03
12 65 2 2.162996e-03
1 66 2 8.457309e-04
2 66 2 1.045587e-03
3 66 2 2.485660e-03
4 66 2 8.154626e-03
5 66 2 1.695580e-02
6 66 2 2.915626e-02
7 66 2 4.021134e-02
8 66 2 3.039981e-02
9 66 2 1.719668e-02
10 66 2 5.697458e-03
11 66 2 2.183351e-03
12 66 2 1.354290e-03
1 67 2 2.987090e-04
2 67 2 3.983146e-04
3 67 2 1.012917e-03
4 67 2 3.741802e-03
5 67 2 8.489932e-03
6 67 2 1.447964e-02
7 67 2 2.024413e-02
8 67 2 1.557952e-02
9 67 2 8.520913e-03
10 67 2 3.133537e-03
11 67 2 9.908481e-04
12 67 2 4.459755e-04
1 68 2 7.982786e-05
2 68 2 1.071873e-04
3 68 2 3.183404e-04
4 68 2 1.463260e-03
5 68 2 3.987572e-03
6 68 2 7.641423e-03
7 68 2 1.095636e-02
8 68 2 8.148612e-03
9 68 2 3.910599e-03
10 68 2 1.436707e-03
11 68 2 3.276201e-04
12 68 2 1.140004e-04
1 69 2 4.152727e-05
2 69 2 5.887795e-05
3 69 2 1.408026e-04
4 69 2 6.174279e-04
5 69 2 1.979812e-03
6 69 2 4.685446e-03
7 69 2 6.864141e-03
8 69 2 5.284000e-03
9 69 2 2.269972e-03
10 69 2 7.381071e-04
11 69 2 1.430185e-04
12 69 2 5.378424e-05
1 70 2 1.829231e-04
2 70 2 2.138021e-04
3 70 2 3.063722e-04
4 70 2 7.993094e-04
5 70 2 2.004414e-03
6 70 2 4.867288e-03
7 70 2 7.878594e-03
8 70 2 7.180583e-03
9 70 2 3.707572e-03
10 70 2 1.321560e-03
11 70 2 4.019399e-04
12 70 2 2.262630e-04
1 71 2 1.483351e-04
2 71 2 1.505255e-04
3 71 2 1.703310e-04
4 71 2 2.733297e-04
5 71 2 5.293382e-04
6 71 2 1.104249e-03
7 71 2 1.694676e-03
8 71 2 1.684933e-03
9 71 2 1.081037e-03
10 71 2 5.148835e-04
11 71 2 2.459729e-04
12 71 2 1.708365e-04
1 72 2 6.240301e-07
2 72 2 5.960030e-07
3 72 2 6.457075e-07
4 72 2 8.232832e-07
5 72 2 1.280968e-06
6 72 2 2.228927e-06
7 72 2 3.452353e-06
8 72 2 3.320354e-06
9 72 2 2.323031e-06
10 72 2 1.408554e-06
11 72 2 8.678636e-07
12 72 2 6.197686e-07
1 76 2 6.726404e-01
2 76 2 6.153969e-01
3 76 2 6.215906e-01
4 76 2 6.761424e-01
5 76 2 9.192271e-01
6 76 2 1.310759e+00
7 76 2 1.757655e+00
8 76 2 1.875741e+00
9 76 2 1.787216e+00
10 76 2 1.193503e+00
11 76 2 7.704565e-01
12 76 2 6.738311e-01
1 77 2 6.398400e-01
2 77 2 8.308271e-01
3 77 2 1.088334e+00
4 77 2 1.758987e+00
5 77 2 2.953410e+00
6 77 2 4.559757e+00
7 77 2 6.195479e+00
8 77 2 5.880514e+00
9 77 2 4.356035e+00
10 77 2 2.200720e+00
11 77 2 9.656827e-01
12 77 2 6.086650e-01
1 78 2 7.496157e-01
2 78 2 1.024244e+00
3 78 2 1.426321e+00
4 78 2 2.558257e+00
5 78 2 4.000376e+00
6 78 2 6.351209e+00
7 78 2 7.839865e+00
8 78 2 7.341081e+00
9 78 2 4.759877e+00
10 78 2 2.524256e+00
11 78 2 1.363153e+00
12 78 2 7.869942e-01
1 79 2 2.321197e+00
2 79 2 2.848147e+00
3 79 2 4.181901e+00
4 79 2 6.936376e+00
5 79 2 1.053828e+01
6 79 2 1.721608e+01
7 79 2 2.109615e+01
8 79 2 1.998486e+01
9 79 2 1.379967e+01
10 79 2 8.330106e+00
11 79 2 4.746064e+00
12 79 2 2.907352e+00
1 80 2 1.164525e+00
2 80 2 1.166799e+00
3 80 2 1.466156e+00
4 80 2 1.982411e+00
5 80 2 2.956590e+00
6 80 2 4.498345e+00
7 80 2 5.792303e+00
8 80 2 5.734283e+00
9 80 2 4.759350e+00
10 80 2 3.336801e+00
11 80 2 1.946557e+00
12 80 2 1.438830e+00
1 81 2 1.399772e-07
2 81 2 1.268531e-07
3 81 2 1.336108e-07
4 81 2 1.584296e-07
5 81 2 2.281372e-07
6 81 2 3.074083e-07
7 81 2 4.101835e-07
8 81 2 4.401178e-07
9 81 2 4.002044e-07
10 81 2 3.070741e-07
11 81 2 2.029877e-07
12 81 2 1.661853e-07
1 84 2 5.708482e-02
2 84 2 6.035302e-02
3 84 2 7.464461e-02
4 84 2 9.432745e-02
5 84 2 1.264646e-01
6 84 2 2.072215e-01
7 84 2 2.775366e-01
8 84 2 2.659490e-01
9 84 2 1.995539e-01
10 84 2 1.259386e-01
11 84 2 8.460263e-02
12 84 2 6.462727e-02
1 85 2 1.333617e-01
2 85 2 1.501758e-01
3 85 2 1.952527e-01
4 85 2 2.836840e-01
5 85 2 4.541163e-01
6 85 2 6.937338e-01
7 85 2 9.598452e-01
8 85 2 9.131090e-01
9 85 2 6.575005e-01
10 85 2 3.626812e-01
11 85 2 2.045369e-01
12 85 2 1.484121e-01
1 86 2 2.176353e-02
2 86 2 2.464087e-02
3 86 2 3.148921e-02
4 86 2 4.573887e-02
5 86 2 7.351140e-02
6 86 2 1.066634e-01
7 86 2 1.465272e-01
8 86 2 1.470065e-01
9 86 2 1.088128e-01
10 86 2 6.309937e-02
11 86 2 3.475824e-02
12 86 2 2.484147e-02
1 87 2 1.302970e-02
2 87 2 1.762768e-02
3 87 2 2.516910e-02
4 87 2 3.978660e-02
5 87 2 6.980031e-02
6 87 2 1.049187e-01
7 87 2 1.422373e-01
8 87 2 1.449351e-01
9 87 2 1.050786e-01
10 87 2 5.916204e-02
11 87 2 2.599424e-02
12 87 2 1.580054e-02
1 88 2 6.615460e-03
2 88 2 9.394487e-03
3 88 2 1.473194e-02
4 88 2 2.795228e-02
5 88 2 5.736632e-02
6 88 2 9.016411e-02
7 88 2 1.154677e-01
8 88 2 1.012742e-01
9 88 2 6.544340e-02
10 88 2 3.092733e-02
11 88 2 1.585548e-02
12 88 2 8.807140e-03
1 89 2 3.273023e-03
2 89 2 4.553988e-03
3 89 2 8.643327e-03
4 89 2 1.625662e-02
5 89 2 3.244196e-02
6 89 2 4.846452e-02
7 89 2 5.653699e-02
8 89 2 4.951292e-02
9 89 2 3.231240e-02
10 89 2 1.537652e-02
11 89 2 8.460929e-03
12 89 2 4.683159e-03
1 90 2 9.923909e-04
2 90 2 1.307938e-03
3 90 2 2.595463e-03
4 90 2 4.658304e-03
5 90 2 7.152555e-03
6 90 2 9.467606e-03
7 90 2 1.063271e-02
8 90 2 9.838197e-03
9 90 2 7.169656e-03
10 90 2 4.276395e-03
11 90 2 2.357805e-03
12 90 2 1.342246e-03
1 91 2 4.479762e-06
2 91 2 6.338666e-06
3 91 2 1.324288e-05
4 91 2 2.502488e-05
5 91 2 3.693281e-05
6 91 2 4.694504e-05
7 91 2 5.271245e-05
8 91 2 4.834238e-05
9 91 2 3.475917e-05
10 91 2 2.151601e-05
11 91 2 1.115130e-05
12 91 2 5.724594e-06
1 92 2 2.294102e-06
2 92 2 3.276985e-06
3 92 2 8.214575e-06
4 92 2 1.959807e-05
5 92 2 3.695912e-05
6 92 2 5.663438e-05
7 92 2 6.798194e-05
8 92 2 6.187446e-05
9 92 2 3.870926e-05
10 92 2 2.057273e-05
11 92 2 8.068639e-06
12 92 2 3.463668e-06
1 93 2 6.440713e-03
2 93 2 7.771296e-03
3 93 2 1.597820e-02
4 93 2 3.723897e-02
5 93 2 6.643222e-02
6 93 2 1.054233e-01
7 93 2 1.414198e-01
8 93 2 1.390277e-01
9 93 2 9.351073e-02
10 93 2 5.385082e-02
11 93 2 2.306185e-02
12 93 2 9.605724e-03
1 94 2 7.060999e-03
2 94 2 7.025402e-03
3 94 2 9.380610e-03
4 94 2 1.662417e-02
5 94 2 2.837644e-02
6 94 2 4.468219e-02
7 94 2 6.172827e-02
8 94 2 6.727014e-02
9 94 2 5.541143e-02
10 94 2 3.344624e-02
11 94 2 1.795142e-02
12 94 2 9.808228e-03
1 98 2 8.500162e-02
2 98 2 7.912523e-02
3 98 2 7.450867e-02
4 98 2 7.933026e-02
5 98 2 9.003441e-02
6 98 2 1.030260e-01
7 98 2 1.158831e-01
8 98 2 1.221351e-01
9 98 2 1.205200e-01
10 98 2 1.139236e-01
11 98 2 1.024735e-01
12 98 2 9.325195e-02
1 101 2 3.957262e-03
2 101 2 4.066221e-03
3 101 2 4.166824e-03
4 101 2 5.138326e-03
5 101 2 6.607988e-03
6 101 2 7.715515e-03
7 101 2 8.235871e-03
8 101 2 8.252631e-03
9 101 2 7.933804e-03
10 101 2 6.802424e-03
11 101 2 5.230878e-03
12 101 2 4.195538e-03
1 102 2 4.239447e-01
2 102 2 4.792110e-01
3 102 2 5.889593e-01
4 102 2 7.366697e-01
5 102 2 8.525012e-01
6 102 2 9.306578e-01
7 102 2 9.568647e-01
8 102 2 9.689555e-01
9 102 2 8.732994e-01
10 102 2 6.727908e-01
11 102 2 5.399988e-01
12 102 2 4.425962e-01
1 103 2 6.914094e-01
2 103 2 7.055890e-01
3 103 2 7.690035e-01
4 103 2 8.689449e-01
5 103 2 1.011955e+00
6 103 2 1.158054e+00
7 103 2 1.252867e+00
8 103 2 1.314856e+00
9 103 2 1.289602e+00
10 103 2 1.127000e+00
11 103 2 9.271343e-01
12 103 2 7.708815e-01
1 104 2 6.649936e-03
2 104 2 6.381110e-03
3 104 2 6.450445e-03
4 104 2 7.071983e-03
5 104 2 8.269350e-03
6 104 2 9.489479e-03
7 104 2 1.065028e-02
8 104 2 1.150490e-02
9 104 2 1.159751e-02
10 104 2 1.083437e-02
11 104 2 8.912245e-03
12 104 2 7.379328e-03
1 107 2 1.972756e-03
2 107 2 2.081222e-03
3 107 2 2.429900e-03
4 107 2 2.784398e-03
5 107 2 3.122528e-03
6 107 2 3.997586e-03
7 107 2 4.369531e-03
8 107 2 4.351850e-03
9 107 2 4.073983e-03
10 107 2 3.484690e-03
11 107 2 2.770201e-03
12 107 2 2.166402e-03
1 108 2 3.228359e-04
2 108 2 4.125847e-04
3 108 2 5.993234e-04
4 108 2 9.282211e-04
5 108 2 1.440847e-03
6 108 2 1.977608e-03
7 108 2 2.116969e-03
8 108 2 1.870955e-03
9 108 2 1.513898e-03
10 108 2 1.044485e-03
11 108 2 5.440705e-04
12 108 2 3.463540e-04
1 109 2 6.113576e-04
2 109 2 8.075143e-04
3 109 2 1.263005e-03
4 109 2 2.191837e-03
5 109 2 3.734415e-03
6 109 2 4.707419e-03
7 109 2 4.783163e-03
8 109 2 4.397070e-03
9 109 2 3.530973e-03
10 109 2 2.477557e-03
11 109 2 1.101956e-03
12 109 2 6.437218e-04
1 110 2 2.691606e-04
2 110 2 3.428590e-04
3 110 2 5.506491e-04
4 110 2 8.523833e-04
5 110 2 1.322012e-03
6 110 2 1.530954e-03
7 110 2 1.645923e-03
8 110 2 1.627805e-03
9 110 2 1.370574e-03
10 110 2 9.992352e-04
11 110 2 4.833348e-04
12 110 2 2.844961e-04
1 111 2 9.240467e-03
2 111 2 1.155713e-02
3 111 2 1.871074e-02
4 111 2 2.835769e-02
5 111 2 4.285850e-02
6 111 2 5.496511e-02
7 111 2 5.810224e-02
8 111 2 5.754803e-02
9 111 2 4.900718e-02
10 111 2 3.190130e-02
11 111 2 1.718500e-02
12 111 2 1.049691e-02
1 112 2 1.064836e-02
2 112 2 1.372976e-02
3 112 2 2.408590e-02
4 112 2 4.005345e-02
5 112 2 6.090802e-02
6 112 2 7.422362e-02
7 112 2 7.559476e-02
8 112 2 7.046213e-02
9 112 2 5.379008e-02
10 112 2 3.570981e-02
11 112 2 2.049370e-02
12 112 2 1.259727e-02
1 113 2 6.103165e-03
2 113 2 7.732142e-03
3 113 2 1.299005e-02
4 113 2 1.942543e-02
5 113 2 2.390485e-02
6 113 2 2.087247e-02
7 113 2 1.790981e-02
8 113 2 1.710533e-02
9 113 2 1.691798e-02
10 113 2 1.544773e-02
11 113 2 1.080472e-02
12 113 2 7.297614e-03
1 114 2 1.664120e-02
2 114 2 2.256631e-02
3 114 2 4.020573e-02
4 114 2 5.860726e-02
5 114 2 6.761554e-02
6 114 2 4.949838e-02
7 114 2 4.088231e-02
8 114 2 3.747360e-02
9 114 2 3.616335e-02
10 114 2 3.236687e-02
11 114 2 2.467396e-02
12 114 2 1.827691e-02
1 115 2 5.540450e-03
2 115 2 8.060858e-03
3 115 2 1.277777e-02
4 115 2 1.583917e-02
5 115 2 1.414513e-02
6 115 2 1.313328e-02
7 115 2 1.266681e-02
8 115 2 1.215291e-02
9 115 2 1.117705e-02
10 115 2 9.988404e-03
11 115 2 7.587617e-03
12 115 2 5.443545e-03
1 116 2 3.513732e-03
2 116 2 4.498006e-03
3 116 2 6.878525e-03
4 116 2 9.736300e-03
5 116 2 1.132393e-02
6 116 2 1.289508e-02
7 116 2 1.351899e-02
8 116 2 1.294067e-02
9 116 2 1.048339e-02
10 116 2 8.381232e-03
11 116 2 6.088801e-03
12 116 2 4.011041e-03
1 117 2 8.180511e-04
2 117 2 8.542499e-04
3 117 2 1.078839e-03
4 117 2 1.476792e-03
5 117 2 1.880574e-03
6 117 2 2.228065e-03
7 117 2 2.372007e-03
8 117 2 2.368897e-03
9 117 2 2.161475e-03
10 117 2 1.850353e-03
11 117 2 1.493720e-03
12 117 2 1.079044e-03
1 126 2 7.284080e-05
2 126 2 7.571055e-05
3 126 2 8.205989e-05
4 126 2 8.665025e-05
5 126 2 8.561124e-05
6 126 2 7.956605e-05
7 126 2 7.669706e-05
8 126 2 7.744638e-05
9 126 2 7.703638e-05
10 126 2 7.570057e-05
11 126 2 7.396885e-05
12 126 2 7.284891e-05
1 127 2 7.353255e-03
2 127 2 7.478411e-03
3 127 2 7.893303e-03
4 127 2 8.194925e-03
5 127 2 8.306570e-03
6 127 2 8.045964e-03
7 127 2 8.048185e-03
8 127 2 8.232878e-03
9 127 2 8.145115e-03
10 127 2 7.818676e-03
11 127 2 7.577266e-03
12 127 2 7.483473e-03
1 128 2 3.333915e-02
2 128 2 3.423900e-02
3 128 2 3.514852e-02
4 128 2 3.431093e-02
5 128 2 3.337607e-02
6 128 2 3.237349e-02
7 128 2 3.450416e-02
8 128 2 3.923138e-02
9 128 2 4.125143e-02
10 128 2 3.896392e-02
11 128 2 3.543200e-02
12 128 2 3.338399e-02
1 129 2 9.497312e-04
2 129 2 9.366913e-04
3 129 2 9.603156e-04
4 129 2 9.881649e-04
5 129 2 1.003412e-03
6 129 2 1.030557e-03
7 129 2 1.076830e-03
8 129 2 1.173743e-03
9 129 2 1.226314e-03
10 129 2 1.231717e-03
11 129 2 1.124599e-03
12 129 2 9.990696e-04
1 133 2 2.040796e-02
2 133 2 2.372727e-02
3 133 2 2.848331e-02
4 133 2 2.924483e-02
5 133 2 2.789657e-02
6 133 2 2.564071e-02
7 133 2 2.288458e-02
8 133 2 2.142881e-02
9 133 2 2.234547e-02
10 133 2 2.379879e-02
11 133 2 2.270443e-02
12 133 2 1.986639e-02
1 135 2 8.824733e-04
2 135 2 9.942386e-04
3 135 2 1.182377e-03
4 135 2 1.273365e-03
5 135 2 1.223582e-03
6 135 2 1.091560e-03
7 135 2 9.429997e-04
8 135 2 9.524370e-04
9 135 2 1.012073e-03
10 135 2 9.517960e-04
11 135 2 9.122881e-04
12 135 2 8.569700e-04
1 136 2 9.872722e-04
2 136 2 1.016103e-03
3 136 2 1.256601e-03
4 136 2 1.527644e-03
5 136 2 1.672839e-03
6 136 2 1.526267e-03
7 136 2 1.350568e-03
8 136 2 1.347471e-03
9 136 2 1.354435e-03
10 136 2 1.274114e-03
11 136 2 1.204669e-03
12 136 2 1.069761e-03
1 137 2 2.401392e-04
2 137 2 2.519307e-04
3 137 2 2.888438e-04
4 137 2 3.173969e-04
5 137 2 3.132900e-04
6 137 2 2.882582e-04
7 137 2 2.666696e-04
8 137 2 2.573095e-04
9 137 2 2.574711e-04
10 137 2 2.682255e-04
11 137 2 2.651913e-04
12 137 2 2.500517e-04
1 138 2 9.596220e-03
2 138 2 1.055257e-02
3 138 2 1.224254e-02
4 138 2 1.362519e-02
5 138 2 1.374698e-02
6 138 2 1.208222e-02
7 138 2 1.119302e-02
8 138 2 1.079428e-02
9 138 2 1.082373e-02
10 138 2 1.088680e-02
11 138 2 1.056040e-02
12 138 2 9.793888e-03
1 139 2 1.618703e-02
2 139 2 1.843404e-02
3 139 2 2.059822e-02
4 139 2 2.161930e-02
5 139 2 2.131463e-02
6 139 2 1.984971e-02
7 139 2 1.878083e-02
8 139 2 1.807965e-02
9 139 2 1.784531e-02
10 139 2 1.798385e-02
11 139 2 1.711301e-02
12 139 2 1.566467e-02
1 140 2 5.370453e-03
2 140 2 5.553248e-03
3 140 2 6.031258e-03
4 140 2 6.833316e-03
5 140 2 7.256004e-03
6 140 2 6.969405e-03
7 140 2 6.598893e-03
8 140 2 6.364577e-03
9 140 2 6.271792e-03
10 140 2 6.306454e-03
11 140 2 6.173258e-03
12 140 2 5.755362e-03
1 141 2 8.423352e-03
2 141 2 8.336195e-03
3 141 2 8.574966e-03
4 141 2 9.410953e-03
5 141 2 1.015567e-02
6 141 2 1.004230e-02
7 141 2 9.770740e-03
8 141 2 9.474647e-03
9 141 2 9.394349e-03
10 141 2 9.416435e-03
11 141 2 9.510423e-03
12 141 2 9.233878e-03
1 150 2 9.742656e-06
2 150 2 1.066487e-05
3 150 2 1.141553e-05
4 150 2 1.167331e-05
5 150 2 1.092266e-05
6 150 2 9.633297e-06
7 150 2 8.788254e-06
8 150 2 8.576036e-06
9 150 2 8.298776e-06
10 150 2 8.109965e-06
11 150 2 8.267642e-06
12 150 2 8.796534e-06
1 151 2 6.319938e-03
2 151 2 6.721991e-03
3 151 2 7.127304e-03
4 151 2 7.295363e-03
5 151 2 7.058771e-03
6 151 2 6.644489e-03
7 151 2 6.497675e-03
8 151 2 6.748537e-03
9 151 2 6.425207e-03
10 151 2 6.029392e-03
11 151 2 5.852594e-03
12 151 2 5.998602e-03
1 152 2 5.006883e-03
2 152 2 5.071605e-03
3 152 2 5.118554e-03
4 152 2 4.863949e-03
5 152 2 4.675558e-03
6 152 2 4.592055e-03
7 152 2 5.249946e-03
8 152 2 7.000171e-03
9 152 2 7.431447e-03
10 152 2 6.333892e-03
11 152 2 5.431574e-03
12 152 2 5.023091e-03
1 153 2 5.805359e-03
2 153 2 5.946177e-03
3 153 2 6.273627e-03
4 153 2 6.153600e-03
5 153 2 5.942542e-03
6 153 2 5.834384e-03
7 153 2 6.810580e-03
8 153 2 8.900201e-03
9 153 2 1.082513e-02
10 153 2 9.675439e-03
11 153 2 7.318974e-03
12 153 2 6.106693e-03
1 154 2 1.579481e-02
2 154 2 1.570911e-02
3 154 2 1.634735e-02
4 154 2 1.566379e-02
5 154 2 1.464707e-02
6 154 2 1.317521e-02
7 154 2 1.244086e-02
8 154 2 1.296004e-02
9 154 2 1.461228e-02
10 154 2 1.642159e-02
11 154 2 1.730652e-02
12 154 2 1.673458e-02
1 157 2 6.297607e-04
2 157 2 6.539436e-04
3 157 2 7.001402e-04
4 157 2 6.902772e-04
5 157 2 6.728219e-04
6 157 2 6.325682e-04
7 157 2 6.035603e-04
8 157 2 5.974764e-04
9 157 2 5.931581e-04
10 157 2 6.035005e-04
11 157 2 6.078271e-04
12 157 2 6.157594e-04
1 163 2 2.928082e-03
2 163 2 2.967314e-03
3 163 2 3.055368e-03
4 163 2 3.238711e-03
5 163 2 3.241871e-03
6 163 2 2.997237e-03
7 163 2 2.770936e-03
8 163 2 2.601963e-03
9 163 2 2.639223e-03
10 163 2 2.792196e-03
11 163 2 2.901347e-03
12 163 2 2.924080e-03
1 164 2 1.107637e-02
2 164 2 1.098167e-02
3 164 2 1.128736e-02
4 164 2 1.181393e-02
5 164 2 1.167496e-02
6 164 2 1.079844e-02
7 164 2 9.994909e-03
8 164 2 9.763185e-03
9 164 2 1.045438e-02
10 164 2 1.145324e-02
11 164 2 1.168454e-02
12 164 2 1.148997e-02
1 165 2 5.583944e-03
2 165 2 5.472659e-03
3 165 2 5.541459e-03
4 165 2 5.664029e-03
5 165 2 5.601860e-03
6 165 2 5.154505e-03
7 165 2 4.859993e-03
8 165 2 4.919194e-03
9 165 2 5.243330e-03
10 165 2 5.606255e-03
11 165 2 5.897547e-03
12 165 2 5.904495e-03
1 166 2 2.470353e-03
2 166 2 2.445691e-03
3 166 2 2.405285e-03
4 166 2 2.394000e-03
5 166 2 2.315612e-03
6 166 2 2.141556e-03
7 166 2 2.022276e-03
8 166 2 2.037364e-03
9 166 2 2.113614e-03
10 166 2 2.223367e-03
11 166 2 2.397116e-03
12 166 2 2.517895e-03
1 170 2 9.678697e-05
2 170 2 1.064465e-04
3 170 2 1.045831e-04
4 170 2 9.506045e-05
5 170 2 7.921375e-05
6 170 2 6.660493e-05
7 170 2 6.299784e-05
8 170 2 6.014265e-05
9 170 2 6.115419e-05
10 170 2 6.809476e-05
11 170 2 7.512989e-05
12 170 2 8.651672e-05
1 171 2 3.480023e-04
2 171 2 3.820065e-04
3 171 2 3.866312e-04
4 171 2 3.439795e-04
5 171 2 2.861523e-04
6 171 2 2.452190e-04
7 171 2 2.226325e-04
8 171 2 2.109513e-04
9 171 2 2.140249e-04
10 171 2 2.327993e-04
11 171 2 2.657033e-04
12 171 2 3.139029e-04
1 175 2 1.002445e-05
2 175 2 1.059818e-05
3 175 2 1.062858e-05
4 175 2 9.954934e-06
5 175 2 8.649270e-06
6 175 2 7.881677e-06
7 175 2 7.718139e-06
8 175 2 7.652975e-06
9 175 2 7.118101e-06
10 175 2 7.195393e-06
11 175 2 7.522716e-06
12 175 2 8.775291e-06
1 176 2 7.240830e-03
2 176 2 7.295118e-03
3 176 2 7.141897e-03
4 176 2 6.307846e-03
5 176 2 5.102766e-03
6 176 2 4.624063e-03
7 176 2 4.615630e-03
8 176 2 5.265821e-03
9 176 2 5.735024e-03
10 176 2 6.120667e-03
11 176 2 6.533356e-03
12 176 2 6.940028e-03
1 177 2 3.176697e-02
2 177 2 3.086882e-02
3 177 2 2.914592e-02
4 177 2 2.548616e-02
5 177 2 2.084074e-02
6 177 2 1.779623e-02
7 177 2 1.851670e-02
8 177 2 2.218641e-02
9 177 2 2.788485e-02
10 177 2 2.899918e-02
11 177 2 2.958738e-02
12 177 2 2.964783e-02
1 178 2 1.157479e-02
2 178 2 1.143951e-02
3 178 2 1.096560e-02
4 178 2 9.190939e-03
5 178 2 8.002593e-03
6 178 2 6.763972e-03
7 178 2 6.442255e-03
8 178 2 6.489668e-03
9 178 2 7.401303e-03
10 178 2 7.963592e-03
11 178 2 8.994425e-03
12 178 2 9.985701e-03
1 181 2 1.416158e-04
2 181 2 1.495776e-04
3 181 2 1.516374e-04
4 181 2 1.449856e-04
5 181 2 1.195680e-04
6 181 2 1.033900e-04
7 181 2 9.141807e-05
8 181 2 9.355894e-05
9 181 2 1.013616e-04
10 181 2 1.097557e-04
11 181 2 1.242998e-04
12 181 2 1.323433e-04
1 182 2 1.688442e-02
2 182 2 1.560641e-02
3 182 2 1.471615e-02
4 182 2 1.229295e-02
5 182 2 9.626474e-03
6 182 2 7.200026e-03
7 182 2 7.138811e-03
8 182 2 9.920262e-03
9 182 2 1.376543e-02
10 182 2 1.688281e-02
11 182 2 1.865898e-02
12 182 2 1.790986e-02
1 183 2 3.589969e-03
2 183 2 3.448766e-03
3 183 2 3.292495e-03
4 183 2 2.985393e-03
5 183 2 2.511858e-03
6 183 2 2.038671e-03
7 183 2 1.896769e-03
8 183 2 2.252341e-03
9 183 2 2.618858e-03
10 183 2 3.098107e-03
11 183 2 3.372897e-03
12 183 2 3.469243e-03
1 184 2 1.120239e-03
2 184 2 1.135091e-03
3 184 2 1.099318e-03
4 184 2 9.893147e-04
5 184 2 8.224638e-04
6 184 2 6.647059e-04
7 184 2 5.993975e-04
8 184 2 6.260121e-04
9 184 2 6.631552e-04
10 184 2 7.615503e-04
11 184 2 8.910650e-04
12 184 2 1.015617e-03
1 188 2 4.822088e-03
2 188 2 4.780045e-03
3 188 2 4.430673e-03
4 188 2 3.617947e-03
5 188 2 2.557020e-03
6 188 2 1.944960e-03
7 188 2 1.673622e-03
8 188 2 1.702453e-03
9 188 2 2.305964e-03
10 188 2 3.030361e-03
11 188 2 3.608860e-03
12 188 2 4.501218e-03
1 189 2 4.207320e-03
2 189 2 3.888412e-03
3 189 2 3.527136e-03
4 189 2 2.607078e-03
5 189 2 1.726119e-03
6 189 2 1.220646e-03
7 189 2 1.160574e-03
8 189 2 1.425569e-03
9 189 2 2.293277e-03
10 189 2 3.265290e-03
11 189 2 3.971682e-03
12 189 2 4.150389e-03
1 190 2 1.722301e-02
2 190 2 1.631911e-02
3 190 2 1.416503e-02
4 190 2 1.003279e-02
5 190 2 6.999878e-03
6 190 2 5.078012e-03
7 190 2 4.771362e-03
8 190 2 5.751863e-03
9 190 2 8.079134e-03
10 190 2 1.101381e-02
11 190 2 1.443161e-02
12 190 2 1.619200e-02
1 191 2 1.115480e-02
2 191 2 1.155932e-02
3 191 2 1.123572e-02
4 191 2 9.281964e-03
5 191 2 7.632733e-03
6 191 2 6.270157e-03
7 191 2 5.512523e-03
8 191 2 5.598447e-03
9 191 2 6.108019e-03
10 191 2 6.855624e-03
11 191 2 8.431698e-03
12 191 2 9.919816e-03
1 192 2 6.699634e-04
2 192 2 7.240442e-04
3 192 2 7.054426e-04
4 192 2 6.108077e-04
5 192 2 5.162246e-04
6 192 2 4.395445e-04
7 192 2 3.862722e-04
8 192 2 3.589375e-04
9 192 2 3.695788e-04
10 192 2 4.058398e-04
11 192 2 4.844678e-04
12 192 2 5.817399e-04
1 200 2 3.152035e-02
2 200 2 3.242660e-02
3 200 2 2.651784e-02
4 200 2 1.753019e-02
5 200 2 1.147439e-02
6 200 2 9.344827e-03
7 200 2 8.878070e-03
8 200 2 9.574244e-03
9 200 2 1.060517e-02
10 200 2 1.355923e-02
11 200 2 1.884255e-02
12 200 2 2.596120e-02
1 201 2 2.134442e-02
2 201 2 2.202302e-02
3 201 2 2.016077e-02
4 201 2 1.551832e-02
5 201 2 1.169454e-02
6 201 2 9.675212e-03
7 201 2 9.143617e-03
8 201 2 9.458241e-03
9 201 2 9.360827e-03
10 201 2 1.113817e-02
11 201 2 1.419818e-02
12 201 2 1.768339e-02
1 206 2 1.121734e-02
2 206 2 1.211618e-02
3 206 2 1.096190e-02
4 206 2 9.354292e-03
5 206 2 7.735951e-03
6 206 2 6.745096e-03
7 206 2 5.785235e-03
8 206 2 5.680368e-03
9 206 2 6.148939e-03
10 206 2 6.960252e-03
11 206 2 8.159021e-03
12 206 2 9.612173e-03
1 207 2 4.252972e-04
2 207 2 4.643712e-04
3 207 2 4.403997e-04
4 207 2 3.993328e-04
5 207 2 3.541493e-04
6 207 2 3.037523e-04
7 207 2 2.677304e-04
8 207 2 2.636462e-04
9 207 2 2.660022e-04
10 207 2 2.929918e-04
11 207 2 3.157584e-04
12 207 2 3.612080e-04
1 212 2 6.788485e-03
2 212 2 7.246288e-03
3 212 2 6.431789e-03
4 212 2 5.407146e-03
5 212 2 4.214442e-03
6 212 2 3.401405e-03
7 212 2 2.823359e-03
8 212 2 2.728750e-03
9 212 2 3.099114e-03
10 212 2 3.656810e-03
11 212 2 4.337613e-03
12 212 2 5.735153e-03
1 213 2 1.477791e-03
2 213 2 1.615114e-03
3 213 2 1.368746e-03
4 213 2 1.158252e-03
5 213 2 8.937460e-04
6 213 2 6.889525e-04
7 213 2 5.847188e-04
8 213 2 5.708272e-04
9 213 2 6.875856e-04
10 213 2 8.473698e-04
11 213 2 1.040559e-03
12 213 2 1.273351e-03
1 214 2 5.257719e-02
2 214 2 5.573841e-02
3 214 2 4.478235e-02
4 214 2 3.326142e-02
5 214 2 2.458629e-02
6 214 2 1.811897e-02
7 214 2 1.569130e-02
8 214 2 1.617655e-02
9 214 2 2.041944e-02
10 214 2 2.737549e-02
11 214 2 3.747454e-02
12 214 2 4.545009e-02
1 215 2 1.947867e-02
2 215 2 2.003641e-02
3 215 2 1.868088e-02
4 215 2 1.488788e-02
5 215 2 1.209275e-02
6 215 2 9.716274e-03
7 215 2 8.396206e-03
8 215 2 8.416852e-03
9 215 2 9.465316e-03
10 215 2 1.126068e-02
11 215 2 1.417875e-02
12 215 2 1.712871e-02
1 216 2 1.378710e-02
2 216 2 1.439475e-02
3 216 2 1.349873e-02
4 216 2 1.097368e-02
5 216 2 8.787093e-03
6 216 2 7.559255e-03
7 216 2 6.642615e-03
8 216 2 6.351571e-03
9 216 2 6.590882e-03
10 216 2 7.491155e-03
11 216 2 9.010590e-03
12 216 2 1.158024e-02
1 224 2 9.218653e-04
2 224 2 1.007817e-03
3 224 2 8.794433e-04
4 224 2 7.573326e-04
5 224 2 6.115602e-04
6 224 2 5.197076e-04
7 224 2 4.721494e-04
8 224 2 4.931546e-04
9 224 2 5.071533e-04
10 224 2 5.981629e-04
11 224 2 7.143246e-04
12 224 2 8.522456e-04
1 240 2 8.517963e-04
2 240 2 8.688269e-04
3 240 2 7.945210e-04
4 240 2 7.016866e-04
5 240 2 6.098560e-04
6 240 2 5.260220e-04
7 240 2 5.153513e-04
8 240 2 5.312973e-04
9 240 2 5.171860e-04
10 240 2 5.569553e-04
11 240 2 6.119571e-04
12 240 2 7.584144e-04
