1 7 2 9.248126e-07
2 7 2 7.900571e-07
3 7 2 8.640422e-07
4 7 2 2.233194e-06
5 7 2 7.683789e-06
6 7 2 2.069533e-05
7 7 2 2.800139e-05
8 7 2 1.909161e-05
9 7 2 8.256481e-06
10 7 2 3.619618e-06
11 7 2 1.917723e-06
12 7 2 1.131332e-06
1 25 2 1.781992e-04
2 25 2 1.691995e-04
3 25 2 2.383741e-04
4 25 2 4.349798e-04
5 25 2 1.216864e-03
6 25 2 2.206628e-03
7 25 2 2.675079e-03
8 25 2 2.051313e-03
9 25 2 1.159100e-03
10 25 2 5.424169e-04
11 25 2 2.586307e-04
12 25 2 1.497722e-04
1 26 2 9.975054e-04
2 26 2 8.209564e-04
3 26 2 1.357518e-03
4 26 2 3.030093e-03
5 26 2 8.535304e-03
6 26 2 1.630219e-02
7 26 2 1.768783e-02
8 26 2 1.323409e-02
9 26 2 7.238351e-03
10 26 2 2.913719e-03
11 26 2 1.522299e-03
12 26 2 9.411604e-04
1 27 2 4.254027e-03
2 27 2 3.755924e-03
3 27 2 6.584115e-03
4 27 2 1.676893e-02
5 27 2 4.722256e-02
6 27 2 9.761478e-02
7 27 2 1.100929e-01
8 27 2 8.286407e-02
9 27 2 4.282122e-02
10 27 2 1.608040e-02
11 27 2 8.522039e-03
12 27 2 5.271467e-03
1 28 2 9.616319e-05
2 28 2 8.751109e-05
3 28 2 1.471785e-04
4 28 2 4.000662e-04
5 28 2 1.142434e-03
6 28 2 2.445932e-03
7 28 2 2.916119e-03
8 28 2 2.197328e-03
9 28 2 1.130352e-03
10 28 2 4.402175e-04
11 28 2 2.197629e-04
12 28 2 1.370100e-04
1 29 2 1.288702e-04
2 29 2 1.219116e-04
3 29 2 1.942112e-04
4 29 2 5.839607e-04
5 29 2 1.746299e-03
6 29 2 4.297800e-03
7 29 2 5.854594e-03
8 29 2 4.355859e-03
9 29 2 2.000428e-03
10 29 2 7.414329e-04
11 29 2 3.504783e-04
12 29 2 2.187839e-04
1 30 2 2.922097e-05
2 30 2 2.555556e-05
3 30 2 4.061672e-05
4 30 2 1.243163e-04
5 30 2 3.443755e-04
6 30 2 9.365674e-04
7 30 2 1.357510e-03
8 30 2 1.039590e-03
9 30 2 4.703786e-04
10 30 2 1.841147e-04
11 30 2 8.492705e-05
12 30 2 5.086267e-05
1 31 2 5.214758e-05
2 31 2 4.018410e-05
3 31 2 6.104453e-05
4 31 2 1.699072e-04
5 31 2 4.387828e-04
6 31 2 1.155293e-03
7 31 2 1.629220e-03
8 31 2 1.315066e-03
9 31 2 6.578832e-04
10 31 2 3.012781e-04
11 31 2 1.446503e-04
12 31 2 8.060585e-05
1 32 2 6.168995e-05
2 32 2 5.106741e-05
3 32 2 7.138343e-05
4 32 2 1.586168e-04
5 32 2 4.236442e-04
6 32 2 1.003530e-03
7 32 2 1.294673e-03
8 32 2 1.069458e-03
9 32 2 5.971975e-04
10 32 2 3.078613e-04
11 32 2 1.590901e-04
12 32 2 8.250577e-05
1 35 2 7.040588e-04
2 35 2 6.708620e-04
3 35 2 7.287546e-04
4 35 2 9.711314e-04
5 35 2 1.522378e-03
6 35 2 2.325003e-03
7 35 2 2.797693e-03
8 35 2 2.569023e-03
9 35 2 1.746007e-03
10 35 2 1.262361e-03
11 35 2 9.561710e-04
12 35 2 7.768023e-04
1 36 2 8.443668e-05
2 36 2 7.926962e-05
3 36 2 8.785417e-05
4 36 2 1.055206e-04
5 36 2 1.443169e-04
6 36 2 2.081890e-04
7 36 2 2.451879e-04
8 36 2 2.497795e-04
9 36 2 1.906641e-04
10 36 2 1.493777e-04
11 36 2 1.143316e-04
12 36 2 9.473339e-05
1 37 2 7.614091e-03
2 37 2 7.369382e-03
3 37 2 9.285764e-03
4 37 2 1.194025e-02
5 37 2 1.805137e-02
6 37 2 2.737882e-02
7 37 2 3.184297e-02
8 37 2 3.130239e-02
9 37 2 2.303565e-02
10 37 2 1.727271e-02
11 37 2 1.217400e-02
12 37 2 9.326322e-03
1 38 2 1.283625e-02
2 38 2 1.282474e-02
3 38 2 1.953679e-02
4 38 2 2.896652e-02
5 38 2 5.288535e-02
6 38 2 9.384102e-02
7 38 2 1.112449e-01
8 38 2 9.648164e-02
9 38 2 6.231978e-02
10 38 2 4.259551e-02
11 38 2 2.433991e-02
12 38 2 1.756462e-02
1 39 2 1.195347e-03
2 39 2 1.245311e-03
3 39 2 2.017147e-03
4 39 2 3.114643e-03
5 39 2 6.043439e-03
6 39 2 1.168349e-02
7 39 2 1.450763e-02
8 39 2 1.174563e-02
9 39 2 7.403415e-03
10 39 2 4.675169e-03
11 39 2 2.366469e-03
12 39 2 1.727351e-03
1 40 2 2.605630e-04
2 40 2 2.858828e-04
3 40 2 5.098678e-04
4 40 2 8.573832e-04
5 40 2 1.874283e-03
6 40 2 4.255447e-03
7 40 2 5.324221e-03
8 40 2 3.905715e-03
9 40 2 2.405881e-03
10 40 2 1.296311e-03
11 40 2 5.553022e-04
12 40 2 4.136828e-04
1 41 2 1.387655e-04
2 41 2 1.483473e-04
3 41 2 2.972830e-04
4 41 2 5.294822e-04
5 41 2 1.328019e-03
6 41 2 3.369984e-03
7 41 2 4.357189e-03
8 41 2 3.056112e-03
9 41 2 1.707897e-03
10 41 2 7.402185e-04
11 41 2 2.843721e-04
12 41 2 2.370205e-04
1 42 2 7.506618e-05
2 42 2 7.852072e-05
3 42 2 1.693289e-04
4 42 2 3.340337e-04
5 42 2 9.496016e-04
6 42 2 2.633910e-03
7 42 2 3.687166e-03
8 42 2 2.462347e-03
9 42 2 1.166050e-03
10 42 2 4.173170e-04
11 42 2 1.555837e-04
12 42 2 1.276338e-04
1 43 2 2.106774e-06
2 43 2 2.184452e-06
3 43 2 5.154175e-06
4 43 2 1.257634e-05
5 43 2 4.209531e-05
6 43 2 1.241456e-04
7 43 2 1.814837e-04
8 43 2 1.139229e-04
9 43 2 4.658520e-05
10 43 2 1.430284e-05
11 43 2 4.877575e-06
12 43 2 3.417754e-06
1 44 2 8.694819e-06
2 44 2 8.736334e-06
3 44 2 1.900287e-05
4 44 2 5.137379e-05
5 44 2 1.919309e-04
6 44 2 6.048379e-04
7 44 2 8.840039e-04
8 44 2 5.330489e-04
9 44 2 1.921561e-04
10 44 2 5.693195e-05
11 44 2 1.868523e-05
12 44 2 1.263331e-05
1 45 2 1.998545e-05
2 45 2 2.239785e-05
3 45 2 4.081276e-05
4 45 2 1.203601e-04
5 45 2 5.040446e-04
6 45 2 1.672472e-03
7 45 2 2.339767e-03
8 45 2 1.424681e-03
9 45 2 4.899159e-04
10 45 2 1.250857e-04
11 45 2 3.625697e-05
12 45 2 2.369577e-05
1 46 2 9.060576e-06
2 46 2 1.139843e-05
3 46 2 1.791746e-05
4 46 2 4.975498e-05
5 46 2 1.953857e-04
6 46 2 6.060648e-04
7 46 2 8.478418e-04
8 46 2 5.312675e-04
9 46 2 1.995592e-04
10 46 2 4.837078e-05
11 46 2 1.329904e-05
12 46 2 9.484073e-06
1 47 2 1.190912e-05
2 47 2 1.515600e-05
3 47 2 2.135717e-05
4 47 2 4.785134e-05
5 47 2 1.631012e-04
6 47 2 4.493437e-04
7 47 2 6.094060e-04
8 47 2 4.132209e-04
9 47 2 1.750530e-04
10 47 2 5.399305e-05
11 47 2 1.592936e-05
12 47 2 1.210843e-05
1 48 2 1.612640e-05
2 48 2 1.852501e-05
3 48 2 2.548011e-05
4 48 2 4.975728e-05
5 48 2 1.544064e-04
6 48 2 3.551612e-04
7 48 2 4.719762e-04
8 48 2 3.320623e-04
9 48 2 1.580751e-04
10 48 2 5.893598e-05
11 48 2 2.121621e-05
12 48 2 1.406930e-05
1 49 2 5.177680e-04
2 49 2 4.711232e-04
3 49 2 5.343919e-04
4 49 2 6.254583e-04
5 49 2 8.945388e-04
6 49 2 1.360989e-03
7 49 2 2.029691e-03
8 49 2 1.908639e-03
9 49 2 1.331254e-03
10 49 2 9.526402e-04
11 49 2 6.955045e-04
12 49 2 5.073693e-04
1 50 2 2.114017e-03
2 50 2 1.824818e-03
3 50 2 2.138969e-03
4 50 2 2.438203e-03
5 50 2 3.431600e-03
6 50 2 5.035825e-03
7 50 2 6.950180e-03
8 50 2 6.683730e-03
9 50 2 4.839629e-03
10 50 2 3.449891e-03
11 50 2 2.582867e-03
12 50 2 2.033726e-03
1 51 2 8.120886e-04
2 51 2 7.411581e-04
3 51 2 8.053502e-04
4 51 2 9.296405e-04
5 51 2 1.267123e-03
6 51 2 1.777040e-03
7 51 2 2.315743e-03
8 51 2 2.296514e-03
9 51 2 1.908066e-03
10 51 2 1.342085e-03
11 51 2 1.005843e-03
12 51 2 8.429274e-04
1 52 2 2.559472e-01
2 52 2 2.690224e-01
3 52 2 3.379533e-01
4 52 2 4.926899e-01
5 52 2 8.332034e-01
6 52 2 1.146674e+00
7 52 2 1.470823e+00
8 52 2 1.375723e+00
9 52 2 1.110535e+00
10 52 2 6.344098e-01
11 52 2 3.818526e-01
12 52 2 2.944665e-01
1 53 2 5.743746e-02
2 53 2 7.206303e-02
3 53 2 1.220900e-01
4 53 2 2.664859e-01
5 53 2 5.074707e-01
6 53 2 7.577830e-01
7 53 2 1.051893e+00
8 53 2 8.963350e-01
9 53 2 6.066465e-01
10 53 2 2.675566e-01
11 53 2 1.193375e-01
12 53 2 7.560513e-02
1 54 2 3.574405e-02
2 54 2 4.636919e-02
3 54 2 8.671226e-02
4 54 2 2.154714e-01
5 54 2 4.244116e-01
6 54 2 8.197696e-01
7 54 2 1.164522e+00
8 54 2 9.764812e-01
9 54 2 5.922205e-01
10 54 2 2.518698e-01
11 54 2 1.079629e-01
12 54 2 5.955445e-02
1 55 2 1.860017e-02
2 55 2 2.074415e-02
3 55 2 3.869764e-02
4 55 2 9.061246e-02
5 55 2 1.798119e-01
6 55 2 3.840059e-01
7 55 2 5.337974e-01
8 55 2 4.603539e-01
9 55 2 2.919266e-01
10 55 2 1.399741e-01
11 55 2 6.548854e-02
12 55 2 3.749893e-02
1 56 2 5.774337e-02
2 56 2 5.992501e-02
3 56 2 1.037917e-01
4 56 2 2.314407e-01
5 56 2 5.058985e-01
6 56 2 9.972372e-01
7 56 2 1.378768e+00
8 56 2 1.144307e+00
9 56 2 7.479464e-01
10 56 2 3.853691e-01
11 56 2 1.737387e-01
12 56 2 9.964082e-02
1 57 2 1.149110e-02
2 57 2 1.096365e-02
3 57 2 1.348467e-02
4 57 2 2.046761e-02
5 57 2 3.424553e-02
6 57 2 5.572174e-02
7 57 2 7.934840e-02
8 57 2 7.151229e-02
9 57 2 5.320520e-02
10 57 2 3.417624e-02
11 57 2 2.089895e-02
12 57 2 1.501913e-02
1 60 2 3.703968e-01
2 60 2 3.586959e-01
3 60 2 4.113529e-01
4 60 2 4.878585e-01
5 60 2 6.014908e-01
6 60 2 7.915579e-01
7 60 2 9.215316e-01
8 60 2 9.219192e-01
9 60 2 7.823810e-01
10 60 2 6.386828e-01
11 60 2 5.107969e-01
12 60 2 4.233983e-01
1 61 2 9.555748e-01
2 61 2 9.613226e-01
3 61 2 1.352084e+00
4 61 2 2.036524e+00
5 61 2 2.970667e+00
6 61 2 4.185188e+00
7 61 2 4.952765e+00
8 61 2 4.764970e+00
9 61 2 3.702507e+00
10 61 2 2.518468e+00
11 61 2 1.642949e+00
12 61 2 1.152351e+00
1 62 2 1.740094e-02
2 62 2 1.905813e-02
3 62 2 3.000097e-02
4 62 2 5.431091e-02
5 62 2 9.315491e-02
6 62 2 1.321477e-01
7 62 2 1.615899e-01
8 62 2 1.508383e-01
9 62 2 1.051075e-01
10 62 2 6.267969e-02
11 62 2 3.403785e-02
12 62 2 2.215086e-02
1 63 2 1.607519e-02
2 63 2 1.951459e-02
3 63 2 3.265303e-02
4 63 2 6.867759e-02
5 63 2 1.318036e-01
6 63 2 1.959470e-01
7 63 2 2.505689e-01
8 63 2 2.180441e-01
9 63 2 1.331745e-01
10 63 2 7.272802e-02
11 63 2 3.359361e-02
12 63 2 2.199180e-02
1 64 2 3.844456e-03
2 64 2 4.925149e-03
3 64 2 9.378672e-03
4 64 2 2.221494e-02
5 64 2 4.757741e-02
6 64 2 7.620812e-02
7 64 2 9.659545e-02
8 64 2 7.551607e-02
9 64 2 4.323938e-02
10 64 2 1.911517e-02
11 64 2 8.734695e-03
12 64 2 5.977657e-03
1 65 2 1.300055e-03
2 65 2 1.612077e-03
3 65 2 3.531757e-03
4 65 2 9.959679e-03
5 65 2 2.088227e-02
6 65 2 3.549021e-02
7 65 2 4.600035e-02
8 65 2 3.433217e-02
9 65 2 1.947212e-02
10 65 2 6.909804e-03
11 65 2 3.041831e-03
12 65 2 2.204411e-03
1 66 2 8.620791e-04
2 66 2 1.065799e-03
3 66 2 2.533709e-03
4 66 2 8.312258e-03
5 66 2 1.728356e-02
6 66 2 2.971986e-02
7 66 2 4.098864e-02
8 66 2 3.098745e-02
9 66 2 1.752910e-02
10 66 2 5.807592e-03
11 66 2 2.225556e-03
12 66 2 1.380469e-03
1 67 2 3.103852e-04
2 67 2 4.138842e-04
3 67 2 1.052510e-03
4 67 2 3.888064e-03
5 67 2 8.821792e-03
6 67 2 1.504563e-02
7 67 2 2.103545e-02
8 67 2 1.618850e-02
9 67 2 8.853985e-03
10 67 2 3.256023e-03
11 67 2 1.029579e-03
12 67 2 4.634081e-04
1 68 2 8.652502e-05
2 68 2 1.161798e-04
3 68 2 3.450476e-04
4 68 2 1.586021e-03
5 68 2 4.322109e-03
6 68 2 8.282501e-03
7 68 2 1.187554e-02
8 68 2 8.832240e-03
9 68 2 4.238678e-03
10 68 2 1.557240e-03
11 68 2 3.551058e-04
12 68 2 1.235645e-04
1 69 2 4.232355e-05
2 69 2 6.000694e-05
3 69 2 1.435025e-04
4 69 2 6.292671e-04
5 69 2 2.017774e-03
6 69 2 4.775290e-03
7 69 2 6.995761e-03
8 69 2 5.385320e-03
9 69 2 2.313498e-03
10 69 2 7.522603e-04
11 69 2 1.457609e-04
12 69 2 5.481556e-05
1 70 2 2.044333e-04
2 70 2 2.389434e-04
3 70 2 3.423990e-04
4 70 2 8.933013e-04
5 70 2 2.240115e-03
6 70 2 5.439638e-03
7 70 2 8.805048e-03
8 70 2 8.024957e-03
9 70 2 4.143550e-03
10 70 2 1.476964e-03
11 70 2 4.492045e-04
12 70 2 2.528696e-04
1 71 2 1.510641e-04
2 71 2 1.532948e-04
3 71 2 1.734647e-04
4 71 2 2.783583e-04
5 71 2 5.390767e-04
6 71 2 1.124565e-03
7 71 2 1.725854e-03
8 71 2 1.715931e-03
9 71 2 1.100925e-03
10 71 2 5.243561e-04
11 71 2 2.504982e-04
12 71 2 1.739795e-04
1 72 2 6.349780e-07
2 72 2 6.064592e-07
3 72 2 6.570357e-07
4 72 2 8.377268e-07
5 72 2 1.303441e-06
6 72 2 2.268031e-06
7 72 2 3.512920e-06
8 72 2 3.378606e-06
9 72 2 2.363786e-06
10 72 2 1.433266e-06
11 72 2 8.830892e-07
12 72 2 6.306417e-07
1 76 2 7.397309e-01
2 76 2 6.767777e-01
3 76 2 6.835892e-01
4 76 2 7.435821e-01
5 76 2 1.010912e+00
6 76 2 1.441497e+00
7 76 2 1.932967e+00
8 76 2 2.062830e+00
9 76 2 1.965476e+00
10 76 2 1.312545e+00
11 76 2 8.473032e-01
12 76 2 7.410403e-01
1 77 2 7.036388e-01
2 77 2 9.136694e-01
3 77 2 1.196852e+00
4 77 2 1.934376e+00
5 77 2 3.247896e+00
6 77 2 5.014412e+00
7 77 2 6.813233e+00
8 77 2 6.466863e+00
9 77 2 4.790378e+00
10 77 2 2.420156e+00
11 77 2 1.061971e+00
12 77 2 6.693553e-01
1 78 2 8.240306e-01
2 78 2 1.125922e+00
3 78 2 1.567913e+00
4 78 2 2.812217e+00
5 78 2 4.397496e+00
6 78 2 6.981698e+00
7 78 2 8.618133e+00
8 78 2 8.069836e+00
9 78 2 5.232393e+00
10 78 2 2.774841e+00
11 78 2 1.498474e+00
12 78 2 8.651196e-01
1 79 2 2.567042e+00
2 79 2 3.149803e+00
3 79 2 4.624820e+00
4 79 2 7.671031e+00
5 79 2 1.165443e+01
6 79 2 1.903949e+01
7 79 2 2.333052e+01
8 79 2 2.210153e+01
9 79 2 1.526124e+01
10 79 2 9.212375e+00
11 79 2 5.248736e+00
12 79 2 3.215279e+00
1 80 2 1.283809e+00
2 80 2 1.286315e+00
3 80 2 1.616336e+00
4 80 2 2.185471e+00
5 80 2 3.259436e+00
6 80 2 4.959115e+00
7 80 2 6.385614e+00
8 80 2 6.321651e+00
9 80 2 5.246855e+00
10 80 2 3.678593e+00
11 80 2 2.145945e+00
12 80 2 1.586211e+00
1 81 2 1.739858e-07
2 81 2 1.576731e-07
3 81 2 1.660725e-07
4 81 2 1.969213e-07
5 81 2 2.835649e-07
6 81 2 3.820956e-07
7 81 2 5.098408e-07
8 81 2 5.470478e-07
9 81 2 4.974372e-07
10 81 2 3.816802e-07
11 81 2 2.523052e-07
12 81 2 2.065613e-07
1 84 2 8.146090e-02
2 84 2 8.612467e-02
3 84 2 1.065190e-01
4 84 2 1.346067e-01
5 84 2 1.804669e-01
6 84 2 2.957082e-01
7 84 2 3.960489e-01
8 84 2 3.795132e-01
9 84 2 2.847665e-01
10 84 2 1.797162e-01
11 84 2 1.207292e-01
12 84 2 9.222408e-02
1 85 2 1.814186e-01
2 85 2 2.042916e-01
3 85 2 2.656121e-01
4 85 2 3.859096e-01
5 85 2 6.177572e-01
6 85 2 9.437208e-01
7 85 2 1.305726e+00
8 85 2 1.242148e+00
9 85 2 8.944309e-01
10 85 2 4.933734e-01
11 85 2 2.782418e-01
12 85 2 2.018925e-01
1 86 2 2.915562e-02
2 86 2 3.301026e-02
3 86 2 4.218468e-02
4 86 2 6.127430e-02
5 86 2 9.847991e-02
6 86 2 1.428922e-01
7 86 2 1.962959e-01
8 86 2 1.969380e-01
9 86 2 1.457717e-01
10 86 2 8.453138e-02
11 86 2 4.656405e-02
12 86 2 3.327900e-02
1 87 2 1.740831e-02
2 87 2 2.355144e-02
3 87 2 3.362714e-02
4 87 2 5.315684e-02
5 87 2 9.325661e-02
6 87 2 1.401765e-01
7 87 2 1.900360e-01
8 87 2 1.936403e-01
9 87 2 1.403901e-01
10 87 2 7.904336e-02
11 87 2 3.472957e-02
12 87 2 2.111030e-02
1 88 2 9.371958e-03
2 88 2 1.330894e-02
3 88 2 2.087038e-02
4 88 2 3.959931e-02
5 88 2 8.126944e-02
6 88 2 1.277333e-01
7 88 2 1.635802e-01
8 88 2 1.434726e-01
9 88 2 9.271204e-02
10 88 2 4.381399e-02
11 88 2 2.246207e-02
12 88 2 1.247686e-02
1 89 2 3.737418e-03
2 89 2 5.200133e-03
3 89 2 9.869689e-03
4 89 2 1.856320e-02
5 89 2 3.704500e-02
6 89 2 5.534093e-02
7 89 2 6.455877e-02
8 89 2 5.653809e-02
9 89 2 3.689706e-02
10 89 2 1.755822e-02
11 89 2 9.661412e-03
12 89 2 5.347631e-03
1 90 2 1.294822e-03
2 90 2 1.706532e-03
3 90 2 3.386430e-03
4 90 2 6.077921e-03
5 90 2 9.332294e-03
6 90 2 1.235286e-02
7 90 2 1.387302e-02
8 90 2 1.283639e-02
9 90 2 9.354607e-03
10 90 2 5.579626e-03
11 90 2 3.076345e-03
12 90 2 1.751296e-03
1 91 2 6.616861e-06
2 91 2 9.362567e-06
3 91 2 1.956047e-05
4 91 2 3.696315e-05
5 91 2 5.455184e-05
6 91 2 6.934047e-05
7 91 2 7.785926e-05
8 91 2 7.140441e-05
9 91 2 5.134125e-05
10 91 2 3.178035e-05
11 91 2 1.647110e-05
12 91 2 8.455547e-06
1 92 2 3.388269e-06
2 92 2 4.839937e-06
3 92 2 1.213250e-05
4 92 2 2.894533e-05
5 92 2 5.458669e-05
6 92 2 8.364603e-05
7 92 2 1.004058e-04
8 92 2 9.138537e-05
9 92 2 5.717157e-05
10 92 2 3.038485e-05
11 92 2 1.191696e-05
12 92 2 5.115658e-06
1 93 2 1.072840e-02
2 93 2 1.294477e-02
3 93 2 2.661514e-02
4 93 2 6.202956e-02
5 93 2 1.106572e-01
6 93 2 1.756053e-01
7 93 2 2.355653e-01
8 93 2 2.315807e-01
9 93 2 1.557623e-01
10 93 2 8.970019e-02
11 93 2 3.841450e-02
12 93 2 1.600041e-02
1 94 2 1.931964e-02
2 94 2 1.922224e-02
3 94 2 2.566634e-02
4 94 2 4.548548e-02
5 94 2 7.764095e-02
6 94 2 1.222552e-01
7 94 2 1.688951e-01
8 94 2 1.840582e-01
9 94 2 1.516115e-01
10 94 2 9.151244e-02
11 94 2 4.911699e-02
12 94 2 2.683635e-02
1 98 2 9.351712e-02
2 98 2 8.705203e-02
3 98 2 8.197298e-02
4 98 2 8.727760e-02
5 98 2 9.905409e-02
6 98 2 1.133472e-01
7 98 2 1.274923e-01
8 98 2 1.343707e-01
9 98 2 1.325938e-01
10 98 2 1.253365e-01
11 98 2 1.127393e-01
12 98 2 1.025940e-01
1 101 2 5.847117e-03
2 101 2 6.008112e-03
3 101 2 6.156759e-03
4 101 2 7.592218e-03
5 101 2 9.763742e-03
6 101 2 1.140019e-02
7 101 2 1.216905e-02
8 101 2 1.219381e-02
9 101 2 1.172272e-02
10 101 2 1.005103e-02
11 101 2 7.728970e-03
12 101 2 6.199186e-03
1 102 2 4.739475e-01
2 102 2 5.357322e-01
3 102 2 6.584249e-01
4 102 2 8.235572e-01
5 102 2 9.530506e-01
6 102 2 1.040426e+00
7 102 2 1.069723e+00
8 102 2 1.083240e+00
9 102 2 9.763019e-01
10 102 2 7.521440e-01
11 102 2 6.036897e-01
12 102 2 4.947988e-01
1 103 2 7.624257e-01
2 103 2 7.780617e-01
3 103 2 8.479897e-01
4 103 2 9.581963e-01
5 103 2 1.115896e+00
6 103 2 1.277000e+00
7 103 2 1.381552e+00
8 103 2 1.449908e+00
9 103 2 1.422060e+00
10 103 2 1.242757e+00
11 103 2 1.022362e+00
12 103 2 8.500606e-01
1 104 2 9.813267e-03
2 104 2 9.416563e-03
3 104 2 9.518880e-03
4 104 2 1.043608e-02
5 104 2 1.220303e-02
6 104 2 1.400356e-02
7 104 2 1.571656e-02
8 104 2 1.697771e-02
9 104 2 1.711437e-02
10 104 2 1.598821e-02
11 104 2 1.315174e-02
12 104 2 1.088963e-02
1 107 2 2.901932e-03
2 107 2 3.061486e-03
3 107 2 3.574394e-03
4 107 2 4.095862e-03
5 107 2 4.593251e-03
6 107 2 5.880465e-03
7 107 2 6.427598e-03
8 107 2 6.401590e-03
9 107 2 5.992847e-03
10 107 2 5.125994e-03
11 107 2 4.074977e-03
12 107 2 3.186786e-03
1 108 2 4.756865e-04
2 108 2 6.079280e-04
3 108 2 8.830804e-04
4 108 2 1.367699e-03
5 108 2 2.123034e-03
6 108 2 2.913930e-03
7 108 2 3.119274e-03
8 108 2 2.756782e-03
9 108 2 2.230671e-03
10 108 2 1.539009e-03
11 108 2 8.016673e-04
12 108 2 5.103395e-04
1 109 2 9.039217e-04
2 109 2 1.193949e-03
3 109 2 1.867413e-03
4 109 2 3.240736e-03
5 109 2 5.521513e-03
6 109 2 6.960147e-03
7 109 2 7.072138e-03
8 109 2 6.501281e-03
9 109 2 5.220715e-03
10 109 2 3.663188e-03
11 109 2 1.629295e-03
12 109 2 9.517737e-04
1 110 2 3.976357e-04
2 110 2 5.065117e-04
3 110 2 8.134837e-04
4 110 2 1.259241e-03
5 110 2 1.953032e-03
6 110 2 2.261705e-03
7 110 2 2.431551e-03
8 110 2 2.404785e-03
9 110 2 2.024773e-03
10 110 2 1.476188e-03
11 110 2 7.140391e-04
12 110 2 4.202911e-04
1 111 2 1.365457e-02
2 111 2 1.707788e-02
3 111 2 2.764872e-02
4 111 2 4.190394e-02
5 111 2 6.333169e-02
6 111 2 8.122153e-02
7 111 2 8.585724e-02
8 111 2 8.503830e-02
9 111 2 7.241754e-02
10 111 2 4.714031e-02
11 111 2 2.539415e-02
12 111 2 1.551121e-02
1 112 2 1.572789e-02
2 112 2 2.027919e-02
3 112 2 3.557548e-02
4 112 2 5.915995e-02
5 112 2 8.996268e-02
6 112 2 1.096301e-01
7 112 2 1.116554e-01
8 112 2 1.040743e-01
9 112 2 7.944930e-02
10 112 2 5.274428e-02
11 112 2 3.026971e-02
12 112 2 1.860648e-02
1 113 2 9.021273e-03
2 113 2 1.142911e-02
3 113 2 1.920098e-02
4 113 2 2.871332e-02
5 113 2 3.533448e-02
6 113 2 3.085223e-02
7 113 2 2.647304e-02
8 113 2 2.528391e-02
9 113 2 2.500698e-02
10 113 2 2.283376e-02
11 113 2 1.597078e-02
12 113 2 1.078682e-02
1 114 2 2.459320e-02
2 114 2 3.334962e-02
3 114 2 5.941804e-02
4 114 2 8.661275e-02
5 114 2 9.992564e-02
6 114 2 7.315120e-02
7 114 2 6.041794e-02
8 114 2 5.538036e-02
9 114 2 5.344402e-02
10 114 2 4.783338e-02
11 114 2 3.646442e-02
12 114 2 2.701054e-02
1 115 2 8.181538e-03
2 115 2 1.190341e-02
3 115 2 1.886883e-02
4 115 2 2.338957e-02
5 115 2 2.088799e-02
6 115 2 1.939382e-02
7 115 2 1.870498e-02
8 115 2 1.794610e-02
9 115 2 1.650506e-02
10 115 2 1.474980e-02
11 115 2 1.120457e-02
12 115 2 8.038440e-03
1 116 2 5.179186e-03
2 116 2 6.629990e-03
3 116 2 1.013884e-02
4 116 2 1.435115e-02
5 116 2 1.669129e-02
6 116 2 1.900715e-02
7 116 2 1.992677e-02
8 116 2 1.907435e-02
9 116 2 1.545234e-02
10 116 2 1.235380e-02
11 116 2 8.974796e-03
12 116 2 5.912211e-03
1 117 2 1.411241e-03
2 117 2 1.473689e-03
3 117 2 1.861133e-03
4 117 2 2.547652e-03
5 117 2 3.244228e-03
6 117 2 3.843692e-03
7 117 2 4.092011e-03
8 117 2 4.086645e-03
9 117 2 3.728816e-03
10 117 2 3.192092e-03
11 117 2 2.576855e-03
12 117 2 1.861487e-03
1 126 2 1.076057e-04
2 126 2 1.118451e-04
3 126 2 1.212248e-04
4 126 2 1.280060e-04
5 126 2 1.264712e-04
6 126 2 1.175408e-04
7 126 2 1.133025e-04
8 126 2 1.144094e-04
9 126 2 1.138038e-04
10 126 2 1.118304e-04
11 126 2 1.092722e-04
12 126 2 1.076177e-04
1 127 2 1.086209e-02
2 127 2 1.104697e-02
3 127 2 1.165984e-02
4 127 2 1.210539e-02
5 127 2 1.227031e-02
6 127 2 1.188535e-02
7 127 2 1.188863e-02
8 127 2 1.216145e-02
9 127 2 1.203181e-02
10 127 2 1.154960e-02
11 127 2 1.119299e-02
12 127 2 1.105445e-02
1 128 2 4.925112e-02
2 128 2 5.058044e-02
3 128 2 5.192405e-02
4 128 2 5.068670e-02
5 128 2 4.930566e-02
6 128 2 4.782456e-02
7 128 2 5.097216e-02
8 128 2 5.795556e-02
9 128 2 6.093974e-02
10 128 2 5.756046e-02
11 128 2 5.234283e-02
12 128 2 4.931736e-02
1 129 2 1.404492e-03
2 129 2 1.385208e-03
3 129 2 1.420144e-03
4 129 2 1.461329e-03
5 129 2 1.483877e-03
6 129 2 1.524019e-03
7 129 2 1.592449e-03
8 129 2 1.735767e-03
9 129 2 1.813511e-03
10 129 2 1.821500e-03
11 129 2 1.663092e-03
12 129 2 1.477455e-03
1 133 2 3.015562e-02
2 133 2 3.506037e-02
3 133 2 4.208808e-02
4 133 2 4.321333e-02
5 133 2 4.122109e-02
6 133 2 3.788775e-02
7 133 2 3.381517e-02
8 133 2 3.166407e-02
9 133 2 3.301857e-02
10 133 2 3.516605e-02
11 133 2 3.354897e-02
12 133 2 2.935537e-02
1 135 2 1.304210e-03
2 135 2 1.469388e-03
3 135 2 1.747438e-03
4 135 2 1.881910e-03
5 135 2 1.808335e-03
6 135 2 1.613220e-03
7 135 2 1.393662e-03
8 135 2 1.407609e-03
9 135 2 1.495746e-03
10 135 2 1.406662e-03
11 135 2 1.348273e-03
12 135 2 1.266518e-03
1 136 2 1.458910e-03
2 136 2 1.501513e-03
3 136 2 1.856902e-03
4 136 2 2.257427e-03
5 136 2 2.471984e-03
6 136 2 2.255392e-03
7 136 2 1.995759e-03
8 136 2 1.991181e-03
9 136 2 2.001473e-03
10 136 2 1.882782e-03
11 136 2 1.780160e-03
12 136 2 1.580804e-03
1 137 2 3.548097e-04
2 137 2 3.722320e-04
3 137 2 4.267717e-04
4 137 2 4.689594e-04
5 137 2 4.628914e-04
6 137 2 4.259065e-04
7 137 2 3.940088e-04
8 137 2 3.801791e-04
9 137 2 3.804180e-04
10 137 2 3.963078e-04
11 137 2 3.918247e-04
12 137 2 3.694556e-04
1 138 2 1.418079e-02
2 138 2 1.559404e-02
3 138 2 1.809139e-02
4 138 2 2.013459e-02
5 138 2 2.031456e-02
6 138 2 1.785446e-02
7 138 2 1.654045e-02
8 138 2 1.595121e-02
9 138 2 1.599473e-02
10 138 2 1.608794e-02
11 138 2 1.560560e-02
12 138 2 1.447289e-02
1 139 2 2.394811e-02
2 139 2 2.727247e-02
3 139 2 3.047430e-02
4 139 2 3.198495e-02
5 139 2 3.153421e-02
6 139 2 2.936691e-02
7 139 2 2.778554e-02
8 139 2 2.674817e-02
9 139 2 2.640147e-02
10 139 2 2.660643e-02
11 139 2 2.531805e-02
12 139 2 2.317530e-02
1 140 2 7.933012e-03
2 140 2 8.203029e-03
3 140 2 8.909126e-03
4 140 2 1.009389e-02
5 140 2 1.071827e-02
6 140 2 1.029492e-02
7 140 2 9.747614e-03
8 140 2 9.401491e-03
9 140 2 9.264433e-03
10 140 2 9.315635e-03
11 140 2 9.118883e-03
12 140 2 8.501584e-03
1 141 2 1.243636e-02
2 141 2 1.230768e-02
3 141 2 1.266020e-02
4 141 2 1.389447e-02
5 141 2 1.499397e-02
6 141 2 1.482659e-02
7 141 2 1.442566e-02
8 141 2 1.398851e-02
9 141 2 1.386995e-02
10 141 2 1.390256e-02
11 141 2 1.404133e-02
12 141 2 1.363303e-02
1 150 2 1.438846e-05
2 150 2 1.575043e-05
3 150 2 1.685905e-05
4 150 2 1.723975e-05
5 150 2 1.613115e-05
6 150 2 1.422695e-05
7 150 2 1.297895e-05
8 150 2 1.266553e-05
9 150 2 1.225606e-05
10 150 2 1.197722e-05
11 150 2 1.221008e-05
12 150 2 1.299118e-05
1 151 2 9.333526e-03
2 151 2 9.927293e-03
3 151 2 1.052588e-02
4 151 2 1.077407e-02
5 151 2 1.042466e-02
6 151 2 9.812836e-03
7 151 2 9.596015e-03
8 151 2 9.966498e-03
9 151 2 9.488991e-03
10 151 2 8.904438e-03
11 151 2 8.643335e-03
12 151 2 8.858965e-03
1 152 2 7.399426e-03
2 152 2 7.495075e-03
3 152 2 7.564459e-03
4 152 2 7.188190e-03
5 152 2 6.909777e-03
6 152 2 6.786371e-03
7 152 2 7.758636e-03
8 152 2 1.034521e-02
9 152 2 1.098257e-02
10 152 2 9.360547e-03
11 152 2 8.027056e-03
12 152 2 7.423378e-03
1 153 2 8.578237e-03
2 153 2 8.786316e-03
3 153 2 9.270168e-03
4 153 2 9.092812e-03
5 153 2 8.780944e-03
6 153 2 8.621126e-03
7 153 2 1.006359e-02
8 153 2 1.315130e-02
9 153 2 1.599565e-02
10 153 2 1.429683e-02
11 153 2 1.081482e-02
12 153 2 9.023501e-03
1 154 2 2.334762e-02
2 154 2 2.322094e-02
3 154 2 2.416437e-02
4 154 2 2.315395e-02
5 154 2 2.165105e-02
6 154 2 1.947538e-02
7 154 2 1.838987e-02
8 154 2 1.915731e-02
9 154 2 2.159962e-02
10 154 2 2.427411e-02
11 154 2 2.558221e-02
12 154 2 2.473677e-02
1 157 2 9.297894e-04
2 157 2 9.654934e-04
3 157 2 1.033699e-03
4 157 2 1.019137e-03
5 157 2 9.933657e-04
6 157 2 9.339346e-04
7 157 2 8.911067e-04
8 157 2 8.821244e-04
9 157 2 8.757487e-04
10 157 2 8.910185e-04
11 157 2 8.974064e-04
12 157 2 9.091177e-04
1 163 2 4.328996e-03
2 163 2 4.386999e-03
3 163 2 4.517182e-03
4 163 2 4.788242e-03
5 163 2 4.792915e-03
6 163 2 4.431238e-03
7 163 2 4.096666e-03
8 163 2 3.846849e-03
9 163 2 3.901935e-03
10 163 2 4.128096e-03
11 163 2 4.289470e-03
12 163 2 4.323080e-03
1 164 2 1.637930e-02
2 164 2 1.623925e-02
3 164 2 1.669130e-02
4 164 2 1.746997e-02
5 164 2 1.726447e-02
6 164 2 1.596830e-02
7 164 2 1.478007e-02
8 164 2 1.443741e-02
9 164 2 1.545952e-02
10 164 2 1.693659e-02
11 164 2 1.727863e-02
12 164 2 1.699090e-02
1 165 2 8.138375e-03
2 165 2 7.976182e-03
3 165 2 8.076455e-03
4 165 2 8.255095e-03
5 165 2 8.164487e-03
6 165 2 7.512485e-03
7 165 2 7.083246e-03
8 165 2 7.169529e-03
9 165 2 7.641944e-03
10 165 2 8.170893e-03
11 165 2 8.595439e-03
12 165 2 8.605566e-03
1 166 2 3.596000e-03
2 166 2 3.560101e-03
3 166 2 3.501283e-03
4 166 2 3.484856e-03
5 166 2 3.370750e-03
6 166 2 3.117382e-03
7 166 2 2.943752e-03
8 166 2 2.965715e-03
9 166 2 3.076709e-03
10 166 2 3.236472e-03
11 166 2 3.489392e-03
12 166 2 3.665206e-03
1 170 2 1.433089e-04
2 170 2 1.576114e-04
3 170 2 1.548523e-04
4 170 2 1.407525e-04
5 170 2 1.172889e-04
6 170 2 9.861945e-05
7 170 2 9.327856e-05
8 170 2 8.905099e-05
9 170 2 9.054874e-05
10 170 2 1.008254e-04
11 170 2 1.112421e-04
12 170 2 1.281021e-04
1 171 2 5.142284e-04
2 171 2 5.644750e-04
3 171 2 5.713087e-04
4 171 2 5.082840e-04
5 171 2 4.228352e-04
6 171 2 3.623498e-04
7 171 2 3.289746e-04
8 171 2 3.117138e-04
9 171 2 3.162555e-04
10 171 2 3.439977e-04
11 171 2 3.926186e-04
12 171 2 4.638411e-04
1 175 2 1.485676e-05
2 175 2 1.570705e-05
3 175 2 1.575211e-05
4 175 2 1.475372e-05
5 175 2 1.281866e-05
6 175 2 1.168105e-05
7 175 2 1.143868e-05
8 175 2 1.134210e-05
9 175 2 1.054939e-05
10 175 2 1.066394e-05
11 175 2 1.114905e-05
12 175 2 1.300543e-05
1 176 2 1.070780e-02
2 176 2 1.078809e-02
3 176 2 1.056150e-02
4 176 2 9.328099e-03
5 176 2 7.546017e-03
6 176 2 6.838106e-03
7 176 2 6.825635e-03
8 176 2 7.787143e-03
9 176 2 8.481005e-03
10 176 2 9.051297e-03
11 176 2 9.661585e-03
12 176 2 1.026297e-02
1 177 2 4.695211e-02
2 177 2 4.562463e-02
3 177 2 4.307815e-02
4 177 2 3.766897e-02
5 177 2 3.080296e-02
6 177 2 2.630312e-02
7 177 2 2.736799e-02
8 177 2 3.279189e-02
9 177 2 4.121428e-02
10 177 2 4.286127e-02
11 177 2 4.373065e-02
12 177 2 4.381999e-02
1 178 2 1.710056e-02
2 178 2 1.690070e-02
3 178 2 1.620056e-02
4 178 2 1.357867e-02
5 178 2 1.182301e-02
6 178 2 9.993075e-03
7 178 2 9.517771e-03
8 178 2 9.587820e-03
9 178 2 1.093467e-02
10 178 2 1.176539e-02
11 178 2 1.328834e-02
12 178 2 1.475285e-02
1 181 2 2.089625e-04
2 181 2 2.207105e-04
3 181 2 2.237499e-04
4 181 2 2.139348e-04
5 181 2 1.764296e-04
6 181 2 1.525581e-04
7 181 2 1.348927e-04
8 181 2 1.380517e-04
9 181 2 1.495650e-04
10 181 2 1.619510e-04
11 181 2 1.834116e-04
12 181 2 1.952803e-04
1 182 2 2.494855e-02
2 182 2 2.306015e-02
3 182 2 2.174469e-02
4 182 2 1.816415e-02
5 182 2 1.422415e-02
6 182 2 1.063881e-02
7 182 2 1.054836e-02
8 182 2 1.465825e-02
9 182 2 2.033990e-02
10 182 2 2.494616e-02
11 182 2 2.757064e-02
12 182 2 2.646374e-02
1 183 2 5.303217e-03
2 183 2 5.094629e-03
3 183 2 4.863779e-03
4 183 2 4.410119e-03
5 183 2 3.710597e-03
6 183 2 3.011590e-03
7 183 2 2.801968e-03
8 183 2 3.327230e-03
9 183 2 3.868662e-03
10 183 2 4.576623e-03
11 183 2 4.982552e-03
12 183 2 5.124877e-03
1 184 2 1.657128e-03
2 184 2 1.679097e-03
3 184 2 1.626179e-03
4 184 2 1.463456e-03
5 184 2 1.216640e-03
6 184 2 9.832746e-04
7 184 2 8.866664e-04
8 184 2 9.260364e-04
9 184 2 9.809808e-04
10 184 2 1.126533e-03
11 184 2 1.318119e-03
12 184 2 1.502364e-03
1 188 2 6.416267e-03
2 188 2 6.360325e-03
3 188 2 5.895451e-03
4 188 2 4.814038e-03
5 188 2 3.402369e-03
6 188 2 2.587962e-03
7 188 2 2.226920e-03
8 188 2 2.265283e-03
9 188 2 3.068314e-03
10 188 2 4.032197e-03
11 188 2 4.801946e-03
12 188 2 5.989318e-03
1 189 2 5.592518e-03
2 189 2 5.168615e-03
3 189 2 4.688394e-03
4 189 2 3.465420e-03
5 189 2 2.294418e-03
6 189 2 1.622526e-03
7 189 2 1.542676e-03
8 189 2 1.894917e-03
9 189 2 3.048305e-03
10 189 2 4.340339e-03
11 189 2 5.279300e-03
12 189 2 5.516843e-03
1 190 2 2.290000e-02
2 190 2 2.169817e-02
3 190 2 1.883406e-02
4 190 2 1.333977e-02
5 190 2 9.307158e-03
6 190 2 6.751812e-03
7 190 2 6.344085e-03
8 190 2 7.647775e-03
9 190 2 1.074216e-02
10 190 2 1.464415e-02
11 190 2 1.918852e-02
12 190 2 2.152916e-02
1 191 2 1.483275e-02
2 191 2 1.537064e-02
3 191 2 1.494034e-02
4 191 2 1.234240e-02
5 191 2 1.014938e-02
6 191 2 8.337542e-03
7 191 2 7.330103e-03
8 191 2 7.444357e-03
9 191 2 8.121944e-03
10 191 2 9.116049e-03
11 191 2 1.121178e-02
12 191 2 1.319056e-02
1 192 2 9.892330e-04
2 192 2 1.069086e-03
3 192 2 1.041620e-03
4 192 2 9.018867e-04
5 192 2 7.622302e-04
6 192 2 6.490085e-04
7 192 2 5.703493e-04
8 192 2 5.299884e-04
9 192 2 5.457007e-04
10 192 2 5.992418e-04
11 192 2 7.153398e-04
12 192 2 8.589667e-04
1 200 2 4.656494e-02
2 200 2 4.790374e-02
3 200 2 3.917474e-02
4 200 2 2.589730e-02
5 200 2 1.695108e-02
6 200 2 1.380509e-02
7 200 2 1.311555e-02
8 200 2 1.414401e-02
9 200 2 1.566699e-02
10 200 2 2.003101e-02
11 200 2 2.783605e-02
12 200 2 3.835241e-02
1 201 2 3.155433e-02
2 201 2 3.255753e-02
3 201 2 2.980448e-02
4 201 2 2.294136e-02
5 201 2 1.728851e-02
6 201 2 1.430326e-02
7 201 2 1.351738e-02
8 201 2 1.398250e-02
9 201 2 1.383849e-02
10 201 2 1.646601e-02
11 201 2 2.098974e-02
12 201 2 2.614207e-02
1 206 2 1.658506e-02
2 206 2 1.791403e-02
3 206 2 1.620740e-02
4 206 2 1.383051e-02
5 206 2 1.143776e-02
6 206 2 9.972764e-03
7 206 2 8.553589e-03
8 206 2 8.398542e-03
9 206 2 9.091334e-03
10 206 2 1.029088e-02
11 206 2 1.206328e-02
12 206 2 1.421180e-02
1 207 2 6.299147e-04
2 207 2 6.877877e-04
3 207 2 6.522832e-04
4 207 2 5.914584e-04
5 207 2 5.245364e-04
6 207 2 4.498925e-04
7 207 2 3.965399e-04
8 207 2 3.904907e-04
9 207 2 3.939802e-04
10 207 2 4.339550e-04
11 207 2 4.676749e-04
12 207 2 5.349911e-04
1 212 2 9.031515e-03
2 212 2 9.640584e-03
3 212 2 8.556962e-03
4 212 2 7.193758e-03
5 212 2 5.606965e-03
6 212 2 4.525287e-03
7 212 2 3.756244e-03
8 212 2 3.630376e-03
9 212 2 4.123115e-03
10 212 2 4.865082e-03
11 212 2 5.770835e-03
12 212 2 7.630146e-03
1 213 2 1.966782e-03
2 213 2 2.149545e-03
3 213 2 1.821654e-03
4 213 2 1.541510e-03
5 213 2 1.189480e-03
6 213 2 9.169222e-04
7 213 2 7.781983e-04
8 213 2 7.597100e-04
9 213 2 9.151030e-04
10 213 2 1.127759e-03
11 213 2 1.384874e-03
12 213 2 1.694694e-03
1 214 2 6.983144e-02
2 214 2 7.403008e-02
3 214 2 5.947857e-02
4 214 2 4.417681e-02
5 214 2 3.265477e-02
6 214 2 2.406507e-02
7 214 2 2.084072e-02
8 214 2 2.148520e-02
9 214 2 2.712048e-02
10 214 2 3.635930e-02
11 214 2 4.977255e-02
12 214 2 6.036544e-02
1 215 2 2.591558e-02
2 215 2 2.665763e-02
3 215 2 2.485416e-02
4 215 2 1.980772e-02
5 215 2 1.608892e-02
6 215 2 1.292711e-02
7 215 2 1.117081e-02
8 215 2 1.119828e-02
9 215 2 1.259322e-02
10 215 2 1.498188e-02
11 215 2 1.886426e-02
12 215 2 2.278906e-02
1 216 2 1.831006e-02
2 216 2 1.911705e-02
3 216 2 1.792708e-02
4 216 2 1.457367e-02
5 216 2 1.166976e-02
6 216 2 1.003912e-02
7 216 2 8.821771e-03
8 216 2 8.435249e-03
9 216 2 8.753066e-03
10 216 2 9.948681e-03
11 216 2 1.196658e-02
12 216 2 1.537921e-02
1 224 2 1.361484e-03
2 224 2 1.488425e-03
3 224 2 1.298832e-03
4 224 2 1.118489e-03
5 224 2 9.032009e-04
6 224 2 7.675457e-04
7 224 2 6.973078e-04
8 224 2 7.283300e-04
9 224 2 7.490043e-04
10 224 2 8.834147e-04
11 224 2 1.054972e-03
12 224 2 1.258664e-03
1 240 2 1.132109e-03
2 240 2 1.154744e-03
3 240 2 1.055985e-03
4 240 2 9.326003e-04
5 240 2 8.105497e-04
6 240 2 6.991273e-04
7 240 2 6.849451e-04
8 240 2 7.061387e-04
9 240 2 6.873836e-04
10 240 2 7.402403e-04
11 240 2 8.133424e-04
12 240 2 1.007996e-03
