1 7 2 1.110808e-06
2 7 2 9.489513e-07
3 7 2 1.037816e-06
4 7 2 2.682329e-06
5 7 2 9.229132e-06
6 7 2 2.485752e-05
7 7 2 3.363295e-05
8 7 2 2.293127e-05
9 7 2 9.917002e-06
10 7 2 4.347586e-06
11 7 2 2.303410e-06
12 7 2 1.358862e-06
1 25 2 1.915439e-04
2 25 2 1.818702e-04
3 25 2 2.562250e-04
4 25 2 4.675537e-04
5 25 2 1.307990e-03
6 25 2 2.371874e-03
7 25 2 2.875405e-03
8 25 2 2.204928e-03
9 25 2 1.245901e-03
10 25 2 5.830364e-04
11 25 2 2.779986e-04
12 25 2 1.609881e-04
1 26 2 1.075246e-03
2 26 2 8.849380e-04
3 26 2 1.463317e-03
4 26 2 3.266244e-03
5 26 2 9.200507e-03
6 26 2 1.757271e-02
7 26 2 1.906634e-02
8 26 2 1.426549e-02
9 26 2 7.802476e-03
10 26 2 3.140801e-03
11 26 2 1.640940e-03
12 26 2 1.014510e-03
1 27 2 4.598022e-03
2 27 2 4.059641e-03
3 27 2 7.116530e-03
4 27 2 1.812493e-02
5 27 2 5.104115e-02
6 27 2 1.055083e-01
7 27 2 1.189954e-01
8 27 2 8.956475e-02
9 27 2 4.628389e-02
10 27 2 1.738072e-02
11 27 2 9.211160e-03
12 27 2 5.697736e-03
1 28 2 1.154546e-04
2 28 2 1.050668e-04
3 28 2 1.767041e-04
4 28 2 4.803241e-04
5 28 2 1.371619e-03
6 28 2 2.936614e-03
7 28 2 3.501126e-03
8 28 2 2.638138e-03
9 28 2 1.357114e-03
10 28 2 5.285301e-04
11 28 2 2.638499e-04
12 28 2 1.644958e-04
1 29 2 1.549682e-04
2 29 2 1.466004e-04
3 29 2 2.335418e-04
4 29 2 7.022213e-04
5 29 2 2.099950e-03
6 29 2 5.168168e-03
7 29 2 7.040235e-03
8 29 2 5.237985e-03
9 29 2 2.405543e-03
10 29 2 8.915839e-04
11 29 2 4.214553e-04
12 29 2 2.630908e-04
1 30 2 3.509767e-05
2 30 2 3.069510e-05
3 30 2 4.878526e-05
4 30 2 1.493179e-04
5 30 2 4.136338e-04
6 30 2 1.124923e-03
7 30 2 1.630522e-03
8 30 2 1.248665e-03
9 30 2 5.649777e-04
10 30 2 2.211425e-04
11 30 2 1.020069e-04
12 30 2 6.109179e-05
1 31 2 6.265325e-05
2 31 2 4.827960e-05
3 31 2 7.334259e-05
4 31 2 2.041368e-04
5 31 2 5.271801e-04
6 31 2 1.388039e-03
7 31 2 1.957443e-03
8 31 2 1.579999e-03
9 31 2 7.904206e-04
10 31 2 3.619737e-04
11 31 2 1.737916e-04
12 31 2 9.684473e-05
1 32 2 7.417135e-05
2 32 2 6.139961e-05
3 32 2 8.582606e-05
4 32 2 1.907089e-04
5 32 2 5.093579e-04
6 32 2 1.206569e-03
7 32 2 1.556617e-03
8 32 2 1.285836e-03
9 32 2 7.180253e-04
10 32 2 3.701492e-04
11 32 2 1.912780e-04
12 32 2 9.919872e-05
1 35 2 8.438678e-04
2 35 2 8.040790e-04
3 35 2 8.734677e-04
4 35 2 1.163975e-03
5 35 2 1.824685e-03
6 35 2 2.786693e-03
7 35 2 3.353247e-03
8 35 2 3.079169e-03
9 35 2 2.092722e-03
10 35 2 1.513035e-03
11 35 2 1.146043e-03
12 35 2 9.310565e-04
1 36 2 1.012113e-04
2 36 2 9.501775e-05
3 36 2 1.053078e-04
4 36 2 1.264838e-04
5 36 2 1.729877e-04
6 36 2 2.495490e-04
7 36 2 2.938982e-04
8 36 2 2.994021e-04
9 36 2 2.285425e-04
10 36 2 1.790539e-04
11 36 2 1.370453e-04
12 36 2 1.135536e-04
1 37 2 9.111189e-03
2 37 2 8.818365e-03
3 37 2 1.111155e-02
4 37 2 1.428796e-02
5 37 2 2.160067e-02
6 37 2 3.276210e-02
7 37 2 3.810401e-02
8 37 2 3.745714e-02
9 37 2 2.756497e-02
10 37 2 2.066891e-02
11 37 2 1.456768e-02
12 37 2 1.116008e-02
1 38 2 1.535221e-02
2 38 2 1.533845e-02
3 38 2 2.336610e-02
4 38 2 3.464410e-02
5 38 2 6.325115e-02
6 38 2 1.122343e-01
7 38 2 1.330494e-01
8 38 2 1.153925e-01
9 38 2 7.453476e-02
10 38 2 5.094444e-02
11 38 2 2.911066e-02
12 38 2 2.100737e-02
1 39 2 1.242080e-03
2 39 2 1.293997e-03
3 39 2 2.096008e-03
4 39 2 3.236411e-03
5 39 2 6.279708e-03
6 39 2 1.214026e-02
7 39 2 1.507481e-02
8 39 2 1.220483e-02
9 39 2 7.692853e-03
10 39 2 4.857945e-03
11 39 2 2.458987e-03
12 39 2 1.794882e-03
1 40 2 2.646580e-04
2 40 2 2.903757e-04
3 40 2 5.178809e-04
4 40 2 8.708578e-04
5 40 2 1.903739e-03
6 40 2 4.322326e-03
7 40 2 5.407897e-03
8 40 2 3.967097e-03
9 40 2 2.443692e-03
10 40 2 1.316684e-03
11 40 2 5.640294e-04
12 40 2 4.201843e-04
1 41 2 1.409532e-04
2 41 2 1.506860e-04
3 41 2 3.019697e-04
4 41 2 5.378295e-04
5 41 2 1.348955e-03
6 41 2 3.423112e-03
7 41 2 4.425880e-03
8 41 2 3.104292e-03
9 41 2 1.734822e-03
10 41 2 7.518881e-04
11 41 2 2.888552e-04
12 41 2 2.407571e-04
1 42 2 7.629366e-05
2 42 2 7.980468e-05
3 42 2 1.720977e-04
4 42 2 3.394958e-04
5 42 2 9.651294e-04
6 42 2 2.676980e-03
7 42 2 3.747458e-03
8 42 2 2.502612e-03
9 42 2 1.185118e-03
10 42 2 4.241409e-04
11 42 2 1.581278e-04
12 42 2 1.297209e-04
1 43 2 2.142285e-06
2 43 2 2.221273e-06
3 43 2 5.241053e-06
4 43 2 1.278832e-05
5 43 2 4.280487e-05
6 43 2 1.262382e-04
7 43 2 1.845428e-04
8 43 2 1.158432e-04
9 43 2 4.737043e-05
10 43 2 1.454393e-05
11 43 2 4.959791e-06
12 43 2 3.475363e-06
1 44 2 8.838359e-06
2 44 2 8.880560e-06
3 44 2 1.931658e-05
4 44 2 5.222191e-05
5 44 2 1.950994e-04
6 44 2 6.148230e-04
7 44 2 8.985976e-04
8 44 2 5.418488e-04
9 44 2 1.953283e-04
10 44 2 5.787183e-05
11 44 2 1.899370e-05
12 44 2 1.284187e-05
1 45 2 2.030497e-05
2 45 2 2.275594e-05
3 45 2 4.146526e-05
4 45 2 1.222844e-04
5 45 2 5.121031e-04
6 45 2 1.699211e-03
7 45 2 2.377175e-03
8 45 2 1.447459e-03
9 45 2 4.977485e-04
10 45 2 1.270856e-04
11 45 2 3.683664e-05
12 45 2 2.407461e-05
1 46 2 9.207959e-06
2 46 2 1.158384e-05
3 46 2 1.820892e-05
4 46 2 5.056432e-05
5 46 2 1.985640e-04
6 46 2 6.159233e-04
7 46 2 8.616332e-04
8 46 2 5.399093e-04
9 46 2 2.028053e-04
10 46 2 4.915760e-05
11 46 2 1.351537e-05
12 46 2 9.638345e-06
1 47 2 1.210377e-05
2 47 2 1.540371e-05
3 47 2 2.170624e-05
4 47 2 4.863342e-05
5 47 2 1.657670e-04
6 47 2 4.566878e-04
7 47 2 6.193661e-04
8 47 2 4.199746e-04
9 47 2 1.779140e-04
10 47 2 5.487551e-05
11 47 2 1.618971e-05
12 47 2 1.230633e-05
1 48 2 1.637260e-05
2 48 2 1.880783e-05
3 48 2 2.586912e-05
4 48 2 5.051693e-05
5 48 2 1.567637e-04
6 48 2 3.605834e-04
7 48 2 4.791818e-04
8 48 2 3.371319e-04
9 48 2 1.604884e-04
10 48 2 5.983575e-05
11 48 2 2.154012e-05
12 48 2 1.428410e-05
1 49 2 5.596737e-04
2 49 2 5.092537e-04
3 49 2 5.776430e-04
4 49 2 6.760800e-04
5 49 2 9.669385e-04
6 49 2 1.471141e-03
7 49 2 2.193964e-03
8 49 2 2.063115e-03
9 49 2 1.438999e-03
10 49 2 1.029742e-03
11 49 2 7.517953e-04
12 49 2 5.484333e-04
1 50 2 2.278794e-03
2 50 2 1.967053e-03
3 50 2 2.305690e-03
4 50 2 2.628248e-03
5 50 2 3.699076e-03
6 50 2 5.428342e-03
7 50 2 7.491911e-03
8 50 2 7.204693e-03
9 50 2 5.216853e-03
10 50 2 3.718792e-03
11 50 2 2.784188e-03
12 50 2 2.192244e-03
1 51 2 8.753046e-04
2 51 2 7.988526e-04
3 51 2 8.680416e-04
4 51 2 1.002007e-03
5 51 2 1.365761e-03
6 51 2 1.915371e-03
7 51 2 2.496009e-03
8 51 2 2.475283e-03
9 51 2 2.056597e-03
10 51 2 1.446558e-03
11 51 2 1.084142e-03
12 51 2 9.085440e-04
1 52 2 2.834992e-01
2 52 2 2.979819e-01
3 52 2 3.743331e-01
4 52 2 5.457266e-01
5 52 2 9.228955e-01
6 52 2 1.270111e+00
7 52 2 1.629153e+00
8 52 2 1.523816e+00
9 52 2 1.230081e+00
10 52 2 7.027022e-01
11 52 2 4.229579e-01
12 52 2 3.261651e-01
1 53 2 6.569939e-02
2 53 2 8.242873e-02
3 53 2 1.396517e-01
4 53 2 3.048178e-01
5 53 2 5.804663e-01
6 53 2 8.667840e-01
7 53 2 1.203199e+00
8 53 2 1.025266e+00
9 53 2 6.939077e-01
10 53 2 3.060425e-01
11 53 2 1.365032e-01
12 53 2 8.648033e-02
1 54 2 3.958754e-02
2 54 2 5.135517e-02
3 54 2 9.603625e-02
4 54 2 2.386406e-01
5 54 2 4.700477e-01
6 54 2 9.079177e-01
7 54 2 1.289740e+00
8 54 2 1.081480e+00
9 54 2 6.559007e-01
10 54 2 2.789528e-01
11 54 2 1.195719e-01
12 54 2 6.595821e-02
1 55 2 2.164118e-02
2 55 2 2.413569e-02
3 55 2 4.502446e-02
4 55 2 1.054270e-01
5 55 2 2.092100e-01
6 55 2 4.467885e-01
7 55 2 6.210699e-01
8 55 2 5.356189e-01
9 55 2 3.396548e-01
10 55 2 1.628590e-01
11 55 2 7.619552e-02
12 55 2 4.362977e-02
1 56 2 6.910438e-02
2 56 2 7.171527e-02
3 56 2 1.242127e-01
4 56 2 2.769767e-01
5 56 2 6.054341e-01
6 56 2 1.193444e+00
7 56 2 1.650040e+00
8 56 2 1.369450e+00
9 56 2 8.951050e-01
10 56 2 4.611906e-01
11 56 2 2.079218e-01
12 56 2 1.192452e-01
1 57 2 1.381269e-02
2 57 2 1.317867e-02
3 57 2 1.620901e-02
4 57 2 2.460275e-02
5 57 2 4.116425e-02
6 57 2 6.697938e-02
7 57 2 9.537940e-02
8 57 2 8.596014e-02
9 57 2 6.395440e-02
10 57 2 4.108097e-02
11 57 2 2.512123e-02
12 57 2 1.805349e-02
1 60 2 4.627000e-01
2 60 2 4.480831e-01
3 60 2 5.138624e-01
4 60 2 6.094332e-01
5 60 2 7.513827e-01
6 60 2 9.888146e-01
7 60 2 1.151178e+00
8 60 2 1.151662e+00
9 60 2 9.773509e-01
10 60 2 7.978430e-01
11 60 2 6.380878e-01
12 60 2 5.289094e-01
1 61 2 1.140474e+00
2 61 2 1.147334e+00
3 61 2 1.613706e+00
4 61 2 2.430582e+00
5 61 2 3.545478e+00
6 61 2 4.995004e+00
7 61 2 5.911104e+00
8 61 2 5.686971e+00
9 61 2 4.418926e+00
10 61 2 3.005780e+00
11 61 2 1.960853e+00
12 61 2 1.375326e+00
1 62 2 1.933041e-02
2 62 2 2.117135e-02
3 62 2 3.332757e-02
4 62 2 6.033307e-02
5 62 2 1.034842e-01
6 62 2 1.468006e-01
7 62 2 1.795075e-01
8 62 2 1.675637e-01
9 62 2 1.167621e-01
10 62 2 6.962981e-02
11 62 2 3.781207e-02
12 62 2 2.460701e-02
1 63 2 1.633547e-02
2 63 2 1.983057e-02
3 63 2 3.318174e-02
4 63 2 6.978961e-02
5 63 2 1.339377e-01
6 63 2 1.991198e-01
7 63 2 2.546261e-01
8 63 2 2.215746e-01
9 63 2 1.353308e-01
10 63 2 7.390562e-02
11 63 2 3.413755e-02
12 63 2 2.234788e-02
1 64 2 3.907395e-03
2 64 2 5.005780e-03
3 64 2 9.532212e-03
4 64 2 2.257863e-02
5 64 2 4.835631e-02
6 64 2 7.745574e-02
7 64 2 9.817684e-02
8 64 2 7.675236e-02
9 64 2 4.394726e-02
10 64 2 1.942811e-02
11 64 2 8.877693e-03
12 64 2 6.075518e-03
1 65 2 1.320937e-03
2 65 2 1.637971e-03
3 65 2 3.588486e-03
4 65 2 1.011966e-02
5 65 2 2.121770e-02
6 65 2 3.606027e-02
7 65 2 4.673923e-02
8 65 2 3.488363e-02
9 65 2 1.978489e-02
10 65 2 7.020793e-03
11 65 2 3.090691e-03
12 65 2 2.239819e-03
1 66 2 8.764877e-04
2 66 2 1.083612e-03
3 66 2 2.576056e-03
4 66 2 8.451186e-03
5 66 2 1.757243e-02
6 66 2 3.021659e-02
7 66 2 4.167371e-02
8 66 2 3.150537e-02
9 66 2 1.782208e-02
10 66 2 5.904658e-03
11 66 2 2.262753e-03
12 66 2 1.403542e-03
1 67 2 3.214460e-04
2 67 2 4.286333e-04
3 67 2 1.090017e-03
4 67 2 4.026619e-03
5 67 2 9.136165e-03
6 67 2 1.558180e-02
7 67 2 2.178507e-02
8 67 2 1.676540e-02
9 67 2 9.169505e-03
10 67 2 3.372055e-03
11 67 2 1.066269e-03
12 67 2 4.799221e-04
1 68 2 9.302672e-05
2 68 2 1.249099e-04
3 68 2 3.709753e-04
4 68 2 1.705198e-03
5 68 2 4.646883e-03
6 68 2 8.904867e-03
7 68 2 1.276790e-02
8 68 2 9.495916e-03
9 68 2 4.557183e-03
10 68 2 1.674254e-03
11 68 2 3.817893e-04
12 68 2 1.328494e-04
1 69 2 4.302487e-05
2 69 2 6.100127e-05
3 69 2 1.458804e-04
4 69 2 6.396942e-04
5 69 2 2.051210e-03
6 69 2 4.854418e-03
7 69 2 7.111683e-03
8 69 2 5.474557e-03
9 69 2 2.351834e-03
10 69 2 7.647256e-04
11 69 2 1.481762e-04
12 69 2 5.572387e-05
1 70 2 2.331770e-04
2 70 2 2.725394e-04
3 70 2 3.905410e-04
4 70 2 1.018901e-03
5 70 2 2.555081e-03
6 70 2 6.204463e-03
7 70 2 1.004306e-02
8 70 2 9.153283e-03
9 70 2 4.726142e-03
10 70 2 1.684629e-03
11 70 2 5.123636e-04
12 70 2 2.884236e-04
1 71 2 1.536124e-04
2 71 2 1.558806e-04
3 71 2 1.763908e-04
4 71 2 2.830538e-04
5 71 2 5.481701e-04
6 71 2 1.143534e-03
7 71 2 1.754966e-03
8 71 2 1.744877e-03
9 71 2 1.119496e-03
10 71 2 5.332012e-04
11 71 2 2.547238e-04
12 71 2 1.769143e-04
1 72 2 6.459259e-07
2 72 2 6.169154e-07
3 72 2 6.683639e-07
4 72 2 8.521704e-07
5 72 2 1.325914e-06
6 72 2 2.307135e-06
7 72 2 3.573488e-06
8 72 2 3.436857e-06
9 72 2 2.404540e-06
10 72 2 1.457977e-06
11 72 2 8.983149e-07
12 72 2 6.415148e-07
1 76 2 7.971673e-01
2 76 2 7.293261e-01
3 76 2 7.366664e-01
4 76 2 8.013176e-01
5 76 2 1.089405e+00
6 76 2 1.553422e+00
7 76 2 2.083053e+00
8 76 2 2.222999e+00
9 76 2 2.118086e+00
10 76 2 1.414458e+00
11 76 2 9.130921e-01
12 76 2 7.985784e-01
1 77 2 7.587327e-01
2 77 2 9.852084e-01
3 77 2 1.290564e+00
4 77 2 2.085835e+00
5 77 2 3.502201e+00
6 77 2 5.407034e+00
7 77 2 7.346700e+00
8 77 2 6.973209e+00
9 77 2 5.165458e+00
10 77 2 2.609650e+00
11 77 2 1.145122e+00
12 77 2 7.217648e-01
1 78 2 8.878178e-01
2 78 2 1.213078e+00
3 78 2 1.689284e+00
4 78 2 3.029908e+00
5 78 2 4.737901e+00
6 78 2 7.522144e+00
7 78 2 9.285253e+00
8 78 2 8.694513e+00
9 78 2 5.637427e+00
10 78 2 2.989638e+00
11 78 2 1.614469e+00
12 78 2 9.320876e-01
1 79 2 2.779957e+00
2 79 2 3.411053e+00
3 79 2 5.008409e+00
4 79 2 8.307278e+00
5 79 2 1.262106e+01
6 79 2 2.061865e+01
7 79 2 2.526558e+01
8 79 2 2.393466e+01
9 79 2 1.652702e+01
10 79 2 9.976463e+00
11 79 2 5.684074e+00
12 79 2 3.481959e+00
1 80 2 1.385064e+00
2 80 2 1.387768e+00
3 80 2 1.743818e+00
4 80 2 2.357842e+00
5 80 2 3.516511e+00
6 80 2 5.350245e+00
7 80 2 6.889253e+00
8 80 2 6.820246e+00
9 80 2 5.660680e+00
10 80 2 3.968727e+00
11 80 2 2.315198e+00
12 80 2 1.711317e+00
1 81 2 2.087337e-07
2 81 2 1.891630e-07
3 81 2 1.992400e-07
4 81 2 2.362498e-07
5 81 2 3.401976e-07
6 81 2 4.584064e-07
7 81 2 6.116645e-07
8 81 2 6.563024e-07
9 81 2 5.967837e-07
10 81 2 4.579081e-07
11 81 2 3.026947e-07
12 81 2 2.478150e-07
1 84 2 1.019968e-01
2 84 2 1.078363e-01
3 84 2 1.333719e-01
4 84 2 1.685404e-01
5 84 2 2.259618e-01
6 84 2 3.702547e-01
7 84 2 4.958908e-01
8 84 2 4.751866e-01
9 84 2 3.565547e-01
10 84 2 2.250218e-01
11 84 2 1.511645e-01
12 84 2 1.154733e-01
1 85 2 2.220210e-01
2 85 2 2.500132e-01
3 85 2 3.250574e-01
4 85 2 4.722781e-01
5 85 2 7.560144e-01
6 85 2 1.154930e+00
7 85 2 1.597954e+00
8 85 2 1.520147e+00
9 85 2 1.094609e+00
10 85 2 6.037928e-01
11 85 2 3.405137e-01
12 85 2 2.470770e-01
1 86 2 3.520580e-02
2 86 2 3.986033e-02
3 86 2 5.093856e-02
4 86 2 7.398952e-02
5 86 2 1.189158e-01
6 86 2 1.725442e-01
7 86 2 2.370299e-01
8 86 2 2.378053e-01
9 86 2 1.760212e-01
10 86 2 1.020728e-01
11 86 2 5.622670e-02
12 86 2 4.018484e-02
1 87 2 2.153887e-02
2 87 2 2.913962e-02
3 87 2 4.160603e-02
4 87 2 6.576966e-02
5 87 2 1.153841e-01
6 87 2 1.734370e-01
7 87 2 2.351269e-01
8 87 2 2.395864e-01
9 87 2 1.737012e-01
10 87 2 9.779841e-02
11 87 2 4.297004e-02
12 87 2 2.611925e-02
1 88 2 1.215050e-02
2 88 2 1.725469e-02
3 88 2 2.705790e-02
4 88 2 5.133947e-02
5 88 2 1.053637e-01
6 88 2 1.656028e-01
7 88 2 2.120774e-01
8 88 2 1.860085e-01
9 88 2 1.201987e-01
10 88 2 5.680369e-02
11 88 2 2.912149e-02
12 88 2 1.617592e-02
1 89 2 4.202647e-03
2 89 2 5.847439e-03
3 89 2 1.109826e-02
4 89 2 2.087393e-02
5 89 2 4.165632e-02
6 89 2 6.222970e-02
7 89 2 7.259496e-02
8 89 2 6.357588e-02
9 89 2 4.148996e-02
10 89 2 1.974384e-02
11 89 2 1.086405e-02
12 89 2 6.013298e-03
1 90 2 1.597336e-03
2 90 2 2.105235e-03
3 90 2 4.177614e-03
4 90 2 7.497928e-03
5 90 2 1.151263e-02
6 90 2 1.523890e-02
7 90 2 1.711422e-02
8 90 2 1.583540e-02
9 90 2 1.154016e-02
10 90 2 6.883213e-03
11 90 2 3.795082e-03
12 90 2 2.160457e-03
1 91 2 8.773353e-06
2 91 2 1.241391e-05
3 91 2 2.593540e-05
4 91 2 4.900976e-05
5 91 2 7.233075e-05
6 91 2 9.193912e-05
7 91 2 1.032343e-04
8 91 2 9.467572e-05
9 91 2 6.807380e-05
10 91 2 4.213784e-05
11 91 2 2.183917e-05
12 91 2 1.121128e-05
1 92 2 4.492864e-06
2 92 2 6.417783e-06
3 92 2 1.608776e-05
4 92 2 3.838168e-05
5 92 2 7.238227e-05
6 92 2 1.109151e-04
7 92 2 1.331387e-04
8 92 2 1.211775e-04
9 92 2 7.580983e-05
10 92 2 4.029049e-05
11 92 2 1.580196e-05
12 92 2 6.783392e-06
1 93 2 1.578240e-02
2 93 2 1.904288e-02
3 93 2 3.915317e-02
4 93 2 9.125081e-02
5 93 2 1.627863e-01
6 93 2 2.583304e-01
7 93 2 3.465367e-01
8 93 2 3.406752e-01
9 93 2 2.291398e-01
10 93 2 1.319567e-01
11 93 2 5.651104e-02
12 93 2 2.353798e-02
1 94 2 3.671039e-02
2 94 2 3.652532e-02
3 94 2 4.877014e-02
4 94 2 8.642967e-02
5 94 2 1.475302e-01
6 94 2 2.323044e-01
7 94 2 3.209275e-01
8 94 2 3.497399e-01
9 94 2 2.880861e-01
10 94 2 1.738882e-01
11 94 2 9.333012e-02
12 94 2 5.099334e-02
1 98 2 1.010281e-01
2 98 2 9.404375e-02
3 98 2 8.855676e-02
4 98 2 9.428744e-02
5 98 2 1.070098e-01
6 98 2 1.224508e-01
7 98 2 1.377320e-01
8 98 2 1.451628e-01
9 98 2 1.432432e-01
10 98 2 1.354031e-01
11 98 2 1.217941e-01
12 98 2 1.108340e-01
1 101 2 7.758981e-03
2 101 2 7.972617e-03
3 101 2 8.169868e-03
4 101 2 1.007469e-02
5 101 2 1.295625e-02
6 101 2 1.512777e-02
7 101 2 1.614803e-02
8 101 2 1.618089e-02
9 101 2 1.555577e-02
10 101 2 1.333747e-02
11 101 2 1.025615e-02
12 101 2 8.226168e-03
1 102 2 5.183875e-01
2 102 2 5.859655e-01
3 102 2 7.201625e-01
4 102 2 9.007785e-01
5 102 2 1.042414e+00
6 102 2 1.137982e+00
7 102 2 1.170027e+00
8 102 2 1.184811e+00
9 102 2 1.067845e+00
10 102 2 8.226692e-01
11 102 2 6.602951e-01
12 102 2 5.411939e-01
1 103 2 8.239428e-01
2 103 2 8.408404e-01
3 103 2 9.164106e-01
4 103 2 1.035509e+00
5 103 2 1.205933e+00
6 103 2 1.380036e+00
7 103 2 1.493024e+00
8 103 2 1.566895e+00
9 103 2 1.536800e+00
10 103 2 1.343030e+00
11 103 2 1.104853e+00
12 103 2 9.186486e-01
1 104 2 1.302549e-02
2 104 2 1.249893e-02
3 104 2 1.263474e-02
4 104 2 1.385217e-02
5 104 2 1.619750e-02
6 104 2 1.858741e-02
7 104 2 2.086113e-02
8 104 2 2.253510e-02
9 104 2 2.271650e-02
10 104 2 2.122170e-02
11 104 2 1.745676e-02
12 104 2 1.445418e-02
1 107 2 3.677641e-03
2 107 2 3.879844e-03
3 107 2 4.529857e-03
4 107 2 5.190717e-03
5 107 2 5.821063e-03
6 107 2 7.452359e-03
7 107 2 8.145744e-03
8 107 2 8.112785e-03
9 107 2 7.594780e-03
10 107 2 6.496212e-03
11 107 2 5.164250e-03
12 107 2 4.038639e-03
1 108 2 6.303305e-04
2 108 2 8.055631e-04
3 108 2 1.170167e-03
4 108 2 1.812333e-03
5 108 2 2.813224e-03
6 108 2 3.861238e-03
7 108 2 4.133339e-03
8 108 2 3.653001e-03
9 108 2 2.955854e-03
10 108 2 2.039335e-03
11 108 2 1.062286e-03
12 108 2 6.762490e-04
1 109 2 1.196765e-03
2 109 2 1.580753e-03
3 109 2 2.472399e-03
4 109 2 4.290638e-03
5 109 2 7.310318e-03
6 109 2 9.215026e-03
7 109 2 9.363299e-03
8 109 2 8.607502e-03
9 109 2 6.912070e-03
10 109 2 4.849952e-03
11 109 2 2.157138e-03
12 109 2 1.260120e-03
1 110 2 5.271008e-04
2 110 2 6.714255e-04
3 110 2 1.078344e-03
4 110 2 1.669234e-03
5 110 2 2.588915e-03
6 110 2 2.998088e-03
7 110 2 3.223234e-03
8 110 2 3.187753e-03
9 110 2 2.684014e-03
10 110 2 1.956816e-03
11 110 2 9.465212e-04
12 110 2 5.571326e-04
1 111 2 1.810274e-02
2 111 2 2.264125e-02
3 111 2 3.665569e-02
4 111 2 5.555476e-02
5 111 2 8.396289e-02
6 111 2 1.076806e-01
7 111 2 1.138265e-01
8 111 2 1.127407e-01
9 111 2 9.600859e-02
10 111 2 6.249695e-02
11 111 2 3.366665e-02
12 111 2 2.056421e-02
1 112 2 2.083853e-02
2 112 2 2.686874e-02
3 112 2 4.713543e-02
4 112 2 7.838347e-02
5 112 2 1.191953e-01
6 112 2 1.452535e-01
7 112 2 1.479368e-01
8 112 2 1.378924e-01
9 112 2 1.052657e-01
10 112 2 6.988308e-02
11 112 2 4.010559e-02
12 112 2 2.465250e-02
1 113 2 1.195660e-02
2 113 2 1.514790e-02
3 113 2 2.544855e-02
4 113 2 3.805599e-02
5 113 2 4.683154e-02
6 113 2 4.089086e-02
7 113 2 3.508678e-02
8 113 2 3.351073e-02
9 113 2 3.314369e-02
10 113 2 3.026335e-02
11 113 2 2.116732e-02
12 113 2 1.429662e-02
1 114 2 3.259105e-02
2 114 2 4.419511e-02
3 114 2 7.874113e-02
4 114 2 1.147797e-01
5 114 2 1.324220e-01
6 114 2 9.694039e-02
7 114 2 8.006620e-02
8 114 2 7.339038e-02
9 114 2 7.082432e-02
10 114 2 6.338907e-02
11 114 2 4.832286e-02
12 114 2 3.579452e-02
1 115 2 1.085159e-02
2 115 2 1.578809e-02
3 115 2 2.502669e-02
4 115 2 3.102277e-02
5 115 2 2.770480e-02
6 115 2 2.572300e-02
7 115 2 2.480936e-02
8 115 2 2.380282e-02
9 115 2 2.189150e-02
10 115 2 1.956340e-02
11 115 2 1.486119e-02
12 115 2 1.066179e-02
1 116 2 6.863011e-03
2 116 2 8.785492e-03
3 116 2 1.343511e-02
4 116 2 1.901691e-02
5 116 2 2.211787e-02
6 116 2 2.518664e-02
7 116 2 2.640525e-02
8 116 2 2.527568e-02
9 116 2 2.047612e-02
10 116 2 1.637020e-02
11 116 2 1.189263e-02
12 116 2 7.834353e-03
1 117 2 2.125017e-03
2 117 2 2.219049e-03
3 117 2 2.802454e-03
4 117 2 3.836199e-03
5 117 2 4.885088e-03
6 117 2 5.787749e-03
7 117 2 6.161662e-03
8 117 2 6.153582e-03
9 117 2 5.614771e-03
10 117 2 4.806583e-03
11 117 2 3.880172e-03
12 117 2 2.802987e-03
1 126 2 1.427845e-04
2 126 2 1.484099e-04
3 126 2 1.608560e-04
4 126 2 1.698542e-04
5 126 2 1.678175e-04
6 126 2 1.559675e-04
7 126 2 1.503437e-04
8 126 2 1.518125e-04
9 126 2 1.510088e-04
10 126 2 1.483903e-04
11 126 2 1.449958e-04
12 126 2 1.428004e-04
1 127 2 1.439855e-02
2 127 2 1.464362e-02
3 127 2 1.545603e-02
4 127 2 1.604664e-02
5 127 2 1.626525e-02
6 127 2 1.575496e-02
7 127 2 1.575930e-02
8 127 2 1.612095e-02
9 127 2 1.594910e-02
10 127 2 1.530990e-02
11 127 2 1.483719e-02
12 127 2 1.465353e-02
1 128 2 6.525676e-02
2 128 2 6.701809e-02
3 128 2 6.879835e-02
4 128 2 6.715888e-02
5 128 2 6.532902e-02
6 128 2 6.336661e-02
7 128 2 6.753711e-02
8 128 2 7.678998e-02
9 128 2 8.074395e-02
10 128 2 7.626647e-02
11 128 2 6.935321e-02
12 128 2 6.534453e-02
1 129 2 1.860962e-03
2 129 2 1.835411e-03
3 129 2 1.881702e-03
4 129 2 1.936272e-03
5 129 2 1.966148e-03
6 129 2 2.019337e-03
7 129 2 2.110008e-03
8 129 2 2.299905e-03
9 129 2 2.402916e-03
10 129 2 2.413502e-03
11 129 2 2.203610e-03
12 129 2 1.957639e-03
1 133 2 3.995875e-02
2 133 2 4.645796e-02
3 133 2 5.577027e-02
4 133 2 5.726132e-02
5 133 2 5.462144e-02
6 133 2 5.020448e-02
7 133 2 4.480797e-02
8 133 2 4.195757e-02
9 133 2 4.375240e-02
10 133 2 4.659799e-02
11 133 2 4.445523e-02
12 133 2 3.889835e-02
1 135 2 1.727094e-03
2 135 2 1.945830e-03
3 135 2 2.314037e-03
4 135 2 2.492110e-03
5 135 2 2.394679e-03
6 135 2 2.136298e-03
7 135 2 1.845550e-03
8 135 2 1.864020e-03
9 135 2 1.980734e-03
10 135 2 1.862765e-03
11 135 2 1.785444e-03
12 135 2 1.677181e-03
1 136 2 1.933984e-03
2 136 2 1.990461e-03
3 136 2 2.461576e-03
4 136 2 2.992527e-03
5 136 2 3.276952e-03
6 136 2 2.989830e-03
7 136 2 2.645650e-03
8 136 2 2.639582e-03
9 136 2 2.653225e-03
10 136 2 2.495883e-03
11 136 2 2.359845e-03
12 136 2 2.095572e-03
1 137 2 4.706540e-04
2 137 2 4.937646e-04
3 137 2 5.661113e-04
4 137 2 6.220732e-04
5 137 2 6.140240e-04
6 137 2 5.649636e-04
7 137 2 5.226515e-04
8 137 2 5.043064e-04
9 137 2 5.046233e-04
10 137 2 5.257010e-04
11 137 2 5.197543e-04
12 137 2 4.900817e-04
1 138 2 1.879792e-02
2 138 2 2.067131e-02
3 138 2 2.398177e-02
4 138 2 2.669022e-02
5 138 2 2.692880e-02
6 138 2 2.366771e-02
7 138 2 2.192586e-02
8 138 2 2.114478e-02
9 138 2 2.120247e-02
10 138 2 2.132602e-02
11 138 2 2.068664e-02
12 138 2 1.918513e-02
1 139 2 3.171793e-02
2 139 2 3.612087e-02
3 139 2 4.036152e-02
4 139 2 4.236228e-02
5 139 2 4.176530e-02
6 139 2 3.889483e-02
7 139 2 3.680039e-02
8 139 2 3.542645e-02
9 139 2 3.496727e-02
10 139 2 3.523873e-02
11 139 2 3.353235e-02
12 139 2 3.069439e-02
1 140 2 1.051491e-02
2 140 2 1.087281e-02
3 140 2 1.180871e-02
4 140 2 1.337908e-02
5 140 2 1.420666e-02
6 140 2 1.364553e-02
7 140 2 1.292010e-02
8 140 2 1.246132e-02
9 140 2 1.227966e-02
10 140 2 1.234752e-02
11 140 2 1.208674e-02
12 140 2 1.126853e-02
1 141 2 1.649223e-02
2 141 2 1.632158e-02
3 141 2 1.678907e-02
4 141 2 1.842587e-02
5 141 2 1.988396e-02
6 141 2 1.966198e-02
7 141 2 1.913030e-02
8 141 2 1.855057e-02
9 141 2 1.839336e-02
10 141 2 1.843660e-02
11 141 2 1.862062e-02
12 141 2 1.807917e-02
1 150 2 1.907937e-05
2 150 2 2.088537e-05
3 150 2 2.235541e-05
4 150 2 2.286024e-05
5 150 2 2.139021e-05
6 150 2 1.886521e-05
7 150 2 1.721033e-05
8 150 2 1.679474e-05
9 150 2 1.625177e-05
10 150 2 1.588201e-05
11 150 2 1.619080e-05
12 150 2 1.722655e-05
1 151 2 1.237951e-02
2 151 2 1.316705e-02
3 151 2 1.396098e-02
4 151 2 1.429017e-02
5 151 2 1.382674e-02
6 151 2 1.301524e-02
7 151 2 1.272766e-02
8 151 2 1.321905e-02
9 151 2 1.258571e-02
10 151 2 1.181039e-02
11 151 2 1.146408e-02
12 151 2 1.175007e-02
1 152 2 9.807915e-03
2 152 2 9.934698e-03
3 152 2 1.002667e-02
4 152 2 9.527923e-03
5 152 2 9.158887e-03
6 152 2 8.995314e-03
7 152 2 1.028405e-02
8 152 2 1.371254e-02
9 152 2 1.455736e-02
10 152 2 1.240737e-02
11 152 2 1.063984e-02
12 152 2 9.839664e-03
1 153 2 1.137543e-02
2 153 2 1.165136e-02
3 153 2 1.229299e-02
4 153 2 1.205780e-02
5 153 2 1.164424e-02
6 153 2 1.143230e-02
7 153 2 1.334513e-02
8 153 2 1.743968e-02
9 153 2 2.121152e-02
10 153 2 1.895874e-02
11 153 2 1.434131e-02
12 153 2 1.196589e-02
1 154 2 3.095445e-02
2 154 2 3.078650e-02
3 154 2 3.203730e-02
4 154 2 3.069768e-02
5 154 2 2.870513e-02
6 154 2 2.582060e-02
7 154 2 2.438143e-02
8 154 2 2.539891e-02
9 154 2 2.863693e-02
10 154 2 3.218280e-02
11 154 2 3.391708e-02
12 154 2 3.279620e-02
1 157 2 1.232727e-03
2 157 2 1.280064e-03
3 157 2 1.370491e-03
4 157 2 1.351185e-03
5 157 2 1.317017e-03
6 157 2 1.238222e-03
7 157 2 1.181441e-03
8 157 2 1.169532e-03
9 157 2 1.161079e-03
10 157 2 1.181324e-03
11 157 2 1.189793e-03
12 157 2 1.205320e-03
1 163 2 5.732931e-03
2 163 2 5.809745e-03
3 163 2 5.982147e-03
4 163 2 6.341115e-03
5 163 2 6.347304e-03
6 163 2 5.868332e-03
7 163 2 5.425254e-03
8 163 2 5.094419e-03
9 163 2 5.167370e-03
10 163 2 5.466878e-03
11 163 2 5.680587e-03
12 163 2 5.725096e-03
1 164 2 2.170117e-02
2 164 2 2.151562e-02
3 164 2 2.211454e-02
4 164 2 2.314621e-02
5 164 2 2.287394e-02
6 164 2 2.115663e-02
7 164 2 1.958233e-02
8 164 2 1.912833e-02
9 164 2 2.048254e-02
10 164 2 2.243953e-02
11 164 2 2.289271e-02
12 164 2 2.251149e-02
1 165 2 1.064706e-02
2 165 2 1.043487e-02
3 165 2 1.056606e-02
4 165 2 1.079976e-02
5 165 2 1.068122e-02
6 165 2 9.828240e-03
7 165 2 9.266686e-03
8 165 2 9.379566e-03
9 165 2 9.997606e-03
10 165 2 1.068961e-02
11 165 2 1.124502e-02
12 165 2 1.125827e-02
1 166 2 4.700995e-03
2 166 2 4.654065e-03
3 166 2 4.577172e-03
4 166 2 4.555698e-03
5 166 2 4.406528e-03
6 166 2 4.075305e-03
7 166 2 3.848321e-03
8 166 2 3.877032e-03
9 166 2 4.022134e-03
10 166 2 4.230989e-03
11 166 2 4.561628e-03
12 166 2 4.791466e-03
1 170 2 1.898308e-04
2 170 2 2.087763e-04
3 170 2 2.051215e-04
4 170 2 1.864445e-04
5 170 2 1.553640e-04
6 170 2 1.306340e-04
7 170 2 1.235593e-04
8 170 2 1.179593e-04
9 170 2 1.199433e-04
10 170 2 1.335560e-04
11 170 2 1.473542e-04
12 170 2 1.696875e-04
1 171 2 6.809907e-04
2 171 2 7.475321e-04
3 171 2 7.565819e-04
4 171 2 6.731186e-04
5 171 2 5.599590e-04
6 171 2 4.798584e-04
7 171 2 4.356598e-04
8 171 2 4.128014e-04
9 171 2 4.188160e-04
10 171 2 4.555548e-04
11 171 2 5.199433e-04
12 171 2 6.142629e-04
1 175 2 1.968906e-05
2 175 2 2.081592e-05
3 175 2 2.087563e-05
4 175 2 1.955251e-05
5 175 2 1.698805e-05
6 175 2 1.548042e-05
7 175 2 1.515922e-05
8 175 2 1.503123e-05
9 175 2 1.398068e-05
10 175 2 1.413249e-05
11 175 2 1.477539e-05
12 175 2 1.723557e-05
1 176 2 1.418799e-02
2 176 2 1.429437e-02
3 176 2 1.399414e-02
4 176 2 1.235986e-02
5 176 2 9.998579e-03
6 176 2 9.060588e-03
7 176 2 9.044064e-03
8 176 2 1.031807e-02
9 176 2 1.123745e-02
10 176 2 1.199310e-02
11 176 2 1.280174e-02
12 176 2 1.359859e-02
1 177 2 6.226546e-02
2 177 2 6.050503e-02
3 177 2 5.712802e-02
4 177 2 4.995465e-02
5 177 2 4.084929e-02
6 177 2 3.488184e-02
7 177 2 3.629402e-02
8 177 2 4.348691e-02
9 177 2 5.465626e-02
10 177 2 5.684041e-02
11 177 2 5.799333e-02
12 177 2 5.811182e-02
1 178 2 2.266484e-02
2 178 2 2.239994e-02
3 178 2 2.147198e-02
4 178 2 1.799697e-02
5 178 2 1.567005e-02
6 178 2 1.324468e-02
7 178 2 1.261472e-02
8 178 2 1.270756e-02
9 178 2 1.449265e-02
10 178 2 1.559368e-02
11 178 2 1.761218e-02
12 178 2 1.955322e-02
1 181 2 2.769010e-04
2 181 2 2.924686e-04
3 181 2 2.964961e-04
4 181 2 2.834900e-04
5 181 2 2.337909e-04
6 181 2 2.021582e-04
7 181 2 1.787495e-04
8 181 2 1.829355e-04
9 181 2 1.981921e-04
10 181 2 2.146050e-04
11 181 2 2.430430e-04
12 181 2 2.587705e-04
1 182 2 3.307018e-02
2 182 2 3.056705e-02
3 182 2 2.882335e-02
4 182 2 2.407723e-02
5 182 2 1.885461e-02
6 182 2 1.410212e-02
7 182 2 1.398222e-02
8 182 2 1.943003e-02
9 182 2 2.696126e-02
10 182 2 3.306702e-02
11 182 2 3.654586e-02
12 182 2 3.507863e-02
1 183 2 7.032592e-03
2 183 2 6.755983e-03
3 183 2 6.449854e-03
4 183 2 5.848255e-03
5 183 2 4.920620e-03
6 183 2 3.993667e-03
7 183 2 3.715688e-03
8 183 2 4.412237e-03
9 183 2 5.130229e-03
10 183 2 6.069056e-03
11 183 2 6.607359e-03
12 183 2 6.796095e-03
1 184 2 2.196884e-03
2 184 2 2.226010e-03
3 184 2 2.155856e-03
4 184 2 1.940131e-03
5 184 2 1.612922e-03
6 184 2 1.303545e-03
7 184 2 1.175470e-03
8 184 2 1.227663e-03
9 184 2 1.300504e-03
10 184 2 1.493465e-03
11 184 2 1.747455e-03
12 184 2 1.991712e-03
1 188 2 7.671408e-03
2 188 2 7.604522e-03
3 188 2 7.048710e-03
4 188 2 5.755752e-03
5 188 2 4.067935e-03
6 188 2 3.094216e-03
7 188 2 2.662547e-03
8 188 2 2.708415e-03
9 188 2 3.668533e-03
10 188 2 4.820969e-03
11 188 2 5.741296e-03
12 188 2 7.160940e-03
1 189 2 6.692928e-03
2 189 2 6.185615e-03
3 189 2 5.610904e-03
4 189 2 4.147292e-03
5 189 2 2.745879e-03
6 189 2 1.941782e-03
7 189 2 1.846220e-03
8 189 2 2.267769e-03
9 189 2 3.648103e-03
10 189 2 5.194365e-03
11 189 2 6.318080e-03
12 189 2 6.602363e-03
1 190 2 2.740233e-02
2 190 2 2.596421e-02
3 190 2 2.253699e-02
4 190 2 1.596248e-02
5 190 2 1.113702e-02
6 190 2 8.079271e-03
7 190 2 7.591382e-03
8 190 2 9.151389e-03
9 190 2 1.285415e-02
10 190 2 1.752331e-02
11 190 2 2.296113e-02
12 190 2 2.576197e-02
1 191 2 1.780015e-02
2 191 2 1.844566e-02
3 191 2 1.792927e-02
4 191 2 1.481159e-02
5 191 2 1.217985e-02
6 191 2 1.000553e-02
7 191 2 8.796547e-03
8 191 2 8.933659e-03
9 191 2 9.746803e-03
10 191 2 1.093979e-02
11 191 2 1.345479e-02
12 191 2 1.582944e-02
1 192 2 1.310942e-03
2 192 2 1.416763e-03
3 192 2 1.380365e-03
4 192 2 1.195190e-03
5 192 2 1.010115e-03
6 192 2 8.600727e-04
7 192 2 7.558328e-04
8 192 2 7.023461e-04
9 192 2 7.231682e-04
10 192 2 7.941214e-04
11 192 2 9.479757e-04
12 192 2 1.138311e-03
1 200 2 6.173579e-02
2 200 2 6.351077e-02
3 200 2 5.193787e-02
4 200 2 3.433464e-02
5 200 2 2.247374e-02
6 200 2 1.830279e-02
7 200 2 1.738860e-02
8 200 2 1.875212e-02
9 200 2 2.077130e-02
10 200 2 2.655711e-02
11 200 2 3.690503e-02
12 200 2 5.084762e-02
1 201 2 4.186478e-02
2 201 2 4.319578e-02
3 201 2 3.954317e-02
4 201 2 3.043751e-02
5 201 2 2.293757e-02
6 201 2 1.897689e-02
7 201 2 1.793422e-02
8 201 2 1.855132e-02
9 201 2 1.836025e-02
10 201 2 2.184632e-02
11 201 2 2.784819e-02
12 201 2 3.468406e-02
1 206 2 2.197411e-02
2 206 2 2.373490e-02
3 206 2 2.147373e-02
4 206 2 1.832451e-02
5 206 2 1.515428e-02
6 206 2 1.321325e-02
7 206 2 1.133294e-02
8 206 2 1.112751e-02
9 206 2 1.204541e-02
10 206 2 1.363473e-02
11 206 2 1.598305e-02
12 206 2 1.882969e-02
1 207 2 8.341510e-04
2 207 2 9.107881e-04
3 207 2 8.637721e-04
4 207 2 7.832260e-04
5 207 2 6.946060e-04
6 207 2 5.957605e-04
7 207 2 5.251095e-04
8 207 2 5.170990e-04
9 207 2 5.217198e-04
10 207 2 5.746556e-04
11 207 2 6.193084e-04
12 207 2 7.084505e-04
1 212 2 1.080684e-02
2 212 2 1.153563e-02
3 212 2 1.023900e-02
4 212 2 8.607832e-03
5 212 2 6.709124e-03
6 212 2 5.414821e-03
7 212 2 4.494607e-03
8 212 2 4.343997e-03
9 212 2 4.933593e-03
10 212 2 5.821409e-03
11 212 2 6.905205e-03
12 212 2 9.130000e-03
1 213 2 2.350685e-03
2 213 2 2.569122e-03
3 213 2 2.177230e-03
4 213 2 1.842403e-03
5 213 2 1.421660e-03
6 213 2 1.095900e-03
7 213 2 9.300978e-04
8 213 2 9.080007e-04
9 213 2 1.093725e-03
10 213 2 1.347890e-03
11 213 2 1.655192e-03
12 213 2 2.025488e-03
1 214 2 8.362095e-02
2 214 2 8.864869e-02
3 214 2 7.122371e-02
4 214 2 5.290034e-02
5 214 2 3.910305e-02
6 214 2 2.881716e-02
7 214 2 2.495610e-02
8 214 2 2.572785e-02
9 214 2 3.247592e-02
10 214 2 4.353912e-02
11 214 2 5.960106e-02
12 214 2 7.228571e-02
1 215 2 3.098519e-02
2 215 2 3.187239e-02
3 215 2 2.971613e-02
4 215 2 2.368250e-02
5 215 2 1.923623e-02
6 215 2 1.545591e-02
7 215 2 1.335604e-02
8 215 2 1.338889e-02
9 215 2 1.505670e-02
10 215 2 1.791264e-02
11 215 2 2.255448e-02
12 215 2 2.724705e-02
1 216 2 2.192826e-02
2 216 2 2.289472e-02
3 216 2 2.146960e-02
4 216 2 1.745354e-02
5 216 2 1.397579e-02
6 216 2 1.202292e-02
7 216 2 1.056502e-02
8 216 2 1.010212e-02
9 216 2 1.048274e-02
10 216 2 1.191461e-02
11 216 2 1.433126e-02
12 216 2 1.841826e-02
1 224 2 1.805409e-03
2 224 2 1.973740e-03
3 224 2 1.722329e-03
4 224 2 1.483183e-03
5 224 2 1.197698e-03
6 224 2 1.017811e-03
7 224 2 9.246718e-04
8 224 2 9.658091e-04
9 224 2 9.932245e-04
10 224 2 1.171461e-03
11 224 2 1.398955e-03
12 224 2 1.669064e-03
1 240 2 1.354372e-03
2 240 2 1.381451e-03
3 240 2 1.263303e-03
4 240 2 1.115694e-03
5 240 2 9.696821e-04
6 240 2 8.363846e-04
7 240 2 8.194180e-04
8 240 2 8.447724e-04
9 240 2 8.223352e-04
10 240 2 8.855691e-04
11 240 2 9.730230e-04
12 240 2 1.205893e-03
