1 7 2 1.482800e-06
2 7 2 1.266740e-06
3 7 2 1.385364e-06
4 7 2 3.580597e-06
5 7 2 1.231982e-05
6 7 2 3.318190e-05
7 7 2 4.489608e-05
8 7 2 3.061057e-05
9 7 2 1.323805e-05
10 7 2 5.803522e-06
11 7 2 3.074785e-06
12 7 2 1.813923e-06
1 25 2 2.033476e-04
2 25 2 1.930777e-04
3 25 2 2.720146e-04
4 25 2 4.963661e-04
5 25 2 1.388593e-03
6 25 2 2.518037e-03
7 25 2 3.052599e-03
8 25 2 2.340804e-03
9 25 2 1.322678e-03
10 25 2 6.189654e-04
11 25 2 2.951299e-04
12 25 2 1.709088e-04
1 26 2 1.142008e-03
2 26 2 9.398832e-04
3 26 2 1.554174e-03
4 26 2 3.469043e-03
5 26 2 9.771760e-03
6 26 2 1.866379e-02
7 26 2 2.025016e-02
8 26 2 1.515123e-02
9 26 2 8.286926e-03
10 26 2 3.335811e-03
11 26 2 1.742825e-03
12 26 2 1.077500e-03
1 27 2 4.944736e-03
2 27 2 4.365759e-03
3 27 2 7.653152e-03
4 27 2 1.949164e-02
5 27 2 5.488991e-02
6 27 2 1.134641e-01
7 27 2 1.279683e-01
8 27 2 9.631838e-02
9 27 2 4.977393e-02
10 27 2 1.869131e-02
11 27 2 9.905729e-03
12 27 2 6.127375e-03
1 28 2 1.539628e-04
2 28 2 1.401103e-04
3 28 2 2.356411e-04
4 28 2 6.405289e-04
5 28 2 1.829102e-03
6 28 2 3.916077e-03
7 28 2 4.668874e-03
8 28 2 3.518049e-03
9 28 2 1.809759e-03
10 28 2 7.048133e-04
11 28 2 3.518530e-04
12 28 2 2.193608e-04
1 29 2 2.064234e-04
2 29 2 1.952772e-04
3 29 2 3.110862e-04
4 29 2 9.353846e-04
5 29 2 2.797211e-03
6 29 2 6.884190e-03
7 29 2 9.377853e-03
8 29 2 6.977188e-03
9 29 2 3.204272e-03
10 29 2 1.187623e-03
11 29 2 5.613939e-04
12 29 2 3.504467e-04
1 30 2 4.685768e-05
2 30 2 4.097996e-05
3 30 2 6.513149e-05
4 30 2 1.993491e-04
5 30 2 5.522280e-04
6 30 2 1.501845e-03
7 30 2 2.176853e-03
8 30 2 1.667049e-03
9 30 2 7.542820e-04
10 30 2 2.952396e-04
11 30 2 1.361859e-04
12 30 2 8.156152e-05
1 31 2 8.362331e-05
2 31 2 6.443879e-05
3 31 2 9.789036e-05
4 31 2 2.724614e-04
5 31 2 7.036274e-04
6 31 2 1.852615e-03
7 31 2 2.612599e-03
8 31 2 2.108825e-03
9 31 2 1.054975e-03
10 31 2 4.831264e-04
11 31 2 2.319597e-04
12 31 2 1.292587e-04
1 32 2 9.889183e-05
2 32 2 8.186341e-05
3 32 2 1.144309e-04
4 32 2 2.542701e-04
5 32 2 6.791211e-04
6 32 2 1.608704e-03
7 32 2 2.075420e-03
8 32 2 1.714390e-03
9 32 2 9.573350e-04
10 32 2 4.935157e-04
11 32 2 2.550288e-04
12 32 2 1.322605e-04
1 35 2 1.042477e-03
2 35 2 9.933234e-04
3 35 2 1.079043e-03
4 35 2 1.437922e-03
5 35 2 2.254135e-03
6 35 2 3.442556e-03
7 35 2 4.142452e-03
8 35 2 3.803868e-03
9 35 2 2.585256e-03
10 35 2 1.869136e-03
11 35 2 1.415771e-03
12 35 2 1.150186e-03
1 36 2 1.251824e-04
2 36 2 1.175220e-04
3 36 2 1.302491e-04
4 36 2 1.564405e-04
5 36 2 2.139584e-04
6 36 2 3.086527e-04
7 36 2 3.635057e-04
8 36 2 3.703131e-04
9 36 2 2.826710e-04
10 36 2 2.214614e-04
11 36 2 1.695034e-04
12 36 2 1.404479e-04
1 37 2 1.126441e-02
2 37 2 1.090238e-02
3 37 2 1.373751e-02
4 37 2 1.766459e-02
5 37 2 2.670549e-02
6 37 2 4.050466e-02
7 37 2 4.710901e-02
8 37 2 4.630926e-02
9 37 2 3.407931e-02
10 37 2 2.555352e-02
11 37 2 1.801041e-02
12 37 2 1.379751e-02
1 38 2 1.897886e-02
2 38 2 1.896185e-02
3 38 2 2.888587e-02
4 38 2 4.282807e-02
5 38 2 7.819295e-02
6 38 2 1.387474e-01
7 38 2 1.644797e-01
8 38 2 1.426517e-01
9 38 2 9.214209e-02
10 38 2 6.297903e-02
11 38 2 3.598746e-02
12 38 2 2.596994e-02
1 39 2 1.313523e-03
2 39 2 1.368427e-03
3 39 2 2.216568e-03
4 39 2 3.422566e-03
5 39 2 6.640912e-03
6 39 2 1.283856e-02
7 39 2 1.594190e-02
8 39 2 1.290684e-02
9 39 2 8.135340e-03
10 39 2 5.137370e-03
11 39 2 2.600426e-03
12 39 2 1.898122e-03
1 40 2 2.717630e-04
2 40 2 2.981711e-04
3 40 2 5.317839e-04
4 40 2 8.942369e-04
5 40 2 1.954847e-03
6 40 2 4.438363e-03
7 40 2 5.553078e-03
8 40 2 4.073598e-03
9 40 2 2.509295e-03
10 40 2 1.352032e-03
11 40 2 5.791713e-04
12 40 2 4.314645e-04
1 41 2 1.446567e-04
2 41 2 1.546452e-04
3 41 2 3.099039e-04
4 41 2 5.519608e-04
5 41 2 1.384399e-03
6 41 2 3.513053e-03
7 41 2 4.542169e-03
8 41 2 3.185856e-03
9 41 2 1.780404e-03
10 41 2 7.716437e-04
11 41 2 2.964448e-04
12 41 2 2.470829e-04
1 42 2 7.833147e-05
2 42 2 8.193628e-05
3 42 2 1.766945e-04
4 42 2 3.485637e-04
5 42 2 9.909081e-04
6 42 2 2.748482e-03
7 42 2 3.847553e-03
8 42 2 2.569457e-03
9 42 2 1.216772e-03
10 42 2 4.354697e-04
11 42 2 1.623514e-04
12 42 2 1.331857e-04
1 43 2 2.199160e-06
2 43 2 2.280246e-06
3 43 2 5.380197e-06
4 43 2 1.312784e-05
5 43 2 4.394129e-05
6 43 2 1.295897e-04
7 43 2 1.894422e-04
8 43 2 1.189187e-04
9 43 2 4.862806e-05
10 43 2 1.493005e-05
11 43 2 5.091468e-06
12 43 2 3.567630e-06
1 44 2 9.077331e-06
2 44 2 9.120673e-06
3 44 2 1.983887e-05
4 44 2 5.363388e-05
5 44 2 2.003745e-04
6 44 2 6.314466e-04
7 44 2 9.228939e-04
8 44 2 5.564993e-04
9 44 2 2.006096e-04
10 44 2 5.943656e-05
11 44 2 1.950725e-05
12 44 2 1.318909e-05
1 45 2 2.085886e-05
2 45 2 2.337668e-05
3 45 2 4.259637e-05
4 45 2 1.256201e-04
5 45 2 5.260725e-04
6 45 2 1.745563e-03
7 45 2 2.442020e-03
8 45 2 1.486943e-03
9 45 2 5.113263e-04
10 45 2 1.305523e-04
11 45 2 3.784149e-05
12 45 2 2.473133e-05
1 46 2 9.459209e-06
2 46 2 1.189992e-05
3 46 2 1.870577e-05
4 46 2 5.194403e-05
5 46 2 2.039820e-04
6 46 2 6.327295e-04
7 46 2 8.851439e-04
8 46 2 5.546414e-04
9 46 2 2.083391e-04
10 46 2 5.049893e-05
11 46 2 1.388415e-05
12 46 2 9.901338e-06
1 47 2 1.243584e-05
2 47 2 1.582631e-05
3 47 2 2.230175e-05
4 47 2 4.996769e-05
5 47 2 1.703148e-04
6 47 2 4.692171e-04
7 47 2 6.363586e-04
8 47 2 4.314967e-04
9 47 2 1.827952e-04
10 47 2 5.638104e-05
11 47 2 1.663388e-05
12 47 2 1.264396e-05
1 48 2 1.683071e-05
2 48 2 1.933408e-05
3 48 2 2.659294e-05
4 48 2 5.193040e-05
5 48 2 1.611500e-04
6 48 2 3.706726e-04
7 48 2 4.925894e-04
8 48 2 3.465649e-04
9 48 2 1.649789e-04
10 48 2 6.150996e-05
11 48 2 2.214281e-05
12 48 2 1.468377e-05
1 49 2 5.941527e-04
2 49 2 5.406266e-04
3 49 2 6.132291e-04
4 49 2 7.177303e-04
5 49 2 1.026507e-03
6 49 2 1.561771e-03
7 49 2 2.329125e-03
8 49 2 2.190215e-03
9 49 2 1.527650e-03
10 49 2 1.093180e-03
11 49 2 7.981102e-04
12 49 2 5.822199e-04
1 50 2 2.421430e-03
2 50 2 2.090177e-03
3 50 2 2.450010e-03
4 50 2 2.792758e-03
5 50 2 3.930611e-03
6 50 2 5.768118e-03
7 50 2 7.960851e-03
8 50 2 7.655655e-03
9 50 2 5.543391e-03
10 50 2 3.951562e-03
11 50 2 2.958458e-03
12 50 2 2.329463e-03
1 51 2 9.306590e-04
2 51 2 8.493722e-04
3 51 2 9.229367e-04
4 51 2 1.065374e-03
5 51 2 1.452132e-03
6 51 2 2.036500e-03
7 51 2 2.653857e-03
8 51 2 2.631820e-03
9 51 2 2.186657e-03
10 51 2 1.538038e-03
11 51 2 1.152703e-03
12 51 2 9.660005e-04
1 52 2 3.214653e-01
2 52 2 3.378876e-01
3 52 2 4.244637e-01
4 52 2 6.188102e-01
5 52 2 1.046489e+00
6 52 2 1.440204e+00
7 52 2 1.847329e+00
8 52 2 1.727885e+00
9 52 2 1.394813e+00
10 52 2 7.968079e-01
11 52 2 4.796004e-01
12 52 2 3.698450e-01
1 53 2 7.984880e-02
2 53 2 1.001811e-01
3 53 2 1.697279e-01
4 53 2 3.704652e-01
5 53 2 7.054791e-01
6 53 2 1.053460e+00
7 53 2 1.462327e+00
8 53 2 1.246073e+00
9 53 2 8.433519e-01
10 53 2 3.719537e-01
11 53 2 1.659014e-01
12 53 2 1.051053e-01
1 54 2 4.494666e-02
2 54 2 5.830733e-02
3 54 2 1.090371e-01
4 54 2 2.709464e-01
5 54 2 5.336799e-01
6 54 2 1.030826e+00
7 54 2 1.464338e+00
8 54 2 1.227885e+00
9 54 2 7.446927e-01
10 54 2 3.167158e-01
11 54 2 1.357589e-01
12 54 2 7.488725e-02
1 55 2 2.716478e-02
2 55 2 3.029598e-02
3 55 2 5.651632e-02
4 55 2 1.323358e-01
5 55 2 2.626079e-01
6 55 2 5.608250e-01
7 55 2 7.795892e-01
8 55 2 6.723280e-01
9 55 2 4.263469e-01
10 55 2 2.044265e-01
11 55 2 9.564334e-02
12 55 2 5.476565e-02
1 56 2 9.160819e-02
2 56 2 9.506931e-02
3 56 2 1.646626e-01
4 56 2 3.671740e-01
5 56 2 8.025933e-01
6 56 2 1.582088e+00
7 56 2 2.187375e+00
8 56 2 1.815411e+00
9 56 2 1.186595e+00
10 56 2 6.113770e-01
11 56 2 2.756315e-01
12 56 2 1.580773e-01
1 57 2 1.841543e-02
2 57 2 1.757015e-02
3 57 2 2.161028e-02
4 57 2 3.280103e-02
5 57 2 5.488125e-02
6 57 2 8.929865e-02
7 57 2 1.271623e-01
8 57 2 1.146043e-01
9 57 2 8.526567e-02
10 57 2 5.477022e-02
11 57 2 3.349228e-02
12 57 2 2.406939e-02
1 60 2 6.075766e-01
2 60 2 5.883831e-01
3 60 2 6.747586e-01
4 60 2 8.002538e-01
5 60 2 9.866493e-01
6 60 2 1.298424e+00
7 60 2 1.511625e+00
8 60 2 1.512261e+00
9 60 2 1.283371e+00
10 60 2 1.047657e+00
11 60 2 8.378804e-01
12 60 2 6.945170e-01
1 61 2 1.481478e+00
2 61 2 1.490389e+00
3 61 2 2.096207e+00
4 61 2 3.157330e+00
5 61 2 4.605581e+00
6 61 2 6.488518e+00
7 61 2 7.678533e+00
8 61 2 7.387384e+00
9 61 2 5.740191e+00
10 61 2 3.904513e+00
11 61 2 2.547151e+00
12 61 2 1.786550e+00
1 62 2 1.441483e-01
2 62 2 1.578763e-01
3 62 2 2.485262e-01
4 62 2 4.499081e-01
5 62 2 7.716894e-01
6 62 2 1.094703e+00
7 62 2 1.338601e+00
8 62 2 1.249535e+00
9 62 2 8.707039e-01
10 62 2 5.192346e-01
11 62 2 2.819674e-01
12 62 2 1.834963e-01
1 63 2 1.678746e-02
2 63 2 2.037926e-02
3 63 2 3.409985e-02
4 63 2 7.172062e-02
5 63 2 1.376437e-01
6 63 2 2.046293e-01
7 63 2 2.616714e-01
8 63 2 2.277054e-01
9 63 2 1.390753e-01
10 63 2 7.595052e-02
11 63 2 3.508211e-02
12 63 2 2.296623e-02
1 64 2 4.011968e-03
2 64 2 5.139749e-03
3 64 2 9.787323e-03
4 64 2 2.318290e-02
5 64 2 4.965047e-02
6 64 2 7.952868e-02
7 64 2 1.008043e-01
8 64 2 7.880648e-02
9 64 2 4.512342e-02
10 64 2 1.994807e-02
11 64 2 9.115286e-03
12 64 2 6.238117e-03
1 65 2 1.357233e-03
2 65 2 1.682977e-03
3 65 2 3.687087e-03
4 65 2 1.039771e-02
5 65 2 2.180069e-02
6 65 2 3.705109e-02
7 65 2 4.802348e-02
8 65 2 3.584212e-02
9 65 2 2.032852e-02
10 65 2 7.213703e-03
11 65 2 3.175614e-03
12 65 2 2.301363e-03
1 66 2 9.001542e-04
2 66 2 1.112871e-03
3 66 2 2.645614e-03
4 66 2 8.679381e-03
5 66 2 1.804691e-02
6 66 2 3.103248e-02
7 66 2 4.279896e-02
8 66 2 3.235606e-02
9 66 2 1.830330e-02
10 66 2 6.064093e-03
11 66 2 2.323851e-03
12 66 2 1.441439e-03
1 67 2 3.411526e-04
2 67 2 4.549111e-04
3 67 2 1.156842e-03
4 67 2 4.273474e-03
5 67 2 9.696266e-03
6 67 2 1.653705e-02
7 67 2 2.312062e-02
8 67 2 1.779321e-02
9 67 2 9.731650e-03
10 67 2 3.578781e-03
11 67 2 1.131638e-03
12 67 2 5.093442e-04
1 68 2 1.047470e-04
2 68 2 1.406470e-04
3 68 2 4.177137e-04
4 68 2 1.920033e-03
5 68 2 5.232334e-03
6 68 2 1.002677e-02
7 68 2 1.437650e-02
8 68 2 1.069229e-02
9 68 2 5.131333e-03
10 68 2 1.885190e-03
11 68 2 4.298902e-04
12 68 2 1.495869e-04
1 69 2 4.414635e-05
2 69 2 6.259133e-05
3 69 2 1.496829e-04
4 69 2 6.563685e-04
5 69 2 2.104676e-03
6 69 2 4.980953e-03
7 69 2 7.297056e-03
8 69 2 5.617257e-03
9 69 2 2.413137e-03
10 69 2 7.846589e-04
11 69 2 1.520386e-04
12 69 2 5.717637e-05
1 70 2 3.188567e-04
2 70 2 3.726824e-04
3 70 2 5.340431e-04
4 70 2 1.393291e-03
5 70 2 3.493931e-03
6 70 2 8.484259e-03
7 70 2 1.373332e-02
8 70 2 1.251661e-02
9 70 2 6.462737e-03
10 70 2 2.303637e-03
11 70 2 7.006288e-04
12 70 2 3.944033e-04
1 71 2 1.577368e-04
2 71 2 1.600660e-04
3 71 2 1.811268e-04
4 71 2 2.906538e-04
5 71 2 5.628884e-04
6 71 2 1.174238e-03
7 71 2 1.802087e-03
8 71 2 1.791726e-03
9 71 2 1.149555e-03
10 71 2 5.475176e-04
11 71 2 2.615631e-04
12 71 2 1.816644e-04
1 72 2 6.623477e-07
2 72 2 6.325997e-07
3 72 2 6.853562e-07
4 72 2 8.738357e-07
5 72 2 1.359624e-06
6 72 2 2.365791e-06
7 72 2 3.664339e-06
8 72 2 3.524235e-06
9 72 2 2.465673e-06
10 72 2 1.495044e-06
11 72 2 9.211534e-07
12 72 2 6.578245e-07
1 76 2 8.474099e-01
2 76 2 7.752929e-01
3 76 2 7.830959e-01
4 76 2 8.518218e-01
5 76 2 1.158066e+00
6 76 2 1.651329e+00
7 76 2 2.214340e+00
8 76 2 2.363107e+00
9 76 2 2.251581e+00
10 76 2 1.503606e+00
11 76 2 9.706410e-01
12 76 2 8.489099e-01
1 77 2 8.063928e-01
2 77 2 1.047095e+00
3 77 2 1.371631e+00
4 77 2 2.216857e+00
5 77 2 3.722193e+00
6 77 2 5.746678e+00
7 77 2 7.808185e+00
8 77 2 7.411234e+00
9 77 2 5.489928e+00
10 77 2 2.773576e+00
11 77 2 1.217054e+00
12 77 2 7.671027e-01
1 78 2 9.438327e-01
2 78 2 1.289614e+00
3 78 2 1.795865e+00
4 78 2 3.221073e+00
5 78 2 5.036828e+00
6 78 2 7.996736e+00
7 78 2 9.871085e+00
8 78 2 9.243073e+00
9 78 2 5.993108e+00
10 78 2 3.178262e+00
11 78 2 1.716330e+00
12 78 2 9.908955e-01
1 79 2 2.994898e+00
2 79 2 3.674790e+00
3 79 2 5.395652e+00
4 79 2 8.949583e+00
5 79 2 1.359690e+01
6 79 2 2.221285e+01
7 79 2 2.721908e+01
8 79 2 2.578525e+01
9 79 2 1.780487e+01
10 79 2 1.074783e+01
11 79 2 6.123557e+00
12 79 2 3.751178e+00
1 80 2 1.476221e+00
2 80 2 1.479103e+00
3 80 2 1.858586e+00
4 80 2 2.513021e+00
5 80 2 3.747948e+00
6 80 2 5.702368e+00
7 80 2 7.342664e+00
8 80 2 7.269116e+00
9 80 2 6.033233e+00
10 80 2 4.229926e+00
11 80 2 2.467571e+00
12 80 2 1.823946e+00
1 81 2 2.784758e-07
2 81 2 2.523662e-07
3 81 2 2.658102e-07
4 81 2 3.151857e-07
5 81 2 4.538646e-07
6 81 2 6.115694e-07
7 81 2 8.160342e-07
8 81 2 8.755865e-07
9 81 2 7.961813e-07
10 81 2 6.109046e-07
11 81 2 4.038312e-07
12 81 2 3.306151e-07
1 84 2 1.345836e-01
2 84 2 1.422887e-01
3 84 2 1.759826e-01
4 84 2 2.223870e-01
5 84 2 2.981539e-01
6 84 2 4.885468e-01
7 84 2 6.543221e-01
8 84 2 6.270031e-01
9 84 2 4.704697e-01
10 84 2 2.969136e-01
11 84 2 1.994597e-01
12 84 2 1.523657e-01
1 85 2 3.147464e-01
2 85 2 3.544293e-01
3 85 2 4.608152e-01
4 85 2 6.695215e-01
5 85 2 1.071758e+00
6 85 2 1.637278e+00
7 85 2 2.265327e+00
8 85 2 2.155025e+00
9 85 2 1.551764e+00
10 85 2 8.559623e-01
11 85 2 4.827267e-01
12 85 2 3.502669e-01
1 86 2 9.058777e-02
2 86 2 1.025643e-01
3 86 2 1.310696e-01
4 86 2 1.903819e-01
5 86 2 3.059813e-01
6 86 2 4.439722e-01
7 86 2 6.098999e-01
8 86 2 6.118950e-01
9 86 2 4.529188e-01
10 86 2 2.626426e-01
11 86 2 1.446765e-01
12 86 2 1.033993e-01
1 87 2 2.869123e-02
2 87 2 3.881594e-02
3 87 2 5.542205e-02
4 87 2 8.760963e-02
5 87 2 1.536994e-01
6 87 2 2.310297e-01
7 87 2 3.132049e-01
8 87 2 3.191453e-01
9 87 2 2.313818e-01
10 87 2 1.302741e-01
11 87 2 5.723900e-02
12 87 2 3.479261e-02
1 88 2 1.716664e-02
2 88 2 2.437802e-02
3 88 2 3.822833e-02
4 88 2 7.253416e-02
5 88 2 1.488615e-01
6 88 2 2.339694e-01
7 88 2 2.996303e-01
8 88 2 2.627992e-01
9 88 2 1.698209e-01
10 88 2 8.025420e-02
11 88 2 4.114383e-02
12 88 2 2.285389e-02
1 89 2 5.036726e-03
2 89 2 7.007951e-03
3 89 2 1.330087e-02
4 89 2 2.501667e-02
5 89 2 4.992365e-02
6 89 2 7.458013e-02
7 89 2 8.700253e-02
8 89 2 7.619347e-02
9 89 2 4.972427e-02
10 89 2 2.366231e-02
11 89 2 1.302019e-02
12 89 2 7.206728e-03
1 90 2 2.143403e-03
2 90 2 2.824934e-03
3 90 2 5.605779e-03
4 90 2 1.006118e-02
5 90 2 1.544836e-02
6 90 2 2.044849e-02
7 90 2 2.296492e-02
8 90 2 2.124891e-02
9 90 2 1.548529e-02
10 90 2 9.236319e-03
11 90 2 5.092475e-03
12 90 2 2.899034e-03
1 91 2 1.267521e-05
2 91 2 1.793486e-05
3 91 2 3.746989e-05
4 91 2 7.080632e-05
5 91 2 1.044991e-04
6 91 2 1.328281e-04
7 91 2 1.491466e-04
8 91 2 1.367817e-04
9 91 2 9.834889e-05
10 91 2 6.087819e-05
11 91 2 3.155191e-05
12 91 2 1.619738e-05
1 92 2 6.491266e-06
2 92 2 9.272378e-06
3 92 2 2.324351e-05
4 92 2 5.545364e-05
5 92 2 1.045775e-04
6 92 2 1.602495e-04
7 92 2 1.923580e-04
8 92 2 1.750766e-04
9 92 2 1.095296e-04
10 92 2 5.821147e-05
11 92 2 2.283058e-05
12 92 2 9.800607e-06
1 93 2 2.827069e-02
2 93 2 3.411112e-02
3 93 2 7.013426e-02
4 93 2 1.634557e-01
5 93 2 2.915958e-01
6 93 2 4.627420e-01
7 93 2 6.207442e-01
8 93 2 6.102445e-01
9 93 2 4.104535e-01
10 93 2 2.363713e-01
11 93 2 1.012271e-01
12 93 2 4.216310e-02
1 94 2 9.093585e-02
2 94 2 9.047741e-02
3 94 2 1.208092e-01
4 94 2 2.140962e-01
5 94 2 3.654491e-01
6 94 2 5.754445e-01
7 94 2 7.949742e-01
8 94 2 8.663458e-01
9 94 2 7.136222e-01
10 94 2 4.307410e-01
11 94 2 2.311894e-01
12 94 2 1.263163e-01
1 98 2 1.073505e-01
2 98 2 9.992906e-02
3 98 2 9.409870e-02
4 98 2 1.001880e-01
5 98 2 1.137065e-01
6 98 2 1.301139e-01
7 98 2 1.463514e-01
8 98 2 1.542472e-01
9 98 2 1.522075e-01
10 98 2 1.438767e-01
11 98 2 1.294161e-01
12 98 2 1.177700e-01
1 101 2 1.119742e-02
2 101 2 1.150573e-02
3 101 2 1.179039e-02
4 101 2 1.453934e-02
5 101 2 1.869788e-02
6 101 2 2.183173e-02
7 101 2 2.330412e-02
8 101 2 2.335154e-02
9 101 2 2.244939e-02
10 101 2 1.924805e-02
11 101 2 1.480123e-02
12 101 2 1.187164e-02
1 102 2 5.661024e-01
2 102 2 6.399006e-01
3 102 2 7.864497e-01
4 102 2 9.836905e-01
5 102 2 1.138363e+00
6 102 2 1.242727e+00
7 102 2 1.277722e+00
8 102 2 1.293867e+00
9 102 2 1.166135e+00
10 102 2 8.983917e-01
11 102 2 7.210718e-01
12 102 2 5.910080e-01
1 103 2 8.799744e-01
2 103 2 8.980212e-01
3 103 2 9.787305e-01
4 103 2 1.105928e+00
5 103 2 1.287942e+00
6 103 2 1.473884e+00
7 103 2 1.594556e+00
8 103 2 1.673451e+00
9 103 2 1.641309e+00
10 103 2 1.434362e+00
11 103 2 1.179988e+00
12 103 2 9.811207e-01
1 104 2 1.879660e-02
2 104 2 1.803674e-02
3 104 2 1.823272e-02
4 104 2 1.998955e-02
5 104 2 2.337400e-02
6 104 2 2.682280e-02
7 104 2 3.010391e-02
8 104 2 3.251956e-02
9 104 2 3.278132e-02
10 104 2 3.062424e-02
11 104 2 2.519120e-02
12 104 2 2.085828e-02
1 107 2 4.885849e-03
2 107 2 5.154482e-03
3 107 2 6.018042e-03
4 107 2 6.896013e-03
5 107 2 7.733445e-03
6 107 2 9.900668e-03
7 107 2 1.082185e-02
8 107 2 1.077806e-02
9 107 2 1.008988e-02
10 107 2 8.630400e-03
11 107 2 6.860851e-03
12 107 2 5.365445e-03
1 108 2 9.114096e-04
2 108 2 1.164783e-03
3 108 2 1.691971e-03
4 108 2 2.620494e-03
5 108 2 4.067707e-03
6 108 2 5.583055e-03
7 108 2 5.976492e-03
8 108 2 5.281960e-03
9 108 2 4.273939e-03
10 108 2 2.948722e-03
11 108 2 1.535985e-03
12 108 2 9.778044e-04
1 109 2 1.727801e-03
2 109 2 2.282173e-03
3 109 2 3.569467e-03
4 109 2 6.194505e-03
5 109 2 1.055410e-02
6 109 2 1.330397e-02
7 109 2 1.351804e-02
8 109 2 1.242687e-02
9 109 2 9.979135e-03
10 109 2 7.002001e-03
11 109 2 3.114316e-03
12 109 2 1.819268e-03
1 110 2 7.609250e-04
2 110 2 9.692728e-04
3 110 2 1.556702e-03
4 110 2 2.409713e-03
5 110 2 3.737368e-03
6 110 2 4.328052e-03
7 110 2 4.653074e-03
8 110 2 4.601854e-03
9 110 2 3.874654e-03
10 110 2 2.824868e-03
11 110 2 1.366402e-03
12 110 2 8.042791e-04
1 111 2 2.612797e-02
2 111 2 3.267847e-02
3 111 2 5.290574e-02
4 111 2 8.018306e-02
5 111 2 1.211850e-01
6 111 2 1.554171e-01
7 111 2 1.642876e-01
8 111 2 1.627205e-01
9 111 2 1.385707e-01
10 111 2 9.020284e-02
11 111 2 4.859162e-02
12 111 2 2.968065e-02
1 112 2 3.010621e-02
2 112 2 3.881828e-02
3 112 2 6.809832e-02
4 112 2 1.132435e-01
5 112 2 1.722059e-01
6 112 2 2.098532e-01
7 112 2 2.137299e-01
8 112 2 1.992183e-01
9 112 2 1.520813e-01
10 112 2 1.009627e-01
11 112 2 5.794205e-02
12 112 2 3.561639e-02
1 113 2 1.726329e-02
2 113 2 2.187099e-02
3 113 2 3.674339e-02
4 113 2 5.494639e-02
5 113 2 6.761679e-02
6 113 2 5.903946e-02
7 113 2 5.065935e-02
8 113 2 4.838381e-02
9 113 2 4.785386e-02
10 113 2 4.369515e-02
11 113 2 3.056202e-02
12 113 2 2.064189e-02
1 114 2 4.704947e-02
2 114 2 6.380146e-02
3 114 2 1.136732e-01
4 114 2 1.656997e-01
5 114 2 1.911687e-01
6 114 2 1.399462e-01
7 114 2 1.155861e-01
8 114 2 1.059487e-01
9 114 2 1.022442e-01
10 114 2 9.151048e-02
11 114 2 6.976042e-02
12 114 2 5.167411e-02
1 115 2 1.565611e-02
2 115 2 2.277824e-02
3 115 2 3.610722e-02
4 115 2 4.475805e-02
5 115 2 3.997106e-02
6 115 2 3.711182e-02
7 115 2 3.579366e-02
8 115 2 3.434148e-02
9 115 2 3.158392e-02
10 115 2 2.822507e-02
11 115 2 2.144096e-02
12 115 2 1.538228e-02
1 116 2 9.918908e-03
2 116 2 1.269741e-02
3 116 2 1.941737e-02
4 116 2 2.748458e-02
5 116 2 3.196630e-02
6 116 2 3.640151e-02
7 116 2 3.816273e-02
8 116 2 3.653020e-02
9 116 2 2.959353e-02
10 116 2 2.365936e-02
11 116 2 1.718807e-02
12 116 2 1.132276e-02
1 117 2 3.931209e-03
2 117 2 4.105165e-03
3 117 2 5.184446e-03
4 117 2 7.096838e-03
5 117 2 9.037247e-03
6 117 2 1.070714e-02
7 117 2 1.139887e-02
8 117 2 1.138392e-02
9 117 2 1.038714e-02
10 117 2 8.892015e-03
11 117 2 7.178188e-03
12 117 2 5.185430e-03
1 126 2 2.065202e-04
2 126 2 2.146566e-04
3 126 2 2.326584e-04
4 126 2 2.456731e-04
5 126 2 2.427273e-04
6 126 2 2.255878e-04
7 126 2 2.174536e-04
8 126 2 2.195781e-04
9 126 2 2.184157e-04
10 126 2 2.146283e-04
11 126 2 2.097185e-04
12 126 2 2.065432e-04
1 127 2 2.078511e-02
2 127 2 2.113889e-02
3 127 2 2.231164e-02
4 127 2 2.316422e-02
5 127 2 2.347981e-02
6 127 2 2.274317e-02
7 127 2 2.274944e-02
8 127 2 2.327151e-02
9 127 2 2.302343e-02
10 127 2 2.210070e-02
11 127 2 2.141832e-02
12 127 2 2.115320e-02
1 128 2 9.426403e-02
2 128 2 9.680830e-02
3 128 2 9.937989e-02
4 128 2 9.701166e-02
5 128 2 9.436842e-02
6 128 2 9.153369e-02
7 128 2 9.755802e-02
8 128 2 1.109239e-01
9 128 2 1.166354e-01
10 128 2 1.101677e-01
11 128 2 1.001814e-01
12 128 2 9.439082e-02
1 129 2 2.685609e-03
2 129 2 2.648735e-03
3 129 2 2.715539e-03
4 129 2 2.794290e-03
5 129 2 2.837405e-03
6 129 2 2.914164e-03
7 129 2 3.045013e-03
8 129 2 3.319059e-03
9 129 2 3.467718e-03
10 129 2 3.482995e-03
11 129 2 3.180094e-03
12 129 2 2.825126e-03
1 133 2 5.769232e-02
2 133 2 6.707586e-02
3 133 2 8.052095e-02
4 133 2 8.267372e-02
5 133 2 7.886227e-02
6 133 2 7.248507e-02
7 133 2 6.469361e-02
8 133 2 6.057821e-02
9 133 2 6.316958e-02
10 133 2 6.727804e-02
11 133 2 6.418433e-02
12 133 2 5.616132e-02
1 135 2 2.496390e-03
2 135 2 2.812558e-03
3 135 2 3.344774e-03
4 135 2 3.602166e-03
5 135 2 3.461336e-03
6 135 2 3.087866e-03
7 135 2 2.667611e-03
8 135 2 2.694307e-03
9 135 2 2.863010e-03
10 135 2 2.692494e-03
11 135 2 2.580732e-03
12 135 2 2.424245e-03
1 136 2 2.789399e-03
2 136 2 2.870856e-03
3 136 2 3.550350e-03
4 136 2 4.316145e-03
5 136 2 4.726372e-03
6 136 2 4.312254e-03
7 136 2 3.815841e-03
8 136 2 3.807089e-03
9 136 2 3.826767e-03
10 136 2 3.599832e-03
11 136 2 3.403622e-03
12 136 2 3.022459e-03
1 137 2 6.783990e-04
2 137 2 7.117105e-04
3 137 2 8.159908e-04
4 137 2 8.966541e-04
5 137 2 8.850520e-04
6 137 2 8.143366e-04
7 137 2 7.533480e-04
8 137 2 7.269055e-04
9 137 2 7.273622e-04
10 137 2 7.577436e-04
11 137 2 7.491720e-04
12 137 2 7.064021e-04
1 138 2 2.714316e-02
2 138 2 2.984823e-02
3 138 2 3.462836e-02
4 138 2 3.853921e-02
5 138 2 3.888370e-02
6 138 2 3.417486e-02
7 138 2 3.165974e-02
8 138 2 3.053189e-02
9 138 2 3.061520e-02
10 138 2 3.079359e-02
11 138 2 2.987037e-02
12 138 2 2.770227e-02
1 139 2 4.581371e-02
2 139 2 5.217336e-02
3 139 2 5.829859e-02
4 139 2 6.118852e-02
5 139 2 6.032623e-02
6 139 2 5.618010e-02
7 139 2 5.315487e-02
8 139 2 5.117034e-02
9 139 2 5.050709e-02
10 139 2 5.089919e-02
11 139 2 4.843447e-02
12 139 2 4.433530e-02
1 140 2 1.517941e-02
2 140 2 1.569607e-02
3 140 2 1.704715e-02
4 140 2 1.931414e-02
5 140 2 2.050885e-02
6 140 2 1.969879e-02
7 140 2 1.865155e-02
8 140 2 1.798926e-02
9 140 2 1.772701e-02
10 140 2 1.782498e-02
11 140 2 1.744851e-02
12 140 2 1.626734e-02
1 141 2 2.379401e-02
2 141 2 2.354781e-02
3 141 2 2.422228e-02
4 141 2 2.658375e-02
5 141 2 2.868739e-02
6 141 2 2.836715e-02
7 141 2 2.760006e-02
8 141 2 2.676367e-02
9 141 2 2.653685e-02
10 141 2 2.659924e-02
11 141 2 2.686473e-02
12 141 2 2.608355e-02
1 150 2 2.755909e-05
2 150 2 3.016775e-05
3 150 2 3.229115e-05
4 150 2 3.302034e-05
5 150 2 3.089697e-05
6 150 2 2.724974e-05
7 150 2 2.485937e-05
8 150 2 2.425907e-05
9 150 2 2.347478e-05
10 150 2 2.294069e-05
11 150 2 2.338671e-05
12 150 2 2.488279e-05
1 151 2 1.786612e-02
2 151 2 1.900270e-02
3 151 2 2.014850e-02
4 151 2 2.062359e-02
5 151 2 1.995476e-02
6 151 2 1.878361e-02
7 151 2 1.836857e-02
8 151 2 1.907775e-02
9 151 2 1.816371e-02
10 151 2 1.704476e-02
11 151 2 1.654497e-02
12 151 2 1.695772e-02
1 152 2 1.416175e-02
2 152 2 1.434481e-02
3 152 2 1.447761e-02
4 152 2 1.375747e-02
5 152 2 1.322461e-02
6 152 2 1.298843e-02
7 152 2 1.484924e-02
8 152 2 1.979968e-02
9 152 2 2.101952e-02
10 152 2 1.791514e-02
11 152 2 1.536297e-02
12 152 2 1.420759e-02
1 153 2 1.641471e-02
2 153 2 1.681288e-02
3 153 2 1.773875e-02
4 153 2 1.739937e-02
5 153 2 1.680260e-02
6 153 2 1.649678e-02
7 153 2 1.925699e-02
8 153 2 2.516541e-02
9 153 2 3.060816e-02
10 153 2 2.735741e-02
11 153 2 2.069448e-02
12 153 2 1.726674e-02
1 154 2 4.466246e-02
2 154 2 4.442014e-02
3 154 2 4.622486e-02
4 154 2 4.429199e-02
5 154 2 4.141705e-02
6 154 2 3.725512e-02
7 154 2 3.517862e-02
8 154 2 3.664668e-02
9 154 2 4.131865e-02
10 154 2 4.643478e-02
11 154 2 4.893708e-02
12 154 2 4.731983e-02
1 157 2 1.779548e-03
2 157 2 1.847882e-03
3 157 2 1.978423e-03
4 157 2 1.950552e-03
5 157 2 1.901228e-03
6 157 2 1.787481e-03
7 157 2 1.705512e-03
8 157 2 1.688320e-03
9 157 2 1.676118e-03
10 157 2 1.705343e-03
11 157 2 1.717569e-03
12 157 2 1.739984e-03
1 163 2 8.278699e-03
2 163 2 8.389622e-03
3 163 2 8.638582e-03
4 163 2 9.156954e-03
5 163 2 9.165890e-03
6 163 2 8.474226e-03
7 163 2 7.834394e-03
8 163 2 7.356649e-03
9 163 2 7.461994e-03
10 163 2 7.894502e-03
11 163 2 8.203111e-03
12 163 2 8.267385e-03
1 164 2 3.135156e-02
2 164 2 3.108349e-02
3 164 2 3.194875e-02
4 164 2 3.343920e-02
5 164 2 3.304585e-02
6 164 2 3.056487e-02
7 164 2 2.829048e-02
8 164 2 2.763459e-02
9 164 2 2.959101e-02
10 164 2 3.241826e-02
11 164 2 3.307296e-02
12 164 2 3.252222e-02
1 165 2 1.511847e-02
2 165 2 1.481717e-02
3 165 2 1.500345e-02
4 165 2 1.533530e-02
5 165 2 1.516698e-02
6 165 2 1.395577e-02
7 165 2 1.315838e-02
8 165 2 1.331867e-02
9 165 2 1.419627e-02
10 165 2 1.517888e-02
11 165 2 1.596755e-02
12 165 2 1.598636e-02
1 166 2 6.667065e-03
2 166 2 6.600508e-03
3 166 2 6.491457e-03
4 166 2 6.461002e-03
5 166 2 6.249446e-03
6 166 2 5.779697e-03
7 166 2 5.457783e-03
8 166 2 5.498501e-03
9 166 2 5.704288e-03
10 166 2 6.000492e-03
11 166 2 6.469411e-03
12 166 2 6.795374e-03
1 170 2 2.737841e-04
2 170 2 3.011083e-04
3 170 2 2.958373e-04
4 170 2 2.689003e-04
5 170 2 2.240742e-04
6 170 2 1.884073e-04
7 170 2 1.782038e-04
8 170 2 1.701273e-04
9 170 2 1.729886e-04
10 170 2 1.926216e-04
11 170 2 2.125221e-04
12 170 2 2.447324e-04
1 171 2 9.866322e-04
2 171 2 1.083039e-03
3 171 2 1.096150e-03
4 171 2 9.752269e-04
5 171 2 8.112792e-04
6 171 2 6.952280e-04
7 171 2 6.311922e-04
8 171 2 5.980744e-04
9 171 2 6.067885e-04
10 171 2 6.600165e-04
11 171 2 7.533037e-04
12 171 2 8.899558e-04
1 175 2 2.837692e-05
2 175 2 3.000101e-05
3 175 2 3.008707e-05
4 175 2 2.818012e-05
5 175 2 2.448409e-05
6 175 2 2.231121e-05
7 175 2 2.184827e-05
8 175 2 2.166381e-05
9 175 2 2.014970e-05
10 175 2 2.036850e-05
11 175 2 2.129507e-05
12 175 2 2.484082e-05
1 176 2 2.048096e-02
2 176 2 2.063451e-02
3 176 2 2.020112e-02
4 176 2 1.784198e-02
5 176 2 1.443336e-02
6 176 2 1.307933e-02
7 176 2 1.305548e-02
8 176 2 1.489457e-02
9 176 2 1.622173e-02
10 176 2 1.731253e-02
11 176 2 1.847984e-02
12 176 2 1.963013e-02
1 177 2 8.985243e-02
2 177 2 8.731203e-02
3 177 2 8.243883e-02
4 177 2 7.208726e-02
5 177 2 5.894774e-02
6 177 2 5.033639e-02
7 177 2 5.237424e-02
8 177 2 6.275397e-02
9 177 2 7.887193e-02
10 177 2 8.202378e-02
11 177 2 8.368751e-02
12 177 2 8.385850e-02
1 178 2 3.272427e-02
2 178 2 3.234181e-02
3 178 2 3.100199e-02
4 178 2 2.598465e-02
5 178 2 2.262495e-02
6 178 2 1.912312e-02
7 178 2 1.821356e-02
8 178 2 1.834761e-02
9 178 2 2.092499e-02
10 178 2 2.251469e-02
11 178 2 2.542906e-02
12 178 2 2.823160e-02
1 181 2 3.992418e-04
2 181 2 4.216875e-04
3 181 2 4.274945e-04
4 181 2 4.087420e-04
5 181 2 3.370847e-04
6 181 2 2.914761e-04
7 181 2 2.577249e-04
8 181 2 2.637604e-04
9 181 2 2.857576e-04
10 181 2 3.094221e-04
11 181 2 3.504246e-04
12 181 2 3.731008e-04
1 182 2 4.774706e-02
2 182 2 4.413300e-02
3 182 2 4.161544e-02
4 182 2 3.476293e-02
5 182 2 2.722247e-02
6 182 2 2.036078e-02
7 182 2 2.018767e-02
8 182 2 2.805327e-02
9 182 2 3.892693e-02
10 182 2 4.774249e-02
11 182 2 5.276527e-02
12 182 2 5.064687e-02
1 183 2 1.014794e-02
2 183 2 9.748797e-03
3 183 2 9.307057e-03
4 183 2 8.438957e-03
5 183 2 7.100392e-03
6 183 2 5.762811e-03
7 183 2 5.361690e-03
8 183 2 6.366802e-03
9 183 2 7.402856e-03
10 183 2 8.757571e-03
11 183 2 9.534335e-03
12 183 2 9.806679e-03
1 184 2 3.166267e-03
2 184 2 3.208244e-03
3 184 2 3.107134e-03
4 184 2 2.796220e-03
5 184 2 2.324629e-03
6 184 2 1.878739e-03
7 184 2 1.694150e-03
8 184 2 1.769374e-03
9 184 2 1.874356e-03
10 184 2 2.152462e-03
11 184 2 2.518525e-03
12 184 2 2.870561e-03
1 188 2 9.510455e-03
2 188 2 9.427536e-03
3 188 2 8.738480e-03
4 188 2 7.135565e-03
5 188 2 5.043132e-03
6 188 2 3.835984e-03
7 188 2 3.300833e-03
8 188 2 3.357696e-03
9 188 2 4.547981e-03
10 188 2 5.976688e-03
11 188 2 7.117643e-03
12 188 2 8.877615e-03
1 189 2 8.296736e-03
2 189 2 7.667858e-03
3 189 2 6.955430e-03
4 189 2 5.141096e-03
5 189 2 3.403866e-03
6 189 2 2.407086e-03
7 189 2 2.288624e-03
8 189 2 2.811189e-03
9 189 2 4.522288e-03
10 189 2 6.439076e-03
11 189 2 7.832065e-03
12 189 2 8.184469e-03
1 190 2 3.395408e-02
2 190 2 3.217211e-02
3 190 2 2.792547e-02
4 190 2 1.977902e-02
5 190 2 1.379982e-02
6 190 2 1.001098e-02
7 190 2 9.406442e-03
8 190 2 1.133944e-02
9 190 2 1.592751e-02
10 190 2 2.171304e-02
11 190 2 2.845102e-02
12 190 2 3.192152e-02
1 191 2 2.206277e-02
2 191 2 2.286286e-02
3 191 2 2.222281e-02
4 191 2 1.835853e-02
5 191 2 1.509657e-02
6 191 2 1.240157e-02
7 191 2 1.090306e-02
8 191 2 1.107301e-02
9 191 2 1.208088e-02
10 191 2 1.355954e-02
11 191 2 1.667682e-02
12 191 2 1.962012e-02
1 192 2 1.893266e-03
2 192 2 2.046094e-03
3 192 2 1.993527e-03
4 192 2 1.726096e-03
5 192 2 1.458811e-03
6 192 2 1.242119e-03
7 192 2 1.091576e-03
8 192 2 1.014330e-03
9 192 2 1.044402e-03
10 192 2 1.146872e-03
11 192 2 1.369069e-03
12 192 2 1.643953e-03
1 200 2 8.910586e-02
2 200 2 9.166776e-02
3 200 2 7.496411e-02
4 200 2 4.955663e-02
5 200 2 3.243730e-02
6 200 2 2.641718e-02
7 200 2 2.509769e-02
8 200 2 2.706573e-02
9 200 2 2.998008e-02
10 200 2 3.833100e-02
11 200 2 5.326657e-02
12 200 2 7.339050e-02
1 201 2 6.043273e-02
2 201 2 6.235405e-02
3 201 2 5.708143e-02
4 201 2 4.393721e-02
5 201 2 3.311089e-02
6 201 2 2.739355e-02
7 201 2 2.588844e-02
8 201 2 2.677924e-02
9 201 2 2.650343e-02
10 201 2 3.153565e-02
11 201 2 4.019948e-02
12 201 2 5.006720e-02
1 206 2 3.172217e-02
2 206 2 3.426407e-02
3 206 2 3.099982e-02
4 206 2 2.645356e-02
5 206 2 2.187695e-02
6 206 2 1.907486e-02
7 206 2 1.636041e-02
8 206 2 1.606385e-02
9 206 2 1.738895e-02
10 206 2 1.968331e-02
11 206 2 2.307338e-02
12 206 2 2.718283e-02
1 207 2 1.201678e-03
2 207 2 1.312082e-03
3 207 2 1.244351e-03
4 207 2 1.128316e-03
5 207 2 1.000650e-03
6 207 2 8.582529e-04
7 207 2 7.564730e-04
8 207 2 7.449330e-04
9 207 2 7.515899e-04
10 207 2 8.278492e-04
11 207 2 8.921760e-04
12 207 2 1.020594e-03
1 212 2 1.338179e-02
2 212 2 1.428424e-02
3 212 2 1.267866e-02
4 212 2 1.065883e-02
5 212 2 8.307715e-03
6 212 2 6.705017e-03
7 212 2 5.565543e-03
8 212 2 5.379046e-03
9 212 2 6.109126e-03
10 212 2 7.208483e-03
11 212 2 8.550516e-03
12 212 2 1.130542e-02
1 213 2 2.913727e-03
2 213 2 3.184485e-03
3 213 2 2.698725e-03
4 213 2 2.283700e-03
5 213 2 1.762179e-03
6 213 2 1.358392e-03
7 213 2 1.152877e-03
8 213 2 1.125487e-03
9 213 2 1.355697e-03
10 213 2 1.670740e-03
11 213 2 2.051648e-03
12 213 2 2.510638e-03
1 214 2 1.036353e-01
2 214 2 1.098664e-01
3 214 2 8.827086e-02
4 214 2 6.556185e-02
5 214 2 4.846223e-02
6 214 2 3.571445e-02
7 214 2 3.092925e-02
8 214 2 3.188572e-02
9 214 2 4.024892e-02
10 214 2 5.396006e-02
11 214 2 7.386637e-02
12 214 2 8.958704e-02
1 215 2 3.839154e-02
2 215 2 3.949081e-02
3 215 2 3.681914e-02
4 215 2 2.934330e-02
5 215 2 2.383424e-02
6 215 2 1.915032e-02
7 215 2 1.654852e-02
8 215 2 1.658922e-02
9 215 2 1.865569e-02
10 215 2 2.219427e-02
11 215 2 2.794565e-02
12 215 2 3.375988e-02
1 216 2 2.714980e-02
2 216 2 2.834639e-02
3 216 2 2.658193e-02
4 216 2 2.160956e-02
5 216 2 1.730370e-02
6 216 2 1.488581e-02
7 216 2 1.308075e-02
8 216 2 1.250762e-02
9 216 2 1.297888e-02
10 216 2 1.475171e-02
11 216 2 1.774381e-02
12 216 2 2.280400e-02
1 224 2 2.606133e-03
2 224 2 2.849121e-03
3 224 2 2.486206e-03
4 224 2 2.140996e-03
5 224 2 1.728894e-03
6 224 2 1.469225e-03
7 224 2 1.334777e-03
8 224 2 1.394159e-03
9 224 2 1.433733e-03
10 224 2 1.691020e-03
11 224 2 2.019411e-03
12 224 2 2.409317e-03
1 240 2 1.677369e-03
2 240 2 1.710906e-03
3 240 2 1.564582e-03
4 240 2 1.381771e-03
5 240 2 1.200937e-03
6 240 2 1.035850e-03
7 240 2 1.014837e-03
8 240 2 1.046238e-03
9 240 2 1.018450e-03
10 240 2 1.096764e-03
11 240 2 1.205075e-03
12 240 2 1.493480e-03
