1 7 2 1.735961e-06
2 7 2 1.483012e-06
3 7 2 1.621889e-06
4 7 2 4.191918e-06
5 7 2 1.442320e-05
6 7 2 3.884710e-05
7 7 2 5.256127e-05
8 7 2 3.583677e-05
9 7 2 1.549820e-05
10 7 2 6.794367e-06
11 7 2 3.599748e-06
12 7 2 2.123617e-06
1 25 2 2.262583e-04
2 25 2 2.148314e-04
3 25 2 3.026619e-04
4 25 2 5.522907e-04
5 25 2 1.545043e-03
6 25 2 2.801739e-03
7 25 2 3.396529e-03
8 25 2 2.604537e-03
9 25 2 1.471701e-03
10 25 2 6.887029e-04
11 25 2 3.283816e-04
12 25 2 1.901647e-04
1 26 2 1.277889e-03
2 26 2 1.051715e-03
3 26 2 1.739097e-03
4 26 2 3.881807e-03
5 26 2 1.093445e-02
6 26 2 2.088450e-02
7 26 2 2.265962e-02
8 26 2 1.695400e-02
9 26 2 9.272944e-03
10 26 2 3.732722e-03
11 26 2 1.950195e-03
12 26 2 1.205707e-03
1 27 2 5.539330e-03
2 27 2 4.890732e-03
3 27 2 8.573427e-03
4 27 2 2.183546e-02
5 27 2 6.149030e-02
6 27 2 1.271079e-01
7 27 2 1.433562e-01
8 27 2 1.079005e-01
9 27 2 5.575914e-02
10 27 2 2.093890e-02
11 27 2 1.109687e-02
12 27 2 6.864178e-03
1 28 2 1.803353e-04
2 28 2 1.641100e-04
3 28 2 2.760045e-04
4 28 2 7.502461e-04
5 28 2 2.142411e-03
6 28 2 4.586868e-03
7 28 2 5.468613e-03
8 28 2 4.120661e-03
9 28 2 2.119756e-03
10 28 2 8.255420e-04
11 28 2 4.121225e-04
12 28 2 2.569355e-04
1 29 2 2.418374e-04
2 29 2 2.287789e-04
3 29 2 3.644562e-04
4 29 2 1.095859e-03
5 29 2 3.277101e-03
6 29 2 8.065241e-03
7 29 2 1.098672e-02
8 29 2 8.174194e-03
9 29 2 3.753997e-03
10 29 2 1.391371e-03
11 29 2 6.577067e-04
12 29 2 4.105693e-04
1 30 2 5.489669e-05
2 30 2 4.801058e-05
3 30 2 7.630561e-05
4 30 2 2.335499e-04
5 30 2 6.469696e-04
6 30 2 1.759505e-03
7 30 2 2.550320e-03
8 30 2 1.953051e-03
9 30 2 8.836884e-04
10 30 2 3.458916e-04
11 30 2 1.595503e-04
12 30 2 9.555440e-05
1 31 2 9.794589e-05
2 31 2 7.547555e-05
3 31 2 1.146565e-04
4 31 2 3.191272e-04
5 31 2 8.241411e-04
6 31 2 2.169922e-03
7 31 2 3.060072e-03
8 31 2 2.470014e-03
9 31 2 1.235665e-03
10 31 2 5.658738e-04
11 31 2 2.716885e-04
12 31 2 1.513975e-04
1 32 2 1.157669e-04
2 32 2 9.583273e-05
3 32 2 1.339576e-04
4 32 2 2.976592e-04
5 32 2 7.950077e-04
6 32 2 1.883217e-03
7 32 2 2.429573e-03
8 32 2 2.006937e-03
9 32 2 1.120696e-03
10 32 2 5.777302e-04
11 32 2 2.985474e-04
12 32 2 1.548297e-04
1 35 2 1.491985e-03
2 35 2 1.421637e-03
3 35 2 1.544319e-03
4 35 2 2.057944e-03
5 35 2 3.226102e-03
6 35 2 4.926962e-03
7 35 2 5.928648e-03
8 35 2 5.444070e-03
9 35 2 3.700000e-03
10 35 2 2.675095e-03
11 35 2 2.026242e-03
12 35 2 1.646138e-03
1 36 2 1.789125e-04
2 36 2 1.679641e-04
3 36 2 1.861538e-04
4 36 2 2.235871e-04
5 36 2 3.057924e-04
6 36 2 4.411309e-04
7 36 2 5.195276e-04
8 36 2 5.292568e-04
9 36 2 4.039975e-04
10 36 2 3.165158e-04
11 36 2 2.422567e-04
12 36 2 2.007302e-04
1 37 2 1.612601e-02
2 37 2 1.560774e-02
3 37 2 1.966647e-02
4 37 2 2.528845e-02
5 37 2 3.823130e-02
6 37 2 5.798606e-02
7 37 2 6.744076e-02
8 37 2 6.629586e-02
9 37 2 4.878759e-02
10 37 2 3.658216e-02
11 37 2 2.578352e-02
12 37 2 1.975237e-02
1 38 2 2.711112e-02
2 38 2 2.708681e-02
3 38 2 4.126318e-02
4 38 2 6.117947e-02
5 38 2 1.116979e-01
6 38 2 1.981993e-01
7 38 2 2.349576e-01
8 38 2 2.037765e-01
9 38 2 1.316241e-01
10 38 2 8.996492e-02
11 38 2 5.140773e-02
12 38 2 3.709780e-02
1 39 2 1.423991e-03
2 39 2 1.483512e-03
3 39 2 2.402983e-03
4 39 2 3.710406e-03
5 39 2 7.199417e-03
6 39 2 1.391829e-02
7 39 2 1.728262e-02
8 39 2 1.399232e-02
9 39 2 8.819527e-03
10 39 2 5.569427e-03
11 39 2 2.819123e-03
12 39 2 2.057756e-03
1 40 2 2.748374e-04
2 40 2 3.015443e-04
3 40 2 5.377999e-04
4 40 2 9.043533e-04
5 40 2 1.976962e-03
6 40 2 4.488574e-03
7 40 2 5.615899e-03
8 40 2 4.119682e-03
9 40 2 2.537682e-03
10 40 2 1.367327e-03
11 40 2 5.857234e-04
12 40 2 4.363456e-04
1 41 2 1.462546e-04
2 41 2 1.563535e-04
3 41 2 3.133271e-04
4 41 2 5.580578e-04
5 41 2 1.399691e-03
6 41 2 3.551859e-03
7 41 2 4.592342e-03
8 41 2 3.221048e-03
9 41 2 1.800071e-03
10 41 2 7.801674e-04
11 41 2 2.997194e-04
12 41 2 2.498122e-04
1 42 2 7.920126e-05
2 42 2 8.284609e-05
3 42 2 1.786565e-04
4 42 2 3.524342e-04
5 42 2 1.001911e-03
6 42 2 2.779001e-03
7 42 2 3.890276e-03
8 42 2 2.597988e-03
9 42 2 1.230283e-03
10 42 2 4.403052e-04
11 42 2 1.641542e-04
12 42 2 1.346646e-04
1 43 2 2.221821e-06
2 43 2 2.303742e-06
3 43 2 5.435636e-06
4 43 2 1.326311e-05
5 43 2 4.439407e-05
6 43 2 1.309250e-04
7 43 2 1.913943e-04
8 43 2 1.201440e-04
9 43 2 4.912914e-05
10 43 2 1.508389e-05
11 43 2 5.143932e-06
12 43 2 3.604392e-06
1 44 2 9.173621e-06
2 44 2 9.217423e-06
3 44 2 2.004931e-05
4 44 2 5.420282e-05
5 44 2 2.025001e-04
6 44 2 6.381448e-04
7 44 2 9.326838e-04
8 44 2 5.624026e-04
9 44 2 2.027377e-04
10 44 2 6.006706e-05
11 44 2 1.971418e-05
12 44 2 1.332900e-05
1 45 2 2.108124e-05
2 45 2 2.362590e-05
3 45 2 4.305049e-05
4 45 2 1.269593e-04
5 45 2 5.316810e-04
6 45 2 1.764173e-03
7 45 2 2.468055e-03
8 45 2 1.502796e-03
9 45 2 5.167776e-04
10 45 2 1.319441e-04
11 45 2 3.824492e-05
12 45 2 2.499499e-05
1 46 2 9.564272e-06
2 46 2 1.203209e-05
3 46 2 1.891353e-05
4 46 2 5.252096e-05
5 46 2 2.062476e-04
6 46 2 6.397571e-04
7 46 2 8.949750e-04
8 46 2 5.608017e-04
9 46 2 2.106531e-04
10 46 2 5.105981e-05
11 46 2 1.403836e-05
12 46 2 1.001131e-05
1 47 2 1.256683e-05
2 47 2 1.599302e-05
3 47 2 2.253667e-05
4 47 2 5.049403e-05
5 47 2 1.721089e-04
6 47 2 4.741597e-04
7 47 2 6.430617e-04
8 47 2 4.360419e-04
9 47 2 1.847207e-04
10 47 2 5.697493e-05
11 47 2 1.680910e-05
12 47 2 1.277715e-05
1 48 2 1.701344e-05
2 48 2 1.954399e-05
3 48 2 2.688166e-05
4 48 2 5.249420e-05
5 48 2 1.628996e-04
6 48 2 3.746970e-04
7 48 2 4.979375e-04
8 48 2 3.503275e-04
9 48 2 1.667701e-04
10 48 2 6.217777e-05
11 48 2 2.238322e-05
12 48 2 1.484319e-05
1 49 2 6.637395e-04
2 49 2 6.039444e-04
3 49 2 6.850500e-04
4 49 2 8.017904e-04
5 49 2 1.146731e-03
6 49 2 1.744685e-03
7 49 2 2.601910e-03
8 49 2 2.446731e-03
9 49 2 1.706567e-03
10 49 2 1.221213e-03
11 49 2 8.915842e-04
12 49 2 6.504091e-04
1 50 2 2.706702e-03
2 50 2 2.336423e-03
3 50 2 2.738649e-03
4 50 2 3.121776e-03
5 50 2 4.393683e-03
6 50 2 6.447668e-03
7 50 2 8.898731e-03
8 50 2 8.557580e-03
9 50 2 6.196466e-03
10 50 2 4.417101e-03
11 50 2 3.306999e-03
12 50 2 2.603901e-03
1 51 2 1.040399e-03
2 51 2 9.495267e-04
3 51 2 1.031766e-03
4 51 2 1.190999e-03
5 51 2 1.623361e-03
6 51 2 2.276636e-03
7 51 2 2.966788e-03
8 51 2 2.942153e-03
9 51 2 2.444498e-03
10 51 2 1.719397e-03
11 51 2 1.288625e-03
12 51 2 1.079907e-03
1 52 2 3.652629e-01
2 52 2 3.839226e-01
3 52 2 4.822941e-01
4 52 2 7.031190e-01
5 52 2 1.189067e+00
6 52 2 1.636422e+00
7 52 2 2.099015e+00
8 52 2 1.963298e+00
9 52 2 1.584847e+00
10 52 2 9.053678e-01
11 52 2 5.449428e-01
12 52 2 4.202340e-01
1 53 2 9.199490e-02
2 53 2 1.154200e-01
3 53 2 1.955458e-01
4 53 2 4.268180e-01
5 53 2 8.127921e-01
6 53 2 1.213706e+00
7 53 2 1.684767e+00
8 53 2 1.435618e+00
9 53 2 9.716373e-01
10 53 2 4.285329e-01
11 53 2 1.911372e-01
12 53 2 1.210932e-01
1 54 2 5.098188e-02
2 54 2 6.613654e-02
3 54 2 1.236780e-01
4 54 2 3.073277e-01
5 54 2 6.053398e-01
6 54 2 1.169240e+00
7 54 2 1.660961e+00
8 54 2 1.392759e+00
9 54 2 8.446863e-01
10 54 2 3.592428e-01
11 54 2 1.539879e-01
12 54 2 8.494273e-02
1 55 2 3.150577e-02
2 55 2 3.513733e-02
3 55 2 6.554773e-02
4 55 2 1.534833e-01
5 55 2 3.045732e-01
6 55 2 6.504459e-01
7 55 2 9.041691e-01
8 55 2 7.797673e-01
9 55 2 4.944779e-01
10 55 2 2.370942e-01
11 55 2 1.109273e-01
12 55 2 6.351731e-02
1 56 2 1.072428e-01
2 56 2 1.112946e-01
3 56 2 1.927653e-01
4 56 2 4.298391e-01
5 56 2 9.395708e-01
6 56 2 1.852101e+00
7 56 2 2.560691e+00
8 56 2 2.125244e+00
9 56 2 1.389110e+00
10 56 2 7.157199e-01
11 56 2 3.226731e-01
12 56 2 1.850561e-01
1 57 2 2.157772e-02
2 57 2 2.058729e-02
3 57 2 2.532119e-02
4 57 2 3.843360e-02
5 57 2 6.430544e-02
6 57 2 1.046330e-01
7 57 2 1.489986e-01
8 57 2 1.342841e-01
9 57 2 9.990746e-02
10 57 2 6.417534e-02
11 57 2 3.924356e-02
12 57 2 2.820257e-02
1 60 2 9.967168e-01
2 60 2 9.652302e-01
3 60 2 1.106927e+00
4 60 2 1.312800e+00
5 60 2 1.618578e+00
6 60 2 2.130037e+00
7 60 2 2.479789e+00
8 60 2 2.480832e+00
9 60 2 2.105343e+00
10 60 2 1.718659e+00
11 60 2 1.374525e+00
12 60 2 1.139341e+00
1 61 2 2.108289e+00
2 61 2 2.120971e+00
3 61 2 2.983109e+00
4 61 2 4.493192e+00
5 61 2 6.554196e+00
6 61 2 9.233801e+00
7 61 2 1.092731e+01
8 61 2 1.051298e+01
9 61 2 8.168858e+00
10 61 2 5.556507e+00
11 61 2 3.624846e+00
12 61 2 2.542437e+00
1 62 2 2.536882e-01
2 62 2 2.778483e-01
3 62 2 4.373841e-01
4 62 2 7.917985e-01
5 62 2 1.358105e+00
6 62 2 1.926581e+00
7 62 2 2.355819e+00
8 62 2 2.199071e+00
9 62 2 1.532362e+00
10 62 2 9.138070e-01
11 62 2 4.962376e-01
12 62 2 3.229373e-01
1 63 2 1.697987e-02
2 63 2 2.061283e-02
3 63 2 3.449068e-02
4 63 2 7.254264e-02
5 63 2 1.392213e-01
6 63 2 2.069746e-01
7 63 2 2.646705e-01
8 63 2 2.303152e-01
9 63 2 1.406693e-01
10 63 2 7.682102e-02
11 63 2 3.548420e-02
12 63 2 2.322945e-02
1 64 2 4.056901e-03
2 64 2 5.197313e-03
3 64 2 9.896938e-03
4 64 2 2.344254e-02
5 64 2 5.020654e-02
6 64 2 8.041938e-02
7 64 2 1.019333e-01
8 64 2 7.968908e-02
9 64 2 4.562879e-02
10 64 2 2.017148e-02
11 64 2 9.217375e-03
12 64 2 6.307982e-03
1 65 2 1.371772e-03
2 65 2 1.701006e-03
3 65 2 3.726585e-03
4 65 2 1.050910e-02
5 65 2 2.203424e-02
6 65 2 3.744801e-02
7 65 2 4.853794e-02
8 65 2 3.622608e-02
9 65 2 2.054629e-02
10 65 2 7.290980e-03
11 65 2 3.209632e-03
12 65 2 2.326016e-03
1 66 2 9.195051e-04
2 66 2 1.136795e-03
3 66 2 2.702487e-03
4 66 2 8.865965e-03
5 66 2 1.843487e-02
6 66 2 3.169959e-02
7 66 2 4.371903e-02
8 66 2 3.305163e-02
9 66 2 1.869677e-02
10 66 2 6.194455e-03
11 66 2 2.373808e-03
12 66 2 1.472426e-03
1 67 2 3.636868e-04
2 67 2 4.849595e-04
3 67 2 1.233255e-03
4 67 2 4.555751e-03
5 67 2 1.033674e-02
6 67 2 1.762938e-02
7 67 2 2.464782e-02
8 67 2 1.896851e-02
9 67 2 1.037446e-02
10 67 2 3.815172e-03
11 67 2 1.206386e-03
12 67 2 5.429880e-04
1 68 2 1.234139e-04
2 68 2 1.657117e-04
3 68 2 4.921544e-04
4 68 2 2.262201e-03
5 68 2 6.164788e-03
6 68 2 1.181364e-02
7 68 2 1.693853e-02
8 68 2 1.259776e-02
9 68 2 6.045787e-03
10 68 2 2.221150e-03
11 68 2 5.065008e-04
12 68 2 1.762447e-04
1 69 2 1.352368e-04
2 69 2 1.917407e-04
3 69 2 4.585348e-04
4 69 2 2.010703e-03
5 69 2 6.447413e-03
6 69 2 1.525853e-02
7 69 2 2.235362e-02
8 69 2 1.720776e-02
9 69 2 7.392343e-03
10 69 2 2.403704e-03
11 69 2 4.657512e-04
12 69 2 1.751527e-04
1 70 2 4.084856e-04
2 70 2 4.774415e-04
3 70 2 6.841599e-04
4 70 2 1.784938e-03
5 70 2 4.476057e-03
6 70 2 1.086914e-02
7 70 2 1.759369e-02
8 70 2 1.603496e-02
9 70 2 8.279379e-03
10 70 2 2.951177e-03
11 70 2 8.975719e-04
12 70 2 5.052679e-04
1 71 2 1.594279e-04
2 71 2 1.617820e-04
3 71 2 1.830686e-04
4 71 2 2.937698e-04
5 71 2 5.689229e-04
6 71 2 1.186827e-03
7 71 2 1.821407e-03
8 71 2 1.810935e-03
9 71 2 1.161879e-03
10 71 2 5.533873e-04
11 71 2 2.643672e-04
12 71 2 1.836120e-04
1 72 2 6.696463e-07
2 72 2 6.395705e-07
3 72 2 6.929083e-07
4 72 2 8.834648e-07
5 72 2 1.374606e-06
6 72 2 2.391861e-06
7 72 2 3.704718e-06
8 72 2 3.563070e-06
9 72 2 2.492843e-06
10 72 2 1.511519e-06
11 72 2 9.313039e-07
12 72 2 6.650733e-07
1 76 2 9.478146e-01
2 76 2 8.671529e-01
3 76 2 8.758804e-01
4 76 2 9.527492e-01
5 76 2 1.295279e+00
6 76 2 1.846985e+00
7 76 2 2.476704e+00
8 76 2 2.643097e+00
9 76 2 2.518358e+00
10 76 2 1.681760e+00
11 76 2 1.085647e+00
12 76 2 9.494923e-01
1 77 2 9.029165e-01
2 77 2 1.172430e+00
3 77 2 1.535813e+00
4 77 2 2.482211e+00
5 77 2 4.167733e+00
6 77 2 6.434545e+00
7 77 2 8.742810e+00
8 77 2 8.298345e+00
9 77 2 6.147062e+00
10 77 2 3.105568e+00
11 77 2 1.362733e+00
12 77 2 8.589235e-01
1 78 2 1.055630e+00
2 78 2 1.442370e+00
3 78 2 2.008587e+00
4 78 2 3.602611e+00
5 78 2 5.633443e+00
6 78 2 8.943955e+00
7 78 2 1.104032e+01
8 78 2 1.033792e+01
9 78 2 6.702995e+00
10 78 2 3.554729e+00
11 78 2 1.919631e+00
12 78 2 1.108268e+00
1 79 2 3.359309e+00
2 79 2 4.121928e+00
3 79 2 6.052179e+00
4 79 2 1.003854e+01
5 79 2 1.525133e+01
6 79 2 2.491565e+01
7 79 2 3.053102e+01
8 79 2 2.892272e+01
9 79 2 1.997131e+01
10 79 2 1.205559e+01
11 79 2 6.868654e+00
12 79 2 4.207611e+00
1 80 2 1.651091e+00
2 80 2 1.654315e+00
3 80 2 2.078750e+00
4 80 2 2.810708e+00
5 80 2 4.191922e+00
6 80 2 6.377858e+00
7 80 2 8.212460e+00
8 80 2 8.130199e+00
9 80 2 6.747917e+00
10 80 2 4.730994e+00
11 80 2 2.759874e+00
12 80 2 2.040006e+00
1 81 2 3.252992e-07
2 81 2 2.947995e-07
3 81 2 3.105039e-07
4 81 2 3.681815e-07
5 81 2 5.301781e-07
6 81 2 7.143997e-07
7 81 2 9.532434e-07
8 81 2 1.022809e-06
9 81 2 9.300525e-07
10 81 2 7.136230e-07
11 81 2 4.717320e-07
12 81 2 3.862052e-07
1 84 2 2.481361e-01
2 84 2 2.623423e-01
3 84 2 3.244649e-01
4 84 2 4.100222e-01
5 84 2 5.497161e-01
6 84 2 9.007497e-01
7 84 2 1.206395e+00
8 84 2 1.156026e+00
9 84 2 8.674204e-01
10 84 2 5.474294e-01
11 84 2 3.677504e-01
12 84 2 2.809216e-01
1 85 2 4.497232e-01
2 85 2 5.064238e-01
3 85 2 6.584326e-01
4 85 2 9.566412e-01
5 85 2 1.531374e+00
6 85 2 2.339414e+00
7 85 2 3.236796e+00
8 85 2 3.079192e+00
9 85 2 2.217228e+00
10 85 2 1.223036e+00
11 85 2 6.897407e-01
12 85 2 5.004764e-01
1 86 2 1.473647e-01
2 86 2 1.668477e-01
3 86 2 2.132191e-01
4 86 2 3.097060e-01
5 86 2 4.977588e-01
6 86 2 7.222371e-01
7 86 2 9.921619e-01
8 86 2 9.954075e-01
9 86 2 7.367911e-01
10 86 2 4.272570e-01
11 86 2 2.353542e-01
12 86 2 1.682060e-01
1 87 2 4.109401e-02
2 87 2 5.559547e-02
3 87 2 7.938014e-02
4 87 2 1.254819e-01
5 87 2 2.201413e-01
6 87 2 3.309003e-01
7 87 2 4.485985e-01
8 87 2 4.571068e-01
9 87 2 3.314046e-01
10 87 2 1.865896e-01
11 87 2 8.198253e-02
12 87 2 4.983292e-02
1 88 2 2.534158e-02
2 88 2 3.598709e-02
3 88 2 5.643307e-02
4 88 2 1.070757e-01
5 88 2 2.197509e-01
6 88 2 3.453881e-01
7 88 2 4.423175e-01
8 88 2 3.879470e-01
9 88 2 2.506915e-01
10 88 2 1.184721e-01
11 88 2 6.073697e-02
12 88 2 3.373717e-02
1 89 2 6.322324e-03
2 89 2 8.796694e-03
3 89 2 1.669585e-02
4 89 2 3.140205e-02
5 89 2 6.266640e-02
6 89 2 9.361631e-02
7 89 2 1.092095e-01
8 89 2 9.564145e-02
9 89 2 6.241613e-02
10 89 2 2.970199e-02
11 89 2 1.634352e-02
12 89 2 9.046207e-03
1 90 2 3.306404e-03
2 90 2 4.357731e-03
3 90 2 8.647449e-03
4 90 2 1.552033e-02
5 90 2 2.383056e-02
6 90 2 3.154375e-02
7 90 2 3.542557e-02
8 90 2 3.277847e-02
9 90 2 2.388754e-02
10 90 2 1.424790e-02
11 90 2 7.855628e-03
12 90 2 4.472037e-03
1 91 2 7.994518e-04
2 91 2 1.131189e-03
3 91 2 2.363304e-03
4 91 2 4.465903e-03
5 91 2 6.590975e-03
6 91 2 8.377743e-03
7 91 2 9.406986e-03
8 91 2 8.627109e-03
9 91 2 6.203070e-03
10 91 2 3.839715e-03
11 91 2 1.990045e-03
12 91 2 1.021603e-03
1 92 2 4.667633e-03
2 92 2 6.667430e-03
3 92 2 1.671357e-02
4 92 2 3.987470e-02
5 92 2 7.519788e-02
6 92 2 1.152296e-01
7 92 2 1.383176e-01
8 92 2 1.258912e-01
9 92 2 7.875877e-02
10 92 2 4.185776e-02
11 92 2 1.641664e-02
12 92 2 7.047261e-03
1 93 2 4.587132e-02
2 93 2 5.534784e-02
3 93 2 1.137981e-01
4 93 2 2.652192e-01
5 93 2 4.731360e-01
6 93 2 7.508337e-01
7 93 2 1.007204e+00
8 93 2 9.901674e-01
9 93 2 6.659915e-01
10 93 2 3.835302e-01
11 93 2 1.642485e-01
12 93 2 6.841280e-02
1 94 2 1.499343e-01
2 94 2 1.491784e-01
3 94 2 1.991892e-01
4 94 2 3.530001e-01
5 94 2 6.025496e-01
6 94 2 9.487882e-01
7 94 2 1.310747e+00
8 94 2 1.428424e+00
9 94 2 1.176615e+00
10 94 2 7.102024e-01
11 94 2 3.811832e-01
12 94 2 2.082694e-01
1 98 2 1.201180e-01
2 98 2 1.118139e-01
3 98 2 1.052901e-01
4 98 2 1.121036e-01
5 98 2 1.272299e-01
6 98 2 1.455887e-01
7 98 2 1.637574e-01
8 98 2 1.725923e-01
9 98 2 1.703099e-01
10 98 2 1.609884e-01
11 98 2 1.448079e-01
12 98 2 1.317767e-01
1 101 2 1.682017e-02
2 101 2 1.728330e-02
3 101 2 1.771091e-02
4 101 2 2.184024e-02
5 101 2 2.808698e-02
6 101 2 3.279447e-02
7 101 2 3.500622e-02
8 101 2 3.507746e-02
9 101 2 3.372230e-02
10 101 2 2.891342e-02
11 101 2 2.223363e-02
12 101 2 1.783296e-02
1 102 2 6.553105e-01
2 102 2 7.407380e-01
3 102 2 9.103808e-01
4 102 2 1.138703e+00
5 102 2 1.317749e+00
6 102 2 1.438560e+00
7 102 2 1.479069e+00
8 102 2 1.497758e+00
9 102 2 1.349898e+00
10 102 2 1.039963e+00
11 102 2 8.347005e-01
12 102 2 6.841408e-01
1 103 2 9.909781e-01
2 103 2 1.011301e+00
3 103 2 1.102192e+00
4 103 2 1.245435e+00
5 103 2 1.450408e+00
6 103 2 1.659806e+00
7 103 2 1.795700e+00
8 103 2 1.884547e+00
9 103 2 1.848351e+00
10 103 2 1.615298e+00
11 103 2 1.328836e+00
12 103 2 1.104883e+00
1 104 2 2.823995e-02
2 104 2 2.709834e-02
3 104 2 2.739278e-02
4 104 2 3.003224e-02
5 104 2 3.511703e-02
6 104 2 4.029849e-02
7 104 2 4.522803e-02
8 104 2 4.885730e-02
9 104 2 4.925056e-02
10 104 2 4.600978e-02
11 104 2 3.784719e-02
12 104 2 3.133742e-02
1 107 2 1.049160e-02
2 107 2 1.106845e-02
3 107 2 1.292281e-02
4 107 2 1.480812e-02
5 107 2 1.660637e-02
6 107 2 2.126014e-02
7 107 2 2.323824e-02
8 107 2 2.314421e-02
9 107 2 2.166645e-02
10 107 2 1.853244e-02
11 107 2 1.473261e-02
12 107 2 1.152146e-02
1 108 2 1.369425e-03
2 108 2 1.750127e-03
3 108 2 2.542246e-03
4 108 2 3.937384e-03
5 108 2 6.111871e-03
6 108 2 8.388735e-03
7 108 2 8.979887e-03
8 108 2 7.936330e-03
9 108 2 6.421743e-03
10 108 2 4.430558e-03
11 108 2 2.307871e-03
12 108 2 1.469185e-03
1 109 2 2.597453e-03
2 109 2 3.430857e-03
3 109 2 5.366082e-03
4 109 2 9.312376e-03
5 109 2 1.586627e-02
6 109 2 2.000024e-02
7 109 2 2.032205e-02
8 109 2 1.868167e-02
9 109 2 1.500192e-02
10 109 2 1.052631e-02
11 109 2 4.681840e-03
12 109 2 2.734957e-03
1 110 2 1.143736e-03
2 110 2 1.456900e-03
3 110 2 2.339856e-03
4 110 2 3.622006e-03
5 110 2 5.617586e-03
6 110 2 6.505435e-03
7 110 2 6.993970e-03
8 110 2 6.916982e-03
9 110 2 5.823937e-03
10 110 2 4.246019e-03
11 110 2 2.053820e-03
12 110 2 1.208901e-03
1 111 2 3.927736e-02
2 111 2 4.912452e-02
3 111 2 7.953152e-02
4 111 2 1.205367e-01
5 111 2 1.821735e-01
6 111 2 2.336337e-01
7 111 2 2.469683e-01
8 111 2 2.446126e-01
9 111 2 2.083090e-01
10 111 2 1.355991e-01
11 111 2 7.304624e-02
12 111 2 4.461798e-02
1 112 2 4.522524e-02
2 112 2 5.831243e-02
3 112 2 1.022966e-01
4 112 2 1.701133e-01
5 112 2 2.586859e-01
6 112 2 3.152393e-01
7 112 2 3.210628e-01
8 112 2 2.992637e-01
9 112 2 2.284549e-01
10 112 2 1.516651e-01
11 112 2 8.703995e-02
12 112 2 5.350258e-02
1 113 2 2.594084e-02
2 113 2 3.286463e-02
3 113 2 5.521277e-02
4 113 2 8.256566e-02
5 113 2 1.016050e-01
6 113 2 8.871615e-02
7 113 2 7.612371e-02
8 113 2 7.270434e-02
9 113 2 7.190802e-02
10 113 2 6.565888e-02
11 113 2 4.592428e-02
12 113 2 3.101771e-02
1 114 2 7.073435e-02
2 114 2 9.591937e-02
3 114 2 1.708967e-01
4 114 2 2.491135e-01
5 114 2 2.874037e-01
6 114 2 2.103957e-01
7 114 2 1.737726e-01
8 114 2 1.592837e-01
9 114 2 1.537144e-01
10 114 2 1.375772e-01
11 114 2 1.048781e-01
12 114 2 7.768706e-02
1 115 2 2.687205e-02
2 115 2 3.909643e-02
3 115 2 6.197420e-02
4 115 2 7.682244e-02
5 115 2 6.860608e-02
6 115 2 6.369849e-02
7 115 2 6.143601e-02
8 115 2 5.894351e-02
9 115 2 5.421044e-02
10 115 2 4.844533e-02
11 115 2 3.680114e-02
12 115 2 2.640205e-02
1 116 2 2.838309e-02
2 116 2 3.633382e-02
3 116 2 5.556308e-02
4 116 2 7.864751e-02
5 116 2 9.147201e-02
6 116 2 1.041634e-01
7 116 2 1.092032e-01
8 116 2 1.045317e-01
9 116 2 8.468229e-02
10 116 2 6.770160e-02
11 116 2 4.918389e-02
12 116 2 3.240023e-02
1 117 2 7.268032e-03
2 117 2 7.589643e-03
3 117 2 9.585021e-03
4 117 2 1.312066e-02
5 117 2 1.670809e-02
6 117 2 1.979540e-02
7 117 2 2.107426e-02
8 117 2 2.104663e-02
9 117 2 1.920377e-02
10 117 2 1.643959e-02
11 117 2 1.327106e-02
12 117 2 9.586842e-03
1 126 2 3.099873e-04
2 126 2 3.222000e-04
3 126 2 3.492208e-04
4 126 2 3.687559e-04
5 126 2 3.643342e-04
6 126 2 3.386078e-04
7 126 2 3.263983e-04
8 126 2 3.295871e-04
9 126 2 3.278423e-04
10 126 2 3.221575e-04
11 126 2 3.147879e-04
12 126 2 3.100218e-04
1 127 2 3.124140e-02
2 127 2 3.177314e-02
3 127 2 3.353587e-02
4 127 2 3.481736e-02
5 127 2 3.529170e-02
6 127 2 3.418448e-02
7 127 2 3.419391e-02
8 127 2 3.497861e-02
9 127 2 3.460574e-02
10 127 2 3.321881e-02
11 127 2 3.219314e-02
12 127 2 3.179465e-02
1 128 2 1.415659e-01
2 128 2 1.453868e-01
3 128 2 1.492489e-01
4 128 2 1.456922e-01
5 128 2 1.417226e-01
6 128 2 1.374654e-01
7 128 2 1.465128e-01
8 128 2 1.665856e-01
9 128 2 1.751633e-01
10 128 2 1.654500e-01
11 128 2 1.504526e-01
12 128 2 1.417563e-01
1 129 2 4.037203e-03
2 129 2 3.981771e-03
3 129 2 4.082196e-03
4 129 2 4.200580e-03
5 129 2 4.265394e-03
6 129 2 4.380783e-03
7 129 2 4.577486e-03
8 129 2 4.989452e-03
9 129 2 5.212926e-03
10 129 2 5.235892e-03
11 129 2 4.780549e-03
12 129 2 4.246935e-03
1 133 2 8.673768e-02
2 133 2 1.008454e-01
3 133 2 1.210594e-01
4 133 2 1.242960e-01
5 133 2 1.185657e-01
6 133 2 1.089779e-01
7 133 2 9.726379e-02
8 133 2 9.107648e-02
9 133 2 9.497248e-02
10 133 2 1.011494e-01
11 133 2 9.649811e-02
12 133 2 8.443590e-02
1 135 2 3.749365e-03
2 135 2 4.224222e-03
3 135 2 5.023565e-03
4 135 2 5.410146e-03
5 135 2 5.198631e-03
6 135 2 4.637711e-03
7 135 2 4.006523e-03
8 135 2 4.046619e-03
9 135 2 4.299996e-03
10 135 2 4.043896e-03
11 135 2 3.876039e-03
12 135 2 3.641009e-03
1 136 2 4.195216e-03
2 136 2 4.317727e-03
3 136 2 5.339675e-03
4 136 2 6.491419e-03
5 136 2 7.108396e-03
6 136 2 6.485568e-03
7 136 2 5.738970e-03
8 136 2 5.725807e-03
9 136 2 5.755402e-03
10 136 2 5.414095e-03
11 136 2 5.118999e-03
12 136 2 4.545734e-03
1 137 2 1.019555e-03
2 137 2 1.069618e-03
3 137 2 1.226339e-03
4 137 2 1.347567e-03
5 137 2 1.330130e-03
6 137 2 1.223853e-03
7 137 2 1.132194e-03
8 137 2 1.092454e-03
9 137 2 1.093141e-03
10 137 2 1.138800e-03
11 137 2 1.125918e-03
12 137 2 1.061640e-03
1 138 2 4.079174e-02
2 138 2 4.485702e-02
3 138 2 5.204077e-02
4 138 2 5.791814e-02
5 138 2 5.843585e-02
6 138 2 5.135924e-02
7 138 2 4.757942e-02
8 138 2 4.588445e-02
9 138 2 4.600964e-02
10 138 2 4.627774e-02
11 138 2 4.489029e-02
12 138 2 4.163199e-02
1 139 2 6.885727e-02
2 139 2 7.841571e-02
3 139 2 8.762184e-02
4 139 2 9.196536e-02
5 139 2 9.066934e-02
6 139 2 8.443778e-02
7 139 2 7.989091e-02
8 139 2 7.690818e-02
9 139 2 7.591133e-02
10 139 2 7.650066e-02
11 139 2 7.279623e-02
12 139 2 6.663523e-02
1 140 2 2.281864e-02
2 140 2 2.359533e-02
3 140 2 2.562635e-02
4 140 2 2.903424e-02
5 140 2 3.083021e-02
6 140 2 2.961247e-02
7 140 2 2.803819e-02
8 140 2 2.704260e-02
9 140 2 2.664836e-02
10 140 2 2.679564e-02
11 140 2 2.622970e-02
12 140 2 2.445409e-02
1 141 2 3.577801e-02
2 141 2 3.540782e-02
3 141 2 3.642199e-02
4 141 2 3.997283e-02
5 141 2 4.313599e-02
6 141 2 4.265445e-02
7 141 2 4.150102e-02
8 141 2 4.024337e-02
9 141 2 3.990231e-02
10 141 2 3.999612e-02
11 141 2 4.039533e-02
12 141 2 3.922071e-02
1 150 2 4.140629e-05
2 150 2 4.532569e-05
3 150 2 4.851600e-05
4 150 2 4.961158e-05
5 150 2 4.642131e-05
6 150 2 4.094151e-05
7 150 2 3.735008e-05
8 150 2 3.644815e-05
9 150 2 3.526980e-05
10 150 2 3.446735e-05
11 150 2 3.513748e-05
12 150 2 3.738527e-05
1 151 2 2.684675e-02
2 151 2 2.855465e-02
3 151 2 3.027640e-02
4 151 2 3.099030e-02
5 151 2 2.998527e-02
6 151 2 2.822543e-02
7 151 2 2.760177e-02
8 151 2 2.866742e-02
9 151 2 2.729393e-02
10 151 2 2.561253e-02
11 151 2 2.486150e-02
12 151 2 2.548173e-02
1 152 2 2.127960e-02
2 152 2 2.155467e-02
3 152 2 2.175421e-02
4 152 2 2.067212e-02
5 152 2 1.987144e-02
6 152 2 1.951655e-02
7 152 2 2.231263e-02
8 152 2 2.975121e-02
9 152 2 3.158416e-02
10 152 2 2.691948e-02
11 152 2 2.308456e-02
12 152 2 2.134848e-02
1 153 2 2.467436e-02
2 153 2 2.527288e-02
3 153 2 2.666463e-02
4 153 2 2.615448e-02
5 153 2 2.525743e-02
6 153 2 2.479773e-02
7 153 2 2.894683e-02
8 153 2 3.782829e-02
9 153 2 4.600975e-02
10 153 2 4.112326e-02
11 153 2 3.110764e-02
12 153 2 2.595512e-02
1 154 2 6.711702e-02
2 154 2 6.675287e-02
3 154 2 6.946493e-02
4 154 2 6.656029e-02
5 154 2 6.223994e-02
6 154 2 5.598555e-02
7 154 2 5.286507e-02
8 154 2 5.507122e-02
9 154 2 6.209207e-02
10 154 2 6.978040e-02
11 154 2 7.354076e-02
12 154 2 7.111041e-02
1 157 2 2.674874e-03
2 157 2 2.777590e-03
3 157 2 2.973808e-03
4 157 2 2.931915e-03
5 157 2 2.857774e-03
6 157 2 2.686799e-03
7 157 2 2.563590e-03
8 157 2 2.537749e-03
9 157 2 2.519407e-03
10 157 2 2.563336e-03
11 157 2 2.581713e-03
12 157 2 2.615405e-03
1 163 2 1.245963e-02
2 163 2 1.262657e-02
3 163 2 1.300126e-02
4 163 2 1.378142e-02
5 163 2 1.379487e-02
6 163 2 1.275390e-02
7 163 2 1.179094e-02
8 163 2 1.107192e-02
9 163 2 1.123047e-02
10 163 2 1.188140e-02
11 163 2 1.234587e-02
12 163 2 1.244260e-02
1 164 2 4.711379e-02
2 164 2 4.671096e-02
3 164 2 4.801123e-02
4 164 2 5.025102e-02
5 164 2 4.965991e-02
6 164 2 4.593159e-02
7 164 2 4.251374e-02
8 164 2 4.152809e-02
9 164 2 4.446812e-02
10 164 2 4.871679e-02
11 164 2 4.970065e-02
12 164 2 4.887302e-02
1 165 2 2.262743e-02
2 165 2 2.217648e-02
3 165 2 2.245527e-02
4 165 2 2.295195e-02
5 165 2 2.270003e-02
6 165 2 2.088725e-02
7 165 2 1.969382e-02
8 165 2 1.993371e-02
9 165 2 2.124719e-02
10 165 2 2.271784e-02
11 165 2 2.389822e-02
12 165 2 2.392638e-02
1 166 2 9.970048e-03
2 166 2 9.870517e-03
3 166 2 9.707441e-03
4 166 2 9.661897e-03
5 166 2 9.345532e-03
6 166 2 8.643062e-03
7 166 2 8.161666e-03
8 166 2 8.222557e-03
9 166 2 8.530294e-03
10 166 2 8.973243e-03
11 166 2 9.674473e-03
12 166 2 1.016192e-02
1 170 2 4.117457e-04
2 170 2 4.528387e-04
3 170 2 4.449115e-04
4 170 2 4.044008e-04
5 170 2 3.369867e-04
6 170 2 2.833469e-04
7 170 2 2.680018e-04
8 170 2 2.558555e-04
9 170 2 2.601587e-04
10 170 2 2.896849e-04
11 170 2 3.196134e-04
12 170 2 3.680546e-04
1 171 2 1.479948e-03
2 171 2 1.624558e-03
3 171 2 1.644225e-03
4 171 2 1.462840e-03
5 171 2 1.216919e-03
6 171 2 1.042842e-03
7 171 2 9.467883e-04
8 171 2 8.971117e-04
9 171 2 9.101827e-04
10 171 2 9.900247e-04
11 171 2 1.129956e-03
12 171 2 1.334934e-03
1 175 2 4.266819e-05
2 175 2 4.511022e-05
3 175 2 4.523961e-05
4 175 2 4.237228e-05
5 175 2 3.681484e-05
6 175 2 3.354765e-05
7 175 2 3.285157e-05
8 175 2 3.257420e-05
9 175 2 3.029756e-05
10 175 2 3.062654e-05
11 175 2 3.201977e-05
12 175 2 3.735124e-05
1 176 2 3.079186e-02
2 176 2 3.102272e-02
3 176 2 3.037115e-02
4 176 2 2.682432e-02
5 176 2 2.169968e-02
6 176 2 1.966398e-02
7 176 2 1.962812e-02
8 176 2 2.239307e-02
9 176 2 2.438837e-02
10 176 2 2.602833e-02
11 176 2 2.778331e-02
12 176 2 2.951269e-02
1 177 2 1.350332e-01
2 177 2 1.312154e-01
3 177 2 1.238918e-01
4 177 2 1.083351e-01
5 177 2 8.858862e-02
6 177 2 7.564719e-02
7 177 2 7.870974e-02
8 177 2 9.430875e-02
9 177 2 1.185314e-01
10 177 2 1.232681e-01
11 177 2 1.257684e-01
12 177 2 1.260253e-01
1 178 2 4.919199e-02
2 178 2 4.861707e-02
3 178 2 4.660301e-02
4 178 2 3.906082e-02
5 178 2 3.401043e-02
6 178 2 2.874638e-02
7 178 2 2.737911e-02
8 178 2 2.758062e-02
9 178 2 3.145500e-02
10 178 2 3.384468e-02
11 178 2 3.822565e-02
12 178 2 4.243850e-02
1 181 2 6.009472e-04
2 181 2 6.347329e-04
3 181 2 6.434738e-04
4 181 2 6.152471e-04
5 181 2 5.073871e-04
6 181 2 4.387359e-04
7 181 2 3.879329e-04
8 181 2 3.970177e-04
9 181 2 4.301284e-04
10 181 2 4.657487e-04
11 181 2 5.274665e-04
12 181 2 5.615993e-04
1 182 2 7.179167e-02
2 182 2 6.635764e-02
3 182 2 6.257228e-02
4 182 2 5.226896e-02
5 182 2 4.093125e-02
6 182 2 3.061412e-02
7 182 2 3.035384e-02
8 182 2 4.218042e-02
9 182 2 5.852987e-02
10 182 2 7.178480e-02
11 182 2 7.933697e-02
12 182 2 7.615178e-02
1 183 2 1.525864e-02
2 183 2 1.465848e-02
3 183 2 1.399427e-02
4 183 2 1.268898e-02
5 183 2 1.067629e-02
6 183 2 8.665072e-03
7 183 2 8.061940e-03
8 183 2 9.573245e-03
9 183 2 1.113108e-02
10 183 2 1.316805e-02
11 183 2 1.433601e-02
12 183 2 1.474551e-02
1 184 2 4.760872e-03
2 184 2 4.823990e-03
3 184 2 4.671959e-03
4 184 2 4.204461e-03
5 184 2 3.495366e-03
6 184 2 2.824915e-03
7 184 2 2.547363e-03
8 184 2 2.660471e-03
9 184 2 2.818325e-03
10 184 2 3.236491e-03
11 184 2 3.786912e-03
12 184 2 4.316242e-03
1 188 2 1.359853e-02
2 188 2 1.347997e-02
3 188 2 1.249472e-02
4 188 2 1.020279e-02
5 188 2 7.210924e-03
6 188 2 5.484884e-03
7 188 2 4.719698e-03
8 188 2 4.801004e-03
9 188 2 6.502934e-03
10 188 2 8.545771e-03
11 188 2 1.017717e-02
12 188 2 1.269366e-02
1 189 2 1.186609e-02
2 189 2 1.096666e-02
3 189 2 9.947740e-03
4 189 2 7.352858e-03
5 189 2 4.868250e-03
6 189 2 3.442644e-03
7 189 2 3.273218e-03
8 189 2 4.020596e-03
9 189 2 6.467832e-03
10 189 2 9.209245e-03
11 189 2 1.120151e-02
12 189 2 1.170553e-02
1 190 2 4.855254e-02
2 190 2 4.600442e-02
3 190 2 3.993194e-02
4 190 2 2.828296e-02
5 190 2 1.973302e-02
6 190 2 1.431518e-02
7 190 2 1.345071e-02
8 190 2 1.621480e-02
9 190 2 2.277549e-02
10 190 2 3.104851e-02
11 190 2 4.068345e-02
12 190 2 4.564608e-02
1 191 2 3.159299e-02
2 191 2 3.273868e-02
3 191 2 3.182216e-02
4 191 2 2.628868e-02
5 191 2 2.161767e-02
6 191 2 1.775854e-02
7 191 2 1.561274e-02
8 191 2 1.585610e-02
9 191 2 1.729933e-02
10 191 2 1.941672e-02
11 191 2 2.388053e-02
12 191 2 2.809522e-02
1 192 2 2.844999e-03
2 192 2 3.074653e-03
3 192 2 2.995662e-03
4 192 2 2.593795e-03
5 192 2 2.192147e-03
6 192 2 1.866526e-03
7 192 2 1.640305e-03
8 192 2 1.524228e-03
9 192 2 1.569416e-03
10 192 2 1.723398e-03
11 192 2 2.057292e-03
12 192 2 2.470358e-03
1 200 2 1.339466e-01
2 200 2 1.377977e-01
3 200 2 1.126883e-01
4 200 2 7.449501e-02
5 200 2 4.876072e-02
6 200 2 3.971109e-02
7 200 2 3.772760e-02
8 200 2 4.068601e-02
9 200 2 4.506696e-02
10 200 2 5.762030e-02
11 200 2 8.007191e-02
12 200 2 1.103228e-01
1 201 2 9.082048e-02
2 201 2 9.370792e-02
3 201 2 8.578403e-02
4 201 2 6.603042e-02
5 201 2 4.976023e-02
6 201 2 4.116801e-02
7 201 2 3.890608e-02
8 201 2 4.024480e-02
9 201 2 3.983031e-02
10 201 2 4.739290e-02
11 201 2 6.041322e-02
12 201 2 7.524280e-02
1 206 2 4.770944e-02
2 206 2 5.153241e-02
3 206 2 4.662304e-02
4 206 2 3.978556e-02
5 206 2 3.290245e-02
6 206 2 2.868816e-02
7 206 2 2.460569e-02
8 206 2 2.415967e-02
9 206 2 2.615259e-02
10 206 2 2.960326e-02
11 206 2 3.470185e-02
12 206 2 4.088238e-02
1 207 2 1.808235e-03
2 207 2 1.974365e-03
3 207 2 1.872446e-03
4 207 2 1.697842e-03
5 207 2 1.505735e-03
6 207 2 1.291463e-03
7 207 2 1.138308e-03
8 207 2 1.120944e-03
9 207 2 1.130961e-03
10 207 2 1.245712e-03
11 207 2 1.342509e-03
12 207 2 1.535747e-03
1 212 2 1.913217e-02
2 212 2 2.042240e-02
3 212 2 1.812688e-02
4 212 2 1.523910e-02
5 212 2 1.187767e-02
6 212 2 9.586270e-03
7 212 2 7.957146e-03
8 212 2 7.690509e-03
9 212 2 8.734316e-03
10 212 2 1.030608e-02
11 212 2 1.222481e-02
12 212 2 1.616353e-02
1 213 2 4.168078e-03
2 213 2 4.555396e-03
3 213 2 3.860519e-03
4 213 2 3.266826e-03
5 213 2 2.520792e-03
6 213 2 1.943176e-03
7 213 2 1.649187e-03
8 213 2 1.610006e-03
9 213 2 1.939321e-03
10 213 2 2.389989e-03
11 213 2 2.934876e-03
12 213 2 3.591460e-03
1 214 2 1.480951e-01
2 214 2 1.569993e-01
3 214 2 1.261392e-01
4 214 2 9.368800e-02
5 214 2 6.925262e-02
6 214 2 5.103601e-02
7 214 2 4.419796e-02
8 214 2 4.556476e-02
9 214 2 5.751578e-02
10 214 2 7.710902e-02
11 214 2 1.055552e-01
12 214 2 1.280201e-01
1 215 2 5.488293e-02
2 215 2 5.645440e-02
3 215 2 5.263509e-02
4 215 2 4.194794e-02
5 215 2 3.407243e-02
6 215 2 2.737649e-02
7 215 2 2.365707e-02
8 215 2 2.371525e-02
9 215 2 2.666939e-02
10 215 2 3.172800e-02
11 215 2 3.994992e-02
12 215 2 4.826171e-02
1 216 2 3.887013e-02
2 216 2 4.058327e-02
3 216 2 3.805710e-02
4 216 2 3.093822e-02
5 216 2 2.477354e-02
6 216 2 2.131189e-02
7 216 2 1.872759e-02
8 216 2 1.790705e-02
9 216 2 1.858174e-02
10 216 2 2.111989e-02
11 216 2 2.540365e-02
12 216 2 3.264828e-02
1 224 2 3.920201e-03
2 224 2 4.285708e-03
3 224 2 3.739803e-03
4 224 2 3.220532e-03
5 224 2 2.600639e-03
6 224 2 2.210039e-03
7 224 2 2.007799e-03
8 224 2 2.097123e-03
9 224 2 2.156652e-03
10 224 2 2.543668e-03
11 224 2 3.037642e-03
12 224 2 3.624146e-03
1 240 2 2.399955e-03
2 240 2 2.447939e-03
3 240 2 2.238581e-03
4 240 2 1.977018e-03
5 240 2 1.718283e-03
6 240 2 1.482079e-03
7 240 2 1.452014e-03
8 240 2 1.496942e-03
9 240 2 1.457183e-03
10 240 2 1.569234e-03
11 240 2 1.724203e-03
12 240 2 2.136849e-03
