1 7 2 1.999455e-06
2 7 2 1.708112e-06
3 7 2 1.868069e-06
4 7 2 4.828191e-06
5 7 2 1.661244e-05
6 7 2 4.474353e-05
7 7 2 6.053932e-05
8 7 2 4.127628e-05
9 7 2 1.785060e-05
10 7 2 7.825655e-06
11 7 2 4.146139e-06
12 7 2 2.445952e-06
1 25 2 2.463887e-04
2 25 2 2.339451e-04
3 25 2 3.295900e-04
4 25 2 6.014285e-04
5 25 2 1.682507e-03
6 25 2 3.051013e-03
7 25 2 3.698721e-03
8 25 2 2.836265e-03
9 25 2 1.602640e-03
10 25 2 7.499774e-04
11 25 2 3.575980e-04
12 25 2 2.070838e-04
1 26 2 1.391821e-03
2 26 2 1.145482e-03
3 26 2 1.894147e-03
4 26 2 4.227893e-03
5 26 2 1.190932e-02
6 26 2 2.274647e-02
7 26 2 2.467986e-02
8 26 2 1.846554e-02
9 26 2 1.009968e-02
10 26 2 4.065516e-03
11 26 2 2.124066e-03
12 26 2 1.313203e-03
1 27 2 6.058957e-03
2 27 2 5.349516e-03
3 27 2 9.377673e-03
4 27 2 2.388378e-02
5 27 2 6.725851e-02
6 27 2 1.390315e-01
7 27 2 1.568040e-01
8 27 2 1.180223e-01
9 27 2 6.098973e-02
10 27 2 2.290312e-02
11 27 2 1.213783e-02
12 27 2 7.508085e-03
1 28 2 2.075111e-04
2 28 2 1.888407e-04
3 28 2 3.175972e-04
4 28 2 8.633051e-04
5 28 2 2.465264e-03
6 28 2 5.278090e-03
7 28 2 6.292710e-03
8 28 2 4.741627e-03
9 28 2 2.439194e-03
10 28 2 9.499477e-04
11 28 2 4.742276e-04
12 28 2 2.956546e-04
1 29 2 2.784007e-04
2 29 2 2.633679e-04
3 29 2 4.195581e-04
4 29 2 1.261541e-03
5 29 2 3.772564e-03
6 29 2 9.284620e-03
7 29 2 1.264779e-02
8 29 2 9.410046e-03
9 29 2 4.321562e-03
10 29 2 1.601732e-03
11 29 2 7.571450e-04
12 29 2 4.726431e-04
1 30 2 6.311809e-05
2 30 2 5.520070e-05
3 30 2 8.773322e-05
4 30 2 2.685266e-04
5 30 2 7.438605e-04
6 30 2 2.023011e-03
7 30 2 2.932258e-03
8 30 2 2.245543e-03
9 30 2 1.016031e-03
10 30 2 3.976928e-04
11 30 2 1.834447e-04
12 30 2 1.098647e-04
1 31 2 1.126584e-04
2 31 2 8.681279e-05
3 31 2 1.318792e-04
4 31 2 3.670635e-04
5 31 2 9.479360e-04
6 31 2 2.495868e-03
7 31 2 3.519728e-03
8 31 2 2.841037e-03
9 31 2 1.421276e-03
10 31 2 6.508741e-04
11 31 2 3.124991e-04
12 31 2 1.741390e-04
1 32 2 1.334131e-04
2 32 2 1.104404e-04
3 32 2 1.543766e-04
4 32 2 3.430310e-04
5 32 2 9.161897e-04
6 32 2 2.170273e-03
7 32 2 2.799910e-03
8 32 2 2.312851e-03
9 32 2 1.291523e-03
10 32 2 6.657929e-04
11 32 2 3.440546e-04
12 32 2 1.784302e-04
1 35 2 1.849094e-03
2 35 2 1.761909e-03
3 35 2 1.913954e-03
4 35 2 2.550517e-03
5 35 2 3.998275e-03
6 35 2 6.106238e-03
7 35 2 7.347679e-03
8 35 2 6.747116e-03
9 35 2 4.585600e-03
10 35 2 3.315383e-03
11 35 2 2.511226e-03
12 35 2 2.040143e-03
1 36 2 2.220913e-04
2 36 2 2.085005e-04
3 36 2 2.310802e-04
4 36 2 2.775475e-04
5 36 2 3.795923e-04
6 36 2 5.475933e-04
7 36 2 6.449102e-04
8 36 2 6.569876e-04
9 36 2 5.014982e-04
10 36 2 3.929036e-04
11 36 2 3.007229e-04
12 36 2 2.491744e-04
1 37 2 1.998785e-02
2 37 2 1.934546e-02
3 37 2 2.437618e-02
4 37 2 3.134449e-02
5 37 2 4.738688e-02
6 37 2 7.187248e-02
7 37 2 8.359139e-02
8 37 2 8.217231e-02
9 37 2 6.047118e-02
10 37 2 4.534281e-02
11 37 2 3.195812e-02
12 37 2 2.448265e-02
1 38 2 3.357053e-02
2 38 2 3.354043e-02
3 38 2 5.109442e-02
4 38 2 7.575590e-02
5 38 2 1.383106e-01
6 38 2 2.454217e-01
7 38 2 2.909378e-01
8 38 2 2.523277e-01
9 38 2 1.629844e-01
10 38 2 1.113997e-01
11 38 2 6.365598e-02
12 38 2 4.593661e-02
1 39 2 1.511670e-03
2 39 2 1.574856e-03
3 39 2 2.550942e-03
4 39 2 3.938866e-03
5 39 2 7.642704e-03
6 39 2 1.477527e-02
7 39 2 1.834676e-02
8 39 2 1.485386e-02
9 39 2 9.362569e-03
10 39 2 5.912351e-03
11 39 2 2.992704e-03
12 39 2 2.184457e-03
1 40 2 2.774616e-04
2 40 2 3.044234e-04
3 40 2 5.429348e-04
4 40 2 9.129880e-04
5 40 2 1.995838e-03
6 40 2 4.531430e-03
7 40 2 5.669519e-03
8 40 2 4.159017e-03
9 40 2 2.561912e-03
10 40 2 1.380382e-03
11 40 2 5.913158e-04
12 40 2 4.405118e-04
1 41 2 1.477586e-04
2 41 2 1.579613e-04
3 41 2 3.165492e-04
4 41 2 5.637966e-04
5 41 2 1.414084e-03
6 41 2 3.588384e-03
7 41 2 4.639567e-03
8 41 2 3.254171e-03
9 41 2 1.818582e-03
10 41 2 7.881902e-04
11 41 2 3.028015e-04
12 41 2 2.523812e-04
1 42 2 7.994856e-05
2 42 2 8.362779e-05
3 42 2 1.803422e-04
4 42 2 3.557596e-04
5 42 2 1.011365e-03
6 42 2 2.805223e-03
7 42 2 3.926983e-03
8 42 2 2.622501e-03
9 42 2 1.241891e-03
10 42 2 4.444597e-04
11 42 2 1.657030e-04
12 42 2 1.359352e-04
1 43 2 2.243469e-06
2 43 2 2.326188e-06
3 43 2 5.488596e-06
4 43 2 1.339234e-05
5 43 2 4.482661e-05
6 43 2 1.322007e-04
7 43 2 1.932591e-04
8 43 2 1.213146e-04
9 43 2 4.960781e-05
10 43 2 1.523086e-05
11 43 2 5.194050e-06
12 43 2 3.639510e-06
1 44 2 9.261494e-06
2 44 2 9.305715e-06
3 44 2 2.024136e-05
4 44 2 5.472202e-05
5 44 2 2.044398e-04
6 44 2 6.442575e-04
7 44 2 9.416178e-04
8 44 2 5.677897e-04
9 44 2 2.046796e-04
10 44 2 6.064243e-05
11 44 2 1.990302e-05
12 44 2 1.345668e-05
1 45 2 2.128583e-05
2 45 2 2.385519e-05
3 45 2 4.346829e-05
4 45 2 1.281915e-04
5 45 2 5.368409e-04
6 45 2 1.781294e-03
7 45 2 2.492007e-03
8 45 2 1.517380e-03
9 45 2 5.217929e-04
10 45 2 1.332246e-04
11 45 2 3.861608e-05
12 45 2 2.523756e-05
1 46 2 9.653924e-06
2 46 2 1.214487e-05
3 46 2 1.909082e-05
4 46 2 5.301327e-05
5 46 2 2.081809e-04
6 46 2 6.457540e-04
7 46 2 9.033642e-04
8 46 2 5.660585e-04
9 46 2 2.126277e-04
10 46 2 5.153843e-05
11 46 2 1.416995e-05
12 46 2 1.010515e-05
1 47 2 1.268731e-05
2 47 2 1.614635e-05
3 47 2 2.275273e-05
4 47 2 5.097813e-05
5 47 2 1.737589e-04
6 47 2 4.787055e-04
7 47 2 6.492269e-04
8 47 2 4.402223e-04
9 47 2 1.864916e-04
10 47 2 5.752116e-05
11 47 2 1.697025e-05
12 47 2 1.289964e-05
1 48 2 1.717570e-05
2 48 2 1.973038e-05
3 48 2 2.713803e-05
4 48 2 5.299484e-05
5 48 2 1.644532e-04
6 48 2 3.782705e-04
7 48 2 5.026863e-04
8 48 2 3.536686e-04
9 48 2 1.683605e-04
10 48 2 6.277076e-05
11 48 2 2.259669e-05
12 48 2 1.498475e-05
1 49 2 7.248752e-04
2 49 2 6.595725e-04
3 49 2 7.481487e-04
4 49 2 8.756417e-04
5 49 2 1.252354e-03
6 49 2 1.905384e-03
7 49 2 2.841567e-03
8 49 2 2.672095e-03
9 49 2 1.863755e-03
10 49 2 1.333696e-03
11 49 2 9.737063e-04
12 49 2 7.103170e-04
1 50 2 2.952654e-03
2 50 2 2.548728e-03
3 50 2 2.987503e-03
4 50 2 3.405444e-03
5 50 2 4.792925e-03
6 50 2 7.033551e-03
7 50 2 9.707336e-03
8 50 2 9.335185e-03
9 50 2 6.759523e-03
10 50 2 4.818472e-03
11 50 2 3.607497e-03
12 50 2 2.840510e-03
1 51 2 1.133149e-03
2 51 2 1.034176e-03
3 51 2 1.123747e-03
4 51 2 1.297176e-03
5 51 2 1.768083e-03
6 51 2 2.479596e-03
7 51 2 3.231276e-03
8 51 2 3.204445e-03
9 51 2 2.662424e-03
10 51 2 1.872681e-03
11 51 2 1.403505e-03
12 51 2 1.176180e-03
1 52 2 4.047905e-01
2 52 2 4.254695e-01
3 52 2 5.344865e-01
4 52 2 7.792084e-01
5 52 2 1.317744e+00
6 52 2 1.813511e+00
7 52 2 2.326164e+00
8 52 2 2.175760e+00
9 52 2 1.756354e+00
10 52 2 1.003344e+00
11 52 2 6.039148e-01
12 52 2 4.657104e-01
1 53 2 1.037446e-01
2 53 2 1.301616e-01
3 53 2 2.205213e-01
4 53 2 4.813320e-01
5 53 2 9.166033e-01
6 53 2 1.368722e+00
7 53 2 1.899949e+00
8 53 2 1.618978e+00
9 53 2 1.095737e+00
10 53 2 4.832659e-01
11 53 2 2.155496e-01
12 53 2 1.365594e-01
1 54 2 5.657160e-02
2 54 2 7.338784e-02
3 54 2 1.372382e-01
4 54 2 3.410235e-01
5 54 2 6.717101e-01
6 54 2 1.297437e+00
7 54 2 1.843071e+00
8 54 2 1.545463e+00
9 54 2 9.372988e-01
10 54 2 3.986307e-01
11 54 2 1.708713e-01
12 54 2 9.425596e-02
1 55 2 3.575749e-02
2 55 2 3.987914e-02
3 55 2 7.439344e-02
4 55 2 1.741960e-01
5 55 2 3.456755e-01
6 55 2 7.382239e-01
7 55 2 1.026187e+00
8 55 2 8.849974e-01
9 55 2 5.612080e-01
10 55 2 2.690903e-01
11 55 2 1.258970e-01
12 55 2 7.208901e-02
1 56 2 1.230877e-01
2 56 2 1.277381e-01
3 56 2 2.212458e-01
4 56 2 4.933466e-01
5 56 2 1.078390e+00
6 56 2 2.125743e+00
7 56 2 2.939026e+00
8 56 2 2.439243e+00
9 56 2 1.594347e+00
10 56 2 8.214655e-01
11 56 2 3.703471e-01
12 56 2 2.123976e-01
1 57 2 2.483584e-02
2 57 2 2.369585e-02
3 57 2 2.914454e-02
4 57 2 4.423686e-02
5 57 2 7.401520e-02
6 57 2 1.204320e-01
7 57 2 1.714965e-01
8 57 2 1.545602e-01
9 57 2 1.149929e-01
10 57 2 7.386546e-02
11 57 2 4.516912e-02
12 57 2 3.246100e-02
1 60 2 1.323545e+00
2 60 2 1.281734e+00
3 60 2 1.469894e+00
4 60 2 1.743273e+00
5 60 2 2.149316e+00
6 60 2 2.828486e+00
7 60 2 3.292923e+00
8 60 2 3.294308e+00
9 60 2 2.795694e+00
10 60 2 2.282215e+00
11 60 2 1.825238e+00
12 60 2 1.512936e+00
1 61 2 2.633859e+00
2 61 2 2.649702e+00
3 61 2 3.726761e+00
4 61 2 5.613288e+00
5 61 2 8.188074e+00
6 61 2 1.153567e+01
7 61 2 1.365135e+01
8 61 2 1.313373e+01
9 61 2 1.020525e+01
10 61 2 6.941674e+00
11 61 2 4.528475e+00
12 61 2 3.176234e+00
1 62 2 3.484007e-01
2 62 2 3.815807e-01
3 62 2 6.006778e-01
4 62 2 1.087410e+00
5 62 2 1.865143e+00
6 62 2 2.645854e+00
7 62 2 3.235344e+00
8 62 2 3.020077e+00
9 62 2 2.104457e+00
10 62 2 1.254969e+00
11 62 2 6.815039e-01
12 62 2 4.435033e-01
1 63 2 1.714754e-02
2 63 2 2.081638e-02
3 63 2 3.483126e-02
4 63 2 7.325897e-02
5 63 2 1.405960e-01
6 63 2 2.090184e-01
7 63 2 2.672840e-01
8 63 2 2.325894e-01
9 63 2 1.420583e-01
10 63 2 7.757959e-02
11 63 2 3.583459e-02
12 63 2 2.345884e-02
1 64 2 4.094516e-03
2 64 2 5.245501e-03
3 64 2 9.988700e-03
4 64 2 2.365990e-02
5 64 2 5.067204e-02
6 64 2 8.116501e-02
7 64 2 1.028784e-01
8 64 2 8.042795e-02
9 64 2 4.605185e-02
10 64 2 2.035851e-02
11 64 2 9.302836e-03
12 64 2 6.366468e-03
1 65 2 1.384498e-03
2 65 2 1.716786e-03
3 65 2 3.761155e-03
4 65 2 1.060659e-02
5 65 2 2.223864e-02
6 65 2 3.779540e-02
7 65 2 4.898821e-02
8 65 2 3.656214e-02
9 65 2 2.073689e-02
10 65 2 7.358616e-03
11 65 2 3.239407e-03
12 65 2 2.347594e-03
1 66 2 9.356147e-04
2 66 2 1.156712e-03
3 66 2 2.749835e-03
4 66 2 9.021295e-03
5 66 2 1.875785e-02
6 66 2 3.225497e-02
7 66 2 4.448498e-02
8 66 2 3.363069e-02
9 66 2 1.902433e-02
10 66 2 6.302981e-03
11 66 2 2.415396e-03
12 66 2 1.498223e-03
1 67 2 3.853582e-04
2 67 2 5.138572e-04
3 67 2 1.306742e-03
4 67 2 4.827220e-03
5 67 2 1.095268e-02
6 67 2 1.867988e-02
7 67 2 2.611653e-02
8 67 2 2.009881e-02
9 67 2 1.099265e-02
10 67 2 4.042510e-03
11 67 2 1.278272e-03
12 67 2 5.753436e-04
1 68 2 1.412930e-04
2 68 2 1.897185e-04
3 68 2 5.634533e-04
4 68 2 2.589929e-03
5 68 2 7.057887e-03
6 68 2 1.352510e-02
7 68 2 1.939243e-02
8 68 2 1.442281e-02
9 68 2 6.921647e-03
10 68 2 2.542930e-03
11 68 2 5.798781e-04
12 68 2 2.017775e-04
1 69 2 2.127201e-04
2 69 2 3.015977e-04
3 69 2 7.212502e-04
4 69 2 3.162726e-03
5 69 2 1.014143e-02
6 69 2 2.400083e-02
7 69 2 3.516102e-02
8 69 2 2.706687e-02
9 69 2 1.162775e-02
10 69 2 3.780896e-03
11 69 2 7.326012e-04
12 69 2 2.755055e-04
1 70 2 5.120243e-04
2 70 2 5.984584e-04
3 70 2 8.575736e-04
4 70 2 2.237365e-03
5 70 2 5.610601e-03
6 70 2 1.362414e-02
7 70 2 2.205315e-02
8 70 2 2.009933e-02
9 70 2 1.037795e-02
10 70 2 3.699210e-03
11 70 2 1.125079e-03
12 70 2 6.333380e-04
1 71 2 1.608609e-04
2 71 2 1.632362e-04
3 71 2 1.847142e-04
4 71 2 2.964104e-04
5 71 2 5.740368e-04
6 71 2 1.197495e-03
7 71 2 1.837779e-03
8 71 2 1.827213e-03
9 71 2 1.172322e-03
10 71 2 5.583615e-04
11 71 2 2.667435e-04
12 71 2 1.852624e-04
1 72 2 6.769449e-07
2 72 2 6.465413e-07
3 72 2 7.004605e-07
4 72 2 8.930938e-07
5 72 2 1.389588e-06
6 72 2 2.417930e-06
7 72 2 3.745096e-06
8 72 2 3.601904e-06
9 72 2 2.520013e-06
10 72 2 1.527993e-06
11 72 2 9.414543e-07
12 72 2 6.723220e-07
1 76 2 1.031836e+00
2 76 2 9.440240e-01
3 76 2 9.535252e-01
4 76 2 1.037208e+00
5 76 2 1.410102e+00
6 76 2 2.010716e+00
7 76 2 2.696258e+00
8 76 2 2.877402e+00
9 76 2 2.741604e+00
10 76 2 1.830844e+00
11 76 2 1.181887e+00
12 76 2 1.033663e+00
1 77 2 9.842693e-01
2 77 2 1.278066e+00
3 77 2 1.674190e+00
4 77 2 2.705858e+00
5 77 2 4.543246e+00
6 77 2 7.014298e+00
7 77 2 9.530538e+00
8 77 2 9.046026e+00
9 77 2 6.700912e+00
10 77 2 3.385380e+00
11 77 2 1.485515e+00
12 77 2 9.363125e-01
1 78 2 1.150105e+00
2 78 2 1.571456e+00
3 78 2 2.188347e+00
4 78 2 3.925031e+00
5 78 2 6.137614e+00
6 78 2 9.744403e+00
7 78 2 1.202839e+01
8 78 2 1.126312e+01
9 78 2 7.302886e+00
10 78 2 3.872864e+00
11 78 2 2.091430e+00
12 78 2 1.207453e+00
1 79 2 3.674868e+00
2 79 2 4.509124e+00
3 79 2 6.620696e+00
4 79 2 1.098152e+01
5 79 2 1.668398e+01
6 79 2 2.725612e+01
7 79 2 3.339897e+01
8 79 2 3.163960e+01
9 79 2 2.184734e+01
10 79 2 1.318804e+01
11 79 2 7.513867e+00
12 79 2 4.602856e+00
1 80 2 1.799343e+00
2 80 2 1.802857e+00
3 80 2 2.265402e+00
4 80 2 3.063084e+00
5 80 2 4.568317e+00
6 80 2 6.950530e+00
7 80 2 8.949862e+00
8 80 2 8.860215e+00
9 80 2 7.353817e+00
10 80 2 5.155793e+00
11 80 2 3.007685e+00
12 80 2 2.223180e+00
1 81 2 3.745870e-07
2 81 2 3.394661e-07
3 81 2 3.575499e-07
4 81 2 4.239666e-07
5 81 2 6.105081e-07
6 81 2 8.226420e-07
7 81 2 1.097674e-06
8 81 2 1.177780e-06
9 81 2 1.070970e-06
10 81 2 8.217477e-07
11 81 2 5.432066e-07
12 81 2 4.447212e-07
1 84 2 3.443331e-01
2 84 2 3.640467e-01
3 84 2 4.502529e-01
4 84 2 5.689789e-01
5 84 2 7.628290e-01
6 84 2 1.249951e+00
7 84 2 1.674088e+00
8 84 2 1.604192e+00
9 84 2 1.203700e+00
10 84 2 7.596557e-01
11 84 2 5.103192e-01
12 84 2 3.898287e-01
1 85 2 5.638267e-01
2 85 2 6.349133e-01
3 85 2 8.254897e-01
4 85 2 1.199360e+00
5 85 2 1.919913e+00
6 85 2 2.932969e+00
7 85 2 4.058035e+00
8 85 2 3.860443e+00
9 85 2 2.779781e+00
10 85 2 1.533344e+00
11 85 2 8.647413e-01
12 85 2 6.274570e-01
1 86 2 1.956832e-01
2 86 2 2.215543e-01
3 86 2 2.831301e-01
4 86 2 4.112535e-01
5 86 2 6.609657e-01
6 86 2 9.590468e-01
7 86 2 1.317476e+00
8 86 2 1.321785e+00
9 86 2 9.783728e-01
10 86 2 5.673476e-01
11 86 2 3.125230e-01
12 86 2 2.233580e-01
1 87 2 5.266529e-02
2 87 2 7.125008e-02
3 87 2 1.017320e-01
4 87 2 1.608152e-01
5 87 2 2.821288e-01
6 87 2 4.240754e-01
7 87 2 5.749151e-01
8 87 2 5.858192e-01
9 87 2 4.247216e-01
10 87 2 2.391296e-01
11 87 2 1.050672e-01
12 87 2 6.386490e-02
1 88 2 3.335141e-02
2 88 2 4.736169e-02
3 88 2 7.427012e-02
4 88 2 1.409196e-01
5 88 2 2.892085e-01
6 88 2 4.545564e-01
7 88 2 5.821227e-01
8 88 2 5.105671e-01
9 88 2 3.299286e-01
10 88 2 1.559181e-01
11 88 2 7.993437e-02
12 88 2 4.440062e-02
1 89 2 7.575171e-03
2 89 2 1.053987e-02
3 89 2 2.000434e-02
4 89 2 3.762475e-02
5 89 2 7.508452e-02
6 89 2 1.121675e-01
7 89 2 1.308507e-01
8 89 2 1.145940e-01
9 89 2 7.478467e-02
10 89 2 3.558781e-02
11 89 2 1.958219e-02
12 89 2 1.083883e-02
1 90 2 4.404344e-03
2 90 2 5.804780e-03
3 90 2 1.151896e-02
4 90 2 2.067409e-02
5 90 2 3.174386e-02
6 90 2 4.201832e-02
7 90 2 4.718916e-02
8 90 2 4.366304e-02
9 90 2 3.181975e-02
10 90 2 1.897913e-02
11 90 2 1.046421e-02
12 90 2 5.957043e-03
1 91 2 1.469310e-03
2 91 2 2.079009e-03
3 91 2 4.343510e-03
4 91 2 8.207869e-03
5 91 2 1.211353e-02
6 91 2 1.539743e-02
7 91 2 1.728907e-02
8 91 2 1.585574e-02
9 91 2 1.140060e-02
10 91 2 7.057001e-03
11 91 2 3.657498e-03
12 91 2 1.877600e-03
1 92 2 8.632452e-03
2 92 2 1.233093e-02
3 92 2 3.091054e-02
4 92 2 7.374538e-02
5 92 2 1.390731e-01
6 92 2 2.131089e-01
7 92 2 2.558085e-01
8 92 2 2.328268e-01
9 92 2 1.456587e-01
10 92 2 7.741291e-02
11 92 2 3.036140e-02
12 92 2 1.303340e-02
1 93 2 6.436165e-02
2 93 2 7.765808e-02
3 93 2 1.596691e-01
4 93 2 3.721267e-01
5 93 2 6.638531e-01
6 93 2 1.053488e+00
7 93 2 1.413199e+00
8 93 2 1.389295e+00
9 93 2 9.344470e-01
10 93 2 5.381279e-01
11 93 2 2.304557e-01
12 93 2 9.598941e-02
1 94 2 2.181761e-01
2 94 2 2.170762e-01
3 94 2 2.898492e-01
4 94 2 5.136662e-01
5 94 2 8.767968e-01
6 94 2 1.380624e+00
7 94 2 1.907327e+00
8 94 2 2.078564e+00
9 94 2 1.712144e+00
10 94 2 1.033447e+00
11 94 2 5.546767e-01
12 94 2 3.030621e-01
1 98 2 1.307921e-01
2 98 2 1.217501e-01
3 98 2 1.146466e-01
4 98 2 1.220656e-01
5 98 2 1.385360e-01
6 98 2 1.585262e-01
7 98 2 1.783094e-01
8 98 2 1.879294e-01
9 98 2 1.854443e-01
10 98 2 1.752944e-01
11 98 2 1.576760e-01
12 98 2 1.434869e-01
1 101 2 2.233196e-02
2 101 2 2.294685e-02
3 101 2 2.351457e-02
4 101 2 2.899704e-02
5 101 2 3.729076e-02
6 101 2 4.354085e-02
7 101 2 4.647737e-02
8 101 2 4.657195e-02
9 101 2 4.477272e-02
10 101 2 3.838802e-02
11 101 2 2.951934e-02
12 101 2 2.367662e-02
1 102 2 7.350113e-01
2 102 2 8.308288e-01
3 102 2 1.021104e+00
4 102 2 1.277196e+00
5 102 2 1.478018e+00
6 102 2 1.613522e+00
7 102 2 1.658958e+00
8 102 2 1.679920e+00
9 102 2 1.514077e+00
10 102 2 1.166446e+00
11 102 2 9.362193e-01
12 102 2 7.673481e-01
1 103 2 1.086312e+00
2 103 2 1.108591e+00
3 103 2 1.208225e+00
4 103 2 1.365249e+00
5 103 2 1.589941e+00
6 103 2 1.819484e+00
7 103 2 1.968450e+00
8 103 2 2.065845e+00
9 103 2 2.026166e+00
10 103 2 1.770693e+00
11 103 2 1.456673e+00
12 103 2 1.211176e+00
1 104 2 3.750529e-02
2 104 2 3.598913e-02
3 104 2 3.638018e-02
4 104 2 3.988562e-02
5 104 2 4.663870e-02
6 104 2 5.352017e-02
7 104 2 6.006705e-02
8 104 2 6.488706e-02
9 104 2 6.540935e-02
10 104 2 6.110528e-02
11 104 2 5.026460e-02
12 104 2 4.161903e-02
1 107 2 1.520724e-02
2 107 2 1.604336e-02
3 107 2 1.873120e-02
4 107 2 2.146389e-02
5 107 2 2.407040e-02
6 107 2 3.081590e-02
7 107 2 3.368309e-02
8 107 2 3.354680e-02
9 107 2 3.140482e-02
10 107 2 2.686218e-02
11 107 2 2.135445e-02
12 107 2 1.669998e-02
1 108 2 1.817269e-03
2 108 2 2.322472e-03
3 108 2 3.373639e-03
4 108 2 5.225031e-03
5 108 2 8.110643e-03
6 108 2 1.113211e-02
7 108 2 1.191659e-02
8 108 2 1.053176e-02
9 108 2 8.521852e-03
10 108 2 5.879488e-03
11 108 2 3.062616e-03
12 108 2 1.949654e-03
1 109 2 3.450442e-03
2 109 2 4.557532e-03
3 109 2 7.128274e-03
4 109 2 1.237051e-02
5 109 2 2.107667e-02
6 109 2 2.656821e-02
7 109 2 2.699570e-02
8 109 2 2.481663e-02
9 109 2 1.992847e-02
10 109 2 1.398309e-02
11 109 2 6.219331e-03
12 109 2 3.633103e-03
1 110 2 1.518804e-03
2 110 2 1.934665e-03
3 110 2 3.107171e-03
4 110 2 4.809780e-03
5 110 2 7.459775e-03
6 110 2 8.638778e-03
7 110 2 9.287520e-03
8 110 2 9.185285e-03
9 110 2 7.733796e-03
10 110 2 5.638427e-03
11 110 2 2.727334e-03
12 110 2 1.605338e-03
1 111 2 5.213179e-02
2 111 2 6.520167e-02
3 111 2 1.055601e-01
4 111 2 1.599851e-01
5 111 2 2.417941e-01
6 111 2 3.100958e-01
7 111 2 3.277944e-01
8 111 2 3.246678e-01
9 111 2 2.764830e-01
10 111 2 1.799770e-01
11 111 2 9.695233e-02
12 111 2 5.922026e-02
1 112 2 6.003514e-02
2 112 2 7.740797e-02
3 112 2 1.357956e-01
4 112 2 2.258202e-01
5 112 2 3.433977e-01
6 112 2 4.184706e-01
7 112 2 4.262011e-01
8 112 2 3.972635e-01
9 112 2 3.032670e-01
10 112 2 2.013309e-01
11 112 2 1.155429e-01
12 112 2 7.102305e-02
1 113 2 3.442202e-02
2 113 2 4.360949e-02
3 113 2 7.326421e-02
4 113 2 1.095599e-01
5 113 2 1.348240e-01
6 113 2 1.177213e-01
7 113 2 1.010118e-01
8 113 2 9.647453e-02
9 113 2 9.541785e-02
10 113 2 8.712561e-02
11 113 2 6.093891e-02
12 113 2 4.115874e-02
1 114 2 9.390252e-02
2 114 2 1.273366e-01
3 114 2 2.268719e-01
4 114 2 3.307076e-01
5 114 2 3.815393e-01
6 114 2 2.793082e-01
7 114 2 2.306897e-01
8 114 2 2.114551e-01
9 114 2 2.040617e-01
10 114 2 1.826389e-01
11 114 2 1.392296e-01
12 114 2 1.031325e-01
1 115 2 3.739701e-02
2 115 2 5.440930e-02
3 115 2 8.624760e-02
4 115 2 1.069114e-01
5 115 2 9.547697e-02
6 115 2 8.864723e-02
7 115 2 8.549861e-02
8 115 2 8.202987e-02
9 115 2 7.544301e-02
10 115 2 6.741988e-02
11 115 2 5.121501e-02
12 115 2 3.674292e-02
1 116 2 4.473335e-02
2 116 2 5.726414e-02
3 116 2 8.757054e-02
4 116 2 1.239529e-01
5 116 2 1.441650e-01
6 116 2 1.641674e-01
7 116 2 1.721103e-01
8 116 2 1.647478e-01
9 116 2 1.334640e-01
10 116 2 1.067015e-01
11 116 2 7.751656e-02
12 116 2 5.106459e-02
1 117 2 1.062316e-02
2 117 2 1.109323e-02
3 117 2 1.400973e-02
4 117 2 1.917752e-02
5 117 2 2.442101e-02
6 117 2 2.893350e-02
7 117 2 3.080273e-02
8 117 2 3.076234e-02
9 117 2 2.806877e-02
10 117 2 2.402856e-02
11 117 2 1.939735e-02
12 117 2 1.401239e-02
1 126 2 4.113850e-04
2 126 2 4.275926e-04
3 126 2 4.634519e-04
4 126 2 4.893770e-04
5 126 2 4.835090e-04
6 126 2 4.493674e-04
7 126 2 4.331641e-04
8 126 2 4.373960e-04
9 126 2 4.350805e-04
10 126 2 4.275362e-04
11 126 2 4.177559e-04
12 126 2 4.114308e-04
1 127 2 4.145560e-02
2 127 2 4.216119e-02
3 127 2 4.450023e-02
4 127 2 4.620069e-02
5 127 2 4.683012e-02
6 127 2 4.536090e-02
7 127 2 4.537342e-02
8 127 2 4.641466e-02
9 127 2 4.591988e-02
10 127 2 4.407951e-02
11 127 2 4.271851e-02
12 127 2 4.218973e-02
1 128 2 1.879087e-01
2 128 2 1.929805e-01
3 128 2 1.981068e-01
4 128 2 1.933859e-01
5 128 2 1.881168e-01
6 128 2 1.824659e-01
7 128 2 1.944750e-01
8 128 2 2.211189e-01
9 128 2 2.325045e-01
10 128 2 2.196114e-01
11 128 2 1.997045e-01
12 128 2 1.881614e-01
1 129 2 5.358132e-03
2 129 2 5.284564e-03
3 129 2 5.417846e-03
4 129 2 5.574965e-03
5 129 2 5.660985e-03
6 129 2 5.814129e-03
7 129 2 6.075190e-03
8 129 2 6.621947e-03
9 129 2 6.918540e-03
10 129 2 6.949019e-03
11 129 2 6.344693e-03
12 129 2 5.636487e-03
1 133 2 1.151668e-01
2 133 2 1.338985e-01
3 133 2 1.607379e-01
4 133 2 1.650353e-01
5 133 2 1.574268e-01
6 133 2 1.446965e-01
7 133 2 1.291430e-01
8 133 2 1.209277e-01
9 133 2 1.261007e-01
10 133 2 1.343021e-01
11 133 2 1.281264e-01
12 133 2 1.121106e-01
1 135 2 4.983221e-03
2 135 2 5.614346e-03
3 135 2 6.676741e-03
4 135 2 7.190539e-03
5 135 2 6.909419e-03
6 135 2 6.163909e-03
7 135 2 5.325007e-03
8 135 2 5.378298e-03
9 135 2 5.715056e-03
10 135 2 5.374678e-03
11 135 2 5.151582e-03
12 135 2 4.839207e-03
1 136 2 5.565997e-03
2 136 2 5.728538e-03
3 136 2 7.084406e-03
4 136 2 8.612481e-03
5 136 2 9.431054e-03
6 136 2 8.604718e-03
7 136 2 7.614171e-03
8 136 2 7.596707e-03
9 136 2 7.635971e-03
10 136 2 7.183142e-03
11 136 2 6.791624e-03
12 136 2 6.031047e-03
1 137 2 1.355624e-03
2 137 2 1.422190e-03
3 137 2 1.630570e-03
4 137 2 1.791757e-03
5 137 2 1.768573e-03
6 137 2 1.627264e-03
7 137 2 1.505393e-03
8 137 2 1.452553e-03
9 137 2 1.453466e-03
10 137 2 1.514176e-03
11 137 2 1.497048e-03
12 137 2 1.411582e-03
1 138 2 5.412407e-02
2 138 2 5.951804e-02
3 138 2 6.904972e-02
4 138 2 7.684805e-02
5 138 2 7.753496e-02
6 138 2 6.814544e-02
7 138 2 6.313022e-02
8 138 2 6.088127e-02
9 138 2 6.104738e-02
10 138 2 6.140311e-02
11 138 2 5.956219e-02
12 138 2 5.523894e-02
1 139 2 9.138717e-02
2 139 2 1.040731e-01
3 139 2 1.162915e-01
4 139 2 1.220562e-01
5 139 2 1.203361e-01
6 139 2 1.120656e-01
7 139 2 1.060310e-01
8 139 2 1.020723e-01
9 139 2 1.007493e-01
10 139 2 1.015315e-01
11 139 2 9.661494e-02
12 139 2 8.843809e-02
1 140 2 3.029463e-02
2 140 2 3.132577e-02
3 140 2 3.402222e-02
4 140 2 3.854661e-02
5 140 2 4.093099e-02
6 140 2 3.931429e-02
7 140 2 3.722424e-02
8 140 2 3.590246e-02
9 140 2 3.537907e-02
10 140 2 3.557460e-02
11 140 2 3.482324e-02
12 140 2 3.246589e-02
1 141 2 4.748709e-02
2 141 2 4.699574e-02
3 141 2 4.834183e-02
4 141 2 5.305475e-02
5 141 2 5.725311e-02
6 141 2 5.661398e-02
7 141 2 5.508307e-02
8 141 2 5.341383e-02
9 141 2 5.296114e-02
10 141 2 5.308565e-02
11 141 2 5.361551e-02
12 141 2 5.205648e-02
1 150 2 5.502797e-05
2 150 2 6.023676e-05
3 150 2 6.447660e-05
4 150 2 6.593260e-05
5 150 2 6.169281e-05
6 150 2 5.441029e-05
7 150 2 4.963736e-05
8 150 2 4.843872e-05
9 150 2 4.687272e-05
10 150 2 4.580628e-05
11 150 2 4.669687e-05
12 150 2 4.968413e-05
1 151 2 3.562583e-02
2 151 2 3.789222e-02
3 151 2 4.017699e-02
4 151 2 4.112435e-02
5 151 2 3.979067e-02
6 151 2 3.745534e-02
7 151 2 3.662774e-02
8 151 2 3.804186e-02
9 151 2 3.621923e-02
10 151 2 3.398801e-02
11 151 2 3.299139e-02
12 151 2 3.381444e-02
1 152 2 2.824534e-02
2 152 2 2.861046e-02
3 152 2 2.887531e-02
4 152 2 2.743901e-02
5 152 2 2.637624e-02
6 152 2 2.590517e-02
7 152 2 2.961653e-02
8 152 2 3.949008e-02
9 152 2 4.192304e-02
10 152 2 3.573140e-02
11 152 2 3.064115e-02
12 152 2 2.833678e-02
1 153 2 3.274270e-02
2 153 2 3.353693e-02
3 153 2 3.538377e-02
4 153 2 3.470681e-02
5 153 2 3.351642e-02
6 153 2 3.290641e-02
7 153 2 3.841223e-02
8 153 2 5.019787e-02
9 153 2 6.105460e-02
10 153 2 5.457027e-02
11 153 2 4.127961e-02
12 153 2 3.444225e-02
1 154 2 8.908945e-02
2 154 2 8.860608e-02
3 154 2 9.220601e-02
4 154 2 8.835046e-02
5 154 2 8.261573e-02
6 154 2 7.431381e-02
7 154 2 7.017176e-02
8 154 2 7.310016e-02
9 154 2 8.241946e-02
10 154 2 9.262475e-02
11 154 2 9.761615e-02
12 154 2 9.439017e-02
1 157 2 3.551251e-03
2 157 2 3.687619e-03
3 157 2 3.948125e-03
4 157 2 3.892507e-03
5 157 2 3.794075e-03
6 157 2 3.567083e-03
7 157 2 3.403506e-03
8 157 2 3.369198e-03
9 157 2 3.344847e-03
10 157 2 3.403169e-03
11 157 2 3.427567e-03
12 157 2 3.472297e-03
1 163 2 1.650578e-02
2 163 2 1.672693e-02
3 163 2 1.722330e-02
4 163 2 1.825681e-02
5 163 2 1.827463e-02
6 163 2 1.689561e-02
7 163 2 1.561994e-02
8 163 2 1.466743e-02
9 163 2 1.487746e-02
10 163 2 1.573978e-02
11 163 2 1.635507e-02
12 163 2 1.648322e-02
1 164 2 6.248586e-02
2 164 2 6.195159e-02
3 164 2 6.367612e-02
4 164 2 6.664669e-02
5 164 2 6.586272e-02
6 164 2 6.091793e-02
7 164 2 5.638492e-02
8 164 2 5.507769e-02
9 164 2 5.897698e-02
10 164 2 6.461189e-02
11 164 2 6.591675e-02
12 164 2 6.481909e-02
1 165 2 2.979940e-02
2 165 2 2.920551e-02
3 165 2 2.957267e-02
4 165 2 3.022678e-02
5 165 2 2.989501e-02
6 165 2 2.750764e-02
7 165 2 2.593595e-02
8 165 2 2.625188e-02
9 165 2 2.798167e-02
10 165 2 2.991847e-02
11 165 2 3.147298e-02
12 165 2 3.151006e-02
1 166 2 1.312282e-02
2 166 2 1.299181e-02
3 166 2 1.277717e-02
4 166 2 1.271722e-02
5 166 2 1.230081e-02
6 166 2 1.137621e-02
7 166 2 1.074258e-02
8 166 2 1.082273e-02
9 166 2 1.122778e-02
10 166 2 1.181080e-02
11 166 2 1.273377e-02
12 166 2 1.337537e-02
1 170 2 5.454294e-04
2 170 2 5.998642e-04
3 170 2 5.893633e-04
4 170 2 5.356998e-04
5 170 2 4.463979e-04
6 170 2 3.753427e-04
7 170 2 3.550154e-04
8 170 2 3.389254e-04
9 170 2 3.446258e-04
10 170 2 3.837384e-04
11 170 2 4.233839e-04
12 170 2 4.875528e-04
1 171 2 1.962540e-03
2 171 2 2.154305e-03
3 171 2 2.180386e-03
4 171 2 1.939854e-03
5 171 2 1.613740e-03
6 171 2 1.382899e-03
7 171 2 1.255524e-03
8 171 2 1.189648e-03
9 171 2 1.206981e-03
10 171 2 1.312859e-03
11 171 2 1.498419e-03
12 171 2 1.770238e-03
1 175 2 5.654820e-05
2 175 2 5.978463e-05
3 175 2 5.995611e-05
4 175 2 5.615604e-05
5 175 2 4.879075e-05
6 175 2 4.446074e-05
7 175 2 4.353822e-05
8 175 2 4.317063e-05
9 175 2 4.015339e-05
10 175 2 4.058939e-05
11 175 2 4.243584e-05
12 175 2 4.950164e-05
1 176 2 4.086167e-02
2 176 2 4.116803e-02
3 176 2 4.030337e-02
4 176 2 3.559663e-02
5 176 2 2.879609e-02
6 176 2 2.609465e-02
7 176 2 2.604707e-02
8 176 2 2.971624e-02
9 176 2 3.236406e-02
10 176 2 3.454034e-02
11 176 2 3.686923e-02
12 176 2 3.916417e-02
1 177 2 1.792101e-01
2 177 2 1.741432e-01
3 177 2 1.644237e-01
4 177 2 1.437775e-01
5 177 2 1.175709e-01
6 177 2 1.003956e-01
7 177 2 1.044601e-01
8 177 2 1.251624e-01
9 177 2 1.573095e-01
10 177 2 1.635959e-01
11 177 2 1.669142e-01
12 177 2 1.672552e-01
1 178 2 6.530014e-02
2 178 2 6.453696e-02
3 178 2 6.186339e-02
4 178 2 5.185147e-02
5 178 2 4.514731e-02
6 178 2 3.815952e-02
7 178 2 3.634453e-02
8 178 2 3.661202e-02
9 178 2 4.175508e-02
10 178 2 4.492728e-02
11 178 2 5.074281e-02
12 178 2 5.633519e-02
1 181 2 7.978146e-04
2 181 2 8.426683e-04
3 181 2 8.542726e-04
4 181 2 8.167990e-04
5 181 2 6.736045e-04
6 181 2 5.824637e-04
7 181 2 5.150178e-04
8 181 2 5.270787e-04
9 181 2 5.710363e-04
10 181 2 6.183257e-04
11 181 2 7.002620e-04
12 181 2 7.455764e-04
1 182 2 9.521211e-02
2 182 2 8.800535e-02
3 182 2 8.298510e-02
4 182 2 6.932055e-02
5 182 2 5.428417e-02
6 182 2 4.060131e-02
7 182 2 4.025611e-02
8 182 2 5.594085e-02
9 182 2 7.762395e-02
10 182 2 9.520300e-02
11 182 2 1.052189e-01
12 182 2 1.009946e-01
1 183 2 2.022188e-02
2 183 2 1.942650e-02
3 183 2 1.854624e-02
4 183 2 1.681637e-02
5 183 2 1.414901e-02
6 183 2 1.148360e-02
7 183 2 1.068428e-02
8 183 2 1.268717e-02
9 183 2 1.475173e-02
10 183 2 1.745128e-02
11 183 2 1.899914e-02
12 183 2 1.954184e-02
1 184 2 6.315325e-03
2 184 2 6.399052e-03
3 184 2 6.197381e-03
4 184 2 5.577243e-03
5 184 2 4.636624e-03
6 184 2 3.747266e-03
7 184 2 3.379092e-03
8 184 2 3.529131e-03
9 184 2 3.738525e-03
10 184 2 4.293225e-03
11 184 2 5.023362e-03
12 184 2 5.725521e-03
1 188 2 1.685098e-02
2 188 2 1.670406e-02
3 188 2 1.548317e-02
4 188 2 1.264306e-02
5 188 2 8.935611e-03
6 188 2 6.796742e-03
7 188 2 5.848541e-03
8 188 2 5.949293e-03
9 188 2 8.058286e-03
10 188 2 1.058972e-02
11 188 2 1.261131e-02
12 188 2 1.572969e-02
1 189 2 1.469778e-02
2 189 2 1.358372e-02
3 189 2 1.232164e-02
4 189 2 9.107523e-03
5 189 2 6.029996e-03
6 189 2 4.264186e-03
7 189 2 4.054330e-03
8 189 2 4.980059e-03
9 189 2 8.011297e-03
10 189 2 1.140691e-02
11 189 2 1.387461e-02
12 189 2 1.449890e-02
1 190 2 6.016476e-02
2 190 2 5.700721e-02
3 190 2 4.948239e-02
4 190 2 3.504734e-02
5 190 2 2.445252e-02
6 190 2 1.773891e-02
7 190 2 1.666770e-02
8 190 2 2.009286e-02
9 190 2 2.822267e-02
10 190 2 3.847432e-02
11 190 2 5.041363e-02
12 190 2 5.656317e-02
1 191 2 3.916794e-02
2 191 2 4.058833e-02
3 191 2 3.945206e-02
4 191 2 3.259183e-02
5 191 2 2.680087e-02
6 191 2 2.201645e-02
7 191 2 1.935616e-02
8 191 2 1.965787e-02
9 191 2 2.144713e-02
10 191 2 2.407220e-02
11 191 2 2.960628e-02
12 191 2 3.483152e-02
1 192 2 3.776501e-03
2 192 2 4.081348e-03
3 192 2 3.976493e-03
4 192 2 3.443048e-03
5 192 2 2.909894e-03
6 192 2 2.477658e-03
7 192 2 2.177369e-03
8 192 2 2.023287e-03
9 192 2 2.083270e-03
10 192 2 2.287669e-03
11 192 2 2.730885e-03
12 192 2 3.279196e-03
1 200 2 1.777631e-01
2 200 2 1.828740e-01
3 200 2 1.495508e-01
4 200 2 9.886376e-02
5 200 2 6.471129e-02
6 200 2 5.270136e-02
7 200 2 5.006902e-02
8 200 2 5.399519e-02
9 200 2 5.980923e-02
10 200 2 7.646901e-02
11 200 2 1.062650e-01
12 200 2 1.464115e-01
1 201 2 1.204525e-01
2 201 2 1.242821e-01
3 201 2 1.137728e-01
4 201 2 8.757420e-02
5 201 2 6.599553e-02
6 201 2 5.459992e-02
7 201 2 5.159999e-02
8 201 2 5.337550e-02
9 201 2 5.282576e-02
10 201 2 6.285581e-02
11 201 2 8.012428e-02
12 201 2 9.979231e-02
1 206 2 6.326263e-02
2 206 2 6.833188e-02
3 206 2 6.182207e-02
4 206 2 5.275559e-02
5 206 2 4.362859e-02
6 206 2 3.804045e-02
7 206 2 3.262710e-02
8 206 2 3.203569e-02
9 206 2 3.467829e-02
10 206 2 3.925387e-02
11 206 2 4.601459e-02
12 206 2 5.420996e-02
1 207 2 2.397912e-03
2 207 2 2.618219e-03
3 207 2 2.483063e-03
4 207 2 2.251519e-03
5 207 2 1.996766e-03
6 207 2 1.712617e-03
7 207 2 1.509518e-03
8 207 2 1.486491e-03
9 207 2 1.499774e-03
10 207 2 1.651947e-03
11 207 2 1.780310e-03
12 207 2 2.036564e-03
1 212 2 2.368990e-02
2 212 2 2.528750e-02
3 212 2 2.244513e-02
4 212 2 1.886941e-02
5 212 2 1.470722e-02
6 212 2 1.186995e-02
7 212 2 9.852726e-03
8 212 2 9.522570e-03
9 212 2 1.081504e-02
10 212 2 1.276124e-02
11 212 2 1.513705e-02
12 212 2 2.001407e-02
1 213 2 5.165507e-03
2 213 2 5.645510e-03
3 213 2 4.784348e-03
4 213 2 4.048583e-03
5 213 2 3.124022e-03
6 213 2 2.408182e-03
7 213 2 2.043841e-03
8 213 2 1.995283e-03
9 213 2 2.403404e-03
10 213 2 2.961917e-03
11 213 2 3.637197e-03
12 213 2 4.450903e-03
1 214 2 1.836326e-01
2 214 2 1.946736e-01
3 214 2 1.564081e-01
4 214 2 1.161698e-01
5 214 2 8.587076e-02
6 214 2 6.328283e-02
7 214 2 5.480389e-02
8 214 2 5.649867e-02
9 214 2 7.131751e-02
10 214 2 9.561242e-02
11 214 2 1.308846e-01
12 214 2 1.587403e-01
1 215 2 6.803466e-02
2 215 2 6.998271e-02
3 215 2 6.524817e-02
4 215 2 5.200003e-02
5 215 2 4.223730e-02
6 215 2 3.393678e-02
7 215 2 2.932608e-02
8 215 2 2.939819e-02
9 215 2 3.306024e-02
10 215 2 3.933106e-02
11 215 2 4.952322e-02
12 215 2 5.982678e-02
1 216 2 4.812139e-02
2 216 2 5.024227e-02
3 216 2 4.711486e-02
4 216 2 3.830165e-02
5 216 2 3.066976e-02
6 216 2 2.638421e-02
7 216 2 2.318484e-02
8 216 2 2.216901e-02
9 216 2 2.300428e-02
10 216 2 2.614652e-02
11 216 2 3.144983e-02
12 216 2 4.041872e-02
1 224 2 5.199207e-03
2 224 2 5.683964e-03
3 224 2 4.959952e-03
4 224 2 4.271263e-03
5 224 2 3.449124e-03
6 224 2 2.931087e-03
7 224 2 2.662864e-03
8 224 2 2.781331e-03
9 224 2 2.860282e-03
10 224 2 3.373565e-03
11 224 2 4.028703e-03
12 224 2 4.806560e-03
1 240 2 2.971208e-03
2 240 2 3.030613e-03
3 240 2 2.771422e-03
4 240 2 2.447600e-03
5 240 2 2.127279e-03
6 240 2 1.834853e-03
7 240 2 1.797631e-03
8 240 2 1.853254e-03
9 240 2 1.804031e-03
10 240 2 1.942753e-03
11 240 2 2.134609e-03
12 240 2 2.645476e-03
