1 7 2 2.257783e-06
2 7 2 1.928799e-06
3 7 2 2.109421e-06
4 7 2 5.451989e-06
5 7 2 1.875875e-05
6 7 2 5.052435e-05
7 7 2 6.836094e-05
8 7 2 4.660913e-05
9 7 2 2.015688e-05
10 7 2 8.836721e-06
11 7 2 4.681816e-06
12 7 2 2.761966e-06
1 25 2 2.649798e-04
2 25 2 2.515973e-04
3 25 2 3.544590e-04
4 25 2 6.468089e-04
5 25 2 1.809460e-03
6 25 2 3.281225e-03
7 25 2 3.977806e-03
8 25 2 3.050274e-03
9 25 2 1.723566e-03
10 25 2 8.065665e-04
11 25 2 3.845803e-04
12 25 2 2.227092e-04
1 26 2 1.505656e-03
2 26 2 1.239169e-03
3 26 2 2.049068e-03
4 26 2 4.573687e-03
5 26 2 1.288337e-02
6 26 2 2.460688e-02
7 26 2 2.669839e-02
8 26 2 1.997582e-02
9 26 2 1.092572e-02
10 26 2 4.398030e-03
11 26 2 2.297791e-03
12 26 2 1.420608e-03
1 27 2 6.563538e-03
2 27 2 5.795016e-03
3 27 2 1.015863e-02
4 27 2 2.587279e-02
5 27 2 7.285970e-02
6 27 2 1.506099e-01
7 27 2 1.698624e-01
8 27 2 1.278510e-01
9 27 2 6.606887e-02
10 27 2 2.481046e-02
11 27 2 1.314865e-02
12 27 2 8.133348e-03
1 28 2 2.345473e-04
2 28 2 2.134443e-04
3 28 2 3.589763e-04
4 28 2 9.757834e-04
5 28 2 2.786458e-03
6 28 2 5.965762e-03
7 28 2 7.112575e-03
8 28 2 5.359405e-03
9 28 2 2.756992e-03
10 28 2 1.073714e-03
11 28 2 5.360138e-04
12 28 2 3.341748e-04
1 29 2 3.144314e-04
2 29 2 2.974530e-04
3 29 2 4.738575e-04
4 29 2 1.424811e-03
5 29 2 4.260810e-03
6 29 2 1.048624e-02
7 29 2 1.428467e-02
8 29 2 1.062790e-02
9 29 2 4.880860e-03
10 29 2 1.809029e-03
11 29 2 8.551350e-04
12 29 2 5.338127e-04
1 30 2 7.133285e-05
2 30 2 6.238502e-05
3 30 2 9.915162e-05
4 30 2 3.034751e-04
5 30 2 8.406733e-04
6 30 2 2.286304e-03
7 30 2 3.313889e-03
8 30 2 2.537798e-03
9 30 2 1.148266e-03
10 30 2 4.494521e-04
11 30 2 2.073199e-04
12 30 2 1.241635e-04
1 31 2 1.273205e-04
2 31 2 9.811114e-05
3 31 2 1.490427e-04
4 31 2 4.148354e-04
5 31 2 1.071306e-03
6 31 2 2.820695e-03
7 31 2 3.977807e-03
8 31 2 3.210787e-03
9 31 2 1.606249e-03
10 31 2 7.355829e-04
11 31 2 3.531696e-04
12 31 2 1.968025e-04
1 32 2 1.504007e-04
2 32 2 1.245028e-04
3 32 2 1.740335e-04
4 32 2 3.867093e-04
5 32 2 1.032849e-03
6 32 2 2.446615e-03
7 32 2 3.156424e-03
8 32 2 2.607348e-03
9 32 2 1.455973e-03
10 32 2 7.505686e-04
11 32 2 3.878632e-04
12 32 2 2.011498e-04
1 35 2 2.151845e-03
2 35 2 2.050385e-03
3 35 2 2.227324e-03
4 35 2 2.968111e-03
5 35 2 4.652909e-03
6 35 2 7.106009e-03
7 35 2 8.550710e-03
8 35 2 7.851817e-03
9 35 2 5.336398e-03
10 35 2 3.858209e-03
11 35 2 2.922387e-03
12 35 2 2.374175e-03
1 36 2 2.578943e-04
2 36 2 2.421125e-04
3 36 2 2.683323e-04
4 36 2 3.222906e-04
5 36 2 4.407858e-04
6 36 2 6.358700e-04
7 36 2 7.488752e-04
8 36 2 7.628995e-04
9 36 2 5.823439e-04
10 36 2 4.562430e-04
11 36 2 3.492020e-04
12 36 2 2.893434e-04
1 37 2 2.327060e-02
2 37 2 2.252271e-02
3 37 2 2.837966e-02
4 37 2 3.649244e-02
5 37 2 5.516959e-02
6 37 2 8.367665e-02
7 37 2 9.732024e-02
8 37 2 9.566810e-02
9 37 2 7.040282e-02
10 37 2 5.278981e-02
11 37 2 3.720685e-02
12 37 2 2.850362e-02
1 38 2 3.907683e-02
2 38 2 3.904180e-02
3 38 2 5.947502e-02
4 38 2 8.818152e-02
5 38 2 1.609966e-01
6 38 2 2.856762e-01
7 38 2 3.386580e-01
8 38 2 2.937149e-01
9 38 2 1.897174e-01
10 38 2 1.296717e-01
11 38 2 7.409695e-02
12 38 2 5.347122e-02
1 39 2 1.586935e-03
2 39 2 1.653267e-03
3 39 2 2.677951e-03
4 39 2 4.134980e-03
5 39 2 8.023230e-03
6 39 2 1.551093e-02
7 39 2 1.926023e-02
8 39 2 1.559342e-02
9 39 2 9.828726e-03
10 39 2 6.206724e-03
11 39 2 3.141709e-03
12 39 2 2.293220e-03
1 40 2 2.797686e-04
2 40 2 3.069547e-04
3 40 2 5.474493e-04
4 40 2 9.205794e-04
5 40 2 2.012433e-03
6 40 2 4.569109e-03
7 40 2 5.716661e-03
8 40 2 4.193599e-03
9 40 2 2.583214e-03
10 40 2 1.391860e-03
11 40 2 5.962326e-04
12 40 2 4.441747e-04
1 41 2 1.488752e-04
2 41 2 1.591550e-04
3 41 2 3.189414e-04
4 41 2 5.680572e-04
5 41 2 1.424771e-03
6 41 2 3.615502e-03
7 41 2 4.674628e-03
8 41 2 3.278763e-03
9 41 2 1.832325e-03
10 41 2 7.941466e-04
11 41 2 3.050898e-04
12 41 2 2.542884e-04
1 42 2 8.063592e-05
2 42 2 8.434678e-05
3 42 2 1.818927e-04
4 42 2 3.588182e-04
5 42 2 1.020060e-03
6 42 2 2.829341e-03
7 42 2 3.960745e-03
8 42 2 2.645048e-03
9 42 2 1.252569e-03
10 42 2 4.482809e-04
11 42 2 1.671277e-04
12 42 2 1.371039e-04
1 43 2 2.262238e-06
2 43 2 2.345649e-06
3 43 2 5.534514e-06
4 43 2 1.350438e-05
5 43 2 4.520164e-05
6 43 2 1.333067e-04
7 43 2 1.948759e-04
8 43 2 1.223296e-04
9 43 2 5.002284e-05
10 43 2 1.535828e-05
11 43 2 5.237504e-06
12 43 2 3.669959e-06
1 44 2 9.341055e-06
2 44 2 9.385656e-06
3 44 2 2.041525e-05
4 44 2 5.519211e-05
5 44 2 2.061960e-04
6 44 2 6.497920e-04
7 44 2 9.497068e-04
8 44 2 5.726674e-04
9 44 2 2.064380e-04
10 44 2 6.116338e-05
11 44 2 2.007400e-05
12 44 2 1.357228e-05
1 45 2 2.146562e-05
2 45 2 2.405669e-05
3 45 2 4.383545e-05
4 45 2 1.292742e-04
5 45 2 5.413753e-04
6 45 2 1.796340e-03
7 45 2 2.513056e-03
8 45 2 1.530197e-03
9 45 2 5.262002e-04
10 45 2 1.343499e-04
11 45 2 3.894226e-05
12 45 2 2.545073e-05
1 46 2 9.735453e-06
2 46 2 1.224744e-05
3 46 2 1.925205e-05
4 46 2 5.346098e-05
5 46 2 2.099391e-04
6 46 2 6.512075e-04
7 46 2 9.109933e-04
8 46 2 5.708390e-04
9 46 2 2.144234e-04
10 46 2 5.197368e-05
11 46 2 1.428962e-05
12 46 2 1.019049e-05
1 47 2 1.279671e-05
2 47 2 1.628557e-05
3 47 2 2.294892e-05
4 47 2 5.141768e-05
5 47 2 1.752571e-04
6 47 2 4.828331e-04
7 47 2 6.548248e-04
8 47 2 4.440181e-04
9 47 2 1.880996e-04
10 47 2 5.801713e-05
11 47 2 1.711657e-05
12 47 2 1.301087e-05
1 48 2 1.731697e-05
2 48 2 1.989266e-05
3 48 2 2.736124e-05
4 48 2 5.343073e-05
5 48 2 1.658058e-04
6 48 2 3.813817e-04
7 48 2 5.068209e-04
8 48 2 3.565776e-04
9 48 2 1.697453e-04
10 48 2 6.328706e-05
11 48 2 2.278255e-05
12 48 2 1.510800e-05
1 49 2 7.831474e-04
2 49 2 7.125950e-04
3 49 2 8.082918e-04
4 49 2 9.460339e-04
5 49 2 1.353030e-03
6 49 2 2.058557e-03
7 49 2 3.069999e-03
8 49 2 2.886902e-03
9 49 2 2.013581e-03
10 49 2 1.440911e-03
11 49 2 1.051982e-03
12 49 2 7.674188e-04
1 50 2 3.193231e-03
2 50 2 2.756394e-03
3 50 2 3.230920e-03
4 50 2 3.682914e-03
5 50 2 5.183445e-03
6 50 2 7.606634e-03
7 50 2 1.049827e-02
8 50 2 1.009580e-02
9 50 2 7.310278e-03
10 50 2 5.211073e-03
11 50 2 3.901430e-03
12 50 2 3.071951e-03
1 51 2 1.225766e-03
2 51 2 1.118703e-03
3 51 2 1.215595e-03
4 51 2 1.403198e-03
5 51 2 1.912595e-03
6 51 2 2.682262e-03
7 51 2 3.495379e-03
8 51 2 3.466355e-03
9 51 2 2.880033e-03
10 51 2 2.025741e-03
11 51 2 1.518219e-03
12 51 2 1.272314e-03
1 52 2 4.443279e-01
2 52 2 4.670268e-01
3 52 2 5.866918e-01
4 52 2 8.553167e-01
5 52 2 1.446453e+00
6 52 2 1.990643e+00
7 52 2 2.553370e+00
8 52 2 2.388275e+00
9 52 2 1.927904e+00
10 52 2 1.101344e+00
11 52 2 6.629015e-01
12 52 2 5.111982e-01
1 53 2 1.153654e-01
2 53 2 1.447414e-01
3 53 2 2.452225e-01
4 53 2 5.352475e-01
5 53 2 1.019275e+00
6 53 2 1.522037e+00
7 53 2 2.112768e+00
8 53 2 1.800324e+00
9 53 2 1.218473e+00
10 53 2 5.373980e-01
11 53 2 2.396940e-01
12 53 2 1.518559e-01
1 54 2 6.208103e-02
2 54 2 8.053499e-02
3 54 2 1.506037e-01
4 54 2 3.742353e-01
5 54 2 7.371271e-01
6 54 2 1.423793e+00
7 54 2 2.022566e+00
8 54 2 1.695973e+00
9 54 2 1.028581e+00
10 54 2 4.374529e-01
11 54 2 1.875123e-01
12 54 2 1.034354e-01
1 55 2 4.004310e-02
2 55 2 4.465873e-02
3 55 2 8.330964e-02
4 55 2 1.950737e-01
5 55 2 3.871054e-01
6 55 2 8.267016e-01
7 55 2 1.149178e+00
8 55 2 9.910661e-01
9 55 2 6.284699e-01
10 55 2 3.013413e-01
11 55 2 1.409861e-01
12 55 2 8.072902e-02
1 56 2 1.389863e-01
2 56 2 1.442374e-01
3 56 2 2.498231e-01
4 56 2 5.570698e-01
5 56 2 1.217680e+00
6 56 2 2.400315e+00
7 56 2 3.318646e+00
8 56 2 2.754308e+00
9 56 2 1.800281e+00
10 56 2 9.275701e-01
11 56 2 4.181831e-01
12 56 2 2.398320e-01
1 57 2 2.804889e-02
2 57 2 2.676143e-02
3 57 2 3.291503e-02
4 57 2 4.995986e-02
5 57 2 8.359068e-02
6 57 2 1.360125e-01
7 57 2 1.936833e-01
8 57 2 1.745560e-01
9 57 2 1.298698e-01
10 57 2 8.342157e-02
11 57 2 5.101273e-02
12 57 2 3.666054e-02
1 60 2 1.606515e+00
2 60 2 1.555764e+00
3 60 2 1.784153e+00
4 60 2 2.115979e+00
5 60 2 2.608834e+00
6 60 2 3.433208e+00
7 60 2 3.996940e+00
8 60 2 3.998621e+00
9 60 2 3.393405e+00
10 60 2 2.770146e+00
11 60 2 2.215469e+00
12 60 2 1.836397e+00
1 61 2 3.088633e+00
2 61 2 3.107211e+00
3 61 2 4.370240e+00
4 61 2 6.582503e+00
5 61 2 9.601863e+00
6 61 2 1.352747e+01
7 61 2 1.600845e+01
8 61 2 1.540146e+01
9 61 2 1.196734e+01
10 61 2 8.140254e+00
11 61 2 5.310382e+00
12 61 2 3.724657e+00
1 62 2 4.319926e-01
2 62 2 4.731336e-01
3 62 2 7.447987e-01
4 62 2 1.348313e+00
5 62 2 2.312647e+00
6 62 2 3.280675e+00
7 62 2 4.011602e+00
8 62 2 3.744685e+00
9 62 2 2.609380e+00
10 62 2 1.556075e+00
11 62 2 8.450175e-01
12 62 2 5.499132e-01
1 63 2 1.729716e-02
2 63 2 2.099802e-02
3 63 2 3.513520e-02
4 63 2 7.389821e-02
5 63 2 1.418228e-01
6 63 2 2.108422e-01
7 63 2 2.696163e-01
8 63 2 2.346190e-01
9 63 2 1.432979e-01
10 63 2 7.825654e-02
11 63 2 3.614727e-02
12 63 2 2.366353e-02
1 64 2 4.128993e-03
2 64 2 5.289671e-03
3 64 2 1.007281e-02
4 64 2 2.385912e-02
5 64 2 5.109872e-02
6 64 2 8.184846e-02
7 64 2 1.037447e-01
8 64 2 8.110519e-02
9 64 2 4.643963e-02
10 64 2 2.052993e-02
11 64 2 9.381171e-03
12 64 2 6.420077e-03
1 65 2 1.396107e-03
2 65 2 1.731182e-03
3 65 2 3.792694e-03
4 65 2 1.069553e-02
5 65 2 2.242512e-02
6 65 2 3.811232e-02
7 65 2 4.939899e-02
8 65 2 3.686872e-02
9 65 2 2.091078e-02
10 65 2 7.420320e-03
11 65 2 3.266570e-03
12 65 2 2.367279e-03
1 66 2 9.504942e-04
2 66 2 1.175107e-03
3 66 2 2.793566e-03
4 66 2 9.164765e-03
5 66 2 1.905616e-02
6 66 2 3.276793e-02
7 66 2 4.519244e-02
8 66 2 3.416553e-02
9 66 2 1.932689e-02
10 66 2 6.403220e-03
11 66 2 2.453809e-03
12 66 2 1.522050e-03
1 67 2 4.068628e-04
2 67 2 5.425326e-04
3 67 2 1.379664e-03
4 67 2 5.096598e-03
5 67 2 1.156389e-02
6 67 2 1.972229e-02
7 67 2 2.757394e-02
8 67 2 2.122041e-02
9 67 2 1.160609e-02
10 67 2 4.268099e-03
11 67 2 1.349605e-03
12 67 2 6.074502e-04
1 68 2 1.592786e-04
2 68 2 2.138683e-04
3 68 2 6.351768e-04
4 68 2 2.919608e-03
5 68 2 7.956304e-03
6 68 2 1.524674e-02
7 68 2 2.186095e-02
8 68 2 1.625873e-02
9 68 2 7.802721e-03
10 68 2 2.866626e-03
11 68 2 6.536923e-04
12 68 2 2.274622e-04
1 69 2 2.799923e-04
2 69 2 3.969771e-04
3 69 2 9.493435e-04
4 69 2 4.162928e-03
5 69 2 1.334863e-02
6 69 2 3.159102e-02
7 69 2 4.628059e-02
8 69 2 3.562669e-02
9 69 2 1.530499e-02
10 69 2 4.976593e-03
11 69 2 9.642842e-04
12 69 2 3.626334e-04
1 70 2 6.178225e-04
2 70 2 7.221164e-04
3 70 2 1.034772e-03
4 70 2 2.699666e-03
5 70 2 6.769905e-03
6 70 2 1.643926e-02
7 70 2 2.660994e-02
8 70 2 2.425241e-02
9 70 2 1.252232e-02
10 70 2 4.463569e-03
11 70 2 1.357551e-03
12 70 2 7.642030e-04
1 71 2 1.622737e-04
2 71 2 1.646698e-04
3 71 2 1.863364e-04
4 71 2 2.990136e-04
5 71 2 5.790782e-04
6 71 2 1.208012e-03
7 71 2 1.853919e-03
8 71 2 1.843260e-03
9 71 2 1.182618e-03
10 71 2 5.632653e-04
11 71 2 2.690862e-04
12 71 2 1.868894e-04
1 72 2 6.824189e-07
2 72 2 6.517694e-07
3 72 2 7.061246e-07
4 72 2 9.003156e-07
5 72 2 1.400825e-06
6 72 2 2.437482e-06
7 72 2 3.775380e-06
8 72 2 3.631030e-06
9 72 2 2.540390e-06
10 72 2 1.540349e-06
11 72 2 9.490672e-07
12 72 2 6.777586e-07
1 76 2 1.115504e+00
2 76 2 1.020572e+00
3 76 2 1.030844e+00
4 76 2 1.121312e+00
5 76 2 1.524443e+00
6 76 2 2.173759e+00
7 76 2 2.914889e+00
8 76 2 3.110721e+00
9 76 2 2.963912e+00
10 76 2 1.979301e+00
11 76 2 1.277722e+00
12 76 2 1.117479e+00
1 77 2 1.065222e+00
2 77 2 1.383182e+00
3 77 2 1.811886e+00
4 77 2 2.928406e+00
5 77 2 4.916913e+00
6 77 2 7.591200e+00
7 77 2 1.031439e+01
8 77 2 9.790031e+00
9 77 2 7.252040e+00
10 77 2 3.663816e+00
11 77 2 1.607693e+00
12 77 2 1.013321e+00
1 78 2 1.243427e+00
2 78 2 1.698968e+00
3 78 2 2.365915e+00
4 78 2 4.243517e+00
5 78 2 6.635635e+00
6 78 2 1.053509e+01
7 78 2 1.300440e+01
8 78 2 1.217704e+01
9 78 2 7.895461e+00
10 78 2 4.187117e+00
11 78 2 2.261134e+00
12 78 2 1.305429e+00
1 79 2 3.986378e+00
2 79 2 4.891352e+00
3 79 2 7.181916e+00
4 79 2 1.191240e+01
5 79 2 1.809824e+01
6 79 2 2.956656e+01
7 79 2 3.623013e+01
8 79 2 3.432162e+01
9 79 2 2.369928e+01
10 79 2 1.430596e+01
11 79 2 8.150800e+00
12 79 2 4.993030e+00
1 80 2 1.949065e+00
2 80 2 1.952871e+00
3 80 2 2.453905e+00
4 80 2 3.317961e+00
5 80 2 4.948444e+00
6 80 2 7.528879e+00
7 80 2 9.694574e+00
8 80 2 9.597467e+00
9 80 2 7.965723e+00
10 80 2 5.584803e+00
11 80 2 3.257952e+00
12 80 2 2.408169e+00
1 81 2 4.238747e-07
2 81 2 3.841327e-07
3 81 2 4.045960e-07
4 81 2 4.797517e-07
5 81 2 6.908381e-07
6 81 2 9.308844e-07
7 81 2 1.242105e-06
8 81 2 1.332751e-06
9 81 2 1.211887e-06
10 81 2 9.298724e-07
11 81 2 6.146811e-07
12 81 2 5.032371e-07
1 84 2 4.278117e-01
2 84 2 4.523046e-01
3 84 2 5.594103e-01
4 84 2 7.069197e-01
5 84 2 9.477660e-01
6 84 2 1.552983e+00
7 84 2 2.079947e+00
8 84 2 1.993106e+00
9 84 2 1.495520e+00
10 84 2 9.438234e-01
11 84 2 6.340388e-01
12 84 2 4.843372e-01
1 85 2 6.642291e-01
2 85 2 7.479744e-01
3 85 2 9.724872e-01
4 85 2 1.412933e+00
5 85 2 2.261799e+00
6 85 2 3.455251e+00
7 85 2 4.780662e+00
8 85 2 4.547885e+00
9 85 2 3.274786e+00
10 85 2 1.806391e+00
11 85 2 1.018729e+00
12 85 2 7.391903e-01
1 86 2 2.380507e-01
2 86 2 2.695232e-01
3 86 2 3.444307e-01
4 86 2 5.002942e-01
5 86 2 8.040717e-01
6 86 2 1.166690e+00
7 86 2 1.602723e+00
8 86 2 1.607966e+00
9 86 2 1.190201e+00
10 86 2 6.901843e-01
11 86 2 3.801875e-01
12 86 2 2.717174e-01
1 87 2 6.400206e-02
2 87 2 8.658743e-02
3 87 2 1.236310e-01
4 87 2 1.954324e-01
5 87 2 3.428602e-01
6 87 2 5.153623e-01
7 87 2 6.986718e-01
8 87 2 7.119232e-01
9 87 2 5.161476e-01
10 87 2 2.906048e-01
11 87 2 1.276841e-01
12 87 2 7.761251e-02
1 88 2 4.148566e-02
2 88 2 5.891298e-02
3 88 2 9.238426e-02
4 88 2 1.752892e-01
5 88 2 3.597451e-01
6 88 2 5.654206e-01
7 88 2 7.240997e-01
8 88 2 6.350921e-01
9 88 2 4.103967e-01
10 88 2 1.939458e-01
11 88 2 9.943000e-02
12 88 2 5.522973e-02
1 89 2 8.843185e-03
2 89 2 1.230415e-02
3 89 2 2.335288e-02
4 89 2 4.392279e-02
5 89 2 8.765299e-02
6 89 2 1.309434e-01
7 89 2 1.527539e-01
8 89 2 1.337760e-01
9 89 2 8.730294e-02
10 89 2 4.154488e-02
11 89 2 2.286008e-02
12 89 2 1.265315e-02
1 90 2 5.482557e-03
2 90 2 7.225828e-03
3 90 2 1.433888e-02
4 90 2 2.573524e-02
5 90 2 3.951496e-02
6 90 2 5.230468e-02
7 90 2 5.874138e-02
8 90 2 5.435205e-02
9 90 2 3.960944e-02
10 90 2 2.362535e-02
11 90 2 1.302591e-02
12 90 2 7.415366e-03
1 91 2 2.052307e-03
2 91 2 2.903924e-03
3 91 2 6.066939e-03
4 91 2 1.146461e-02
5 91 2 1.691997e-02
6 91 2 2.150686e-02
7 91 2 2.414908e-02
8 91 2 2.214702e-02
9 91 2 1.592417e-02
10 91 2 9.857096e-03
11 91 2 5.108729e-03
12 91 2 2.622599e-03
1 92 2 1.207460e-02
2 92 2 1.724783e-02
3 92 2 4.323596e-02
4 92 2 1.031510e-01
5 92 2 1.945278e-01
6 92 2 2.980850e-01
7 92 2 3.578109e-01
8 92 2 3.256653e-01
9 92 2 2.037394e-01
10 92 2 1.082809e-01
11 92 2 4.246785e-02
12 92 2 1.823041e-02
1 93 2 8.306726e-02
2 93 2 1.002281e-01
3 93 2 2.060742e-01
4 93 2 4.802790e-01
5 93 2 8.567906e-01
6 93 2 1.359667e+00
7 93 2 1.823921e+00
8 93 2 1.793070e+00
9 93 2 1.206028e+00
10 93 2 6.945256e-01
11 93 2 2.974337e-01
12 93 2 1.238871e-01
1 94 2 2.879551e-01
2 94 2 2.865034e-01
3 94 2 3.825513e-01
4 94 2 6.779514e-01
5 94 2 1.157222e+00
6 94 2 1.822187e+00
7 94 2 2.517345e+00
8 94 2 2.743348e+00
9 94 2 2.259737e+00
10 94 2 1.363973e+00
11 94 2 7.320783e-01
12 94 2 3.999900e-01
1 98 2 1.413780e-01
2 98 2 1.316041e-01
3 98 2 1.239257e-01
4 98 2 1.319452e-01
5 98 2 1.497487e-01
6 98 2 1.713568e-01
7 98 2 1.927412e-01
8 98 2 2.031398e-01
9 98 2 2.004535e-01
10 98 2 1.894821e-01
11 98 2 1.704378e-01
12 98 2 1.551002e-01
1 101 2 2.792484e-02
2 101 2 2.869373e-02
3 101 2 2.940364e-02
4 101 2 3.625915e-02
5 101 2 4.662998e-02
6 101 2 5.444536e-02
7 101 2 5.811731e-02
8 101 2 5.823558e-02
9 101 2 5.598575e-02
10 101 2 4.800204e-02
11 101 2 3.691226e-02
12 101 2 2.960627e-02
1 102 2 8.146674e-01
2 102 2 9.208691e-01
3 102 2 1.131765e+00
4 102 2 1.415611e+00
5 102 2 1.638197e+00
6 102 2 1.788386e+00
7 102 2 1.838745e+00
8 102 2 1.861980e+00
9 102 2 1.678164e+00
10 102 2 1.292859e+00
11 102 2 1.037681e+00
12 102 2 8.505087e-01
1 103 2 1.179321e+00
2 103 2 1.203507e+00
3 103 2 1.311672e+00
4 103 2 1.482140e+00
5 103 2 1.726070e+00
6 103 2 1.975266e+00
7 103 2 2.136986e+00
8 103 2 2.242720e+00
9 103 2 2.199644e+00
10 103 2 1.922298e+00
11 103 2 1.581392e+00
12 103 2 1.314875e+00
1 104 2 4.687336e-02
2 104 2 4.497849e-02
3 104 2 4.546721e-02
4 104 2 4.984824e-02
5 104 2 5.828811e-02
6 104 2 6.688843e-02
7 104 2 7.507059e-02
8 104 2 8.109454e-02
9 104 2 8.174729e-02
10 104 2 7.636815e-02
11 104 2 6.281969e-02
12 104 2 5.201463e-02
1 107 2 1.930901e-02
2 107 2 2.037065e-02
3 107 2 2.378347e-02
4 107 2 2.725323e-02
5 107 2 3.056279e-02
6 107 2 3.912771e-02
7 107 2 4.276825e-02
8 107 2 4.259520e-02
9 107 2 3.987548e-02
10 107 2 3.410758e-02
11 107 2 2.711427e-02
12 107 2 2.120438e-02
1 108 2 2.272143e-03
2 108 2 2.903801e-03
3 108 2 4.218082e-03
4 108 2 6.532888e-03
5 108 2 1.014079e-02
6 108 2 1.391855e-02
7 108 2 1.489938e-02
8 108 2 1.316792e-02
9 108 2 1.065492e-02
10 108 2 7.351160e-03
11 108 2 3.829208e-03
12 108 2 2.437665e-03
1 109 2 4.312462e-03
2 109 2 5.696133e-03
3 109 2 8.909121e-03
4 109 2 1.546102e-02
5 109 2 2.634223e-02
6 109 2 3.320571e-02
7 109 2 3.374000e-02
8 109 2 3.101654e-02
9 109 2 2.490717e-02
10 109 2 1.747647e-02
11 109 2 7.773098e-03
12 109 2 4.540756e-03
1 110 2 1.897807e-03
2 110 2 2.417442e-03
3 110 2 3.882536e-03
4 110 2 6.010014e-03
5 110 2 9.321290e-03
6 110 2 1.079450e-02
7 110 2 1.160513e-02
8 110 2 1.147738e-02
9 110 2 9.663690e-03
10 110 2 7.045442e-03
11 110 2 3.407914e-03
12 110 2 2.005935e-03
1 111 2 6.521348e-02
2 111 2 8.156305e-02
3 111 2 1.320488e-01
4 111 2 2.001310e-01
5 111 2 3.024687e-01
6 111 2 3.879097e-01
7 111 2 4.100496e-01
8 111 2 4.061383e-01
9 111 2 3.458623e-01
10 111 2 2.251396e-01
11 111 2 1.212811e-01
12 111 2 7.408070e-02
1 112 2 7.506443e-02
2 112 2 9.678641e-02
3 112 2 1.697909e-01
4 112 2 2.823524e-01
5 112 2 4.293644e-01
6 112 2 5.232313e-01
7 112 2 5.328970e-01
8 112 2 4.967150e-01
9 112 2 3.791873e-01
10 112 2 2.517324e-01
11 112 2 1.444681e-01
12 112 2 8.880307e-02
1 113 2 4.305042e-02
2 113 2 5.454088e-02
3 113 2 9.162900e-02
4 113 2 1.370228e-01
5 113 2 1.686197e-01
6 113 2 1.472299e-01
7 113 2 1.263320e-01
8 113 2 1.206573e-01
9 113 2 1.193358e-01
10 113 2 1.089650e-01
11 113 2 7.621417e-02
12 113 2 5.147581e-02
1 114 2 1.174307e-01
2 114 2 1.592420e-01
3 114 2 2.837167e-01
4 114 2 4.135694e-01
5 114 2 4.771375e-01
6 114 2 3.492915e-01
7 114 2 2.884912e-01
8 114 2 2.644371e-01
9 114 2 2.551912e-01
10 114 2 2.284008e-01
11 114 2 1.741149e-01
12 114 2 1.289733e-01
1 115 2 4.767037e-02
2 115 2 6.935611e-02
3 115 2 1.099407e-01
4 115 2 1.362812e-01
5 115 2 1.217055e-01
6 115 2 1.129996e-01
7 115 2 1.089860e-01
8 115 2 1.045644e-01
9 115 2 9.616801e-02
10 115 2 8.594084e-02
11 115 2 6.528432e-02
12 115 2 4.683660e-02
1 116 2 5.957217e-02
2 116 2 7.625965e-02
3 116 2 1.166192e-01
4 116 2 1.650702e-01
5 116 2 1.919870e-01
6 116 2 2.186245e-01
7 116 2 2.292023e-01
8 116 2 2.193975e-01
9 116 2 1.777364e-01
10 116 2 1.420962e-01
11 116 2 1.032301e-01
12 116 2 6.800359e-02
1 117 2 1.392526e-02
2 117 2 1.454145e-02
3 117 2 1.836452e-02
4 117 2 2.513866e-02
5 117 2 3.201204e-02
6 117 2 3.792719e-02
7 117 2 4.037745e-02
8 117 2 4.032450e-02
9 117 2 3.679366e-02
10 117 2 3.149760e-02
11 117 2 2.542682e-02
12 117 2 1.836801e-02
1 126 2 5.131965e-04
2 126 2 5.334153e-04
3 126 2 5.781492e-04
4 126 2 6.104904e-04
5 126 2 6.031701e-04
6 126 2 5.605790e-04
7 126 2 5.403656e-04
8 126 2 5.456449e-04
9 126 2 5.427563e-04
10 126 2 5.333449e-04
11 126 2 5.211442e-04
12 126 2 5.132537e-04
1 127 2 5.185270e-02
2 127 2 5.273526e-02
3 127 2 5.566094e-02
4 127 2 5.778788e-02
5 127 2 5.857516e-02
6 127 2 5.673746e-02
7 127 2 5.675312e-02
8 127 2 5.805551e-02
9 127 2 5.743664e-02
10 127 2 5.513470e-02
11 127 2 5.343236e-02
12 127 2 5.277096e-02
1 128 2 2.350528e-01
2 128 2 2.413971e-01
3 128 2 2.478095e-01
4 128 2 2.419042e-01
5 128 2 2.353131e-01
6 128 2 2.282445e-01
7 128 2 2.432666e-01
8 128 2 2.765951e-01
9 128 2 2.908372e-01
10 128 2 2.747094e-01
11 128 2 2.498081e-01
12 128 2 2.353690e-01
1 129 2 6.699624e-03
2 129 2 6.607637e-03
3 129 2 6.774289e-03
4 129 2 6.970744e-03
5 129 2 7.078301e-03
6 129 2 7.269786e-03
7 129 2 7.596208e-03
8 129 2 8.279854e-03
9 129 2 8.650704e-03
10 129 2 8.688815e-03
11 129 2 7.933185e-03
12 129 2 7.047669e-03
1 133 2 1.438834e-01
2 133 2 1.672858e-01
3 133 2 2.008176e-01
4 133 2 2.061865e-01
5 133 2 1.966808e-01
6 133 2 1.807762e-01
7 133 2 1.613445e-01
8 133 2 1.510808e-01
9 133 2 1.575436e-01
10 133 2 1.677900e-01
11 133 2 1.600744e-01
12 133 2 1.400652e-01
1 135 2 6.221666e-03
2 135 2 7.009640e-03
3 135 2 8.336065e-03
4 135 2 8.977554e-03
5 135 2 8.626569e-03
6 135 2 7.695782e-03
7 135 2 6.648393e-03
8 135 2 6.714929e-03
9 135 2 7.135379e-03
10 135 2 6.710409e-03
11 135 2 6.431868e-03
12 135 2 6.041861e-03
1 136 2 6.962045e-03
2 136 2 7.165353e-03
3 136 2 8.861296e-03
4 136 2 1.077264e-02
5 136 2 1.179652e-02
6 136 2 1.076293e-02
7 136 2 9.523935e-03
8 136 2 9.502090e-03
9 136 2 9.551204e-03
10 136 2 8.984797e-03
11 136 2 8.495079e-03
12 136 2 7.543736e-03
1 137 2 1.692476e-03
2 137 2 1.775582e-03
3 137 2 2.035742e-03
4 137 2 2.236981e-03
5 137 2 2.208036e-03
6 137 2 2.031615e-03
7 137 2 1.879460e-03
8 137 2 1.813491e-03
9 137 2 1.814630e-03
10 137 2 1.890426e-03
11 137 2 1.869042e-03
12 137 2 1.762339e-03
1 138 2 6.769640e-02
2 138 2 7.444298e-02
3 138 2 8.636486e-02
4 138 2 9.611872e-02
5 138 2 9.697789e-02
6 138 2 8.523382e-02
7 138 2 7.896097e-02
8 138 2 7.614806e-02
9 138 2 7.635583e-02
10 138 2 7.680076e-02
11 138 2 7.449820e-02
12 138 2 6.909084e-02
1 139 2 1.142288e-01
2 139 2 1.300855e-01
3 139 2 1.453577e-01
4 139 2 1.525633e-01
5 139 2 1.504133e-01
6 139 2 1.400756e-01
7 139 2 1.325327e-01
8 139 2 1.275846e-01
9 139 2 1.259309e-01
10 139 2 1.269085e-01
11 139 2 1.207632e-01
12 139 2 1.105426e-01
1 140 2 3.785069e-02
2 140 2 3.913902e-02
3 140 2 4.250801e-02
4 140 2 4.816088e-02
5 140 2 5.113996e-02
6 140 2 4.912002e-02
7 140 2 4.650868e-02
8 140 2 4.485723e-02
9 140 2 4.420328e-02
10 140 2 4.444758e-02
11 140 2 4.350882e-02
12 140 2 4.056351e-02
1 141 2 5.940523e-02
2 141 2 5.879056e-02
3 141 2 6.047448e-02
4 141 2 6.637023e-02
5 141 2 7.162228e-02
6 141 2 7.082274e-02
7 141 2 6.890761e-02
8 141 2 6.681943e-02
9 141 2 6.625313e-02
10 141 2 6.640889e-02
11 141 2 6.707173e-02
12 141 2 6.512142e-02
1 150 2 6.855943e-05
2 150 2 7.504908e-05
3 150 2 8.033151e-05
4 150 2 8.214553e-05
5 150 2 7.686318e-05
6 150 2 6.778987e-05
7 150 2 6.184327e-05
8 150 2 6.034988e-05
9 150 2 5.839879e-05
10 150 2 5.707012e-05
11 150 2 5.817970e-05
12 150 2 6.190154e-05
1 151 2 4.455188e-02
2 151 2 4.738612e-02
3 151 2 5.024334e-02
4 151 2 5.142806e-02
5 151 2 4.976022e-02
6 151 2 4.683978e-02
7 151 2 4.580482e-02
8 151 2 4.757326e-02
9 151 2 4.529397e-02
10 151 2 4.250371e-02
11 151 2 4.125738e-02
12 151 2 4.228665e-02
1 152 2 3.532207e-02
2 152 2 3.577866e-02
3 152 2 3.610988e-02
4 152 2 3.431371e-02
5 152 2 3.298467e-02
6 152 2 3.239558e-02
7 152 2 3.703681e-02
8 152 2 4.938412e-02
9 152 2 5.242665e-02
10 152 2 4.468372e-02
11 152 2 3.831814e-02
12 152 2 3.543641e-02
1 153 2 4.092529e-02
2 153 2 4.191800e-02
3 153 2 4.422638e-02
4 153 2 4.338024e-02
5 153 2 4.189237e-02
6 153 2 4.112991e-02
7 153 2 4.801167e-02
8 153 2 6.274260e-02
9 153 2 7.631250e-02
10 153 2 6.820770e-02
11 153 2 5.159563e-02
12 153 2 4.304957e-02
1 154 2 1.114085e-01
2 154 2 1.108041e-01
3 154 2 1.153059e-01
4 154 2 1.104844e-01
5 154 2 1.033130e-01
6 154 2 9.293123e-02
7 154 2 8.775150e-02
8 154 2 9.141353e-02
9 154 2 1.030675e-01
10 154 2 1.158295e-01
11 154 2 1.220714e-01
12 154 2 1.180372e-01
1 157 2 4.438733e-03
2 157 2 4.609181e-03
3 157 2 4.934788e-03
4 157 2 4.865271e-03
5 157 2 4.742241e-03
6 157 2 4.458522e-03
7 157 2 4.254065e-03
8 157 2 4.211184e-03
9 157 2 4.180747e-03
10 157 2 4.253644e-03
11 157 2 4.284139e-03
12 157 2 4.340048e-03
1 163 2 2.063766e-02
2 163 2 2.091418e-02
3 163 2 2.153480e-02
4 163 2 2.282703e-02
5 163 2 2.284931e-02
6 163 2 2.112508e-02
7 163 2 1.953007e-02
8 163 2 1.833912e-02
9 163 2 1.860173e-02
10 163 2 1.967991e-02
11 163 2 2.044923e-02
12 163 2 2.060946e-02
1 164 2 7.811828e-02
2 164 2 7.745035e-02
3 164 2 7.960631e-02
4 164 2 8.332004e-02
5 164 2 8.233994e-02
6 164 2 7.615809e-02
7 164 2 7.049104e-02
8 164 2 6.885676e-02
9 164 2 7.373156e-02
10 164 2 8.077618e-02
11 164 2 8.240749e-02
12 164 2 8.103522e-02
1 165 2 3.702314e-02
2 165 2 3.628529e-02
3 165 2 3.674145e-02
4 165 2 3.755413e-02
5 165 2 3.714193e-02
6 165 2 3.417584e-02
7 165 2 3.222314e-02
8 165 2 3.261566e-02
9 165 2 3.476478e-02
10 165 2 3.717107e-02
11 165 2 3.910242e-02
12 165 2 3.914849e-02
1 166 2 1.629461e-02
2 166 2 1.613194e-02
3 166 2 1.586542e-02
4 166 2 1.579099e-02
5 166 2 1.527393e-02
6 166 2 1.412585e-02
7 166 2 1.333907e-02
8 166 2 1.343859e-02
9 166 2 1.394154e-02
10 166 2 1.466548e-02
11 166 2 1.581154e-02
12 166 2 1.660821e-02
1 170 2 6.844604e-04
2 170 2 7.527708e-04
3 170 2 7.395932e-04
4 170 2 6.722507e-04
5 170 2 5.601856e-04
6 170 2 4.710183e-04
7 170 2 4.455096e-04
8 170 2 4.253182e-04
9 170 2 4.324716e-04
10 170 2 4.815541e-04
11 170 2 5.313053e-04
12 170 2 6.118310e-04
1 171 2 2.455856e-03
2 171 2 2.695824e-03
3 171 2 2.728461e-03
4 171 2 2.427467e-03
5 171 2 2.019380e-03
6 171 2 1.730513e-03
7 171 2 1.571120e-03
8 171 2 1.488685e-03
9 171 2 1.510376e-03
10 171 2 1.642867e-03
11 171 2 1.875071e-03
12 171 2 2.215216e-03
1 175 2 7.094229e-05
2 175 2 7.500253e-05
3 175 2 7.521767e-05
4 175 2 7.045030e-05
5 175 2 6.121022e-05
6 175 2 5.577802e-05
7 175 2 5.462068e-05
8 175 2 5.415951e-05
9 175 2 5.037425e-05
10 175 2 5.092124e-05
11 175 2 5.323768e-05
12 175 2 6.210206e-05
1 176 2 5.107413e-02
2 176 2 5.145706e-02
3 176 2 5.037629e-02
4 176 2 4.449321e-02
5 176 2 3.599302e-02
6 176 2 3.261643e-02
7 176 2 3.255695e-02
8 176 2 3.714315e-02
9 176 2 4.045273e-02
10 176 2 4.317292e-02
11 176 2 4.608387e-02
12 176 2 4.895238e-02
1 177 2 2.238470e-01
2 177 2 2.175182e-01
3 177 2 2.053777e-01
4 177 2 1.795891e-01
5 177 2 1.468550e-01
6 177 2 1.254017e-01
7 177 2 1.304786e-01
8 177 2 1.563373e-01
9 177 2 1.964916e-01
10 177 2 2.043437e-01
11 177 2 2.084885e-01
12 177 2 2.089145e-01
1 178 2 8.162047e-02
2 178 2 8.066654e-02
3 178 2 7.732478e-02
4 178 2 6.481059e-02
5 178 2 5.643088e-02
6 178 2 4.769665e-02
7 178 2 4.542804e-02
8 178 2 4.576238e-02
9 178 2 5.219084e-02
10 178 2 5.615586e-02
11 178 2 6.342486e-02
12 178 2 7.041492e-02
1 181 2 9.992112e-04
2 181 2 1.055388e-03
3 181 2 1.069921e-03
4 181 2 1.022988e-03
5 181 2 8.436461e-04
6 181 2 7.294981e-04
7 181 2 6.450265e-04
8 181 2 6.601320e-04
9 181 2 7.151861e-04
10 181 2 7.744130e-04
11 181 2 8.770328e-04
12 181 2 9.337862e-04
1 182 2 1.190692e-01
2 182 2 1.100567e-01
3 182 2 1.037785e-01
4 182 2 8.669007e-02
5 182 2 6.788605e-02
6 182 2 5.077470e-02
7 182 2 5.034300e-02
8 182 2 6.995784e-02
9 182 2 9.707403e-02
10 182 2 1.190578e-01
11 182 2 1.315834e-01
12 182 2 1.263006e-01
1 183 2 2.533147e-02
2 183 2 2.433512e-02
3 183 2 2.323244e-02
4 183 2 2.106547e-02
5 183 2 1.772413e-02
6 183 2 1.438523e-02
7 183 2 1.338395e-02
8 183 2 1.589292e-02
9 183 2 1.847914e-02
10 183 2 2.186080e-02
11 183 2 2.379977e-02
12 183 2 2.447960e-02
1 184 2 7.898458e-03
2 184 2 8.003175e-03
3 184 2 7.750949e-03
4 184 2 6.975352e-03
5 184 2 5.798939e-03
6 184 2 4.686636e-03
7 184 2 4.226167e-03
8 184 2 4.413818e-03
9 184 2 4.675703e-03
10 184 2 5.369456e-03
11 184 2 6.282624e-03
12 184 2 7.160801e-03
1 188 2 1.961633e-02
2 188 2 1.944530e-02
3 188 2 1.802405e-02
4 188 2 1.471787e-02
5 188 2 1.040200e-02
6 188 2 7.912129e-03
7 188 2 6.808322e-03
8 188 2 6.925609e-03
9 188 2 9.380700e-03
10 188 2 1.232756e-02
11 188 2 1.468090e-02
12 188 2 1.831103e-02
1 189 2 1.709868e-02
2 189 2 1.580263e-02
3 189 2 1.433439e-02
4 189 2 1.059524e-02
5 189 2 7.015000e-03
6 189 2 4.960745e-03
7 189 2 4.716608e-03
8 189 2 5.793556e-03
9 189 2 9.319948e-03
10 189 2 1.327024e-02
11 189 2 1.614104e-02
12 189 2 1.686731e-02
1 190 2 7.002465e-02
2 190 2 6.634964e-02
3 190 2 5.759163e-02
4 190 2 4.079095e-02
5 190 2 2.845984e-02
6 190 2 2.064599e-02
7 190 2 1.939922e-02
8 190 2 2.338571e-02
9 190 2 3.284784e-02
10 190 2 4.477955e-02
11 190 2 5.867549e-02
12 190 2 6.583283e-02
1 191 2 4.564577e-02
2 191 2 4.730108e-02
3 191 2 4.597688e-02
4 191 2 3.798206e-02
5 191 2 3.123336e-02
6 191 2 2.565766e-02
7 191 2 2.255740e-02
8 191 2 2.290900e-02
9 191 2 2.499419e-02
10 191 2 2.805341e-02
11 191 2 3.450275e-02
12 191 2 4.059217e-02
1 192 2 4.726297e-03
2 192 2 5.107813e-03
3 192 2 4.976587e-03
4 192 2 4.308980e-03
5 192 2 3.641737e-03
6 192 2 3.100793e-03
7 192 2 2.724980e-03
8 192 2 2.532146e-03
9 192 2 2.607216e-03
10 192 2 2.863021e-03
11 192 2 3.417707e-03
12 192 2 4.103919e-03
1 200 2 2.222545e-01
2 200 2 2.286446e-01
3 200 2 1.869811e-01
4 200 2 1.236078e-01
5 200 2 8.090753e-02
6 200 2 6.589169e-02
7 200 2 6.260053e-02
8 200 2 6.750935e-02
9 200 2 7.477855e-02
10 200 2 9.560803e-02
11 200 2 1.328615e-01
12 200 2 1.830561e-01
1 201 2 1.504306e-01
2 201 2 1.552132e-01
3 201 2 1.420885e-01
4 201 2 1.093696e-01
5 201 2 8.242042e-02
6 201 2 6.818868e-02
7 201 2 6.444212e-02
8 201 2 6.665952e-02
9 201 2 6.597297e-02
10 201 2 7.849929e-02
11 201 2 1.000655e-01
12 201 2 1.246285e-01
1 206 2 7.912163e-02
2 206 2 8.546167e-02
3 206 2 7.731995e-02
4 206 2 6.598063e-02
5 206 2 5.456564e-02
6 206 2 4.757663e-02
7 206 2 4.080623e-02
8 206 2 4.006656e-02
9 206 2 4.337163e-02
10 206 2 4.909424e-02
11 206 2 5.754977e-02
12 206 2 6.779960e-02
1 207 2 2.998479e-03
2 207 2 3.273962e-03
3 207 2 3.104956e-03
4 207 2 2.815422e-03
5 207 2 2.496864e-03
6 207 2 2.141549e-03
7 207 2 1.887583e-03
8 207 2 1.858789e-03
9 207 2 1.875399e-03
10 207 2 2.065684e-03
11 207 2 2.226195e-03
12 207 2 2.546630e-03
1 212 2 2.760181e-02
2 212 2 2.946322e-02
3 212 2 2.615149e-02
4 212 2 2.198532e-02
5 212 2 1.713582e-02
6 212 2 1.383003e-02
7 212 2 1.147971e-02
8 212 2 1.109503e-02
9 212 2 1.260092e-02
10 212 2 1.486850e-02
11 212 2 1.763663e-02
12 212 2 2.331899e-02
1 213 2 6.003887e-03
2 213 2 6.561798e-03
3 213 2 5.560865e-03
4 213 2 4.705683e-03
5 213 2 3.631062e-03
6 213 2 2.799038e-03
7 213 2 2.375563e-03
8 213 2 2.319125e-03
9 213 2 2.793485e-03
10 213 2 3.442648e-03
11 213 2 4.227528e-03
12 213 2 5.173301e-03
1 214 2 2.136758e-01
2 214 2 2.265231e-01
3 214 2 1.819972e-01
4 214 2 1.351757e-01
5 214 2 9.991963e-02
6 214 2 7.363620e-02
7 214 2 6.377007e-02
8 214 2 6.574212e-02
9 214 2 8.298539e-02
10 214 2 1.112551e-01
11 214 2 1.522980e-01
12 214 2 1.847109e-01
1 215 2 7.919639e-02
2 215 2 8.146404e-02
3 215 2 7.595274e-02
4 215 2 6.053113e-02
5 215 2 4.916672e-02
6 215 2 3.950443e-02
7 215 2 3.413730e-02
8 215 2 3.422124e-02
9 215 2 3.848408e-02
10 215 2 4.578369e-02
11 215 2 5.764797e-02
12 215 2 6.964193e-02
1 216 2 5.600125e-02
2 216 2 5.846942e-02
3 216 2 5.482991e-02
4 216 2 4.457353e-02
5 216 2 3.569192e-02
6 216 2 3.070462e-02
7 216 2 2.698135e-02
8 216 2 2.579918e-02
9 216 2 2.677122e-02
10 216 2 3.042800e-02
11 216 2 3.659973e-02
12 216 2 4.703727e-02
1 224 2 6.496744e-03
2 224 2 7.102479e-03
3 224 2 6.197779e-03
4 224 2 5.337218e-03
5 224 2 4.309903e-03
6 224 2 3.662582e-03
7 224 2 3.327420e-03
8 224 2 3.475452e-03
9 224 2 3.574106e-03
10 224 2 4.215487e-03
11 224 2 5.034124e-03
12 224 2 6.006107e-03
1 240 2 3.463329e-03
2 240 2 3.532573e-03
3 240 2 3.230452e-03
4 240 2 2.852996e-03
5 240 2 2.479620e-03
6 240 2 2.138759e-03
7 240 2 2.095373e-03
8 240 2 2.160208e-03
9 240 2 2.102833e-03
10 240 2 2.264531e-03
11 240 2 2.488164e-03
12 240 2 3.083646e-03
