1 7 2 2.505777e-06
2 7 2 2.140658e-06
3 7 2 2.341120e-06
4 7 2 6.050834e-06
5 7 2 2.081920e-05
6 7 2 5.607394e-05
7 7 2 7.586969e-05
8 7 2 5.172867e-05
9 7 2 2.237091e-05
10 7 2 9.807345e-06
11 7 2 5.196065e-06
12 7 2 3.065340e-06
1 25 2 2.859320e-04
2 25 2 2.714913e-04
3 25 2 3.824863e-04
4 25 2 6.979526e-04
5 25 2 1.952535e-03
6 25 2 3.540674e-03
7 25 2 4.292334e-03
8 25 2 3.291461e-03
9 25 2 1.859850e-03
10 25 2 8.703423e-04
11 25 2 4.149893e-04
12 25 2 2.403190e-04
1 26 2 1.623350e-03
2 26 2 1.336032e-03
3 26 2 2.209239e-03
4 26 2 4.931202e-03
5 26 2 1.389044e-02
6 26 2 2.653035e-02
7 26 2 2.878535e-02
8 26 2 2.153729e-02
9 26 2 1.177976e-02
10 26 2 4.741815e-03
11 26 2 2.477404e-03
12 26 2 1.531654e-03
1 27 2 7.093202e-03
2 27 2 6.262662e-03
3 27 2 1.097841e-02
4 27 2 2.796067e-02
5 27 2 7.873933e-02
6 27 2 1.627638e-01
7 27 2 1.835700e-01
8 27 2 1.381683e-01
9 27 2 7.140049e-02
10 27 2 2.681261e-02
11 27 2 1.420972e-02
12 27 2 8.789692e-03
1 28 2 2.599131e-04
2 28 2 2.365279e-04
3 28 2 3.977988e-04
4 28 2 1.081312e-03
5 28 2 3.087807e-03
6 28 2 6.610946e-03
7 28 2 7.881784e-03
8 28 2 5.939012e-03
9 28 2 3.055154e-03
10 28 2 1.189834e-03
11 28 2 5.939825e-04
12 28 2 3.703151e-04
1 29 2 3.484714e-04
2 29 2 3.296550e-04
3 29 2 5.251568e-04
4 29 2 1.579059e-03
5 29 2 4.722082e-03
6 29 2 1.162147e-02
7 29 2 1.583112e-02
8 29 2 1.177846e-02
9 29 2 5.409258e-03
10 29 2 2.004872e-03
11 29 2 9.477111e-04
12 29 2 5.916028e-04
1 30 2 7.912643e-05
2 30 2 6.920099e-05
3 30 2 1.099846e-04
4 30 2 3.366317e-04
5 30 2 9.325223e-04
6 30 2 2.536098e-03
7 30 2 3.675953e-03
8 30 2 2.815069e-03
9 30 2 1.273722e-03
10 30 2 4.985577e-04
11 30 2 2.299709e-04
12 30 2 1.377292e-04
1 31 2 1.411659e-04
2 31 2 1.087802e-04
3 31 2 1.652504e-04
4 31 2 4.599467e-04
5 31 2 1.187805e-03
6 31 2 3.127432e-03
7 31 2 4.410373e-03
8 31 2 3.559944e-03
9 31 2 1.780921e-03
10 31 2 8.155739e-04
11 31 2 3.915751e-04
12 31 2 2.182038e-04
1 32 2 1.667830e-04
2 32 2 1.380643e-04
3 32 2 1.929900e-04
4 32 2 4.288315e-04
5 32 2 1.145351e-03
6 32 2 2.713112e-03
7 32 2 3.500236e-03
8 32 2 2.891353e-03
9 32 2 1.614564e-03
10 32 2 8.323241e-04
11 32 2 4.301111e-04
12 32 2 2.230600e-04
1 35 2 2.407451e-03
2 35 2 2.293938e-03
3 35 2 2.491896e-03
4 35 2 3.320676e-03
5 35 2 5.205602e-03
6 35 2 7.950091e-03
7 35 2 9.566400e-03
8 35 2 8.784490e-03
9 35 2 5.970278e-03
10 35 2 4.316503e-03
11 35 2 3.269521e-03
12 35 2 2.656189e-03
1 36 2 2.888825e-04
2 36 2 2.712045e-04
3 36 2 3.005748e-04
4 36 2 3.610166e-04
5 36 2 4.937502e-04
6 36 2 7.122755e-04
7 36 2 8.388593e-04
8 36 2 8.545687e-04
9 36 2 6.523177e-04
10 36 2 5.110647e-04
11 36 2 3.911617e-04
12 36 2 3.241106e-04
1 37 2 2.601192e-02
2 37 2 2.517592e-02
3 37 2 3.172283e-02
4 37 2 4.079131e-02
5 37 2 6.166866e-02
6 37 2 9.353390e-02
7 37 2 1.087847e-01
8 37 2 1.069380e-01
9 37 2 7.869639e-02
10 37 2 5.900853e-02
11 37 2 4.158988e-02
12 37 2 3.186139e-02
1 38 2 4.368863e-02
2 38 2 4.364946e-02
3 38 2 6.649419e-02
4 38 2 9.858860e-02
5 38 2 1.799972e-01
6 38 2 3.193914e-01
7 38 2 3.786260e-01
8 38 2 3.283788e-01
9 38 2 2.121076e-01
10 38 2 1.449754e-01
11 38 2 8.284178e-02
12 38 2 5.978182e-02
1 39 2 1.649360e-03
2 39 2 1.718301e-03
3 39 2 2.783292e-03
4 39 2 4.297635e-03
5 39 2 8.338835e-03
6 39 2 1.612107e-02
7 39 2 2.001786e-02
8 39 2 1.620681e-02
9 39 2 1.021535e-02
10 39 2 6.450874e-03
11 39 2 3.265293e-03
12 39 2 2.383427e-03
1 40 2 2.818351e-04
2 40 2 3.092220e-04
3 40 2 5.514929e-04
4 40 2 9.273791e-04
5 40 2 2.027297e-03
6 40 2 4.602858e-03
7 40 2 5.758886e-03
8 40 2 4.224574e-03
9 40 2 2.602294e-03
10 40 2 1.402141e-03
11 40 2 6.006366e-04
12 40 2 4.474555e-04
1 41 2 1.500182e-04
2 41 2 1.603770e-04
3 41 2 3.213902e-04
4 41 2 5.724186e-04
5 41 2 1.435710e-03
6 41 2 3.643261e-03
7 41 2 4.710520e-03
8 41 2 3.303937e-03
9 41 2 1.846393e-03
10 41 2 8.002439e-04
11 41 2 3.074322e-04
12 41 2 2.562408e-04
1 42 2 8.123402e-05
2 42 2 8.497241e-05
3 42 2 1.832418e-04
4 42 2 3.614797e-04
5 42 2 1.027626e-03
6 42 2 2.850327e-03
7 42 2 3.990123e-03
8 42 2 2.664667e-03
9 42 2 1.261859e-03
10 42 2 4.516060e-04
11 42 2 1.683673e-04
12 42 2 1.381209e-04
1 43 2 2.277156e-06
2 43 2 2.361117e-06
3 43 2 5.571011e-06
4 43 2 1.359343e-05
5 43 2 4.549971e-05
6 43 2 1.341857e-04
7 43 2 1.961610e-04
8 43 2 1.231362e-04
9 43 2 5.035271e-05
10 43 2 1.545956e-05
11 43 2 5.272042e-06
12 43 2 3.694160e-06
1 44 2 9.409512e-06
2 44 2 9.454440e-06
3 44 2 2.056486e-05
4 44 2 5.559659e-05
5 44 2 2.077072e-04
6 44 2 6.545541e-04
7 44 2 9.566668e-04
8 44 2 5.768642e-04
9 44 2 2.079509e-04
10 44 2 6.161162e-05
11 44 2 2.022111e-05
12 44 2 1.367174e-05
1 45 2 2.161487e-05
2 45 2 2.422396e-05
3 45 2 4.414025e-05
4 45 2 1.301731e-04
5 45 2 5.451396e-04
6 45 2 1.808830e-03
7 45 2 2.530530e-03
8 45 2 1.540837e-03
9 45 2 5.298590e-04
10 45 2 1.352841e-04
11 45 2 3.921303e-05
12 45 2 2.562770e-05
1 46 2 9.813035e-06
2 46 2 1.234504e-05
3 46 2 1.940547e-05
4 46 2 5.388702e-05
5 46 2 2.116121e-04
6 46 2 6.563970e-04
7 46 2 9.182531e-04
8 46 2 5.753880e-04
9 46 2 2.161321e-04
10 46 2 5.238786e-05
11 46 2 1.440349e-05
12 46 2 1.027170e-05
1 47 2 1.288603e-05
2 47 2 1.639925e-05
3 47 2 2.310911e-05
4 47 2 5.177659e-05
5 47 2 1.764805e-04
6 47 2 4.862034e-04
7 47 2 6.593957e-04
8 47 2 4.471175e-04
9 47 2 1.894126e-04
10 47 2 5.842211e-05
11 47 2 1.723605e-05
12 47 2 1.310169e-05
1 48 2 1.744698e-05
2 48 2 2.004201e-05
3 48 2 2.756666e-05
4 48 2 5.383187e-05
5 48 2 1.670506e-04
6 48 2 3.842450e-04
7 48 2 5.106260e-04
8 48 2 3.592546e-04
9 48 2 1.710197e-04
10 48 2 6.376219e-05
11 48 2 2.295359e-05
12 48 2 1.522142e-05
1 49 2 8.439339e-04
2 49 2 7.679054e-04
3 49 2 8.710300e-04
4 49 2 1.019463e-03
5 49 2 1.458050e-03
6 49 2 2.218338e-03
7 49 2 3.308287e-03
8 49 2 3.110979e-03
9 49 2 2.169872e-03
10 49 2 1.552752e-03
11 49 2 1.133635e-03
12 49 2 8.269845e-04
1 50 2 3.444246e-03
2 50 2 2.973070e-03
3 50 2 3.484898e-03
4 50 2 3.972422e-03
5 50 2 5.590907e-03
6 50 2 8.204579e-03
7 50 2 1.132353e-02
8 50 2 1.088942e-02
9 50 2 7.884927e-03
10 50 2 5.620707e-03
11 50 2 4.208116e-03
12 50 2 3.313432e-03
1 51 2 1.322797e-03
2 51 2 1.207260e-03
3 51 2 1.311821e-03
4 51 2 1.514276e-03
5 51 2 2.063996e-03
6 51 2 2.894590e-03
7 51 2 3.772074e-03
8 51 2 3.740752e-03
9 51 2 3.108017e-03
10 51 2 2.186099e-03
11 51 2 1.638401e-03
12 51 2 1.373030e-03
1 52 2 4.838125e-01
2 52 2 5.085285e-01
3 52 2 6.388274e-01
4 52 2 9.313233e-01
5 52 2 1.574990e+00
6 52 2 2.167539e+00
7 52 2 2.780272e+00
8 52 2 2.600506e+00
9 52 2 2.099225e+00
10 52 2 1.199214e+00
11 52 2 7.218094e-01
12 52 2 5.566251e-01
1 53 2 1.267361e-01
2 53 2 1.590076e-01
3 53 2 2.693923e-01
4 53 2 5.880029e-01
5 53 2 1.119737e+00
6 53 2 1.672053e+00
7 53 2 2.321008e+00
8 53 2 1.977769e+00
9 53 2 1.338569e+00
10 53 2 5.903654e-01
11 53 2 2.633189e-01
12 53 2 1.668232e-01
1 54 2 6.761524e-02
2 54 2 8.771428e-02
3 54 2 1.640293e-01
4 54 2 4.075965e-01
5 54 2 8.028382e-01
6 54 2 1.550717e+00
7 54 2 2.202867e+00
8 54 2 1.847161e+00
9 54 2 1.120274e+00
10 54 2 4.764496e-01
11 54 2 2.042281e-01
12 54 2 1.126562e-01
1 55 2 4.413223e-02
2 55 2 4.921920e-02
3 55 2 9.181707e-02
4 55 2 2.149943e-01
5 55 2 4.266359e-01
6 55 2 9.111228e-01
7 55 2 1.266530e+00
8 55 2 1.092272e+00
9 55 2 6.926481e-01
10 55 2 3.321137e-01
11 55 2 1.553833e-01
12 55 2 8.897292e-02
1 56 2 1.544000e-01
2 56 2 1.602335e-01
3 56 2 2.775286e-01
4 56 2 6.188493e-01
5 56 2 1.352722e+00
6 56 2 2.666512e+00
7 56 2 3.686687e+00
8 56 2 3.059763e+00
9 56 2 1.999934e+00
10 56 2 1.030438e+00
11 56 2 4.645599e-01
12 56 2 2.664296e-01
1 57 2 3.110940e-02
2 57 2 2.968145e-02
3 57 2 3.650650e-02
4 57 2 5.541115e-02
5 57 2 9.271154e-02
6 57 2 1.508532e-01
7 57 2 2.148167e-01
8 57 2 1.936024e-01
9 57 2 1.440403e-01
10 57 2 9.252397e-02
11 57 2 5.657890e-02
12 57 2 4.066070e-02
1 60 2 1.852846e+00
2 60 2 1.794314e+00
3 60 2 2.057722e+00
4 60 2 2.440428e+00
5 60 2 3.008854e+00
6 60 2 3.959632e+00
7 60 2 4.609803e+00
8 60 2 4.611742e+00
9 60 2 3.913726e+00
10 60 2 3.194901e+00
11 60 2 2.555174e+00
12 60 2 2.117977e+00
1 61 2 3.484716e+00
2 61 2 3.505677e+00
3 61 2 4.930675e+00
4 61 2 7.426636e+00
5 61 2 1.083320e+01
6 61 2 1.526222e+01
7 61 2 1.806136e+01
8 61 2 1.737652e+01
9 61 2 1.350201e+01
10 61 2 9.184152e+00
11 61 2 5.991379e+00
12 61 2 4.202303e+00
1 62 2 5.059183e-01
2 62 2 5.540996e-01
3 62 2 8.722541e-01
4 62 2 1.579046e+00
5 62 2 2.708404e+00
6 62 2 3.842087e+00
7 62 2 4.698096e+00
8 62 2 4.385503e+00
9 62 2 3.055916e+00
10 62 2 1.822362e+00
11 62 2 9.896230e-01
12 62 2 6.440183e-01
1 63 2 1.743536e-02
2 63 2 2.116578e-02
3 63 2 3.541592e-02
4 63 2 7.448863e-02
5 63 2 1.429559e-01
6 63 2 2.125268e-01
7 63 2 2.717704e-01
8 63 2 2.364935e-01
9 63 2 1.444428e-01
10 63 2 7.888178e-02
11 63 2 3.643608e-02
12 63 2 2.385260e-02
1 64 2 4.161863e-03
2 64 2 5.331780e-03
3 64 2 1.015300e-02
4 64 2 2.404906e-02
5 64 2 5.150551e-02
6 64 2 8.250003e-02
7 64 2 1.045706e-01
8 64 2 8.175084e-02
9 64 2 4.680932e-02
10 64 2 2.069337e-02
11 64 2 9.455852e-03
12 64 2 6.471185e-03
1 65 2 1.406473e-03
2 65 2 1.744035e-03
3 65 2 3.820853e-03
4 65 2 1.077494e-02
5 65 2 2.259161e-02
6 65 2 3.839529e-02
7 65 2 4.976575e-02
8 65 2 3.714246e-02
9 65 2 2.106603e-02
10 65 2 7.475413e-03
11 65 2 3.290823e-03
12 65 2 2.384855e-03
1 66 2 9.637669e-04
2 66 2 1.191517e-03
3 66 2 2.832576e-03
4 66 2 9.292742e-03
5 66 2 1.932227e-02
6 66 2 3.322551e-02
7 66 2 4.582351e-02
8 66 2 3.464262e-02
9 66 2 1.959677e-02
10 66 2 6.492635e-03
11 66 2 2.488075e-03
12 66 2 1.543304e-03
1 67 2 4.290359e-04
2 67 2 5.720994e-04
3 67 2 1.454852e-03
4 67 2 5.374351e-03
5 67 2 1.219409e-02
6 67 2 2.079711e-02
7 67 2 2.907666e-02
8 67 2 2.237687e-02
9 67 2 1.223859e-02
10 67 2 4.500701e-03
11 67 2 1.423156e-03
12 67 2 6.405548e-04
1 68 2 1.775006e-04
2 68 2 2.383356e-04
3 68 2 7.078433e-04
4 68 2 3.253621e-03
5 68 2 8.866534e-03
6 68 2 1.699103e-02
7 68 2 2.436192e-02
8 68 2 1.811878e-02
9 68 2 8.695381e-03
10 68 2 3.194579e-03
11 68 2 7.284772e-04
12 68 2 2.534848e-04
1 69 2 3.393028e-04
2 69 2 4.810684e-04
3 69 2 1.150442e-03
4 69 2 5.044758e-03
5 69 2 1.617625e-02
6 69 2 3.828292e-02
7 69 2 5.608417e-02
8 69 2 4.317346e-02
9 69 2 1.854704e-02
10 69 2 6.030780e-03
11 69 2 1.168548e-03
12 69 2 4.394497e-04
1 70 2 7.024044e-04
2 70 2 8.209764e-04
3 70 2 1.176435e-03
4 70 2 3.069260e-03
5 70 2 7.696727e-03
6 70 2 1.868984e-02
7 70 2 3.025293e-02
8 70 2 2.757264e-02
9 70 2 1.423666e-02
10 70 2 5.074645e-03
11 70 2 1.543404e-03
12 70 2 8.688248e-04
1 71 2 1.635676e-04
2 71 2 1.659828e-04
3 71 2 1.878222e-04
4 71 2 3.013978e-04
5 71 2 5.836956e-04
6 71 2 1.217644e-03
7 71 2 1.868701e-03
8 71 2 1.857958e-03
9 71 2 1.192048e-03
10 71 2 5.677566e-04
11 71 2 2.712318e-04
12 71 2 1.883796e-04
1 72 2 6.878928e-07
2 72 2 6.569975e-07
3 72 2 7.117887e-07
4 72 2 9.075374e-07
5 72 2 1.412061e-06
6 72 2 2.457034e-06
7 72 2 3.805664e-06
8 72 2 3.660156e-06
9 72 2 2.560768e-06
10 72 2 1.552704e-06
11 72 2 9.566800e-07
12 72 2 6.831952e-07
1 76 2 1.204367e+00
2 76 2 1.101872e+00
3 76 2 1.112961e+00
4 76 2 1.210637e+00
5 76 2 1.645881e+00
6 76 2 2.346922e+00
7 76 2 3.147092e+00
8 76 2 3.358524e+00
9 76 2 3.200020e+00
10 76 2 2.136974e+00
11 76 2 1.379507e+00
12 76 2 1.206498e+00
1 77 2 1.150048e+00
2 77 2 1.493328e+00
3 77 2 1.956170e+00
4 77 2 3.161600e+00
5 77 2 5.308455e+00
6 77 2 8.195700e+00
7 77 2 1.113574e+01
8 77 2 1.056963e+01
9 77 2 7.829532e+00
10 77 2 3.955572e+00
11 77 2 1.735717e+00
12 77 2 1.094014e+00
1 78 2 1.341902e+00
2 78 2 1.833520e+00
3 78 2 2.553287e+00
4 78 2 4.579589e+00
5 78 2 7.161154e+00
6 78 2 1.136943e+01
7 78 2 1.403430e+01
8 78 2 1.314142e+01
9 78 2 8.520753e+00
10 78 2 4.518722e+00
11 78 2 2.440207e+00
12 78 2 1.408814e+00
1 79 2 4.309483e+00
2 79 2 5.287807e+00
3 79 2 7.764026e+00
4 79 2 1.287792e+01
5 79 2 1.956514e+01
6 79 2 3.196299e+01
7 79 2 3.916666e+01
8 79 2 3.710346e+01
9 79 2 2.562016e+01
10 79 2 1.546549e+01
11 79 2 8.811440e+00
12 79 2 5.397726e+00
1 80 2 2.102787e+00
2 80 2 2.106892e+00
3 80 2 2.647442e+00
4 80 2 3.579646e+00
5 80 2 5.338723e+00
6 80 2 8.122675e+00
7 80 2 1.045918e+01
8 80 2 1.035441e+01
9 80 2 8.593973e+00
10 80 2 6.025272e+00
11 80 2 3.514904e+00
12 80 2 2.598099e+00
1 81 2 4.706981e-07
2 81 2 4.265659e-07
3 81 2 4.492897e-07
4 81 2 5.327475e-07
5 81 2 7.671516e-07
6 81 2 1.033715e-06
7 81 2 1.379314e-06
8 81 2 1.479974e-06
9 81 2 1.345758e-06
10 81 2 1.032591e-06
11 81 2 6.825820e-07
12 81 2 5.588272e-07
1 84 2 5.018215e-01
2 84 2 5.305516e-01
3 84 2 6.561861e-01
4 84 2 8.292141e-01
5 84 2 1.111726e+00
6 84 2 1.821644e+00
7 84 2 2.439770e+00
8 84 2 2.337905e+00
9 84 2 1.754240e+00
10 84 2 1.107101e+00
11 84 2 7.437251e-01
12 84 2 5.681256e-01
1 85 2 7.530558e-01
2 85 2 8.480003e-01
3 85 2 1.102537e+00
4 85 2 1.601884e+00
5 85 2 2.564267e+00
6 85 2 3.917319e+00
7 85 2 5.419975e+00
8 85 2 5.156069e+00
9 85 2 3.712720e+00
10 85 2 2.047958e+00
11 85 2 1.154962e+00
12 85 2 8.380416e-01
1 86 2 2.756108e-01
2 86 2 3.120491e-01
3 86 2 3.987758e-01
4 86 2 5.792318e-01
5 86 2 9.309399e-01
6 86 2 1.350773e+00
7 86 2 1.855604e+00
8 86 2 1.861674e+00
9 86 2 1.377993e+00
10 86 2 7.990831e-01
11 86 2 4.401743e-01
12 86 2 3.145896e-01
1 87 2 7.539124e-02
2 87 2 1.019957e-01
3 87 2 1.456311e-01
4 87 2 2.302096e-01
5 87 2 4.038722e-01
6 87 2 6.070711e-01
7 87 2 8.230006e-01
8 87 2 8.386101e-01
9 87 2 6.079962e-01
10 87 2 3.423180e-01
11 87 2 1.504055e-01
12 87 2 9.142367e-02
1 88 2 4.990917e-02
2 88 2 7.087504e-02
3 88 2 1.111425e-01
4 88 2 2.108810e-01
5 88 2 4.327900e-01
6 88 2 6.802271e-01
7 88 2 8.711254e-01
8 88 2 7.640451e-01
9 88 2 4.937261e-01
10 88 2 2.333258e-01
11 88 2 1.196189e-01
12 88 2 6.644391e-02
1 89 2 1.015933e-02
2 89 2 1.413539e-02
3 89 2 2.682853e-02
4 89 2 5.045988e-02
5 89 2 1.006985e-01
6 89 2 1.504318e-01
7 89 2 1.754885e-01
8 89 2 1.536860e-01
9 89 2 1.002963e-01
10 89 2 4.772806e-02
11 89 2 2.626237e-02
12 89 2 1.453633e-02
1 90 2 6.572276e-03
2 90 2 8.662042e-03
3 90 2 1.718889e-02
4 90 2 3.085041e-02
5 90 2 4.736900e-02
6 90 2 6.270082e-02
7 90 2 7.041689e-02
8 90 2 6.515512e-02
9 90 2 4.748226e-02
10 90 2 2.832115e-02
11 90 2 1.561496e-02
12 90 2 8.889253e-03
1 91 2 2.567347e-03
2 91 2 3.632682e-03
3 91 2 7.589477e-03
4 91 2 1.434173e-02
5 91 2 2.116615e-02
6 91 2 2.690415e-02
7 91 2 3.020945e-02
8 91 2 2.770496e-02
9 91 2 1.992044e-02
10 91 2 1.233080e-02
11 91 2 6.390798e-03
12 91 2 3.280758e-03
1 92 2 1.511422e-02
2 92 2 2.158974e-02
3 92 2 5.412003e-02
4 92 2 1.291179e-01
5 92 2 2.434975e-01
6 92 2 3.731239e-01
7 92 2 4.478850e-01
8 92 2 4.076471e-01
9 92 2 2.550280e-01
10 92 2 1.355392e-01
11 92 2 5.315856e-02
12 92 2 2.281967e-02
1 93 2 1.000141e-01
2 93 2 1.206759e-01
3 93 2 2.481161e-01
4 93 2 5.782621e-01
5 93 2 1.031587e+00
6 93 2 1.637056e+00
7 93 2 2.196025e+00
8 93 2 2.158880e+00
9 93 2 1.452073e+00
10 93 2 8.362178e-01
11 93 2 3.581140e-01
12 93 2 1.491617e-01
1 94 2 3.445832e-01
2 94 2 3.428460e-01
3 94 2 4.577823e-01
4 94 2 8.112746e-01
5 94 2 1.384796e+00
6 94 2 2.180532e+00
7 94 2 3.012396e+00
8 94 2 3.282844e+00
9 94 2 2.704128e+00
10 94 2 1.632207e+00
11 94 2 8.760459e-01
12 94 2 4.786505e-01
1 98 2 1.526502e-01
2 98 2 1.420971e-01
3 98 2 1.338064e-01
4 98 2 1.424653e-01
5 98 2 1.616883e-01
6 98 2 1.850192e-01
7 98 2 2.081086e-01
8 98 2 2.193364e-01
9 98 2 2.164359e-01
10 98 2 2.045897e-01
11 98 2 1.840270e-01
12 98 2 1.674665e-01
1 101 2 3.369851e-02
2 101 2 3.462637e-02
3 101 2 3.548306e-02
4 101 2 4.375600e-02
5 101 2 5.627108e-02
6 101 2 6.570235e-02
7 101 2 7.013350e-02
8 101 2 7.027622e-02
9 101 2 6.756122e-02
10 101 2 5.792682e-02
11 101 2 4.454414e-02
12 101 2 3.572758e-02
1 102 2 8.974024e-01
2 102 2 1.014390e+00
3 102 2 1.246704e+00
4 102 2 1.559376e+00
5 102 2 1.804567e+00
6 102 2 1.970008e+00
7 102 2 2.025483e+00
8 102 2 2.051076e+00
9 102 2 1.848592e+00
10 102 2 1.424157e+00
11 102 2 1.143065e+00
12 102 2 9.368836e-01
1 103 2 1.278427e+00
2 103 2 1.304645e+00
3 103 2 1.421899e+00
4 103 2 1.606692e+00
5 103 2 1.871121e+00
6 103 2 2.141259e+00
7 103 2 2.316570e+00
8 103 2 2.431189e+00
9 103 2 2.384493e+00
10 103 2 2.083840e+00
11 103 2 1.714286e+00
12 103 2 1.425372e+00
1 104 2 5.660701e-02
2 104 2 5.431865e-02
3 104 2 5.490886e-02
4 104 2 6.019964e-02
5 104 2 7.039213e-02
6 104 2 8.077837e-02
7 104 2 9.065963e-02
8 104 2 9.793450e-02
9 104 2 9.872280e-02
10 104 2 9.222663e-02
11 104 2 7.586471e-02
12 104 2 6.281589e-02
1 107 2 2.288062e-02
2 107 2 2.413864e-02
3 107 2 2.818272e-02
4 107 2 3.229429e-02
5 107 2 3.621602e-02
6 107 2 4.636521e-02
7 107 2 5.067914e-02
8 107 2 5.047408e-02
9 107 2 4.725129e-02
10 107 2 4.041649e-02
11 107 2 3.212963e-02
12 107 2 2.512658e-02
1 108 2 2.743641e-03
2 108 2 3.506376e-03
3 108 2 5.093386e-03
4 108 2 7.888543e-03
5 108 2 1.224512e-02
6 108 2 1.680682e-02
7 108 2 1.799119e-02
8 108 2 1.590042e-02
9 108 2 1.286595e-02
10 108 2 8.876617e-03
11 108 2 4.623816e-03
12 108 2 2.943510e-03
1 109 2 5.205010e-03
2 109 2 6.875060e-03
3 109 2 1.075304e-02
4 109 2 1.866098e-02
5 109 2 3.179427e-02
6 109 2 4.007829e-02
7 109 2 4.072316e-02
8 109 2 3.743602e-02
9 109 2 3.006220e-02
10 109 2 2.109357e-02
11 109 2 9.381893e-03
12 109 2 5.480554e-03
1 110 2 2.292802e-03
2 110 2 2.920591e-03
3 110 2 4.690618e-03
4 110 2 7.260894e-03
5 110 2 1.126135e-02
6 110 2 1.304119e-02
7 110 2 1.402054e-02
8 110 2 1.386620e-02
9 110 2 1.167502e-02
10 110 2 8.511829e-03
11 110 2 4.117212e-03
12 110 2 2.423436e-03
1 111 2 7.872916e-02
2 111 2 9.846722e-02
3 111 2 1.594163e-01
4 111 2 2.416087e-01
5 111 2 3.651562e-01
6 111 2 4.683050e-01
7 111 2 4.950335e-01
8 111 2 4.903116e-01
9 111 2 4.175432e-01
10 111 2 2.718004e-01
11 111 2 1.464169e-01
12 111 2 8.943413e-02
1 112 2 9.060810e-02
2 112 2 1.168281e-01
3 112 2 2.049497e-01
4 112 2 3.408194e-01
5 112 2 5.182734e-01
6 112 2 6.315773e-01
7 112 2 6.432445e-01
8 112 2 5.995704e-01
9 112 2 4.577060e-01
10 112 2 3.038589e-01
11 112 2 1.743833e-01
12 112 2 1.071916e-01
1 113 2 5.197326e-02
2 113 2 6.584529e-02
3 113 2 1.106205e-01
4 113 2 1.654228e-01
5 113 2 2.035686e-01
6 113 2 1.777455e-01
7 113 2 1.525162e-01
8 113 2 1.456654e-01
9 113 2 1.440699e-01
10 113 2 1.315496e-01
11 113 2 9.201070e-02
12 113 2 6.214494e-02
1 114 2 1.418002e-01
2 114 2 1.922883e-01
3 114 2 3.425945e-01
4 114 2 4.993946e-01
5 114 2 5.761545e-01
6 114 2 4.217776e-01
7 114 2 3.483597e-01
8 114 2 3.193139e-01
9 114 2 3.081493e-01
10 114 2 2.757993e-01
11 114 2 2.102477e-01
12 114 2 1.557383e-01
1 115 2 5.793414e-02
2 115 2 8.428899e-02
3 115 2 1.336118e-01
4 115 2 1.656235e-01
5 115 2 1.479096e-01
6 115 2 1.373292e-01
7 115 2 1.324515e-01
8 115 2 1.270778e-01
9 115 2 1.168737e-01
10 115 2 1.044445e-01
11 115 2 7.934051e-02
12 115 2 5.692085e-02
1 116 2 7.360046e-02
2 116 2 9.421758e-02
3 116 2 1.440811e-01
4 116 2 2.039416e-01
5 116 2 2.371969e-01
6 116 2 2.701071e-01
7 116 2 2.831758e-01
8 116 2 2.710620e-01
9 116 2 2.195904e-01
10 116 2 1.755576e-01
11 116 2 1.275392e-01
12 116 2 8.401735e-02
1 117 2 1.685536e-02
2 117 2 1.760121e-02
3 117 2 2.222871e-02
4 117 2 3.042824e-02
5 117 2 3.874789e-02
6 117 2 4.590769e-02
7 117 2 4.887351e-02
8 117 2 4.880942e-02
9 117 2 4.453564e-02
10 117 2 3.812520e-02
11 117 2 3.077703e-02
12 117 2 2.223293e-02
1 126 2 6.208023e-04
2 126 2 6.452604e-04
3 126 2 6.993741e-04
4 126 2 7.384964e-04
5 126 2 7.296413e-04
6 126 2 6.781198e-04
7 126 2 6.536681e-04
8 126 2 6.600543e-04
9 126 2 6.565601e-04
10 126 2 6.451753e-04
11 126 2 6.304164e-04
12 126 2 6.208714e-04
1 127 2 6.261513e-02
2 127 2 6.368087e-02
3 127 2 6.721379e-02
4 127 2 6.978219e-02
5 127 2 7.073289e-02
6 127 2 6.851375e-02
7 127 2 6.853266e-02
8 127 2 7.010538e-02
9 127 2 6.935805e-02
10 127 2 6.657833e-02
11 127 2 6.452265e-02
12 127 2 6.372398e-02
1 128 2 2.837735e-01
2 128 2 2.914328e-01
3 128 2 2.991743e-01
4 128 2 2.920450e-01
5 128 2 2.840877e-01
6 128 2 2.755540e-01
7 128 2 2.936897e-01
8 128 2 3.339265e-01
9 128 2 3.511206e-01
10 128 2 3.316499e-01
11 128 2 3.015872e-01
12 128 2 2.841551e-01
1 129 2 8.093814e-03
2 129 2 7.982685e-03
3 129 2 8.184017e-03
4 129 2 8.421355e-03
5 129 2 8.551294e-03
6 129 2 8.782627e-03
7 129 2 9.176978e-03
8 129 2 1.000289e-02
9 129 2 1.045091e-02
10 129 2 1.049696e-02
11 129 2 9.584080e-03
12 129 2 8.514287e-03
1 133 2 1.737076e-01
2 133 2 2.019608e-01
3 133 2 2.424431e-01
4 133 2 2.489249e-01
5 133 2 2.374489e-01
6 133 2 2.182476e-01
7 133 2 1.947880e-01
8 133 2 1.823969e-01
9 133 2 1.901993e-01
10 133 2 2.025696e-01
11 133 2 1.932546e-01
12 133 2 1.690979e-01
1 135 2 7.517082e-03
2 135 2 8.469121e-03
3 135 2 1.007172e-02
4 135 2 1.084677e-02
5 135 2 1.042271e-02
6 135 2 9.298124e-03
7 135 2 8.032658e-03
8 135 2 8.113047e-03
9 135 2 8.621040e-03
10 135 2 8.107587e-03
11 135 2 7.771050e-03
12 135 2 7.299840e-03
1 136 2 8.407951e-03
2 136 2 8.653483e-03
3 136 2 1.070165e-02
4 136 2 1.300994e-02
5 136 2 1.424647e-02
6 136 2 1.299822e-02
7 136 2 1.150190e-02
8 136 2 1.147552e-02
9 136 2 1.153484e-02
10 136 2 1.085080e-02
11 136 2 1.025937e-02
12 136 2 9.110450e-03
1 137 2 2.044195e-03
2 137 2 2.144572e-03
3 137 2 2.458796e-03
4 137 2 2.701856e-03
5 137 2 2.666895e-03
6 137 2 2.453811e-03
7 137 2 2.270037e-03
8 137 2 2.190358e-03
9 137 2 2.191734e-03
10 137 2 2.283282e-03
11 137 2 2.257453e-03
12 137 2 2.128576e-03
1 138 2 8.173972e-02
2 138 2 8.988585e-02
3 138 2 1.042809e-01
4 138 2 1.160581e-01
5 138 2 1.170955e-01
6 138 2 1.029152e-01
7 138 2 9.534108e-02
8 138 2 9.194464e-02
9 138 2 9.219551e-02
10 138 2 9.273274e-02
11 138 2 8.995253e-02
12 138 2 8.342344e-02
1 139 2 1.380956e-01
2 139 2 1.572654e-01
3 139 2 1.757286e-01
4 139 2 1.844396e-01
5 139 2 1.818404e-01
6 139 2 1.693428e-01
7 139 2 1.602239e-01
8 139 2 1.542420e-01
9 139 2 1.522427e-01
10 139 2 1.534247e-01
11 139 2 1.459953e-01
12 139 2 1.336392e-01
1 140 2 4.572675e-02
2 140 2 4.728316e-02
3 140 2 5.135318e-02
4 140 2 5.818230e-02
5 140 2 6.178128e-02
6 140 2 5.934103e-02
7 140 2 5.618631e-02
8 140 2 5.419122e-02
9 140 2 5.340120e-02
10 140 2 5.369634e-02
11 140 2 5.256224e-02
12 140 2 4.900406e-02
1 141 2 7.171833e-02
2 141 2 7.097626e-02
3 141 2 7.300921e-02
4 141 2 8.012700e-02
5 141 2 8.646766e-02
6 141 2 8.550239e-02
7 141 2 8.319030e-02
8 141 2 8.066930e-02
9 141 2 7.998563e-02
10 141 2 8.017367e-02
11 141 2 8.097390e-02
12 141 2 7.861934e-02
1 150 2 8.299300e-05
2 150 2 9.084888e-05
3 150 2 9.724340e-05
4 150 2 9.943933e-05
5 150 2 9.304490e-05
6 150 2 8.206142e-05
7 150 2 7.486290e-05
8 150 2 7.305512e-05
9 150 2 7.069328e-05
10 150 2 6.908489e-05
11 150 2 7.042806e-05
12 150 2 7.493344e-05
1 151 2 5.384262e-02
2 151 2 5.726791e-02
3 151 2 6.072097e-02
4 151 2 6.215274e-02
5 151 2 6.013710e-02
6 151 2 5.660763e-02
7 151 2 5.535685e-02
8 151 2 5.749407e-02
9 151 2 5.473946e-02
10 151 2 5.136732e-02
11 151 2 4.986110e-02
12 151 2 5.110500e-02
1 152 2 4.266686e-02
2 152 2 4.321839e-02
3 152 2 4.361848e-02
4 152 2 4.144882e-02
5 152 2 3.984342e-02
6 152 2 3.913184e-02
7 152 2 4.473815e-02
8 152 2 5.965294e-02
9 152 2 6.332812e-02
10 152 2 5.397515e-02
11 152 2 4.628592e-02
12 152 2 4.280497e-02
1 153 2 4.944826e-02
2 153 2 5.064771e-02
3 153 2 5.343682e-02
4 153 2 5.241447e-02
5 153 2 5.061674e-02
6 153 2 4.969549e-02
7 153 2 5.801042e-02
8 153 2 7.580917e-02
9 153 2 9.220509e-02
10 153 2 8.241241e-02
11 153 2 6.234076e-02
12 153 2 5.201493e-02
1 154 2 1.345037e-01
2 154 2 1.337739e-01
3 154 2 1.392089e-01
4 154 2 1.333880e-01
5 154 2 1.247299e-01
6 154 2 1.121960e-01
7 154 2 1.059425e-01
8 154 2 1.103637e-01
9 154 2 1.244336e-01
10 154 2 1.398411e-01
11 154 2 1.473769e-01
12 154 2 1.425065e-01
1 157 2 5.354949e-03
2 157 2 5.560580e-03
3 157 2 5.953397e-03
4 157 2 5.869530e-03
5 157 2 5.721105e-03
6 157 2 5.378822e-03
7 157 2 5.132163e-03
8 157 2 5.080431e-03
9 157 2 5.043712e-03
10 157 2 5.131655e-03
11 157 2 5.168445e-03
12 157 2 5.235894e-03
1 163 2 2.493614e-02
2 163 2 2.527025e-02
3 163 2 2.602014e-02
4 163 2 2.758152e-02
5 163 2 2.760844e-02
6 163 2 2.552508e-02
7 163 2 2.359786e-02
8 163 2 2.215885e-02
9 163 2 2.247616e-02
10 163 2 2.377891e-02
11 163 2 2.470846e-02
12 163 2 2.490206e-02
1 164 2 9.437408e-02
2 164 2 9.356715e-02
3 164 2 9.617175e-02
4 164 2 1.006583e-01
5 164 2 9.947423e-02
6 164 2 9.200599e-02
7 164 2 8.515966e-02
8 164 2 8.318531e-02
9 164 2 8.907451e-02
10 164 2 9.758507e-02
11 164 2 9.955584e-02
12 164 2 9.789801e-02
1 165 2 4.446316e-02
2 165 2 4.357704e-02
3 165 2 4.412487e-02
4 165 2 4.510086e-02
5 165 2 4.460583e-02
6 165 2 4.104368e-02
7 165 2 3.869858e-02
8 165 2 3.916997e-02
9 165 2 4.175097e-02
10 165 2 4.464083e-02
11 165 2 4.696029e-02
12 165 2 4.701561e-02
1 166 2 1.954898e-02
2 166 2 1.935382e-02
3 166 2 1.903406e-02
4 166 2 1.894476e-02
5 166 2 1.832444e-02
6 166 2 1.694706e-02
7 166 2 1.600315e-02
8 166 2 1.612255e-02
9 166 2 1.672595e-02
10 166 2 1.759447e-02
11 166 2 1.896942e-02
12 166 2 1.992520e-02
1 170 2 8.234914e-04
2 170 2 9.056774e-04
3 170 2 8.898230e-04
4 170 2 8.088016e-04
5 170 2 6.739733e-04
6 170 2 5.666938e-04
7 170 2 5.360037e-04
8 170 2 5.117109e-04
9 170 2 5.203174e-04
10 170 2 5.793698e-04
11 170 2 6.392267e-04
12 170 2 7.361091e-04
1 171 2 2.965259e-03
2 171 2 3.255002e-03
3 171 2 3.294408e-03
4 171 2 2.930981e-03
5 171 2 2.438247e-03
6 171 2 2.089462e-03
7 171 2 1.897007e-03
8 171 2 1.797474e-03
9 171 2 1.823663e-03
10 171 2 1.983636e-03
11 171 2 2.264005e-03
12 171 2 2.674704e-03
1 175 2 8.533638e-05
2 175 2 9.022044e-05
3 175 2 9.047923e-05
4 175 2 8.474457e-05
5 175 2 7.362968e-05
6 175 2 6.709530e-05
7 175 2 6.570314e-05
8 175 2 6.514840e-05
9 175 2 6.059512e-05
10 175 2 6.125309e-05
11 175 2 6.403953e-05
12 175 2 7.470248e-05
1 176 2 6.171169e-02
2 176 2 6.217438e-02
3 176 2 6.086851e-02
4 176 2 5.376012e-02
5 176 2 4.348954e-02
6 176 2 3.940968e-02
7 176 2 3.933781e-02
8 176 2 4.487921e-02
9 176 2 4.887810e-02
10 176 2 5.216484e-02
11 176 2 5.568208e-02
12 176 2 5.914803e-02
1 177 2 2.708057e-01
2 177 2 2.631492e-01
3 177 2 2.484619e-01
4 177 2 2.172633e-01
5 177 2 1.776622e-01
6 177 2 1.517085e-01
7 177 2 1.578504e-01
8 177 2 1.891338e-01
9 177 2 2.377116e-01
10 177 2 2.472110e-01
11 177 2 2.522252e-01
12 177 2 2.527406e-01
1 178 2 9.851892e-02
2 178 2 9.736749e-02
3 178 2 9.333386e-02
4 178 2 7.822878e-02
5 178 2 6.811416e-02
6 178 2 5.757162e-02
7 178 2 5.483332e-02
8 178 2 5.523688e-02
9 178 2 6.299627e-02
10 178 2 6.778220e-02
11 178 2 7.655614e-02
12 178 2 8.499341e-02
1 181 2 1.202049e-03
2 181 2 1.269629e-03
3 181 2 1.287113e-03
4 181 2 1.230652e-03
5 181 2 1.014904e-03
6 181 2 8.775846e-04
7 181 2 7.759655e-04
8 181 2 7.941374e-04
9 181 2 8.603673e-04
10 181 2 9.316171e-04
11 181 2 1.055069e-03
12 181 2 1.123343e-03
1 182 2 1.437168e-01
2 182 2 1.328386e-01
3 182 2 1.252608e-01
4 182 2 1.046351e-01
5 182 2 8.193857e-02
6 182 2 6.128515e-02
7 182 2 6.076409e-02
8 182 2 8.443923e-02
9 182 2 1.171685e-01
10 182 2 1.437030e-01
11 182 2 1.588214e-01
12 182 2 1.524451e-01
1 183 2 3.058576e-02
2 183 2 2.938274e-02
3 183 2 2.805134e-02
4 183 2 2.543490e-02
5 183 2 2.140049e-02
6 183 2 1.736903e-02
7 183 2 1.616006e-02
8 183 2 1.918946e-02
9 183 2 2.231211e-02
10 183 2 2.639520e-02
11 183 2 2.873635e-02
12 183 2 2.955720e-02
1 184 2 9.538952e-03
2 184 2 9.665417e-03
3 184 2 9.360804e-03
4 184 2 8.424118e-03
5 184 2 7.003366e-03
6 184 2 5.660040e-03
7 184 2 5.103933e-03
8 184 2 5.330559e-03
9 184 2 5.646836e-03
10 184 2 6.484680e-03
11 184 2 7.587512e-03
12 184 2 8.648085e-03
1 188 2 2.193367e-02
2 188 2 2.174243e-02
3 188 2 2.015329e-02
4 188 2 1.645653e-02
5 188 2 1.163082e-02
6 188 2 8.846812e-03
7 188 2 7.612609e-03
8 188 2 7.743751e-03
9 188 2 1.048887e-02
10 188 2 1.378385e-02
11 188 2 1.641520e-02
12 188 2 2.047417e-02
1 189 2 1.914225e-02
2 189 2 1.769130e-02
3 189 2 1.604758e-02
4 189 2 1.186155e-02
5 189 2 7.853407e-03
6 189 2 5.553634e-03
7 189 2 5.280319e-03
8 189 2 6.485980e-03
9 189 2 1.043383e-02
10 189 2 1.485625e-02
11 189 2 1.807016e-02
12 189 2 1.888323e-02
1 190 2 7.834845e-02
2 190 2 7.423660e-02
3 190 2 6.443753e-02
4 190 2 4.563976e-02
5 190 2 3.184285e-02
6 190 2 2.310017e-02
7 190 2 2.170520e-02
8 190 2 2.616556e-02
9 190 2 3.675245e-02
10 190 2 5.010247e-02
11 190 2 6.565023e-02
12 190 2 7.365835e-02
1 191 2 5.106343e-02
2 191 2 5.291521e-02
3 191 2 5.143384e-02
4 191 2 4.249012e-02
5 191 2 3.494042e-02
6 191 2 2.870295e-02
7 191 2 2.523472e-02
8 191 2 2.562805e-02
9 191 2 2.796073e-02
10 191 2 3.138305e-02
11 191 2 3.859785e-02
12 191 2 4.541002e-02
1 192 2 5.704930e-03
2 192 2 6.165443e-03
3 192 2 6.007045e-03
4 192 2 5.201202e-03
5 192 2 4.395800e-03
6 192 2 3.742847e-03
7 192 2 3.289218e-03
8 192 2 3.056456e-03
9 192 2 3.147069e-03
10 192 2 3.455842e-03
11 192 2 4.125382e-03
12 192 2 4.953681e-03
1 200 2 2.682947e-01
2 200 2 2.760085e-01
3 200 2 2.257144e-01
4 200 2 1.492133e-01
5 200 2 9.766761e-02
6 200 2 7.954123e-02
7 200 2 7.556830e-02
8 200 2 8.149399e-02
9 200 2 9.026902e-02
10 200 2 1.154133e-01
11 200 2 1.603839e-01
12 200 2 2.209763e-01
1 201 2 1.821557e-01
2 201 2 1.879469e-01
3 201 2 1.720543e-01
4 201 2 1.324351e-01
5 201 2 9.980249e-02
6 201 2 8.256935e-02
7 201 2 7.803266e-02
8 201 2 8.071769e-02
9 201 2 7.988636e-02
10 201 2 9.505441e-02
11 201 2 1.211688e-01
12 201 2 1.509120e-01
1 206 2 9.553289e-02
2 206 2 1.031880e-01
3 206 2 9.335750e-02
4 206 2 7.966620e-02
5 206 2 6.588353e-02
6 206 2 5.744488e-02
7 206 2 4.927018e-02
8 206 2 4.837708e-02
9 206 2 5.236769e-02
10 206 2 5.927727e-02
11 206 2 6.948663e-02
12 206 2 8.186246e-02
1 207 2 3.622459e-03
2 207 2 3.955270e-03
3 207 2 3.751094e-03
4 207 2 3.401307e-03
5 207 2 3.016458e-03
6 207 2 2.587203e-03
7 207 2 2.280387e-03
8 207 2 2.245600e-03
9 207 2 2.265667e-03
10 207 2 2.495551e-03
11 207 2 2.689464e-03
12 207 2 3.076580e-03
1 212 2 3.089652e-02
2 212 2 3.298013e-02
3 212 2 2.927309e-02
4 212 2 2.460962e-02
5 212 2 1.918125e-02
6 212 2 1.548086e-02
7 212 2 1.284999e-02
8 212 2 1.241940e-02
9 212 2 1.410504e-02
10 212 2 1.664329e-02
11 212 2 1.974184e-02
12 212 2 2.610248e-02
1 213 2 6.723787e-03
2 213 2 7.348594e-03
3 213 2 6.227644e-03
4 213 2 5.269921e-03
5 213 2 4.066447e-03
6 213 2 3.134659e-03
7 213 2 2.660407e-03
8 213 2 2.597201e-03
9 213 2 3.128439e-03
10 213 2 3.855440e-03
11 213 2 4.734432e-03
12 213 2 5.793608e-03
1 214 2 2.390482e-01
2 214 2 2.534211e-01
3 214 2 2.036081e-01
4 214 2 1.512268e-01
5 214 2 1.117844e-01
6 214 2 8.237997e-02
7 214 2 7.134231e-02
8 214 2 7.354853e-02
9 214 2 9.283932e-02
10 214 2 1.244658e-01
11 214 2 1.703823e-01
12 214 2 2.066441e-01
1 215 2 8.854528e-02
2 215 2 9.108062e-02
3 215 2 8.491874e-02
4 215 2 6.767665e-02
5 215 2 5.497071e-02
6 215 2 4.416781e-02
7 215 2 3.816710e-02
8 215 2 3.826095e-02
9 215 2 4.302701e-02
10 215 2 5.118832e-02
11 215 2 6.445315e-02
12 215 2 7.786295e-02
1 216 2 5.677313e-02
2 216 2 5.927532e-02
3 216 2 5.558564e-02
4 216 2 4.518790e-02
5 216 2 3.618387e-02
6 216 2 3.112782e-02
7 216 2 2.735324e-02
8 216 2 2.615477e-02
9 216 2 2.714021e-02
10 216 2 3.084740e-02
11 216 2 3.710419e-02
12 216 2 4.768559e-02
1 224 2 7.847756e-03
2 224 2 8.579456e-03
3 224 2 7.486621e-03
4 224 2 6.447104e-03
5 224 2 5.206157e-03
6 224 2 4.424224e-03
7 224 2 4.019365e-03
8 224 2 4.198181e-03
9 224 2 4.317350e-03
10 224 2 5.092107e-03
11 224 2 6.080981e-03
12 224 2 7.255090e-03
1 240 2 3.506649e-03
2 240 2 3.576760e-03
3 240 2 3.270860e-03
4 240 2 2.888682e-03
5 240 2 2.510636e-03
6 240 2 2.165511e-03
7 240 2 2.121583e-03
8 240 2 2.187229e-03
9 240 2 2.129136e-03
10 240 2 2.292857e-03
11 240 2 2.519286e-03
12 240 2 3.122217e-03
