1 7 2 2.748605e-06
2 7 2 2.348103e-06
3 7 2 2.567991e-06
4 7 2 6.637204e-06
5 7 2 2.283673e-05
6 7 2 6.150791e-05
7 7 2 8.322201e-05
8 7 2 5.674155e-05
9 7 2 2.453882e-05
10 7 2 1.075775e-05
11 7 2 5.699602e-06
12 7 2 3.362394e-06
1 25 2 3.112114e-04
2 25 2 2.954939e-04
3 25 2 4.163021e-04
4 25 2 7.596589e-04
5 25 2 2.125160e-03
6 25 2 3.853707e-03
7 25 2 4.671821e-03
8 25 2 3.582461e-03
9 25 2 2.024280e-03
10 25 2 9.472897e-04
11 25 2 4.516788e-04
12 25 2 2.615657e-04
1 26 2 1.776052e-03
2 26 2 1.461708e-03
3 26 2 2.417053e-03
4 26 2 5.395061e-03
5 26 2 1.519705e-02
6 26 2 2.902595e-02
7 26 2 3.149307e-02
8 26 2 2.356321e-02
9 26 2 1.288784e-02
10 26 2 5.187858e-03
11 26 2 2.710444e-03
12 26 2 1.675730e-03
1 27 2 7.784483e-03
2 27 2 6.873000e-03
3 27 2 1.204833e-02
4 27 2 3.068562e-02
5 27 2 8.641301e-02
6 27 2 1.786262e-01
7 27 2 2.014601e-01
8 27 2 1.516337e-01
9 27 2 7.835895e-02
10 27 2 2.942568e-02
11 27 2 1.559456e-02
12 27 2 9.646307e-03
1 28 2 2.854819e-04
2 28 2 2.597962e-04
3 28 2 4.369321e-04
4 28 2 1.187686e-03
5 28 2 3.391569e-03
6 28 2 7.261295e-03
7 28 2 8.657151e-03
8 28 2 6.523260e-03
9 28 2 3.355704e-03
10 28 2 1.306884e-03
11 28 2 6.524153e-04
12 28 2 4.067447e-04
1 29 2 3.829479e-04
2 29 2 3.622698e-04
3 29 2 5.771138e-04
4 29 2 1.735285e-03
5 29 2 5.189266e-03
6 29 2 1.277125e-02
7 29 2 1.739739e-02
8 29 2 1.294378e-02
9 29 2 5.944429e-03
10 29 2 2.203227e-03
11 29 2 1.041474e-03
12 29 2 6.501337e-04
1 30 2 8.682054e-05
2 30 2 7.592997e-05
3 30 2 1.206793e-04
4 30 2 3.693652e-04
5 30 2 1.023199e-03
6 30 2 2.782703e-03
7 30 2 4.033396e-03
8 30 2 3.088801e-03
9 30 2 1.397576e-03
10 30 2 5.470366e-04
11 30 2 2.523329e-04
12 30 2 1.511218e-04
1 31 2 1.550160e-04
2 31 2 1.194529e-04
3 31 2 1.814634e-04
4 31 2 5.050729e-04
5 31 2 1.304343e-03
6 31 2 3.434270e-03
7 31 2 4.843083e-03
8 31 2 3.909217e-03
9 31 2 1.955650e-03
10 31 2 8.955914e-04
11 31 2 4.299932e-04
12 31 2 2.396122e-04
1 32 2 1.831094e-04
2 32 2 1.515794e-04
3 32 2 2.118818e-04
4 32 2 4.708099e-04
5 32 2 1.257470e-03
6 32 2 2.978699e-03
7 32 2 3.842875e-03
8 32 2 3.174388e-03
9 32 2 1.772614e-03
10 32 2 9.138004e-04
11 32 2 4.722147e-04
12 32 2 2.448954e-04
1 35 2 2.635262e-03
2 35 2 2.511008e-03
3 35 2 2.727697e-03
4 35 2 3.634903e-03
5 35 2 5.698195e-03
6 35 2 8.702388e-03
7 35 2 1.047164e-02
8 35 2 9.615744e-03
9 35 2 6.535230e-03
10 35 2 4.724963e-03
11 35 2 3.578907e-03
12 35 2 2.907538e-03
1 36 2 3.160293e-04
2 36 2 2.966900e-04
3 36 2 3.288203e-04
4 36 2 3.949420e-04
5 36 2 5.401487e-04
6 36 2 7.792091e-04
7 36 2 9.176882e-04
8 36 2 9.348739e-04
9 36 2 7.136171e-04
10 36 2 5.590903e-04
11 36 2 4.279198e-04
12 36 2 3.545678e-04
1 37 2 2.844566e-02
2 37 2 2.753145e-02
3 37 2 3.469090e-02
4 37 2 4.460784e-02
5 37 2 6.743854e-02
6 37 2 1.022852e-01
7 37 2 1.189629e-01
8 37 2 1.169433e-01
9 37 2 8.605943e-02
10 37 2 6.452952e-02
11 37 2 4.548113e-02
12 37 2 3.484242e-02
1 38 2 4.773815e-02
2 38 2 4.769535e-02
3 38 2 7.265757e-02
4 38 2 1.077268e-01
5 38 2 1.966812e-01
6 38 2 3.489959e-01
7 38 2 4.137210e-01
8 38 2 3.588164e-01
9 38 2 2.317680e-01
10 38 2 1.584132e-01
11 38 2 9.052042e-02
12 38 2 6.532302e-02
1 39 2 1.704012e-03
2 39 2 1.775237e-03
3 39 2 2.875518e-03
4 39 2 4.440039e-03
5 39 2 8.615145e-03
6 39 2 1.665525e-02
7 39 2 2.068116e-02
8 39 2 1.674383e-02
9 39 2 1.055384e-02
10 39 2 6.664626e-03
11 39 2 3.373489e-03
12 39 2 2.462403e-03
1 40 2 2.837557e-04
2 40 2 3.113292e-04
3 40 2 5.552511e-04
4 40 2 9.336988e-04
5 40 2 2.041112e-03
6 40 2 4.634224e-03
7 40 2 5.798130e-03
8 40 2 4.253362e-03
9 40 2 2.620028e-03
10 40 2 1.411696e-03
11 40 2 6.047296e-04
12 40 2 4.505047e-04
1 41 2 1.510647e-04
2 41 2 1.614957e-04
3 41 2 3.236319e-04
4 41 2 5.764114e-04
5 41 2 1.445724e-03
6 41 2 3.668674e-03
7 41 2 4.743377e-03
8 41 2 3.326983e-03
9 41 2 1.859272e-03
10 41 2 8.058259e-04
11 41 2 3.095767e-04
12 41 2 2.580282e-04
1 42 2 8.178831e-05
2 42 2 8.555220e-05
3 42 2 1.844921e-04
4 42 2 3.639462e-04
5 42 2 1.034638e-03
6 42 2 2.869775e-03
7 42 2 4.017349e-03
8 42 2 2.682849e-03
9 42 2 1.270469e-03
10 42 2 4.546874e-04
11 42 2 1.695161e-04
12 42 2 1.390633e-04
1 43 2 2.295398e-06
2 43 2 2.380032e-06
3 43 2 5.615640e-06
4 43 2 1.370233e-05
5 43 2 4.586421e-05
6 43 2 1.352607e-04
7 43 2 1.977324e-04
8 43 2 1.241227e-04
9 43 2 5.075609e-05
10 43 2 1.558341e-05
11 43 2 5.314276e-06
12 43 2 3.723754e-06
1 44 2 9.467007e-06
2 44 2 9.512209e-06
3 44 2 2.069052e-05
4 44 2 5.593631e-05
5 44 2 2.089763e-04
6 44 2 6.585536e-04
7 44 2 9.625124e-04
8 44 2 5.803890e-04
9 44 2 2.092215e-04
10 44 2 6.198809e-05
11 44 2 2.034467e-05
12 44 2 1.375528e-05
1 45 2 2.176207e-05
2 45 2 2.438892e-05
3 45 2 4.444084e-05
4 45 2 1.310596e-04
5 45 2 5.488520e-04
6 45 2 1.821148e-03
7 45 2 2.547763e-03
8 45 2 1.551330e-03
9 45 2 5.334674e-04
10 45 2 1.362053e-04
11 45 2 3.948007e-05
12 45 2 2.580222e-05
1 46 2 9.871127e-06
2 46 2 1.241812e-05
3 46 2 1.952034e-05
4 46 2 5.420602e-05
5 46 2 2.128648e-04
6 46 2 6.602828e-04
7 46 2 9.236890e-04
8 46 2 5.787942e-04
9 46 2 2.174116e-04
10 46 2 5.269799e-05
11 46 2 1.448876e-05
12 46 2 1.033251e-05
1 47 2 1.297364e-05
2 47 2 1.651074e-05
3 47 2 2.326621e-05
4 47 2 5.212859e-05
5 47 2 1.776803e-04
6 47 2 4.895089e-04
7 47 2 6.638785e-04
8 47 2 4.501572e-04
9 47 2 1.907003e-04
10 47 2 5.881929e-05
11 47 2 1.735323e-05
12 47 2 1.319076e-05
1 48 2 1.755959e-05
2 48 2 2.017136e-05
3 48 2 2.774458e-05
4 48 2 5.417931e-05
5 48 2 1.681288e-04
6 48 2 3.867251e-04
7 48 2 5.139217e-04
8 48 2 3.615734e-04
9 48 2 1.721235e-04
10 48 2 6.417373e-05
11 48 2 2.310174e-05
12 48 2 1.531967e-05
1 49 2 9.223441e-04
2 49 2 8.392517e-04
3 49 2 9.519577e-04
4 49 2 1.114182e-03
5 49 2 1.593518e-03
6 49 2 2.424445e-03
7 49 2 3.615661e-03
8 49 2 3.400021e-03
9 49 2 2.371476e-03
10 49 2 1.697019e-03
11 49 2 1.238961e-03
12 49 2 9.038199e-04
1 50 2 3.763698e-03
2 50 2 3.248821e-03
3 50 2 3.808121e-03
4 50 2 4.340863e-03
5 50 2 6.109462e-03
6 50 2 8.965550e-03
7 50 2 1.237378e-02
8 50 2 1.189940e-02
9 50 2 8.616250e-03
10 50 2 6.142025e-03
11 50 2 4.598416e-03
12 50 2 3.620751e-03
1 51 2 1.445379e-03
2 51 2 1.319135e-03
3 51 2 1.433386e-03
4 51 2 1.654602e-03
5 51 2 2.255264e-03
6 51 2 3.162828e-03
7 51 2 4.121627e-03
8 51 2 4.087403e-03
9 51 2 3.396033e-03
10 51 2 2.388682e-03
11 51 2 1.790230e-03
12 51 2 1.500267e-03
1 52 2 5.297862e-01
2 52 2 5.568507e-01
3 52 2 6.995311e-01
4 52 2 1.019821e+00
5 52 2 1.724652e+00
6 52 2 2.373507e+00
7 52 2 3.044463e+00
8 52 2 2.847616e+00
9 52 2 2.298701e+00
10 52 2 1.313168e+00
11 52 2 7.903984e-01
12 52 2 6.095176e-01
1 53 2 1.390227e-01
2 53 2 1.744227e-01
3 53 2 2.955088e-01
4 53 2 6.450074e-01
5 53 2 1.228291e+00
6 53 2 1.834152e+00
7 53 2 2.546020e+00
8 53 2 2.169505e+00
9 53 2 1.468338e+00
10 53 2 6.475989e-01
11 53 2 2.888465e-01
12 53 2 1.829960e-01
1 54 2 7.402349e-02
2 54 2 9.602742e-02
3 54 2 1.795752e-01
4 54 2 4.462266e-01
5 54 2 8.789274e-01
6 54 2 1.697687e+00
7 54 2 2.411645e+00
8 54 2 2.022226e+00
9 54 2 1.226448e+00
10 54 2 5.216052e-01
11 54 2 2.235838e-01
12 54 2 1.233332e-01
1 55 2 4.846800e-02
2 55 2 5.405474e-02
3 55 2 1.008376e-01
4 55 2 2.361164e-01
5 55 2 4.685508e-01
6 55 2 1.000636e+00
7 55 2 1.390960e+00
8 55 2 1.199582e+00
9 55 2 7.606973e-01
10 55 2 3.647422e-01
11 55 2 1.706489e-01
12 55 2 9.771407e-02
1 56 2 1.693441e-01
2 56 2 1.757423e-01
3 56 2 3.043903e-01
4 56 2 6.787469e-01
5 56 2 1.483650e+00
6 56 2 2.924600e+00
7 56 2 4.043516e+00
8 56 2 3.355914e+00
9 56 2 2.193505e+00
10 56 2 1.130173e+00
11 56 2 5.095240e-01
12 56 2 2.922169e-01
1 57 2 3.414301e-02
2 57 2 3.257582e-02
3 57 2 4.006640e-02
4 57 2 6.081452e-02
5 57 2 1.017522e-01
6 57 2 1.655636e-01
7 57 2 2.357644e-01
8 57 2 2.124813e-01
9 57 2 1.580863e-01
10 57 2 1.015464e-01
11 57 2 6.209614e-02
12 57 2 4.462569e-02
1 60 2 2.073127e+00
2 60 2 2.007637e+00
3 60 2 2.302361e+00
4 60 2 2.730566e+00
5 60 2 3.366571e+00
6 60 2 4.430384e+00
7 60 2 5.157853e+00
8 60 2 5.160022e+00
9 60 2 4.379021e+00
10 60 2 3.574736e+00
11 60 2 2.858953e+00
12 60 2 2.369779e+00
1 61 2 3.838779e+00
2 61 2 3.861870e+00
3 61 2 5.431654e+00
4 61 2 8.181217e+00
5 61 2 1.193390e+01
6 61 2 1.681293e+01
7 61 2 1.989648e+01
8 61 2 1.914206e+01
9 61 2 1.487388e+01
10 61 2 1.011730e+01
11 61 2 6.600131e+00
12 61 2 4.629277e+00
1 62 2 5.723560e-01
2 62 2 6.268645e-01
3 62 2 9.867993e-01
4 62 2 1.786408e+00
5 62 2 3.064074e+00
6 62 2 4.346634e+00
7 62 2 5.315055e+00
8 62 2 4.961411e+00
9 62 2 3.457222e+00
10 62 2 2.061676e+00
11 62 2 1.119581e+00
12 62 2 7.285914e-01
1 63 2 1.755632e-02
2 63 2 2.131262e-02
3 63 2 3.566161e-02
4 63 2 7.500540e-02
5 63 2 1.439477e-01
6 63 2 2.140012e-01
7 63 2 2.736558e-01
8 63 2 2.381342e-01
9 63 2 1.454449e-01
10 63 2 7.942903e-02
11 63 2 3.668885e-02
12 63 2 2.401808e-02
1 64 2 4.187844e-03
2 64 2 5.365064e-03
3 64 2 1.021638e-02
4 64 2 2.419919e-02
5 64 2 5.182703e-02
6 64 2 8.301504e-02
7 64 2 1.052234e-01
8 64 2 8.226118e-02
9 64 2 4.710153e-02
10 64 2 2.082255e-02
11 64 2 9.514880e-03
12 64 2 6.511582e-03
1 65 2 1.415846e-03
2 65 2 1.755658e-03
3 65 2 3.846317e-03
4 65 2 1.084675e-02
5 65 2 2.274218e-02
6 65 2 3.865118e-02
7 65 2 5.009742e-02
8 65 2 3.739000e-02
9 65 2 2.120643e-02
10 65 2 7.525233e-03
11 65 2 3.312755e-03
12 65 2 2.400749e-03
1 66 2 9.755025e-04
2 66 2 1.206025e-03
3 66 2 2.867068e-03
4 66 2 9.405898e-03
5 66 2 1.955755e-02
6 66 2 3.363009e-02
7 66 2 4.638150e-02
8 66 2 3.506446e-02
9 66 2 1.983539e-02
10 66 2 6.571694e-03
11 66 2 2.518371e-03
12 66 2 1.562097e-03
1 67 2 4.527839e-04
2 67 2 6.037662e-04
3 67 2 1.535382e-03
4 67 2 5.671833e-03
5 67 2 1.286906e-02
6 67 2 2.194828e-02
7 67 2 3.068611e-02
8 67 2 2.361548e-02
9 67 2 1.291602e-02
10 67 2 4.749824e-03
11 67 2 1.501930e-03
12 67 2 6.760108e-04
1 68 2 1.969455e-04
2 68 2 2.644448e-04
3 68 2 7.853862e-04
4 68 2 3.610049e-03
5 68 2 9.837846e-03
6 68 2 1.885236e-02
7 68 2 2.703072e-02
8 68 2 2.010366e-02
9 68 2 9.647944e-03
10 68 2 3.544539e-03
11 68 2 8.082804e-04
12 68 2 2.812535e-04
1 69 2 3.922227e-04
2 69 2 5.560990e-04
3 69 2 1.329873e-03
4 69 2 5.831572e-03
5 69 2 1.869921e-02
6 69 2 4.425378e-02
7 69 2 6.483143e-02
8 69 2 4.990708e-02
9 69 2 2.143976e-02
10 69 2 6.971381e-03
11 69 2 1.350802e-03
12 69 2 5.079892e-04
1 70 2 8.497017e-04
2 70 2 9.931387e-04
3 70 2 1.423139e-03
4 70 2 3.712896e-03
5 70 2 9.310763e-03
6 70 2 2.260918e-02
7 70 2 3.659710e-02
8 70 2 3.335474e-02
9 70 2 1.722215e-02
10 70 2 6.138820e-03
11 70 2 1.867063e-03
12 70 2 1.051021e-03
1 71 2 1.645822e-04
2 71 2 1.670124e-04
3 71 2 1.889873e-04
4 71 2 3.032674e-04
5 71 2 5.873163e-04
6 71 2 1.225197e-03
7 71 2 1.880293e-03
8 71 2 1.869483e-03
9 71 2 1.199442e-03
10 71 2 5.712784e-04
11 71 2 2.729142e-04
12 71 2 1.895482e-04
1 72 2 6.915421e-07
2 72 2 6.604829e-07
3 72 2 7.155647e-07
4 72 2 9.123519e-07
5 72 2 1.419552e-06
6 72 2 2.470068e-06
7 72 2 3.825853e-06
8 72 2 3.679573e-06
9 72 2 2.574353e-06
10 72 2 1.560942e-06
11 72 2 9.617552e-07
12 72 2 6.868196e-07
1 76 2 1.317372e+00
2 76 2 1.205260e+00
3 76 2 1.217391e+00
4 76 2 1.324231e+00
5 76 2 1.800314e+00
6 76 2 2.567134e+00
7 76 2 3.442384e+00
8 76 2 3.673655e+00
9 76 2 3.500278e+00
10 76 2 2.337487e+00
11 76 2 1.508946e+00
12 76 2 1.319704e+00
1 77 2 1.257088e+00
2 77 2 1.632319e+00
3 77 2 2.138240e+00
4 77 2 3.455865e+00
5 77 2 5.802538e+00
6 77 2 8.958513e+00
7 77 2 1.217220e+01
8 77 2 1.155339e+01
9 77 2 8.558263e+00
10 77 2 4.323736e+00
11 77 2 1.897268e+00
12 77 2 1.195839e+00
1 78 2 1.466997e+00
2 78 2 2.004444e+00
3 78 2 2.791308e+00
4 78 2 5.006505e+00
5 78 2 7.828728e+00
6 78 2 1.242931e+01
7 78 2 1.534260e+01
8 78 2 1.436648e+01
9 78 2 9.315071e+00
10 78 2 4.939964e+00
11 78 2 2.667687e+00
12 78 2 1.540146e+00
1 79 2 4.714270e+00
2 79 2 5.784487e+00
3 79 2 8.493296e+00
4 79 2 1.408754e+01
5 79 2 2.140288e+01
6 79 2 3.496526e+01
7 79 2 4.284556e+01
8 79 2 4.058857e+01
9 79 2 2.802665e+01
10 79 2 1.691816e+01
11 79 2 9.639093e+00
12 79 2 5.904731e+00
1 80 2 2.299347e+00
2 80 2 2.303836e+00
3 80 2 2.894914e+00
4 80 2 3.914257e+00
5 80 2 5.837766e+00
6 80 2 8.881950e+00
7 80 2 1.143686e+01
8 80 2 1.132230e+01
9 80 2 9.397303e+00
10 80 2 6.588490e+00
11 80 2 3.843463e+00
12 80 2 2.840959e+00
1 81 2 5.175215e-07
2 81 2 4.689992e-07
3 81 2 4.939835e-07
4 81 2 5.857433e-07
5 81 2 8.434651e-07
6 81 2 1.136545e-06
7 81 2 1.516524e-06
8 81 2 1.627196e-06
9 81 2 1.479629e-06
10 81 2 1.135309e-06
11 81 2 7.504828e-07
12 81 2 6.144174e-07
1 84 2 5.681998e-01
2 84 2 6.007302e-01
3 84 2 7.429830e-01
4 84 2 9.388982e-01
5 84 2 1.258779e+00
6 84 2 2.062601e+00
7 84 2 2.762490e+00
8 84 2 2.647151e+00
9 84 2 1.986281e+00
10 84 2 1.253543e+00
11 84 2 8.421012e-01
12 84 2 6.432743e-01
1 85 2 8.337160e-01
2 85 2 9.388300e-01
3 85 2 1.220630e+00
4 85 2 1.773462e+00
5 85 2 2.838927e+00
6 85 2 4.336905e+00
7 85 2 6.000511e+00
8 85 2 5.708338e+00
9 85 2 4.110391e+00
10 85 2 2.267316e+00
11 85 2 1.278671e+00
12 85 2 9.278046e-01
1 86 2 3.095320e-01
2 86 2 3.504549e-01
3 86 2 4.478556e-01
4 86 2 6.505214e-01
5 86 2 1.045516e+00
6 86 2 1.517022e+00
7 86 2 2.083985e+00
8 86 2 2.090802e+00
9 86 2 1.547591e+00
10 86 2 8.974312e-01
11 86 2 4.943493e-01
12 86 2 3.533081e-01
1 87 2 8.739935e-02
2 87 2 1.182413e-01
3 87 2 1.688269e-01
4 87 2 2.668768e-01
5 87 2 4.681998e-01
6 87 2 7.037637e-01
7 87 2 9.540858e-01
8 87 2 9.721816e-01
9 87 2 7.048361e-01
10 87 2 3.968415e-01
11 87 2 1.743617e-01
12 87 2 1.059854e-01
1 88 2 5.907930e-02
2 88 2 8.389737e-02
3 88 2 1.315635e-01
4 88 2 2.496276e-01
5 88 2 5.123093e-01
6 88 2 8.052096e-01
7 88 2 1.031183e+00
8 88 2 9.044280e-01
9 88 2 5.844416e-01
10 88 2 2.761962e-01
11 88 2 1.415972e-01
12 88 2 7.865208e-02
1 89 2 1.158422e-02
2 89 2 1.611794e-02
3 89 2 3.059135e-02
4 89 2 5.753711e-02
5 89 2 1.148219e-01
6 89 2 1.715306e-01
7 89 2 2.001015e-01
8 89 2 1.752412e-01
9 89 2 1.143634e-01
10 89 2 5.442214e-02
11 89 2 2.994579e-02
12 89 2 1.657512e-02
1 90 2 7.723078e-03
2 90 2 1.017876e-02
3 90 2 2.019866e-02
4 90 2 3.625229e-02
5 90 2 5.566328e-02
6 90 2 7.367969e-02
7 90 2 8.274684e-02
8 90 2 7.656374e-02
9 90 2 5.579637e-02
10 90 2 3.328016e-02
11 90 2 1.834913e-02
12 90 2 1.044576e-02
1 91 2 3.026282e-03
2 91 2 4.282056e-03
3 91 2 8.946162e-03
4 91 2 1.690544e-02
5 91 2 2.494979e-02
6 91 2 3.171350e-02
7 91 2 3.560965e-02
8 91 2 3.265746e-02
9 91 2 2.348139e-02
10 91 2 1.453504e-02
11 91 2 7.533209e-03
12 91 2 3.867222e-03
1 92 2 1.781853e-02
2 92 2 2.545269e-02
3 92 2 6.380347e-02
4 92 2 1.522203e-01
5 92 2 2.870654e-01
6 92 2 4.398852e-01
7 92 2 5.280229e-01
8 92 2 4.805855e-01
9 92 2 3.006589e-01
10 92 2 1.597906e-01
11 92 2 6.266997e-02
12 92 2 2.690268e-02
1 93 2 1.233983e-01
2 93 2 1.488911e-01
3 93 2 3.061280e-01
4 93 2 7.134653e-01
5 93 2 1.272782e+00
6 93 2 2.019815e+00
7 93 2 2.709477e+00
8 93 2 2.663647e+00
9 93 2 1.791582e+00
10 93 2 1.031733e+00
11 93 2 4.418444e-01
12 93 2 1.840371e-01
1 94 2 4.411127e-01
2 94 2 4.388889e-01
3 94 2 5.860228e-01
4 94 2 1.038540e+00
5 94 2 1.772725e+00
6 94 2 2.791373e+00
7 94 2 3.856270e+00
8 94 2 4.202481e+00
9 94 2 3.461647e+00
10 94 2 2.089444e+00
11 94 2 1.121456e+00
12 94 2 6.127368e-01
1 98 2 1.668286e-01
2 98 2 1.552953e-01
3 98 2 1.462346e-01
4 98 2 1.556977e-01
5 98 2 1.767062e-01
6 98 2 2.022042e-01
7 98 2 2.274382e-01
8 98 2 2.397087e-01
9 98 2 2.365389e-01
10 98 2 2.235924e-01
11 98 2 2.011198e-01
12 98 2 1.830212e-01
1 101 2 4.007741e-02
2 101 2 4.118090e-02
3 101 2 4.219976e-02
4 101 2 5.203871e-02
5 101 2 6.692280e-02
6 101 2 7.813935e-02
7 101 2 8.340929e-02
8 101 2 8.357903e-02
9 101 2 8.035009e-02
10 101 2 6.889196e-02
11 101 2 5.297604e-02
12 101 2 4.249056e-02
1 102 2 9.971293e-01
2 102 2 1.127117e+00
3 102 2 1.385248e+00
4 102 2 1.732667e+00
5 102 2 2.005105e+00
6 102 2 2.188932e+00
7 102 2 2.250571e+00
8 102 2 2.279009e+00
9 102 2 2.054024e+00
10 102 2 1.582422e+00
11 102 2 1.270092e+00
12 102 2 1.040998e+00
1 103 2 1.403253e+00
2 103 2 1.432031e+00
3 103 2 1.560734e+00
4 103 2 1.763571e+00
5 103 2 2.053818e+00
6 103 2 2.350332e+00
7 103 2 2.542761e+00
8 103 2 2.668571e+00
9 103 2 2.617316e+00
10 103 2 2.287307e+00
11 103 2 1.881669e+00
12 103 2 1.564546e+00
1 104 2 6.724113e-02
2 104 2 6.452289e-02
3 104 2 6.522397e-02
4 104 2 7.150868e-02
5 104 2 8.361591e-02
6 104 2 9.595330e-02
7 104 2 1.076908e-01
8 104 2 1.163324e-01
9 104 2 1.172687e-01
10 104 2 1.095522e-01
11 104 2 9.011657e-02
12 104 2 7.461642e-02
1 107 2 2.606158e-02
2 107 2 2.749450e-02
3 107 2 3.210081e-02
4 107 2 3.678399e-02
5 107 2 4.125093e-02
6 107 2 5.281110e-02
7 107 2 5.772477e-02
8 107 2 5.749121e-02
9 107 2 5.382037e-02
10 107 2 4.603537e-02
11 107 2 3.659643e-02
12 107 2 2.861979e-02
1 108 2 3.261738e-03
2 108 2 4.168505e-03
3 108 2 6.055201e-03
4 108 2 9.378183e-03
5 108 2 1.455744e-02
6 108 2 1.998055e-02
7 108 2 2.138857e-02
8 108 2 1.890300e-02
9 108 2 1.529551e-02
10 108 2 1.055284e-02
11 108 2 5.496958e-03
12 108 2 3.499351e-03
1 109 2 6.181729e-03
2 109 2 8.165163e-03
3 109 2 1.277084e-02
4 109 2 2.216271e-02
5 109 2 3.776046e-02
6 109 2 4.759897e-02
7 109 2 4.836485e-02
8 109 2 4.446088e-02
9 109 2 3.570336e-02
10 109 2 2.505177e-02
11 109 2 1.114240e-02
12 109 2 6.508979e-03
1 110 2 2.719783e-03
2 110 2 3.464483e-03
3 110 2 5.564137e-03
4 110 2 8.613067e-03
5 110 2 1.335852e-02
6 110 2 1.546981e-02
7 110 2 1.663154e-02
8 110 2 1.644846e-02
9 110 2 1.384922e-02
10 110 2 1.009696e-02
11 110 2 4.883947e-03
12 110 2 2.874744e-03
1 111 2 9.341746e-02
2 111 2 1.168380e-01
3 111 2 1.891582e-01
4 111 2 2.866850e-01
5 111 2 4.332825e-01
6 111 2 5.556755e-01
7 111 2 5.873906e-01
8 111 2 5.817878e-01
9 111 2 4.954431e-01
10 111 2 3.225095e-01
11 111 2 1.737335e-01
12 111 2 1.061196e-01
1 112 2 1.076291e-01
2 112 2 1.387746e-01
3 112 2 2.434502e-01
4 112 2 4.048434e-01
5 112 2 6.156327e-01
6 112 2 7.502211e-01
7 112 2 7.640800e-01
8 112 2 7.122015e-01
9 112 2 5.436875e-01
10 112 2 3.609397e-01
11 112 2 2.071417e-01
12 112 2 1.273279e-01
1 113 2 6.174596e-02
2 113 2 7.822639e-02
3 113 2 1.314208e-01
4 113 2 1.965278e-01
5 113 2 2.418463e-01
6 113 2 2.111676e-01
7 113 2 1.811943e-01
8 113 2 1.730553e-01
9 113 2 1.711598e-01
10 113 2 1.562853e-01
11 113 2 1.093118e-01
12 113 2 7.383025e-02
1 114 2 1.684038e-01
2 114 2 2.283641e-01
3 114 2 4.068696e-01
4 114 2 5.930875e-01
5 114 2 6.842486e-01
6 114 2 5.009085e-01
7 114 2 4.137165e-01
8 114 2 3.792213e-01
9 114 2 3.659621e-01
10 114 2 3.275428e-01
11 114 2 2.496929e-01
12 114 2 1.849568e-01
1 115 2 6.873184e-02
2 115 2 9.999867e-02
3 115 2 1.585142e-01
4 115 2 1.964922e-01
5 115 2 1.754768e-01
6 115 2 1.629245e-01
7 115 2 1.571376e-01
8 115 2 1.507624e-01
9 115 2 1.386565e-01
10 115 2 1.239108e-01
11 115 2 9.412790e-02
12 115 2 6.752970e-02
1 116 2 8.704354e-02
2 116 2 1.114263e-01
3 116 2 1.703975e-01
4 116 2 2.411914e-01
5 116 2 2.805208e-01
6 116 2 3.194420e-01
7 116 2 3.348976e-01
8 116 2 3.205713e-01
9 116 2 2.596985e-01
10 116 2 2.076231e-01
11 116 2 1.508341e-01
12 116 2 9.936306e-02
1 117 2 2.072325e-02
2 117 2 2.164026e-02
3 117 2 2.732966e-02
4 117 2 3.741078e-02
5 117 2 4.763959e-02
6 117 2 5.644238e-02
7 117 2 6.008880e-02
8 117 2 6.001000e-02
9 117 2 5.475549e-02
10 117 2 4.687401e-02
11 117 2 3.783961e-02
12 117 2 2.733485e-02
1 126 2 7.366854e-04
2 126 2 7.657090e-04
3 126 2 8.299239e-04
4 126 2 8.763491e-04
5 126 2 8.658410e-04
6 126 2 8.047021e-04
7 126 2 7.756861e-04
8 126 2 7.832645e-04
9 126 2 7.791180e-04
10 126 2 7.656080e-04
11 126 2 7.480941e-04
12 126 2 7.367674e-04
1 127 2 7.440512e-02
2 127 2 7.567153e-02
3 127 2 7.986968e-02
4 127 2 8.292169e-02
5 127 2 8.405139e-02
6 127 2 8.141441e-02
7 127 2 8.143688e-02
8 127 2 8.330572e-02
9 127 2 8.241769e-02
10 127 2 7.911456e-02
11 127 2 7.667181e-02
12 127 2 7.572275e-02
1 128 2 3.370793e-01
2 128 2 3.461774e-01
3 128 2 3.553731e-01
4 128 2 3.469046e-01
5 128 2 3.374526e-01
6 128 2 3.273159e-01
7 128 2 3.488583e-01
8 128 2 3.966534e-01
9 128 2 4.170773e-01
10 128 2 3.939492e-01
11 128 2 3.582393e-01
12 128 2 3.375327e-01
1 129 2 9.612652e-03
2 129 2 9.480670e-03
3 129 2 9.719782e-03
4 129 2 1.000166e-02
5 129 2 1.015598e-02
6 129 2 1.043072e-02
7 129 2 1.089908e-02
8 129 2 1.187997e-02
9 129 2 1.241207e-02
10 129 2 1.246675e-02
11 129 2 1.138257e-02
12 129 2 1.011203e-02
1 133 2 2.063986e-01
2 133 2 2.399689e-01
3 133 2 2.880697e-01
4 133 2 2.957714e-01
5 133 2 2.821356e-01
6 133 2 2.593207e-01
7 133 2 2.314462e-01
8 133 2 2.167230e-01
9 133 2 2.259939e-01
10 133 2 2.406922e-01
11 133 2 2.296242e-01
12 133 2 2.009213e-01
1 135 2 8.931792e-03
2 135 2 1.006300e-02
3 135 2 1.196721e-02
4 135 2 1.288813e-02
5 135 2 1.238426e-02
6 135 2 1.104802e-02
7 135 2 9.544399e-03
8 135 2 9.639917e-03
9 135 2 1.024351e-02
10 135 2 9.633429e-03
11 135 2 9.233557e-03
12 135 2 8.673665e-03
1 136 2 9.983220e-03
2 136 2 1.027475e-02
3 136 2 1.270665e-02
4 136 2 1.544742e-02
5 136 2 1.691562e-02
6 136 2 1.543350e-02
7 136 2 1.365684e-02
8 136 2 1.362552e-02
9 136 2 1.369594e-02
10 136 2 1.288375e-02
11 136 2 1.218151e-02
12 136 2 1.081734e-02
1 137 2 2.431125e-03
2 137 2 2.550501e-03
3 137 2 2.924202e-03
4 137 2 3.213269e-03
5 137 2 3.171691e-03
6 137 2 2.918274e-03
7 137 2 2.699714e-03
8 137 2 2.604954e-03
9 137 2 2.606591e-03
10 137 2 2.715466e-03
11 137 2 2.684749e-03
12 137 2 2.531478e-03
1 138 2 9.715658e-02
2 138 2 1.068391e-01
3 138 2 1.239492e-01
4 138 2 1.379477e-01
5 138 2 1.391808e-01
6 138 2 1.223259e-01
7 138 2 1.133233e-01
8 138 2 1.092862e-01
9 138 2 1.095844e-01
10 138 2 1.102230e-01
11 138 2 1.069184e-01
12 138 2 9.915786e-02
1 139 2 1.639762e-01
2 139 2 1.867387e-01
3 139 2 2.086621e-01
4 139 2 2.190057e-01
5 139 2 2.159194e-01
6 139 2 2.010796e-01
7 139 2 1.902517e-01
8 139 2 1.831486e-01
9 139 2 1.807747e-01
10 139 2 1.821782e-01
11 139 2 1.733564e-01
12 139 2 1.586847e-01
1 140 2 5.430131e-02
2 140 2 5.614957e-02
3 140 2 6.098279e-02
4 140 2 6.909250e-02
5 140 2 7.336635e-02
6 140 2 7.046851e-02
7 140 2 6.672222e-02
8 140 2 6.435302e-02
9 140 2 6.341486e-02
10 140 2 6.376534e-02
11 140 2 6.241857e-02
12 140 2 5.819317e-02
1 141 2 8.517815e-02
2 141 2 8.429681e-02
3 141 2 8.671129e-02
4 141 2 9.516492e-02
5 141 2 1.026956e-01
6 141 2 1.015491e-01
7 141 2 9.880313e-02
8 141 2 9.580900e-02
9 141 2 9.499702e-02
10 141 2 9.522035e-02
11 141 2 9.617077e-02
12 141 2 9.337431e-02
1 150 2 9.832866e-05
2 150 2 1.076362e-04
3 150 2 1.152123e-04
4 150 2 1.178140e-04
5 150 2 1.102380e-04
6 150 2 9.722494e-05
7 150 2 8.869627e-05
8 150 2 8.655444e-05
9 150 2 8.375616e-05
10 150 2 8.185057e-05
11 150 2 8.344194e-05
12 150 2 8.877984e-05
1 151 2 6.387049e-02
2 151 2 6.793372e-02
3 151 2 7.202989e-02
4 151 2 7.372832e-02
5 151 2 7.133728e-02
6 151 2 6.715047e-02
7 151 2 6.566673e-02
8 151 2 6.820200e-02
9 151 2 6.493436e-02
10 151 2 6.093419e-02
11 151 2 5.914743e-02
12 151 2 6.062301e-02
1 152 2 5.066077e-02
2 152 2 5.131564e-02
3 152 2 5.179068e-02
4 152 2 4.921452e-02
5 152 2 4.730834e-02
6 152 2 4.646344e-02
7 152 2 5.312013e-02
8 152 2 7.082930e-02
9 152 2 7.519305e-02
10 152 2 6.408774e-02
11 152 2 5.495788e-02
12 152 2 5.082476e-02
1 153 2 5.874697e-02
2 153 2 6.017197e-02
3 153 2 6.348558e-02
4 153 2 6.227098e-02
5 153 2 6.013519e-02
6 153 2 5.904069e-02
7 153 2 6.891924e-02
8 153 2 9.006504e-02
9 153 2 1.095442e-01
10 153 2 9.791001e-02
11 153 2 7.406390e-02
12 153 2 6.179630e-02
1 154 2 1.598352e-01
2 154 2 1.589680e-01
3 154 2 1.654266e-01
4 154 2 1.585094e-01
5 154 2 1.482207e-01
6 154 2 1.333263e-01
7 154 2 1.258950e-01
8 154 2 1.311489e-01
9 154 2 1.478686e-01
10 154 2 1.661779e-01
11 154 2 1.751330e-01
12 154 2 1.693452e-01
1 157 2 6.364153e-03
2 157 2 6.608537e-03
3 157 2 7.075385e-03
4 157 2 6.975713e-03
5 157 2 6.799315e-03
6 157 2 6.392525e-03
7 157 2 6.099380e-03
8 157 2 6.037899e-03
9 157 2 5.994259e-03
10 157 2 6.098776e-03
11 157 2 6.142499e-03
12 157 2 6.222660e-03
1 163 2 2.962111e-02
2 163 2 3.001799e-02
3 163 2 3.090877e-02
4 163 2 3.276349e-02
5 163 2 3.279547e-02
6 163 2 3.032070e-02
7 163 2 2.803139e-02
8 163 2 2.632202e-02
9 163 2 2.669895e-02
10 163 2 2.824645e-02
11 163 2 2.935065e-02
12 163 2 2.958062e-02
1 164 2 1.120744e-01
2 164 2 1.111161e-01
3 164 2 1.142092e-01
4 164 2 1.195372e-01
5 164 2 1.181311e-01
6 164 2 1.092621e-01
7 164 2 1.011317e-01
8 164 2 9.878709e-02
9 164 2 1.057808e-01
10 164 2 1.158876e-01
11 164 2 1.182280e-01
12 164 2 1.162592e-01
1 165 2 5.247497e-02
2 165 2 5.142918e-02
3 165 2 5.207572e-02
4 165 2 5.322757e-02
5 165 2 5.264334e-02
6 165 2 4.843933e-02
7 165 2 4.567167e-02
8 165 2 4.622801e-02
9 165 2 4.927407e-02
10 165 2 5.268465e-02
11 165 2 5.542206e-02
12 165 2 5.548735e-02
1 166 2 2.306447e-02
2 166 2 2.283421e-02
3 166 2 2.245696e-02
4 166 2 2.235160e-02
5 166 2 2.161973e-02
6 166 2 1.999465e-02
7 166 2 1.888100e-02
8 166 2 1.902186e-02
9 166 2 1.973377e-02
10 166 2 2.075848e-02
11 166 2 2.238069e-02
12 166 2 2.350835e-02
1 170 2 9.785644e-04
2 170 2 1.076227e-03
3 170 2 1.057387e-03
4 170 2 9.611084e-04
5 170 2 8.008904e-04
6 170 2 6.734089e-04
7 170 2 6.369394e-04
8 170 2 6.080721e-04
9 170 2 6.182993e-04
10 170 2 6.884718e-04
11 170 2 7.596006e-04
12 170 2 8.747271e-04
1 171 2 3.522921e-03
2 171 2 3.867154e-03
3 171 2 3.913971e-03
4 171 2 3.482196e-03
5 171 2 2.896796e-03
6 171 2 2.482417e-03
7 171 2 2.253768e-03
8 171 2 2.135516e-03
9 171 2 2.166631e-03
10 171 2 2.356689e-03
11 171 2 2.689786e-03
12 171 2 3.177722e-03
1 175 2 1.012727e-04
2 175 2 1.070688e-04
3 175 2 1.073760e-04
4 175 2 1.005704e-04
5 175 2 8.737980e-05
6 175 2 7.962514e-05
7 175 2 7.797300e-05
8 175 2 7.731467e-05
9 175 2 7.191107e-05
10 175 2 7.269191e-05
11 175 2 7.599872e-05
12 175 2 8.865294e-05
1 176 2 7.331290e-02
2 176 2 7.386256e-02
3 176 2 7.231121e-02
4 176 2 6.386651e-02
5 176 2 5.166516e-02
6 176 2 4.681832e-02
7 176 2 4.673294e-02
8 176 2 5.331607e-02
9 176 2 5.806672e-02
10 176 2 6.197133e-02
11 176 2 6.614978e-02
12 176 2 7.026730e-02
1 177 2 3.214620e-01
2 177 2 3.123733e-01
3 177 2 2.949386e-01
4 177 2 2.579042e-01
5 177 2 2.108954e-01
6 177 2 1.800868e-01
7 177 2 1.873776e-01
8 177 2 2.245128e-01
9 177 2 2.821775e-01
10 177 2 2.934537e-01
11 177 2 2.994060e-01
12 177 2 3.000177e-01
1 178 2 1.170252e-01
2 178 2 1.156575e-01
3 178 2 1.108662e-01
4 178 2 9.292369e-02
5 178 2 8.090908e-02
6 178 2 6.838618e-02
7 178 2 6.513351e-02
8 178 2 6.561287e-02
9 178 2 7.482983e-02
10 178 2 8.051477e-02
11 178 2 9.093686e-02
12 178 2 1.009590e-01
1 181 2 1.427996e-03
2 181 2 1.508279e-03
3 181 2 1.529049e-03
4 181 2 1.461976e-03
5 181 2 1.205674e-03
6 181 2 1.042543e-03
7 181 2 9.218224e-04
8 181 2 9.434101e-04
9 181 2 1.022089e-03
10 181 2 1.106732e-03
11 181 2 1.253388e-03
12 181 2 1.334496e-03
1 182 2 1.707543e-01
2 182 2 1.578297e-01
3 182 2 1.488263e-01
4 182 2 1.243202e-01
5 182 2 9.735376e-02
6 182 2 7.281478e-02
7 182 2 7.219570e-02
8 182 2 1.003249e-01
9 182 2 1.392115e-01
10 182 2 1.707380e-01
11 182 2 1.887006e-01
12 182 2 1.811247e-01
1 183 2 3.631610e-02
2 183 2 3.488770e-02
3 183 2 3.330685e-02
4 183 2 3.020021e-02
5 183 2 2.540994e-02
6 183 2 2.062318e-02
7 183 2 1.918770e-02
8 183 2 2.278466e-02
9 183 2 2.649235e-02
10 183 2 3.134043e-02
11 183 2 3.412021e-02
12 183 2 3.509483e-02
1 184 2 1.132858e-02
2 184 2 1.147877e-02
3 184 2 1.111701e-02
4 184 2 1.000459e-02
5 184 2 8.317287e-03
6 184 2 6.721936e-03
7 184 2 6.061496e-03
8 184 2 6.330640e-03
9 184 2 6.706255e-03
10 184 2 7.701289e-03
11 184 2 9.011026e-03
12 184 2 1.027058e-02
1 188 2 2.396527e-02
2 188 2 2.375632e-02
3 188 2 2.201998e-02
4 188 2 1.798081e-02
5 188 2 1.270812e-02
6 188 2 9.666245e-03
7 188 2 8.317725e-03
8 188 2 8.461014e-03
9 188 2 1.146040e-02
10 188 2 1.506058e-02
11 188 2 1.793565e-02
12 188 2 2.237058e-02
1 189 2 2.092084e-02
2 189 2 1.933507e-02
3 189 2 1.753863e-02
4 189 2 1.296366e-02
5 189 2 8.583101e-03
6 189 2 6.069647e-03
7 189 2 5.770936e-03
8 189 2 7.088621e-03
9 189 2 1.140329e-02
10 189 2 1.623661e-02
11 189 2 1.974913e-02
12 189 2 2.063775e-02
1 190 2 8.561838e-02
2 190 2 8.112499e-02
3 190 2 7.041667e-02
4 190 2 4.987465e-02
5 190 2 3.479754e-02
6 190 2 2.524363e-02
7 190 2 2.371922e-02
8 190 2 2.859345e-02
9 190 2 4.016270e-02
10 190 2 5.475147e-02
11 190 2 7.174189e-02
12 190 2 8.049309e-02
1 191 2 5.589946e-02
2 191 2 5.792661e-02
3 191 2 5.630494e-02
4 191 2 4.651420e-02
5 191 2 3.824950e-02
6 191 2 3.142130e-02
7 191 2 2.762461e-02
8 191 2 2.805519e-02
9 191 2 3.060878e-02
10 191 2 3.435522e-02
11 191 2 4.225331e-02
12 191 2 4.971063e-02
1 192 2 6.767509e-03
2 192 2 7.313796e-03
3 192 2 7.125896e-03
4 192 2 6.169959e-03
5 192 2 5.214545e-03
6 192 2 4.439976e-03
7 192 2 3.901856e-03
8 192 2 3.625740e-03
9 192 2 3.733231e-03
10 192 2 4.099514e-03
11 192 2 4.893760e-03
12 192 2 5.876336e-03
1 200 2 3.187526e-01
2 200 2 3.279171e-01
3 200 2 2.681642e-01
4 200 2 1.772757e-01
5 200 2 1.160358e-01
6 200 2 9.450045e-02
7 200 2 8.978033e-02
8 200 2 9.682046e-02
9 200 2 1.072458e-01
10 200 2 1.371190e-01
11 200 2 1.905470e-01
12 200 2 2.625351e-01
1 201 2 2.158619e-01
2 201 2 2.227247e-01
3 201 2 2.038913e-01
4 201 2 1.569409e-01
5 201 2 1.182700e-01
6 201 2 9.784802e-02
7 201 2 9.247186e-02
8 201 2 9.565374e-02
9 201 2 9.466857e-02
10 201 2 1.126433e-01
11 201 2 1.435900e-01
12 201 2 1.788369e-01
1 206 2 1.134429e-01
2 206 2 1.225331e-01
3 206 2 1.108597e-01
4 206 2 9.460164e-02
5 206 2 7.823506e-02
6 206 2 6.821436e-02
7 206 2 5.850712e-02
8 206 2 5.744659e-02
9 206 2 6.218533e-02
10 206 2 7.039028e-02
11 206 2 8.251365e-02
12 206 2 9.720963e-02
1 207 2 4.299798e-03
2 207 2 4.694839e-03
3 207 2 4.452486e-03
4 207 2 4.037295e-03
5 207 2 3.580486e-03
6 207 2 3.070967e-03
7 207 2 2.706782e-03
8 207 2 2.665490e-03
9 207 2 2.689309e-03
10 207 2 2.962177e-03
11 207 2 3.192349e-03
12 207 2 3.651850e-03
1 212 2 3.372527e-02
2 212 2 3.599965e-02
3 212 2 3.195321e-02
4 212 2 2.686277e-02
5 212 2 2.093740e-02
6 212 2 1.689822e-02
7 212 2 1.402648e-02
8 212 2 1.355646e-02
9 212 2 1.539644e-02
10 212 2 1.816708e-02
11 212 2 2.154932e-02
12 212 2 2.849231e-02
1 213 2 7.349675e-03
2 213 2 8.032642e-03
3 213 2 6.807348e-03
4 213 2 5.760474e-03
5 213 2 4.444975e-03
6 213 2 3.426450e-03
7 213 2 2.908052e-03
8 213 2 2.838964e-03
9 213 2 3.419652e-03
10 213 2 4.214326e-03
11 213 2 5.175140e-03
12 213 2 6.332910e-03
1 214 2 2.613426e-01
2 214 2 2.770559e-01
3 214 2 2.225972e-01
4 214 2 1.653307e-01
5 214 2 1.222097e-01
6 214 2 9.006299e-02
7 214 2 7.799592e-02
8 214 2 8.040789e-02
9 214 2 1.014978e-01
10 214 2 1.360739e-01
11 214 2 1.862727e-01
12 214 2 2.259163e-01
1 215 2 9.681914e-02
2 215 2 9.959138e-02
3 215 2 9.285372e-02
4 215 2 7.400049e-02
5 215 2 6.010728e-02
6 215 2 4.829494e-02
7 215 2 4.173351e-02
8 215 2 4.183614e-02
9 215 2 4.704755e-02
10 215 2 5.597146e-02
11 215 2 7.047578e-02
12 215 2 8.513862e-02
1 216 2 5.768832e-02
2 216 2 6.023084e-02
3 216 2 5.648168e-02
4 216 2 4.591633e-02
5 216 2 3.676716e-02
6 216 2 3.162961e-02
7 216 2 2.779418e-02
8 216 2 2.657639e-02
9 216 2 2.757772e-02
10 216 2 3.134466e-02
11 216 2 3.770232e-02
12 216 2 4.845429e-02
1 224 2 9.320310e-03
2 224 2 1.018931e-02
3 224 2 8.891412e-03
4 224 2 7.656839e-03
5 224 2 6.183041e-03
6 224 2 5.254386e-03
7 224 2 4.773559e-03
8 224 2 4.985927e-03
9 224 2 5.127458e-03
10 224 2 6.047590e-03
11 224 2 7.222017e-03
12 224 2 8.616436e-03
1 240 2 3.559211e-03
2 240 2 3.630373e-03
3 240 2 3.319888e-03
4 240 2 2.931981e-03
5 240 2 2.548269e-03
6 240 2 2.197971e-03
7 240 2 2.153384e-03
8 240 2 2.220014e-03
9 240 2 2.161050e-03
10 240 2 2.327225e-03
11 240 2 2.557049e-03
12 240 2 3.169017e-03
