1 7 2 3.053432e-06
2 7 2 2.608513e-06
3 7 2 2.852787e-06
4 7 2 7.373285e-06
5 7 2 2.536938e-05
6 7 2 6.832927e-05
7 7 2 9.245152e-05
8 7 2 6.303432e-05
9 7 2 2.726023e-05
10 7 2 1.195081e-05
11 7 2 6.331700e-06
12 7 2 3.735291e-06
1 25 2 3.570219e-04
2 25 2 3.389909e-04
3 25 2 4.775822e-04
4 25 2 8.714814e-04
5 25 2 2.437985e-03
6 25 2 4.420976e-03
7 25 2 5.359517e-03
8 25 2 4.109803e-03
9 25 2 2.322256e-03
10 25 2 1.086732e-03
11 25 2 5.181663e-04
12 25 2 3.000684e-04
1 26 2 2.046078e-03
2 26 2 1.683941e-03
3 26 2 2.784535e-03
4 26 2 6.215310e-03
5 26 2 1.750757e-02
6 26 2 3.343897e-02
7 26 2 3.628119e-02
8 26 2 2.714570e-02
9 26 2 1.484727e-02
10 26 2 5.976606e-03
11 26 2 3.122532e-03
12 26 2 1.930503e-03
1 27 2 8.931031e-03
2 27 2 7.885299e-03
3 27 2 1.382289e-02
4 27 2 3.520520e-02
5 27 2 9.914046e-02
6 27 2 2.049354e-01
7 27 2 2.311324e-01
8 27 2 1.739673e-01
9 27 2 8.990014e-02
10 27 2 3.375968e-02
11 27 2 1.789142e-02
12 27 2 1.106708e-02
1 28 2 3.172439e-04
2 28 2 2.887005e-04
3 28 2 4.855441e-04
4 28 2 1.319825e-03
5 28 2 3.768907e-03
6 28 2 8.069169e-03
7 28 2 9.620325e-03
8 28 2 7.249022e-03
9 28 2 3.729051e-03
10 28 2 1.452285e-03
11 28 2 7.250015e-04
12 28 2 4.519981e-04
1 29 2 4.249825e-04
2 29 2 4.020348e-04
3 29 2 6.404613e-04
4 29 2 1.925761e-03
5 29 2 5.758871e-03
6 29 2 1.417310e-02
7 29 2 1.930703e-02
8 29 2 1.436457e-02
9 29 2 6.596925e-03
10 29 2 2.445066e-03
11 29 2 1.155792e-03
12 29 2 7.214963e-04
1 30 2 9.641496e-05
2 30 2 8.432089e-05
3 30 2 1.340154e-04
4 30 2 4.101833e-04
5 30 2 1.136271e-03
6 30 2 3.090216e-03
7 30 2 4.479121e-03
8 30 2 3.430140e-03
9 30 2 1.552020e-03
10 30 2 6.074888e-04
11 30 2 2.802179e-04
12 30 2 1.678220e-04
1 31 2 1.722196e-04
2 31 2 1.327097e-04
3 31 2 2.016022e-04
4 31 2 5.611257e-04
5 31 2 1.449099e-03
6 31 2 3.815404e-03
7 31 2 5.380567e-03
8 31 2 4.343060e-03
9 31 2 2.172687e-03
10 31 2 9.949837e-04
11 31 2 4.777137e-04
12 31 2 2.662042e-04
1 32 2 2.033555e-04
2 32 2 1.683392e-04
3 32 2 2.353091e-04
4 32 2 5.228663e-04
5 32 2 1.396506e-03
6 32 2 3.308047e-03
7 32 2 4.267773e-03
8 32 2 3.525373e-03
9 32 2 1.968608e-03
10 32 2 1.014837e-03
11 32 2 5.244265e-04
12 32 2 2.719729e-04
1 35 2 3.171453e-03
2 35 2 3.021917e-03
3 35 2 3.282696e-03
4 35 2 4.374489e-03
5 35 2 6.857595e-03
6 35 2 1.047304e-02
7 35 2 1.260229e-02
8 35 2 1.157224e-02
9 35 2 7.864940e-03
10 35 2 5.686341e-03
11 35 2 4.307100e-03
12 35 2 3.499128e-03
1 36 2 3.805669e-04
2 36 2 3.572783e-04
3 36 2 3.959700e-04
4 36 2 4.755946e-04
5 36 2 6.504546e-04
6 36 2 9.383345e-04
7 36 2 1.105093e-03
8 36 2 1.125788e-03
9 36 2 8.593476e-04
10 36 2 6.732643e-04
11 36 2 5.153070e-04
12 36 2 4.269755e-04
1 37 2 3.428703e-02
2 37 2 3.318508e-02
3 37 2 4.181474e-02
4 37 2 5.376815e-02
5 37 2 8.128717e-02
6 37 2 1.232896e-01
7 37 2 1.433922e-01
8 37 2 1.409579e-01
9 37 2 1.037319e-01
10 37 2 7.778078e-02
11 37 2 5.482077e-02
12 37 2 4.199738e-02
1 38 2 5.753814e-02
2 38 2 5.748656e-02
3 38 2 8.757318e-02
4 38 2 1.298417e-01
5 38 2 2.370573e-01
6 38 2 4.206400e-01
7 38 2 4.986523e-01
8 38 2 4.324765e-01
9 38 2 2.793468e-01
10 38 2 1.909333e-01
11 38 2 1.091030e-01
12 38 2 7.873296e-02
1 39 2 1.828170e-03
2 39 2 1.904586e-03
3 39 2 3.085035e-03
4 39 2 4.763551e-03
5 39 2 9.242867e-03
6 39 2 1.786879e-02
7 39 2 2.218804e-02
8 39 2 1.796383e-02
9 39 2 1.132282e-02
10 39 2 7.150227e-03
11 39 2 3.619290e-03
12 39 2 2.641820e-03
1 40 2 2.850807e-04
2 40 2 3.127829e-04
3 40 2 5.578438e-04
4 40 2 9.380587e-04
5 40 2 2.050643e-03
6 40 2 4.655864e-03
7 40 2 5.825204e-03
8 40 2 4.273224e-03
9 40 2 2.632262e-03
10 40 2 1.418288e-03
11 40 2 6.075534e-04
12 40 2 4.526083e-04
1 41 2 1.518317e-04
2 41 2 1.623157e-04
3 41 2 3.252752e-04
4 41 2 5.793382e-04
5 41 2 1.453065e-03
6 41 2 3.687302e-03
7 41 2 4.767462e-03
8 41 2 3.343876e-03
9 41 2 1.868713e-03
10 41 2 8.099175e-04
11 41 2 3.111486e-04
12 41 2 2.593383e-04
1 42 2 8.217059e-05
2 42 2 8.595208e-05
3 42 2 1.853545e-04
4 42 2 3.656473e-04
5 42 2 1.039474e-03
6 42 2 2.883189e-03
7 42 2 4.036126e-03
8 42 2 2.695389e-03
9 42 2 1.276408e-03
10 42 2 4.568127e-04
11 42 2 1.703085e-04
12 42 2 1.397133e-04
1 43 2 2.306344e-06
2 43 2 2.391381e-06
3 43 2 5.642418e-06
4 43 2 1.376767e-05
5 43 2 4.608291e-05
6 43 2 1.359057e-04
7 43 2 1.986753e-04
8 43 2 1.247145e-04
9 43 2 5.099811e-05
10 43 2 1.565771e-05
11 43 2 5.339617e-06
12 43 2 3.741510e-06
1 44 2 9.527905e-06
2 44 2 9.573398e-06
3 44 2 2.082361e-05
4 44 2 5.629613e-05
5 44 2 2.103206e-04
6 44 2 6.627899e-04
7 44 2 9.687039e-04
8 44 2 5.841225e-04
9 44 2 2.105673e-04
10 44 2 6.238684e-05
11 44 2 2.047554e-05
12 44 2 1.384376e-05
1 45 2 2.188573e-05
2 45 2 2.452751e-05
3 45 2 4.469337e-05
4 45 2 1.318043e-04
5 45 2 5.519708e-04
6 45 2 1.831496e-03
7 45 2 2.562240e-03
8 45 2 1.560145e-03
9 45 2 5.364987e-04
10 45 2 1.369793e-04
11 45 2 3.970441e-05
12 45 2 2.594884e-05
1 46 2 9.926182e-06
2 46 2 1.248738e-05
3 46 2 1.962922e-05
4 46 2 5.450835e-05
5 46 2 2.140520e-04
6 46 2 6.639654e-04
7 46 2 9.288408e-04
8 46 2 5.820224e-04
9 46 2 2.186242e-04
10 46 2 5.299191e-05
11 46 2 1.456957e-05
12 46 2 1.039014e-05
1 47 2 1.304404e-05
2 47 2 1.660034e-05
3 47 2 2.339247e-05
4 47 2 5.241147e-05
5 47 2 1.786445e-04
6 47 2 4.921652e-04
7 47 2 6.674811e-04
8 47 2 4.526000e-04
9 47 2 1.917352e-04
10 47 2 5.913848e-05
11 47 2 1.744740e-05
12 47 2 1.326234e-05
1 48 2 1.765786e-05
2 48 2 2.028426e-05
3 48 2 2.789986e-05
4 48 2 5.448254e-05
5 48 2 1.690698e-04
6 48 2 3.888894e-04
7 48 2 5.167979e-04
8 48 2 3.635970e-04
9 48 2 1.730868e-04
10 48 2 6.453289e-05
11 48 2 2.323103e-05
12 48 2 1.540541e-05
1 49 2 1.062006e-03
2 49 2 9.663321e-04
3 49 2 1.096104e-03
4 49 2 1.282893e-03
5 49 2 1.834810e-03
6 49 2 2.791557e-03
7 49 2 4.163148e-03
8 49 2 3.914856e-03
9 49 2 2.730567e-03
10 49 2 1.953983e-03
11 49 2 1.426566e-03
12 49 2 1.040677e-03
1 50 2 4.338609e-03
2 50 2 3.745084e-03
3 50 2 4.389817e-03
4 50 2 5.003936e-03
5 50 2 7.042691e-03
6 50 2 1.033505e-02
7 50 2 1.426389e-02
8 50 2 1.371706e-02
9 50 2 9.932396e-03
10 50 2 7.080229e-03
11 50 2 5.300832e-03
12 50 2 4.173826e-03
1 51 2 1.664885e-03
2 51 2 1.519469e-03
3 51 2 1.651071e-03
4 51 2 1.905882e-03
5 51 2 2.597765e-03
6 51 2 3.643159e-03
7 51 2 4.747568e-03
8 51 2 4.708146e-03
9 51 2 3.911779e-03
10 51 2 2.751445e-03
11 51 2 2.062107e-03
12 51 2 1.728109e-03
1 52 2 6.021049e-01
2 52 2 6.328639e-01
3 52 2 7.950210e-01
4 52 2 1.159032e+00
5 52 2 1.960076e+00
6 52 2 2.697503e+00
7 52 2 3.460049e+00
8 52 2 3.236331e+00
9 52 2 2.612487e+00
10 52 2 1.492422e+00
11 52 2 8.982921e-01
12 52 2 6.927202e-01
1 53 2 1.562920e-01
2 53 2 1.960893e-01
3 53 2 3.322166e-01
4 53 2 7.251296e-01
5 53 2 1.380869e+00
6 53 2 2.061988e+00
7 53 2 2.862284e+00
8 53 2 2.439000e+00
9 53 2 1.650734e+00
10 53 2 7.280431e-01
11 53 2 3.247268e-01
12 53 2 2.057276e-01
1 54 2 8.420320e-02
2 54 2 1.092331e-01
3 54 2 2.042703e-01
4 54 2 5.075916e-01
5 54 2 9.997974e-01
6 54 2 1.931153e+00
7 54 2 2.743294e+00
8 54 2 2.300322e+00
9 54 2 1.395109e+00
10 54 2 5.933363e-01
11 54 2 2.543310e-01
12 54 2 1.402940e-01
1 55 2 5.418494e-02
2 55 2 6.043066e-02
3 55 2 1.127317e-01
4 55 2 2.639670e-01
5 55 2 5.238177e-01
6 55 2 1.118664e+00
7 55 2 1.555028e+00
8 55 2 1.341077e+00
9 55 2 8.504238e-01
10 55 2 4.077646e-01
11 55 2 1.907775e-01
12 55 2 1.092397e-01
1 56 2 1.879884e-01
2 56 2 1.950909e-01
3 56 2 3.379027e-01
4 56 2 7.534748e-01
5 56 2 1.646995e+00
6 56 2 3.246590e+00
7 56 2 4.488694e+00
8 56 2 3.725389e+00
9 56 2 2.435003e+00
10 56 2 1.254602e+00
11 56 2 5.656210e-01
12 56 2 3.243891e-01
1 57 2 3.794754e-02
2 57 2 3.620572e-02
3 57 2 4.453097e-02
4 57 2 6.759105e-02
5 57 2 1.130904e-01
6 57 2 1.840122e-01
7 57 2 2.620355e-01
8 57 2 2.361580e-01
9 57 2 1.757017e-01
10 57 2 1.128616e-01
11 57 2 6.901548e-02
12 57 2 4.959830e-02
1 60 2 2.682254e+00
2 60 2 2.597521e+00
3 60 2 2.978841e+00
4 60 2 3.532861e+00
5 60 2 4.355737e+00
6 60 2 5.732121e+00
7 60 2 6.673334e+00
8 60 2 6.676141e+00
9 60 2 5.665666e+00
10 60 2 4.625065e+00
11 60 2 3.698971e+00
12 60 2 3.066068e+00
1 61 2 4.479148e+00
2 61 2 4.506090e+00
3 61 2 6.337740e+00
4 61 2 9.545973e+00
5 61 2 1.392466e+01
6 61 2 1.961760e+01
7 61 2 2.321552e+01
8 61 2 2.233526e+01
9 61 2 1.735508e+01
10 61 2 1.180503e+01
11 61 2 7.701138e+00
12 61 2 5.401513e+00
1 62 2 6.365562e-01
2 62 2 6.971788e-01
3 62 2 1.097487e+00
4 62 2 1.986786e+00
5 62 2 3.407766e+00
6 62 2 4.834189e+00
7 62 2 5.911236e+00
8 62 2 5.517924e+00
9 62 2 3.845012e+00
10 62 2 2.292930e+00
11 62 2 1.245163e+00
12 62 2 8.103163e-01
1 63 2 1.764902e-02
2 63 2 2.142515e-02
3 63 2 3.584991e-02
4 63 2 7.540143e-02
5 63 2 1.447078e-01
6 63 2 2.151311e-01
7 63 2 2.751007e-01
8 63 2 2.393915e-01
9 63 2 1.462128e-01
10 63 2 7.984841e-02
11 63 2 3.688257e-02
12 63 2 2.414489e-02
1 64 2 4.208082e-03
2 64 2 5.390992e-03
3 64 2 1.026575e-02
4 64 2 2.431613e-02
5 64 2 5.207750e-02
6 64 2 8.341623e-02
7 64 2 1.057319e-01
8 64 2 8.265872e-02
9 64 2 4.732915e-02
10 64 2 2.092317e-02
11 64 2 9.560863e-03
12 64 2 6.543050e-03
1 65 2 1.423881e-03
2 65 2 1.765622e-03
3 65 2 3.868146e-03
4 65 2 1.090831e-02
5 65 2 2.287125e-02
6 65 2 3.887054e-02
7 65 2 5.038174e-02
8 65 2 3.760220e-02
9 65 2 2.132678e-02
10 65 2 7.567941e-03
11 65 2 3.331556e-03
12 65 2 2.414374e-03
1 66 2 9.872439e-04
2 66 2 1.220541e-03
3 66 2 2.901576e-03
4 66 2 9.519109e-03
5 66 2 1.979295e-02
6 66 2 3.403486e-02
7 66 2 4.693975e-02
8 66 2 3.548650e-02
9 66 2 2.007414e-02
10 66 2 6.650793e-03
11 66 2 2.548683e-03
12 66 2 1.580898e-03
1 67 2 4.949221e-04
2 67 2 6.599557e-04
3 67 2 1.678272e-03
4 67 2 6.199681e-03
5 67 2 1.406672e-02
6 67 2 2.399089e-02
7 67 2 3.354191e-02
8 67 2 2.581325e-02
9 67 2 1.411805e-02
10 67 2 5.191865e-03
11 67 2 1.641707e-03
12 67 2 7.389237e-04
1 68 2 2.326959e-04
2 68 2 3.124479e-04
3 68 2 9.279528e-04
4 68 2 4.265361e-03
5 68 2 1.162365e-02
6 68 2 2.227452e-02
7 68 2 3.193745e-02
8 68 2 2.375296e-02
9 68 2 1.139928e-02
10 68 2 4.187958e-03
11 68 2 9.550029e-04
12 68 2 3.323078e-04
1 69 2 4.395144e-04
2 69 2 6.231498e-04
3 69 2 1.490220e-03
4 69 2 6.534706e-03
5 69 2 2.095384e-02
6 69 2 4.958962e-02
7 69 2 7.264839e-02
8 69 2 5.592456e-02
9 69 2 2.402483e-02
10 69 2 7.811945e-03
11 69 2 1.513673e-03
12 69 2 5.692393e-04
1 70 2 1.031371e-03
2 70 2 1.205476e-03
3 70 2 1.727412e-03
4 70 2 4.506728e-03
5 70 2 1.130144e-02
6 70 2 2.744312e-02
7 70 2 4.442170e-02
8 70 2 4.048612e-02
9 70 2 2.090432e-02
10 70 2 7.451324e-03
11 70 2 2.266248e-03
12 70 2 1.275734e-03
1 71 2 1.654617e-04
2 71 2 1.679050e-04
3 71 2 1.899972e-04
4 71 2 3.048881e-04
5 71 2 5.904550e-04
6 71 2 1.231745e-03
7 71 2 1.890341e-03
8 71 2 1.879473e-03
9 71 2 1.205852e-03
10 71 2 5.743313e-04
11 71 2 2.743727e-04
12 71 2 1.905611e-04
1 72 2 6.951914e-07
2 72 2 6.639683e-07
3 72 2 7.193408e-07
4 72 2 9.171664e-07
5 72 2 1.427043e-06
6 72 2 2.483103e-06
7 72 2 3.846042e-06
8 72 2 3.698991e-06
9 72 2 2.587938e-06
10 72 2 1.569179e-06
11 72 2 9.668305e-07
12 72 2 6.904439e-07
1 76 2 1.516027e+00
2 76 2 1.387009e+00
3 76 2 1.400969e+00
4 76 2 1.523920e+00
5 76 2 2.071796e+00
6 76 2 2.954249e+00
7 76 2 3.961483e+00
8 76 2 4.227629e+00
9 76 2 4.028108e+00
10 76 2 2.689971e+00
11 76 2 1.736490e+00
12 76 2 1.518711e+00
1 77 2 1.448249e+00
2 77 2 1.880540e+00
3 77 2 2.463395e+00
4 77 2 3.981388e+00
5 77 2 6.684912e+00
6 77 2 1.032081e+01
7 77 2 1.402319e+01
8 77 2 1.331028e+01
9 77 2 9.859692e+00
10 77 2 4.981233e+00
11 77 2 2.185780e+00
12 77 2 1.377686e+00
1 78 2 1.689353e+00
2 78 2 2.308262e+00
3 78 2 3.214394e+00
4 78 2 5.765353e+00
5 78 2 9.015348e+00
6 78 2 1.431325e+01
7 78 2 1.766812e+01
8 78 2 1.654405e+01
9 78 2 1.072698e+01
10 78 2 5.688727e+00
11 78 2 3.072035e+00
12 78 2 1.773590e+00
1 79 2 5.414183e+00
2 79 2 6.643293e+00
3 79 2 9.754270e+00
4 79 2 1.617908e+01
5 79 2 2.458050e+01
6 79 2 4.015644e+01
7 79 2 4.920671e+01
8 79 2 4.661463e+01
9 79 2 3.218768e+01
10 79 2 1.942994e+01
11 79 2 1.107018e+01
12 79 2 6.781388e+00
1 80 2 2.647220e+00
2 80 2 2.652389e+00
3 80 2 3.332892e+00
4 80 2 4.506453e+00
5 80 2 6.720974e+00
6 80 2 1.022572e+01
7 80 2 1.316717e+01
8 80 2 1.303528e+01
9 80 2 1.081904e+01
10 80 2 7.585277e+00
11 80 2 4.424949e+00
12 80 2 3.270774e+00
1 81 2 5.742024e-07
2 81 2 5.203658e-07
3 81 2 5.480864e-07
4 81 2 6.498962e-07
5 81 2 9.358446e-07
6 81 2 1.261024e-06
7 81 2 1.682619e-06
8 81 2 1.805413e-06
9 81 2 1.641684e-06
10 81 2 1.259653e-06
11 81 2 8.326785e-07
12 81 2 6.817107e-07
1 84 2 8.351272e-01
2 84 2 8.829396e-01
3 84 2 1.092020e+00
4 84 2 1.379971e+00
5 84 2 1.850125e+00
6 84 2 3.031564e+00
7 84 2 4.060245e+00
8 84 2 3.890723e+00
9 84 2 2.919391e+00
10 84 2 1.842429e+00
11 84 2 1.237701e+00
12 84 2 9.454700e-01
1 85 2 1.017127e+00
2 85 2 1.145365e+00
3 85 2 1.489160e+00
4 85 2 2.163610e+00
5 85 2 3.463469e+00
6 85 2 5.290991e+00
7 85 2 7.320578e+00
8 85 2 6.964129e+00
9 85 2 5.014646e+00
10 85 2 2.766108e+00
11 85 2 1.559968e+00
12 85 2 1.131914e+00
1 86 2 3.663684e-01
2 86 2 4.148057e-01
3 86 2 5.300911e-01
4 86 2 7.699706e-01
5 86 2 1.237495e+00
6 86 2 1.795578e+00
7 86 2 2.466647e+00
8 86 2 2.474716e+00
9 86 2 1.831761e+00
10 86 2 1.062218e+00
11 86 2 5.851221e-01
12 86 2 4.181827e-01
1 87 2 1.112199e-01
2 87 2 1.504678e-01
3 87 2 2.148404e-01
4 87 2 3.396138e-01
5 87 2 5.958072e-01
6 87 2 8.955738e-01
7 87 2 1.214121e+00
8 87 2 1.237149e+00
9 87 2 8.969385e-01
10 87 2 5.050002e-01
11 87 2 2.218837e-01
12 87 2 1.348716e-01
1 88 2 7.674148e-02
2 88 2 1.089791e-01
3 88 2 1.708953e-01
4 88 2 3.242555e-01
5 88 2 6.654678e-01
6 88 2 1.045933e+00
7 88 2 1.339462e+00
8 88 2 1.174813e+00
9 88 2 7.591646e-01
10 88 2 3.587671e-01
11 88 2 1.839287e-01
12 88 2 1.021657e-01
1 89 2 1.430652e-02
2 89 2 1.990567e-02
3 89 2 3.778033e-02
4 89 2 7.105836e-02
5 89 2 1.418051e-01
6 89 2 2.118404e-01
7 89 2 2.471255e-01
8 89 2 2.164230e-01
9 89 2 1.412388e-01
10 89 2 6.721138e-02
11 89 2 3.698306e-02
12 89 2 2.047028e-02
1 90 2 9.759680e-03
2 90 2 1.286294e-02
3 90 2 2.552511e-02
4 90 2 4.581215e-02
5 90 2 7.034188e-02
6 90 2 9.310928e-02
7 90 2 1.045675e-01
8 90 2 9.675387e-02
9 90 2 7.051007e-02
10 90 2 4.205626e-02
11 90 2 2.318786e-02
12 90 2 1.320034e-02
1 91 2 3.445756e-03
2 91 2 4.875592e-03
3 91 2 1.018619e-02
4 91 2 1.924870e-02
5 91 2 2.840808e-02
6 91 2 3.610931e-02
7 91 2 4.054550e-02
8 91 2 3.718412e-02
9 91 2 2.673615e-02
10 91 2 1.654974e-02
11 91 2 8.577388e-03
12 91 2 4.403258e-03
1 92 2 2.024402e-02
2 92 2 2.891735e-02
3 92 2 7.248852e-02
4 92 2 1.729408e-01
5 92 2 3.261412e-01
6 92 2 4.997632e-01
7 92 2 5.998984e-01
8 92 2 5.460037e-01
9 92 2 3.415852e-01
10 92 2 1.815416e-01
11 92 2 7.120072e-02
12 92 2 3.056472e-02
1 93 2 1.579702e-01
2 93 2 1.906051e-01
3 93 2 3.918943e-01
4 93 2 9.133533e-01
5 93 2 1.629371e+00
6 93 2 2.585697e+00
7 93 2 3.468577e+00
8 93 2 3.409907e+00
9 93 2 2.293520e+00
10 93 2 1.320789e+00
11 93 2 5.656338e-01
12 93 2 2.355978e-01
1 94 2 5.634638e-01
2 94 2 5.606232e-01
3 94 2 7.485674e-01
4 94 2 1.326599e+00
5 94 2 2.264424e+00
6 94 2 3.565614e+00
7 94 2 4.925881e+00
8 94 2 5.368120e+00
9 94 2 4.421802e+00
10 94 2 2.668991e+00
11 94 2 1.432514e+00
12 94 2 7.826912e-01
1 98 2 1.917042e-01
2 98 2 1.784511e-01
3 98 2 1.680394e-01
4 98 2 1.789135e-01
5 98 2 2.030546e-01
6 98 2 2.323545e-01
7 98 2 2.613511e-01
8 98 2 2.754513e-01
9 98 2 2.718088e-01
10 98 2 2.569319e-01
11 98 2 2.311084e-01
12 98 2 2.103111e-01
1 101 2 5.222124e-02
2 101 2 5.365910e-02
3 101 2 5.498668e-02
4 101 2 6.780692e-02
5 101 2 8.720104e-02
6 101 2 1.018163e-01
7 101 2 1.086831e-01
8 101 2 1.089043e-01
9 101 2 1.046969e-01
10 101 2 8.976687e-02
11 101 2 6.902827e-02
12 101 2 5.536560e-02
1 102 2 1.182068e+00
2 102 2 1.336164e+00
3 102 2 1.642171e+00
4 102 2 2.054026e+00
5 102 2 2.376994e+00
6 102 2 2.594915e+00
7 102 2 2.667986e+00
8 102 2 2.701699e+00
9 102 2 2.434985e+00
10 102 2 1.875915e+00
11 102 2 1.505656e+00
12 102 2 1.234073e+00
1 103 2 1.624272e+00
2 103 2 1.657583e+00
3 103 2 1.806558e+00
4 103 2 2.041342e+00
5 103 2 2.377305e+00
6 103 2 2.720522e+00
7 103 2 2.943259e+00
8 103 2 3.088885e+00
9 103 2 3.029557e+00
10 103 2 2.647570e+00
11 103 2 2.178042e+00
12 103 2 1.810970e+00
1 104 2 8.773069e-02
2 104 2 8.418416e-02
3 104 2 8.509887e-02
4 104 2 9.329863e-02
5 104 2 1.090952e-01
6 104 2 1.251920e-01
7 104 2 1.405061e-01
8 104 2 1.517809e-01
9 104 2 1.530026e-01
10 104 2 1.429347e-01
11 104 2 1.175767e-01
12 104 2 9.735336e-02
1 107 2 4.068286e-02
2 107 2 4.291967e-02
3 107 2 5.011025e-02
4 107 2 5.742083e-02
5 107 2 6.439385e-02
6 107 2 8.243960e-02
7 107 2 9.010998e-02
8 107 2 8.974537e-02
9 107 2 8.401510e-02
10 107 2 7.186250e-02
11 107 2 5.712805e-02
12 107 2 4.467629e-02
1 108 2 4.247800e-03
2 108 2 5.428693e-03
3 108 2 7.885758e-03
4 108 2 1.221332e-02
5 108 2 1.895833e-02
6 108 2 2.602090e-02
7 108 2 2.785459e-02
8 108 2 2.461759e-02
9 108 2 1.991951e-02
10 108 2 1.374309e-02
11 108 2 7.158752e-03
12 108 2 4.557245e-03
1 109 2 8.055941e-03
2 109 2 1.064072e-02
3 109 2 1.664278e-02
4 109 2 2.888213e-02
5 109 2 4.920889e-02
6 109 2 6.203030e-02
7 109 2 6.302838e-02
8 109 2 5.794079e-02
9 109 2 4.652811e-02
10 109 2 3.264711e-02
11 109 2 1.452062e-02
12 109 2 8.482408e-03
1 110 2 3.550899e-03
2 110 2 4.523165e-03
3 110 2 7.264434e-03
4 110 2 1.124506e-02
5 110 2 1.744064e-02
6 110 2 2.019710e-02
7 110 2 2.171383e-02
8 110 2 2.147481e-02
9 110 2 1.808129e-02
10 110 2 1.318240e-02
11 110 2 6.376391e-03
12 110 2 3.753213e-03
1 111 2 1.217412e-01
2 111 2 1.522627e-01
3 111 2 2.465100e-01
4 111 2 3.736065e-01
5 111 2 5.646516e-01
6 111 2 7.241536e-01
7 111 2 7.654846e-01
8 111 2 7.581830e-01
9 111 2 6.456591e-01
10 111 2 4.202928e-01
11 111 2 2.264087e-01
12 111 2 1.382946e-01
1 112 2 1.402729e-01
2 112 2 1.808647e-01
3 112 2 3.172882e-01
4 112 2 5.276318e-01
5 112 2 8.023530e-01
6 112 2 9.777619e-01
7 112 2 9.958242e-01
8 112 2 9.282111e-01
9 112 2 7.085870e-01
10 112 2 4.704121e-01
11 112 2 2.699674e-01
12 112 2 1.659462e-01
1 113 2 8.044040e-02
2 113 2 1.019105e-01
3 113 2 1.712103e-01
4 113 2 2.560293e-01
5 113 2 3.150686e-01
6 113 2 2.751015e-01
7 113 2 2.360534e-01
8 113 2 2.254502e-01
9 113 2 2.229808e-01
10 113 2 2.036028e-01
11 113 2 1.424074e-01
12 113 2 9.618338e-02
1 114 2 2.194240e-01
2 114 2 2.975501e-01
3 114 2 5.301363e-01
4 114 2 7.727714e-01
5 114 2 8.915509e-01
6 114 2 6.526655e-01
7 114 2 5.390575e-01
8 114 2 4.941116e-01
9 114 2 4.768352e-01
10 114 2 4.267763e-01
11 114 2 3.253408e-01
12 114 2 2.409919e-01
1 115 2 8.742109e-02
2 115 2 1.271899e-01
3 115 2 2.016166e-01
4 115 2 2.499214e-01
5 115 2 2.231917e-01
6 115 2 2.072261e-01
7 115 2 1.998658e-01
8 115 2 1.917571e-01
9 115 2 1.763593e-01
10 115 2 1.576040e-01
11 115 2 1.197227e-01
12 115 2 8.589207e-02
1 116 2 1.046065e-01
2 116 2 1.339090e-01
3 116 2 2.047789e-01
4 116 2 2.898570e-01
5 116 2 3.371219e-01
6 116 2 3.838964e-01
7 116 2 4.024705e-01
8 116 2 3.852536e-01
9 116 2 3.120983e-01
10 116 2 2.495156e-01
11 116 2 1.812682e-01
12 116 2 1.194117e-01
1 117 2 2.609018e-02
2 117 2 2.724467e-02
3 117 2 3.440751e-02
4 117 2 4.709945e-02
5 117 2 5.997733e-02
6 117 2 7.105988e-02
7 117 2 7.565064e-02
8 117 2 7.555144e-02
9 117 2 6.893611e-02
10 117 2 5.901347e-02
11 117 2 4.763934e-02
12 117 2 3.441405e-02
1 126 2 9.601742e-04
2 126 2 9.980028e-04
3 126 2 1.081699e-03
4 126 2 1.142208e-03
5 126 2 1.128512e-03
6 126 2 1.048825e-03
7 126 2 1.011007e-03
8 126 2 1.020884e-03
9 126 2 1.015480e-03
10 126 2 9.978712e-04
11 126 2 9.750440e-04
12 126 2 9.602811e-04
1 127 2 9.687722e-02
2 127 2 9.852611e-02
3 127 2 1.039922e-01
4 127 2 1.079660e-01
5 127 2 1.094369e-01
6 127 2 1.060035e-01
7 127 2 1.060327e-01
8 127 2 1.084660e-01
9 127 2 1.073098e-01
10 127 2 1.030090e-01
11 127 2 9.982851e-02
12 127 2 9.859281e-02
1 128 2 4.393074e-01
2 128 2 4.511646e-01
3 128 2 4.631493e-01
4 128 2 4.521124e-01
5 128 2 4.397939e-01
6 128 2 4.265829e-01
7 128 2 4.546586e-01
8 128 2 5.169488e-01
9 128 2 5.435669e-01
10 128 2 5.134245e-01
11 128 2 4.668846e-01
12 128 2 4.398982e-01
1 129 2 1.252560e-02
2 129 2 1.235362e-02
3 129 2 1.266519e-02
4 129 2 1.303249e-02
5 129 2 1.323358e-02
6 129 2 1.359158e-02
7 129 2 1.420185e-02
8 129 2 1.548000e-02
9 129 2 1.617334e-02
10 129 2 1.624459e-02
11 129 2 1.483187e-02
12 129 2 1.317631e-02
1 133 2 2.689128e-01
2 133 2 3.126510e-01
3 133 2 3.753206e-01
4 133 2 3.853550e-01
5 133 2 3.675892e-01
6 133 2 3.378641e-01
7 133 2 3.015469e-01
8 133 2 2.823644e-01
9 133 2 2.944432e-01
10 133 2 3.135933e-01
11 133 2 2.991731e-01
12 133 2 2.617766e-01
1 135 2 1.162739e-02
2 135 2 1.310000e-02
3 135 2 1.557889e-02
4 135 2 1.677774e-02
5 135 2 1.612180e-02
6 135 2 1.438230e-02
7 135 2 1.242488e-02
8 135 2 1.254922e-02
9 135 2 1.333499e-02
10 135 2 1.254078e-02
11 135 2 1.202023e-02
12 135 2 1.129136e-02
1 136 2 1.300642e-02
2 136 2 1.338624e-02
3 136 2 1.655458e-02
4 136 2 2.012533e-02
5 136 2 2.203814e-02
6 136 2 2.010719e-02
7 136 2 1.779251e-02
8 136 2 1.775170e-02
9 136 2 1.784346e-02
10 136 2 1.678530e-02
11 136 2 1.587042e-02
12 136 2 1.409313e-02
1 137 2 3.163906e-03
2 137 2 3.319263e-03
3 137 2 3.805604e-03
4 137 2 4.181800e-03
5 137 2 4.127691e-03
6 137 2 3.797889e-03
7 137 2 3.513452e-03
8 137 2 3.390130e-03
9 137 2 3.392260e-03
10 137 2 3.533952e-03
11 137 2 3.493976e-03
12 137 2 3.294506e-03
1 138 2 1.264462e-01
2 138 2 1.390478e-01
3 138 2 1.613160e-01
4 138 2 1.795347e-01
5 138 2 1.811395e-01
6 138 2 1.592034e-01
7 138 2 1.474867e-01
8 138 2 1.422326e-01
9 138 2 1.426207e-01
10 138 2 1.434518e-01
11 138 2 1.391509e-01
12 138 2 1.290508e-01
1 139 2 2.136104e-01
2 139 2 2.432628e-01
3 139 2 2.718223e-01
4 139 2 2.852968e-01
5 139 2 2.812763e-01
6 139 2 2.619446e-01
7 139 2 2.478392e-01
8 139 2 2.385862e-01
9 139 2 2.354937e-01
10 139 2 2.373219e-01
11 139 2 2.258300e-01
12 139 2 2.067172e-01
1 140 2 7.072809e-02
2 140 2 7.313547e-02
3 140 2 7.943079e-02
4 140 2 8.999378e-02
5 140 2 9.556052e-02
6 140 2 9.178605e-02
7 140 2 8.690647e-02
8 140 2 8.382055e-02
9 140 2 8.259859e-02
10 140 2 8.305509e-02
11 140 2 8.130092e-02
12 140 2 7.579728e-02
1 141 2 1.109888e-01
2 141 2 1.098404e-01
3 141 2 1.129865e-01
4 141 2 1.240017e-01
5 141 2 1.338143e-01
6 141 2 1.323205e-01
7 141 2 1.287424e-01
8 141 2 1.248410e-01
9 141 2 1.237829e-01
10 141 2 1.240739e-01
11 141 2 1.253124e-01
12 141 2 1.216685e-01
1 150 2 1.285489e-04
2 150 2 1.407170e-04
3 150 2 1.506216e-04
4 150 2 1.540229e-04
5 150 2 1.441185e-04
6 150 2 1.271060e-04
7 150 2 1.159561e-04
8 150 2 1.131560e-04
9 150 2 1.094977e-04
10 150 2 1.070065e-04
11 150 2 1.090869e-04
12 150 2 1.160654e-04
1 151 2 8.329757e-02
2 151 2 8.859668e-02
3 151 2 9.393875e-02
4 151 2 9.615379e-02
5 151 2 9.303548e-02
6 151 2 8.757519e-02
7 151 2 8.564016e-02
8 151 2 8.894656e-02
9 151 2 8.468503e-02
10 151 2 7.946814e-02
11 151 2 7.713792e-02
12 151 2 7.906232e-02
1 152 2 6.598040e-02
2 152 2 6.683330e-02
3 152 2 6.745199e-02
4 152 2 6.409681e-02
5 152 2 6.161421e-02
6 152 2 6.051381e-02
7 152 2 6.918346e-02
8 152 2 9.224782e-02
9 152 2 9.793115e-02
10 152 2 8.346763e-02
11 152 2 7.157695e-02
12 152 2 6.619398e-02
1 153 2 7.648809e-02
2 153 2 7.834343e-02
3 153 2 8.265772e-02
4 153 2 8.107632e-02
5 153 2 7.829554e-02
6 153 2 7.687051e-02
7 153 2 8.973231e-02
8 153 2 1.172640e-01
9 153 2 1.426257e-01
10 153 2 1.274781e-01
11 153 2 9.643062e-02
12 153 2 8.045830e-02
1 154 2 2.080614e-01
2 154 2 2.069325e-01
3 154 2 2.153399e-01
4 154 2 2.063356e-01
5 154 2 1.929425e-01
6 154 2 1.735541e-01
7 154 2 1.638806e-01
8 154 2 1.707197e-01
9 154 2 1.924842e-01
10 154 2 2.163178e-01
11 154 2 2.279749e-01
12 154 2 2.204408e-01
1 157 2 8.296183e-03
2 157 2 8.614757e-03
3 157 2 9.223331e-03
4 157 2 9.093400e-03
5 157 2 8.863451e-03
6 157 2 8.333168e-03
7 157 2 7.951030e-03
8 157 2 7.870884e-03
9 157 2 7.813996e-03
10 157 2 7.950243e-03
11 157 2 8.007240e-03
12 157 2 8.111736e-03
1 163 2 3.857967e-02
2 163 2 3.909659e-02
3 163 2 4.025677e-02
4 163 2 4.267244e-02
5 163 2 4.271408e-02
6 163 2 3.949085e-02
7 163 2 3.650916e-02
8 163 2 3.428282e-02
9 163 2 3.477374e-02
10 163 2 3.678927e-02
11 163 2 3.822742e-02
12 163 2 3.852695e-02
1 164 2 1.459846e-01
2 164 2 1.447364e-01
3 164 2 1.487654e-01
4 164 2 1.557055e-01
5 164 2 1.538739e-01
6 164 2 1.423215e-01
7 164 2 1.317311e-01
8 164 2 1.286770e-01
9 164 2 1.377869e-01
10 164 2 1.509516e-01
11 164 2 1.540001e-01
12 164 2 1.514357e-01
1 165 2 6.798444e-02
2 165 2 6.662956e-02
3 165 2 6.746719e-02
4 165 2 6.895947e-02
5 165 2 6.820257e-02
6 165 2 6.275603e-02
7 165 2 5.917035e-02
8 165 2 5.989112e-02
9 165 2 6.383748e-02
10 165 2 6.825609e-02
11 165 2 7.180256e-02
12 165 2 7.188715e-02
1 166 2 2.986253e-02
2 166 2 2.956441e-02
3 166 2 2.907596e-02
4 166 2 2.893955e-02
5 166 2 2.799196e-02
6 166 2 2.588791e-02
7 166 2 2.444602e-02
8 166 2 2.462840e-02
9 166 2 2.555014e-02
10 166 2 2.687687e-02
11 166 2 2.897721e-02
12 166 2 3.043724e-02
1 170 2 1.278016e-03
2 170 2 1.405564e-03
3 170 2 1.380959e-03
4 170 2 1.255218e-03
5 170 2 1.045972e-03
6 170 2 8.794794e-04
7 170 2 8.318499e-04
8 170 2 7.941488e-04
9 170 2 8.075056e-04
10 170 2 8.991518e-04
11 170 2 9.920467e-04
12 170 2 1.142403e-03
1 171 2 4.584623e-03
2 171 2 5.032598e-03
3 171 2 5.093524e-03
4 171 2 4.531625e-03
5 171 2 3.769803e-03
6 171 2 3.230543e-03
7 171 2 2.932986e-03
8 171 2 2.779096e-03
9 171 2 2.819588e-03
10 171 2 3.066924e-03
11 171 2 3.500406e-03
12 171 2 4.135392e-03
1 175 2 1.321172e-04
2 175 2 1.396786e-04
3 175 2 1.400793e-04
4 175 2 1.312009e-04
5 175 2 1.139929e-04
6 175 2 1.038765e-04
7 175 2 1.017211e-04
8 175 2 1.008623e-04
9 175 2 9.381292e-05
10 175 2 9.483158e-05
11 175 2 9.914554e-05
12 175 2 1.156538e-04
1 176 2 9.549917e-02
2 176 2 9.621518e-02
3 176 2 9.419434e-02
4 176 2 8.319407e-02
5 176 2 6.730029e-02
6 176 2 6.098669e-02
7 176 2 6.087546e-02
8 176 2 6.945081e-02
9 176 2 7.563912e-02
10 176 2 8.072537e-02
11 176 2 8.616831e-02
12 176 2 9.153189e-02
1 177 2 4.188434e-01
2 177 2 4.070015e-01
3 177 2 3.842852e-01
4 177 2 3.360318e-01
5 177 2 2.747825e-01
6 177 2 2.346410e-01
7 177 2 2.441404e-01
8 177 2 2.925251e-01
9 177 2 3.676583e-01
10 177 2 3.823505e-01
11 177 2 3.901059e-01
12 177 2 3.909029e-01
1 178 2 1.523722e-01
2 178 2 1.505914e-01
3 178 2 1.443528e-01
4 178 2 1.209909e-01
5 178 2 1.053473e-01
6 178 2 8.904192e-02
7 178 2 8.480679e-02
8 178 2 8.543095e-02
9 178 2 9.743185e-02
10 178 2 1.048339e-01
11 178 2 1.184039e-01
12 178 2 1.314532e-01
1 181 2 1.862648e-03
2 181 2 1.967368e-03
3 181 2 1.994460e-03
4 181 2 1.906971e-03
5 181 2 1.572657e-03
6 181 2 1.359871e-03
7 181 2 1.202406e-03
8 181 2 1.230564e-03
9 181 2 1.333192e-03
10 181 2 1.443598e-03
11 181 2 1.634893e-03
12 181 2 1.740688e-03
1 182 2 2.224493e-01
2 182 2 2.056118e-01
3 182 2 1.938827e-01
4 182 2 1.619575e-01
5 182 2 1.268271e-01
6 182 2 9.485908e-02
7 182 2 9.405258e-02
8 182 2 1.306977e-01
9 182 2 1.813571e-01
10 182 2 2.224281e-01
11 182 2 2.458288e-01
12 182 2 2.359593e-01
1 183 2 4.729852e-02
2 183 2 4.543815e-02
3 183 2 4.337924e-02
4 183 2 3.933312e-02
5 183 2 3.309420e-02
6 183 2 2.685987e-02
7 183 2 2.499029e-02
8 183 2 2.967502e-02
9 183 2 3.450396e-02
10 183 2 4.081814e-02
11 183 2 4.443856e-02
12 183 2 4.570793e-02
1 184 2 1.475870e-02
2 184 2 1.495437e-02
3 184 2 1.448307e-02
4 184 2 1.303383e-02
5 184 2 1.083563e-02
6 184 2 8.757236e-03
7 184 2 7.896825e-03
8 184 2 8.247461e-03
9 184 2 8.736807e-03
10 184 2 1.003312e-02
11 184 2 1.173943e-02
12 184 2 1.338035e-02
1 188 2 2.889528e-02
2 188 2 2.864335e-02
3 188 2 2.654981e-02
4 188 2 2.167973e-02
5 188 2 1.532237e-02
6 188 2 1.165474e-02
7 188 2 1.002880e-02
8 188 2 1.020157e-02
9 188 2 1.381797e-02
10 188 2 1.815876e-02
11 188 2 2.162528e-02
12 188 2 2.697254e-02
1 189 2 2.520805e-02
2 189 2 2.329732e-02
3 189 2 2.113275e-02
4 189 2 1.562024e-02
5 189 2 1.034200e-02
6 189 2 7.313473e-03
7 189 2 6.953549e-03
8 189 2 8.541261e-03
9 189 2 1.374011e-02
10 189 2 1.956391e-02
11 189 2 2.379624e-02
12 189 2 2.486695e-02
1 190 2 1.031386e-01
2 190 2 9.772568e-02
3 190 2 8.482610e-02
4 190 2 6.008056e-02
5 190 2 4.191819e-02
6 190 2 3.040926e-02
7 190 2 2.857291e-02
8 190 2 3.444456e-02
9 190 2 4.838123e-02
10 190 2 6.595532e-02
11 190 2 8.642251e-02
12 190 2 9.696447e-02
1 191 2 6.742666e-02
2 191 2 6.987184e-02
3 191 2 6.791576e-02
4 191 2 5.610604e-02
5 191 2 4.613705e-02
6 191 2 3.790078e-02
7 191 2 3.332116e-02
8 191 2 3.384054e-02
9 191 2 3.692072e-02
10 191 2 4.143971e-02
11 191 2 5.096650e-02
12 191 2 5.996162e-02
1 192 2 8.825476e-03
2 192 2 9.537886e-03
3 192 2 9.292846e-03
4 192 2 8.046213e-03
5 192 2 6.800263e-03
6 192 2 5.790152e-03
7 192 2 5.088391e-03
8 192 2 4.728310e-03
9 192 2 4.868488e-03
10 192 2 5.346157e-03
11 192 2 6.381929e-03
12 192 2 7.663301e-03
1 200 2 4.153868e-01
2 200 2 4.273297e-01
3 200 2 3.494619e-01
4 200 2 2.310193e-01
5 200 2 1.512137e-01
6 200 2 1.231496e-01
7 200 2 1.169985e-01
8 200 2 1.261729e-01
9 200 2 1.397588e-01
10 200 2 1.786885e-01
11 200 2 2.483140e-01
12 200 2 3.421262e-01
1 201 2 2.812548e-01
2 201 2 2.901967e-01
3 201 2 2.656578e-01
4 201 2 2.044844e-01
5 201 2 1.540985e-01
6 201 2 1.274900e-01
7 201 2 1.204852e-01
8 201 2 1.246310e-01
9 201 2 1.233473e-01
10 201 2 1.467674e-01
11 201 2 1.870890e-01
12 201 2 2.330135e-01
1 206 2 1.478289e-01
2 206 2 1.596745e-01
3 206 2 1.444627e-01
4 206 2 1.232766e-01
5 206 2 1.019491e-01
6 206 2 8.889102e-02
7 206 2 7.624138e-02
8 206 2 7.485939e-02
9 206 2 8.103450e-02
10 206 2 9.172648e-02
11 206 2 1.075246e-01
12 206 2 1.266751e-01
1 207 2 5.606017e-03
2 207 2 6.121067e-03
3 207 2 5.805090e-03
4 207 2 5.263770e-03
5 207 2 4.668188e-03
6 207 2 4.003884e-03
7 207 2 3.529065e-03
8 207 2 3.475229e-03
9 207 2 3.506284e-03
10 207 2 3.862046e-03
11 207 2 4.162141e-03
12 207 2 4.761231e-03
1 212 2 4.062944e-02
2 212 2 4.336942e-02
3 212 2 3.849460e-02
4 212 2 3.236206e-02
5 212 2 2.522366e-02
6 212 2 2.035759e-02
7 212 2 1.689795e-02
8 212 2 1.633172e-02
9 212 2 1.854837e-02
10 212 2 2.188620e-02
11 212 2 2.596085e-02
12 212 2 3.432520e-02
1 213 2 8.857730e-03
2 213 2 9.680833e-03
3 213 2 8.204124e-03
4 213 2 6.942447e-03
5 213 2 5.357024e-03
6 213 2 4.129512e-03
7 213 2 3.504746e-03
8 213 2 3.421481e-03
9 213 2 4.121319e-03
10 213 2 5.079050e-03
11 213 2 6.237009e-03
12 213 2 7.632338e-03
1 214 2 3.149353e-01
2 214 2 3.338709e-01
3 214 2 2.682445e-01
4 214 2 1.992346e-01
5 214 2 1.472709e-01
6 214 2 1.085319e-01
7 214 2 9.399029e-02
8 214 2 9.689689e-02
9 214 2 1.223116e-01
10 214 2 1.639781e-01
11 214 2 2.244710e-01
12 214 2 2.722443e-01
1 215 2 1.163686e-01
2 215 2 1.197006e-01
3 215 2 1.116025e-01
4 215 2 8.894248e-02
5 215 2 7.224399e-02
6 215 2 5.804653e-02
7 215 2 5.016024e-02
8 215 2 5.028358e-02
9 215 2 5.654727e-02
10 215 2 6.727308e-02
11 215 2 8.470607e-02
12 215 2 1.023296e-01
1 216 2 5.938167e-02
2 216 2 6.199882e-02
3 216 2 5.813962e-02
4 216 2 4.726413e-02
5 216 2 3.784640e-02
6 216 2 3.255804e-02
7 216 2 2.861004e-02
8 216 2 2.735650e-02
9 216 2 2.838722e-02
10 216 2 3.226474e-02
11 216 2 3.880901e-02
12 216 2 4.987659e-02
1 224 2 1.214599e-02
2 224 2 1.327845e-02
3 224 2 1.158706e-02
4 224 2 9.978201e-03
5 224 2 8.057584e-03
6 224 2 6.847384e-03
7 224 2 6.220782e-03
8 224 2 6.497536e-03
9 224 2 6.681974e-03
10 224 2 7.881068e-03
11 224 2 9.411551e-03
12 224 2 1.122872e-02
1 240 2 3.668379e-03
2 240 2 3.741723e-03
3 240 2 3.421715e-03
4 240 2 3.021911e-03
5 240 2 2.626429e-03
6 240 2 2.265387e-03
7 240 2 2.219432e-03
8 240 2 2.288105e-03
9 240 2 2.227333e-03
10 240 2 2.398605e-03
11 240 2 2.635478e-03
12 240 2 3.266217e-03
