1 7 2 3.647585e-06
2 7 2 3.116091e-06
3 7 2 3.407898e-06
4 7 2 8.808018e-06
5 7 2 3.030589e-05
6 7 2 8.162516e-05
7 7 2 1.104412e-04
8 7 2 7.529988e-05
9 7 2 3.256467e-05
10 7 2 1.427626e-05
11 7 2 7.563757e-06
12 7 2 4.462124e-06
1 25 2 4.656739e-04
2 25 2 4.421555e-04
3 25 2 6.229240e-04
4 25 2 1.136698e-03
5 25 2 3.179934e-03
6 25 2 5.766405e-03
7 25 2 6.990571e-03
8 25 2 5.360533e-03
9 25 2 3.028985e-03
10 25 2 1.417455e-03
11 25 2 6.758590e-04
12 25 2 3.913878e-04
1 26 2 2.677452e-03
2 26 2 2.203568e-03
3 26 2 3.643781e-03
4 26 2 8.133218e-03
5 26 2 2.291002e-02
6 26 2 4.375750e-02
7 26 2 4.747676e-02
8 26 2 3.552226e-02
9 26 2 1.942881e-02
10 26 2 7.820854e-03
11 26 2 4.086076e-03
12 26 2 2.526214e-03
1 27 2 1.163707e-02
2 27 2 1.027449e-02
3 27 2 1.801113e-02
4 27 2 4.587214e-02
5 27 2 1.291794e-01
6 27 2 2.670294e-01
7 27 2 3.011640e-01
8 27 2 2.266782e-01
9 27 2 1.171393e-01
10 27 2 4.398863e-02
11 27 2 2.331240e-02
12 27 2 1.442033e-02
1 28 2 3.788022e-04
2 28 2 3.447202e-04
3 28 2 5.797595e-04
4 28 2 1.575925e-03
5 28 2 4.500229e-03
6 28 2 9.634918e-03
7 28 2 1.148706e-02
8 28 2 8.655629e-03
9 28 2 4.452639e-03
10 28 2 1.734087e-03
11 28 2 8.656813e-04
12 28 2 5.397042e-04
1 29 2 5.079599e-04
2 29 2 4.805316e-04
3 29 2 7.655107e-04
4 29 2 2.301763e-03
5 29 2 6.883284e-03
6 29 2 1.694039e-02
7 29 2 2.307671e-02
8 29 2 1.716923e-02
9 29 2 7.884967e-03
10 29 2 2.922462e-03
11 29 2 1.381460e-03
12 29 2 8.623676e-04
1 30 2 1.151261e-04
2 30 2 1.006850e-04
3 30 2 1.600237e-04
4 30 2 4.897873e-04
5 30 2 1.356787e-03
6 30 2 3.689932e-03
7 30 2 5.348381e-03
8 30 2 4.095825e-03
9 30 2 1.853220e-03
10 30 2 7.253838e-04
11 30 2 3.345996e-04
12 30 2 2.003911e-04
1 31 2 2.056175e-04
2 31 2 1.584456e-04
3 31 2 2.406982e-04
4 31 2 6.699429e-04
5 31 2 1.730117e-03
6 31 2 4.555312e-03
7 31 2 6.424001e-03
8 31 2 5.185294e-03
9 31 2 2.594029e-03
10 31 2 1.187937e-03
11 31 2 5.703550e-04
12 31 2 3.178283e-04
1 32 2 2.433709e-04
2 32 2 2.014643e-04
3 32 2 2.816123e-04
4 32 2 6.257537e-04
5 32 2 1.671304e-03
6 32 2 3.958990e-03
7 32 2 5.107567e-03
8 32 2 4.219080e-03
9 32 2 2.355983e-03
10 32 2 1.214533e-03
11 32 2 6.276209e-04
12 32 2 3.254906e-04
1 35 2 4.094659e-03
2 35 2 3.901593e-03
3 35 2 4.238285e-03
4 35 2 5.647897e-03
5 35 2 8.853832e-03
6 35 2 1.352173e-02
7 35 2 1.627080e-02
8 35 2 1.494090e-02
9 35 2 1.015441e-02
10 35 2 7.341628e-03
11 35 2 5.560891e-03
12 35 2 4.517720e-03
1 36 2 4.909467e-04
2 36 2 4.609034e-04
3 36 2 5.108172e-04
4 36 2 6.135363e-04
5 36 2 8.391127e-04
6 36 2 1.210489e-03
7 36 2 1.425615e-03
8 36 2 1.452312e-03
9 36 2 1.108593e-03
10 36 2 8.685381e-04
11 36 2 6.647668e-04
12 36 2 5.508156e-04
1 37 2 4.422606e-02
2 37 2 4.280468e-02
3 37 2 5.393589e-02
4 37 2 6.935432e-02
5 37 2 1.048505e-01
6 37 2 1.590285e-01
7 37 2 1.849583e-01
8 37 2 1.818184e-01
9 37 2 1.338014e-01
10 37 2 1.003277e-01
11 37 2 7.071207e-02
12 37 2 5.417147e-02
1 38 2 7.420974e-02
2 38 2 7.414321e-02
3 38 2 1.129474e-01
4 38 2 1.674631e-01
5 38 2 3.057443e-01
6 38 2 5.425199e-01
7 38 2 6.431361e-01
8 38 2 5.577860e-01
9 38 2 3.602872e-01
10 38 2 2.462559e-01
11 38 2 1.407155e-01
12 38 2 1.015457e-01
1 39 2 2.036813e-03
2 39 2 2.121949e-03
3 39 2 3.437120e-03
4 39 2 5.307199e-03
5 39 2 1.029772e-02
6 39 2 1.990810e-02
7 39 2 2.472029e-02
8 39 2 2.001398e-02
9 39 2 1.261506e-02
10 39 2 7.966258e-03
11 39 2 4.032348e-03
12 39 2 2.943322e-03
1 40 2 2.878002e-04
2 40 2 3.157667e-04
3 40 2 5.631653e-04
4 40 2 9.470072e-04
5 40 2 2.070205e-03
6 40 2 4.700278e-03
7 40 2 5.880773e-03
8 40 2 4.313987e-03
9 40 2 2.657372e-03
10 40 2 1.431817e-03
11 40 2 6.133491e-04
12 40 2 4.569259e-04
1 41 2 1.532459e-04
2 41 2 1.638276e-04
3 41 2 3.283050e-04
4 41 2 5.847344e-04
5 41 2 1.466600e-03
6 41 2 3.721647e-03
7 41 2 4.811868e-03
8 41 2 3.375022e-03
9 41 2 1.886119e-03
10 41 2 8.174614e-04
11 41 2 3.140467e-04
12 41 2 2.617539e-04
1 42 2 8.298467e-05
2 42 2 8.680363e-05
3 42 2 1.871908e-04
4 42 2 3.692698e-04
5 42 2 1.049772e-03
6 42 2 2.911753e-03
7 42 2 4.076113e-03
8 42 2 2.722093e-03
9 42 2 1.289053e-03
10 42 2 4.613384e-04
11 42 2 1.719958e-04
12 42 2 1.410975e-04
1 43 2 2.328194e-06
2 43 2 2.414036e-06
3 43 2 5.695874e-06
4 43 2 1.389810e-05
5 43 2 4.651949e-05
6 43 2 1.371932e-04
7 43 2 2.005575e-04
8 43 2 1.258961e-04
9 43 2 5.148126e-05
10 43 2 1.580605e-05
11 43 2 5.390204e-06
12 43 2 3.776957e-06
1 44 2 9.616673e-06
2 44 2 9.662590e-06
3 44 2 2.101762e-05
4 44 2 5.682062e-05
5 44 2 2.122801e-04
6 44 2 6.689648e-04
7 44 2 9.777290e-04
8 44 2 5.895645e-04
9 44 2 2.125291e-04
10 44 2 6.296807e-05
11 44 2 2.066630e-05
12 44 2 1.397274e-05
1 45 2 2.207707e-05
2 45 2 2.474195e-05
3 45 2 4.508411e-05
4 45 2 1.329566e-04
5 45 2 5.567966e-04
6 45 2 1.847509e-03
7 45 2 2.584641e-03
8 45 2 1.573785e-03
9 45 2 5.411892e-04
10 45 2 1.381769e-04
11 45 2 4.005154e-05
12 45 2 2.617570e-05
1 46 2 1.001944e-05
2 46 2 1.260470e-05
3 46 2 1.981364e-05
4 46 2 5.502046e-05
5 46 2 2.160631e-04
6 46 2 6.702035e-04
7 46 2 9.375674e-04
8 46 2 5.874905e-04
9 46 2 2.206782e-04
10 46 2 5.348977e-05
11 46 2 1.470645e-05
12 46 2 1.048775e-05
1 47 2 1.316802e-05
2 47 2 1.675812e-05
3 47 2 2.361482e-05
4 47 2 5.290965e-05
5 47 2 1.803425e-04
6 47 2 4.968433e-04
7 47 2 6.738256e-04
8 47 2 4.569020e-04
9 47 2 1.935576e-04
10 47 2 5.970060e-05
11 47 2 1.761324e-05
12 47 2 1.338840e-05
1 48 2 1.782370e-05
2 48 2 2.047476e-05
3 48 2 2.816189e-05
4 48 2 5.499423e-05
5 48 2 1.706576e-04
6 48 2 3.925418e-04
7 48 2 5.216516e-04
8 48 2 3.670118e-04
9 48 2 1.747124e-04
10 48 2 6.513898e-05
11 48 2 2.344922e-05
12 48 2 1.555009e-05
1 49 2 1.392386e-03
2 49 2 1.266949e-03
3 49 2 1.437091e-03
4 49 2 1.681988e-03
5 49 2 2.405601e-03
6 49 2 3.659983e-03
7 49 2 5.458262e-03
8 49 2 5.132729e-03
9 49 2 3.580019e-03
10 49 2 2.561848e-03
11 49 2 1.870357e-03
12 49 2 1.364422e-03
1 50 2 5.679249e-03
2 50 2 4.902323e-03
3 50 2 5.746281e-03
4 50 2 6.550164e-03
5 50 2 9.218900e-03
6 50 2 1.352861e-02
7 50 2 1.867147e-02
8 50 2 1.795566e-02
9 50 2 1.300153e-02
10 50 2 9.268037e-03
11 50 2 6.938801e-03
12 50 2 5.463549e-03
1 51 2 2.180979e-03
2 51 2 1.990485e-03
3 51 2 2.162882e-03
4 51 2 2.496681e-03
5 51 2 3.403039e-03
6 51 2 4.772492e-03
7 51 2 6.219254e-03
8 51 2 6.167612e-03
9 51 2 5.124381e-03
10 51 2 3.604359e-03
11 51 2 2.701334e-03
12 51 2 2.263801e-03
1 52 2 7.662518e-01
2 52 2 8.053964e-01
3 52 2 1.011761e+00
4 52 2 1.475010e+00
5 52 2 2.494435e+00
6 52 2 3.432902e+00
7 52 2 4.403334e+00
8 52 2 4.118625e+00
9 52 2 3.324707e+00
10 52 2 1.899289e+00
11 52 2 1.143186e+00
12 52 2 8.815707e-01
1 53 2 1.929706e-01
2 53 2 2.421076e-01
3 53 2 4.101813e-01
4 53 2 8.953033e-01
5 53 2 1.704931e+00
6 53 2 2.545896e+00
7 53 2 3.534006e+00
8 53 2 3.011385e+00
9 53 2 2.038128e+00
10 53 2 8.989004e-01
11 53 2 4.009338e-01
12 53 2 2.540079e-01
1 54 2 1.069147e-01
2 54 2 1.386958e-01
3 54 2 2.593667e-01
4 54 2 6.445007e-01
5 54 2 1.269466e+00
6 54 2 2.452028e+00
7 54 2 3.483223e+00
8 54 2 2.920772e+00
9 54 2 1.771402e+00
10 54 2 7.533726e-01
11 54 2 3.229299e-01
12 54 2 1.781345e-01
1 55 2 6.606553e-02
2 55 2 7.368068e-02
3 55 2 1.374493e-01
4 55 2 3.218444e-01
5 55 2 6.386699e-01
6 55 2 1.363942e+00
7 55 2 1.895983e+00
8 55 2 1.635121e+00
9 55 2 1.036888e+00
10 55 2 4.971710e-01
11 55 2 2.326073e-01
12 55 2 1.331916e-01
1 56 2 2.251389e-01
2 56 2 2.336450e-01
3 56 2 4.046794e-01
4 56 2 9.023773e-01
5 56 2 1.972476e+00
6 56 2 3.888184e+00
7 56 2 5.375755e+00
8 56 2 4.461605e+00
9 56 2 2.916210e+00
10 56 2 1.502537e+00
11 56 2 6.773997e-01
12 56 2 3.884952e-01
1 57 2 4.531064e-02
2 57 2 4.323084e-02
3 57 2 5.317147e-02
4 57 2 8.070598e-02
5 57 2 1.350337e-01
6 57 2 2.197168e-01
7 57 2 3.128792e-01
8 57 2 2.819806e-01
9 57 2 2.097937e-01
10 57 2 1.347606e-01
11 57 2 8.240680e-02
12 57 2 5.922204e-02
1 60 2 3.690243e+00
2 60 2 3.573667e+00
3 60 2 4.098286e+00
4 60 2 4.860508e+00
5 60 2 5.992620e+00
6 60 2 7.886247e+00
7 60 2 9.181168e+00
8 60 2 9.185029e+00
9 60 2 7.794819e+00
10 60 2 6.363161e+00
11 60 2 5.089041e+00
12 60 2 4.218294e+00
1 61 2 5.564797e+00
2 61 2 5.598269e+00
3 61 2 7.873871e+00
4 61 2 1.185971e+01
5 61 2 1.729970e+01
6 61 2 2.437248e+01
7 61 2 2.884247e+01
8 61 2 2.774884e+01
9 61 2 2.156158e+01
10 61 2 1.466631e+01
11 61 2 9.567727e+00
12 61 2 6.710723e+00
1 62 2 7.467913e-01
2 62 2 8.179122e-01
3 62 2 1.287543e+00
4 62 2 2.330846e+00
5 62 2 3.997903e+00
6 62 2 5.671345e+00
7 62 2 6.934909e+00
8 62 2 6.473486e+00
9 62 2 4.510869e+00
10 62 2 2.690007e+00
11 62 2 1.460793e+00
12 62 2 9.506421e-01
1 63 2 1.782661e-02
2 63 2 2.164075e-02
3 63 2 3.621065e-02
4 63 2 7.616016e-02
5 63 2 1.461639e-01
6 63 2 2.172959e-01
7 63 2 2.778689e-01
8 63 2 2.418004e-01
9 63 2 1.476841e-01
10 63 2 8.065189e-02
11 63 2 3.725371e-02
12 63 2 2.438785e-02
1 64 2 4.249333e-03
2 64 2 5.443838e-03
3 64 2 1.036638e-02
4 64 2 2.455450e-02
5 64 2 5.258800e-02
6 64 2 8.423393e-02
7 64 2 1.067683e-01
8 64 2 8.346899e-02
9 64 2 4.779311e-02
10 64 2 2.112828e-02
11 64 2 9.654585e-03
12 64 2 6.607190e-03
1 65 2 1.436969e-03
2 65 2 1.781851e-03
3 65 2 3.903700e-03
4 65 2 1.100857e-02
5 65 2 2.308147e-02
6 65 2 3.922781e-02
7 65 2 5.084482e-02
8 65 2 3.794782e-02
9 65 2 2.152280e-02
10 65 2 7.637501e-03
11 65 2 3.362178e-03
12 65 2 2.436566e-03
1 66 2 1.008050e-03
2 66 2 1.246264e-03
3 66 2 2.962726e-03
4 66 2 9.719720e-03
5 66 2 2.021007e-02
6 66 2 3.475213e-02
7 66 2 4.792899e-02
8 66 2 3.623436e-02
9 66 2 2.049719e-02
10 66 2 6.790955e-03
11 66 2 2.602395e-03
12 66 2 1.614215e-03
1 67 2 5.849881e-04
2 67 2 7.800544e-04
3 67 2 1.983683e-03
4 67 2 7.327899e-03
5 67 2 1.662658e-02
6 67 2 2.835675e-02
7 67 2 3.964586e-02
8 67 2 3.051074e-02
9 67 2 1.668725e-02
10 67 2 6.136681e-03
11 67 2 1.940465e-03
12 67 2 8.733930e-04
1 68 2 3.078382e-04
2 68 2 4.133439e-04
3 68 2 1.227608e-03
4 68 2 5.642734e-03
5 68 2 1.537717e-02
6 68 2 2.946743e-02
7 68 2 4.225072e-02
8 68 2 3.142329e-02
9 68 2 1.508034e-02
10 68 2 5.540337e-03
11 68 2 1.263393e-03
12 68 2 4.396169e-04
1 69 2 5.207762e-04
2 69 2 7.383640e-04
3 69 2 1.765747e-03
4 69 2 7.742907e-03
5 69 2 2.482799e-02
6 69 2 5.875824e-02
7 69 2 8.608034e-02
8 69 2 6.626445e-02
9 69 2 2.846677e-02
10 69 2 9.256295e-03
11 69 2 1.793536e-03
12 69 2 6.744859e-04
1 70 2 1.605867e-03
2 70 2 1.876951e-03
3 70 2 2.689617e-03
4 70 2 7.017072e-03
5 70 2 1.759658e-02
6 70 2 4.272952e-02
7 70 2 6.916553e-02
8 70 2 6.303775e-02
9 70 2 3.254847e-02
10 70 2 1.160187e-02
11 70 2 3.528597e-03
12 70 2 1.986344e-03
1 71 2 1.670167e-04
2 71 2 1.694828e-04
3 71 2 1.917827e-04
4 71 2 3.077533e-04
5 71 2 5.960038e-04
6 71 2 1.243320e-03
7 71 2 1.908106e-03
8 71 2 1.897136e-03
9 71 2 1.217184e-03
10 71 2 5.797286e-04
11 71 2 2.769511e-04
12 71 2 1.923519e-04
1 72 2 7.024900e-07
2 72 2 6.709391e-07
3 72 2 7.268930e-07
4 72 2 9.267955e-07
5 72 2 1.442025e-06
6 72 2 2.509172e-06
7 72 2 3.886421e-06
8 72 2 3.737825e-06
9 72 2 2.615108e-06
10 72 2 1.585653e-06
11 72 2 9.769809e-07
12 72 2 6.976927e-07
1 76 2 1.986017e+00
2 76 2 1.817002e+00
3 76 2 1.835289e+00
4 76 2 1.996357e+00
5 76 2 2.714081e+00
6 76 2 3.870107e+00
7 76 2 5.189599e+00
8 76 2 5.538253e+00
9 76 2 5.276878e+00
10 76 2 3.523900e+00
11 76 2 2.274826e+00
12 76 2 1.989533e+00
1 77 2 1.898265e+00
2 77 2 2.464882e+00
3 77 2 3.228847e+00
4 77 2 5.218527e+00
5 77 2 8.762118e+00
6 77 2 1.352780e+01
7 77 2 1.838062e+01
8 77 2 1.744619e+01
9 77 2 1.292340e+01
10 77 2 6.529054e+00
11 77 2 2.864968e+00
12 77 2 1.805775e+00
1 78 2 2.213542e+00
2 78 2 3.024493e+00
3 78 2 4.211788e+00
4 78 2 7.554285e+00
5 78 2 1.181272e+01
6 78 2 1.875450e+01
7 78 2 2.315036e+01
8 78 2 2.167750e+01
9 78 2 1.405545e+01
10 78 2 7.453882e+00
11 78 2 4.025257e+00
12 78 2 2.323917e+00
1 79 2 7.042748e+00
2 79 2 8.641569e+00
3 79 2 1.268832e+01
4 79 2 2.104568e+01
5 79 2 3.197422e+01
6 79 2 5.223534e+01
7 79 2 6.400789e+01
8 79 2 6.063612e+01
9 79 2 4.186960e+01
10 79 2 2.527439e+01
11 79 2 1.440005e+01
12 79 2 8.821203e+00
1 80 2 3.461649e+00
2 80 2 3.468408e+00
3 80 2 4.358272e+00
4 80 2 5.892883e+00
5 80 2 8.788712e+00
6 80 2 1.337171e+01
7 80 2 1.721811e+01
8 80 2 1.704564e+01
9 80 2 1.414757e+01
10 80 2 9.918922e+00
11 80 2 5.786305e+00
12 80 2 4.277042e+00
1 81 2 6.850998e-07
2 81 2 6.208656e-07
3 81 2 6.539400e-07
4 81 2 7.754126e-07
5 81 2 1.116587e-06
6 81 2 1.504569e-06
7 81 2 2.007588e-06
8 81 2 2.154098e-06
9 81 2 1.958747e-06
10 81 2 1.502933e-06
11 81 2 9.934963e-07
12 81 2 8.133716e-07
1 84 2 1.273365e+00
2 84 2 1.346267e+00
3 84 2 1.665063e+00
4 84 2 2.104120e+00
5 84 2 2.820989e+00
6 84 2 4.622396e+00
7 84 2 6.190883e+00
8 84 2 5.932403e+00
9 84 2 4.451359e+00
10 84 2 2.809254e+00
11 84 2 1.887192e+00
12 84 2 1.441611e+00
1 85 2 1.330472e+00
2 85 2 1.498217e+00
3 85 2 1.947923e+00
4 85 2 2.830151e+00
5 85 2 4.530455e+00
6 85 2 6.920979e+00
7 85 2 9.575818e+00
8 85 2 9.109559e+00
9 85 2 6.559501e+00
10 85 2 3.618259e+00
11 85 2 2.040546e+00
12 85 2 1.480622e+00
1 86 2 4.646048e-01
2 86 2 5.260298e-01
3 86 2 6.722273e-01
4 86 2 9.764269e-01
5 86 2 1.569311e+00
6 86 2 2.277036e+00
7 86 2 3.128043e+00
8 86 2 3.138275e+00
9 86 2 2.322921e+00
10 86 2 1.347036e+00
11 86 2 7.420140e-01
12 86 2 5.303123e-01
1 87 2 1.599547e-01
2 87 2 2.164003e-01
3 87 2 3.089800e-01
4 87 2 4.884270e-01
5 87 2 8.568802e-01
6 87 2 1.288000e+00
7 87 2 1.746129e+00
8 87 2 1.779247e+00
9 87 2 1.289962e+00
10 87 2 7.262830e-01
11 87 2 3.191096e-01
12 87 2 1.939701e-01
1 88 2 1.138461e-01
2 88 2 1.616706e-01
3 88 2 2.535233e-01
4 88 2 4.810334e-01
5 88 2 9.872221e-01
6 88 2 1.551642e+00
7 88 2 1.987094e+00
8 88 2 1.742836e+00
9 88 2 1.126221e+00
10 88 2 5.322313e-01
11 88 2 2.728584e-01
12 88 2 1.515629e-01
1 89 2 2.003372e-02
2 89 2 2.787432e-02
3 89 2 5.290459e-02
4 89 2 9.950451e-02
5 89 2 1.985727e-01
6 89 2 2.966445e-01
7 89 2 3.460550e-01
8 89 2 3.030616e-01
9 89 2 1.977797e-01
10 89 2 9.411749e-02
11 89 2 5.178816e-02
12 89 2 2.866496e-02
1 90 2 1.399751e-02
2 90 2 1.844826e-02
3 90 2 3.660859e-02
4 90 2 6.570463e-02
5 90 2 1.008856e-01
6 90 2 1.335390e-01
7 90 2 1.499726e-01
8 90 2 1.387662e-01
9 90 2 1.011268e-01
10 90 2 6.031786e-02
11 90 2 3.325645e-02
12 90 2 1.893217e-02
1 91 2 4.170911e-03
2 91 2 5.901655e-03
3 91 2 1.232986e-02
4 91 2 2.329957e-02
5 91 2 3.438653e-02
6 91 2 4.370848e-02
7 91 2 4.907826e-02
8 91 2 4.500947e-02
9 91 2 3.236274e-02
10 91 2 2.003261e-02
11 91 2 1.038249e-02
12 91 2 5.329919e-03
1 92 2 2.441303e-02
2 92 2 3.487253e-02
3 92 2 8.741664e-02
4 92 2 2.085558e-01
5 92 2 3.933060e-01
6 92 2 6.026833e-01
7 92 2 7.234401e-01
8 92 2 6.584464e-01
9 92 2 4.119305e-01
10 92 2 2.189278e-01
11 92 2 8.586364e-02
12 92 2 3.685915e-02
1 93 2 2.493741e-01
2 93 2 3.008922e-01
3 93 2 6.186502e-01
4 93 2 1.441833e+00
5 93 2 2.572149e+00
6 93 2 4.081820e+00
7 93 2 5.475548e+00
8 93 2 5.382931e+00
9 93 2 3.620586e+00
10 93 2 2.085018e+00
11 93 2 8.929180e-01
12 93 2 3.719183e-01
1 94 2 9.471903e-01
2 94 2 9.424152e-01
3 94 2 1.258352e+00
4 94 2 2.230032e+00
5 94 2 3.806528e+00
6 94 2 5.993845e+00
7 94 2 8.280473e+00
8 94 2 9.023882e+00
9 94 2 7.433108e+00
10 94 2 4.486610e+00
11 94 2 2.408075e+00
12 94 2 1.315714e+00
1 98 2 2.512398e-01
2 98 2 2.338709e-01
3 98 2 2.202257e-01
4 98 2 2.344769e-01
5 98 2 2.661152e-01
6 98 2 3.045145e-01
7 98 2 3.425163e-01
8 98 2 3.609955e-01
9 98 2 3.562217e-01
10 98 2 3.367247e-01
11 98 2 3.028815e-01
12 98 2 2.756253e-01
1 101 2 7.774730e-02
2 101 2 7.988800e-02
3 101 2 8.186451e-02
4 101 2 1.009514e-01
5 101 2 1.298254e-01
6 101 2 1.515847e-01
7 101 2 1.618080e-01
8 101 2 1.621373e-01
9 101 2 1.558734e-01
10 101 2 1.336455e-01
11 101 2 1.027697e-01
12 101 2 8.242865e-02
1 102 2 1.594521e+00
2 102 2 1.802386e+00
3 102 2 2.215165e+00
4 102 2 2.770727e+00
5 102 2 3.206386e+00
6 102 2 3.500346e+00
7 102 2 3.598913e+00
8 102 2 3.644389e+00
9 102 2 3.284612e+00
10 102 2 2.530468e+00
11 102 2 2.031018e+00
12 102 2 1.664671e+00
1 103 2 2.143784e+00
2 103 2 2.187750e+00
3 103 2 2.384373e+00
4 103 2 2.694251e+00
5 103 2 3.137670e+00
6 103 2 3.590662e+00
7 103 2 3.884640e+00
8 103 2 4.076843e+00
9 103 2 3.998540e+00
10 103 2 3.494377e+00
11 103 2 2.874673e+00
12 103 2 2.390196e+00
1 104 2 1.304577e-01
2 104 2 1.251839e-01
3 104 2 1.265441e-01
4 104 2 1.387373e-01
5 104 2 1.622271e-01
6 104 2 1.861635e-01
7 104 2 2.089360e-01
8 104 2 2.257018e-01
9 104 2 2.275186e-01
10 104 2 2.125474e-01
11 104 2 1.748394e-01
12 104 2 1.447668e-01
1 107 2 6.437267e-02
2 107 2 6.791199e-02
3 107 2 7.928968e-02
4 107 2 9.085724e-02
5 107 2 1.018907e-01
6 107 2 1.304446e-01
7 107 2 1.425814e-01
8 107 2 1.420045e-01
9 107 2 1.329375e-01
10 107 2 1.137084e-01
11 107 2 9.039397e-02
12 107 2 7.069150e-02
1 108 2 6.328568e-03
2 108 2 8.087918e-03
3 108 2 1.174857e-02
4 108 2 1.819596e-02
5 108 2 2.824499e-02
6 108 2 3.876714e-02
7 108 2 4.149905e-02
8 108 2 3.667642e-02
9 108 2 2.967701e-02
10 108 2 2.047509e-02
11 108 2 1.066544e-02
12 108 2 6.789594e-03
1 109 2 1.200850e-02
2 109 2 1.586148e-02
3 109 2 2.480838e-02
4 109 2 4.305283e-02
5 109 2 7.335270e-02
6 109 2 9.246480e-02
7 109 2 9.395258e-02
8 109 2 8.636881e-02
9 109 2 6.935663e-02
10 109 2 4.866506e-02
11 109 2 2.164501e-02
12 109 2 1.264421e-02
1 110 2 5.289540e-03
2 110 2 6.737861e-03
3 110 2 1.082135e-02
4 110 2 1.675103e-02
5 110 2 2.598017e-02
6 110 2 3.008628e-02
7 110 2 3.234566e-02
8 110 2 3.198960e-02
9 110 2 2.693450e-02
10 110 2 1.963696e-02
11 110 2 9.498489e-03
12 110 2 5.590913e-03
1 111 2 1.815738e-01
2 111 2 2.270959e-01
3 111 2 3.676633e-01
4 111 2 5.572244e-01
5 111 2 8.421633e-01
6 111 2 1.080056e+00
7 111 2 1.141700e+00
8 111 2 1.130810e+00
9 111 2 9.629839e-01
10 111 2 6.268559e-01
11 111 2 3.376827e-01
12 111 2 2.062628e-01
1 112 2 2.090907e-01
2 112 2 2.695969e-01
3 112 2 4.729497e-01
4 112 2 7.864879e-01
5 112 2 1.195987e+00
6 112 2 1.457452e+00
7 112 2 1.484376e+00
8 112 2 1.383591e+00
9 112 2 1.056220e+00
10 112 2 7.011962e-01
11 112 2 4.024134e-01
12 112 2 2.473595e-01
1 113 2 1.199003e-01
2 113 2 1.519025e-01
3 113 2 2.551972e-01
4 113 2 3.816241e-01
5 113 2 4.696250e-01
6 113 2 4.100521e-01
7 113 2 3.518490e-01
8 113 2 3.360444e-01
9 113 2 3.323637e-01
10 113 2 3.034798e-01
11 113 2 2.122651e-01
12 113 2 1.433660e-01
1 114 2 3.269409e-01
2 114 2 4.433484e-01
3 114 2 7.899008e-01
4 114 2 1.151426e+00
5 114 2 1.328407e+00
6 114 2 9.724688e-01
7 114 2 8.031934e-01
8 114 2 7.362241e-01
9 114 2 7.104824e-01
10 114 2 6.358949e-01
11 114 2 4.847564e-01
12 114 2 3.590769e-01
1 115 2 1.261864e-01
2 115 2 1.835898e-01
3 115 2 2.910198e-01
4 115 2 3.607445e-01
5 115 2 3.221619e-01
6 115 2 2.991167e-01
7 115 2 2.884925e-01
8 115 2 2.767882e-01
9 115 2 2.545625e-01
10 115 2 2.274906e-01
11 115 2 1.728116e-01
12 115 2 1.239793e-01
1 116 2 1.394554e-01
2 116 2 1.785199e-01
3 116 2 2.729995e-01
4 116 2 3.864208e-01
5 116 2 4.494318e-01
6 116 2 5.117888e-01
7 116 2 5.365508e-01
8 116 2 5.135982e-01
9 116 2 4.160717e-01
10 116 2 3.326400e-01
11 116 2 2.416565e-01
12 116 2 1.591929e-01
1 117 2 4.001272e-02
2 117 2 4.178328e-02
3 117 2 5.276844e-02
4 117 2 7.223320e-02
5 117 2 9.198312e-02
6 117 2 1.089797e-01
7 117 2 1.160202e-01
8 117 2 1.158681e-01
9 117 2 1.057226e-01
10 117 2 9.050491e-02
11 117 2 7.306119e-02
12 117 2 5.277847e-02
1 126 2 1.431984e-03
2 126 2 1.488401e-03
3 126 2 1.613223e-03
4 126 2 1.703465e-03
5 126 2 1.683039e-03
6 126 2 1.564196e-03
7 126 2 1.507794e-03
8 126 2 1.522525e-03
9 126 2 1.514465e-03
10 126 2 1.488204e-03
11 126 2 1.454160e-03
12 126 2 1.432143e-03
1 127 2 1.444197e-01
2 127 2 1.468778e-01
3 127 2 1.550264e-01
4 127 2 1.609503e-01
5 127 2 1.631430e-01
6 127 2 1.580247e-01
7 127 2 1.580683e-01
8 127 2 1.616957e-01
9 127 2 1.599720e-01
10 127 2 1.535607e-01
11 127 2 1.488193e-01
12 127 2 1.469772e-01
1 128 2 6.547994e-01
2 128 2 6.724730e-01
3 128 2 6.903364e-01
4 128 2 6.738857e-01
5 128 2 6.555246e-01
6 128 2 6.358333e-01
7 128 2 6.776809e-01
8 128 2 7.705261e-01
9 128 2 8.102010e-01
10 128 2 7.652731e-01
11 128 2 6.959041e-01
12 128 2 6.556802e-01
1 129 2 1.865974e-02
2 129 2 1.840354e-02
3 129 2 1.886769e-02
4 129 2 1.941486e-02
5 129 2 1.971443e-02
6 129 2 2.024775e-02
7 129 2 2.115690e-02
8 129 2 2.306098e-02
9 129 2 2.409387e-02
10 129 2 2.420002e-02
11 129 2 2.209544e-02
12 129 2 1.962911e-02
1 133 2 4.007053e-01
2 133 2 4.658791e-01
3 133 2 5.592628e-01
4 133 2 5.742150e-01
5 133 2 5.477423e-01
6 133 2 5.034491e-01
7 133 2 4.493331e-01
8 133 2 4.207494e-01
9 133 2 4.387479e-01
10 133 2 4.672834e-01
11 133 2 4.457959e-01
12 133 2 3.900716e-01
1 135 2 1.734741e-02
2 135 2 1.954446e-02
3 135 2 2.324283e-02
4 135 2 2.503144e-02
5 135 2 2.405282e-02
6 135 2 2.145757e-02
7 135 2 1.853722e-02
8 135 2 1.872273e-02
9 135 2 1.989504e-02
10 135 2 1.871013e-02
11 135 2 1.793350e-02
12 135 2 1.684607e-02
1 136 2 1.939913e-02
2 136 2 1.996563e-02
3 136 2 2.469122e-02
4 136 2 3.001701e-02
5 136 2 3.286998e-02
6 136 2 2.998996e-02
7 136 2 2.653761e-02
8 136 2 2.647674e-02
9 136 2 2.661359e-02
10 136 2 2.503535e-02
11 136 2 2.367080e-02
12 136 2 2.101996e-02
1 137 2 4.714365e-03
2 137 2 4.945854e-03
3 137 2 5.670524e-03
4 137 2 6.231074e-03
5 137 2 6.150448e-03
6 137 2 5.659029e-03
7 137 2 5.235204e-03
8 137 2 5.051448e-03
9 137 2 5.054622e-03
10 137 2 5.265750e-03
11 137 2 5.206184e-03
12 137 2 4.908965e-03
1 138 2 1.885989e-01
2 138 2 2.073946e-01
3 138 2 2.406084e-01
4 138 2 2.677821e-01
5 138 2 2.701757e-01
6 138 2 2.374573e-01
7 138 2 2.199815e-01
8 138 2 2.121449e-01
9 138 2 2.127237e-01
10 138 2 2.139632e-01
11 138 2 2.075484e-01
12 138 2 1.924838e-01
1 139 2 3.181271e-01
2 139 2 3.622880e-01
3 139 2 4.048212e-01
4 139 2 4.248887e-01
5 139 2 4.189010e-01
6 139 2 3.901105e-01
7 139 2 3.691036e-01
8 139 2 3.553231e-01
9 139 2 3.507176e-01
10 139 2 3.534403e-01
11 139 2 3.363255e-01
12 139 2 3.078611e-01
1 140 2 1.054564e-01
2 140 2 1.090458e-01
3 140 2 1.184322e-01
4 140 2 1.341817e-01
5 140 2 1.424818e-01
6 140 2 1.368540e-01
7 140 2 1.295785e-01
8 140 2 1.249774e-01
9 140 2 1.231554e-01
10 140 2 1.238361e-01
11 140 2 1.212206e-01
12 140 2 1.130146e-01
1 141 2 1.653729e-01
2 141 2 1.636618e-01
3 141 2 1.683495e-01
4 141 2 1.847622e-01
5 141 2 1.993829e-01
6 141 2 1.971571e-01
7 141 2 1.918258e-01
8 141 2 1.860127e-01
9 141 2 1.844362e-01
10 141 2 1.848698e-01
11 141 2 1.867150e-01
12 141 2 1.812857e-01
1 150 2 1.912447e-04
2 150 2 2.093474e-04
3 150 2 2.240826e-04
4 150 2 2.291428e-04
5 150 2 2.144078e-04
6 150 2 1.890980e-04
7 150 2 1.725102e-04
8 150 2 1.683444e-04
9 150 2 1.629019e-04
10 150 2 1.591956e-04
11 150 2 1.622907e-04
12 150 2 1.726727e-04
1 151 2 1.241487e-01
2 151 2 1.320466e-01
3 151 2 1.400085e-01
4 151 2 1.433099e-01
5 151 2 1.386623e-01
6 151 2 1.305241e-01
7 151 2 1.276401e-01
8 151 2 1.325681e-01
9 151 2 1.262166e-01
10 151 2 1.184412e-01
11 151 2 1.149682e-01
12 151 2 1.178363e-01
1 152 2 9.838271e-02
2 152 2 9.965446e-02
3 152 2 1.005770e-01
4 152 2 9.557412e-02
5 152 2 9.187234e-02
6 152 2 9.023154e-02
7 152 2 1.031588e-01
8 152 2 1.375498e-01
9 152 2 1.460242e-01
10 152 2 1.244578e-01
11 152 2 1.067277e-01
12 152 2 9.870118e-02
1 153 2 1.140350e-01
2 153 2 1.168011e-01
3 153 2 1.232332e-01
4 153 2 1.208755e-01
5 153 2 1.167297e-01
6 153 2 1.146051e-01
7 153 2 1.337806e-01
8 153 2 1.748271e-01
9 153 2 2.126385e-01
10 153 2 1.900552e-01
11 153 2 1.437670e-01
12 153 2 1.199541e-01
1 154 2 3.102584e-01
2 154 2 3.085750e-01
3 154 2 3.211119e-01
4 154 2 3.076848e-01
5 154 2 2.877133e-01
6 154 2 2.588015e-01
7 154 2 2.443766e-01
8 154 2 2.545749e-01
9 154 2 2.870298e-01
10 154 2 3.225702e-01
11 154 2 3.399530e-01
12 154 2 3.287184e-01
1 157 2 1.236208e-02
2 157 2 1.283679e-02
3 157 2 1.374362e-02
4 157 2 1.355001e-02
5 157 2 1.320737e-02
6 157 2 1.241720e-02
7 157 2 1.184777e-02
8 157 2 1.172835e-02
9 157 2 1.164358e-02
10 157 2 1.184660e-02
11 157 2 1.193153e-02
12 157 2 1.208724e-02
1 163 2 5.750701e-02
2 163 2 5.827752e-02
3 163 2 6.000689e-02
4 163 2 6.360770e-02
5 163 2 6.366978e-02
6 163 2 5.886521e-02
7 163 2 5.442070e-02
8 163 2 5.110210e-02
9 163 2 5.183387e-02
10 163 2 5.483823e-02
11 163 2 5.698194e-02
12 163 2 5.742842e-02
1 164 2 2.175783e-01
2 164 2 2.157179e-01
3 164 2 2.217228e-01
4 164 2 2.320664e-01
5 164 2 2.293366e-01
6 164 2 2.121187e-01
7 164 2 1.963346e-01
8 164 2 1.917827e-01
9 164 2 2.053602e-01
10 164 2 2.249812e-01
11 164 2 2.295247e-01
12 164 2 2.257026e-01
1 165 2 1.003879e-01
2 165 2 9.838725e-02
3 165 2 9.962412e-02
4 165 2 1.018277e-01
5 165 2 1.007100e-01
6 165 2 9.266748e-02
7 165 2 8.737276e-02
8 165 2 8.843707e-02
9 165 2 9.426438e-02
10 165 2 1.007890e-01
11 165 2 1.060259e-01
12 165 2 1.061508e-01
1 166 2 4.404296e-02
2 166 2 4.360328e-02
3 166 2 4.288289e-02
4 166 2 4.268170e-02
5 166 2 4.128415e-02
6 166 2 3.818096e-02
7 166 2 3.605438e-02
8 166 2 3.632337e-02
9 166 2 3.768281e-02
10 166 2 3.963955e-02
11 166 2 4.273725e-02
12 166 2 4.489058e-02
1 170 2 1.903655e-03
2 170 2 2.093644e-03
3 170 2 2.056994e-03
4 170 2 1.869697e-03
5 170 2 1.558016e-03
6 170 2 1.310020e-03
7 170 2 1.239073e-03
8 170 2 1.182916e-03
9 170 2 1.202812e-03
10 170 2 1.339322e-03
11 170 2 1.477693e-03
12 170 2 1.701655e-03
1 171 2 6.863529e-03
2 171 2 7.534182e-03
3 171 2 7.625392e-03
4 171 2 6.784187e-03
5 171 2 5.643681e-03
6 171 2 4.836369e-03
7 171 2 4.390902e-03
8 171 2 4.160518e-03
9 171 2 4.221137e-03
10 171 2 4.591419e-03
11 171 2 5.240374e-03
12 171 2 6.190997e-03
1 175 2 1.974046e-04
2 175 2 2.087027e-04
3 175 2 2.093013e-04
4 175 2 1.960356e-04
5 175 2 1.703241e-04
6 175 2 1.552084e-04
7 175 2 1.519880e-04
8 175 2 1.507047e-04
9 175 2 1.401718e-04
10 175 2 1.416939e-04
11 175 2 1.481396e-04
12 175 2 1.728057e-04
1 176 2 1.423552e-01
2 176 2 1.434226e-01
3 176 2 1.404102e-01
4 176 2 1.240127e-01
5 176 2 1.003208e-01
6 176 2 9.090943e-02
7 176 2 9.074363e-02
8 176 2 1.035264e-01
9 176 2 1.127510e-01
10 176 2 1.203328e-01
11 176 2 1.284463e-01
12 176 2 1.364415e-01
1 177 2 6.245916e-01
2 177 2 6.069325e-01
3 177 2 5.730574e-01
4 177 2 5.011005e-01
5 177 2 4.097637e-01
6 177 2 3.499036e-01
7 177 2 3.640693e-01
8 177 2 4.362220e-01
9 177 2 5.482628e-01
10 177 2 5.701723e-01
11 177 2 5.817374e-01
12 177 2 5.829259e-01
1 178 2 2.274886e-01
2 178 2 2.248299e-01
3 178 2 2.155159e-01
4 178 2 1.806370e-01
5 178 2 1.572814e-01
6 178 2 1.329378e-01
7 178 2 1.266148e-01
8 178 2 1.275467e-01
9 178 2 1.454638e-01
10 178 2 1.565149e-01
11 178 2 1.767747e-01
12 178 2 1.962571e-01
1 181 2 2.777245e-03
2 181 2 2.933384e-03
3 181 2 2.973779e-03
4 181 2 2.843331e-03
5 181 2 2.344862e-03
6 181 2 2.027594e-03
7 181 2 1.792811e-03
8 181 2 1.834796e-03
9 181 2 1.987815e-03
10 181 2 2.152432e-03
11 181 2 2.437658e-03
12 181 2 2.595400e-03
1 182 2 3.314646e-01
2 182 2 3.063755e-01
3 182 2 2.888983e-01
4 182 2 2.413276e-01
5 182 2 1.889810e-01
6 182 2 1.413465e-01
7 182 2 1.401447e-01
8 182 2 1.947484e-01
9 182 2 2.702344e-01
10 182 2 3.314329e-01
11 182 2 3.663015e-01
12 182 2 3.515954e-01
1 183 2 7.052474e-02
2 183 2 6.775083e-02
3 183 2 6.468088e-02
4 183 2 5.864788e-02
5 183 2 4.934531e-02
6 183 2 4.004957e-02
7 183 2 3.726192e-02
8 183 2 4.424711e-02
9 183 2 5.144733e-02
10 183 2 6.086214e-02
11 183 2 6.626038e-02
12 183 2 6.815308e-02
1 184 2 2.202620e-02
2 184 2 2.231822e-02
3 184 2 2.161485e-02
4 184 2 1.945196e-02
5 184 2 1.617133e-02
6 184 2 1.306949e-02
7 184 2 1.178539e-02
8 184 2 1.230869e-02
9 184 2 1.303900e-02
10 184 2 1.497365e-02
11 184 2 1.752017e-02
12 184 2 1.996912e-02
1 188 2 3.723832e-02
2 188 2 3.691364e-02
3 188 2 3.421563e-02
4 188 2 2.793940e-02
5 188 2 1.974645e-02
6 188 2 1.501985e-02
7 188 2 1.292446e-02
8 188 2 1.314710e-02
9 188 2 1.780768e-02
10 188 2 2.340180e-02
11 188 2 2.786923e-02
12 188 2 3.476042e-02
1 189 2 3.249706e-02
2 189 2 3.003383e-02
3 189 2 2.724336e-02
4 189 2 2.013689e-02
5 189 2 1.333243e-02
6 189 2 9.428191e-03
7 189 2 8.964194e-03
8 189 2 1.101100e-02
9 189 2 1.771312e-02
10 189 2 2.522088e-02
11 189 2 3.067701e-02
12 189 2 3.205732e-02
1 190 2 1.330770e-01
2 190 2 1.260929e-01
3 190 2 1.094489e-01
4 190 2 7.752040e-02
5 190 2 5.408597e-02
6 190 2 3.923628e-02
7 190 2 3.686689e-02
8 190 2 4.444293e-02
9 190 2 6.242506e-02
10 190 2 8.510045e-02
11 190 2 1.115087e-01
12 190 2 1.251108e-01
1 191 2 8.718614e-02
2 191 2 9.034787e-02
3 191 2 8.781857e-02
4 191 2 7.254800e-02
5 191 2 5.965757e-02
6 191 2 4.900766e-02
7 191 2 4.308598e-02
8 191 2 4.375756e-02
9 191 2 4.774038e-02
10 191 2 5.358368e-02
11 191 2 6.590230e-02
12 191 2 7.753345e-02
1 192 2 1.315444e-02
2 192 2 1.421629e-02
3 192 2 1.385106e-02
4 192 2 1.199294e-02
5 192 2 1.013584e-02
6 192 2 8.630265e-03
7 192 2 7.584286e-03
8 192 2 7.047582e-03
9 192 2 7.256518e-03
10 192 2 7.968487e-03
11 192 2 9.512313e-03
12 192 2 1.142221e-02
1 200 2 6.192312e-01
2 200 2 6.370348e-01
3 200 2 5.209547e-01
4 200 2 3.443882e-01
5 200 2 2.254194e-01
6 200 2 1.835832e-01
7 200 2 1.744136e-01
8 200 2 1.880902e-01
9 200 2 2.083432e-01
10 200 2 2.663770e-01
11 200 2 3.701701e-01
12 200 2 5.100191e-01
1 201 2 4.197129e-01
2 201 2 4.330568e-01
3 201 2 3.964377e-01
4 201 2 3.051494e-01
5 201 2 2.299593e-01
6 201 2 1.902517e-01
7 201 2 1.797985e-01
8 201 2 1.859852e-01
9 201 2 1.840697e-01
10 201 2 2.190190e-01
11 201 2 2.791904e-01
12 201 2 3.477230e-01
1 206 2 2.205130e-01
2 206 2 2.381828e-01
3 206 2 2.154917e-01
4 206 2 1.838889e-01
5 206 2 1.520752e-01
6 206 2 1.325967e-01
7 206 2 1.137275e-01
8 206 2 1.116660e-01
9 206 2 1.208773e-01
10 206 2 1.368263e-01
11 206 2 1.603920e-01
12 206 2 1.889584e-01
1 207 2 8.341510e-03
2 207 2 9.107881e-03
3 207 2 8.637721e-03
4 207 2 7.832260e-03
5 207 2 6.946060e-03
6 207 2 5.957605e-03
7 207 2 5.251095e-03
8 207 2 5.170990e-03
9 207 2 5.217198e-03
10 207 2 5.746556e-03
11 207 2 6.193084e-03
12 207 2 7.084505e-03
1 212 2 5.247245e-02
2 212 2 5.601110e-02
3 212 2 4.971533e-02
4 212 2 4.179522e-02
5 212 2 3.257606e-02
6 212 2 2.629159e-02
7 212 2 2.182351e-02
8 212 2 2.109222e-02
9 212 2 2.395500e-02
10 212 2 2.826577e-02
11 212 2 3.352813e-02
12 212 2 4.433060e-02
1 213 2 1.141279e-02
2 213 2 1.247333e-02
3 213 2 1.057065e-02
4 213 2 8.945037e-03
5 213 2 6.902289e-03
6 213 2 5.320694e-03
7 213 2 4.515711e-03
8 213 2 4.408427e-03
9 213 2 5.310138e-03
10 213 2 6.544132e-03
11 213 2 8.036111e-03
12 213 2 9.833932e-03
1 214 2 4.057822e-01
2 214 2 4.301800e-01
3 214 2 3.456229e-01
4 214 2 2.567062e-01
5 214 2 1.897529e-01
6 214 2 1.398392e-01
7 214 2 1.211029e-01
8 214 2 1.248479e-01
9 214 2 1.575939e-01
10 214 2 2.112796e-01
11 214 2 2.892224e-01
12 214 2 3.507764e-01
1 215 2 1.505739e-01
2 215 2 1.548853e-01
3 215 2 1.444068e-01
4 215 2 1.150861e-01
5 215 2 9.347931e-02
6 215 2 7.510866e-02
7 215 2 6.490428e-02
8 215 2 6.506388e-02
9 215 2 7.316871e-02
10 215 2 8.704725e-02
11 215 2 1.096045e-01
12 215 2 1.324082e-01
1 216 2 6.233340e-02
2 216 2 6.508065e-02
3 216 2 6.102961e-02
4 216 2 4.961353e-02
5 216 2 3.972766e-02
6 216 2 3.417644e-02
7 216 2 3.003218e-02
8 216 2 2.871633e-02
9 216 2 2.979829e-02
10 216 2 3.386855e-02
11 216 2 4.073812e-02
12 216 2 5.235585e-02
1 224 2 1.810763e-02
2 224 2 1.979592e-02
3 224 2 1.727436e-02
4 224 2 1.487581e-02
5 224 2 1.201250e-02
6 224 2 1.020829e-02
7 224 2 9.274136e-03
8 224 2 9.686729e-03
9 224 2 9.961696e-03
10 224 2 1.174934e-02
11 224 2 1.403103e-02
12 224 2 1.674013e-02
1 240 2 3.853791e-03
2 240 2 3.930842e-03
3 240 2 3.594659e-03
4 240 2 3.174648e-03
5 240 2 2.759177e-03
6 240 2 2.379887e-03
7 240 2 2.331609e-03
8 240 2 2.403754e-03
9 240 2 2.339910e-03
10 240 2 2.519839e-03
11 240 2 2.768684e-03
12 240 2 3.431302e-03
