1 7 2 3.936912e-06
2 7 2 3.363260e-06
3 7 2 3.678213e-06
4 7 2 9.506671e-06
5 7 2 3.270976e-05
6 7 2 8.809967e-05
7 7 2 1.192014e-04
8 7 2 8.127268e-05
9 7 2 3.514770e-05
10 7 2 1.540865e-05
11 7 2 8.163715e-06
12 7 2 4.816060e-06
1 25 2 5.636330e-04
2 25 2 5.351672e-04
3 25 2 7.539622e-04
4 25 2 1.375814e-03
5 25 2 3.848864e-03
6 25 2 6.979424e-03
7 25 2 8.461107e-03
8 25 2 6.488173e-03
9 25 2 3.666161e-03
10 25 2 1.715631e-03
11 25 2 8.180326e-04
12 25 2 4.737201e-04
1 26 2 3.013446e-03
2 26 2 2.480095e-03
3 26 2 4.101039e-03
4 26 2 9.153857e-03
5 26 2 2.578500e-02
6 26 2 4.924864e-02
7 26 2 5.343463e-02
8 26 2 3.997995e-02
9 26 2 2.186693e-02
10 26 2 8.802294e-03
11 26 2 4.598839e-03
12 26 2 2.843229e-03
1 27 2 1.307259e-02
2 27 2 1.154192e-02
3 27 2 2.023293e-02
4 27 2 5.153079e-02
5 27 2 1.451146e-01
6 27 2 2.999695e-01
7 27 2 3.383148e-01
8 27 2 2.546406e-01
9 27 2 1.315893e-01
10 27 2 4.941495e-02
11 27 2 2.618816e-02
12 27 2 1.619918e-02
1 28 2 4.085485e-04
2 28 2 3.717901e-04
3 28 2 6.252864e-04
4 28 2 1.699678e-03
5 28 2 4.853619e-03
6 28 2 1.039152e-02
7 28 2 1.238911e-02
8 28 2 9.335331e-03
9 28 2 4.802292e-03
10 28 2 1.870260e-03
11 28 2 9.336608e-04
12 28 2 5.820857e-04
1 29 2 5.477683e-04
2 29 2 5.181904e-04
3 29 2 8.255031e-04
4 29 2 2.482151e-03
5 29 2 7.422721e-03
6 29 2 1.826799e-02
7 29 2 2.488521e-02
8 29 2 1.851477e-02
9 29 2 8.502905e-03
10 29 2 3.151493e-03
11 29 2 1.489723e-03
12 29 2 9.299506e-04
1 30 2 1.243657e-04
2 30 2 1.087656e-04
3 30 2 1.728665e-04
4 30 2 5.290957e-04
5 30 2 1.465677e-03
6 30 2 3.986071e-03
7 30 2 5.777621e-03
8 30 2 4.424540e-03
9 30 2 2.001952e-03
10 30 2 7.836002e-04
11 30 2 3.614532e-04
12 30 2 2.164737e-04
1 31 2 2.218119e-04
2 31 2 1.709247e-04
3 31 2 2.596554e-04
4 31 2 7.227072e-04
5 31 2 1.866380e-03
6 31 2 4.914086e-03
7 31 2 6.929952e-03
8 31 2 5.593685e-03
9 31 2 2.798333e-03
10 31 2 1.281499e-03
11 31 2 6.152759e-04
12 31 2 3.428603e-04
1 32 2 2.623536e-04
2 32 2 2.171783e-04
3 32 2 3.035778e-04
4 32 2 6.745621e-04
5 32 2 1.801665e-03
6 32 2 4.267789e-03
7 32 2 5.505954e-03
8 32 2 4.548166e-03
9 32 2 2.539748e-03
10 32 2 1.309265e-03
11 32 2 6.765749e-04
12 32 2 3.508787e-04
1 35 2 4.432417e-03
2 35 2 4.223426e-03
3 35 2 4.587890e-03
4 35 2 6.113778e-03
5 35 2 9.584162e-03
6 35 2 1.463711e-02
7 35 2 1.761293e-02
8 35 2 1.617334e-02
9 35 2 1.099203e-02
10 35 2 7.947220e-03
11 35 2 6.019595e-03
12 35 2 4.890376e-03
1 36 2 5.319229e-04
2 36 2 4.993721e-04
3 36 2 5.534520e-04
4 36 2 6.647443e-04
5 36 2 9.091482e-04
6 36 2 1.311521e-03
7 36 2 1.544602e-03
8 36 2 1.573528e-03
9 36 2 1.201120e-03
10 36 2 9.410296e-04
11 36 2 7.202507e-04
12 36 2 5.967888e-04
1 37 2 4.793127e-02
2 37 2 4.639081e-02
3 37 2 5.845458e-02
4 37 2 7.516474e-02
5 37 2 1.136347e-01
6 37 2 1.723517e-01
7 37 2 2.004539e-01
8 37 2 1.970509e-01
9 37 2 1.450111e-01
10 37 2 1.087330e-01
11 37 2 7.663624e-02
12 37 2 5.870989e-02
1 38 2 8.082174e-02
2 38 2 8.074928e-02
3 38 2 1.230109e-01
4 38 2 1.823839e-01
5 38 2 3.329857e-01
6 38 2 5.908577e-01
7 38 2 7.004388e-01
8 38 2 6.074841e-01
9 38 2 3.923883e-01
10 38 2 2.681970e-01
11 38 2 1.532531e-01
12 38 2 1.105933e-01
1 39 2 7.315996e-03
2 39 2 7.621796e-03
3 39 2 1.234574e-02
4 39 2 1.906284e-02
5 39 2 3.698823e-02
6 39 2 7.150757e-02
7 39 2 8.879239e-02
8 39 2 7.188789e-02
9 39 2 4.531182e-02
10 39 2 2.861387e-02
11 39 2 1.448372e-02
12 39 2 1.057207e-02
1 40 2 1.587344e-03
2 40 2 1.741592e-03
3 40 2 3.106104e-03
4 40 2 5.223160e-03
5 40 2 1.141809e-02
6 40 2 2.592409e-02
7 40 2 3.243504e-02
8 40 2 2.379353e-02
9 40 2 1.465657e-02
10 40 2 7.897100e-03
11 40 2 3.382889e-03
12 40 2 2.520147e-03
1 41 2 8.454785e-04
2 41 2 9.038587e-04
3 41 2 1.811303e-03
4 41 2 3.226059e-03
5 41 2 8.091428e-03
6 41 2 2.053283e-02
7 41 2 2.654772e-02
8 41 2 1.862045e-02
9 41 2 1.040597e-02
10 41 2 4.510045e-03
11 41 2 1.732638e-03
12 41 2 1.444132e-03
1 42 2 4.576925e-04
2 42 2 4.787555e-04
3 42 2 1.032430e-03
4 42 2 2.036666e-03
5 42 2 5.789899e-03
6 42 2 1.605944e-02
7 42 2 2.248134e-02
8 42 2 1.501339e-02
9 42 2 7.109627e-03
10 42 2 2.544460e-03
11 42 2 9.486231e-04
12 42 2 7.782072e-04
1 43 2 1.284455e-05
2 43 2 1.331814e-05
3 43 2 3.142390e-05
4 43 2 7.667526e-05
5 43 2 2.566461e-04
6 43 2 7.568895e-04
7 43 2 1.106468e-03
8 43 2 6.945635e-04
9 43 2 2.840200e-04
10 43 2 8.720136e-05
11 43 2 2.973754e-05
12 43 2 2.083732e-05
1 44 2 5.303582e-05
2 44 2 5.328905e-05
3 44 2 1.159119e-04
4 44 2 3.133649e-04
5 44 2 1.170722e-03
6 44 2 3.689332e-03
7 44 2 5.392161e-03
8 44 2 3.251440e-03
9 44 2 1.172095e-03
10 44 2 3.472680e-04
11 44 2 1.139744e-04
12 44 2 7.705947e-05
1 45 2 1.216967e-04
2 45 2 1.363864e-04
3 45 2 2.485197e-04
4 45 2 7.329045e-04
5 45 2 3.069261e-03
6 45 2 1.018413e-02
7 45 2 1.424746e-02
8 45 2 8.675263e-03
9 45 2 2.983228e-03
10 45 2 7.616803e-04
11 45 2 2.207783e-04
12 45 2 1.442898e-04
1 46 2 5.523474e-05
2 46 2 6.948665e-05
3 46 2 1.092278e-04
4 46 2 3.033144e-04
5 46 2 1.191103e-03
6 46 2 3.694669e-03
7 46 2 5.168581e-03
8 46 2 3.238693e-03
9 46 2 1.216545e-03
10 46 2 2.948761e-04
11 46 2 8.107308e-05
12 46 2 5.781644e-05
1 47 2 7.257966e-05
2 47 2 9.236760e-05
3 47 2 1.301604e-04
4 47 2 2.916280e-04
5 47 2 9.940137e-04
6 47 2 2.738506e-03
7 47 2 3.713999e-03
8 47 2 2.518358e-03
9 47 2 1.066853e-03
10 47 2 3.290584e-04
11 47 2 9.708083e-05
12 47 2 7.379434e-05
1 48 2 9.823869e-05
2 48 2 1.128505e-04
3 48 2 1.552196e-04
4 48 2 3.031110e-04
5 48 2 9.406117e-04
6 48 2 2.163568e-03
7 48 2 2.875181e-03
8 48 2 2.022855e-03
9 48 2 9.629604e-04
10 48 2 3.590257e-04
11 48 2 1.292448e-04
12 48 2 8.570726e-05
1 49 2 1.569019e-03
2 49 2 1.427669e-03
3 49 2 1.619395e-03
4 49 2 1.895358e-03
5 49 2 2.710766e-03
6 49 2 4.124274e-03
7 49 2 6.150675e-03
8 49 2 5.783846e-03
9 49 2 4.034166e-03
10 49 2 2.886834e-03
11 49 2 2.107622e-03
12 49 2 1.537507e-03
1 50 2 6.396848e-03
2 50 2 5.521754e-03
3 50 2 6.472349e-03
4 50 2 7.377807e-03
5 50 2 1.038375e-02
6 50 2 1.523801e-02
7 50 2 2.103069e-02
8 50 2 2.022444e-02
9 50 2 1.464433e-02
10 50 2 1.043909e-02
11 50 2 7.815550e-03
12 50 2 6.153892e-03
1 51 2 2.455678e-03
2 51 2 2.241191e-03
3 51 2 2.435301e-03
4 51 2 2.811143e-03
5 51 2 3.831659e-03
6 51 2 5.373597e-03
7 51 2 7.002582e-03
8 51 2 6.944435e-03
9 51 2 5.769808e-03
10 51 2 4.058335e-03
11 51 2 3.041573e-03
12 51 2 2.548931e-03
1 52 2 8.504834e-01
2 52 2 8.939310e-01
3 52 2 1.122981e+00
4 52 2 1.637153e+00
5 52 2 2.768641e+00
6 52 2 3.810269e+00
7 52 2 4.887378e+00
8 52 2 4.571372e+00
9 52 2 3.690181e+00
10 52 2 2.108072e+00
11 52 2 1.268853e+00
12 52 2 9.784790e-01
1 53 2 2.116351e-01
2 53 2 2.655247e-01
3 53 2 4.498548e-01
4 53 2 9.818987e-01
5 53 2 1.869835e+00
6 53 2 2.792140e+00
7 53 2 3.875822e+00
8 53 2 3.302651e+00
9 53 2 2.235260e+00
10 53 2 9.858437e-01
11 53 2 4.397128e-01
12 53 2 2.785760e-01
1 54 2 1.188037e-01
2 54 2 1.541188e-01
3 54 2 2.882083e-01
4 54 2 7.161693e-01
5 54 2 1.410630e+00
6 54 2 2.724694e+00
7 54 2 3.870558e+00
8 54 2 3.245562e+00
9 54 2 1.968382e+00
10 54 2 8.371478e-01
11 54 2 3.588398e-01
12 54 2 1.979430e-01
1 55 2 7.203554e-02
2 55 2 8.033884e-02
3 55 2 1.498699e-01
4 55 2 3.509279e-01
5 55 2 6.963834e-01
6 55 2 1.487195e+00
7 55 2 2.067314e+00
8 55 2 1.782879e+00
9 55 2 1.130586e+00
10 55 2 5.420980e-01
11 55 2 2.536269e-01
12 55 2 1.452275e-01
1 56 2 2.429552e-01
2 56 2 2.521345e-01
3 56 2 4.367037e-01
4 56 2 9.737870e-01
5 56 2 2.128568e+00
6 56 2 4.195876e+00
7 56 2 5.801166e+00
8 56 2 4.814674e+00
9 56 2 3.146985e+00
10 56 2 1.621441e+00
11 56 2 7.310057e-01
12 56 2 4.192388e-01
1 57 2 4.888151e-02
2 57 2 4.663781e-02
3 57 2 5.736185e-02
4 57 2 8.706631e-02
5 57 2 1.456756e-01
6 57 2 2.370323e-01
7 57 2 3.375368e-01
8 57 2 3.042031e-01
9 57 2 2.263273e-01
10 57 2 1.453809e-01
11 57 2 8.890117e-02
12 57 2 6.388925e-02
1 60 2 4.099709e+00
2 60 2 3.970198e+00
3 60 2 4.553029e+00
4 60 2 5.399825e+00
5 60 2 6.657555e+00
6 60 2 8.761298e+00
7 60 2 1.019990e+01
8 60 2 1.020419e+01
9 60 2 8.659725e+00
10 60 2 7.069212e+00
11 60 2 5.653716e+00
12 60 2 4.686352e+00
1 61 2 6.000328e+00
2 61 2 6.036421e+00
3 61 2 8.490123e+00
4 61 2 1.278792e+01
5 61 2 1.865367e+01
6 61 2 2.628000e+01
7 61 2 3.109984e+01
8 61 2 2.992062e+01
9 61 2 2.324910e+01
10 61 2 1.581418e+01
11 61 2 1.031655e+01
12 61 2 7.235941e+00
1 62 2 8.350123e-01
2 62 2 9.145350e-01
3 62 2 1.439645e+00
4 62 2 2.606197e+00
5 62 2 4.470190e+00
6 62 2 6.341321e+00
7 62 2 7.754154e+00
8 62 2 7.238221e+00
9 62 2 5.043754e+00
10 62 2 3.007787e+00
11 62 2 1.633361e+00
12 62 2 1.062945e+00
1 63 2 9.799951e-02
2 63 2 1.189672e-01
3 63 2 1.990634e-01
4 63 2 4.186807e-01
5 63 2 8.035172e-01
6 63 2 1.194556e+00
7 63 2 1.527549e+00
8 63 2 1.329267e+00
9 63 2 8.118745e-01
10 63 2 4.433734e-01
11 63 2 2.047975e-01
12 63 2 1.340691e-01
1 64 2 2.344691e-02
2 64 2 3.003793e-02
3 64 2 5.719947e-02
4 64 2 1.354864e-01
5 64 2 2.901693e-01
6 64 2 4.647847e-01
7 64 2 5.891248e-01
8 64 2 4.605640e-01
9 64 2 2.637121e-01
10 64 2 1.165813e-01
11 64 2 5.327193e-02
12 64 2 3.645706e-02
1 65 2 7.925066e-03
2 65 2 9.827132e-03
3 65 2 2.152940e-02
4 65 2 6.071366e-02
5 65 2 1.272972e-01
6 65 2 2.163464e-01
7 65 2 2.804156e-01
8 65 2 2.092870e-01
9 65 2 1.187010e-01
10 65 2 4.212179e-02
11 65 2 1.854284e-02
12 65 2 1.343797e-02
1 66 2 5.308319e-03
2 66 2 6.562738e-03
3 66 2 1.560151e-02
4 66 2 5.118337e-02
5 66 2 1.064249e-01
6 66 2 1.830023e-01
7 66 2 2.523907e-01
8 66 2 1.908076e-01
9 66 2 1.079368e-01
10 66 2 3.576070e-02
11 66 2 1.370403e-02
12 66 2 8.500344e-03
1 67 2 2.080189e-03
2 67 2 2.773836e-03
3 67 2 7.053883e-03
4 67 2 2.605766e-02
5 67 2 5.912331e-02
6 67 2 1.008352e-01
7 67 2 1.409788e-01
8 67 2 1.084947e-01
9 67 2 5.933907e-02
10 67 2 2.182174e-02
11 67 2 6.900200e-03
12 67 2 3.105743e-03
1 68 2 6.955223e-04
2 68 2 9.338993e-04
3 68 2 2.773629e-03
4 68 2 1.274906e-02
5 68 2 3.474282e-02
6 68 2 6.657801e-02
7 68 2 9.546027e-02
8 68 2 7.099703e-02
9 68 2 3.407217e-02
10 68 2 1.251771e-02
11 68 2 2.854481e-03
12 68 2 9.932601e-04
1 69 2 7.666818e-04
2 69 2 1.087012e-03
3 69 2 2.599516e-03
4 69 2 1.139903e-02
5 69 2 3.655154e-02
6 69 2 8.650332e-02
7 69 2 1.267267e-01
8 69 2 9.755389e-02
9 69 2 4.190851e-02
10 69 2 1.362703e-02
11 69 2 2.640427e-03
12 69 2 9.929717e-04
1 70 2 2.972268e-03
2 70 2 3.474013e-03
3 70 2 4.978160e-03
4 70 2 1.298776e-02
5 70 2 3.256918e-02
6 70 2 7.908724e-02
7 70 2 1.280172e-01
8 70 2 1.166754e-01
9 70 2 6.024333e-02
10 70 2 2.147368e-02
11 70 2 6.531012e-03
12 70 2 3.676487e-03
1 71 2 9.208636e-04
2 71 2 9.344612e-04
3 71 2 1.057414e-03
4 71 2 1.696830e-03
5 71 2 3.286128e-03
6 71 2 6.855173e-03
7 71 2 1.052054e-02
8 71 2 1.046005e-02
9 71 2 6.711071e-03
10 71 2 3.196394e-03
11 71 2 1.526999e-03
12 71 2 1.060552e-03
1 72 2 3.868257e-06
2 72 2 3.694522e-06
3 72 2 4.002631e-06
4 72 2 5.103393e-06
5 72 2 7.940504e-06
6 72 2 1.381674e-05
7 72 2 2.140055e-05
8 72 2 2.058231e-05
9 72 2 1.440007e-05
10 72 2 8.731389e-06
11 72 2 5.379739e-06
12 72 2 3.841840e-06
1 76 2 2.236498e+00
2 76 2 2.046166e+00
3 76 2 2.066760e+00
4 76 2 2.248142e+00
5 76 2 3.056387e+00
6 76 2 4.358214e+00
7 76 2 5.844122e+00
8 76 2 6.236750e+00
9 76 2 5.942409e+00
10 76 2 3.968342e+00
11 76 2 2.561732e+00
12 76 2 2.240457e+00
1 77 2 2.139834e+00
2 77 2 2.778557e+00
3 77 2 3.639743e+00
4 77 2 5.882625e+00
5 77 2 9.877165e+00
6 77 2 1.524931e+01
7 77 2 2.071970e+01
8 77 2 1.966636e+01
9 77 2 1.456800e+01
10 77 2 7.359927e+00
11 77 2 3.229558e+00
12 77 2 2.035574e+00
1 78 2 2.492121e+00
2 78 2 3.405132e+00
3 78 2 4.741850e+00
4 78 2 8.505007e+00
5 78 2 1.329937e+01
6 78 2 2.111479e+01
7 78 2 2.606388e+01
8 78 2 2.440566e+01
9 78 2 1.582436e+01
10 78 2 8.391968e+00
11 78 2 4.531844e+00
12 78 2 2.616387e+00
1 79 2 7.910805e+00
2 79 2 9.706689e+00
3 79 2 1.425222e+01
4 79 2 2.363967e+01
5 79 2 3.591522e+01
6 79 2 5.867363e+01
7 79 2 7.189720e+01
8 79 2 6.810985e+01
9 79 2 4.703026e+01
10 79 2 2.838960e+01
11 79 2 1.617493e+01
12 79 2 9.908463e+00
1 80 2 3.898890e+00
2 80 2 3.906502e+00
3 80 2 4.908765e+00
4 80 2 6.637213e+00
5 80 2 9.898814e+00
6 80 2 1.506069e+01
7 80 2 1.939292e+01
8 80 2 1.919867e+01
9 80 2 1.593455e+01
10 80 2 1.117178e+01
11 80 2 6.517172e+00
12 80 2 4.817275e+00
1 81 2 7.393164e-07
2 81 2 6.699988e-07
3 81 2 7.056907e-07
4 81 2 8.367762e-07
5 81 2 1.204950e-06
6 81 2 1.623636e-06
7 81 2 2.166462e-06
8 81 2 2.324566e-06
9 81 2 2.113756e-06
10 81 2 1.621870e-06
11 81 2 1.072118e-06
12 81 2 8.777391e-07
1 84 2 1.453959e+00
2 84 2 1.537201e+00
3 84 2 1.901209e+00
4 84 2 2.402534e+00
5 84 2 3.221074e+00
6 84 2 5.277963e+00
7 84 2 7.068899e+00
8 84 2 6.773761e+00
9 84 2 5.082669e+00
10 84 2 3.207674e+00
11 84 2 2.154842e+00
12 84 2 1.646066e+00
1 85 2 1.461056e+00
2 85 2 1.645264e+00
3 85 2 2.139109e+00
4 85 2 3.107926e+00
5 85 2 4.975112e+00
6 85 2 7.600263e+00
7 85 2 1.051567e+01
8 85 2 1.000365e+01
9 85 2 7.203306e+00
10 85 2 3.973386e+00
11 85 2 2.240822e+00
12 85 2 1.625943e+00
1 86 2 5.055093e-01
2 86 2 5.723423e-01
3 86 2 7.314113e-01
4 86 2 1.062393e+00
5 86 2 1.707476e+00
6 86 2 2.477510e+00
7 86 2 3.403440e+00
8 86 2 3.414574e+00
9 86 2 2.527435e+00
10 86 2 1.465632e+00
11 86 2 8.073421e-01
12 86 2 5.770018e-01
1 87 2 1.992440e-01
2 87 2 2.695542e-01
3 87 2 3.848739e-01
4 87 2 6.083980e-01
5 87 2 1.067353e+00
6 87 2 1.604367e+00
7 87 2 2.175026e+00
8 87 2 2.216279e+00
9 87 2 1.606812e+00
10 87 2 9.046779e-01
11 87 2 3.974916e-01
12 87 2 2.416145e-01
1 88 2 1.378208e-01
2 88 2 1.957167e-01
3 88 2 3.069126e-01
4 88 2 5.823339e-01
5 88 2 1.195121e+00
6 88 2 1.878402e+00
7 88 2 2.405554e+00
8 88 2 2.109859e+00
9 88 2 1.363392e+00
10 88 2 6.443135e-01
11 88 2 3.303195e-01
12 88 2 1.834804e-01
1 89 2 3.518742e-02
2 89 2 4.895874e-02
3 89 2 9.292215e-02
4 89 2 1.747707e-01
5 89 2 3.487751e-01
6 89 2 5.210294e-01
7 89 2 6.078144e-01
8 89 2 5.323005e-01
9 89 2 3.473822e-01
10 89 2 1.653089e-01
11 89 2 9.096124e-02
12 89 2 5.034742e-02
1 90 2 1.810476e-02
2 90 2 2.386147e-02
3 90 2 4.735053e-02
4 90 2 8.498412e-02
5 90 2 1.304882e-01
6 90 2 1.727230e-01
7 90 2 1.939785e-01
8 90 2 1.794839e-01
9 90 2 1.308001e-01
10 90 2 7.801673e-02
11 90 2 4.301478e-02
12 90 2 2.448737e-02
1 91 2 4.486069e-03
2 91 2 6.347590e-03
3 91 2 1.326152e-02
4 91 2 2.506011e-02
5 91 2 3.698480e-02
6 91 2 4.701113e-02
7 91 2 5.278666e-02
8 91 2 4.841043e-02
9 91 2 3.480810e-02
10 91 2 2.154630e-02
11 91 2 1.116700e-02
12 91 2 5.732653e-03
1 92 2 2.620472e-02
2 92 2 3.743184e-02
3 92 2 9.383219e-02
4 92 2 2.238619e-01
5 92 2 4.221710e-01
6 92 2 6.469145e-01
7 92 2 7.765338e-01
8 92 2 7.067702e-01
9 92 2 4.421623e-01
10 92 2 2.349950e-01
11 92 2 9.216522e-02
12 92 2 3.956426e-02
1 93 2 3.169808e-01
2 93 2 3.824656e-01
3 93 2 7.863696e-01
4 93 2 1.832722e+00
5 93 2 3.269473e+00
6 93 2 5.188423e+00
7 93 2 6.959998e+00
8 93 2 6.842272e+00
9 93 2 4.602146e+00
10 93 2 2.650277e+00
11 93 2 1.134993e+00
12 93 2 4.727473e-01
1 94 2 1.275937e+00
2 94 2 1.269504e+00
3 94 2 1.695095e+00
4 94 2 3.004021e+00
5 94 2 5.127681e+00
6 94 2 8.074163e+00
7 94 2 1.115442e+01
8 94 2 1.215585e+01
9 94 2 1.001296e+01
10 94 2 6.043803e+00
11 94 2 3.243859e+00
12 94 2 1.772367e+00
1 98 2 2.829592e-01
2 98 2 2.633974e-01
3 98 2 2.480295e-01
4 98 2 2.640800e-01
5 98 2 2.997126e-01
6 98 2 3.429599e-01
7 98 2 3.857594e-01
8 98 2 4.065716e-01
9 98 2 4.011952e-01
10 98 2 3.792366e-01
11 98 2 3.411207e-01
12 98 2 3.104234e-01
1 101 2 9.128062e-02
2 101 2 9.379395e-02
3 101 2 9.611451e-02
4 101 2 1.185238e-01
5 101 2 1.524239e-01
6 101 2 1.779708e-01
7 101 2 1.899737e-01
8 101 2 1.903602e-01
9 101 2 1.830060e-01
10 101 2 1.569089e-01
11 101 2 1.206586e-01
12 101 2 9.677685e-02
1 102 2 1.815032e+00
2 102 2 2.051643e+00
3 102 2 2.521508e+00
4 102 2 3.153900e+00
5 102 2 3.649808e+00
6 102 2 3.984420e+00
7 102 2 4.096619e+00
8 102 2 4.148384e+00
9 102 2 3.738852e+00
10 102 2 2.880415e+00
11 102 2 2.311894e+00
12 102 2 1.894884e+00
1 103 2 2.414738e+00
2 103 2 2.464260e+00
3 103 2 2.685735e+00
4 103 2 3.034779e+00
5 103 2 3.534241e+00
6 103 2 4.044487e+00
7 103 2 4.375621e+00
8 103 2 4.592117e+00
9 103 2 4.503917e+00
10 103 2 3.936032e+00
11 103 2 3.238005e+00
12 103 2 2.692294e+00
1 104 2 1.532896e-01
2 104 2 1.470928e-01
3 104 2 1.486910e-01
4 104 2 1.630183e-01
5 104 2 1.906191e-01
6 104 2 2.187447e-01
7 104 2 2.455027e-01
8 104 2 2.652028e-01
9 104 2 2.673375e-01
10 104 2 2.497461e-01
11 104 2 2.054387e-01
12 104 2 1.701030e-01
1 107 2 7.422249e-02
2 107 2 7.830338e-02
3 107 2 9.142200e-02
4 107 2 1.047595e-01
5 107 2 1.174812e-01
6 107 2 1.504042e-01
7 107 2 1.643982e-01
8 107 2 1.637330e-01
9 107 2 1.532786e-01
10 107 2 1.311072e-01
11 107 2 1.042254e-01
12 107 2 8.150818e-02
1 108 2 7.431653e-03
2 108 2 9.497661e-03
3 108 2 1.379637e-02
4 108 2 2.136756e-02
5 108 2 3.316816e-02
6 108 2 4.552434e-02
7 108 2 4.873244e-02
8 108 2 4.306921e-02
9 108 2 3.484979e-02
10 108 2 2.404394e-02
11 108 2 1.252445e-02
12 108 2 7.973037e-03
1 109 2 1.409610e-02
2 109 2 1.861889e-02
3 109 2 2.912115e-02
4 109 2 5.053726e-02
5 109 2 8.610456e-02
6 109 2 1.085392e-01
7 109 2 1.102856e-01
8 109 2 1.013834e-01
9 109 2 8.141379e-02
10 109 2 5.712514e-02
11 109 2 2.540784e-02
12 109 2 1.484232e-02
1 110 2 6.209250e-03
2 110 2 7.909396e-03
3 110 2 1.270289e-02
4 110 2 1.966358e-02
5 110 2 3.049743e-02
6 110 2 3.531749e-02
7 110 2 3.796970e-02
8 110 2 3.755174e-02
9 110 2 3.161769e-02
10 110 2 2.305130e-02
11 110 2 1.115002e-02
12 110 2 6.563024e-03
1 111 2 2.129764e-01
2 111 2 2.663713e-01
3 111 2 4.312494e-01
4 111 2 6.535944e-01
5 111 2 9.878124e-01
6 111 2 1.266848e+00
7 111 2 1.339154e+00
8 111 2 1.326380e+00
9 111 2 1.129529e+00
10 111 2 7.352684e-01
11 111 2 3.960838e-01
12 111 2 2.419352e-01
1 112 2 2.453165e-01
2 112 2 3.163056e-01
3 112 2 5.548901e-01
4 112 2 9.227499e-01
5 112 2 1.403197e+00
6 112 2 1.709961e+00
7 112 2 1.741549e+00
8 112 2 1.623304e+00
9 112 2 1.239214e+00
10 112 2 8.226812e-01
11 112 2 4.721331e-01
12 112 2 2.902154e-01
1 113 2 1.406901e-01
2 113 2 1.782412e-01
3 113 2 2.994463e-01
4 113 2 4.477947e-01
5 113 2 5.510542e-01
6 113 2 4.811518e-01
7 113 2 4.128567e-01
8 113 2 3.943118e-01
9 113 2 3.899929e-01
10 113 2 3.561008e-01
11 113 2 2.490702e-01
12 113 2 1.682245e-01
1 114 2 3.837505e-01
2 114 2 5.203851e-01
3 114 2 9.271550e-01
4 114 2 1.351499e+00
5 114 2 1.559233e+00
6 114 2 1.141446e+00
7 114 2 9.427573e-01
8 114 2 8.641513e-01
9 114 2 8.339368e-01
10 114 2 7.463887e-01
11 114 2 5.689883e-01
12 114 2 4.214706e-01
1 115 2 1.463791e-01
2 115 2 2.129685e-01
3 115 2 3.375898e-01
4 115 2 4.184720e-01
5 115 2 3.737153e-01
6 115 2 3.469824e-01
7 115 2 3.346581e-01
8 115 2 3.210808e-01
9 115 2 2.952985e-01
10 115 2 2.638944e-01
11 115 2 2.004655e-01
12 115 2 1.438189e-01
1 116 2 1.566521e-01
2 116 2 2.005338e-01
3 116 2 3.066641e-01
4 116 2 4.340718e-01
5 116 2 5.048528e-01
6 116 2 5.748993e-01
7 116 2 6.027148e-01
8 116 2 5.769318e-01
9 116 2 4.673790e-01
10 116 2 3.736590e-01
11 116 2 2.714560e-01
12 116 2 1.788235e-01
1 117 2 5.013269e-02
2 117 2 5.235106e-02
3 117 2 6.611457e-02
4 117 2 9.050234e-02
5 117 2 1.152474e-01
6 117 2 1.365427e-01
7 117 2 1.453639e-01
8 117 2 1.451733e-01
9 117 2 1.324618e-01
10 117 2 1.133953e-01
11 117 2 9.153974e-02
12 117 2 6.612713e-02
1 126 2 1.680305e-03
2 126 2 1.746505e-03
3 126 2 1.892973e-03
4 126 2 1.998864e-03
5 126 2 1.974896e-03
6 126 2 1.835444e-03
7 126 2 1.769262e-03
8 126 2 1.786547e-03
9 126 2 1.777089e-03
10 126 2 1.746275e-03
11 126 2 1.706327e-03
12 126 2 1.680492e-03
1 127 2 1.695653e-01
2 127 2 1.724514e-01
3 127 2 1.820188e-01
4 127 2 1.889741e-01
5 127 2 1.915487e-01
6 127 2 1.855391e-01
7 127 2 1.855903e-01
8 127 2 1.898493e-01
9 127 2 1.878255e-01
10 127 2 1.802979e-01
11 127 2 1.747310e-01
12 127 2 1.725681e-01
1 128 2 7.686464e-01
2 128 2 7.893928e-01
3 128 2 8.103621e-01
4 128 2 7.910511e-01
5 128 2 7.694976e-01
6 128 2 7.463827e-01
7 128 2 7.955062e-01
8 128 2 9.044939e-01
9 128 2 9.510670e-01
10 128 2 8.983276e-01
11 128 2 8.168978e-01
12 128 2 7.696803e-01
1 129 2 2.190638e-02
2 129 2 2.160560e-02
3 129 2 2.215052e-02
4 129 2 2.279289e-02
5 129 2 2.314457e-02
6 129 2 2.377069e-02
7 129 2 2.483802e-02
8 129 2 2.707340e-02
9 129 2 2.828601e-02
10 129 2 2.841062e-02
11 129 2 2.593987e-02
12 129 2 2.304441e-02
1 133 2 4.703259e-01
2 133 2 5.468234e-01
3 133 2 6.564320e-01
4 133 2 6.739821e-01
5 133 2 6.429099e-01
6 133 2 5.909210e-01
7 133 2 5.274026e-01
8 133 2 4.938526e-01
9 133 2 5.149782e-01
10 133 2 5.484716e-01
11 133 2 5.232507e-01
12 133 2 4.578447e-01
1 135 2 2.035271e-02
2 135 2 2.293038e-02
3 135 2 2.726946e-02
4 135 2 2.936794e-02
5 135 2 2.821978e-02
6 135 2 2.517493e-02
7 135 2 2.174865e-02
8 135 2 2.196630e-02
9 135 2 2.334171e-02
10 135 2 2.195152e-02
11 135 2 2.104034e-02
12 135 2 1.976452e-02
1 136 2 2.276797e-02
2 136 2 2.343285e-02
3 136 2 2.897909e-02
4 136 2 3.522975e-02
5 136 2 3.857816e-02
6 136 2 3.519800e-02
7 136 2 3.114611e-02
8 136 2 3.107468e-02
9 136 2 3.123529e-02
10 136 2 2.938297e-02
11 136 2 2.778145e-02
12 136 2 2.467027e-02
1 137 2 5.551604e-03
2 137 2 5.824205e-03
3 137 2 6.677572e-03
4 137 2 7.337671e-03
5 137 2 7.242726e-03
6 137 2 6.664034e-03
7 137 2 6.164941e-03
8 137 2 5.948552e-03
9 137 2 5.952289e-03
10 137 2 6.200912e-03
11 137 2 6.130767e-03
12 137 2 5.780764e-03
1 138 2 2.213091e-01
2 138 2 2.433646e-01
3 138 2 2.823389e-01
4 138 2 3.142257e-01
5 138 2 3.170344e-01
6 138 2 2.786414e-01
7 138 2 2.581346e-01
8 138 2 2.489388e-01
9 138 2 2.496180e-01
10 138 2 2.510725e-01
11 138 2 2.435451e-01
12 138 2 2.258677e-01
1 139 2 3.734661e-01
2 139 2 4.253090e-01
3 139 2 4.752409e-01
4 139 2 4.987992e-01
5 139 2 4.917699e-01
6 139 2 4.579713e-01
7 139 2 4.333101e-01
8 139 2 4.171325e-01
9 139 2 4.117258e-01
10 139 2 4.149221e-01
11 139 2 3.948302e-01
12 139 2 3.614143e-01
1 140 2 1.237859e-01
2 140 2 1.279992e-01
3 140 2 1.390171e-01
4 140 2 1.575040e-01
5 140 2 1.672468e-01
6 140 2 1.606408e-01
7 140 2 1.521007e-01
8 140 2 1.466999e-01
9 140 2 1.445612e-01
10 140 2 1.453602e-01
11 140 2 1.422901e-01
12 140 2 1.326578e-01
1 141 2 1.941726e-01
2 141 2 1.921635e-01
3 141 2 1.976676e-01
4 141 2 2.169385e-01
5 141 2 2.341054e-01
6 141 2 2.314920e-01
7 141 2 2.252322e-01
8 141 2 2.184067e-01
9 141 2 2.165557e-01
10 141 2 2.170649e-01
11 141 2 2.192314e-01
12 141 2 2.128566e-01
1 150 2 2.246224e-04
2 150 2 2.458845e-04
3 150 2 2.631914e-04
4 150 2 2.691347e-04
5 150 2 2.518280e-04
6 150 2 2.221010e-04
7 150 2 2.026181e-04
8 150 2 1.977253e-04
9 150 2 1.913329e-04
10 150 2 1.869797e-04
11 150 2 1.906151e-04
12 150 2 2.028090e-04
1 151 2 1.456747e-01
2 151 2 1.549420e-01
3 151 2 1.642845e-01
4 151 2 1.681582e-01
5 151 2 1.627048e-01
6 151 2 1.531556e-01
7 151 2 1.497715e-01
8 151 2 1.555539e-01
9 151 2 1.481011e-01
10 151 2 1.389776e-01
11 151 2 1.349024e-01
12 151 2 1.382679e-01
1 152 2 1.154680e-01
2 152 2 1.169606e-01
3 152 2 1.180434e-01
4 152 2 1.121717e-01
5 152 2 1.078270e-01
6 152 2 1.059013e-01
7 152 2 1.210735e-01
8 152 2 1.614369e-01
9 152 2 1.713830e-01
10 152 2 1.460713e-01
11 152 2 1.252622e-01
12 152 2 1.158418e-01
1 153 2 1.338000e-01
2 153 2 1.370455e-01
3 153 2 1.445924e-01
4 153 2 1.418261e-01
5 153 2 1.369617e-01
6 153 2 1.344689e-01
7 153 2 1.569680e-01
8 153 2 2.051288e-01
9 153 2 2.494939e-01
10 153 2 2.229963e-01
11 153 2 1.686852e-01
12 153 2 1.407450e-01
1 154 2 3.642042e-01
2 154 2 3.622281e-01
3 154 2 3.769449e-01
4 154 2 3.611831e-01
5 154 2 3.377391e-01
6 154 2 3.038003e-01
7 154 2 2.868673e-01
8 154 2 2.988388e-01
9 154 2 3.369368e-01
10 154 2 3.786567e-01
11 154 2 3.990620e-01
12 154 2 3.858739e-01
1 157 2 1.450918e-02
2 157 2 1.506633e-02
3 157 2 1.613066e-02
4 157 2 1.590343e-02
5 157 2 1.550127e-02
6 157 2 1.457386e-02
7 157 2 1.390554e-02
8 157 2 1.376537e-02
9 157 2 1.366588e-02
10 157 2 1.390416e-02
11 157 2 1.400384e-02
12 157 2 1.418660e-02
1 163 2 6.750421e-02
2 163 2 6.840867e-02
3 163 2 7.043868e-02
4 163 2 7.466547e-02
5 163 2 7.473833e-02
6 163 2 6.909853e-02
7 163 2 6.388136e-02
8 163 2 5.998585e-02
9 163 2 6.084483e-02
10 163 2 6.437148e-02
11 163 2 6.688787e-02
12 163 2 6.741195e-02
1 164 2 2.554111e-01
2 164 2 2.532272e-01
3 164 2 2.602762e-01
4 164 2 2.724184e-01
5 164 2 2.692140e-01
6 164 2 2.490021e-01
7 164 2 2.304735e-01
8 164 2 2.251301e-01
9 164 2 2.410685e-01
10 164 2 2.641012e-01
11 164 2 2.694348e-01
12 164 2 2.649481e-01
1 165 2 1.172928e-01
2 165 2 1.149552e-01
3 165 2 1.164004e-01
4 165 2 1.189750e-01
5 165 2 1.176692e-01
6 165 2 1.082723e-01
7 165 2 1.020860e-01
8 165 2 1.033295e-01
9 165 2 1.101381e-01
10 165 2 1.177615e-01
11 165 2 1.238802e-01
12 165 2 1.240261e-01
1 166 2 5.148576e-02
2 166 2 5.097178e-02
3 166 2 5.012965e-02
4 166 2 4.989446e-02
5 166 2 4.826074e-02
6 166 2 4.463315e-02
7 166 2 4.214720e-02
8 166 2 4.246164e-02
9 166 2 4.405081e-02
10 166 2 4.633822e-02
11 166 2 4.995940e-02
12 166 2 5.247662e-02
1 170 2 2.235191e-03
2 170 2 2.458267e-03
3 170 2 2.415234e-03
4 170 2 2.195319e-03
5 170 2 1.829356e-03
6 170 2 1.538169e-03
7 170 2 1.454867e-03
8 170 2 1.388930e-03
9 170 2 1.412290e-03
10 170 2 1.572575e-03
11 170 2 1.735044e-03
12 170 2 1.998011e-03
1 171 2 8.043198e-03
2 171 2 8.829119e-03
3 171 2 8.936007e-03
4 171 2 7.950219e-03
5 171 2 6.613689e-03
6 171 2 5.667619e-03
7 171 2 5.145589e-03
8 171 2 4.875607e-03
9 171 2 4.946645e-03
10 171 2 5.380569e-03
11 171 2 6.141063e-03
12 171 2 7.255074e-03
1 175 2 2.313336e-04
2 175 2 2.445735e-04
3 175 2 2.452750e-04
4 175 2 2.297292e-04
5 175 2 1.995985e-04
6 175 2 1.818848e-04
7 175 2 1.781109e-04
8 175 2 1.766071e-04
9 175 2 1.642639e-04
10 175 2 1.660475e-04
11 175 2 1.736011e-04
12 175 2 2.025067e-04
1 176 2 1.670152e-01
2 176 2 1.682674e-01
3 176 2 1.647333e-01
4 176 2 1.454953e-01
5 176 2 1.176992e-01
6 176 2 1.066575e-01
7 176 2 1.064630e-01
8 176 2 1.214601e-01
9 176 2 1.322827e-01
10 176 2 1.411778e-01
11 176 2 1.506968e-01
12 176 2 1.600770e-01
1 177 2 7.325370e-01
2 177 2 7.118260e-01
3 177 2 6.720963e-01
4 177 2 5.877035e-01
5 177 2 4.805813e-01
6 177 2 4.103758e-01
7 177 2 4.269897e-01
8 177 2 5.116123e-01
9 177 2 6.430166e-01
10 177 2 6.687126e-01
11 177 2 6.822764e-01
12 177 2 6.836704e-01
1 178 2 2.667654e-01
2 178 2 2.636477e-01
3 178 2 2.527256e-01
4 178 2 2.118246e-01
5 178 2 1.844367e-01
6 178 2 1.558900e-01
7 178 2 1.484754e-01
8 178 2 1.495681e-01
9 178 2 1.705787e-01
10 178 2 1.835378e-01
11 178 2 2.072955e-01
12 178 2 2.301416e-01
1 181 2 3.264653e-03
2 181 2 3.448194e-03
3 181 2 3.495679e-03
4 181 2 3.342337e-03
5 181 2 2.756386e-03
6 181 2 2.383438e-03
7 181 2 2.107450e-03
8 181 2 2.156803e-03
9 181 2 2.336677e-03
10 181 2 2.530185e-03
11 181 2 2.865468e-03
12 181 2 3.050894e-03
1 182 2 3.892380e-01
2 182 2 3.597759e-01
3 182 2 3.392526e-01
4 182 2 2.833903e-01
5 182 2 2.219199e-01
6 182 2 1.659828e-01
7 182 2 1.645716e-01
8 182 2 2.286926e-01
9 182 2 3.173356e-01
10 182 2 3.892008e-01
11 182 2 4.301469e-01
12 182 2 4.128775e-01
1 183 2 8.272988e-02
2 183 2 7.947591e-02
3 183 2 7.587467e-02
4 183 2 6.879759e-02
5 183 2 5.788510e-02
6 183 2 4.698063e-02
7 183 2 4.371054e-02
8 183 2 5.190460e-02
9 183 2 6.035090e-02
10 183 2 7.139505e-02
11 183 2 7.772753e-02
12 183 2 7.994778e-02
1 184 2 2.581196e-02
2 184 2 2.615417e-02
3 184 2 2.532990e-02
4 184 2 2.279527e-02
5 184 2 1.895078e-02
6 184 2 1.531580e-02
7 184 2 1.381100e-02
8 184 2 1.442424e-02
9 184 2 1.528007e-02
10 184 2 1.754724e-02
11 184 2 2.053145e-02
12 184 2 2.340131e-02
1 188 2 4.037271e-02
2 188 2 4.002071e-02
3 188 2 3.709561e-02
4 188 2 3.029109e-02
5 188 2 2.140853e-02
6 188 2 1.628409e-02
7 188 2 1.401232e-02
8 188 2 1.425371e-02
9 188 2 1.930658e-02
10 188 2 2.537156e-02
11 188 2 3.021501e-02
12 188 2 3.768625e-02
1 189 2 3.521579e-02
2 189 2 3.254650e-02
3 189 2 2.952257e-02
4 189 2 2.182157e-02
5 189 2 1.444783e-02
6 189 2 1.021696e-02
7 189 2 9.714148e-03
8 189 2 1.193219e-02
9 189 2 1.919502e-02
10 189 2 2.733089e-02
11 189 2 3.324348e-02
12 189 2 3.473927e-02
1 190 2 1.441300e-01
2 190 2 1.365658e-01
3 190 2 1.185394e-01
4 190 2 8.395899e-02
5 190 2 5.857818e-02
6 190 2 4.249512e-02
7 190 2 3.992894e-02
8 190 2 4.813422e-02
9 190 2 6.760989e-02
10 190 2 9.216862e-02
11 190 2 1.207703e-01
12 190 2 1.355021e-01
1 191 2 9.467468e-02
2 191 2 9.810798e-02
3 191 2 9.536143e-02
4 191 2 7.877925e-02
5 191 2 6.478165e-02
6 191 2 5.321699e-02
7 191 2 4.678669e-02
8 191 2 4.751596e-02
9 191 2 5.184087e-02
10 191 2 5.818606e-02
11 191 2 7.156275e-02
12 191 2 8.419291e-02
1 192 2 1.544658e-02
2 192 2 1.669346e-02
3 192 2 1.626458e-02
4 192 2 1.408269e-02
5 192 2 1.190200e-02
6 192 2 1.013407e-02
7 192 2 8.905835e-03
8 192 2 8.275611e-03
9 192 2 8.520954e-03
10 192 2 9.356982e-03
11 192 2 1.116982e-02
12 192 2 1.341251e-02
1 200 2 7.265895e-01
2 200 2 7.474798e-01
3 200 2 6.112744e-01
4 200 2 4.040961e-01
5 200 2 2.645011e-01
6 200 2 2.154117e-01
7 200 2 2.046523e-01
8 200 2 2.207001e-01
9 200 2 2.444644e-01
10 200 2 3.125597e-01
11 200 2 4.343478e-01
12 200 2 5.984429e-01
1 201 2 4.921098e-01
2 201 2 5.077553e-01
3 201 2 4.648198e-01
4 201 2 3.577851e-01
5 201 2 2.696253e-01
6 201 2 2.230684e-01
7 201 2 2.108122e-01
8 201 2 2.180660e-01
9 201 2 2.158201e-01
10 201 2 2.567979e-01
11 201 2 3.273484e-01
12 201 2 4.077023e-01
1 206 2 2.585409e-01
2 206 2 2.792579e-01
3 206 2 2.526537e-01
4 206 2 2.156009e-01
5 206 2 1.783008e-01
6 206 2 1.554632e-01
7 206 2 1.333400e-01
8 206 2 1.309230e-01
9 206 2 1.417228e-01
10 206 2 1.604222e-01
11 206 2 1.880519e-01
12 206 2 2.215446e-01
1 207 2 9.800729e-03
2 207 2 1.070117e-02
3 207 2 1.014876e-02
4 207 2 9.202395e-03
5 207 2 8.161168e-03
6 207 2 6.999797e-03
7 207 2 6.169693e-03
8 207 2 6.075575e-03
9 207 2 6.129867e-03
10 207 2 6.751828e-03
11 207 2 7.276470e-03
12 207 2 8.323831e-03
1 212 2 5.682060e-02
2 212 2 6.065248e-02
3 212 2 5.383501e-02
4 212 2 4.525859e-02
5 212 2 3.527549e-02
6 212 2 2.847025e-02
7 212 2 2.363192e-02
8 212 2 2.284004e-02
9 212 2 2.594004e-02
10 212 2 3.060803e-02
11 212 2 3.630645e-02
12 212 2 4.800406e-02
1 213 2 1.237288e-02
2 213 2 1.352262e-02
3 213 2 1.145989e-02
4 213 2 9.697522e-03
5 213 2 7.482932e-03
6 213 2 5.768288e-03
7 213 2 4.895587e-03
8 213 2 4.779278e-03
9 213 2 5.756844e-03
10 213 2 7.094645e-03
11 213 2 8.712135e-03
12 213 2 1.066119e-02
1 214 2 4.395742e-01
2 214 2 4.660038e-01
3 214 2 3.744051e-01
4 214 2 2.780837e-01
5 214 2 2.055549e-01
6 214 2 1.514845e-01
7 214 2 1.311879e-01
8 214 2 1.352448e-01
9 214 2 1.707177e-01
10 214 2 2.288742e-01
11 214 2 3.133077e-01
12 214 2 3.799877e-01
1 215 2 1.626309e-01
2 215 2 1.672876e-01
3 215 2 1.559701e-01
4 215 2 1.243016e-01
5 215 2 1.009646e-01
6 215 2 8.112292e-02
7 215 2 7.010144e-02
8 215 2 7.027382e-02
9 215 2 7.902763e-02
10 215 2 9.401748e-02
11 215 2 1.183810e-01
12 215 2 1.430107e-01
1 216 2 6.357796e-02
2 216 2 6.638006e-02
3 216 2 6.224814e-02
4 216 2 5.060412e-02
5 216 2 4.052087e-02
6 216 2 3.485881e-02
7 216 2 3.063181e-02
8 216 2 2.928969e-02
9 216 2 3.039324e-02
10 216 2 3.454477e-02
11 216 2 4.155150e-02
12 216 2 5.340119e-02
1 224 2 2.123969e-02
2 224 2 2.322001e-02
3 224 2 2.026229e-02
4 224 2 1.744888e-02
5 224 2 1.409029e-02
6 224 2 1.197402e-02
7 224 2 1.087828e-02
8 224 2 1.136224e-02
9 224 2 1.168477e-02
10 224 2 1.378162e-02
11 224 2 1.645798e-02
12 224 2 1.963566e-02
1 240 2 3.930612e-03
2 240 2 4.009200e-03
3 240 2 3.666315e-03
4 240 2 3.237931e-03
5 240 2 2.814179e-03
6 240 2 2.427327e-03
7 240 2 2.378088e-03
8 240 2 2.451670e-03
9 240 2 2.386554e-03
10 240 2 2.570069e-03
11 240 2 2.823875e-03
12 240 2 3.499701e-03
