1 7 2 4.231405e-06
2 7 2 3.614842e-06
3 7 2 3.953355e-06
4 7 2 1.021780e-05
5 7 2 3.515655e-05
6 7 2 9.468981e-05
7 7 2 1.281181e-04
8 7 2 8.735213e-05
9 7 2 3.777686e-05
10 7 2 1.656127e-05
11 7 2 8.774387e-06
12 7 2 5.176317e-06
1 25 2 6.400593e-04
2 25 2 6.077337e-04
3 25 2 8.561964e-04
4 25 2 1.562368e-03
5 25 2 4.370754e-03
6 25 2 7.925806e-03
7 25 2 9.608398e-03
8 25 2 7.367943e-03
9 25 2 4.163278e-03
10 25 2 1.948263e-03
11 25 2 9.289545e-04
12 25 2 5.379546e-04
1 26 2 3.266313e-03
2 26 2 2.688207e-03
3 26 2 4.445170e-03
4 26 2 9.921983e-03
5 26 2 2.794870e-02
6 26 2 5.338123e-02
7 26 2 5.791848e-02
8 26 2 4.333479e-02
9 26 2 2.370185e-02
10 26 2 9.540920e-03
11 26 2 4.984741e-03
12 26 2 3.081813e-03
1 27 2 1.413728e-02
2 27 2 1.248195e-02
3 27 2 2.188079e-02
4 27 2 5.572769e-02
5 27 2 1.569333e-01
6 27 2 3.244003e-01
7 27 2 3.658686e-01
8 27 2 2.753797e-01
9 27 2 1.423065e-01
10 27 2 5.343952e-02
11 27 2 2.832104e-02
12 27 2 1.751851e-02
1 28 2 4.392835e-04
2 28 2 3.997598e-04
3 28 2 6.723265e-04
4 28 2 1.827544e-03
5 28 2 5.218756e-03
6 28 2 1.117327e-02
7 28 2 1.332114e-02
8 28 2 1.003763e-02
9 28 2 5.163568e-03
10 28 2 2.010959e-03
11 28 2 1.003900e-03
12 28 2 6.258759e-04
1 29 2 5.888451e-04
2 29 2 5.570492e-04
3 29 2 8.874070e-04
4 29 2 2.668286e-03
5 29 2 7.979347e-03
6 29 2 1.963789e-02
7 29 2 2.675134e-02
8 29 2 1.990318e-02
9 29 2 9.140533e-03
10 29 2 3.387822e-03
11 29 2 1.601437e-03
12 29 2 9.996870e-04
1 30 2 1.336020e-04
2 30 2 1.168432e-04
3 30 2 1.857048e-04
4 30 2 5.683899e-04
5 30 2 1.574529e-03
6 30 2 4.282105e-03
7 30 2 6.206707e-03
8 30 2 4.753137e-03
9 30 2 2.150631e-03
10 30 2 8.417958e-04
11 30 2 3.882972e-04
12 30 2 2.325506e-04
1 31 2 2.385567e-04
2 31 2 1.838280e-04
3 31 2 2.792571e-04
4 31 2 7.772652e-04
5 31 2 2.007276e-03
6 31 2 5.285056e-03
7 31 2 7.453102e-03
8 31 2 6.015960e-03
9 31 2 3.009583e-03
10 31 2 1.378241e-03
11 31 2 6.617238e-04
12 31 2 3.687432e-04
1 32 2 2.823430e-04
2 32 2 2.337257e-04
3 32 2 3.267082e-04
4 32 2 7.259586e-04
5 32 2 1.938938e-03
6 32 2 4.592962e-03
7 32 2 5.925467e-03
8 32 2 4.894702e-03
9 32 2 2.733258e-03
10 32 2 1.409022e-03
11 32 2 7.281248e-04
12 32 2 3.776130e-04
1 35 2 4.690793e-03
2 35 2 4.469620e-03
3 35 2 4.855329e-03
4 35 2 6.470165e-03
5 35 2 1.014285e-02
6 35 2 1.549034e-02
7 35 2 1.863964e-02
8 35 2 1.711612e-02
9 35 2 1.163278e-02
10 35 2 8.410483e-03
11 35 2 6.370492e-03
12 35 2 5.175447e-03
1 36 2 5.623990e-04
2 36 2 5.279833e-04
3 36 2 5.851615e-04
4 36 2 7.028303e-04
5 36 2 9.612371e-04
6 36 2 1.386664e-03
7 36 2 1.633098e-03
8 36 2 1.663682e-03
9 36 2 1.269938e-03
10 36 2 9.949451e-04
11 36 2 7.615169e-04
12 36 2 6.309813e-04
1 37 2 5.065377e-02
2 37 2 4.902581e-02
3 37 2 6.177480e-02
4 37 2 7.943410e-02
5 37 2 1.200892e-01
6 37 2 1.821413e-01
7 37 2 2.118397e-01
8 37 2 2.082434e-01
9 37 2 1.532478e-01
10 37 2 1.149090e-01
11 37 2 8.098918e-02
12 37 2 6.204462e-02
1 38 2 8.577157e-02
2 38 2 8.569467e-02
3 38 2 1.305445e-01
4 38 2 1.935538e-01
5 38 2 3.533790e-01
6 38 2 6.270441e-01
7 38 2 7.433363e-01
8 38 2 6.446887e-01
9 38 2 4.164197e-01
10 38 2 2.846224e-01
11 38 2 1.626389e-01
12 38 2 1.173665e-01
1 39 2 1.181600e-02
2 39 2 1.230990e-02
3 39 2 1.993949e-02
4 39 2 3.078824e-02
5 39 2 5.973938e-02
6 39 2 1.154913e-01
7 39 2 1.434079e-01
8 39 2 1.161055e-01
9 39 2 7.318274e-02
10 39 2 4.621403e-02
11 39 2 2.339254e-02
12 39 2 1.707486e-02
1 40 2 2.695766e-03
2 40 2 2.957722e-03
3 40 2 5.275055e-03
4 40 2 8.870424e-03
5 40 2 1.939119e-02
6 40 2 4.402655e-02
7 40 2 5.508401e-02
8 40 2 4.040824e-02
9 40 2 2.489107e-02
10 40 2 1.341154e-02
11 40 2 5.745116e-03
12 40 2 4.279932e-03
1 41 2 1.435228e-03
2 41 2 1.534330e-03
3 41 2 3.074746e-03
4 41 2 5.476341e-03
5 41 2 1.373547e-02
6 41 2 3.485515e-02
7 41 2 4.506564e-02
8 41 2 3.160883e-02
9 41 2 1.766448e-02
10 41 2 7.655950e-03
11 41 2 2.941211e-03
12 41 2 2.451461e-03
1 42 2 7.776594e-04
2 42 2 8.134473e-04
3 42 2 1.754188e-03
4 42 2 3.460472e-03
5 42 2 9.837541e-03
6 42 2 2.728639e-02
7 42 2 3.819775e-02
8 42 2 2.550906e-02
9 42 2 1.207987e-02
10 42 2 4.323258e-03
11 42 2 1.611793e-03
12 42 2 1.322242e-03
1 43 2 2.178567e-05
2 43 2 2.258893e-05
3 43 2 5.329815e-05
4 43 2 1.300491e-04
5 43 2 4.352981e-04
6 43 2 1.283762e-03
7 43 2 1.876682e-03
8 43 2 1.178051e-03
9 43 2 4.817270e-04
10 43 2 1.479024e-04
11 43 2 5.043790e-05
12 43 2 3.534222e-05
1 44 2 9.001709e-05
2 44 2 9.044690e-05
3 44 2 1.967359e-04
4 44 2 5.318707e-04
5 44 2 1.987053e-03
6 44 2 6.261861e-03
7 44 2 9.152055e-03
8 44 2 5.518633e-03
9 44 2 1.989384e-03
10 44 2 5.894141e-04
11 44 2 1.934474e-04
12 44 2 1.307922e-04
1 45 2 2.068920e-04
2 45 2 2.318654e-04
3 45 2 4.224990e-04
4 45 2 1.245983e-03
5 45 2 5.217935e-03
6 45 2 1.731365e-02
7 45 2 2.422158e-02
8 45 2 1.474849e-02
9 45 2 5.071673e-03
10 45 2 1.294904e-03
11 45 2 3.753370e-04
12 45 2 2.453017e-04
1 46 2 9.386410e-05
2 46 2 1.180833e-04
3 46 2 1.856181e-04
4 46 2 5.154426e-04
5 46 2 2.024121e-03
6 46 2 6.278599e-03
7 46 2 8.783316e-03
8 46 2 5.503728e-03
9 46 2 2.067357e-03
10 46 2 5.011028e-04
11 46 2 1.377729e-04
12 46 2 9.825136e-05
1 47 2 1.232995e-04
2 47 2 1.569155e-04
3 47 2 2.211186e-04
4 47 2 4.954222e-04
5 47 2 1.688646e-03
6 47 2 4.652218e-03
7 47 2 6.309401e-03
8 47 2 4.278226e-03
9 47 2 1.812387e-03
10 47 2 5.590096e-04
11 47 2 1.649225e-04
12 47 2 1.253630e-04
1 48 2 1.670633e-04
2 48 2 1.919120e-04
3 48 2 2.639642e-04
4 48 2 5.154663e-04
5 48 2 1.599591e-03
6 48 2 3.679333e-03
7 48 2 4.889491e-03
8 48 2 3.440038e-03
9 48 2 1.637597e-03
10 48 2 6.105540e-04
11 48 2 2.197918e-04
12 48 2 1.457525e-04
1 49 2 1.696575e-03
2 49 2 1.543733e-03
3 49 2 1.751047e-03
4 49 2 2.049445e-03
5 49 2 2.931143e-03
6 49 2 4.459564e-03
7 49 2 6.650706e-03
8 49 2 6.254054e-03
9 49 2 4.362131e-03
10 49 2 3.121524e-03
11 49 2 2.278966e-03
12 49 2 1.662501e-03
1 50 2 6.924997e-03
2 50 2 5.977652e-03
3 50 2 7.006732e-03
4 50 2 7.986948e-03
5 50 2 1.124107e-02
6 50 2 1.649612e-02
7 50 2 2.276707e-02
8 50 2 2.189425e-02
9 50 2 1.585343e-02
10 50 2 1.130099e-02
11 50 2 8.460833e-03
12 50 2 6.661982e-03
1 51 2 2.658168e-03
2 51 2 2.425995e-03
3 51 2 2.636111e-03
4 51 2 3.042944e-03
5 51 2 4.147610e-03
6 51 2 5.816694e-03
7 51 2 7.580001e-03
8 51 2 7.517060e-03
9 51 2 6.245575e-03
10 51 2 4.392978e-03
11 51 2 3.292375e-03
12 51 2 2.759111e-03
1 52 2 9.180194e-01
2 52 2 9.649171e-01
3 52 2 1.212155e+00
4 52 2 1.767157e+00
5 52 2 2.988495e+00
6 52 2 4.112839e+00
7 52 2 5.275480e+00
8 52 2 4.934380e+00
9 52 2 3.983215e+00
10 52 2 2.275471e+00
11 52 2 1.369611e+00
12 52 2 1.056179e+00
1 53 2 2.279790e-01
2 53 2 2.860304e-01
3 53 2 4.845959e-01
4 53 2 1.057728e+00
5 53 2 2.014237e+00
6 53 2 3.007769e+00
7 53 2 4.175140e+00
8 53 2 3.557706e+00
9 53 2 2.407883e+00
10 53 2 1.061978e+00
11 53 2 4.736706e-01
12 53 2 3.000896e-01
1 54 2 1.282929e-01
2 54 2 1.664287e-01
3 54 2 3.112284e-01
4 54 2 7.733720e-01
5 54 2 1.523302e+00
6 54 2 2.942324e+00
7 54 2 4.179711e+00
8 54 2 3.504795e+00
9 54 2 2.125603e+00
10 54 2 9.040134e-01
11 54 2 3.875015e-01
12 54 2 2.137534e-01
1 55 2 7.755996e-02
2 55 2 8.650003e-02
3 55 2 1.613634e-01
4 55 2 3.778406e-01
5 55 2 7.497891e-01
6 55 2 1.601248e+00
7 55 2 2.225856e+00
8 55 2 1.919608e+00
9 55 2 1.217291e+00
10 55 2 5.836715e-01
11 55 2 2.730776e-01
12 55 2 1.563650e-01
1 56 2 2.613429e-01
2 56 2 2.712169e-01
3 56 2 4.697548e-01
4 56 2 1.047486e+00
5 56 2 2.289665e+00
6 56 2 4.513433e+00
7 56 2 6.240216e+00
8 56 2 5.179064e+00
9 56 2 3.385159e+00
10 56 2 1.744157e+00
11 56 2 7.863305e-01
12 56 2 4.509681e-01
1 57 2 5.245878e-02
2 57 2 5.005088e-02
3 57 2 6.155973e-02
4 57 2 9.343804e-02
5 57 2 1.563365e-01
6 57 2 2.543789e-01
7 57 2 3.622385e-01
8 57 2 3.264654e-01
9 57 2 2.428905e-01
10 57 2 1.560202e-01
11 57 2 9.540717e-02
12 57 2 6.856482e-02
1 60 2 4.448642e+00
2 60 2 4.308108e+00
3 60 2 4.940545e+00
4 60 2 5.859413e+00
5 60 2 7.224191e+00
6 60 2 9.506986e+00
7 60 2 1.106803e+01
8 60 2 1.107269e+01
9 60 2 9.396768e+00
10 60 2 7.670884e+00
11 60 2 6.134914e+00
12 60 2 5.085215e+00
1 61 2 6.364702e+00
2 61 2 6.402986e+00
3 61 2 9.005691e+00
4 61 2 1.356447e+01
5 61 2 1.978642e+01
6 61 2 2.787587e+01
7 61 2 3.298839e+01
8 61 2 3.173756e+01
9 61 2 2.466092e+01
10 61 2 1.677451e+01
11 61 2 1.094303e+01
12 61 2 7.675348e+00
1 62 2 9.121626e-01
2 62 2 9.990327e-01
3 62 2 1.572660e+00
4 62 2 2.846995e+00
5 62 2 4.883209e+00
6 62 2 6.927222e+00
7 62 2 8.470592e+00
8 62 2 7.906991e+00
9 62 2 5.509768e+00
10 62 2 3.285689e+00
11 62 2 1.784274e+00
12 62 2 1.161155e+00
1 63 2 1.665298e-01
2 63 2 2.021600e-01
3 63 2 3.382668e-01
4 63 2 7.114607e-01
5 63 2 1.365410e+00
6 63 2 2.029900e+00
7 63 2 2.595751e+00
8 63 2 2.258812e+00
9 63 2 1.379612e+00
10 63 2 7.534208e-01
11 63 2 3.480106e-01
12 63 2 2.278225e-01
1 64 2 3.981046e-02
2 64 2 5.100135e-02
3 64 2 9.711887e-02
4 64 2 2.300422e-01
5 64 2 4.926779e-01
6 64 2 7.891572e-01
7 64 2 1.000274e+00
8 64 2 7.819908e-01
9 64 2 4.477563e-01
10 64 2 1.979432e-01
11 64 2 9.045031e-02
12 64 2 6.190037e-02
1 65 2 1.346584e-02
2 65 2 1.669773e-02
3 65 2 3.658158e-02
4 65 2 1.031613e-01
5 65 2 2.162965e-01
6 65 2 3.676039e-01
7 65 2 4.764669e-01
8 65 2 3.556091e-01
9 65 2 2.016902e-01
10 65 2 7.157104e-02
11 65 2 3.150698e-02
12 65 2 2.283306e-02
1 66 2 8.978961e-03
2 66 2 1.110080e-02
3 66 2 2.638977e-02
4 66 2 8.657609e-02
5 66 2 1.800164e-01
6 66 2 3.095463e-01
7 66 2 4.269160e-01
8 66 2 3.227489e-01
9 66 2 1.825738e-01
10 66 2 6.048881e-02
11 66 2 2.318022e-02
12 66 2 1.437824e-02
1 67 2 3.361319e-03
2 67 2 4.482163e-03
3 67 2 1.139817e-02
4 67 2 4.210583e-02
5 67 2 9.553569e-02
6 67 2 1.629368e-01
7 67 2 2.278036e-01
8 67 2 1.753136e-01
9 67 2 9.588433e-02
10 67 2 3.526114e-02
11 67 2 1.114984e-02
12 67 2 5.018483e-03
1 68 2 1.029605e-03
2 68 2 1.382482e-03
3 68 2 4.105895e-03
4 68 2 1.887286e-02
5 68 2 5.143096e-02
6 68 2 9.855766e-02
7 68 2 1.413130e-01
8 68 2 1.050993e-01
9 68 2 5.043818e-02
10 68 2 1.853038e-02
11 68 2 4.225583e-03
12 68 2 1.470356e-03
1 69 2 9.784233e-04
2 69 2 1.387222e-03
3 69 2 3.317448e-03
4 69 2 1.454721e-02
5 69 2 4.664631e-02
6 69 2 1.103937e-01
7 69 2 1.617259e-01
8 69 2 1.244962e-01
9 69 2 5.348277e-02
10 69 2 1.739053e-02
11 69 2 3.369657e-03
12 69 2 1.267210e-03
1 70 2 4.516160e-03
2 70 2 5.278528e-03
3 70 2 7.563977e-03
4 70 2 1.973403e-02
5 70 2 4.948666e-02
6 70 2 1.201677e-01
7 70 2 1.945134e-01
8 70 2 1.772803e-01
9 70 2 9.153567e-02
10 70 2 3.262780e-02
11 70 2 9.923431e-03
12 70 2 5.586173e-03
1 71 2 1.564734e-03
2 71 2 1.587839e-03
3 71 2 1.796760e-03
4 71 2 2.883257e-03
5 71 2 5.583798e-03
6 71 2 1.164833e-02
7 71 2 1.787653e-02
8 71 2 1.777375e-02
9 71 2 1.140347e-02
10 71 2 5.431321e-03
11 71 2 2.594680e-03
12 71 2 1.802093e-03
1 72 2 6.568738e-06
2 72 2 6.273716e-06
3 72 2 6.796921e-06
4 72 2 8.666139e-06
5 72 2 1.348387e-05
6 72 2 2.346239e-05
7 72 2 3.634056e-05
8 72 2 3.495109e-05
9 72 2 2.445295e-05
10 72 2 1.482689e-05
11 72 2 9.135406e-06
12 72 2 6.523880e-06
1 76 2 2.419563e+00
2 76 2 2.213651e+00
3 76 2 2.235931e+00
4 76 2 2.432160e+00
5 76 2 3.306563e+00
6 76 2 4.714948e+00
7 76 2 6.322483e+00
8 76 2 6.747248e+00
9 76 2 6.428815e+00
10 76 2 4.293164e+00
11 76 2 2.771418e+00
12 76 2 2.423846e+00
1 77 2 2.313114e+00
2 77 2 3.003560e+00
3 77 2 3.934484e+00
4 77 2 6.358991e+00
5 77 2 1.067700e+01
6 77 2 1.648418e+01
7 77 2 2.239755e+01
8 77 2 2.125891e+01
9 77 2 1.574770e+01
10 77 2 7.955923e+00
11 77 2 3.491082e+00
12 77 2 2.200412e+00
1 78 2 2.697533e+00
2 78 2 3.685798e+00
3 78 2 5.132695e+00
4 78 2 9.206028e+00
5 78 2 1.439557e+01
6 78 2 2.285517e+01
7 78 2 2.821218e+01
8 78 2 2.641728e+01
9 78 2 1.712868e+01
10 78 2 9.083672e+00
11 78 2 4.905379e+00
12 78 2 2.832041e+00
1 79 2 8.556775e+00
2 79 2 1.049931e+01
3 79 2 1.541601e+01
4 79 2 2.557001e+01
5 79 2 3.884794e+01
6 79 2 6.346473e+01
7 79 2 7.776809e+01
8 79 2 7.367148e+01
9 79 2 5.087059e+01
10 79 2 3.070780e+01
11 79 2 1.749572e+01
12 79 2 1.071756e+01
1 80 2 4.218521e+00
2 80 2 4.226758e+00
3 80 2 5.311186e+00
4 80 2 7.181333e+00
5 80 2 1.071032e+01
6 80 2 1.629536e+01
7 80 2 2.098276e+01
8 80 2 2.077258e+01
9 80 2 1.724086e+01
10 80 2 1.208764e+01
11 80 2 7.051451e+00
12 80 2 5.212196e+00
1 81 2 7.935329e-07
2 81 2 7.191321e-07
3 81 2 7.574413e-07
4 81 2 8.981398e-07
5 81 2 1.293313e-06
6 81 2 1.742702e-06
7 81 2 2.325336e-06
8 81 2 2.495034e-06
9 81 2 2.268765e-06
10 81 2 1.740808e-06
11 81 2 1.150740e-06
12 81 2 9.421067e-07
1 84 2 1.612287e+00
2 84 2 1.704593e+00
3 84 2 2.108241e+00
4 84 2 2.664158e+00
5 84 2 3.571831e+00
6 84 2 5.852705e+00
7 84 2 7.838664e+00
8 84 2 7.511387e+00
9 84 2 5.636145e+00
10 84 2 3.556973e+00
11 84 2 2.389492e+00
12 84 2 1.825314e+00
1 85 2 1.573348e+00
2 85 2 1.771714e+00
3 85 2 2.303514e+00
4 85 2 3.346791e+00
5 85 2 5.357484e+00
6 85 2 8.184395e+00
7 85 2 1.132387e+01
8 85 2 1.077250e+01
9 85 2 7.756929e+00
10 85 2 4.278768e+00
11 85 2 2.413045e+00
12 85 2 1.750907e+00
1 86 2 5.401441e-01
2 86 2 6.115561e-01
3 86 2 7.815236e-01
4 86 2 1.135183e+00
5 86 2 1.824463e+00
6 86 2 2.647256e+00
7 86 2 3.636626e+00
8 86 2 3.648522e+00
9 86 2 2.700601e+00
10 86 2 1.566049e+00
11 86 2 8.626568e-01
12 86 2 6.165349e-01
1 87 2 2.342927e-01
2 87 2 3.169710e-01
3 87 2 4.525765e-01
4 87 2 7.154203e-01
5 87 2 1.255110e+00
6 87 2 1.886589e+00
7 87 2 2.557631e+00
8 87 2 2.606141e+00
9 87 2 1.889464e+00
10 87 2 1.063818e+00
11 87 2 4.674137e-01
12 87 2 2.841165e-01
1 88 2 1.597228e-01
2 88 2 2.268193e-01
3 88 2 3.556861e-01
4 88 2 6.748764e-01
5 88 2 1.385045e+00
6 88 2 2.176911e+00
7 88 2 2.787837e+00
8 88 2 2.445151e+00
9 88 2 1.580057e+00
10 88 2 7.467056e-01
11 88 2 3.828128e-01
12 88 2 2.126385e-01
1 89 2 4.833683e-02
2 89 2 6.725443e-02
3 89 2 1.276468e-01
4 89 2 2.400819e-01
5 89 2 4.791110e-01
6 89 2 7.157361e-01
7 89 2 8.349524e-01
8 89 2 7.312192e-01
9 89 2 4.771976e-01
10 89 2 2.270842e-01
11 89 2 1.249531e-01
12 89 2 6.916207e-02
1 90 2 2.178730e-02
2 90 2 2.871494e-02
3 90 2 5.698173e-02
4 90 2 1.022701e-01
5 90 2 1.570297e-01
6 90 2 2.078552e-01
7 90 2 2.334342e-01
8 90 2 2.159913e-01
9 90 2 1.574052e-01
10 90 2 9.388551e-02
11 90 2 5.176408e-02
12 90 2 2.946816e-02
1 91 2 4.768507e-03
2 91 2 6.747227e-03
3 91 2 1.409645e-02
4 91 2 2.663786e-02
5 91 2 3.931333e-02
6 91 2 4.997091e-02
7 91 2 5.611005e-02
8 91 2 5.145830e-02
9 91 2 3.699959e-02
10 91 2 2.290283e-02
11 91 2 1.187006e-02
12 91 2 6.093575e-03
1 92 2 2.784337e-02
2 92 2 3.977256e-02
3 92 2 9.969979e-02
4 92 2 2.378606e-01
5 92 2 4.485705e-01
6 92 2 6.873679e-01
7 92 2 8.250926e-01
8 92 2 7.509665e-01
9 92 2 4.698120e-01
10 92 2 2.496900e-01
11 92 2 9.792857e-02
12 92 2 4.203833e-02
1 93 2 4.133921e-01
2 93 2 4.987945e-01
3 93 2 1.025548e+00
4 93 2 2.390154e+00
5 93 2 4.263899e+00
6 93 2 6.766508e+00
7 93 2 9.076917e+00
8 93 2 8.923383e+00
9 93 2 6.001912e+00
10 93 2 3.456372e+00
11 93 2 1.480207e+00
12 93 2 6.165358e-01
1 94 2 1.810596e+00
2 94 2 1.801468e+00
3 94 2 2.405395e+00
4 94 2 4.262804e+00
5 94 2 7.276346e+00
6 94 2 1.145750e+01
7 94 2 1.582849e+01
8 94 2 1.724955e+01
9 94 2 1.420871e+01
10 94 2 8.576354e+00
11 94 2 4.603141e+00
12 94 2 2.515046e+00
1 98 2 3.062205e-01
2 98 2 2.850507e-01
3 98 2 2.684194e-01
4 98 2 2.857893e-01
5 98 2 3.243513e-01
6 98 2 3.711538e-01
7 98 2 4.174718e-01
8 98 2 4.399949e-01
9 98 2 4.341765e-01
10 98 2 4.104127e-01
11 98 2 3.691634e-01
12 98 2 3.359426e-01
1 101 2 1.037374e-01
2 101 2 1.065937e-01
3 101 2 1.092309e-01
4 101 2 1.346983e-01
5 101 2 1.732247e-01
6 101 2 2.022579e-01
7 101 2 2.158988e-01
8 101 2 2.163381e-01
9 101 2 2.079802e-01
10 101 2 1.783217e-01
11 101 2 1.371245e-01
12 101 2 1.099837e-01
1 102 2 1.990443e+00
2 102 2 2.249921e+00
3 102 2 2.765195e+00
4 102 2 3.458703e+00
5 102 2 4.002538e+00
6 102 2 4.369488e+00
7 102 2 4.492530e+00
8 102 2 4.549298e+00
9 102 2 4.100187e+00
10 102 2 3.158788e+00
11 102 2 2.535323e+00
12 102 2 2.078012e+00
1 103 2 2.626467e+00
2 103 2 2.680331e+00
3 103 2 2.921225e+00
4 103 2 3.300874e+00
5 103 2 3.844130e+00
6 103 2 4.399115e+00
7 103 2 4.759283e+00
8 103 2 4.994762e+00
9 103 2 4.898828e+00
10 103 2 4.281151e+00
11 103 2 3.521919e+00
12 103 2 2.928359e+00
1 104 2 1.742452e-01
2 104 2 1.672013e-01
3 104 2 1.690180e-01
4 104 2 1.853039e-01
5 104 2 2.166779e-01
6 104 2 2.486484e-01
7 104 2 2.790644e-01
8 104 2 3.014576e-01
9 104 2 3.038841e-01
10 104 2 2.838879e-01
11 104 2 2.335234e-01
12 104 2 1.933571e-01
1 107 2 8.259345e-02
2 107 2 8.713459e-02
3 107 2 1.017327e-01
4 107 2 1.165745e-01
5 107 2 1.307310e-01
6 107 2 1.673671e-01
7 107 2 1.829393e-01
8 107 2 1.821991e-01
9 107 2 1.705656e-01
10 107 2 1.458937e-01
11 107 2 1.159801e-01
12 107 2 9.070084e-02
1 108 2 8.447821e-03
2 108 2 1.079633e-02
3 108 2 1.568282e-02
4 108 2 2.428926e-02
5 108 2 3.770342e-02
6 108 2 5.174912e-02
7 108 2 5.539587e-02
8 108 2 4.895829e-02
9 108 2 3.961498e-02
10 108 2 2.733159e-02
11 108 2 1.423698e-02
12 108 2 9.063231e-03
1 109 2 1.601707e-02
2 109 2 2.115622e-02
3 109 2 3.308969e-02
4 109 2 5.742433e-02
5 109 2 9.783863e-02
6 109 2 1.233305e-01
7 109 2 1.253150e-01
8 109 2 1.151997e-01
9 109 2 9.250862e-02
10 109 2 6.490998e-02
11 109 2 2.887035e-02
12 109 2 1.686499e-02
1 110 2 7.055850e-03
2 110 2 8.987802e-03
3 110 2 1.443487e-02
4 110 2 2.234461e-02
5 110 2 3.465560e-02
6 110 2 4.013285e-02
7 110 2 4.314669e-02
8 110 2 4.267174e-02
9 110 2 3.592861e-02
10 110 2 2.619423e-02
11 110 2 1.267027e-02
12 110 2 7.457860e-03
1 111 2 2.422214e-01
2 111 2 3.029483e-01
3 111 2 4.904667e-01
4 111 2 7.433432e-01
5 111 2 1.123455e+00
6 111 2 1.440806e+00
7 111 2 1.523040e+00
8 111 2 1.508513e+00
9 111 2 1.284630e+00
10 111 2 8.362323e-01
11 111 2 4.504723e-01
12 111 2 2.751567e-01
1 112 2 2.788911e-01
2 112 2 3.595960e-01
3 112 2 6.308337e-01
4 112 2 1.049040e+00
5 112 2 1.595242e+00
6 112 2 1.943990e+00
7 112 2 1.979902e+00
8 112 2 1.845473e+00
9 112 2 1.408816e+00
10 112 2 9.352753e-01
11 112 2 5.367504e-01
12 112 2 3.299350e-01
1 113 2 1.599480e-01
2 113 2 2.026392e-01
3 113 2 3.404351e-01
4 113 2 5.090897e-01
5 113 2 6.264836e-01
6 113 2 5.470129e-01
7 113 2 4.693694e-01
8 113 2 4.482860e-01
9 113 2 4.433760e-01
10 113 2 4.048446e-01
11 113 2 2.831634e-01
12 113 2 1.912514e-01
1 114 2 4.361881e-01
2 114 2 5.914932e-01
3 114 2 1.053846e+00
4 114 2 1.536175e+00
5 114 2 1.772294e+00
6 114 2 1.297419e+00
7 114 2 1.071580e+00
8 114 2 9.822333e-01
9 114 2 9.478900e-01
10 114 2 8.483790e-01
11 114 2 6.467377e-01
12 114 2 4.790624e-01
1 115 2 1.649075e-01
2 115 2 2.399256e-01
3 115 2 3.803212e-01
4 115 2 4.714414e-01
5 115 2 4.210195e-01
6 115 2 3.909027e-01
7 115 2 3.770184e-01
8 115 2 3.617225e-01
9 115 2 3.326768e-01
10 115 2 2.972977e-01
11 115 2 2.258400e-01
12 115 2 1.620232e-01
1 116 2 1.723061e-01
2 116 2 2.205729e-01
3 116 2 3.373085e-01
4 116 2 4.774479e-01
5 116 2 5.553020e-01
6 116 2 6.323481e-01
7 116 2 6.629431e-01
8 116 2 6.345837e-01
9 116 2 5.140834e-01
10 116 2 4.109982e-01
11 116 2 2.985822e-01
12 116 2 1.966931e-01
1 117 2 6.474302e-02
2 117 2 6.760790e-02
3 117 2 8.538256e-02
4 117 2 1.168777e-01
5 117 2 1.488343e-01
6 117 2 1.763357e-01
7 117 2 1.877278e-01
8 117 2 1.874816e-01
9 117 2 1.710656e-01
10 117 2 1.464425e-01
11 117 2 1.182175e-01
12 117 2 8.539878e-02
1 126 2 1.912071e-03
2 126 2 1.987402e-03
3 126 2 2.154072e-03
4 126 2 2.274569e-03
5 126 2 2.247295e-03
6 126 2 2.088609e-03
7 126 2 2.013298e-03
8 126 2 2.032967e-03
9 126 2 2.022205e-03
10 126 2 1.987140e-03
11 126 2 1.941682e-03
12 126 2 1.912284e-03
1 127 2 1.926995e-01
2 127 2 1.959793e-01
3 127 2 2.068520e-01
4 127 2 2.147563e-01
5 127 2 2.176821e-01
6 127 2 2.108527e-01
7 127 2 2.109109e-01
8 127 2 2.157509e-01
9 127 2 2.134510e-01
10 127 2 2.048963e-01
11 127 2 1.985700e-01
12 127 2 1.961120e-01
1 128 2 8.735460e-01
2 128 2 8.971237e-01
3 128 2 9.209547e-01
4 128 2 8.990083e-01
5 128 2 8.745133e-01
6 128 2 8.482438e-01
7 128 2 9.040714e-01
8 128 2 1.027933e+00
9 128 2 1.080862e+00
10 128 2 1.020925e+00
11 128 2 9.283823e-01
12 128 2 8.747209e-01
1 129 2 2.491319e-02
2 129 2 2.457113e-02
3 129 2 2.519084e-02
4 129 2 2.592138e-02
5 129 2 2.632134e-02
6 129 2 2.703340e-02
7 129 2 2.824723e-02
8 129 2 3.078943e-02
9 129 2 3.216847e-02
10 129 2 3.231019e-02
11 129 2 2.950031e-02
12 129 2 2.620743e-02
1 133 2 5.349742e-01
2 133 2 6.219866e-01
3 133 2 7.466614e-01
4 133 2 7.666238e-01
5 133 2 7.312806e-01
6 133 2 6.721456e-01
7 133 2 5.998963e-01
8 133 2 5.617347e-01
9 133 2 5.857642e-01
10 133 2 6.238614e-01
11 133 2 5.951738e-01
12 133 2 5.207774e-01
1 135 2 2.314389e-02
2 135 2 2.607507e-02
3 135 2 3.100922e-02
4 135 2 3.339548e-02
5 135 2 3.208986e-02
6 135 2 2.862744e-02
7 135 2 2.473127e-02
8 135 2 2.497877e-02
9 135 2 2.654280e-02
10 135 2 2.496196e-02
11 135 2 2.392582e-02
12 135 2 2.247504e-02
1 136 2 2.584237e-02
2 136 2 2.659703e-02
3 136 2 3.289219e-02
4 136 2 3.998689e-02
5 136 2 4.378744e-02
6 136 2 3.995085e-02
7 136 2 3.535184e-02
8 136 2 3.527075e-02
9 136 2 3.545305e-02
10 136 2 3.335061e-02
11 136 2 3.153283e-02
12 136 2 2.800155e-02
1 137 2 6.275387e-03
2 137 2 6.583527e-03
3 137 2 7.548150e-03
4 137 2 8.294309e-03
5 137 2 8.186986e-03
6 137 2 7.532848e-03
7 137 2 6.968686e-03
8 137 2 6.724086e-03
9 137 2 6.728310e-03
10 137 2 7.009347e-03
11 137 2 6.930057e-03
12 137 2 6.534423e-03
1 138 2 2.515666e-01
2 138 2 2.766376e-01
3 138 2 3.209405e-01
4 138 2 3.571868e-01
5 138 2 3.603796e-01
6 138 2 3.167375e-01
7 138 2 2.934269e-01
8 138 2 2.829739e-01
9 138 2 2.837460e-01
10 138 2 2.853994e-01
11 138 2 2.768428e-01
12 138 2 2.567485e-01
1 139 2 4.244877e-01
2 139 2 4.834131e-01
3 139 2 5.401666e-01
4 139 2 5.669433e-01
5 139 2 5.589537e-01
6 139 2 5.205376e-01
7 139 2 4.925074e-01
8 139 2 4.741196e-01
9 139 2 4.679743e-01
10 139 2 4.716073e-01
11 139 2 4.487704e-01
12 139 2 4.107894e-01
1 140 2 1.407901e-01
2 140 2 1.455822e-01
3 140 2 1.581136e-01
4 140 2 1.791401e-01
5 140 2 1.902212e-01
6 140 2 1.827078e-01
7 140 2 1.729946e-01
8 140 2 1.668518e-01
9 140 2 1.644194e-01
10 140 2 1.653281e-01
11 140 2 1.618362e-01
12 140 2 1.508808e-01
1 141 2 2.207017e-01
2 141 2 2.184181e-01
3 141 2 2.246742e-01
4 141 2 2.465780e-01
5 141 2 2.660904e-01
6 141 2 2.631200e-01
7 141 2 2.560049e-01
8 141 2 2.482469e-01
9 141 2 2.461430e-01
10 141 2 2.467217e-01
11 141 2 2.491842e-01
12 141 2 2.419385e-01
1 150 2 2.552937e-04
2 150 2 2.794591e-04
3 150 2 2.991292e-04
4 150 2 3.058840e-04
5 150 2 2.862142e-04
6 150 2 2.524281e-04
7 150 2 2.302848e-04
8 150 2 2.247239e-04
9 150 2 2.174587e-04
10 150 2 2.125111e-04
11 150 2 2.166428e-04
12 150 2 2.305018e-04
1 151 2 1.656497e-01
2 151 2 1.761878e-01
3 151 2 1.868113e-01
4 151 2 1.912162e-01
5 151 2 1.850150e-01
6 151 2 1.741564e-01
7 151 2 1.703083e-01
8 151 2 1.768836e-01
9 151 2 1.684089e-01
10 151 2 1.580343e-01
11 151 2 1.534003e-01
12 151 2 1.572273e-01
1 152 2 1.311768e-01
2 152 2 1.328725e-01
3 152 2 1.341025e-01
4 152 2 1.274320e-01
5 152 2 1.224963e-01
6 152 2 1.203086e-01
7 152 2 1.375449e-01
8 152 2 1.833995e-01
9 152 2 1.946987e-01
10 152 2 1.659435e-01
11 152 2 1.423034e-01
12 152 2 1.316014e-01
1 153 2 1.520011e-01
2 153 2 1.556881e-01
3 153 2 1.642616e-01
4 153 2 1.611190e-01
5 153 2 1.555929e-01
6 153 2 1.527610e-01
7 153 2 1.783206e-01
8 153 2 2.330330e-01
9 153 2 2.834330e-01
10 153 2 2.533309e-01
11 153 2 1.916319e-01
12 153 2 1.598909e-01
1 154 2 4.139483e-01
2 154 2 4.117023e-01
3 154 2 4.284292e-01
4 154 2 4.105146e-01
5 154 2 3.838686e-01
6 154 2 3.452942e-01
7 154 2 3.260485e-01
8 154 2 3.396551e-01
9 154 2 3.829566e-01
10 154 2 4.303748e-01
11 154 2 4.535671e-01
12 154 2 4.385777e-01
1 157 2 1.649277e-02
2 157 2 1.712609e-02
3 157 2 1.833593e-02
4 157 2 1.807763e-02
5 157 2 1.762049e-02
6 157 2 1.656629e-02
7 157 2 1.580661e-02
8 157 2 1.564728e-02
9 157 2 1.553418e-02
10 157 2 1.580504e-02
11 157 2 1.591835e-02
12 157 2 1.612609e-02
1 163 2 7.676397e-02
2 163 2 7.779250e-02
3 163 2 8.010097e-02
4 163 2 8.490756e-02
5 163 2 8.499042e-02
6 163 2 7.857698e-02
7 163 2 7.264417e-02
8 163 2 6.821429e-02
9 163 2 6.919110e-02
10 163 2 7.320151e-02
11 163 2 7.606308e-02
12 163 2 7.665906e-02
1 164 2 2.904403e-01
2 164 2 2.879569e-01
3 164 2 2.959727e-01
4 164 2 3.097802e-01
5 164 2 3.061362e-01
6 164 2 2.831524e-01
7 164 2 2.620825e-01
8 164 2 2.560064e-01
9 164 2 2.741306e-01
10 164 2 3.003222e-01
11 164 2 3.063874e-01
12 164 2 3.012853e-01
1 165 2 1.328626e-01
2 165 2 1.302148e-01
3 165 2 1.318518e-01
4 165 2 1.347681e-01
5 165 2 1.332889e-01
6 165 2 1.226447e-01
7 165 2 1.156372e-01
8 165 2 1.170458e-01
9 165 2 1.247582e-01
10 165 2 1.333935e-01
11 165 2 1.403244e-01
12 165 2 1.404897e-01
1 166 2 5.829319e-02
2 166 2 5.771125e-02
3 166 2 5.675777e-02
4 166 2 5.649149e-02
5 166 2 5.464176e-02
6 166 2 5.053453e-02
7 166 2 4.771989e-02
8 166 2 4.807591e-02
9 166 2 4.987519e-02
10 166 2 5.246504e-02
11 166 2 5.656502e-02
12 166 2 5.941506e-02
1 170 2 2.539990e-03
2 170 2 2.793485e-03
3 170 2 2.744584e-03
4 170 2 2.494680e-03
5 170 2 2.078814e-03
6 170 2 1.747919e-03
7 170 2 1.653258e-03
8 170 2 1.578329e-03
9 170 2 1.604875e-03
10 170 2 1.787017e-03
11 170 2 1.971641e-03
12 170 2 2.270466e-03
1 171 2 9.115624e-03
2 171 2 1.000633e-02
3 171 2 1.012747e-02
4 171 2 9.010249e-03
5 171 2 7.495514e-03
6 171 2 6.423302e-03
7 171 2 5.831667e-03
8 171 2 5.525688e-03
9 171 2 5.606198e-03
10 171 2 6.097978e-03
11 171 2 6.959872e-03
12 171 2 8.222417e-03
1 175 2 2.632062e-04
2 175 2 2.782703e-04
3 175 2 2.790685e-04
4 175 2 2.613808e-04
5 175 2 2.270988e-04
6 175 2 2.069445e-04
7 175 2 2.026506e-04
8 175 2 2.009396e-04
9 175 2 1.868958e-04
10 175 2 1.889252e-04
11 175 2 1.975195e-04
12 175 2 2.304076e-04
1 176 2 1.898246e-01
2 176 2 1.912478e-01
3 176 2 1.872310e-01
4 176 2 1.653656e-01
5 176 2 1.337734e-01
6 176 2 1.212238e-01
7 176 2 1.210027e-01
8 176 2 1.380480e-01
9 176 2 1.503486e-01
10 176 2 1.604586e-01
11 176 2 1.712776e-01
12 176 2 1.819388e-01
1 177 2 8.325945e-01
2 177 2 8.090545e-01
3 177 2 7.638982e-01
4 177 2 6.679781e-01
5 177 2 5.462241e-01
6 177 2 4.664292e-01
7 177 2 4.853124e-01
8 177 2 5.814936e-01
9 177 2 7.308465e-01
10 177 2 7.600523e-01
11 177 2 7.754688e-01
12 177 2 7.770532e-01
1 178 2 3.032552e-01
2 178 2 2.997109e-01
3 178 2 2.872948e-01
4 178 2 2.407993e-01
5 178 2 2.096650e-01
6 178 2 1.772136e-01
7 178 2 1.687847e-01
8 178 2 1.700270e-01
9 178 2 1.939114e-01
10 178 2 2.086432e-01
11 178 2 2.356506e-01
12 178 2 2.616217e-01
1 181 2 3.704709e-03
2 181 2 3.912990e-03
3 181 2 3.966876e-03
4 181 2 3.792865e-03
5 181 2 3.127931e-03
6 181 2 2.704712e-03
7 181 2 2.391522e-03
8 181 2 2.447528e-03
9 181 2 2.651648e-03
10 181 2 2.871240e-03
11 181 2 3.251717e-03
12 181 2 3.462137e-03
1 182 2 4.424534e-01
2 182 2 4.089634e-01
3 182 2 3.856341e-01
4 182 2 3.221346e-01
5 182 2 2.522601e-01
6 182 2 1.886754e-01
7 182 2 1.870713e-01
8 182 2 2.599587e-01
9 182 2 3.607207e-01
10 182 2 4.424111e-01
11 182 2 4.889553e-01
12 182 2 4.693249e-01
1 183 2 9.400721e-02
2 183 2 9.030968e-02
3 183 2 8.621753e-02
4 183 2 7.817574e-02
5 183 2 6.577572e-02
6 183 2 5.338480e-02
7 183 2 4.966895e-02
8 183 2 5.897998e-02
9 183 2 6.857764e-02
10 183 2 8.112728e-02
11 183 2 8.832296e-02
12 183 2 9.084587e-02
1 184 2 2.936827e-02
2 184 2 2.975763e-02
3 184 2 2.881979e-02
4 184 2 2.593595e-02
5 184 2 2.156178e-02
6 184 2 1.742598e-02
7 184 2 1.571385e-02
8 184 2 1.641158e-02
9 184 2 1.738533e-02
10 184 2 1.996486e-02
11 184 2 2.336023e-02
12 184 2 2.662549e-02
1 188 2 4.263385e-02
2 188 2 4.226213e-02
3 188 2 3.917320e-02
4 188 2 3.198759e-02
5 188 2 2.260755e-02
6 188 2 1.719610e-02
7 188 2 1.479711e-02
8 188 2 1.505201e-02
9 188 2 2.038787e-02
10 188 2 2.679254e-02
11 188 2 3.190725e-02
12 188 2 3.979692e-02
1 189 2 3.720182e-02
2 189 2 3.438198e-02
3 189 2 3.118752e-02
4 189 2 2.305221e-02
5 189 2 1.526263e-02
6 189 2 1.079316e-02
7 189 2 1.026199e-02
8 189 2 1.260512e-02
9 189 2 2.027753e-02
10 189 2 2.887224e-02
11 189 2 3.511827e-02
12 189 2 3.669842e-02
1 190 2 1.522957e-01
2 190 2 1.443030e-01
3 190 2 1.252553e-01
4 190 2 8.871573e-02
5 190 2 6.189695e-02
6 190 2 4.490270e-02
7 190 2 4.219113e-02
8 190 2 5.086128e-02
9 190 2 7.144035e-02
10 190 2 9.739047e-02
11 190 2 1.276126e-01
12 190 2 1.431790e-01
1 191 2 1.002050e-01
2 191 2 1.038388e-01
3 191 2 1.009318e-01
4 191 2 8.338103e-02
5 191 2 6.856578e-02
6 191 2 5.632559e-02
7 191 2 4.951967e-02
8 191 2 5.029154e-02
9 191 2 5.486908e-02
10 191 2 6.158492e-02
11 191 2 7.574299e-02
12 191 2 8.911093e-02
1 192 2 1.754210e-02
2 192 2 1.895813e-02
3 192 2 1.847108e-02
4 192 2 1.599319e-02
5 192 2 1.351665e-02
6 192 2 1.150889e-02
7 192 2 1.011402e-02
8 192 2 9.398302e-03
9 192 2 9.676930e-03
10 192 2 1.062638e-02
11 192 2 1.268515e-02
12 192 2 1.523209e-02
1 200 2 8.255059e-01
2 200 2 8.492401e-01
3 200 2 6.944921e-01
4 200 2 4.591089e-01
5 200 2 3.005098e-01
6 200 2 2.447374e-01
7 200 2 2.325132e-01
8 200 2 2.507458e-01
9 200 2 2.777453e-01
10 200 2 3.551109e-01
11 200 2 4.934790e-01
12 200 2 6.799137e-01
1 201 2 5.597409e-01
2 201 2 5.775366e-01
3 201 2 5.287004e-01
4 201 2 4.069558e-01
5 201 2 3.066801e-01
6 201 2 2.537249e-01
7 201 2 2.397843e-01
8 201 2 2.480350e-01
9 201 2 2.454804e-01
10 201 2 2.920899e-01
11 201 2 3.723362e-01
12 201 2 4.637332e-01
1 206 2 2.938848e-01
2 206 2 3.174338e-01
3 206 2 2.871927e-01
4 206 2 2.450746e-01
5 206 2 2.026754e-01
6 206 2 1.767158e-01
7 206 2 1.515683e-01
8 206 2 1.488209e-01
9 206 2 1.610970e-01
10 206 2 1.823528e-01
11 206 2 2.137595e-01
12 206 2 2.518309e-01
1 207 2 1.114016e-02
2 207 2 1.216366e-02
3 207 2 1.153576e-02
4 207 2 1.046006e-02
5 207 2 9.276527e-03
6 207 2 7.956436e-03
7 207 2 7.012885e-03
8 207 2 6.905904e-03
9 207 2 6.967616e-03
10 207 2 7.674578e-03
11 207 2 8.270921e-03
12 207 2 9.461421e-03
1 212 2 6.006943e-02
2 212 2 6.412040e-02
3 212 2 5.691313e-02
4 212 2 4.784634e-02
5 212 2 3.729244e-02
6 212 2 3.009810e-02
7 212 2 2.498312e-02
8 212 2 2.414596e-02
9 212 2 2.742321e-02
10 212 2 3.235810e-02
11 212 2 3.838235e-02
12 212 2 5.074879e-02
1 213 2 1.307088e-02
2 213 2 1.428549e-02
3 213 2 1.210639e-02
4 213 2 1.024460e-02
5 213 2 7.905076e-03
6 213 2 6.093702e-03
7 213 2 5.171768e-03
8 213 2 5.048898e-03
9 213 2 6.081612e-03
10 213 2 7.494884e-03
11 213 2 9.203624e-03
12 213 2 1.126264e-02
1 214 2 4.648149e-01
2 214 2 4.927620e-01
3 214 2 3.959037e-01
4 214 2 2.940515e-01
5 214 2 2.173580e-01
6 214 2 1.601829e-01
7 214 2 1.387208e-01
8 214 2 1.430107e-01
9 214 2 1.805205e-01
10 214 2 2.420163e-01
11 214 2 3.312981e-01
12 214 2 4.018069e-01
1 215 2 1.722424e-01
2 215 2 1.771743e-01
3 215 2 1.651879e-01
4 215 2 1.316478e-01
5 215 2 1.069316e-01
6 215 2 8.591729e-02
7 215 2 7.424443e-02
8 215 2 7.442700e-02
9 215 2 8.369816e-02
10 215 2 9.957391e-02
11 215 2 1.253773e-01
12 215 2 1.514627e-01
1 216 2 6.462766e-02
2 216 2 6.747603e-02
3 216 2 6.327588e-02
4 216 2 5.143962e-02
5 216 2 4.118989e-02
6 216 2 3.543434e-02
7 216 2 3.113755e-02
8 216 2 2.977327e-02
9 216 2 3.089505e-02
10 216 2 3.511512e-02
11 216 2 4.223754e-02
12 216 2 5.428287e-02
1 224 2 2.414233e-02
2 224 2 2.639328e-02
3 224 2 2.303135e-02
4 224 2 1.983345e-02
5 224 2 1.601588e-02
6 224 2 1.361040e-02
7 224 2 1.236491e-02
8 224 2 1.291501e-02
9 224 2 1.328161e-02
10 224 2 1.566503e-02
11 224 2 1.870713e-02
12 224 2 2.231909e-02
1 240 2 3.999348e-03
2 240 2 4.079309e-03
3 240 2 3.730429e-03
4 240 2 3.294553e-03
5 240 2 2.863391e-03
6 240 2 2.469774e-03
7 240 2 2.419673e-03
8 240 2 2.494543e-03
9 240 2 2.428288e-03
10 240 2 2.615012e-03
11 240 2 2.873256e-03
12 240 2 3.560901e-03
