1 7 2 5.321548e-06
2 7 2 4.546139e-06
3 7 2 4.971863e-06
4 7 2 1.285023e-05
5 7 2 4.421398e-05
6 7 2 1.190849e-04
7 7 2 1.611253e-04
8 7 2 1.098568e-04
9 7 2 4.750936e-05
10 7 2 2.082797e-05
11 7 2 1.103494e-05
12 7 2 6.509898e-06
1 25 2 6.983970e-04
2 25 2 6.631251e-04
3 25 2 9.342337e-04
4 25 2 1.704769e-03
5 25 2 4.769123e-03
6 25 2 8.648197e-03
7 25 2 1.048415e-02
8 25 2 8.039488e-03
9 25 2 4.542737e-03
10 25 2 2.125836e-03
11 25 2 1.013623e-03
12 25 2 5.869860e-04
1 26 2 2.961749e-03
2 26 2 2.437547e-03
3 26 2 4.030684e-03
4 26 2 8.996817e-03
5 26 2 2.534265e-02
6 26 2 4.840375e-02
7 26 2 5.251792e-02
8 26 2 3.929407e-02
9 26 2 2.149179e-02
10 26 2 8.651286e-03
11 26 2 4.519943e-03
12 26 2 2.794452e-03
1 27 2 1.308276e-02
2 27 2 1.155090e-02
3 27 2 2.024867e-02
4 27 2 5.157088e-02
5 27 2 1.452275e-01
6 27 2 3.002028e-01
7 27 2 3.385780e-01
8 27 2 2.548387e-01
9 27 2 1.316916e-01
10 27 2 4.945339e-02
11 27 2 2.620853e-02
12 27 2 1.621178e-02
1 28 2 5.500704e-04
2 28 2 5.005788e-04
3 28 2 8.418867e-04
4 28 2 2.288449e-03
5 28 2 6.534921e-03
6 28 2 1.399116e-02
7 28 2 1.668071e-02
8 28 2 1.256911e-02
9 28 2 6.465815e-03
10 28 2 2.518121e-03
11 28 2 1.257083e-03
12 28 2 7.837212e-04
1 29 2 7.384940e-04
2 29 2 6.986175e-04
3 29 2 1.112932e-03
4 29 2 3.346403e-03
5 29 2 1.000722e-02
6 29 2 2.462866e-02
7 29 2 3.354991e-02
8 29 2 2.496137e-02
9 29 2 1.146351e-02
10 29 2 4.248802e-03
11 29 2 2.008426e-03
12 29 2 1.253747e-03
1 30 2 1.672701e-04
2 30 2 1.462881e-04
3 30 2 2.325030e-04
4 30 2 7.116260e-04
5 30 2 1.971315e-03
6 30 2 5.361209e-03
7 30 2 7.770817e-03
8 30 2 5.950943e-03
9 30 2 2.692596e-03
10 30 2 1.053931e-03
11 30 2 4.861493e-04
12 30 2 2.911540e-04
1 31 2 2.985629e-04
2 31 2 2.300678e-04
3 31 2 3.495010e-04
4 31 2 9.727773e-04
5 31 2 2.512183e-03
6 31 2 6.614451e-03
7 31 2 9.327844e-03
8 31 2 7.529205e-03
9 31 2 3.766609e-03
10 31 2 1.724921e-03
11 31 2 8.281728e-04
12 31 2 4.614963e-04
1 32 2 3.531789e-04
2 32 2 2.923642e-04
3 32 2 4.086747e-04
4 32 2 9.080914e-04
5 32 2 2.425390e-03
6 32 2 5.745271e-03
7 32 2 7.412082e-03
8 32 2 6.122713e-03
9 32 2 3.418993e-03
10 32 2 1.762525e-03
11 32 2 9.108010e-04
12 32 2 4.723507e-04
1 35 2 5.380603e-03
2 35 2 5.126905e-03
3 35 2 5.569335e-03
4 35 2 7.421642e-03
5 35 2 1.163441e-02
6 35 2 1.776829e-02
7 35 2 2.138071e-02
8 35 2 1.963315e-02
9 35 2 1.334345e-02
10 35 2 9.647295e-03
11 35 2 7.307311e-03
12 35 2 5.936528e-03
1 36 2 6.440954e-04
2 36 2 6.046803e-04
3 36 2 6.701645e-04
4 36 2 8.049263e-04
5 36 2 1.100870e-03
6 36 2 1.588096e-03
7 36 2 1.870329e-03
8 36 2 1.905355e-03
9 36 2 1.454414e-03
10 36 2 1.139475e-03
11 36 2 8.721379e-04
12 36 2 7.226402e-04
1 37 2 5.644711e-02
2 37 2 5.463296e-02
3 37 2 6.884007e-02
4 37 2 8.851909e-02
5 37 2 1.338240e-01
6 37 2 2.029730e-01
7 37 2 2.360681e-01
8 37 2 2.320605e-01
9 37 2 1.707749e-01
10 37 2 1.280513e-01
11 37 2 9.025202e-02
12 37 2 6.914075e-02
1 38 2 9.594496e-02
2 38 2 9.585894e-02
3 38 2 1.460284e-01
4 38 2 2.165112e-01
5 38 2 3.952934e-01
6 38 2 7.014180e-01
7 38 2 8.315036e-01
8 38 2 7.211554e-01
9 38 2 4.658113e-01
10 38 2 3.183816e-01
11 38 2 1.819295e-01
12 38 2 1.312874e-01
1 39 2 2.596977e-02
2 39 2 2.705528e-02
3 39 2 4.382396e-02
4 39 2 6.766784e-02
5 39 2 1.312980e-01
6 39 2 2.538322e-01
7 39 2 3.151885e-01
8 39 2 2.551822e-01
9 39 2 1.608445e-01
10 39 2 1.015714e-01
11 39 2 5.141323e-02
12 39 2 3.752793e-02
1 40 2 6.193123e-03
2 40 2 6.794930e-03
3 40 2 1.211866e-02
4 40 2 2.037849e-02
5 40 2 4.454840e-02
6 40 2 1.011445e-01
7 40 2 1.265474e-01
8 40 2 9.283197e-02
9 40 2 5.718355e-02
10 40 2 3.081103e-02
11 40 2 1.319856e-02
12 40 2 9.832512e-03
1 41 2 3.296818e-03
2 41 2 3.524463e-03
3 41 2 7.062907e-03
4 41 2 1.257954e-02
5 41 2 3.155133e-02
6 41 2 8.006473e-02
7 41 2 1.035189e-01
8 41 2 7.260770e-02
9 41 2 4.057655e-02
10 41 2 1.758625e-02
11 41 2 6.756166e-03
12 41 2 5.631177e-03
1 42 2 1.783663e-03
2 42 2 1.865747e-03
3 42 2 4.023457e-03
4 42 2 7.937042e-03
5 42 2 2.256368e-02
6 42 2 6.258488e-02
7 42 2 8.761149e-02
8 42 2 5.850834e-02
9 42 2 2.770676e-02
10 42 2 9.915953e-03
11 42 2 3.696857e-03
12 42 2 3.032733e-03
1 43 2 5.008097e-05
2 43 2 5.192751e-05
3 43 2 1.225220e-04
4 43 2 2.989573e-04
5 43 2 1.000665e-03
6 43 2 2.951117e-03
7 43 2 4.314124e-03
8 43 2 2.708107e-03
9 43 2 1.107396e-03
10 43 2 3.399986e-04
11 43 2 1.159468e-04
12 43 2 8.124482e-05
1 44 2 2.067151e-04
2 44 2 2.077021e-04
3 44 2 4.517840e-04
4 44 2 1.221387e-03
5 44 2 4.563064e-03
6 44 2 1.437973e-02
7 44 2 2.101676e-02
8 44 2 1.267298e-02
9 44 2 4.568417e-03
10 44 2 1.353529e-03
11 44 2 4.442323e-04
12 44 2 3.003509e-04
1 45 2 4.754955e-04
2 45 2 5.328915e-04
3 45 2 9.710206e-04
4 45 2 2.863617e-03
5 45 2 1.199227e-02
6 45 2 3.979160e-02
7 45 2 5.566794e-02
8 45 2 3.389614e-02
9 45 2 1.165612e-02
10 45 2 2.976051e-03
11 45 2 8.626291e-04
12 45 2 5.637717e-04
1 46 2 2.155997e-04
2 46 2 2.712297e-04
3 46 2 4.263525e-04
4 46 2 1.183938e-03
5 46 2 4.649274e-03
6 46 2 1.442153e-02
7 46 2 2.017470e-02
8 46 2 1.264170e-02
9 46 2 4.748583e-03
10 46 2 1.151000e-03
11 46 2 3.164554e-04
12 46 2 2.256769e-04
1 47 2 2.830407e-04
2 47 2 3.602083e-04
3 47 2 5.075898e-04
4 47 2 1.137269e-03
5 47 2 3.876380e-03
6 47 2 1.067942e-02
7 47 2 1.448358e-02
8 47 2 9.820902e-03
9 47 2 4.160434e-03
10 47 2 1.283237e-03
11 47 2 3.785886e-04
12 47 2 2.877776e-04
1 48 2 3.834742e-04
2 48 2 4.405114e-04
3 48 2 6.058988e-04
4 48 2 1.183192e-03
5 48 2 3.671673e-03
6 48 2 8.445477e-03
7 48 2 1.122325e-02
8 48 2 7.896203e-03
9 48 2 3.758911e-03
10 48 2 1.401455e-03
11 48 2 5.045063e-04
12 48 2 3.345579e-04
1 49 2 1.539685e-03
2 49 2 1.400977e-03
3 49 2 1.589119e-03
4 49 2 1.859923e-03
5 49 2 2.660086e-03
6 49 2 4.047167e-03
7 49 2 6.035684e-03
8 49 2 5.675712e-03
9 49 2 3.958744e-03
10 49 2 2.832862e-03
11 49 2 2.068219e-03
12 49 2 1.508762e-03
1 50 2 6.275887e-03
2 50 2 5.417341e-03
3 50 2 6.349961e-03
4 50 2 7.238297e-03
5 50 2 1.018740e-02
6 50 2 1.494987e-02
7 50 2 2.063301e-02
8 50 2 1.984201e-02
9 50 2 1.436742e-02
10 50 2 1.024170e-02
11 50 2 7.667763e-03
12 50 2 6.037526e-03
1 51 2 2.411873e-03
2 51 2 2.201212e-03
3 51 2 2.391860e-03
4 51 2 2.760998e-03
5 51 2 3.763310e-03
6 51 2 5.277743e-03
7 51 2 6.877670e-03
8 51 2 6.820561e-03
9 51 2 5.666886e-03
10 51 2 3.985943e-03
11 51 2 2.987318e-03
12 51 2 2.503463e-03
1 52 2 9.318297e-01
2 52 2 9.794329e-01
3 52 2 1.230390e+00
4 52 2 1.793742e+00
5 52 2 3.033453e+00
6 52 2 4.174710e+00
7 52 2 5.354841e+00
8 52 2 5.008611e+00
9 52 2 4.043136e+00
10 52 2 2.309703e+00
11 52 2 1.390215e+00
12 52 2 1.072068e+00
1 53 2 2.554669e-01
2 53 2 3.205177e-01
3 53 2 5.430246e-01
4 53 2 1.185260e+00
5 53 2 2.257098e+00
6 53 2 3.370422e+00
7 53 2 4.678545e+00
8 53 2 3.986666e+00
9 53 2 2.698206e+00
10 53 2 1.190022e+00
11 53 2 5.307821e-01
12 53 2 3.362720e-01
1 54 2 1.301669e-01
2 54 2 1.688598e-01
3 54 2 3.157746e-01
4 54 2 7.846689e-01
5 54 2 1.545553e+00
6 54 2 2.985304e+00
7 54 2 4.240766e+00
8 54 2 3.555991e+00
9 54 2 2.156653e+00
10 54 2 9.172186e-01
11 54 2 3.931618e-01
12 54 2 2.168757e-01
1 55 2 9.063010e-02
2 55 2 1.010767e-01
3 55 2 1.885559e-01
4 55 2 4.415130e-01
5 55 2 8.761410e-01
6 55 2 1.871085e+00
7 55 2 2.600950e+00
8 55 2 2.243094e+00
9 55 2 1.422425e+00
10 55 2 6.820299e-01
11 55 2 3.190957e-01
12 55 2 1.827151e-01
1 56 2 3.247816e-01
2 56 2 3.370524e-01
3 56 2 5.837837e-01
4 56 2 1.301754e+00
5 56 2 2.845461e+00
6 56 2 5.609029e+00
7 56 2 7.754974e+00
8 56 2 6.436236e+00
9 56 2 4.206876e+00
10 56 2 2.167535e+00
11 56 2 9.772054e-01
12 56 2 5.604367e-01
1 57 2 6.582386e-02
2 57 2 6.280249e-02
3 57 2 7.724348e-02
4 57 2 1.172435e-01
5 57 2 1.961668e-01
6 57 2 3.191878e-01
7 57 2 4.545271e-01
8 57 2 4.096400e-01
9 57 2 3.047724e-01
10 57 2 1.957699e-01
11 57 2 1.197143e-01
12 57 2 8.603328e-02
1 60 2 5.368126e+00
2 60 2 5.198545e+00
3 60 2 5.961699e+00
4 60 2 7.070488e+00
5 60 2 8.717350e+00
6 60 2 1.147197e+01
7 60 2 1.335567e+01
8 60 2 1.336129e+01
9 60 2 1.133897e+01
10 60 2 9.256369e+00
11 60 2 7.402931e+00
12 60 2 6.136271e+00
1 61 2 7.790848e+00
2 61 2 7.837711e+00
3 61 2 1.102361e+01
4 61 2 1.660388e+01
5 61 2 2.421999e+01
6 61 2 3.412205e+01
7 61 2 4.038014e+01
8 61 2 3.884904e+01
9 61 2 3.018672e+01
10 61 2 2.053319e+01
11 61 2 1.339505e+01
12 61 2 9.395173e+00
1 62 2 1.123391e+00
2 62 2 1.230378e+00
3 62 2 1.936839e+00
4 62 2 3.506270e+00
5 62 2 6.014009e+00
6 62 2 8.531352e+00
7 62 2 1.043212e+01
8 62 2 9.738004e+00
9 62 2 6.785659e+00
10 62 2 4.046552e+00
11 62 2 2.197457e+00
12 62 2 1.430042e+00
1 63 2 3.824291e-01
2 63 2 4.642527e-01
3 63 2 7.768166e-01
4 63 2 1.633842e+00
5 63 2 3.135612e+00
6 63 2 4.661586e+00
7 63 2 5.961042e+00
8 63 2 5.187275e+00
9 63 2 3.168225e+00
10 63 2 1.730202e+00
11 63 2 7.991930e-01
12 63 2 5.231855e-01
1 64 2 9.146344e-02
2 64 2 1.171742e-01
3 64 2 2.231279e-01
4 64 2 5.285156e-01
5 64 2 1.131914e+00
6 64 2 1.813067e+00
7 64 2 2.298102e+00
8 64 2 1.796602e+00
9 64 2 1.028708e+00
10 64 2 4.547690e-01
11 64 2 2.078071e-01
12 64 2 1.422144e-01
1 65 2 3.092120e-02
2 65 2 3.834249e-02
3 65 2 8.400118e-02
4 65 2 2.368863e-01
5 65 2 4.966751e-01
6 65 2 8.441179e-01
7 65 2 1.094097e+00
8 65 2 8.165744e-01
9 65 2 4.631352e-01
10 65 2 1.643464e-01
11 65 2 7.234853e-02
12 65 2 5.243087e-02
1 66 2 2.055499e-02
2 66 2 2.541238e-02
3 66 2 6.041249e-02
4 66 2 1.981934e-01
5 66 2 4.121006e-01
6 66 2 7.086255e-01
7 66 2 9.773128e-01
8 66 2 7.388495e-01
9 66 2 4.179551e-01
10 66 2 1.384733e-01
11 66 2 5.306505e-02
12 66 2 3.291522e-02
1 67 2 7.398623e-03
2 67 2 9.865720e-03
3 67 2 2.508859e-02
4 67 2 9.267943e-02
5 67 2 2.102843e-01
6 67 2 3.586414e-01
7 67 2 5.014202e-01
8 67 2 3.858839e-01
9 67 2 2.110517e-01
10 67 2 7.761353e-02
11 67 2 2.454198e-02
12 67 2 1.104622e-02
1 68 2 2.085271e-03
2 68 2 2.799958e-03
3 68 2 8.315717e-03
4 68 2 3.822342e-02
5 68 2 1.041637e-01
6 68 2 1.996100e-01
7 68 2 2.862029e-01
8 68 2 2.128588e-01
9 68 2 1.021530e-01
10 68 2 3.752979e-02
11 68 2 8.558122e-03
12 68 2 2.977929e-03
1 69 2 1.624333e-03
2 69 2 2.303003e-03
3 69 2 5.507473e-03
4 69 2 2.415060e-02
5 69 2 7.744004e-02
6 69 2 1.832706e-01
7 69 2 2.684899e-01
8 69 2 2.066829e-01
9 69 2 8.878961e-02
10 69 2 2.887095e-02
11 69 2 5.594149e-03
12 69 2 2.103763e-03
1 70 2 7.459238e-03
2 70 2 8.718423e-03
3 70 2 1.249325e-02
4 70 2 3.259424e-02
5 70 2 8.173599e-02
6 70 2 1.984783e-01
7 70 2 3.212733e-01
8 70 2 2.928098e-01
9 70 2 1.511874e-01
10 70 2 5.389059e-02
11 70 2 1.639030e-02
12 70 2 9.226553e-03
1 71 2 3.595430e-03
2 71 2 3.648520e-03
3 71 2 4.128578e-03
4 71 2 6.625119e-03
5 71 2 1.283039e-02
6 71 2 2.676541e-02
7 71 2 4.107650e-02
8 71 2 4.084034e-02
9 71 2 2.620278e-02
10 71 2 1.248003e-02
11 71 2 5.962029e-03
12 71 2 4.140831e-03
1 72 2 1.510810e-05
2 72 2 1.442955e-05
3 72 2 1.563292e-05
4 72 2 1.993212e-05
5 72 2 3.101291e-05
6 72 2 5.396350e-05
7 72 2 8.358328e-05
8 72 2 8.038751e-05
9 72 2 5.624179e-05
10 72 2 3.410184e-05
11 72 2 2.101143e-05
12 72 2 1.500492e-05
1 76 2 2.197219e+00
2 76 2 2.010230e+00
3 76 2 2.030462e+00
4 76 2 2.208659e+00
5 76 2 3.002709e+00
6 76 2 4.281672e+00
7 76 2 5.741485e+00
8 76 2 6.127217e+00
9 76 2 5.838046e+00
10 76 2 3.898648e+00
11 76 2 2.516741e+00
12 76 2 2.201109e+00
1 77 2 2.107085e+00
2 77 2 2.736033e+00
3 77 2 3.584040e+00
4 77 2 5.792596e+00
5 77 2 9.726003e+00
6 77 2 1.501593e+01
7 77 2 2.040260e+01
8 77 2 1.936538e+01
9 77 2 1.434505e+01
10 77 2 7.247289e+00
11 77 2 3.180132e+00
12 77 2 2.004421e+00
1 78 2 2.445662e+00
2 78 2 3.341653e+00
3 78 2 4.653452e+00
4 78 2 8.346455e+00
5 78 2 1.305145e+01
6 78 2 2.072117e+01
7 78 2 2.557799e+01
8 78 2 2.395068e+01
9 78 2 1.552936e+01
10 78 2 8.235524e+00
11 78 2 4.447360e+00
12 78 2 2.567612e+00
1 79 2 7.951761e+00
2 79 2 9.756942e+00
3 79 2 1.432601e+01
4 79 2 2.376206e+01
5 79 2 3.610116e+01
6 79 2 5.897739e+01
7 79 2 7.226943e+01
8 79 2 6.846247e+01
9 79 2 4.727374e+01
10 79 2 2.853658e+01
11 79 2 1.625867e+01
12 79 2 9.959761e+00
1 80 2 3.844727e+00
2 80 2 3.852234e+00
3 80 2 4.840573e+00
4 80 2 6.545010e+00
5 80 2 9.761301e+00
6 80 2 1.485147e+01
7 80 2 1.912352e+01
8 80 2 1.893197e+01
9 80 2 1.571319e+01
10 80 2 1.101658e+01
11 80 2 6.426637e+00
12 80 2 4.750354e+00
1 81 2 9.956127e-07
2 81 2 9.022651e-07
3 81 2 9.503301e-07
4 81 2 1.126859e-06
5 81 2 1.622666e-06
6 81 2 2.186496e-06
7 81 2 2.917503e-06
8 81 2 3.130415e-06
9 81 2 2.846524e-06
10 81 2 2.184119e-06
11 81 2 1.443786e-06
12 81 2 1.182022e-06
1 84 2 2.832632e+00
2 84 2 2.994805e+00
3 84 2 3.703974e+00
4 84 2 4.680666e+00
5 84 2 6.275360e+00
6 84 2 1.028263e+01
7 84 2 1.377177e+01
8 84 2 1.319678e+01
9 84 2 9.902158e+00
10 84 2 6.249256e+00
11 84 2 4.198106e+00
12 84 2 3.206899e+00
1 85 2 2.175647e+00
2 85 2 2.449950e+00
3 85 2 3.185330e+00
4 85 2 4.627988e+00
5 85 2 7.408400e+00
6 85 2 1.131749e+01
7 85 2 1.565880e+01
8 85 2 1.489635e+01
9 85 2 1.072639e+01
10 85 2 5.916738e+00
11 85 2 3.336791e+00
12 85 2 2.421178e+00
1 86 2 6.631983e-01
2 86 2 7.508792e-01
3 86 2 9.595683e-01
4 86 2 1.393797e+00
5 86 2 2.240107e+00
6 86 2 3.250346e+00
7 86 2 4.465112e+00
8 86 2 4.479719e+00
9 86 2 3.315845e+00
10 86 2 1.922822e+00
11 86 2 1.059185e+00
12 86 2 7.569923e-01
1 87 2 3.457097e-01
2 87 2 4.677055e-01
3 87 2 6.677978e-01
4 87 2 1.055636e+00
5 87 2 1.851973e+00
6 87 2 2.783750e+00
7 87 2 3.773904e+00
8 87 2 3.845482e+00
9 87 2 2.787992e+00
10 87 2 1.569714e+00
11 87 2 6.896908e-01
12 87 2 4.192271e-01
1 88 2 2.303716e-01
2 88 2 3.271462e-01
3 88 2 5.130136e-01
4 88 2 9.733884e-01
5 88 2 1.997680e+00
6 88 2 3.139804e+00
7 88 2 4.020955e+00
8 88 2 3.526692e+00
9 88 2 2.278950e+00
10 88 2 1.076989e+00
11 88 2 5.521389e-01
12 88 2 3.066929e-01
1 89 2 9.005356e-02
2 89 2 1.252979e-01
3 89 2 2.378114e-01
4 89 2 4.472827e-01
5 89 2 8.926042e-01
6 89 2 1.333447e+00
7 89 2 1.555552e+00
8 89 2 1.362292e+00
9 89 2 8.890395e-01
10 89 2 4.230676e-01
11 89 2 2.327930e-01
12 89 2 1.288519e-01
1 90 2 3.347004e-02
2 90 2 4.411240e-02
3 90 2 8.753632e-02
4 90 2 1.571091e-01
5 90 2 2.412318e-01
6 90 2 3.193108e-01
7 90 2 3.586057e-01
8 90 2 3.318096e-01
9 90 2 2.418086e-01
10 90 2 1.442285e-01
11 90 2 7.952089e-02
12 90 2 4.526949e-02
1 91 2 5.482810e-03
2 91 2 7.757935e-03
3 91 2 1.620804e-02
4 91 2 3.062811e-02
5 91 2 4.520231e-02
6 91 2 5.745634e-02
7 91 2 6.451511e-02
8 91 2 5.916655e-02
9 91 2 4.254197e-02
10 91 2 2.633358e-02
11 91 2 1.364815e-02
12 91 2 7.006367e-03
1 92 2 3.183947e-02
2 92 2 4.548074e-02
3 92 2 1.140088e-01
4 92 2 2.719985e-01
5 92 2 5.129496e-01
6 92 2 7.860193e-01
7 92 2 9.435103e-01
8 92 2 8.587456e-01
9 92 2 5.372396e-01
10 92 2 2.855256e-01
11 92 2 1.119833e-01
12 92 2 4.807169e-02
1 93 2 5.280859e-01
2 93 2 6.371829e-01
3 93 2 1.310082e+00
4 93 2 3.053292e+00
5 93 2 5.446900e+00
6 93 2 8.643848e+00
7 93 2 1.159527e+01
8 93 2 1.139914e+01
9 93 2 7.667117e+00
10 93 2 4.415328e+00
11 93 2 1.890884e+00
12 93 2 7.875910e-01
1 94 2 2.202926e+00
2 94 2 2.191820e+00
3 94 2 2.926610e+00
4 94 2 5.186492e+00
5 94 2 8.853026e+00
6 94 2 1.394017e+01
7 94 2 1.925829e+01
8 94 2 2.098728e+01
9 94 2 1.728754e+01
10 94 2 1.043473e+01
11 94 2 5.600576e+00
12 94 2 3.060020e+00
1 98 2 2.778522e-01
2 98 2 2.586435e-01
3 98 2 2.435529e-01
4 98 2 2.593137e-01
5 98 2 2.943033e-01
6 98 2 3.367700e-01
7 98 2 3.787970e-01
8 98 2 3.992336e-01
9 98 2 3.939542e-01
10 98 2 3.723919e-01
11 98 2 3.349639e-01
12 98 2 3.048207e-01
1 101 2 1.443053e-01
2 101 2 1.482787e-01
3 101 2 1.519472e-01
4 101 2 1.873740e-01
5 101 2 2.409666e-01
6 101 2 2.813536e-01
7 101 2 3.003289e-01
8 101 2 3.009401e-01
9 101 2 2.893138e-01
10 101 2 2.480569e-01
11 101 2 1.907490e-01
12 101 2 1.529943e-01
1 102 2 2.068178e+00
2 102 2 2.337790e+00
3 102 2 2.873187e+00
4 102 2 3.593779e+00
5 102 2 4.158853e+00
6 102 2 4.540134e+00
7 102 2 4.667982e+00
8 102 2 4.726966e+00
9 102 2 4.260316e+00
10 102 2 3.282152e+00
11 102 2 2.634338e+00
12 102 2 2.159167e+00
1 103 2 2.460116e+00
2 103 2 2.510569e+00
3 103 2 2.736205e+00
4 103 2 3.091808e+00
5 103 2 3.600657e+00
6 103 2 4.120491e+00
7 103 2 4.457848e+00
8 103 2 4.678412e+00
9 103 2 4.588555e+00
10 103 2 4.009998e+00
11 103 2 3.298853e+00
12 103 2 2.742887e+00
1 104 2 2.421326e-01
2 104 2 2.323443e-01
3 104 2 2.348689e-01
4 104 2 2.574998e-01
5 104 2 3.010975e-01
6 104 2 3.455239e-01
7 104 2 3.877903e-01
8 104 2 4.189081e-01
9 104 2 4.222800e-01
10 104 2 3.944931e-01
11 104 2 3.245061e-01
12 104 2 2.686907e-01
1 107 2 1.517934e-01
2 107 2 1.601393e-01
3 107 2 1.869683e-01
4 107 2 2.142451e-01
5 107 2 2.402624e-01
6 107 2 3.075936e-01
7 107 2 3.362128e-01
8 107 2 3.348524e-01
9 107 2 3.134720e-01
10 107 2 2.681289e-01
11 107 2 2.131527e-01
12 107 2 1.666934e-01
1 108 2 1.172278e-02
2 108 2 1.498173e-02
3 108 2 2.176256e-02
4 108 2 3.370546e-02
5 108 2 5.231987e-02
6 108 2 7.181066e-02
7 108 2 7.687114e-02
8 108 2 6.793790e-02
9 108 2 5.497248e-02
10 108 2 3.792721e-02
11 108 2 1.975622e-02
12 108 2 1.257677e-02
1 109 2 2.226373e-02
2 109 2 2.940714e-02
3 109 2 4.599467e-02
4 109 2 7.981982e-02
5 109 2 1.359957e-01
6 109 2 1.714295e-01
7 109 2 1.741878e-01
8 109 2 1.601275e-01
9 109 2 1.285870e-01
10 109 2 9.022487e-02
11 109 2 4.012978e-02
12 109 2 2.344233e-02
1 110 2 9.812696e-03
2 110 2 1.249950e-02
3 110 2 2.007483e-02
4 110 2 3.107505e-02
5 110 2 4.819616e-02
6 110 2 5.581347e-02
7 110 2 6.000486e-02
8 110 2 5.934434e-02
9 110 2 4.996655e-02
10 110 2 3.642878e-02
11 110 2 1.762078e-02
12 110 2 1.037178e-02
1 111 2 3.366749e-01
2 111 2 4.210822e-01
3 111 2 6.817228e-01
4 111 2 1.033208e+00
5 111 2 1.561543e+00
6 111 2 2.002645e+00
7 111 2 2.116946e+00
8 111 2 2.096753e+00
9 111 2 1.785569e+00
10 111 2 1.162319e+00
11 111 2 6.261327e-01
12 111 2 3.824533e-01
1 112 2 3.876157e-01
2 112 2 4.997831e-01
3 112 2 8.767618e-01
4 112 2 1.458004e+00
5 112 2 2.217141e+00
6 112 2 2.701848e+00
7 112 2 2.751759e+00
8 112 2 2.564924e+00
9 112 2 1.958037e+00
10 112 2 1.299889e+00
11 112 2 7.460005e-01
12 112 2 4.585589e-01
1 113 2 2.223217e-01
2 113 2 2.816609e-01
3 113 2 4.731919e-01
4 113 2 7.076154e-01
5 113 2 8.707884e-01
6 113 2 7.603271e-01
7 113 2 6.524057e-01
8 113 2 6.231006e-01
9 113 2 6.162758e-01
10 113 2 5.627186e-01
11 113 2 3.935864e-01
12 113 2 2.658322e-01
1 114 2 6.061072e-01
2 114 2 8.219121e-01
3 114 2 1.464377e+00
4 114 2 2.134599e+00
5 114 2 2.462700e+00
6 114 2 1.802835e+00
7 114 2 1.489019e+00
8 114 2 1.364867e+00
9 114 2 1.317145e+00
10 114 2 1.178869e+00
11 114 2 8.986774e-01
12 114 2 6.656834e-01
1 115 2 2.243694e-01
2 115 2 3.264373e-01
3 115 2 5.174563e-01
4 115 2 6.414323e-01
5 115 2 5.728294e-01
6 115 2 5.318533e-01
7 115 2 5.129626e-01
8 115 2 4.921513e-01
9 115 2 4.526324e-01
10 115 2 4.044964e-01
11 115 2 3.072727e-01
12 115 2 2.204451e-01
1 116 2 2.198003e-01
2 116 2 2.813712e-01
3 116 2 4.302838e-01
4 116 2 6.090509e-01
5 116 2 7.083646e-01
6 116 2 8.066476e-01
7 116 2 8.456757e-01
8 116 2 8.094993e-01
9 116 2 6.557846e-01
10 116 2 5.242851e-01
11 116 2 3.808829e-01
12 116 2 2.509093e-01
1 117 2 8.126537e-02
2 117 2 8.486136e-02
3 117 2 1.071721e-01
4 117 2 1.467048e-01
5 117 2 1.868167e-01
6 117 2 2.213364e-01
7 117 2 2.356357e-01
8 117 2 2.353267e-01
9 117 2 2.147213e-01
10 117 2 1.838144e-01
11 117 2 1.483864e-01
12 117 2 1.071925e-01
1 126 2 2.657034e-03
2 126 2 2.761715e-03
3 126 2 2.993321e-03
4 126 2 3.160765e-03
5 126 2 3.122865e-03
6 126 2 2.902353e-03
7 126 2 2.797699e-03
8 126 2 2.825033e-03
9 126 2 2.810077e-03
10 126 2 2.761350e-03
11 126 2 2.698182e-03
12 126 2 2.657330e-03
1 127 2 2.678018e-01
2 127 2 2.723600e-01
3 127 2 2.874701e-01
4 127 2 2.984550e-01
5 127 2 3.025211e-01
6 127 2 2.930300e-01
7 127 2 2.931109e-01
8 127 2 2.998373e-01
9 127 2 2.966410e-01
10 127 2 2.847522e-01
11 127 2 2.759602e-01
12 127 2 2.725443e-01
1 128 2 1.213678e+00
2 128 2 1.246436e+00
3 128 2 1.279546e+00
4 128 2 1.249055e+00
5 128 2 1.215022e+00
6 128 2 1.178524e+00
7 128 2 1.256089e+00
8 128 2 1.428179e+00
9 128 2 1.501717e+00
10 128 2 1.418442e+00
11 128 2 1.289866e+00
12 128 2 1.215310e+00
1 129 2 3.464158e-02
2 129 2 3.416595e-02
3 129 2 3.502765e-02
4 129 2 3.604346e-02
5 129 2 3.659960e-02
6 129 2 3.758971e-02
7 129 2 3.927753e-02
8 129 2 4.281244e-02
9 129 2 4.472998e-02
10 129 2 4.492704e-02
11 129 2 4.101993e-02
12 129 2 3.644121e-02
1 133 2 7.432436e-01
2 133 2 8.641307e-01
3 133 2 1.037342e+00
4 133 2 1.065076e+00
5 133 2 1.015974e+00
6 133 2 9.338169e-01
7 133 2 8.334404e-01
8 133 2 7.804223e-01
9 133 2 8.138066e-01
10 133 2 8.667353e-01
11 133 2 8.268794e-01
12 133 2 7.235200e-01
1 135 2 3.209863e-02
2 135 2 3.616392e-02
3 135 2 4.300717e-02
4 135 2 4.631672e-02
5 135 2 4.450593e-02
6 135 2 3.970384e-02
7 135 2 3.430018e-02
8 135 2 3.464345e-02
9 135 2 3.681263e-02
10 135 2 3.462014e-02
11 135 2 3.318310e-02
12 135 2 3.117098e-02
1 136 2 3.598932e-02
2 136 2 3.704029e-02
3 136 2 4.580723e-02
4 136 2 5.568765e-02
5 136 2 6.098048e-02
6 136 2 5.563746e-02
7 136 2 4.923265e-02
8 136 2 4.911973e-02
9 136 2 4.937361e-02
10 136 2 4.644565e-02
11 136 2 4.391413e-02
12 136 2 3.899629e-02
1 137 2 8.763632e-03
2 137 2 9.193953e-03
3 137 2 1.054106e-02
4 137 2 1.158308e-02
5 137 2 1.143320e-02
6 137 2 1.051969e-02
7 137 2 9.731831e-03
8 137 2 9.390244e-03
9 137 2 9.396144e-03
10 137 2 9.788614e-03
11 137 2 9.677885e-03
12 137 2 9.125379e-03
1 138 2 3.495844e-01
2 138 2 3.844238e-01
3 138 2 4.459884e-01
4 138 2 4.963574e-01
5 138 2 5.007942e-01
6 138 2 4.401477e-01
7 138 2 4.077547e-01
8 138 2 3.932289e-01
9 138 2 3.943018e-01
10 138 2 3.965994e-01
11 138 2 3.847090e-01
12 138 2 3.567854e-01
1 139 2 5.901804e-01
2 139 2 6.721065e-01
3 139 2 7.510128e-01
4 139 2 7.882414e-01
5 139 2 7.771332e-01
6 139 2 7.237220e-01
7 139 2 6.847505e-01
8 139 2 6.591853e-01
9 139 2 6.506413e-01
10 139 2 6.556924e-01
11 139 2 6.239415e-01
12 139 2 5.711351e-01
1 140 2 1.957261e-01
2 140 2 2.023880e-01
3 140 2 2.198091e-01
4 140 2 2.490401e-01
5 140 2 2.644449e-01
6 140 2 2.539998e-01
7 140 2 2.404966e-01
8 140 2 2.319569e-01
9 140 2 2.285754e-01
10 140 2 2.298386e-01
11 140 2 2.249843e-01
12 140 2 2.097541e-01
1 141 2 3.068261e-01
2 141 2 3.036514e-01
3 141 2 3.123487e-01
4 141 2 3.428001e-01
5 141 2 3.699268e-01
6 141 2 3.657972e-01
7 141 2 3.559056e-01
8 141 2 3.451202e-01
9 141 2 3.421953e-01
10 141 2 3.429998e-01
11 141 2 3.464234e-01
12 141 2 3.363501e-01
1 150 2 3.549755e-04
2 150 2 3.885765e-04
3 150 2 4.159270e-04
4 150 2 4.253193e-04
5 150 2 3.979692e-04
6 150 2 3.509909e-04
7 150 2 3.202017e-04
8 150 2 3.124695e-04
9 150 2 3.023674e-04
10 150 2 2.954881e-04
11 150 2 3.012331e-04
12 150 2 3.205034e-04
1 151 2 2.301794e-01
2 151 2 2.448227e-01
3 151 2 2.595846e-01
4 151 2 2.657055e-01
5 151 2 2.570886e-01
6 151 2 2.420000e-01
7 151 2 2.366528e-01
8 151 2 2.457895e-01
9 151 2 2.340135e-01
10 151 2 2.195974e-01
11 151 2 2.131582e-01
12 151 2 2.184760e-01
1 152 2 1.824153e-01
2 152 2 1.847734e-01
3 152 2 1.864838e-01
4 152 2 1.772078e-01
5 152 2 1.703442e-01
6 152 2 1.673019e-01
7 152 2 1.912708e-01
8 152 2 2.550366e-01
9 152 2 2.707493e-01
10 152 2 2.307621e-01
11 152 2 1.978881e-01
12 152 2 1.830058e-01
1 153 2 2.114511e-01
2 153 2 2.165802e-01
3 153 2 2.285071e-01
4 153 2 2.241353e-01
5 153 2 2.164478e-01
6 153 2 2.125083e-01
7 153 2 2.480648e-01
8 153 2 3.241760e-01
9 153 2 3.942883e-01
10 153 2 3.524128e-01
11 153 2 2.665822e-01
12 153 2 2.224268e-01
1 154 2 5.753477e-01
2 154 2 5.722260e-01
3 154 2 5.954746e-01
4 154 2 5.705752e-01
5 154 2 5.335398e-01
6 154 2 4.799252e-01
7 154 2 4.531755e-01
8 154 2 4.720874e-01
9 154 2 5.322722e-01
10 154 2 5.981789e-01
11 154 2 6.304139e-01
12 154 2 6.095801e-01
1 157 2 2.291201e-02
2 157 2 2.379183e-02
3 157 2 2.547256e-02
4 157 2 2.511372e-02
5 157 2 2.447866e-02
6 157 2 2.301415e-02
7 157 2 2.195878e-02
8 157 2 2.173744e-02
9 157 2 2.158033e-02
10 157 2 2.195661e-02
11 157 2 2.211402e-02
12 157 2 2.240261e-02
1 163 2 1.066179e-01
2 163 2 1.080464e-01
3 163 2 1.112526e-01
4 163 2 1.179285e-01
5 163 2 1.180436e-01
6 163 2 1.091360e-01
7 163 2 1.008958e-01
8 163 2 9.474317e-02
9 163 2 9.609987e-02
10 163 2 1.016699e-01
11 163 2 1.056444e-01
12 163 2 1.064721e-01
1 164 2 4.037083e-01
2 164 2 4.002565e-01
3 164 2 4.113983e-01
4 164 2 4.305905e-01
5 164 2 4.255254e-01
6 164 2 3.935782e-01
7 164 2 3.642914e-01
8 164 2 3.558456e-01
9 164 2 3.810381e-01
10 164 2 4.174441e-01
11 164 2 4.258745e-01
12 164 2 4.187828e-01
1 165 2 1.851166e-01
2 165 2 1.814274e-01
3 165 2 1.837082e-01
4 165 2 1.877716e-01
5 165 2 1.857106e-01
6 165 2 1.708800e-01
7 165 2 1.611165e-01
8 165 2 1.630791e-01
9 165 2 1.738247e-01
10 165 2 1.858563e-01
11 165 2 1.955131e-01
12 165 2 1.957434e-01
1 166 2 8.120391e-02
2 166 2 8.039325e-02
3 166 2 7.906503e-02
4 166 2 7.869409e-02
5 166 2 7.611736e-02
6 166 2 7.039589e-02
7 166 2 6.647502e-02
8 166 2 6.697097e-02
9 166 2 6.947742e-02
10 166 2 7.308515e-02
11 166 2 7.879652e-02
12 166 2 8.276670e-02
1 170 2 3.529249e-03
2 170 2 3.881474e-03
3 170 2 3.813527e-03
4 170 2 3.466293e-03
5 170 2 2.888457e-03
6 170 2 2.428688e-03
7 170 2 2.297159e-03
8 170 2 2.193047e-03
9 170 2 2.229932e-03
10 170 2 2.483013e-03
11 170 2 2.739543e-03
12 170 2 3.154753e-03
1 171 2 1.265463e-02
2 171 2 1.389115e-02
3 171 2 1.405932e-02
4 171 2 1.250835e-02
5 171 2 1.040554e-02
6 171 2 8.917055e-03
7 171 2 8.095726e-03
8 171 2 7.670955e-03
9 171 2 7.782722e-03
10 171 2 8.465429e-03
11 171 2 9.661939e-03
12 171 2 1.141465e-02
1 175 2 3.655070e-04
2 175 2 3.864261e-04
3 175 2 3.875345e-04
4 175 2 3.629722e-04
5 175 2 3.153657e-04
6 175 2 2.873781e-04
7 175 2 2.814152e-04
8 175 2 2.790392e-04
9 175 2 2.595369e-04
10 175 2 2.623551e-04
11 175 2 2.742898e-04
12 175 2 3.199606e-04
1 176 2 2.638436e-01
2 176 2 2.658218e-01
3 176 2 2.602387e-01
4 176 2 2.298473e-01
5 176 2 1.859362e-01
6 176 2 1.684931e-01
7 176 2 1.681858e-01
8 176 2 1.918776e-01
9 176 2 2.089746e-01
10 176 2 2.230268e-01
11 176 2 2.380645e-01
12 176 2 2.528829e-01
1 177 2 1.157557e+00
2 177 2 1.124830e+00
3 177 2 1.062049e+00
4 177 2 9.286908e-01
5 177 2 7.594160e-01
6 177 2 6.484771e-01
7 177 2 6.747305e-01
8 177 2 8.084512e-01
9 177 2 1.016097e+00
10 177 2 1.056702e+00
11 177 2 1.078135e+00
12 177 2 1.080338e+00
1 178 2 4.214367e-01
2 178 2 4.165112e-01
3 178 2 3.992564e-01
4 178 2 3.346411e-01
5 178 2 2.913735e-01
6 178 2 2.462755e-01
7 178 2 2.345618e-01
8 178 2 2.362881e-01
9 178 2 2.694806e-01
10 178 2 2.899535e-01
11 178 2 3.274860e-01
12 178 2 3.635783e-01
1 181 2 5.149947e-03
2 181 2 5.439481e-03
3 181 2 5.514387e-03
4 181 2 5.272493e-03
5 181 2 4.348163e-03
6 181 2 3.759842e-03
7 181 2 3.324475e-03
8 181 2 3.402329e-03
9 181 2 3.686078e-03
10 181 2 3.991334e-03
11 181 2 4.520238e-03
12 181 2 4.812746e-03
1 182 2 6.152016e-01
2 182 2 5.686360e-01
3 182 2 5.361982e-01
4 182 2 4.479064e-01
5 182 2 3.507506e-01
6 182 2 2.623405e-01
7 182 2 2.601100e-01
8 182 2 3.614551e-01
9 182 2 5.015578e-01
10 182 2 6.151428e-01
11 182 2 6.798593e-01
12 182 2 6.525645e-01
1 183 2 1.307607e-01
2 183 2 1.256176e-01
3 183 2 1.199255e-01
4 183 2 1.087397e-01
5 183 2 9.149170e-02
6 183 2 7.425636e-02
7 183 2 6.908775e-02
8 183 2 8.203906e-02
9 183 2 9.538907e-02
10 183 2 1.128452e-01
11 183 2 1.228541e-01
12 183 2 1.263634e-01
1 184 2 4.084025e-02
2 184 2 4.138170e-02
3 184 2 4.007753e-02
4 184 2 3.606718e-02
5 184 2 2.998435e-02
6 184 2 2.423300e-02
7 184 2 2.185208e-02
8 184 2 2.282236e-02
9 184 2 2.417647e-02
10 184 2 2.776363e-02
11 184 2 3.248532e-02
12 184 2 3.702608e-02
1 188 2 6.288535e-02
2 188 2 6.233707e-02
3 188 2 5.778087e-02
4 188 2 4.718202e-02
5 188 2 3.334636e-02
6 188 2 2.536442e-02
7 188 2 2.182588e-02
8 188 2 2.220187e-02
9 188 2 3.007232e-02
10 188 2 3.951926e-02
11 188 2 4.706352e-02
12 188 2 5.870086e-02
1 189 2 5.485789e-02
2 189 2 5.069976e-02
3 189 2 4.598920e-02
4 189 2 3.399285e-02
5 189 2 2.250631e-02
6 189 2 1.591562e-02
7 189 2 1.513235e-02
8 189 2 1.858754e-02
9 189 2 2.990130e-02
10 189 2 4.257508e-02
11 189 2 5.178549e-02
12 189 2 5.411559e-02
1 190 2 2.245505e-01
2 190 2 2.127658e-01
3 190 2 1.846811e-01
4 190 2 1.308058e-01
5 190 2 9.126319e-02
6 190 2 6.620623e-02
7 190 2 6.220818e-02
8 190 2 7.499178e-02
9 190 2 1.053343e-01
10 190 2 1.435962e-01
11 190 2 1.881568e-01
12 190 2 2.111085e-01
1 191 2 1.476606e-01
2 191 2 1.530154e-01
3 191 2 1.487317e-01
4 191 2 1.228691e-01
5 191 2 1.010375e-01
6 191 2 8.300058e-02
7 191 2 7.297148e-02
8 191 2 7.410888e-02
9 191 2 8.085429e-02
10 191 2 9.075065e-02
11 191 2 1.116138e-01
12 191 2 1.313126e-01
1 192 2 2.438774e-02
2 192 2 2.635637e-02
3 192 2 2.567924e-02
4 192 2 2.223438e-02
5 192 2 1.879140e-02
6 192 2 1.600013e-02
7 192 2 1.406093e-02
8 192 2 1.306590e-02
9 192 2 1.345326e-02
10 192 2 1.477322e-02
11 192 2 1.763541e-02
12 192 2 2.117627e-02
1 200 2 1.147368e+00
2 200 2 1.180356e+00
3 200 2 9.652720e-01
4 200 2 6.381137e-01
5 200 2 4.176774e-01
6 200 2 3.401596e-01
7 200 2 3.231693e-01
8 200 2 3.485106e-01
9 200 2 3.860372e-01
10 200 2 4.935673e-01
11 200 2 6.858846e-01
12 200 2 9.450095e-01
1 201 2 7.776197e-01
2 201 2 8.023424e-01
3 201 2 7.344968e-01
4 201 2 5.653631e-01
5 201 2 4.260552e-01
6 201 2 3.524872e-01
7 201 2 3.331201e-01
8 201 2 3.445825e-01
9 201 2 3.410335e-01
10 201 2 4.057857e-01
11 201 2 5.172678e-01
12 201 2 6.442410e-01
1 206 2 4.087047e-01
2 206 2 4.414544e-01
3 206 2 3.993981e-01
4 206 2 3.408246e-01
5 206 2 2.818601e-01
6 206 2 2.457582e-01
7 206 2 2.107856e-01
8 206 2 2.069648e-01
9 206 2 2.240372e-01
10 206 2 2.535975e-01
11 206 2 2.972748e-01
12 206 2 3.502205e-01
1 207 2 1.551782e-02
2 207 2 1.694351e-02
3 207 2 1.606887e-02
4 207 2 1.457046e-02
5 207 2 1.292185e-02
6 207 2 1.108301e-02
7 207 2 9.768681e-03
8 207 2 9.619661e-03
9 207 2 9.705623e-03
10 207 2 1.069039e-02
11 207 2 1.152108e-02
12 207 2 1.317940e-02
1 212 2 8.852432e-02
2 212 2 9.449424e-02
3 212 2 8.387289e-02
4 212 2 7.051116e-02
5 212 2 5.495787e-02
6 212 2 4.435557e-02
7 212 2 3.681763e-02
8 212 2 3.558390e-02
9 212 2 4.041359e-02
10 212 2 4.768614e-02
11 212 2 5.656407e-02
12 212 2 7.478850e-02
1 213 2 1.926537e-02
2 213 2 2.105560e-02
3 213 2 1.784379e-02
4 213 2 1.509967e-02
5 213 2 1.165141e-02
6 213 2 8.981598e-03
7 213 2 7.622746e-03
8 213 2 7.441646e-03
9 213 2 8.963779e-03
10 213 2 1.104682e-02
11 213 2 1.356536e-02
12 213 2 1.660017e-02
1 214 2 6.850161e-01
2 214 2 7.262030e-01
3 214 2 5.834589e-01
4 214 2 4.333553e-01
5 214 2 3.203291e-01
6 214 2 2.360679e-01
7 214 2 2.044384e-01
8 214 2 2.107605e-01
9 214 2 2.660402e-01
10 214 2 3.566690e-01
11 214 2 4.882471e-01
12 214 2 5.921588e-01
1 215 2 2.539167e-01
2 215 2 2.611871e-01
3 215 2 2.435170e-01
4 215 2 1.940728e-01
5 215 2 1.576366e-01
6 215 2 1.266577e-01
7 215 2 1.094498e-01
8 215 2 1.097189e-01
9 215 2 1.233863e-01
10 215 2 1.467901e-01
11 215 2 1.848289e-01
12 215 2 2.232835e-01
1 216 2 6.928155e-02
2 216 2 7.233502e-02
3 216 2 6.783242e-02
4 216 2 5.514382e-02
5 216 2 4.415600e-02
6 216 2 3.798599e-02
7 216 2 3.337979e-02
8 216 2 3.191727e-02
9 216 2 3.311982e-02
10 216 2 3.764379e-02
11 216 2 4.527909e-02
12 216 2 5.819182e-02
1 224 2 3.353794e-02
2 224 2 3.666491e-02
3 224 2 3.199460e-02
4 224 2 2.755215e-02
5 224 2 2.224888e-02
6 224 2 1.890723e-02
7 224 2 1.717704e-02
8 224 2 1.794122e-02
9 224 2 1.845050e-02
10 224 2 2.176148e-02
11 224 2 2.598750e-02
12 224 2 3.100514e-02
1 240 2 4.281797e-03
2 240 2 4.367406e-03
3 240 2 3.993886e-03
4 240 2 3.527228e-03
5 240 2 3.065615e-03
6 240 2 2.644199e-03
7 240 2 2.590560e-03
8 240 2 2.670717e-03
9 240 2 2.599783e-03
10 240 2 2.799695e-03
11 240 2 3.076177e-03
12 240 2 3.812386e-03
