1 7 2 4.365736e-06
2 7 2 3.729599e-06
3 7 2 4.078858e-06
4 7 2 1.054217e-05
5 7 2 3.627263e-05
6 7 2 9.769583e-05
7 7 2 1.321853e-04
8 7 2 9.012521e-05
9 7 2 3.897613e-05
10 7 2 1.708702e-05
11 7 2 9.052939e-06
12 7 2 5.340644e-06
1 25 2 7.060936e-04
2 25 2 6.704330e-04
3 25 2 9.445293e-04
4 25 2 1.723556e-03
5 25 2 4.821680e-03
6 25 2 8.743503e-03
7 25 2 1.059969e-02
8 25 2 8.128086e-03
9 25 2 4.592799e-03
10 25 2 2.149263e-03
11 25 2 1.024794e-03
12 25 2 5.934548e-04
1 26 2 2.498777e-03
2 26 2 2.056517e-03
3 26 2 3.400619e-03
4 26 2 7.590461e-03
5 26 2 2.138116e-02
6 26 2 4.083742e-02
7 26 2 4.430848e-02
8 26 2 3.315174e-02
9 26 2 1.813226e-02
10 26 2 7.298943e-03
11 26 2 3.813399e-03
12 26 2 2.357631e-03
1 27 2 1.098447e-02
2 27 2 9.698303e-03
3 27 2 1.700107e-02
4 27 2 4.329964e-02
5 27 2 1.219350e-01
6 27 2 2.520545e-01
7 27 2 2.842748e-01
8 27 2 2.139662e-01
9 27 2 1.105702e-01
10 27 2 4.152177e-02
11 27 2 2.200505e-02
12 27 2 1.361164e-02
1 28 2 4.533952e-04
2 28 2 4.126018e-04
3 28 2 6.939247e-04
4 28 2 1.886253e-03
5 28 2 5.386405e-03
6 28 2 1.153221e-02
7 28 2 1.374907e-02
8 28 2 1.036008e-02
9 28 2 5.329445e-03
10 28 2 2.075560e-03
11 28 2 1.036150e-03
12 28 2 6.459818e-04
1 29 2 6.080079e-04
2 29 2 5.751773e-04
3 29 2 9.162859e-04
4 29 2 2.755120e-03
5 29 2 8.239019e-03
6 29 2 2.027697e-02
7 29 2 2.762191e-02
8 29 2 2.055089e-02
9 29 2 9.437993e-03
10 29 2 3.498072e-03
11 29 2 1.653552e-03
12 29 2 1.032220e-03
1 30 2 1.379166e-04
2 30 2 1.206166e-04
3 30 2 1.917020e-04
4 30 2 5.867458e-04
5 30 2 1.625377e-03
6 30 2 4.420393e-03
7 30 2 6.407150e-03
8 30 2 4.906637e-03
9 30 2 2.220084e-03
10 30 2 8.689811e-04
11 30 2 4.008371e-04
12 30 2 2.400607e-04
1 31 2 2.462639e-04
2 31 2 1.897671e-04
3 31 2 2.882793e-04
4 31 2 8.023769e-04
5 31 2 2.072126e-03
6 31 2 5.455804e-03
7 31 2 7.693895e-03
8 31 2 6.210321e-03
9 31 2 3.106816e-03
10 31 2 1.422768e-03
11 31 2 6.831026e-04
12 31 2 3.806565e-04
1 32 2 2.913404e-04
2 32 2 2.411738e-04
3 32 2 3.371194e-04
4 32 2 7.490927e-04
5 32 2 2.000726e-03
6 32 2 4.739326e-03
7 32 2 6.114293e-03
8 32 2 5.050681e-03
9 32 2 2.820358e-03
10 32 2 1.453923e-03
11 32 2 7.513279e-04
12 32 2 3.896463e-04
1 35 2 8.717065e-03
2 35 2 8.306051e-03
3 35 2 9.022828e-03
4 35 2 1.202373e-02
5 35 2 1.884880e-02
6 35 2 2.878624e-02
7 35 2 3.463868e-02
8 35 2 3.180749e-02
9 35 2 2.161760e-02
10 35 2 1.562949e-02
11 35 2 1.183851e-02
12 35 2 9.617714e-03
1 36 2 1.044382e-03
2 36 2 9.804716e-04
3 36 2 1.086652e-03
4 36 2 1.305165e-03
5 36 2 1.785029e-03
6 36 2 2.575053e-03
7 36 2 3.032684e-03
8 36 2 3.089478e-03
9 36 2 2.358290e-03
10 36 2 1.847626e-03
11 36 2 1.414147e-03
12 36 2 1.171740e-03
1 37 2 4.963616e-02
2 37 2 4.804091e-02
3 37 2 6.053378e-02
4 37 2 7.783831e-02
5 37 2 1.176767e-01
6 37 2 1.784822e-01
7 37 2 2.075839e-01
8 37 2 2.040599e-01
9 37 2 1.501691e-01
10 37 2 1.126006e-01
11 37 2 7.936215e-02
12 37 2 6.079818e-02
1 38 2 9.201469e-02
2 38 2 9.193219e-02
3 38 2 1.400466e-01
4 38 2 2.076421e-01
5 38 2 3.791007e-01
6 38 2 6.726852e-01
7 38 2 7.974420e-01
8 38 2 6.916141e-01
9 38 2 4.467299e-01
10 38 2 3.053394e-01
11 38 2 1.744770e-01
12 38 2 1.259093e-01
1 39 2 3.694942e-02
2 39 2 3.849386e-02
3 39 2 6.235211e-02
4 39 2 9.627684e-02
5 39 2 1.868090e-01
6 39 2 3.611488e-01
7 39 2 4.484458e-01
8 39 2 3.630696e-01
9 39 2 2.288472e-01
10 39 2 1.445143e-01
11 39 2 7.315001e-02
12 39 2 5.339421e-02
1 40 2 8.964423e-03
2 40 2 9.835526e-03
3 40 2 1.754152e-02
4 40 2 2.949746e-02
5 40 2 6.448292e-02
6 40 2 1.464046e-01
7 40 2 1.831748e-01
8 40 2 1.343724e-01
9 40 2 8.277205e-02
10 40 2 4.459836e-02
11 40 2 1.910465e-02
12 40 2 1.423237e-02
1 41 2 4.767805e-03
2 41 2 5.097021e-03
3 41 2 1.021426e-02
4 41 2 1.819232e-02
5 41 2 4.562901e-02
6 41 2 1.157883e-01
7 41 2 1.497074e-01
8 41 2 1.050041e-01
9 41 2 5.868114e-02
10 41 2 2.543295e-02
11 41 2 9.770658e-03
12 41 2 8.143717e-03
1 42 2 2.584784e-03
2 42 2 2.703735e-03
3 42 2 5.830568e-03
4 42 2 1.150191e-02
5 42 2 3.269801e-02
6 42 2 9.069449e-02
7 42 2 1.269616e-01
8 42 2 8.478699e-02
9 42 2 4.015108e-02
10 42 2 1.436964e-02
11 42 2 5.357276e-03
12 42 2 4.394866e-03
1 43 2 7.244999e-05
2 43 2 7.512129e-05
3 43 2 1.772473e-04
4 43 2 4.324886e-04
5 43 2 1.447619e-03
6 43 2 4.269253e-03
7 43 2 6.241057e-03
8 43 2 3.917702e-03
9 43 2 1.602022e-03
10 43 2 4.918613e-04
11 43 2 1.677353e-04
12 43 2 1.175334e-04
1 44 2 2.989704e-04
2 44 2 3.003979e-04
3 44 2 6.534116e-04
4 44 2 1.766482e-03
5 44 2 6.599523e-03
6 44 2 2.079728e-02
7 44 2 3.039637e-02
8 44 2 1.832883e-02
9 44 2 6.607265e-03
10 44 2 1.957599e-03
11 44 2 6.424895e-04
12 44 2 4.343951e-04
1 45 2 6.873657e-04
2 45 2 7.703360e-04
3 45 2 1.403686e-03
4 45 2 4.139581e-03
5 45 2 1.733576e-02
6 45 2 5.752185e-02
7 45 2 8.047233e-02
8 45 2 4.899950e-02
9 45 2 1.684983e-02
10 45 2 4.302112e-03
11 45 2 1.246997e-03
12 45 2 8.149758e-04
1 46 2 3.119283e-04
2 46 2 3.924134e-04
3 46 2 6.168441e-04
4 46 2 1.712914e-03
5 46 2 6.726541e-03
6 46 2 2.086498e-02
7 46 2 2.918863e-02
8 46 2 1.828993e-02
9 46 2 6.870221e-03
10 46 2 1.665260e-03
11 46 2 4.578457e-04
12 46 2 3.265080e-04
1 47 2 4.098132e-04
2 47 2 5.215437e-04
3 47 2 7.349366e-04
4 47 2 1.646646e-03
5 47 2 5.612591e-03
6 47 2 1.546268e-02
7 47 2 2.097069e-02
8 47 2 1.421963e-02
9 47 2 6.023870e-03
10 47 2 1.857992e-03
11 47 2 5.481564e-04
12 47 2 4.166717e-04
1 48 2 5.546579e-04
2 48 2 6.371566e-04
3 48 2 8.763733e-04
4 48 2 1.711372e-03
5 48 2 5.310716e-03
6 48 2 1.221556e-02
7 48 2 1.623334e-02
8 48 2 1.142108e-02
9 48 2 5.436897e-03
10 48 2 2.027068e-03
11 48 2 7.297189e-04
12 48 2 4.839052e-04
1 49 2 1.299449e-03
2 49 2 1.182384e-03
3 49 2 1.341170e-03
4 49 2 1.569720e-03
5 49 2 2.245035e-03
6 49 2 3.415690e-03
7 49 2 5.093940e-03
8 49 2 4.790135e-03
9 49 2 3.341064e-03
10 49 2 2.390853e-03
11 49 2 1.745516e-03
12 49 2 1.273351e-03
1 50 2 5.298929e-03
2 50 2 4.574031e-03
3 50 2 5.361472e-03
4 50 2 6.111522e-03
5 50 2 8.601541e-03
6 50 2 1.262264e-02
7 50 2 1.742110e-02
8 50 2 1.675323e-02
9 50 2 1.213086e-02
10 50 2 8.647388e-03
11 50 2 6.474133e-03
12 50 2 5.097673e-03
1 51 2 2.035539e-03
2 51 2 1.857748e-03
3 51 2 2.018649e-03
4 51 2 2.330188e-03
5 51 2 3.176105e-03
6 51 2 4.454236e-03
7 51 2 5.804519e-03
8 51 2 5.756321e-03
9 51 2 4.782659e-03
10 51 2 3.364000e-03
11 51 2 2.521194e-03
12 51 2 2.112838e-03
1 52 2 7.794544e-01
2 52 2 8.192735e-01
3 52 2 1.029194e+00
4 52 2 1.500424e+00
5 52 2 2.537415e+00
6 52 2 3.492051e+00
7 52 2 4.479204e+00
8 52 2 4.189590e+00
9 52 2 3.381992e+00
10 52 2 1.932014e+00
11 52 2 1.162883e+00
12 52 2 8.967603e-01
1 53 2 2.122897e-01
2 53 2 2.663460e-01
3 53 2 4.512464e-01
4 53 2 9.849359e-01
5 53 2 1.875619e+00
6 53 2 2.800777e+00
7 53 2 3.887810e+00
8 53 2 3.312867e+00
9 53 2 2.242174e+00
10 53 2 9.888932e-01
11 53 2 4.410730e-01
12 53 2 2.794377e-01
1 54 2 1.088675e-01
2 54 2 1.412290e-01
3 54 2 2.641040e-01
4 54 2 6.562725e-01
5 54 2 1.292652e+00
6 54 2 2.496815e+00
7 54 2 3.546844e+00
8 54 2 2.974119e+00
9 54 2 1.803757e+00
10 54 2 7.671329e-01
11 54 2 3.288282e-01
12 54 2 1.813881e-01
1 55 2 7.505550e-02
2 55 2 8.370690e-02
3 55 2 1.561529e-01
4 55 2 3.656399e-01
5 55 2 7.255780e-01
6 55 2 1.549543e+00
7 55 2 2.153982e+00
8 55 2 1.857623e+00
9 55 2 1.177984e+00
10 55 2 5.648244e-01
11 55 2 2.642597e-01
12 55 2 1.513159e-01
1 56 2 2.681753e-01
2 56 2 2.783075e-01
3 56 2 4.820359e-01
4 56 2 1.074871e+00
5 56 2 2.349525e+00
6 56 2 4.631431e+00
7 56 2 6.403359e+00
8 56 2 5.314464e+00
9 56 2 3.473659e+00
10 56 2 1.789755e+00
11 56 2 8.068882e-01
12 56 2 4.627581e-01
1 57 2 5.428237e-02
2 57 2 5.179076e-02
3 57 2 6.369968e-02
4 57 2 9.668616e-02
5 57 2 1.617711e-01
6 57 2 2.632217e-01
7 57 2 3.748308e-01
8 57 2 3.378141e-01
9 57 2 2.513339e-01
10 57 2 1.614438e-01
11 57 2 9.872374e-02
12 57 2 7.094829e-02
1 60 2 5.289469e+00
2 60 2 5.122373e+00
3 60 2 5.874345e+00
4 60 2 6.966887e+00
5 60 2 8.589618e+00
6 60 2 1.130388e+01
7 60 2 1.315997e+01
8 60 2 1.316551e+01
9 60 2 1.117283e+01
10 60 2 9.120739e+00
11 60 2 7.294459e+00
12 60 2 6.046359e+00
1 61 2 6.958476e+00
2 61 2 7.000332e+00
3 61 2 9.845848e+00
4 61 2 1.482992e+01
5 61 2 2.163233e+01
6 61 2 3.047646e+01
7 61 2 3.606594e+01
8 61 2 3.469842e+01
9 61 2 2.696158e+01
10 61 2 1.833943e+01
11 61 2 1.196392e+01
12 61 2 8.391395e+00
1 62 2 1.252402e+00
2 62 2 1.371675e+00
3 62 2 2.159267e+00
4 62 2 3.908931e+00
5 62 2 6.704659e+00
6 62 2 9.511095e+00
7 62 2 1.163015e+01
8 62 2 1.085632e+01
9 62 2 7.564926e+00
10 62 2 4.511260e+00
11 62 2 2.449814e+00
12 62 2 1.594269e+00
1 63 2 5.531257e-01
2 63 2 6.714710e-01
3 63 2 1.123547e+00
4 63 2 2.363104e+00
5 63 2 4.535186e+00
6 63 2 6.742277e+00
7 63 2 8.621742e+00
8 63 2 7.502605e+00
9 63 2 4.582356e+00
10 63 2 2.502474e+00
11 63 2 1.155911e+00
12 63 2 7.567084e-01
1 64 2 1.322849e-01
2 64 2 1.694707e-01
3 64 2 3.227132e-01
4 64 2 7.643998e-01
5 64 2 1.637103e+00
6 64 2 2.622265e+00
7 64 2 3.323778e+00
8 64 2 2.598452e+00
9 64 2 1.487835e+00
10 64 2 6.577390e-01
11 64 2 3.005544e-01
12 64 2 2.056867e-01
1 65 2 4.470405e-02
2 65 2 5.543331e-02
3 65 2 1.214440e-01
4 65 2 3.424762e-01
5 65 2 7.180635e-01
6 65 2 1.220376e+00
7 65 2 1.581780e+00
8 65 2 1.180555e+00
9 65 2 6.695736e-01
10 65 2 2.376024e-01
11 65 2 1.045972e-01
12 65 2 7.580147e-02
1 66 2 2.970653e-02
2 66 2 3.672654e-02
3 66 2 8.730949e-02
4 66 2 2.864335e-01
5 66 2 5.955770e-01
6 66 2 1.024122e+00
7 66 2 1.412434e+00
8 66 2 1.067802e+00
9 66 2 6.040382e-01
10 66 2 2.001248e-01
11 66 2 7.669081e-02
12 66 2 4.756981e-02
1 67 2 1.058852e-02
2 67 2 1.411930e-02
3 67 2 3.590547e-02
4 67 2 1.326379e-01
5 67 2 3.009478e-01
6 67 2 5.132687e-01
7 67 2 7.176062e-01
8 67 2 5.522567e-01
9 67 2 3.020460e-01
10 67 2 1.110764e-01
11 67 2 3.512320e-02
12 67 2 1.580877e-02
1 68 2 2.912766e-03
2 68 2 3.911061e-03
3 68 2 1.161563e-02
4 68 2 5.339158e-02
5 68 2 1.454989e-01
6 68 2 2.788209e-01
7 68 2 3.997765e-01
8 68 2 2.973273e-01
9 68 2 1.426903e-01
10 68 2 5.242269e-02
11 68 2 1.195423e-02
12 68 2 4.159657e-03
1 69 2 2.085979e-03
2 69 2 2.957531e-03
3 69 2 7.072735e-03
4 69 2 3.101437e-02
5 69 2 9.944902e-02
6 69 2 2.353573e-01
7 69 2 3.447965e-01
8 69 2 2.654236e-01
9 69 2 1.140242e-01
10 69 2 3.707627e-02
11 69 2 7.184044e-03
12 69 2 2.701667e-03
1 70 2 8.693558e-03
2 70 2 1.016111e-02
3 70 2 1.456057e-02
4 70 2 3.798778e-02
5 70 2 9.526127e-02
6 70 2 2.313215e-01
7 70 2 3.744361e-01
8 70 2 3.412626e-01
9 70 2 1.762051e-01
10 70 2 6.280815e-02
11 70 2 1.910249e-02
12 70 2 1.075332e-02
1 71 2 5.201612e-03
2 71 2 5.278419e-03
3 71 2 5.972932e-03
4 71 2 9.584750e-03
5 71 2 1.856210e-02
6 71 2 3.872229e-02
7 71 2 5.942656e-02
8 71 2 5.908490e-02
9 71 2 3.790831e-02
10 71 2 1.805522e-02
11 71 2 8.625439e-03
12 71 2 5.990660e-03
1 72 2 2.189579e-05
2 72 2 2.091239e-05
3 72 2 2.265640e-05
4 72 2 2.888713e-05
5 72 2 4.494625e-05
6 72 2 7.820797e-05
7 72 2 1.211352e-04
8 72 2 1.165036e-04
9 72 2 8.150985e-05
10 72 2 4.942295e-05
11 72 2 3.045135e-05
12 72 2 2.174627e-05
1 76 2 1.853928e+00
2 76 2 1.696153e+00
3 76 2 1.713224e+00
4 76 2 1.863580e+00
5 76 2 2.533568e+00
6 76 2 3.612707e+00
7 76 2 4.844440e+00
8 76 2 5.169906e+00
9 76 2 4.925914e+00
10 76 2 3.289527e+00
11 76 2 2.123528e+00
12 76 2 1.857210e+00
1 77 2 1.785451e+00
2 77 2 2.318394e+00
3 77 2 3.036957e+00
4 77 2 4.908390e+00
5 77 2 8.241386e+00
6 77 2 1.272384e+01
7 77 2 1.728827e+01
8 77 2 1.640937e+01
9 77 2 1.215536e+01
10 77 2 6.141033e+00
11 77 2 2.694704e+00
12 77 2 1.698458e+00
1 78 2 2.063772e+00
2 78 2 2.819854e+00
3 78 2 3.926815e+00
4 78 2 7.043156e+00
5 78 2 1.101346e+01
6 78 2 1.748556e+01
7 78 2 2.158398e+01
8 78 2 2.021078e+01
9 78 2 1.310445e+01
10 78 2 6.949546e+00
11 78 2 3.752905e+00
12 78 2 2.166679e+00
1 79 2 6.697157e+00
2 79 2 8.217523e+00
3 79 2 1.206569e+01
4 79 2 2.001295e+01
5 79 2 3.040523e+01
6 79 2 4.967213e+01
7 79 2 6.086699e+01
8 79 2 5.766068e+01
9 79 2 3.981504e+01
10 79 2 2.403417e+01
11 79 2 1.369343e+01
12 79 2 8.388342e+00
1 80 2 3.246134e+00
2 80 2 3.252472e+00
3 80 2 4.086935e+00
4 80 2 5.526005e+00
5 80 2 8.241545e+00
6 80 2 1.253921e+01
7 80 2 1.614614e+01
8 80 2 1.598441e+01
9 80 2 1.326677e+01
10 80 2 9.301391e+00
11 80 2 5.426062e+00
12 80 2 4.010763e+00
1 81 2 8.206412e-07
2 81 2 7.436987e-07
3 81 2 7.833166e-07
4 81 2 9.288216e-07
5 81 2 1.337495e-06
6 81 2 1.802236e-06
7 81 2 2.404773e-06
8 81 2 2.580268e-06
9 81 2 2.346269e-06
10 81 2 1.800276e-06
11 81 2 1.190051e-06
12 81 2 9.742904e-07
1 84 2 3.268132e+00
2 84 2 3.455237e+00
3 84 2 4.273437e+00
4 84 2 5.400288e+00
5 84 2 7.240157e+00
6 84 2 1.186352e+01
7 84 2 1.588909e+01
8 84 2 1.522570e+01
9 84 2 1.142455e+01
10 84 2 7.210039e+00
11 84 2 4.843538e+00
12 84 2 3.699940e+00
1 85 2 2.261151e+00
2 85 2 2.546234e+00
3 85 2 3.310515e+00
4 85 2 4.809870e+00
5 85 2 7.699554e+00
6 85 2 1.176227e+01
7 85 2 1.627420e+01
8 85 2 1.548179e+01
9 85 2 1.114794e+01
10 85 2 6.149268e+00
11 85 2 3.467928e+00
12 85 2 2.516332e+00
1 86 2 7.469604e-01
2 86 2 8.457153e-01
3 86 2 1.080762e+00
4 86 2 1.569834e+00
5 86 2 2.523033e+00
6 86 2 3.660865e+00
7 86 2 5.029057e+00
8 86 2 5.045508e+00
9 86 2 3.734637e+00
10 86 2 2.165675e+00
11 86 2 1.192960e+00
12 86 2 8.526005e-01
1 87 2 4.498414e-01
2 87 2 6.085837e-01
3 87 2 8.689460e-01
4 87 2 1.373606e+00
5 87 2 2.409808e+00
6 87 2 3.622247e+00
7 87 2 4.910647e+00
8 87 2 5.003785e+00
9 87 2 3.627767e+00
10 87 2 2.042529e+00
11 87 2 8.974334e-01
12 87 2 5.455031e-01
1 88 2 2.837444e-01
2 88 2 4.029400e-01
3 88 2 6.318694e-01
4 88 2 1.198905e+00
5 88 2 2.460505e+00
6 88 2 3.867239e+00
7 88 2 4.952537e+00
8 88 2 4.343762e+00
9 88 2 2.806940e+00
10 88 2 1.326508e+00
11 88 2 6.800593e-01
12 88 2 3.777480e-01
1 89 2 1.226554e-01
2 89 2 1.706591e-01
3 89 2 3.239057e-01
4 89 2 6.092114e-01
5 89 2 1.215751e+00
6 89 2 1.816191e+00
7 89 2 2.118704e+00
8 89 2 1.855480e+00
9 89 2 1.210896e+00
10 89 2 5.762296e-01
11 89 2 3.170704e-01
12 89 2 1.754998e-01
1 90 2 4.230559e-02
2 90 2 5.575736e-02
3 90 2 1.106445e-01
4 90 2 1.985833e-01
5 90 2 3.049131e-01
6 90 2 4.036037e-01
7 90 2 4.532718e-01
8 90 2 4.194020e-01
9 90 2 3.056422e-01
10 90 2 1.823026e-01
11 90 2 1.005131e-01
12 90 2 5.721991e-02
1 91 2 5.619259e-03
2 91 2 7.951003e-03
3 91 2 1.661141e-02
4 91 2 3.139034e-02
5 91 2 4.632724e-02
6 91 2 5.888624e-02
7 91 2 6.612067e-02
8 91 2 6.063900e-02
9 91 2 4.360070e-02
10 91 2 2.698893e-02
11 91 2 1.398781e-02
12 91 2 7.180732e-03
1 92 2 3.243752e-02
2 92 2 4.633503e-02
3 92 2 1.161502e-01
4 92 2 2.771075e-01
5 92 2 5.225846e-01
6 92 2 8.007835e-01
7 92 2 9.612327e-01
8 92 2 8.748759e-01
9 92 2 5.473308e-01
10 92 2 2.908888e-01
11 92 2 1.140868e-01
12 92 2 4.897465e-02
1 93 2 5.083408e-01
2 93 2 6.133586e-01
3 93 2 1.261098e+00
4 93 2 2.939129e+00
5 93 2 5.243240e+00
6 93 2 8.320654e+00
7 93 2 1.116172e+01
8 93 2 1.097292e+01
9 93 2 7.380443e+00
10 93 2 4.250238e+00
11 93 2 1.820183e+00
12 93 2 7.581429e-01
1 94 2 1.778667e+00
2 94 2 1.769700e+00
3 94 2 2.362978e+00
4 94 2 4.187632e+00
5 94 2 7.148032e+00
6 94 2 1.125545e+01
7 94 2 1.554936e+01
8 94 2 1.694536e+01
9 94 2 1.395815e+01
10 94 2 8.425115e+00
11 94 2 4.521968e+00
12 94 2 2.470695e+00
1 98 2 2.345347e-01
2 98 2 2.183207e-01
3 98 2 2.055828e-01
4 98 2 2.188864e-01
5 98 2 2.484211e-01
6 98 2 2.842672e-01
7 98 2 3.197422e-01
8 98 2 3.369926e-01
9 98 2 3.325363e-01
10 98 2 3.143356e-01
11 98 2 2.827427e-01
12 98 2 2.572988e-01
1 101 2 1.745160e-01
2 101 2 1.793212e-01
3 101 2 1.837577e-01
4 101 2 2.266012e-01
5 101 2 2.914136e-01
6 101 2 3.402557e-01
7 101 2 3.632035e-01
8 101 2 3.639426e-01
9 101 2 3.498823e-01
10 101 2 2.999882e-01
11 101 2 2.306827e-01
12 101 2 1.850240e-01
1 102 2 2.018587e+00
2 102 2 2.281734e+00
3 102 2 2.804294e+00
4 102 2 3.507608e+00
5 102 2 4.059132e+00
6 102 2 4.431271e+00
7 102 2 4.556053e+00
8 102 2 4.613623e+00
9 102 2 4.158162e+00
10 102 2 3.203452e+00
11 102 2 2.571172e+00
12 102 2 2.107395e+00
1 103 2 2.156061e+00
2 103 2 2.200278e+00
3 103 2 2.398027e+00
4 103 2 2.709680e+00
5 103 2 3.155638e+00
6 103 2 3.611223e+00
7 103 2 3.906885e+00
8 103 2 4.100189e+00
9 103 2 4.021437e+00
10 103 2 3.514387e+00
11 103 2 2.891135e+00
12 103 2 2.403883e+00
1 104 2 2.931179e-01
2 104 2 2.812685e-01
3 104 2 2.843247e-01
4 104 2 3.117210e-01
5 104 2 3.644989e-01
6 104 2 4.182801e-01
7 104 2 4.694465e-01
8 104 2 5.071166e-01
9 104 2 5.111986e-01
10 104 2 4.775606e-01
11 104 2 3.928366e-01
12 104 2 3.252683e-01
1 107 2 1.755111e-01
2 107 2 1.851610e-01
3 107 2 2.161821e-01
4 107 2 2.477209e-01
5 107 2 2.778034e-01
6 107 2 3.556551e-01
7 107 2 3.887461e-01
8 107 2 3.871731e-01
9 107 2 3.624520e-01
10 107 2 3.100241e-01
11 107 2 2.464578e-01
12 107 2 1.927393e-01
1 108 2 1.421509e-02
2 108 2 1.816691e-02
3 108 2 2.638938e-02
4 108 2 4.087138e-02
5 108 2 6.344330e-02
6 108 2 8.707792e-02
7 108 2 9.321428e-02
8 108 2 8.238180e-02
9 108 2 6.665988e-02
10 108 2 4.599070e-02
11 108 2 2.395648e-02
12 108 2 1.525064e-02
1 109 2 2.697855e-02
2 109 2 3.563473e-02
3 109 2 5.573503e-02
4 109 2 9.672338e-02
5 109 2 1.647957e-01
6 109 2 2.077333e-01
7 109 2 2.110758e-01
8 109 2 1.940380e-01
9 109 2 1.558180e-01
10 109 2 1.093319e-01
11 109 2 4.862812e-02
12 109 2 2.840675e-02
1 110 2 1.187652e-02
2 110 2 1.512842e-02
3 110 2 2.429701e-02
4 110 2 3.761082e-02
5 110 2 5.833287e-02
6 110 2 6.755227e-02
7 110 2 7.262521e-02
8 110 2 7.182577e-02
9 110 2 6.047562e-02
10 110 2 4.409056e-02
11 110 2 2.132681e-02
12 110 2 1.255319e-02
1 111 2 4.075085e-01
2 111 2 5.096743e-01
3 111 2 8.251516e-01
4 111 2 1.250586e+00
5 111 2 1.890078e+00
6 111 2 2.423985e+00
7 111 2 2.562333e+00
8 111 2 2.537893e+00
9 111 2 2.161237e+00
10 111 2 1.406861e+00
11 111 2 7.578658e-01
12 111 2 4.629183e-01
1 112 2 4.692532e-01
2 112 2 6.050447e-01
3 112 2 1.061421e+00
4 112 2 1.765081e+00
5 112 2 2.684103e+00
6 112 2 3.270896e+00
7 112 2 3.331320e+00
8 112 2 3.105134e+00
9 112 2 2.370428e+00
10 112 2 1.573664e+00
11 112 2 9.031190e-01
12 112 2 5.551381e-01
1 113 2 2.693089e-01
2 113 2 3.411893e-01
3 113 2 5.732001e-01
4 113 2 8.571685e-01
5 113 2 1.054828e+00
6 113 2 9.210207e-01
7 113 2 7.902903e-01
8 113 2 7.547916e-01
9 113 2 7.465244e-01
10 113 2 6.816480e-01
11 113 2 4.767701e-01
12 113 2 3.220153e-01
1 114 2 7.341866e-01
2 114 2 9.955943e-01
3 114 2 1.773821e+00
4 114 2 2.585672e+00
5 114 2 2.983104e+00
6 114 2 2.183800e+00
7 114 2 1.803671e+00
8 114 2 1.653283e+00
9 114 2 1.595477e+00
10 114 2 1.427982e+00
11 114 2 1.088581e+00
12 114 2 8.063522e-01
1 115 2 2.674494e-01
2 115 2 3.891150e-01
3 115 2 6.168106e-01
4 115 2 7.645907e-01
5 115 2 6.828157e-01
6 115 2 6.339719e-01
7 115 2 6.114541e-01
8 115 2 5.866470e-01
9 115 2 5.395402e-01
10 115 2 4.821618e-01
11 115 2 3.662706e-01
12 115 2 2.627717e-01
1 116 2 2.487320e-01
2 116 2 3.184073e-01
3 116 2 4.869207e-01
4 116 2 6.892184e-01
5 116 2 8.016045e-01
6 116 2 9.128241e-01
7 116 2 9.569894e-01
8 116 2 9.160513e-01
9 116 2 7.421035e-01
10 116 2 5.932952e-01
11 116 2 4.310173e-01
12 116 2 2.839357e-01
1 117 2 7.682812e-02
2 117 2 8.022776e-02
3 117 2 1.013203e-01
4 117 2 1.386944e-01
5 117 2 1.766161e-01
6 117 2 2.092510e-01
7 117 2 2.227695e-01
8 117 2 2.224774e-01
9 117 2 2.029971e-01
10 117 2 1.737778e-01
11 117 2 1.402842e-01
12 117 2 1.013395e-01
1 126 2 3.219894e-03
2 126 2 3.346751e-03
3 126 2 3.627420e-03
4 126 2 3.830335e-03
5 126 2 3.784406e-03
6 126 2 3.517181e-03
7 126 2 3.390358e-03
8 126 2 3.423482e-03
9 126 2 3.405358e-03
10 126 2 3.346309e-03
11 126 2 3.269760e-03
12 126 2 3.220253e-03
1 127 2 3.242433e-01
2 127 2 3.297620e-01
3 127 2 3.480568e-01
4 127 2 3.613568e-01
5 127 2 3.662799e-01
6 127 2 3.547884e-01
7 127 2 3.548863e-01
8 127 2 3.630304e-01
9 127 2 3.591605e-01
10 127 2 3.447661e-01
11 127 2 3.341211e-01
12 127 2 3.299853e-01
1 128 2 1.469307e+00
2 128 2 1.508964e+00
3 128 2 1.549048e+00
4 128 2 1.512134e+00
5 128 2 1.470934e+00
6 128 2 1.426748e+00
7 128 2 1.520650e+00
8 128 2 1.728986e+00
9 128 2 1.818013e+00
10 128 2 1.717199e+00
11 128 2 1.561541e+00
12 128 2 1.471283e+00
1 129 2 4.190884e-02
2 129 2 4.133343e-02
3 129 2 4.237590e-02
4 129 2 4.360481e-02
5 129 2 4.427762e-02
6 129 2 4.547544e-02
7 129 2 4.751734e-02
8 129 2 5.179382e-02
9 129 2 5.411363e-02
10 129 2 5.435203e-02
11 129 2 4.962527e-02
12 129 2 4.408600e-02
1 133 2 9.002664e-01
2 133 2 1.046693e+00
3 133 2 1.256498e+00
4 133 2 1.290092e+00
5 133 2 1.230615e+00
6 133 2 1.131102e+00
7 133 2 1.009519e+00
8 133 2 9.452997e-01
9 133 2 9.857370e-01
10 133 2 1.049848e+00
11 133 2 1.001572e+00
12 133 2 8.763758e-01
1 135 2 3.894659e-02
2 135 2 4.387918e-02
3 135 2 5.218237e-02
4 135 2 5.619799e-02
5 135 2 5.400088e-02
6 135 2 4.817431e-02
7 135 2 4.161783e-02
8 135 2 4.203433e-02
9 135 2 4.466628e-02
10 135 2 4.200604e-02
11 135 2 4.026242e-02
12 135 2 3.782104e-02
1 136 2 4.352878e-02
2 136 2 4.479992e-02
3 136 2 5.540346e-02
4 136 2 6.735375e-02
5 136 2 7.375538e-02
6 136 2 6.729304e-02
7 136 2 5.954648e-02
8 136 2 5.940991e-02
9 136 2 5.971698e-02
10 136 2 5.617563e-02
11 136 2 5.311377e-02
12 136 2 4.716569e-02
1 137 2 1.059852e-02
2 137 2 1.111894e-02
3 137 2 1.274809e-02
4 137 2 1.400828e-02
5 137 2 1.382702e-02
6 137 2 1.272225e-02
7 137 2 1.176943e-02
8 137 2 1.135633e-02
9 137 2 1.136346e-02
10 137 2 1.183810e-02
11 137 2 1.170419e-02
12 137 2 1.103600e-02
1 138 2 4.234631e-01
2 138 2 4.656651e-01
3 138 2 5.402404e-01
4 138 2 6.012539e-01
5 138 2 6.066283e-01
6 138 2 5.331653e-01
7 138 2 4.939266e-01
8 138 2 4.763310e-01
9 138 2 4.776306e-01
10 138 2 4.804138e-01
11 138 2 4.660106e-01
12 138 2 4.321858e-01
1 139 2 7.147986e-01
2 139 2 8.140235e-01
3 139 2 9.095912e-01
4 139 2 9.546807e-01
5 139 2 9.412269e-01
6 139 2 8.765378e-01
7 139 2 8.293374e-01
8 139 2 7.983741e-01
9 139 2 7.880259e-01
10 139 2 7.941436e-01
11 139 2 7.556884e-01
12 139 2 6.917319e-01
1 140 2 2.370954e-01
2 140 2 2.451654e-01
3 140 2 2.662687e-01
4 140 2 3.016780e-01
5 140 2 3.203389e-01
6 140 2 3.076861e-01
7 140 2 2.913287e-01
8 140 2 2.809841e-01
9 140 2 2.768878e-01
10 140 2 2.784181e-01
11 140 2 2.725377e-01
12 140 2 2.540884e-01
1 141 2 3.712307e-01
2 141 2 3.673896e-01
3 141 2 3.779126e-01
4 141 2 4.147559e-01
5 141 2 4.475767e-01
6 141 2 4.425802e-01
7 141 2 4.306123e-01
8 141 2 4.175630e-01
9 141 2 4.140242e-01
10 141 2 4.149975e-01
11 141 2 4.191397e-01
12 141 2 4.069520e-01
1 150 2 4.298496e-04
2 150 2 4.705380e-04
3 150 2 5.036574e-04
4 150 2 5.150309e-04
5 150 2 4.819119e-04
6 150 2 4.250246e-04
7 150 2 3.877410e-04
8 150 2 3.783779e-04
9 150 2 3.661451e-04
10 150 2 3.578147e-04
11 150 2 3.647714e-04
12 150 2 3.881063e-04
1 151 2 2.788178e-01
2 151 2 2.965552e-01
3 151 2 3.144365e-01
4 151 2 3.218508e-01
5 151 2 3.114130e-01
6 151 2 2.931361e-01
7 151 2 2.866590e-01
8 151 2 2.977264e-01
9 151 2 2.834620e-01
10 151 2 2.659998e-01
11 151 2 2.581999e-01
12 151 2 2.646414e-01
1 152 2 2.208993e-01
2 152 2 2.237548e-01
3 152 2 2.258261e-01
4 152 2 2.145931e-01
5 152 2 2.062815e-01
6 152 2 2.025974e-01
7 152 2 2.316230e-01
8 152 2 3.088414e-01
9 152 2 3.278689e-01
10 152 2 2.794457e-01
11 152 2 2.396363e-01
12 152 2 2.216144e-01
1 153 2 2.561151e-01
2 153 2 2.623276e-01
3 153 2 2.767737e-01
4 153 2 2.714785e-01
5 153 2 2.621672e-01
6 153 2 2.573956e-01
7 153 2 3.004625e-01
8 153 2 3.926503e-01
9 153 2 4.775723e-01
10 153 2 4.268515e-01
11 153 2 3.228913e-01
12 153 2 2.694091e-01
1 154 2 6.965753e-01
2 154 2 6.927959e-01
3 154 2 7.209431e-01
4 154 2 6.907972e-01
5 154 2 6.459584e-01
6 154 2 5.810471e-01
7 154 2 5.486611e-01
8 154 2 5.715577e-01
9 154 2 6.444238e-01
10 154 2 7.242172e-01
11 154 2 7.632442e-01
12 154 2 7.380207e-01
1 157 2 2.773327e-02
2 157 2 2.879823e-02
3 157 2 3.083263e-02
4 157 2 3.039828e-02
5 157 2 2.962959e-02
6 157 2 2.785691e-02
7 157 2 2.657946e-02
8 157 2 2.631154e-02
9 157 2 2.612137e-02
10 157 2 2.657683e-02
11 157 2 2.676736e-02
12 157 2 2.711668e-02
1 163 2 1.290032e-01
2 163 2 1.307316e-01
3 163 2 1.346111e-01
4 163 2 1.426886e-01
5 163 2 1.428279e-01
6 163 2 1.320500e-01
7 163 2 1.220798e-01
8 163 2 1.146353e-01
9 163 2 1.162768e-01
10 163 2 1.230164e-01
11 163 2 1.278253e-01
12 163 2 1.288269e-01
1 164 2 4.885376e-01
2 164 2 4.843604e-01
3 164 2 4.978434e-01
4 164 2 5.210684e-01
5 164 2 5.149390e-01
6 164 2 4.762789e-01
7 164 2 4.408382e-01
8 164 2 4.306177e-01
9 164 2 4.611038e-01
10 164 2 5.051596e-01
11 164 2 5.153615e-01
12 164 2 5.067796e-01
1 165 2 2.220894e-01
2 165 2 2.176633e-01
3 165 2 2.203996e-01
4 165 2 2.252746e-01
5 165 2 2.228020e-01
6 165 2 2.050094e-01
7 165 2 1.932958e-01
8 165 2 1.956504e-01
9 165 2 2.085422e-01
10 165 2 2.229768e-01
11 165 2 2.345623e-01
12 165 2 2.348386e-01
1 166 2 9.731915e-02
2 166 2 9.634761e-02
3 166 2 9.475580e-02
4 166 2 9.431124e-02
5 166 2 9.122316e-02
6 166 2 8.436623e-02
7 166 2 7.966725e-02
8 166 2 8.026162e-02
9 166 2 8.326549e-02
10 166 2 8.758918e-02
11 166 2 9.443400e-02
12 166 2 9.919208e-02
1 170 2 4.272530e-03
2 170 2 4.698937e-03
3 170 2 4.616679e-03
4 170 2 4.196315e-03
5 170 2 3.496784e-03
6 170 2 2.940184e-03
7 170 2 2.780954e-03
8 170 2 2.654916e-03
9 170 2 2.699569e-03
10 170 2 3.005951e-03
11 170 2 3.316507e-03
12 170 2 3.819164e-03
1 171 2 1.533570e-02
2 171 2 1.683419e-02
3 171 2 1.703799e-02
4 171 2 1.515842e-02
5 171 2 1.261010e-02
6 171 2 1.080626e-02
7 171 2 9.810922e-03
8 171 2 9.296157e-03
9 171 2 9.431604e-03
10 171 2 1.025895e-02
11 171 2 1.170896e-02
12 171 2 1.383301e-02
1 175 2 4.426182e-04
2 175 2 4.679506e-04
3 175 2 4.692929e-04
4 175 2 4.395486e-04
5 175 2 3.818985e-04
6 175 2 3.480063e-04
7 175 2 3.407855e-04
8 175 2 3.379083e-04
9 175 2 3.142915e-04
10 175 2 3.177043e-04
11 175 2 3.321569e-04
12 175 2 3.874628e-04
1 176 2 3.194368e-01
2 176 2 3.218318e-01
3 176 2 3.150723e-01
4 176 2 2.782773e-01
5 176 2 2.251139e-01
6 176 2 2.039954e-01
7 176 2 2.036234e-01
8 176 2 2.323072e-01
9 176 2 2.530066e-01
10 176 2 2.700197e-01
11 176 2 2.882259e-01
12 176 2 3.061666e-01
1 177 2 1.401625e+00
2 177 2 1.361996e+00
3 177 2 1.285978e+00
4 177 2 1.124502e+00
5 177 2 9.195367e-01
6 177 2 7.852066e-01
7 177 2 8.169954e-01
8 177 2 9.789108e-01
9 177 2 1.230338e+00
10 177 2 1.279504e+00
11 177 2 1.305457e+00
12 177 2 1.308124e+00
1 178 2 5.107956e-01
2 178 2 5.048257e-01
3 178 2 4.839124e-01
4 178 2 4.055963e-01
5 178 2 3.531546e-01
6 178 2 2.984942e-01
7 178 2 2.842969e-01
8 178 2 2.863892e-01
9 178 2 3.266197e-01
10 178 2 3.514335e-01
11 178 2 3.969242e-01
12 178 2 4.406692e-01
1 181 2 6.234905e-03
2 181 2 6.585436e-03
3 181 2 6.676123e-03
4 181 2 6.383268e-03
5 181 2 5.264206e-03
6 181 2 4.551942e-03
7 181 2 4.024854e-03
8 181 2 4.119110e-03
9 181 2 4.462637e-03
10 181 2 4.832203e-03
11 181 2 5.472533e-03
12 181 2 5.826664e-03
1 182 2 7.447070e-01
2 182 2 6.883389e-01
3 182 2 6.490727e-01
4 182 2 5.421947e-01
5 182 2 4.245867e-01
6 182 2 3.175654e-01
7 182 2 3.148655e-01
8 182 2 4.375446e-01
9 182 2 6.071402e-01
10 182 2 7.446357e-01
11 182 2 8.229757e-01
12 182 2 7.899351e-01
1 183 2 1.582747e-01
2 183 2 1.520494e-01
3 183 2 1.451597e-01
4 183 2 1.316202e-01
5 183 2 1.107429e-01
6 183 2 8.988103e-02
7 183 2 8.362486e-02
8 183 2 9.930133e-02
9 183 2 1.154604e-01
10 183 2 1.365895e-01
11 183 2 1.487045e-01
12 183 2 1.529522e-01
1 184 2 4.944423e-02
2 184 2 5.009976e-02
3 184 2 4.852083e-02
4 184 2 4.366560e-02
5 184 2 3.630127e-02
6 184 2 2.933827e-02
7 184 2 2.645574e-02
8 184 2 2.763044e-02
9 184 2 2.926983e-02
10 184 2 3.361271e-02
11 184 2 3.932914e-02
12 184 2 4.482651e-02
1 188 2 6.269517e-02
2 188 2 6.214854e-02
3 188 2 5.760612e-02
4 188 2 4.703933e-02
5 188 2 3.324552e-02
6 188 2 2.528772e-02
7 188 2 2.175987e-02
8 188 2 2.213473e-02
9 188 2 2.998137e-02
10 188 2 3.939974e-02
11 188 2 4.692118e-02
12 188 2 5.852333e-02
1 189 2 5.465782e-02
2 189 2 5.051485e-02
3 189 2 4.582147e-02
4 189 2 3.386887e-02
5 189 2 2.242423e-02
6 189 2 1.585757e-02
7 189 2 1.507716e-02
8 189 2 1.851974e-02
9 189 2 2.979225e-02
10 189 2 4.241980e-02
11 189 2 5.159662e-02
12 189 2 5.391822e-02
1 190 2 2.238110e-01
2 190 2 2.120650e-01
3 190 2 1.840729e-01
4 190 2 1.303750e-01
5 190 2 9.096260e-02
6 190 2 6.598817e-02
7 190 2 6.200329e-02
8 190 2 7.474479e-02
9 190 2 1.049874e-01
10 190 2 1.431232e-01
11 190 2 1.875371e-01
12 190 2 2.104132e-01
1 191 2 1.474651e-01
2 191 2 1.528128e-01
3 191 2 1.485348e-01
4 191 2 1.227064e-01
5 191 2 1.009038e-01
6 191 2 8.289071e-02
7 191 2 7.287488e-02
8 191 2 7.401078e-02
9 191 2 8.074726e-02
10 191 2 9.063051e-02
11 191 2 1.114660e-01
12 191 2 1.311388e-01
1 192 2 2.953052e-02
2 192 2 3.191429e-02
3 192 2 3.109437e-02
4 192 2 2.692307e-02
5 192 2 2.275405e-02
6 192 2 1.937416e-02
7 192 2 1.702603e-02
8 192 2 1.582118e-02
9 192 2 1.629023e-02
10 192 2 1.788853e-02
11 192 2 2.135428e-02
12 192 2 2.564182e-02
1 200 2 1.389954e+00
2 200 2 1.429917e+00
3 200 2 1.169358e+00
4 200 2 7.730292e-01
5 200 2 5.059863e-01
6 200 2 4.120790e-01
7 200 2 3.914965e-01
8 200 2 4.221957e-01
9 200 2 4.676564e-01
10 200 2 5.979215e-01
11 200 2 8.309002e-01
12 200 2 1.144811e+00
1 201 2 9.418296e-01
2 201 2 9.717730e-01
3 201 2 8.896004e-01
4 201 2 6.847509e-01
5 201 2 5.160252e-01
6 201 2 4.269219e-01
7 201 2 4.034651e-01
8 201 2 4.173480e-01
9 201 2 4.130496e-01
10 201 2 4.914755e-01
11 201 2 6.264992e-01
12 201 2 7.802854e-01
1 206 2 4.951820e-01
2 206 2 5.348610e-01
3 206 2 4.839061e-01
4 206 2 4.129391e-01
5 206 2 3.414985e-01
6 206 2 2.977579e-01
7 206 2 2.553854e-01
8 206 2 2.507562e-01
9 206 2 2.714409e-01
10 206 2 3.072558e-01
11 206 2 3.601747e-01
12 206 2 4.243231e-01
1 207 2 1.878473e-02
2 207 2 2.051057e-02
3 207 2 1.945179e-02
4 207 2 1.763792e-02
5 207 2 1.564224e-02
6 207 2 1.341628e-02
7 207 2 1.182525e-02
8 207 2 1.164485e-02
9 207 2 1.174891e-02
10 207 2 1.294100e-02
11 207 2 1.394657e-02
12 207 2 1.595401e-02
1 212 2 8.825288e-02
2 212 2 9.420450e-02
3 212 2 8.361571e-02
4 212 2 7.029495e-02
5 212 2 5.478935e-02
6 212 2 4.421956e-02
7 212 2 3.670474e-02
8 212 2 3.547479e-02
9 212 2 4.028967e-02
10 212 2 4.753992e-02
11 212 2 5.639063e-02
12 212 2 7.455918e-02
1 213 2 1.922545e-02
2 213 2 2.101197e-02
3 213 2 1.780681e-02
4 213 2 1.506838e-02
5 213 2 1.162727e-02
6 213 2 8.962986e-03
7 213 2 7.606949e-03
8 213 2 7.426225e-03
9 213 2 8.945204e-03
10 213 2 1.102393e-02
11 213 2 1.353725e-02
12 213 2 1.656577e-02
1 214 2 6.826348e-01
2 214 2 7.236785e-01
3 214 2 5.814307e-01
4 214 2 4.318488e-01
5 214 2 3.192155e-01
6 214 2 2.352472e-01
7 214 2 2.037277e-01
8 214 2 2.100278e-01
9 214 2 2.651153e-01
10 214 2 3.554291e-01
11 214 2 4.865498e-01
12 214 2 5.901002e-01
1 215 2 2.528979e-01
2 215 2 2.601392e-01
3 215 2 2.425400e-01
4 215 2 1.932941e-01
5 215 2 1.570042e-01
6 215 2 1.261496e-01
7 215 2 1.090107e-01
8 215 2 1.092787e-01
9 215 2 1.228913e-01
10 215 2 1.462011e-01
11 215 2 1.840874e-01
12 215 2 2.223877e-01
1 216 2 6.570628e-02
2 216 2 6.860218e-02
3 216 2 6.433194e-02
4 216 2 5.229813e-02
5 216 2 4.187733e-02
6 216 2 3.602573e-02
7 216 2 3.165723e-02
8 216 2 3.027018e-02
9 216 2 3.141068e-02
10 216 2 3.570118e-02
11 216 2 4.294247e-02
12 216 2 5.518883e-02
1 224 2 4.062862e-02
2 224 2 4.441670e-02
3 224 2 3.875899e-02
4 224 2 3.337731e-02
5 224 2 2.695280e-02
6 224 2 2.290465e-02
7 224 2 2.080866e-02
8 224 2 2.173440e-02
9 224 2 2.235135e-02
10 224 2 2.636235e-02
11 224 2 3.148185e-02
12 224 2 3.756033e-02
1 240 2 4.060574e-03
2 240 2 4.141760e-03
3 240 2 3.787538e-03
4 240 2 3.344990e-03
5 240 2 2.907227e-03
6 240 2 2.507584e-03
7 240 2 2.456716e-03
8 240 2 2.532732e-03
9 240 2 2.465463e-03
10 240 2 2.655046e-03
11 240 2 2.917243e-03
12 240 2 3.615415e-03
