1 7 2 4.009244e-06
2 7 2 3.425052e-06
3 7 2 3.745792e-06
4 7 2 9.681335e-06
5 7 2 3.331073e-05
6 7 2 8.971830e-05
7 7 2 1.213915e-04
8 7 2 8.276587e-05
9 7 2 3.579346e-05
10 7 2 1.569175e-05
11 7 2 8.313705e-06
12 7 2 4.904544e-06
1 25 2 7.072615e-04
2 25 2 6.715419e-04
3 25 2 9.460916e-04
4 25 2 1.726407e-03
5 25 2 4.829656e-03
6 25 2 8.757965e-03
7 25 2 1.061722e-02
8 25 2 8.141531e-03
9 25 2 4.600396e-03
10 25 2 2.152818e-03
11 25 2 1.026489e-03
12 25 2 5.944364e-04
1 26 2 2.294513e-03
2 26 2 1.888406e-03
3 26 2 3.122633e-03
4 26 2 6.969974e-03
5 26 2 1.963334e-02
6 26 2 3.749913e-02
7 26 2 4.068645e-02
8 26 2 3.044173e-02
9 26 2 1.665003e-02
10 26 2 6.702286e-03
11 26 2 3.501670e-03
12 26 2 2.164905e-03
1 27 2 1.011250e-02
2 27 2 8.928429e-03
3 27 2 1.565149e-02
4 27 2 3.986242e-02
5 27 2 1.122555e-01
6 27 2 2.320459e-01
7 27 2 2.617084e-01
8 27 2 1.969811e-01
9 27 2 1.017928e-01
10 27 2 3.822567e-02
11 27 2 2.025824e-02
12 27 2 1.253112e-02
1 28 2 4.163684e-04
2 28 2 3.789064e-04
3 28 2 6.372549e-04
4 28 2 1.732211e-03
5 28 2 4.946521e-03
6 28 2 1.059042e-02
7 28 2 1.262624e-02
8 28 2 9.514017e-03
9 28 2 4.894212e-03
10 28 2 1.906058e-03
11 28 2 9.515319e-04
12 28 2 5.932273e-04
1 29 2 5.585717e-04
2 29 2 5.284105e-04
3 29 2 8.417841e-04
4 29 2 2.531105e-03
5 29 2 7.569117e-03
6 29 2 1.862828e-02
7 29 2 2.537601e-02
8 29 2 1.887993e-02
9 29 2 8.670604e-03
10 29 2 3.213649e-03
11 29 2 1.519105e-03
12 29 2 9.482916e-04
1 30 2 1.267236e-04
2 30 2 1.108277e-04
3 30 2 1.761440e-04
4 30 2 5.391269e-04
5 30 2 1.493465e-03
6 30 2 4.061644e-03
7 30 2 5.887161e-03
8 30 2 4.508426e-03
9 30 2 2.039907e-03
10 30 2 7.984567e-04
11 30 2 3.683061e-04
12 30 2 2.205779e-04
1 31 2 2.261243e-04
2 31 2 1.742478e-04
3 31 2 2.647035e-04
4 31 2 7.367578e-04
5 31 2 1.902666e-03
6 31 2 5.009623e-03
7 31 2 7.064681e-03
8 31 2 5.702436e-03
9 31 2 2.852737e-03
10 31 2 1.306413e-03
11 31 2 6.272378e-04
12 31 2 3.495260e-04
1 32 2 2.674551e-04
2 32 2 2.214013e-04
3 32 2 3.094809e-04
4 32 2 6.876788e-04
5 32 2 1.836698e-03
6 32 2 4.350775e-03
7 32 2 5.613017e-03
8 32 2 4.636604e-03
9 32 2 2.589133e-03
10 32 2 1.334724e-03
11 32 2 6.897308e-04
12 32 2 3.577014e-04
1 35 2 1.266022e-02
2 35 2 1.206328e-02
3 35 2 1.310429e-02
4 35 2 1.746265e-02
5 35 2 2.737503e-02
6 35 2 4.180765e-02
7 35 2 5.030744e-02
8 35 2 4.619556e-02
9 35 2 3.139628e-02
10 35 2 2.269947e-02
11 35 2 1.719364e-02
12 35 2 1.396827e-02
1 36 2 1.517658e-03
2 36 2 1.424785e-03
3 36 2 1.579083e-03
4 36 2 1.896618e-03
5 36 2 2.593939e-03
6 36 2 3.741972e-03
7 36 2 4.406986e-03
8 36 2 4.489516e-03
9 36 2 3.426981e-03
10 36 2 2.684902e-03
11 36 2 2.054986e-03
12 36 2 1.702730e-03
1 37 2 4.645789e-02
2 37 2 4.496478e-02
3 37 2 5.665772e-02
4 37 2 7.285422e-02
5 37 2 1.101417e-01
6 37 2 1.670537e-01
7 37 2 1.942921e-01
8 37 2 1.909937e-01
9 37 2 1.405536e-01
10 37 2 1.053906e-01
11 37 2 7.428049e-02
12 37 2 5.690519e-02
1 38 2 9.123278e-02
2 38 2 9.115099e-02
3 38 2 1.388565e-01
4 38 2 2.058776e-01
5 38 2 3.758792e-01
6 38 2 6.669690e-01
7 38 2 7.906657e-01
8 38 2 6.857370e-01
9 38 2 4.429338e-01
10 38 2 3.027448e-01
11 38 2 1.729943e-01
12 38 2 1.248394e-01
1 39 2 4.154764e-02
2 39 2 4.328428e-02
3 39 2 7.011159e-02
4 39 2 1.082581e-01
5 39 2 2.100566e-01
6 39 2 4.060924e-01
7 39 2 5.042532e-01
8 39 2 4.082523e-01
9 39 2 2.573264e-01
10 39 2 1.624986e-01
11 39 2 8.225325e-02
12 39 2 6.003892e-02
1 40 2 1.011575e-02
2 40 2 1.109873e-02
3 40 2 1.979443e-02
4 40 2 3.328591e-02
5 40 2 7.276467e-02
6 40 2 1.652078e-01
7 40 2 2.067005e-01
8 40 2 1.516303e-01
9 40 2 9.340273e-02
10 40 2 5.032627e-02
11 40 2 2.155832e-02
12 40 2 1.606027e-02
1 41 2 5.384288e-03
2 41 2 5.756073e-03
3 41 2 1.153498e-02
4 41 2 2.054461e-02
5 41 2 5.152890e-02
6 41 2 1.307599e-01
7 41 2 1.690647e-01
8 41 2 1.185812e-01
9 41 2 6.626868e-02
10 41 2 2.872146e-02
11 41 2 1.103402e-02
12 41 2 9.196710e-03
1 42 2 2.916492e-03
2 42 2 3.050709e-03
3 42 2 6.578813e-03
4 42 2 1.297797e-02
5 42 2 3.689419e-02
6 42 2 1.023334e-01
7 42 2 1.432548e-01
8 42 2 9.566782e-02
9 42 2 4.530372e-02
10 42 2 1.621372e-02
11 42 2 6.044783e-03
12 42 2 4.958865e-03
1 43 2 8.179811e-05
2 43 2 8.481409e-05
3 43 2 2.001173e-04
4 43 2 4.882920e-04
5 43 2 1.634403e-03
6 43 2 4.820109e-03
7 43 2 7.046332e-03
8 43 2 4.423198e-03
9 43 2 1.808728e-03
10 43 2 5.553255e-04
11 43 2 1.893779e-04
12 43 2 1.326986e-04
1 44 2 3.374902e-04
2 44 2 3.391016e-04
3 44 2 7.375983e-04
4 44 2 1.994079e-03
5 44 2 7.449816e-03
6 44 2 2.347684e-02
7 44 2 3.431269e-02
8 44 2 2.069034e-02
9 44 2 7.458557e-03
10 44 2 2.209819e-03
11 44 2 7.252690e-04
12 44 2 4.903633e-04
1 45 2 7.759459e-04
2 45 2 8.696086e-04
3 45 2 1.584577e-03
4 45 2 4.673045e-03
5 45 2 1.956980e-02
6 45 2 6.493464e-02
7 45 2 9.084272e-02
8 45 2 5.531403e-02
9 45 2 1.902125e-02
10 45 2 4.856522e-03
11 45 2 1.407697e-03
12 45 2 9.200010e-04
1 46 2 3.520060e-04
2 46 2 4.428322e-04
3 46 2 6.960987e-04
4 46 2 1.932996e-03
5 46 2 7.590793e-03
6 46 2 2.354579e-02
7 46 2 3.293890e-02
8 46 2 2.063990e-02
9 46 2 7.752933e-03
10 46 2 1.879219e-03
11 46 2 5.166715e-04
12 46 2 3.684590e-04
1 47 2 4.621564e-04
2 47 2 5.881576e-04
3 47 2 8.288061e-04
4 47 2 1.856963e-03
5 47 2 6.329457e-03
6 47 2 1.743764e-02
7 47 2 2.364917e-02
8 47 2 1.603583e-02
9 47 2 6.793267e-03
10 47 2 2.095304e-03
11 47 2 6.181695e-04
12 47 2 4.698909e-04
1 48 2 6.257183e-04
2 48 2 7.187864e-04
3 48 2 9.886504e-04
4 48 2 1.930626e-03
5 48 2 5.991102e-03
6 48 2 1.378056e-02
7 48 2 1.831308e-02
8 48 2 1.288430e-02
9 48 2 6.133449e-03
10 48 2 2.286767e-03
11 48 2 8.232074e-04
12 48 2 5.459010e-04
1 49 2 1.191914e-03
2 49 2 1.084537e-03
3 49 2 1.230183e-03
4 49 2 1.439820e-03
5 49 2 2.059249e-03
6 49 2 3.133028e-03
7 49 2 4.672396e-03
8 49 2 4.393732e-03
9 49 2 3.064578e-03
10 49 2 2.193000e-03
11 49 2 1.601068e-03
12 49 2 1.167976e-03
1 50 2 4.861513e-03
2 50 2 4.196454e-03
3 50 2 4.918893e-03
4 50 2 5.607028e-03
5 50 2 7.891501e-03
6 50 2 1.158067e-02
7 50 2 1.598303e-02
8 50 2 1.537028e-02
9 50 2 1.112948e-02
10 50 2 7.933563e-03
11 50 2 5.939707e-03
12 50 2 4.676871e-03
1 51 2 1.868183e-03
2 51 2 1.705010e-03
3 51 2 1.852682e-03
4 51 2 2.138608e-03
5 51 2 2.914976e-03
6 51 2 4.088023e-03
7 51 2 5.327291e-03
8 51 2 5.283055e-03
9 51 2 4.389444e-03
10 51 2 3.087423e-03
11 51 2 2.313910e-03
12 51 2 1.939127e-03
1 52 2 7.146739e-01
2 52 2 7.511835e-01
3 52 2 9.436573e-01
4 52 2 1.375724e+00
5 52 2 2.326530e+00
6 52 2 3.201826e+00
7 52 2 4.106936e+00
8 52 2 3.841392e+00
9 52 2 3.100914e+00
10 52 2 1.771444e+00
11 52 2 1.066236e+00
12 52 2 8.222304e-01
1 53 2 1.948867e-01
2 53 2 2.445116e-01
3 53 2 4.142542e-01
4 53 2 9.041931e-01
5 53 2 1.721860e+00
6 53 2 2.571176e+00
7 53 2 3.569096e+00
8 53 2 3.041286e+00
9 53 2 2.058366e+00
10 53 2 9.078259e-01
11 53 2 4.049148e-01
12 53 2 2.565300e-01
1 54 2 9.996209e-02
2 54 2 1.296764e-01
3 54 2 2.425002e-01
4 54 2 6.025890e-01
5 54 2 1.186913e+00
6 54 2 2.292574e+00
7 54 2 3.256710e+00
8 54 2 2.730835e+00
9 54 2 1.656208e+00
10 54 2 7.043810e-01
11 54 2 3.019299e-01
12 54 2 1.665504e-01
1 55 2 6.892100e-02
2 55 2 7.686529e-02
3 55 2 1.433901e-01
4 55 2 3.357551e-01
5 55 2 6.662744e-01
6 55 2 1.422894e+00
7 55 2 1.977931e+00
8 55 2 1.705794e+00
9 55 2 1.081704e+00
10 55 2 5.186597e-01
11 55 2 2.426610e-01
12 55 2 1.389484e-01
1 56 2 2.462210e-01
2 56 2 2.555236e-01
3 56 2 4.425737e-01
4 56 2 9.868763e-01
5 56 2 2.157180e+00
6 56 2 4.252276e+00
7 56 2 5.879143e+00
8 56 2 4.879391e+00
9 56 2 3.189286e+00
10 56 2 1.643236e+00
11 56 2 7.408317e-01
12 56 2 4.248741e-01
1 57 2 4.983233e-02
2 57 2 4.754498e-02
3 57 2 5.847762e-02
4 57 2 8.875988e-02
5 57 2 1.485092e-01
6 57 2 2.416430e-01
7 57 2 3.441024e-01
8 57 2 3.101203e-01
9 57 2 2.307297e-01
10 57 2 1.482087e-01
11 57 2 9.063043e-02
12 57 2 6.513199e-02
1 60 2 5.070056e+00
2 60 2 4.909891e+00
3 60 2 5.630670e+00
4 60 2 6.677892e+00
5 60 2 8.233310e+00
6 60 2 1.083498e+01
7 60 2 1.261408e+01
8 60 2 1.261939e+01
9 60 2 1.070937e+01
10 60 2 8.742400e+00
11 60 2 6.991876e+00
12 60 2 5.795549e+00
1 61 2 6.546788e+00
2 61 2 6.586167e+00
3 61 2 9.263332e+00
4 61 2 1.395253e+01
5 61 2 2.035249e+01
6 61 2 2.867336e+01
7 61 2 3.393215e+01
8 61 2 3.264553e+01
9 61 2 2.536644e+01
10 61 2 1.725440e+01
11 61 2 1.125609e+01
12 61 2 7.894930e+00
1 62 2 1.308431e+00
2 62 2 1.433040e+00
3 62 2 2.255867e+00
4 62 2 4.083807e+00
5 62 2 7.004609e+00
6 62 2 9.936598e+00
7 62 2 1.215045e+01
8 62 2 1.134201e+01
9 62 2 7.903362e+00
10 62 2 4.713082e+00
11 62 2 2.559412e+00
12 62 2 1.665592e+00
1 63 2 6.246594e-01
2 63 2 7.583099e-01
3 63 2 1.268852e+00
4 63 2 2.668716e+00
5 63 2 5.121705e+00
6 63 2 7.614231e+00
7 63 2 9.736760e+00
8 63 2 8.472890e+00
9 63 2 5.174975e+00
10 63 2 2.826110e+00
11 63 2 1.305401e+00
12 63 2 8.545707e-01
1 64 2 1.492973e-01
2 64 2 1.912654e-01
3 64 2 3.642155e-01
4 64 2 8.627049e-01
5 64 2 1.847642e+00
6 64 2 2.959499e+00
7 64 2 3.751230e+00
8 64 2 2.932624e+00
9 64 2 1.679177e+00
10 64 2 7.423271e-01
11 64 2 3.392070e-01
12 64 2 2.321389e-01
1 65 2 5.049393e-02
2 65 2 6.261279e-02
3 65 2 1.371729e-01
4 65 2 3.868323e-01
5 65 2 8.110641e-01
6 65 2 1.378434e+00
7 65 2 1.786646e+00
8 65 2 1.333456e+00
9 65 2 7.562939e-01
10 65 2 2.683756e-01
11 65 2 1.181442e-01
12 65 2 8.561895e-02
1 66 2 3.352253e-02
2 66 2 4.144431e-02
3 66 2 9.852498e-02
4 66 2 3.232278e-01
5 66 2 6.720829e-01
6 66 2 1.155677e+00
7 66 2 1.593871e+00
8 66 2 1.204968e+00
9 66 2 6.816309e-01
10 66 2 2.258321e-01
11 66 2 8.654225e-02
12 66 2 5.368047e-02
1 67 2 1.186997e-02
2 67 2 1.582805e-02
3 67 2 4.025084e-02
4 67 2 1.486901e-01
5 67 2 3.373692e-01
6 67 2 5.753857e-01
7 67 2 8.044526e-01
8 67 2 6.190922e-01
9 67 2 3.386004e-01
10 67 2 1.245191e-01
11 67 2 3.937389e-02
12 67 2 1.772198e-02
1 68 2 3.218655e-03
2 68 2 4.321787e-03
3 68 2 1.283547e-02
4 68 2 5.899857e-02
5 68 2 1.607787e-01
6 68 2 3.081017e-01
7 68 2 4.417596e-01
8 68 2 3.285516e-01
9 68 2 1.576751e-01
10 68 2 5.792794e-02
11 68 2 1.320962e-02
12 68 2 4.596490e-03
1 69 2 2.264102e-03
2 69 2 3.210076e-03
3 69 2 7.676678e-03
4 69 2 3.366269e-02
5 69 2 1.079410e-01
6 69 2 2.554545e-01
7 69 2 3.742388e-01
8 69 2 2.880882e-01
9 69 2 1.237608e-01
10 69 2 4.024223e-02
11 69 2 7.797493e-03
12 69 2 2.932363e-03
1 70 2 9.226946e-03
2 70 2 1.078453e-02
3 70 2 1.545393e-02
4 70 2 4.031850e-02
5 70 2 1.011060e-01
6 70 2 2.455141e-01
7 70 2 3.974094e-01
8 70 2 3.622005e-01
9 70 2 1.870161e-01
10 70 2 6.666170e-02
11 70 2 2.027451e-02
12 70 2 1.141308e-02
1 71 2 5.861854e-03
2 71 2 5.948410e-03
3 71 2 6.731079e-03
4 71 2 1.080135e-02
5 71 2 2.091819e-02
6 71 2 4.363732e-02
7 71 2 6.696959e-02
8 71 2 6.658456e-02
9 71 2 4.272003e-02
10 71 2 2.034698e-02
11 71 2 9.720269e-03
12 71 2 6.751056e-03
1 72 2 2.463277e-05
2 72 2 2.352644e-05
3 72 2 2.548845e-05
4 72 2 3.249802e-05
5 72 2 5.056453e-05
6 72 2 8.798397e-05
7 72 2 1.362771e-04
8 72 2 1.310666e-04
9 72 2 9.169858e-05
10 72 2 5.560082e-05
11 72 2 3.425777e-05
12 72 2 2.446455e-05
1 76 2 1.701051e+00
2 76 2 1.556287e+00
3 76 2 1.571951e+00
4 76 2 1.709908e+00
5 76 2 2.324648e+00
6 76 2 3.314801e+00
7 76 2 4.444964e+00
8 76 2 4.743591e+00
9 76 2 4.519720e+00
10 76 2 3.018270e+00
11 76 2 1.948420e+00
12 76 2 1.704063e+00
1 77 2 1.640476e+00
2 77 2 2.130146e+00
3 77 2 2.790363e+00
4 77 2 4.509840e+00
5 77 2 7.572204e+00
6 77 2 1.169069e+01
7 77 2 1.588450e+01
8 77 2 1.507696e+01
9 77 2 1.116837e+01
10 77 2 5.642395e+00
11 77 2 2.475900e+00
12 77 2 1.560547e+00
1 78 2 1.894629e+00
2 78 2 2.588743e+00
3 78 2 3.604980e+00
4 78 2 6.465910e+00
5 78 2 1.011082e+01
6 78 2 1.605247e+01
7 78 2 1.981500e+01
8 78 2 1.855434e+01
9 78 2 1.203043e+01
10 78 2 6.379973e+00
11 78 2 3.445323e+00
12 78 2 1.989102e+00
1 79 2 6.144832e+00
2 79 2 7.539811e+00
3 79 2 1.107062e+01
4 79 2 1.836246e+01
5 79 2 2.789767e+01
6 79 2 4.557559e+01
7 79 2 5.584719e+01
8 79 2 5.290531e+01
9 79 2 3.653143e+01
10 79 2 2.205203e+01
11 79 2 1.256411e+01
12 79 2 7.696542e+00
1 80 2 2.978733e+00
2 80 2 2.984549e+00
3 80 2 3.750272e+00
4 80 2 5.070798e+00
5 80 2 7.562645e+00
6 80 2 1.150629e+01
7 80 2 1.481610e+01
8 80 2 1.466769e+01
9 80 2 1.217392e+01
10 80 2 8.535185e+00
11 80 2 4.979088e+00
12 80 2 3.680375e+00
1 81 2 7.541027e-07
2 81 2 6.833988e-07
3 81 2 7.198045e-07
4 81 2 8.535117e-07
5 81 2 1.229049e-06
6 81 2 1.656108e-06
7 81 2 2.209792e-06
8 81 2 2.371057e-06
9 81 2 2.156031e-06
10 81 2 1.654308e-06
11 81 2 1.093561e-06
12 81 2 8.952939e-07
1 84 2 3.433652e+00
2 84 2 3.630235e+00
3 84 2 4.489874e+00
4 84 2 5.673797e+00
5 84 2 7.606849e+00
6 84 2 1.246437e+01
7 84 2 1.669383e+01
8 84 2 1.599683e+01
9 84 2 1.200317e+01
10 84 2 7.575206e+00
11 84 2 5.088849e+00
12 84 2 3.887331e+00
1 85 2 2.217163e+00
2 85 2 2.496700e+00
3 85 2 3.246113e+00
4 85 2 4.716300e+00
5 85 2 7.549768e+00
6 85 2 1.153345e+01
7 85 2 1.595760e+01
8 85 2 1.518061e+01
9 85 2 1.093107e+01
10 85 2 6.029642e+00
11 85 2 3.400464e+00
12 85 2 2.467380e+00
1 86 2 8.006479e-01
2 86 2 9.065008e-01
3 86 2 1.158441e+00
4 86 2 1.682665e+00
5 86 2 2.704375e+00
6 86 2 3.923989e+00
7 86 2 5.390518e+00
8 86 2 5.408152e+00
9 86 2 4.003062e+00
10 86 2 2.321332e+00
11 86 2 1.278704e+00
12 86 2 9.138809e-01
1 87 2 4.873689e-01
2 87 2 6.593540e-01
3 87 2 9.414367e-01
4 87 2 1.488197e+00
5 87 2 2.610843e+00
6 87 2 3.924429e+00
7 87 2 5.320311e+00
8 87 2 5.421219e+00
9 87 2 3.930409e+00
10 87 2 2.212925e+00
11 87 2 9.723007e-01
12 87 2 5.910110e-01
1 88 2 2.858708e-01
2 88 2 4.059595e-01
3 88 2 6.366044e-01
4 88 2 1.207889e+00
5 88 2 2.478943e+00
6 88 2 3.896219e+00
7 88 2 4.989650e+00
8 88 2 4.376313e+00
9 88 2 2.827975e+00
10 88 2 1.336448e+00
11 88 2 6.851555e-01
12 88 2 3.805788e-01
1 89 2 1.332013e-01
2 89 2 1.853323e-01
3 89 2 3.517550e-01
4 89 2 6.615912e-01
5 89 2 1.320281e+00
6 89 2 1.972347e+00
7 89 2 2.300870e+00
8 89 2 2.015013e+00
9 89 2 1.315009e+00
10 89 2 6.257737e-01
11 89 2 3.443320e-01
12 89 2 1.905892e-01
1 90 2 4.376793e-02
2 90 2 5.768468e-02
3 90 2 1.144691e-01
4 90 2 2.054476e-01
5 90 2 3.154528e-01
6 90 2 4.175547e-01
7 90 2 4.689397e-01
8 90 2 4.338991e-01
9 90 2 3.162071e-01
10 90 2 1.886041e-01
11 90 2 1.039875e-01
12 90 2 5.919779e-02
1 91 2 5.540655e-03
2 91 2 7.839783e-03
3 91 2 1.637904e-02
4 91 2 3.095124e-02
5 91 2 4.567920e-02
6 91 2 5.806252e-02
7 91 2 6.519576e-02
8 91 2 5.979077e-02
9 91 2 4.299080e-02
10 91 2 2.661141e-02
11 91 2 1.379214e-02
12 91 2 7.080286e-03
1 92 2 3.198698e-02
2 92 2 4.569146e-02
3 92 2 1.145370e-01
4 92 2 2.732587e-01
5 92 2 5.153261e-01
6 92 2 7.896610e-01
7 92 2 9.478817e-01
8 92 2 8.627243e-01
9 92 2 5.397287e-01
10 92 2 2.868484e-01
11 92 2 1.125022e-01
12 92 2 4.829441e-02
1 93 2 4.829351e-01
2 93 2 5.827043e-01
3 93 2 1.198071e+00
4 93 2 2.792238e+00
5 93 2 4.981195e+00
6 93 2 7.904807e+00
7 93 2 1.060388e+01
8 93 2 1.042452e+01
9 93 2 7.011585e+00
10 93 2 4.037821e+00
11 93 2 1.729215e+00
12 93 2 7.202527e-01
1 94 2 1.612771e+00
2 94 2 1.604640e+00
3 94 2 2.142582e+00
4 94 2 3.797051e+00
5 94 2 6.481334e+00
6 94 2 1.020566e+01
7 94 2 1.409907e+01
8 94 2 1.536487e+01
9 94 2 1.265627e+01
10 94 2 7.639303e+00
11 94 2 4.100203e+00
12 94 2 2.240253e+00
1 98 2 2.148965e-01
2 98 2 2.000401e-01
3 98 2 1.883688e-01
4 98 2 2.005585e-01
5 98 2 2.276201e-01
6 98 2 2.604648e-01
7 98 2 2.929693e-01
8 98 2 3.087754e-01
9 98 2 3.046922e-01
10 98 2 2.880155e-01
11 98 2 2.590679e-01
12 98 2 2.357546e-01
1 101 2 1.732997e-01
2 101 2 1.780714e-01
3 101 2 1.824770e-01
4 101 2 2.250219e-01
5 101 2 2.893826e-01
6 101 2 3.378843e-01
7 101 2 3.606722e-01
8 101 2 3.614062e-01
9 101 2 3.474438e-01
10 101 2 2.978975e-01
11 101 2 2.290750e-01
12 101 2 1.837345e-01
1 102 2 1.920660e+00
2 102 2 2.171041e+00
3 102 2 2.668250e+00
4 102 2 3.337444e+00
5 102 2 3.862213e+00
6 102 2 4.216298e+00
7 102 2 4.335027e+00
8 102 2 4.389804e+00
9 102 2 3.956439e+00
10 102 2 3.048044e+00
11 102 2 2.446437e+00
12 102 2 2.005159e+00
1 103 2 1.997249e+00
2 103 2 2.038209e+00
3 103 2 2.221392e+00
4 103 2 2.510089e+00
5 103 2 2.923199e+00
6 103 2 3.345227e+00
7 103 2 3.619110e+00
8 103 2 3.798176e+00
9 103 2 3.725225e+00
10 103 2 3.255523e+00
11 103 2 2.678179e+00
12 103 2 2.226817e+00
1 104 2 2.909951e-01
2 104 2 2.792316e-01
3 104 2 2.822656e-01
4 104 2 3.094635e-01
5 104 2 3.618592e-01
6 104 2 4.152509e-01
7 104 2 4.660467e-01
8 104 2 5.034441e-01
9 104 2 5.074964e-01
10 104 2 4.741021e-01
11 104 2 3.899917e-01
12 104 2 3.229127e-01
1 107 2 1.866724e-01
2 107 2 1.969360e-01
3 107 2 2.299298e-01
4 107 2 2.634742e-01
5 107 2 2.954697e-01
6 107 2 3.782722e-01
7 107 2 4.134676e-01
8 107 2 4.117946e-01
9 107 2 3.855014e-01
10 107 2 3.297394e-01
11 107 2 2.621308e-01
12 107 2 2.049961e-01
1 108 2 1.410697e-02
2 108 2 1.802873e-02
3 108 2 2.618866e-02
4 108 2 4.056051e-02
5 108 2 6.296074e-02
6 108 2 8.641559e-02
7 108 2 9.250528e-02
8 108 2 8.175519e-02
9 108 2 6.615285e-02
10 108 2 4.564089e-02
11 108 2 2.377427e-02
12 108 2 1.513464e-02
1 109 2 2.676893e-02
2 109 2 3.535786e-02
3 109 2 5.530198e-02
4 109 2 9.597186e-02
5 109 2 1.635153e-01
6 109 2 2.061193e-01
7 109 2 2.094358e-01
8 109 2 1.925303e-01
9 109 2 1.546074e-01
10 109 2 1.084824e-01
11 109 2 4.825029e-02
12 109 2 2.818603e-02
1 110 2 1.179021e-02
2 110 2 1.501847e-02
3 110 2 2.412044e-02
4 110 2 3.733749e-02
5 110 2 5.790895e-02
6 110 2 6.706135e-02
7 110 2 7.209742e-02
8 110 2 7.130379e-02
9 110 2 6.003613e-02
10 110 2 4.377014e-02
11 110 2 2.117183e-02
12 110 2 1.246197e-02
1 111 2 4.046485e-01
2 111 2 5.060972e-01
3 111 2 8.193604e-01
4 111 2 1.241809e+00
5 111 2 1.876813e+00
6 111 2 2.406972e+00
7 111 2 2.544350e+00
8 111 2 2.520081e+00
9 111 2 2.146069e+00
10 111 2 1.396987e+00
11 111 2 7.525468e-01
12 111 2 4.596694e-01
1 112 2 4.660825e-01
2 112 2 6.009564e-01
3 112 2 1.054249e+00
4 112 2 1.753154e+00
5 112 2 2.665966e+00
6 112 2 3.248795e+00
7 112 2 3.308810e+00
8 112 2 3.084153e+00
9 112 2 2.354411e+00
10 112 2 1.563031e+00
11 112 2 8.970166e-01
12 112 2 5.513870e-01
1 113 2 2.672599e-01
2 113 2 3.385935e-01
3 113 2 5.688391e-01
4 113 2 8.506469e-01
5 113 2 1.046802e+00
6 113 2 9.140134e-01
7 113 2 7.842776e-01
8 113 2 7.490490e-01
9 113 2 7.408447e-01
10 113 2 6.764619e-01
11 113 2 4.731428e-01
12 113 2 3.195653e-01
1 114 2 7.289274e-01
2 114 2 9.884625e-01
3 114 2 1.761115e+00
4 114 2 2.567149e+00
5 114 2 2.961735e+00
6 114 2 2.168157e+00
7 114 2 1.790751e+00
8 114 2 1.641440e+00
9 114 2 1.584048e+00
10 114 2 1.417752e+00
11 114 2 1.080783e+00
12 114 2 8.005760e-01
1 115 2 2.653246e-01
2 115 2 3.860236e-01
3 115 2 6.119102e-01
4 115 2 7.585163e-01
5 115 2 6.773909e-01
6 115 2 6.289352e-01
7 115 2 6.065963e-01
8 115 2 5.819863e-01
9 115 2 5.352537e-01
10 115 2 4.783312e-01
11 115 2 3.633607e-01
12 115 2 2.606840e-01
1 116 2 2.463477e-01
2 116 2 3.153551e-01
3 116 2 4.822532e-01
4 116 2 6.826118e-01
5 116 2 7.939205e-01
6 116 2 9.040741e-01
7 116 2 9.478161e-01
8 116 2 9.072703e-01
9 116 2 7.349900e-01
10 116 2 5.876080e-01
11 116 2 4.268857e-01
12 116 2 2.812140e-01
1 117 2 7.268254e-02
2 117 2 7.589874e-02
3 117 2 9.585313e-02
4 117 2 1.312106e-01
5 117 2 1.670860e-01
6 117 2 1.979600e-01
7 117 2 2.107491e-01
8 117 2 2.104727e-01
9 117 2 1.920436e-01
10 117 2 1.644009e-01
11 117 2 1.327146e-01
12 117 2 9.587134e-02
1 126 2 3.195062e-03
2 126 2 3.320940e-03
3 126 2 3.599445e-03
4 126 2 3.800795e-03
5 126 2 3.755220e-03
6 126 2 3.490056e-03
7 126 2 3.364212e-03
8 126 2 3.397080e-03
9 126 2 3.379096e-03
10 126 2 3.320502e-03
11 126 2 3.244543e-03
12 126 2 3.195418e-03
1 127 2 3.219659e-01
2 127 2 3.274459e-01
3 127 2 3.456122e-01
4 127 2 3.588188e-01
5 127 2 3.637073e-01
6 127 2 3.522965e-01
7 127 2 3.523938e-01
8 127 2 3.604806e-01
9 127 2 3.566379e-01
10 127 2 3.423446e-01
11 127 2 3.317744e-01
12 127 2 3.276676e-01
1 128 2 1.458500e+00
2 128 2 1.497866e+00
3 128 2 1.537655e+00
4 128 2 1.501013e+00
5 128 2 1.460115e+00
6 128 2 1.416255e+00
7 128 2 1.509466e+00
8 128 2 1.716270e+00
9 128 2 1.804642e+00
10 128 2 1.704569e+00
11 128 2 1.550057e+00
12 128 2 1.460462e+00
1 129 2 4.163680e-02
2 129 2 4.106512e-02
3 129 2 4.210082e-02
4 129 2 4.332175e-02
5 129 2 4.399020e-02
6 129 2 4.518024e-02
7 129 2 4.720889e-02
8 129 2 5.145761e-02
9 129 2 5.376236e-02
10 129 2 5.399921e-02
11 129 2 4.930313e-02
12 129 2 4.379983e-02
1 133 2 8.937989e-01
2 133 2 1.039173e+00
3 133 2 1.247472e+00
4 133 2 1.280824e+00
5 133 2 1.221775e+00
6 133 2 1.122976e+00
7 133 2 1.002266e+00
8 133 2 9.385086e-01
9 133 2 9.786555e-01
10 133 2 1.042306e+00
11 133 2 9.943764e-01
12 133 2 8.700799e-01
1 135 2 3.866365e-02
2 135 2 4.356040e-02
3 135 2 5.180327e-02
4 135 2 5.578971e-02
5 135 2 5.360857e-02
6 135 2 4.782433e-02
7 135 2 4.131548e-02
8 135 2 4.172896e-02
9 135 2 4.434179e-02
10 135 2 4.170087e-02
11 135 2 3.996992e-02
12 135 2 3.754628e-02
1 136 2 4.326264e-02
2 136 2 4.452601e-02
3 136 2 5.506472e-02
4 136 2 6.694194e-02
5 136 2 7.330444e-02
6 136 2 6.688161e-02
7 136 2 5.918241e-02
8 136 2 5.904667e-02
9 136 2 5.935186e-02
10 136 2 5.583217e-02
11 136 2 5.278903e-02
12 136 2 4.687732e-02
1 137 2 1.050462e-02
2 137 2 1.102043e-02
3 137 2 1.263515e-02
4 137 2 1.388418e-02
5 137 2 1.370452e-02
6 137 2 1.260954e-02
7 137 2 1.166516e-02
8 137 2 1.125572e-02
9 137 2 1.126279e-02
10 137 2 1.173323e-02
11 137 2 1.160050e-02
12 137 2 1.093823e-02
1 138 2 4.203381e-01
2 138 2 4.622288e-01
3 138 2 5.362537e-01
4 138 2 5.968170e-01
5 138 2 6.021518e-01
6 138 2 5.292309e-01
7 138 2 4.902817e-01
8 138 2 4.728159e-01
9 138 2 4.741060e-01
10 138 2 4.768686e-01
11 138 2 4.625717e-01
12 138 2 4.289965e-01
1 139 2 7.098038e-01
2 139 2 8.083354e-01
3 139 2 9.032353e-01
4 139 2 9.480098e-01
5 139 2 9.346500e-01
6 139 2 8.704129e-01
7 139 2 8.235423e-01
8 139 2 7.927953e-01
9 139 2 7.825195e-01
10 139 2 7.885944e-01
11 139 2 7.504079e-01
12 139 2 6.868983e-01
1 140 2 2.354454e-01
2 140 2 2.434593e-01
3 140 2 2.644157e-01
4 140 2 2.995787e-01
5 140 2 3.181097e-01
6 140 2 3.055449e-01
7 140 2 2.893014e-01
8 140 2 2.790287e-01
9 140 2 2.749609e-01
10 140 2 2.764806e-01
11 140 2 2.706411e-01
12 140 2 2.523202e-01
1 141 2 3.686306e-01
2 141 2 3.648164e-01
3 141 2 3.752657e-01
4 141 2 4.118509e-01
5 141 2 4.444418e-01
6 141 2 4.394803e-01
7 141 2 4.275963e-01
8 141 2 4.146384e-01
9 141 2 4.111243e-01
10 141 2 4.120908e-01
11 141 2 4.162040e-01
12 141 2 4.041016e-01
1 150 2 4.266923e-04
2 150 2 4.670818e-04
3 150 2 4.999579e-04
4 150 2 5.112479e-04
5 150 2 4.783721e-04
6 150 2 4.219027e-04
7 150 2 3.848930e-04
8 150 2 3.755986e-04
9 150 2 3.634556e-04
10 150 2 3.551864e-04
11 150 2 3.620921e-04
12 150 2 3.852556e-04
1 151 2 2.767510e-01
2 151 2 2.943569e-01
3 151 2 3.121057e-01
4 151 2 3.194650e-01
5 151 2 3.091046e-01
6 151 2 2.909631e-01
7 151 2 2.845341e-01
8 151 2 2.955194e-01
9 151 2 2.813607e-01
10 151 2 2.640280e-01
11 151 2 2.562859e-01
12 151 2 2.626796e-01
1 152 2 2.193888e-01
2 152 2 2.222247e-01
3 152 2 2.242819e-01
4 152 2 2.131258e-01
5 152 2 2.048710e-01
6 152 2 2.012121e-01
7 152 2 2.300392e-01
8 152 2 3.067296e-01
9 152 2 3.256270e-01
10 152 2 2.775349e-01
11 152 2 2.379977e-01
12 152 2 2.200990e-01
1 153 2 2.542604e-01
2 153 2 2.604279e-01
3 153 2 2.747694e-01
4 153 2 2.695125e-01
5 153 2 2.602687e-01
6 153 2 2.555317e-01
7 153 2 2.982866e-01
8 153 2 3.898069e-01
9 153 2 4.741139e-01
10 153 2 4.237604e-01
11 153 2 3.205530e-01
12 153 2 2.674581e-01
1 154 2 6.914772e-01
2 154 2 6.877254e-01
3 154 2 7.156667e-01
4 154 2 6.857414e-01
5 154 2 6.412307e-01
6 154 2 5.767945e-01
7 154 2 5.446455e-01
8 154 2 5.673746e-01
9 154 2 6.397073e-01
10 154 2 7.189168e-01
11 154 2 7.576581e-01
12 154 2 7.326193e-01
1 157 2 2.755478e-02
2 157 2 2.861289e-02
3 157 2 3.063420e-02
4 157 2 3.020265e-02
5 157 2 2.943890e-02
6 157 2 2.767763e-02
7 157 2 2.640840e-02
8 157 2 2.614221e-02
9 157 2 2.595326e-02
10 157 2 2.640579e-02
11 157 2 2.659510e-02
12 157 2 2.694217e-02
1 163 2 1.282346e-01
2 163 2 1.299528e-01
3 163 2 1.338091e-01
4 163 2 1.418385e-01
5 163 2 1.419770e-01
6 163 2 1.312633e-01
7 163 2 1.213525e-01
8 163 2 1.139523e-01
9 163 2 1.155841e-01
10 163 2 1.222835e-01
11 163 2 1.270638e-01
12 163 2 1.280594e-01
1 164 2 4.851541e-01
2 164 2 4.810059e-01
3 164 2 4.943955e-01
4 164 2 5.174596e-01
5 164 2 5.113727e-01
6 164 2 4.729803e-01
7 164 2 4.377850e-01
8 164 2 4.276353e-01
9 164 2 4.579103e-01
10 164 2 5.016610e-01
11 164 2 5.117922e-01
12 164 2 5.032697e-01
1 165 2 2.206132e-01
2 165 2 2.162165e-01
3 165 2 2.189347e-01
4 165 2 2.237772e-01
5 165 2 2.213210e-01
6 165 2 2.036467e-01
7 165 2 1.920110e-01
8 165 2 1.943499e-01
9 165 2 2.071560e-01
10 165 2 2.214947e-01
11 165 2 2.330032e-01
12 165 2 2.332777e-01
1 166 2 9.674545e-02
2 166 2 9.577964e-02
3 166 2 9.419721e-02
4 166 2 9.375527e-02
5 166 2 9.068539e-02
6 166 2 8.386889e-02
7 166 2 7.919761e-02
8 166 2 7.978847e-02
9 166 2 8.277463e-02
10 166 2 8.707284e-02
11 166 2 9.387731e-02
12 166 2 9.860734e-02
1 170 2 4.245793e-03
2 170 2 4.669531e-03
3 170 2 4.587789e-03
4 170 2 4.170055e-03
5 170 2 3.474901e-03
6 170 2 2.921785e-03
7 170 2 2.763551e-03
8 170 2 2.638302e-03
9 170 2 2.682675e-03
10 170 2 2.987140e-03
11 170 2 3.295753e-03
12 170 2 3.795264e-03
1 171 2 1.522845e-02
2 171 2 1.671647e-02
3 171 2 1.691884e-02
4 171 2 1.505242e-02
5 171 2 1.252192e-02
6 171 2 1.073069e-02
7 171 2 9.742315e-03
8 171 2 9.231149e-03
9 171 2 9.365648e-03
10 171 2 1.018721e-02
11 171 2 1.162708e-02
12 171 2 1.373627e-02
1 175 2 4.395338e-04
2 175 2 4.646896e-04
3 175 2 4.660225e-04
4 175 2 4.364856e-04
5 175 2 3.792372e-04
6 175 2 3.455812e-04
7 175 2 3.384107e-04
8 175 2 3.355535e-04
9 175 2 3.121014e-04
10 175 2 3.154903e-04
11 175 2 3.298422e-04
12 175 2 3.847628e-04
1 176 2 3.171753e-01
2 176 2 3.195534e-01
3 176 2 3.128417e-01
4 176 2 2.763072e-01
5 176 2 2.235202e-01
6 176 2 2.025512e-01
7 176 2 2.021818e-01
8 176 2 2.306626e-01
9 176 2 2.512154e-01
10 176 2 2.681081e-01
11 176 2 2.861854e-01
12 176 2 3.039991e-01
1 177 2 1.391198e+00
2 177 2 1.351865e+00
3 177 2 1.276412e+00
4 177 2 1.116137e+00
5 177 2 9.126962e-01
6 177 2 7.793654e-01
7 177 2 8.109177e-01
8 177 2 9.716286e-01
9 177 2 1.221185e+00
10 177 2 1.269986e+00
11 177 2 1.295746e+00
12 177 2 1.298393e+00
1 178 2 5.071759e-01
2 178 2 5.012483e-01
3 178 2 4.804832e-01
4 178 2 4.027221e-01
5 178 2 3.506520e-01
6 178 2 2.963790e-01
7 178 2 2.822822e-01
8 178 2 2.843597e-01
9 178 2 3.243051e-01
10 178 2 3.489431e-01
11 178 2 3.941114e-01
12 178 2 4.375465e-01
1 181 2 6.191156e-03
2 181 2 6.539228e-03
3 181 2 6.629279e-03
4 181 2 6.338478e-03
5 181 2 5.227269e-03
6 181 2 4.520002e-03
7 181 2 3.996613e-03
8 181 2 4.090207e-03
9 181 2 4.431324e-03
10 181 2 4.798297e-03
11 181 2 5.434134e-03
12 181 2 5.785781e-03
1 182 2 7.394170e-01
2 182 2 6.834493e-01
3 182 2 6.444621e-01
4 182 2 5.383432e-01
5 182 2 4.215707e-01
6 182 2 3.153096e-01
7 182 2 3.126288e-01
8 182 2 4.344365e-01
9 182 2 6.028274e-01
10 182 2 7.393463e-01
11 182 2 8.171298e-01
12 182 2 7.843239e-01
1 183 2 1.570874e-01
2 183 2 1.509087e-01
3 183 2 1.440707e-01
4 183 2 1.306328e-01
5 183 2 1.099121e-01
6 183 2 8.920674e-02
7 183 2 8.299751e-02
8 183 2 9.855637e-02
9 183 2 1.145942e-01
10 183 2 1.355648e-01
11 183 2 1.475889e-01
12 183 2 1.518047e-01
1 184 2 4.904272e-02
2 184 2 4.969291e-02
3 184 2 4.812680e-02
4 184 2 4.331101e-02
5 184 2 3.600648e-02
6 184 2 2.910003e-02
7 184 2 2.624091e-02
8 184 2 2.740606e-02
9 184 2 2.903214e-02
10 184 2 3.333976e-02
11 184 2 3.900976e-02
12 184 2 4.446249e-02
1 188 2 6.330520e-02
2 188 2 6.275326e-02
3 188 2 5.816664e-02
4 188 2 4.749703e-02
5 188 2 3.356900e-02
6 188 2 2.553377e-02
7 188 2 2.197160e-02
8 188 2 2.235010e-02
9 188 2 3.027309e-02
10 188 2 3.978311e-02
11 188 2 4.737773e-02
12 188 2 5.909277e-02
1 189 2 5.525001e-02
2 189 2 5.106216e-02
3 189 2 4.631792e-02
4 189 2 3.423583e-02
5 189 2 2.266718e-02
6 189 2 1.602938e-02
7 189 2 1.524051e-02
8 189 2 1.872040e-02
9 189 2 3.011503e-02
10 189 2 4.287940e-02
11 189 2 5.215565e-02
12 189 2 5.450240e-02
1 190 2 2.261185e-01
2 190 2 2.142514e-01
3 190 2 1.859707e-01
4 190 2 1.317192e-01
5 190 2 9.190043e-02
6 190 2 6.666852e-02
7 190 2 6.264255e-02
8 190 2 7.551541e-02
9 190 2 1.060698e-01
10 190 2 1.445988e-01
11 190 2 1.894706e-01
12 190 2 2.125826e-01
1 191 2 1.493030e-01
2 191 2 1.547174e-01
3 191 2 1.503860e-01
4 191 2 1.242357e-01
5 191 2 1.021614e-01
6 191 2 8.392378e-02
7 191 2 7.378313e-02
8 191 2 7.493318e-02
9 191 2 8.175362e-02
10 191 2 9.176005e-02
11 191 2 1.128552e-01
12 191 2 1.327731e-01
1 192 2 2.931225e-02
2 192 2 3.167840e-02
3 192 2 3.086454e-02
4 192 2 2.672407e-02
5 192 2 2.258587e-02
6 192 2 1.923096e-02
7 192 2 1.690019e-02
8 192 2 1.570424e-02
9 192 2 1.616982e-02
10 192 2 1.775631e-02
11 192 2 2.119644e-02
12 192 2 2.545229e-02
1 200 2 1.379166e+00
2 200 2 1.418818e+00
3 200 2 1.160282e+00
4 200 2 7.670293e-01
5 200 2 5.020591e-01
6 200 2 4.088807e-01
7 200 2 3.884579e-01
8 200 2 4.189188e-01
9 200 2 4.640267e-01
10 200 2 5.932808e-01
11 200 2 8.244512e-01
12 200 2 1.135926e+00
1 201 2 9.351283e-01
2 201 2 9.648587e-01
3 201 2 8.832708e-01
4 201 2 6.798788e-01
5 201 2 5.123536e-01
6 201 2 4.238843e-01
7 201 2 4.005944e-01
8 201 2 4.143785e-01
9 201 2 4.101107e-01
10 201 2 4.879786e-01
11 201 2 6.220416e-01
12 201 2 7.747335e-01
1 206 2 4.912747e-01
2 206 2 5.306406e-01
3 206 2 4.800878e-01
4 206 2 4.096808e-01
5 206 2 3.388039e-01
6 206 2 2.954084e-01
7 206 2 2.533703e-01
8 206 2 2.487775e-01
9 206 2 2.692991e-01
10 206 2 3.048313e-01
11 206 2 3.573327e-01
12 206 2 4.209749e-01
1 207 2 1.861050e-02
2 207 2 2.032033e-02
3 207 2 1.927136e-02
4 207 2 1.747433e-02
5 207 2 1.549715e-02
6 207 2 1.329184e-02
7 207 2 1.171556e-02
8 207 2 1.153684e-02
9 207 2 1.163994e-02
10 207 2 1.282097e-02
11 207 2 1.381721e-02
12 207 2 1.580603e-02
1 212 2 8.908206e-02
2 212 2 9.508959e-02
3 212 2 8.440132e-02
4 212 2 7.095540e-02
5 212 2 5.530412e-02
6 212 2 4.463502e-02
7 212 2 3.704959e-02
8 212 2 3.580809e-02
9 212 2 4.066821e-02
10 212 2 4.798658e-02
11 212 2 5.692044e-02
12 212 2 7.525969e-02
1 213 2 1.940317e-02
2 213 2 2.120620e-02
3 213 2 1.797142e-02
4 213 2 1.520767e-02
5 213 2 1.173475e-02
6 213 2 9.045841e-03
7 213 2 7.677269e-03
8 213 2 7.494874e-03
9 213 2 9.027894e-03
10 213 2 1.112584e-02
11 213 2 1.366239e-02
12 213 2 1.671890e-02
1 214 2 6.899280e-01
2 214 2 7.314102e-01
3 214 2 5.876426e-01
4 214 2 4.364627e-01
5 214 2 3.226260e-01
6 214 2 2.377606e-01
7 214 2 2.059043e-01
8 214 2 2.122718e-01
9 214 2 2.679478e-01
10 214 2 3.592265e-01
11 214 2 4.917481e-01
12 214 2 5.964048e-01
1 215 2 2.552201e-01
2 215 2 2.625279e-01
3 215 2 2.447671e-01
4 215 2 1.950690e-01
5 215 2 1.584458e-01
6 215 2 1.273079e-01
7 215 2 1.100117e-01
8 215 2 1.102822e-01
9 215 2 1.240197e-01
10 215 2 1.475436e-01
11 215 2 1.857777e-01
12 215 2 2.244297e-01
1 216 2 6.033269e-02
2 216 2 6.299176e-02
3 216 2 5.907074e-02
4 216 2 4.802108e-02
5 216 2 3.845252e-02
6 216 2 3.307947e-02
7 216 2 2.906824e-02
8 216 2 2.779462e-02
9 216 2 2.884185e-02
10 216 2 3.278147e-02
11 216 2 3.943055e-02
12 216 2 5.067538e-02
1 224 2 4.037389e-02
2 224 2 4.413822e-02
3 224 2 3.851598e-02
4 224 2 3.316804e-02
5 224 2 2.678381e-02
6 224 2 2.276105e-02
7 224 2 2.067819e-02
8 224 2 2.159813e-02
9 224 2 2.221122e-02
10 224 2 2.619706e-02
11 224 2 3.128447e-02
12 224 2 3.732484e-02
1 240 2 3.727295e-03
2 240 2 3.801817e-03
3 240 2 3.476669e-03
4 240 2 3.070444e-03
5 240 2 2.668611e-03
6 240 2 2.301770e-03
7 240 2 2.255077e-03
8 240 2 2.324854e-03
9 240 2 2.263105e-03
10 240 2 2.437128e-03
11 240 2 2.677805e-03
12 240 2 3.318674e-03
