1 7 2 3.688917e-06
2 7 2 3.151401e-06
3 7 2 3.446515e-06
4 7 2 8.907826e-06
5 7 2 3.064930e-05
6 7 2 8.255009e-05
7 7 2 1.116927e-04
8 7 2 7.615314e-05
9 7 2 3.293367e-05
10 7 2 1.443803e-05
11 7 2 7.649465e-06
12 7 2 4.512687e-06
1 25 2 7.093033e-04
2 25 2 6.734806e-04
3 25 2 9.488229e-04
4 25 2 1.731391e-03
5 25 2 4.843598e-03
6 25 2 8.783249e-03
7 25 2 1.064787e-02
8 25 2 8.165034e-03
9 25 2 4.613677e-03
10 25 2 2.159033e-03
11 25 2 1.029452e-03
12 25 2 5.961525e-04
1 26 2 2.109826e-03
2 26 2 1.736407e-03
3 26 2 2.871291e-03
4 26 2 6.408957e-03
5 26 2 1.805305e-02
6 26 2 3.448081e-02
7 26 2 3.741158e-02
8 26 2 2.799146e-02
9 26 2 1.530986e-02
10 26 2 6.162815e-03
11 26 2 3.219819e-03
12 26 2 1.990651e-03
1 27 2 9.271814e-03
2 27 2 8.186180e-03
3 27 2 1.435033e-02
4 27 2 3.654853e-02
5 27 2 1.029234e-01
6 27 2 2.127552e-01
7 27 2 2.399518e-01
8 27 2 1.806054e-01
9 27 2 9.333048e-02
10 27 2 3.504785e-02
11 27 2 1.857411e-02
12 27 2 1.148936e-02
1 28 2 3.830602e-04
2 28 2 3.485951e-04
3 28 2 5.862764e-04
4 28 2 1.593639e-03
5 28 2 4.550815e-03
6 28 2 9.743221e-03
7 28 2 1.161618e-02
8 28 2 8.752925e-03
9 28 2 4.502690e-03
10 28 2 1.753579e-03
11 28 2 8.754122e-04
12 28 2 5.457709e-04
1 29 2 5.135904e-04
2 29 2 4.858581e-04
3 29 2 7.739960e-04
4 29 2 2.327278e-03
5 29 2 6.959583e-03
6 29 2 1.712816e-02
7 29 2 2.333250e-02
8 29 2 1.735955e-02
9 29 2 7.972369e-03
10 29 2 2.954857e-03
11 29 2 1.396773e-03
12 29 2 8.719266e-04
1 30 2 1.163101e-04
2 30 2 1.017204e-04
3 30 2 1.616693e-04
4 30 2 4.948240e-04
5 30 2 1.370740e-03
6 30 2 3.727878e-03
7 30 2 5.403382e-03
8 30 2 4.137945e-03
9 30 2 1.872277e-03
10 30 2 7.328433e-04
11 30 2 3.380404e-04
12 30 2 2.024519e-04
1 31 2 2.079114e-04
2 31 2 1.602132e-04
3 31 2 2.433833e-04
4 31 2 6.774166e-04
5 31 2 1.749418e-03
6 31 2 4.606130e-03
7 31 2 6.495665e-03
8 31 2 5.243140e-03
9 31 2 2.622967e-03
10 31 2 1.201190e-03
11 31 2 5.767178e-04
12 31 2 3.213739e-04
1 32 2 2.459061e-04
2 32 2 2.035629e-04
3 32 2 2.845458e-04
4 32 2 6.322721e-04
5 32 2 1.688714e-03
6 32 2 4.000231e-03
7 32 2 5.160773e-03
8 32 2 4.263030e-03
9 32 2 2.380525e-03
10 32 2 1.227184e-03
11 32 2 6.341588e-04
12 32 2 3.288812e-04
1 35 2 1.248254e-02
2 35 2 1.189398e-02
3 35 2 1.292038e-02
4 35 2 1.721758e-02
5 35 2 2.699085e-02
6 35 2 4.122092e-02
7 35 2 4.960142e-02
8 35 2 4.554725e-02
9 35 2 3.095567e-02
10 35 2 2.238091e-02
11 35 2 1.695234e-02
12 35 2 1.377224e-02
1 36 2 1.498450e-03
2 36 2 1.406753e-03
3 36 2 1.559098e-03
4 36 2 1.872614e-03
5 36 2 2.561110e-03
6 36 2 3.694613e-03
7 36 2 4.351211e-03
8 36 2 4.432696e-03
9 36 2 3.383609e-03
10 36 2 2.650922e-03
11 36 2 2.028978e-03
12 36 2 1.681180e-03
1 37 2 4.342037e-02
2 37 2 4.202489e-02
3 37 2 5.295331e-02
4 37 2 6.809085e-02
5 37 2 1.029404e-01
6 37 2 1.561314e-01
7 37 2 1.815888e-01
8 37 2 1.785061e-01
9 37 2 1.313639e-01
10 37 2 9.849994e-02
11 37 2 6.942386e-02
12 37 2 5.318460e-02
1 38 2 9.141551e-02
2 38 2 9.133355e-02
3 38 2 1.391346e-01
4 38 2 2.062900e-01
5 38 2 3.766320e-01
6 38 2 6.683048e-01
7 38 2 7.922493e-01
8 38 2 6.871104e-01
9 38 2 4.438209e-01
10 38 2 3.033511e-01
11 38 2 1.733408e-01
12 38 2 1.250894e-01
1 39 2 4.570500e-02
2 39 2 4.761541e-02
3 39 2 7.712713e-02
4 39 2 1.190907e-01
5 39 2 2.310754e-01
6 39 2 4.467270e-01
7 39 2 5.547100e-01
8 39 2 4.491030e-01
9 39 2 2.830751e-01
10 39 2 1.787586e-01
11 39 2 9.048371e-02
12 39 2 6.604656e-02
1 40 2 1.116291e-02
2 40 2 1.224764e-02
3 40 2 2.184350e-02
4 40 2 3.673157e-02
5 40 2 8.029706e-02
6 40 2 1.823097e-01
7 40 2 2.280976e-01
8 40 2 1.673267e-01
9 40 2 1.030715e-01
10 40 2 5.553590e-02
11 40 2 2.378997e-02
12 40 2 1.772279e-02
1 41 2 5.942707e-03
2 41 2 6.353051e-03
3 41 2 1.273130e-02
4 41 2 2.267535e-02
5 41 2 5.687310e-02
6 41 2 1.443213e-01
7 41 2 1.865989e-01
8 41 2 1.308796e-01
9 41 2 7.314159e-02
10 41 2 3.170025e-02
11 41 2 1.217838e-02
12 41 2 1.015053e-02
1 42 2 3.217987e-03
2 42 2 3.366078e-03
3 42 2 7.258901e-03
4 42 2 1.431958e-02
5 42 2 4.070815e-02
6 42 2 1.129122e-01
7 42 2 1.580639e-01
8 42 2 1.055575e-01
9 42 2 4.998702e-02
10 42 2 1.788982e-02
11 42 2 6.669666e-03
12 42 2 5.471490e-03
1 43 2 9.039222e-05
2 43 2 9.372507e-05
3 43 2 2.211426e-04
4 43 2 5.395944e-04
5 43 2 1.806121e-03
6 43 2 5.326534e-03
7 43 2 7.786655e-03
8 43 2 4.887921e-03
9 43 2 1.998762e-03
10 43 2 6.136708e-04
11 43 2 2.092749e-04
12 43 2 1.466405e-04
1 44 2 3.726320e-04
2 44 2 3.744112e-04
3 44 2 8.144021e-04
4 44 2 2.201716e-03
5 44 2 8.225542e-03
6 44 2 2.592141e-02
7 44 2 3.788557e-02
8 44 2 2.284476e-02
9 44 2 8.235193e-03
10 44 2 2.439921e-03
11 44 2 8.007890e-04
12 44 2 5.414233e-04
1 45 2 8.567773e-04
2 45 2 9.601970e-04
3 45 2 1.749645e-03
4 45 2 5.159843e-03
5 45 2 2.160842e-02
6 45 2 7.169898e-02
7 45 2 1.003059e-01
8 45 2 6.107617e-02
9 45 2 2.100272e-02
10 45 2 5.362433e-03
11 45 2 1.554339e-03
12 45 2 1.015839e-03
1 46 2 3.883204e-04
2 46 2 4.885166e-04
3 46 2 7.679111e-04
4 46 2 2.132412e-03
5 46 2 8.373891e-03
6 46 2 2.597488e-02
7 46 2 3.633702e-02
8 46 2 2.276920e-02
9 46 2 8.552759e-03
10 46 2 2.073087e-03
11 46 2 5.699735e-04
12 46 2 4.064708e-04
1 47 2 5.102754e-04
2 47 2 6.493957e-04
3 47 2 9.151002e-04
4 47 2 2.050307e-03
5 47 2 6.988470e-03
6 47 2 1.925323e-02
7 47 2 2.611148e-02
8 47 2 1.770546e-02
9 47 2 7.500572e-03
10 47 2 2.313464e-03
11 47 2 6.825324e-04
12 47 2 5.188153e-04
1 48 2 6.905955e-04
2 48 2 7.933133e-04
3 48 2 1.091158e-03
4 48 2 2.130801e-03
5 48 2 6.612285e-03
6 48 2 1.520939e-02
7 48 2 2.021187e-02
8 48 2 1.422021e-02
9 48 2 6.769392e-03
10 48 2 2.523869e-03
11 48 2 9.085611e-04
12 48 2 6.025024e-04
1 49 2 1.096625e-03
2 49 2 9.978322e-04
3 49 2 1.131834e-03
4 49 2 1.324712e-03
5 49 2 1.894620e-03
6 49 2 2.882555e-03
7 49 2 4.298856e-03
8 49 2 4.042470e-03
9 49 2 2.819577e-03
10 49 2 2.017678e-03
11 49 2 1.473068e-03
12 49 2 1.074601e-03
1 50 2 4.478351e-03
2 50 2 3.865709e-03
3 50 2 4.531209e-03
4 50 2 5.165109e-03
5 50 2 7.269530e-03
6 50 2 1.066793e-02
7 50 2 1.472332e-02
8 50 2 1.415887e-02
9 50 2 1.025231e-02
10 50 2 7.308277e-03
11 50 2 5.471567e-03
12 50 2 4.308262e-03
1 51 2 1.718409e-03
2 51 2 1.568317e-03
3 51 2 1.704150e-03
4 51 2 1.967153e-03
5 51 2 2.681279e-03
6 51 2 3.760281e-03
7 51 2 4.900195e-03
8 51 2 4.859506e-03
9 51 2 4.037537e-03
10 51 2 2.839900e-03
11 51 2 2.128401e-03
12 51 2 1.783665e-03
1 52 2 6.575946e-01
2 52 2 6.911883e-01
3 52 2 8.682896e-01
4 52 2 1.265848e+00
5 52 2 2.140715e+00
6 52 2 2.946104e+00
7 52 2 3.778925e+00
8 52 2 3.534589e+00
9 52 2 2.853252e+00
10 52 2 1.629963e+00
11 52 2 9.810782e-01
12 52 2 7.565608e-01
1 53 2 1.792008e-01
2 53 2 2.248316e-01
3 53 2 3.809121e-01
4 53 2 8.314173e-01
5 53 2 1.583273e+00
6 53 2 2.364229e+00
7 53 2 3.281831e+00
8 53 2 2.796502e+00
9 53 2 1.892694e+00
10 53 2 8.347578e-01
11 53 2 3.723244e-01
12 53 2 2.358827e-01
1 54 2 9.195587e-02
2 54 2 1.192903e-01
3 54 2 2.230777e-01
4 54 2 5.543261e-01
5 54 2 1.091850e+00
6 54 2 2.108956e+00
7 54 2 2.995872e+00
8 54 2 2.512115e+00
9 54 2 1.523558e+00
10 54 2 6.479653e-01
11 54 2 2.777476e-01
12 54 2 1.532110e-01
1 55 2 6.336399e-02
2 55 2 7.066775e-02
3 55 2 1.318287e-01
4 55 2 3.086837e-01
5 55 2 6.125536e-01
6 55 2 1.308168e+00
7 55 2 1.818453e+00
8 55 2 1.568258e+00
9 55 2 9.944875e-01
10 55 2 4.768409e-01
11 55 2 2.230956e-01
12 55 2 1.277452e-01
1 56 2 2.264732e-01
2 56 2 2.350297e-01
3 56 2 4.070777e-01
4 56 2 9.077253e-01
5 56 2 1.984166e+00
6 56 2 3.911228e+00
7 56 2 5.407615e+00
8 56 2 4.488047e+00
9 56 2 2.933494e+00
10 56 2 1.511442e+00
11 56 2 6.814143e-01
12 56 2 3.907977e-01
1 57 2 4.580625e-02
2 57 2 4.370371e-02
3 57 2 5.375307e-02
4 57 2 8.158875e-02
5 57 2 1.365108e-01
6 57 2 2.221200e-01
7 57 2 3.163015e-01
8 57 2 2.850649e-01
9 57 2 2.120885e-01
10 57 2 1.362346e-01
11 57 2 8.330817e-02
12 57 2 5.986981e-02
1 60 2 4.732354e+00
2 60 2 4.582857e+00
3 60 2 5.255628e+00
4 60 2 6.233097e+00
5 60 2 7.684913e+00
6 60 2 1.011329e+01
7 60 2 1.177390e+01
8 60 2 1.177885e+01
9 60 2 9.996047e+00
10 60 2 8.160094e+00
11 60 2 6.526167e+00
12 60 2 5.409524e+00
1 61 2 6.155707e+00
2 61 2 6.192734e+00
3 61 2 8.709975e+00
4 61 2 1.311906e+01
5 61 2 1.913670e+01
6 61 2 2.696052e+01
7 61 2 3.190516e+01
8 61 2 3.069541e+01
9 61 2 2.385114e+01
10 61 2 1.622369e+01
11 61 2 1.058370e+01
12 61 2 7.423316e+00
1 62 2 1.319329e+00
2 62 2 1.444976e+00
3 62 2 2.274657e+00
4 62 2 4.117822e+00
5 62 2 7.062952e+00
6 62 2 1.001936e+01
7 62 2 1.225165e+01
8 62 2 1.143647e+01
9 62 2 7.969191e+00
10 62 2 4.752338e+00
11 62 2 2.580730e+00
12 62 2 1.679465e+00
1 63 2 6.891555e-01
2 63 2 8.366054e-01
3 63 2 1.399860e+00
4 63 2 2.944261e+00
5 63 2 5.650521e+00
6 63 2 8.400400e+00
7 63 2 1.074208e+01
8 63 2 9.347716e+00
9 63 2 5.709292e+00
10 63 2 3.117906e+00
11 63 2 1.440184e+00
12 63 2 9.428051e-01
1 64 2 1.647563e-01
2 64 2 2.110700e-01
3 64 2 4.019282e-01
4 64 2 9.520337e-01
5 64 2 2.038956e+00
6 64 2 3.265941e+00
7 64 2 4.139652e+00
8 64 2 3.236283e+00
9 64 2 1.853048e+00
10 64 2 8.191914e-01
11 64 2 3.743302e-01
12 64 2 2.561758e-01
1 65 2 5.573274e-02
2 65 2 6.910895e-02
3 65 2 1.514047e-01
4 65 2 4.269667e-01
5 65 2 8.952131e-01
6 65 2 1.521448e+00
7 65 2 1.972013e+00
8 65 2 1.471803e+00
9 65 2 8.347605e-01
10 65 2 2.962200e-01
11 65 2 1.304018e-01
12 65 2 9.450203e-02
1 66 2 3.697042e-02
2 66 2 4.570698e-02
3 66 2 1.086586e-01
4 66 2 3.564727e-01
5 66 2 7.412086e-01
6 66 2 1.274542e+00
7 66 2 1.757805e+00
8 66 2 1.328903e+00
9 66 2 7.517387e-01
10 66 2 2.490597e-01
11 66 2 9.544338e-02
12 66 2 5.920167e-02
1 67 2 1.303924e-02
2 67 2 1.738722e-02
3 67 2 4.421581e-02
4 67 2 1.633370e-01
5 67 2 3.706023e-01
6 67 2 6.320649e-01
7 67 2 8.836964e-01
8 67 2 6.800768e-01
9 67 2 3.719547e-01
10 67 2 1.367851e-01
11 67 2 4.325248e-02
12 67 2 1.946771e-02
1 68 2 3.498462e-03
2 68 2 4.697494e-03
3 68 2 1.395129e-02
4 68 2 6.412750e-02
5 68 2 1.747556e-01
6 68 2 3.348860e-01
7 68 2 4.801631e-01
8 68 2 3.571136e-01
9 68 2 1.713823e-01
10 68 2 6.296380e-02
11 68 2 1.435798e-02
12 68 2 4.996077e-03
1 69 2 2.418069e-03
2 69 2 3.428373e-03
3 69 2 8.198720e-03
4 69 2 3.595188e-02
5 69 2 1.152814e-01
6 69 2 2.728264e-01
7 69 2 3.996884e-01
8 69 2 3.076792e-01
9 69 2 1.321770e-01
10 69 2 4.297885e-02
11 69 2 8.327750e-03
12 69 2 3.131774e-03
1 70 2 9.713265e-03
2 70 2 1.135295e-02
3 70 2 1.626845e-02
4 70 2 4.244354e-02
5 70 2 1.064349e-01
6 70 2 2.584543e-01
7 70 2 4.183554e-01
8 70 2 3.812908e-01
9 70 2 1.968730e-01
10 70 2 7.017521e-02
11 70 2 2.134311e-02
12 70 2 1.201463e-02
1 71 2 6.477022e-03
2 71 2 6.572662e-03
3 71 2 7.437467e-03
4 71 2 1.193489e-02
5 71 2 2.311344e-02
6 71 2 4.821681e-02
7 71 2 7.399767e-02
8 71 2 7.357224e-02
9 71 2 4.720325e-02
10 71 2 2.248228e-02
11 71 2 1.074036e-02
12 71 2 7.459541e-03
1 72 2 2.718728e-05
2 72 2 2.596621e-05
3 72 2 2.813170e-05
4 72 2 3.586819e-05
5 72 2 5.580826e-05
6 72 2 9.710823e-05
7 72 2 1.504095e-04
8 72 2 1.446587e-04
9 72 2 1.012081e-04
10 72 2 6.136684e-05
11 72 2 3.781043e-05
12 72 2 2.700161e-05
1 76 2 1.564788e+00
2 76 2 1.431620e+00
3 76 2 1.446029e+00
4 76 2 1.572935e+00
5 76 2 2.138431e+00
6 76 2 3.049267e+00
7 76 2 4.088898e+00
8 76 2 4.363604e+00
9 76 2 4.157666e+00
10 76 2 2.776490e+00
11 76 2 1.792341e+00
12 76 2 1.567558e+00
1 77 2 1.511872e+00
2 77 2 1.963154e+00
3 77 2 2.571614e+00
4 77 2 4.156294e+00
5 77 2 6.978585e+00
6 77 2 1.077421e+01
7 77 2 1.463924e+01
8 77 2 1.389501e+01
9 77 2 1.029284e+01
10 77 2 5.200063e+00
11 77 2 2.281803e+00
12 77 2 1.438209e+00
1 78 2 1.743728e+00
2 78 2 2.382558e+00
3 78 2 3.317855e+00
4 78 2 5.950922e+00
5 78 2 9.305524e+00
6 78 2 1.477394e+01
7 78 2 1.823680e+01
8 78 2 1.707655e+01
9 78 2 1.107225e+01
10 78 2 5.871830e+00
11 78 2 3.170915e+00
12 78 2 1.830676e+00
1 79 2 5.657915e+00
2 79 2 6.942355e+00
3 79 2 1.019338e+01
4 79 2 1.690741e+01
5 79 2 2.568705e+01
6 79 2 4.196417e+01
7 79 2 5.142185e+01
8 79 2 4.871309e+01
9 79 2 3.363668e+01
10 79 2 2.030462e+01
11 79 2 1.156853e+01
12 79 2 7.086667e+00
1 80 2 2.744304e+00
2 80 2 2.749662e+00
3 80 2 3.455122e+00
4 80 2 4.671722e+00
5 80 2 6.967458e+00
6 80 2 1.060074e+01
7 80 2 1.365006e+01
8 80 2 1.351333e+01
9 80 2 1.121582e+01
10 80 2 7.863459e+00
11 80 2 4.587229e+00
12 80 2 3.390726e+00
1 81 2 6.924930e-07
2 81 2 6.275656e-07
3 81 2 6.609969e-07
4 81 2 7.837804e-07
5 81 2 1.128637e-06
6 81 2 1.520805e-06
7 81 2 2.029253e-06
8 81 2 2.177343e-06
9 81 2 1.979885e-06
10 81 2 1.519152e-06
11 81 2 1.004217e-06
12 81 2 8.221490e-07
1 84 2 3.416733e+00
2 84 2 3.612347e+00
3 84 2 4.467750e+00
4 84 2 5.645839e+00
5 84 2 7.569367e+00
6 84 2 1.240296e+01
7 84 2 1.661157e+01
8 84 2 1.591801e+01
9 84 2 1.194403e+01
10 84 2 7.537880e+00
11 84 2 5.063774e+00
12 84 2 3.868176e+00
1 85 2 2.149971e+00
2 85 2 2.421038e+00
3 85 2 3.147739e+00
4 85 2 4.573372e+00
5 85 2 7.320972e+00
6 85 2 1.118393e+01
7 85 2 1.547401e+01
8 85 2 1.472056e+01
9 85 2 1.059980e+01
10 85 2 5.846913e+00
11 85 2 3.297413e+00
12 85 2 2.392605e+00
1 86 2 7.848758e-01
2 86 2 8.886436e-01
3 86 2 1.135621e+00
4 86 2 1.649518e+00
5 86 2 2.651101e+00
6 86 2 3.846690e+00
7 86 2 5.284330e+00
8 86 2 5.301616e+00
9 86 2 3.924205e+00
10 86 2 2.275604e+00
11 86 2 1.253515e+00
12 86 2 8.958782e-01
1 87 2 4.972353e-01
2 87 2 6.727022e-01
3 87 2 9.604954e-01
4 87 2 1.518324e+00
5 87 2 2.663698e+00
6 87 2 4.003876e+00
7 87 2 5.428017e+00
8 87 2 5.530968e+00
9 87 2 4.009977e+00
10 87 2 2.257723e+00
11 87 2 9.919841e-01
12 87 2 6.029755e-01
1 88 2 2.889858e-01
2 88 2 4.103831e-01
3 88 2 6.435413e-01
4 88 2 1.221051e+00
5 88 2 2.505956e+00
6 88 2 3.938675e+00
7 88 2 5.044021e+00
8 88 2 4.424001e+00
9 88 2 2.858790e+00
10 88 2 1.351011e+00
11 88 2 6.926214e-01
12 88 2 3.847258e-01
1 89 2 1.429076e-01
2 89 2 1.988373e-01
3 89 2 3.773871e-01
4 89 2 7.098007e-01
5 89 2 1.416489e+00
6 89 2 2.116070e+00
7 89 2 2.468532e+00
8 89 2 2.161845e+00
9 89 2 1.410832e+00
10 89 2 6.713732e-01
11 89 2 3.694232e-01
12 89 2 2.044772e-01
1 90 2 4.519050e-02
2 90 2 5.955958e-02
3 90 2 1.181896e-01
4 90 2 2.121252e-01
5 90 2 3.257058e-01
6 90 2 4.311263e-01
7 90 2 4.841814e-01
8 90 2 4.480019e-01
9 90 2 3.264846e-01
10 90 2 1.947342e-01
11 90 2 1.073673e-01
12 90 2 6.112186e-02
1 91 2 5.395527e-03
2 91 2 7.634432e-03
3 91 2 1.595002e-02
4 91 2 3.014052e-02
5 91 2 4.448271e-02
6 91 2 5.654167e-02
7 91 2 6.348806e-02
8 91 2 5.822465e-02
9 91 2 4.186473e-02
10 91 2 2.591436e-02
11 91 2 1.343088e-02
12 91 2 6.894829e-03
1 92 2 3.113295e-02
2 92 2 4.447152e-02
3 92 2 1.114789e-01
4 92 2 2.659628e-01
5 92 2 5.015672e-01
6 92 2 7.685775e-01
7 92 2 9.225737e-01
8 92 2 8.396900e-01
9 92 2 5.253182e-01
10 92 2 2.791897e-01
11 92 2 1.094984e-01
12 92 2 4.700498e-02
1 93 2 4.618474e-01
2 93 2 5.572602e-01
3 93 2 1.145757e+00
4 93 2 2.670313e+00
5 93 2 4.763688e+00
6 93 2 7.559639e+00
7 93 2 1.014086e+01
8 93 2 9.969329e+00
9 93 2 6.705420e+00
10 93 2 3.861507e+00
11 93 2 1.653708e+00
12 93 2 6.888025e-01
1 94 2 1.465541e+00
2 94 2 1.458153e+00
3 94 2 1.946987e+00
4 94 2 3.450419e+00
5 94 2 5.889655e+00
6 94 2 9.273985e+00
7 94 2 1.281197e+01
8 94 2 1.396221e+01
9 94 2 1.150089e+01
10 94 2 6.941914e+00
11 94 2 3.725897e+00
12 94 2 2.035741e+00
1 98 2 1.981914e-01
2 98 2 1.844899e-01
3 98 2 1.737258e-01
4 98 2 1.849680e-01
5 98 2 2.099260e-01
6 98 2 2.402174e-01
7 98 2 2.701952e-01
8 98 2 2.847726e-01
9 98 2 2.810068e-01
10 98 2 2.656265e-01
11 98 2 2.389291e-01
12 98 2 2.174281e-01
1 101 2 1.730150e-01
2 101 2 1.777788e-01
3 101 2 1.821773e-01
4 101 2 2.246522e-01
5 101 2 2.889072e-01
6 101 2 3.373292e-01
7 101 2 3.600797e-01
8 101 2 3.608124e-01
9 101 2 3.468730e-01
10 101 2 2.974081e-01
11 101 2 2.286987e-01
12 101 2 1.834327e-01
1 102 2 1.839390e+00
2 102 2 2.079177e+00
3 102 2 2.555347e+00
4 102 2 3.196225e+00
5 102 2 3.698789e+00
6 102 2 4.037891e+00
7 102 2 4.151596e+00
8 102 2 4.204055e+00
9 102 2 3.789027e+00
10 102 2 2.919071e+00
11 102 2 2.342920e+00
12 102 2 1.920314e+00
1 103 2 1.860106e+00
2 103 2 1.898253e+00
3 103 2 2.068858e+00
4 103 2 2.337731e+00
5 103 2 2.722474e+00
6 103 2 3.115523e+00
7 103 2 3.370600e+00
8 103 2 3.537370e+00
9 103 2 3.469428e+00
10 103 2 3.031979e+00
11 103 2 2.494279e+00
12 103 2 2.073910e+00
1 104 2 2.903784e-01
2 104 2 2.786398e-01
3 104 2 2.816674e-01
4 104 2 3.088077e-01
5 104 2 3.610923e-01
6 104 2 4.143709e-01
7 104 2 4.650591e-01
8 104 2 5.023772e-01
9 104 2 5.064209e-01
10 104 2 4.730974e-01
11 104 2 3.891652e-01
12 104 2 3.222284e-01
1 107 2 1.866724e-01
2 107 2 1.969360e-01
3 107 2 2.299298e-01
4 107 2 2.634742e-01
5 107 2 2.954697e-01
6 107 2 3.782722e-01
7 107 2 4.134676e-01
8 107 2 4.117946e-01
9 107 2 3.855014e-01
10 107 2 3.297394e-01
11 107 2 2.621308e-01
12 107 2 2.049961e-01
1 108 2 1.408328e-02
2 108 2 1.799845e-02
3 108 2 2.614467e-02
4 108 2 4.049239e-02
5 108 2 6.285500e-02
6 108 2 8.627045e-02
7 108 2 9.234991e-02
8 108 2 8.161788e-02
9 108 2 6.604175e-02
10 108 2 4.556423e-02
11 108 2 2.373434e-02
12 108 2 1.510922e-02
1 109 2 2.670981e-02
2 109 2 3.527976e-02
3 109 2 5.517983e-02
4 109 2 9.575989e-02
5 109 2 1.631541e-01
6 109 2 2.056640e-01
7 109 2 2.089732e-01
8 109 2 1.921051e-01
9 109 2 1.542659e-01
10 109 2 1.082428e-01
11 109 2 4.814372e-02
12 109 2 2.812378e-02
1 110 2 1.175214e-02
2 110 2 1.496997e-02
3 110 2 2.404254e-02
4 110 2 3.721691e-02
5 110 2 5.772193e-02
6 110 2 6.684477e-02
7 110 2 7.186457e-02
8 110 2 7.107350e-02
9 110 2 5.984223e-02
10 110 2 4.362878e-02
11 110 2 2.110345e-02
12 110 2 1.242172e-02
1 111 2 4.038140e-01
2 111 2 5.050536e-01
3 111 2 8.176708e-01
4 111 2 1.239248e+00
5 111 2 1.872943e+00
6 111 2 2.402009e+00
7 111 2 2.539103e+00
8 111 2 2.514884e+00
9 111 2 2.141644e+00
10 111 2 1.394106e+00
11 111 2 7.509950e-01
12 111 2 4.587215e-01
1 112 2 4.650056e-01
2 112 2 5.995679e-01
3 112 2 1.051813e+00
4 112 2 1.749103e+00
5 112 2 2.659807e+00
6 112 2 3.241288e+00
7 112 2 3.301165e+00
8 112 2 3.077027e+00
9 112 2 2.348972e+00
10 112 2 1.559420e+00
11 112 2 8.949441e-01
12 112 2 5.501131e-01
1 113 2 2.667974e-01
2 113 2 3.380075e-01
3 113 2 5.678546e-01
4 113 2 8.491748e-01
5 113 2 1.044991e+00
6 113 2 9.124316e-01
7 113 2 7.829203e-01
8 113 2 7.477526e-01
9 113 2 7.395625e-01
10 113 2 6.752912e-01
11 113 2 4.723239e-01
12 113 2 3.190122e-01
1 114 2 7.273215e-01
2 114 2 9.862848e-01
3 114 2 1.757235e+00
4 114 2 2.561494e+00
5 114 2 2.955210e+00
6 114 2 2.163380e+00
7 114 2 1.786806e+00
8 114 2 1.637824e+00
9 114 2 1.580559e+00
10 114 2 1.414629e+00
11 114 2 1.078402e+00
12 114 2 7.988123e-01
1 115 2 2.642526e-01
2 115 2 3.844639e-01
3 115 2 6.094379e-01
4 115 2 7.554515e-01
5 115 2 6.746540e-01
6 115 2 6.263940e-01
7 115 2 6.041454e-01
8 115 2 5.796348e-01
9 115 2 5.330911e-01
10 115 2 4.763985e-01
11 115 2 3.618926e-01
12 115 2 2.596308e-01
1 116 2 2.436878e-01
2 116 2 3.119501e-01
3 116 2 4.770461e-01
4 116 2 6.752413e-01
5 116 2 7.853482e-01
6 116 2 8.943124e-01
7 116 2 9.375820e-01
8 116 2 8.974741e-01
9 116 2 7.270539e-01
10 116 2 5.812633e-01
11 116 2 4.222764e-01
12 116 2 2.781776e-01
1 117 2 6.913999e-02
2 117 2 7.219944e-02
3 117 2 9.118126e-02
4 117 2 1.248154e-01
5 117 2 1.589423e-01
6 117 2 1.883115e-01
7 117 2 2.004772e-01
8 117 2 2.002143e-01
9 117 2 1.826834e-01
10 117 2 1.563880e-01
11 117 2 1.262461e-01
12 117 2 9.119858e-02
1 126 2 3.186785e-03
2 126 2 3.312337e-03
3 126 2 3.590120e-03
4 126 2 3.790948e-03
5 126 2 3.745492e-03
6 126 2 3.481015e-03
7 126 2 3.355496e-03
8 126 2 3.388279e-03
9 126 2 3.370342e-03
10 126 2 3.311900e-03
11 126 2 3.236137e-03
12 126 2 3.187140e-03
1 127 2 3.213435e-01
2 127 2 3.268129e-01
3 127 2 3.449441e-01
4 127 2 3.581252e-01
5 127 2 3.630042e-01
6 127 2 3.516155e-01
7 127 2 3.517126e-01
8 127 2 3.597838e-01
9 127 2 3.559485e-01
10 127 2 3.416828e-01
11 127 2 3.311330e-01
12 127 2 3.270342e-01
1 128 2 1.456428e+00
2 128 2 1.495738e+00
3 128 2 1.535471e+00
4 128 2 1.498880e+00
5 128 2 1.458041e+00
6 128 2 1.414243e+00
7 128 2 1.507322e+00
8 128 2 1.713831e+00
9 128 2 1.802078e+00
10 128 2 1.702147e+00
11 128 2 1.547854e+00
12 128 2 1.458387e+00
1 129 2 4.149879e-02
2 129 2 4.092900e-02
3 129 2 4.196127e-02
4 129 2 4.317816e-02
5 129 2 4.384439e-02
6 129 2 4.503048e-02
7 129 2 4.705241e-02
8 129 2 5.128704e-02
9 129 2 5.358416e-02
10 129 2 5.382022e-02
11 129 2 4.913971e-02
12 129 2 4.365464e-02
1 133 2 8.920609e-01
2 133 2 1.037153e+00
3 133 2 1.245046e+00
4 133 2 1.278333e+00
5 133 2 1.219399e+00
6 133 2 1.120792e+00
7 133 2 1.000318e+00
8 133 2 9.366837e-01
9 133 2 9.767525e-01
10 133 2 1.040279e+00
11 133 2 9.924429e-01
12 133 2 8.683881e-01
1 135 2 3.857571e-02
2 135 2 4.346132e-02
3 135 2 5.168545e-02
4 135 2 5.566282e-02
5 135 2 5.348663e-02
6 135 2 4.771555e-02
7 135 2 4.122151e-02
8 135 2 4.163404e-02
9 135 2 4.424093e-02
10 135 2 4.160602e-02
11 135 2 3.987901e-02
12 135 2 3.746088e-02
1 136 2 4.314473e-02
2 136 2 4.440466e-02
3 136 2 5.491465e-02
4 136 2 6.675950e-02
5 136 2 7.310465e-02
6 136 2 6.669933e-02
7 136 2 5.902111e-02
8 136 2 5.888574e-02
9 136 2 5.919010e-02
10 136 2 5.568001e-02
11 136 2 5.264516e-02
12 136 2 4.674955e-02
1 137 2 1.050071e-02
2 137 2 1.101633e-02
3 137 2 1.263045e-02
4 137 2 1.387901e-02
5 137 2 1.369942e-02
6 137 2 1.260484e-02
7 137 2 1.166082e-02
8 137 2 1.125153e-02
9 137 2 1.125859e-02
10 137 2 1.172886e-02
11 137 2 1.159618e-02
12 137 2 1.093416e-02
1 138 2 4.194630e-01
2 138 2 4.612665e-01
3 138 2 5.351373e-01
4 138 2 5.955745e-01
5 138 2 6.008981e-01
6 138 2 5.281291e-01
7 138 2 4.892610e-01
8 138 2 4.718315e-01
9 138 2 4.731189e-01
10 138 2 4.758758e-01
11 138 2 4.616086e-01
12 138 2 4.281033e-01
1 139 2 7.083652e-01
2 139 2 8.066971e-01
3 139 2 9.014046e-01
4 139 2 9.460883e-01
5 139 2 9.327556e-01
6 139 2 8.686488e-01
7 139 2 8.218731e-01
8 139 2 7.911885e-01
9 139 2 7.809335e-01
10 139 2 7.869961e-01
11 139 2 7.488870e-01
12 139 2 6.855061e-01
1 140 2 2.350356e-01
2 140 2 2.430355e-01
3 140 2 2.639555e-01
4 140 2 2.990572e-01
5 140 2 3.175559e-01
6 140 2 3.050130e-01
7 140 2 2.887978e-01
8 140 2 2.785430e-01
9 140 2 2.744823e-01
10 140 2 2.759993e-01
11 140 2 2.701700e-01
12 140 2 2.518810e-01
1 141 2 3.681025e-01
2 141 2 3.642938e-01
3 141 2 3.747281e-01
4 141 2 4.112610e-01
5 141 2 4.438051e-01
6 141 2 4.388508e-01
7 141 2 4.269837e-01
8 141 2 4.140444e-01
9 141 2 4.105354e-01
10 141 2 4.115005e-01
11 141 2 4.156078e-01
12 141 2 4.035228e-01
1 150 2 4.257902e-04
2 150 2 4.660943e-04
3 150 2 4.989009e-04
4 150 2 5.101670e-04
5 150 2 4.773608e-04
6 150 2 4.210107e-04
7 150 2 3.840792e-04
8 150 2 3.748045e-04
9 150 2 3.626872e-04
10 150 2 3.544355e-04
11 150 2 3.613266e-04
12 150 2 3.844411e-04
1 151 2 2.762343e-01
2 151 2 2.938074e-01
3 151 2 3.115230e-01
4 151 2 3.188685e-01
5 151 2 3.085275e-01
6 151 2 2.904199e-01
7 151 2 2.840029e-01
8 151 2 2.949677e-01
9 151 2 2.808354e-01
10 151 2 2.635350e-01
11 151 2 2.558075e-01
12 151 2 2.621892e-01
1 152 2 2.188428e-01
2 152 2 2.216717e-01
3 152 2 2.237238e-01
4 152 2 2.125954e-01
5 152 2 2.043611e-01
6 152 2 2.007113e-01
7 152 2 2.294667e-01
8 152 2 3.059662e-01
9 152 2 3.248166e-01
10 152 2 2.768442e-01
11 152 2 2.374054e-01
12 152 2 2.195512e-01
1 153 2 2.537601e-01
2 153 2 2.599154e-01
3 153 2 2.742287e-01
4 153 2 2.689821e-01
5 153 2 2.597565e-01
6 153 2 2.550288e-01
7 153 2 2.976996e-01
8 153 2 3.890398e-01
9 153 2 4.731809e-01
10 153 2 4.229265e-01
11 153 2 3.199222e-01
12 153 2 2.669318e-01
1 154 2 6.903308e-01
2 154 2 6.865852e-01
3 154 2 7.144801e-01
4 154 2 6.846045e-01
5 154 2 6.401676e-01
6 154 2 5.758382e-01
7 154 2 5.437426e-01
8 154 2 5.664339e-01
9 154 2 6.386467e-01
10 154 2 7.177249e-01
11 154 2 7.564020e-01
12 154 2 7.314046e-01
1 157 2 2.750366e-02
2 157 2 2.855981e-02
3 157 2 3.057736e-02
4 157 2 3.014661e-02
5 157 2 2.938428e-02
6 157 2 2.762628e-02
7 157 2 2.635941e-02
8 157 2 2.609371e-02
9 157 2 2.590511e-02
10 157 2 2.635680e-02
11 157 2 2.654575e-02
12 157 2 2.689218e-02
1 163 2 1.279592e-01
2 163 2 1.296737e-01
3 163 2 1.335217e-01
4 163 2 1.415339e-01
5 163 2 1.416720e-01
6 163 2 1.309813e-01
7 163 2 1.210918e-01
8 163 2 1.137076e-01
9 163 2 1.153359e-01
10 163 2 1.220209e-01
11 163 2 1.267909e-01
12 163 2 1.277843e-01
1 164 2 4.839813e-01
2 164 2 4.798431e-01
3 164 2 4.932004e-01
4 164 2 5.162088e-01
5 164 2 5.101365e-01
6 164 2 4.718370e-01
7 164 2 4.367268e-01
8 164 2 4.266016e-01
9 164 2 4.568034e-01
10 164 2 5.004483e-01
11 164 2 5.105551e-01
12 164 2 5.020532e-01
1 165 2 2.193375e-01
2 165 2 2.149663e-01
3 165 2 2.176687e-01
4 165 2 2.224833e-01
5 165 2 2.200413e-01
6 165 2 2.024692e-01
7 165 2 1.909007e-01
8 165 2 1.932261e-01
9 165 2 2.059582e-01
10 165 2 2.202140e-01
11 165 2 2.316559e-01
12 165 2 2.319288e-01
1 166 2 9.606465e-02
2 166 2 9.510564e-02
3 166 2 9.353435e-02
4 166 2 9.309552e-02
5 166 2 9.004724e-02
6 166 2 8.327871e-02
7 166 2 7.864030e-02
8 166 2 7.922701e-02
9 166 2 8.219215e-02
10 166 2 8.646012e-02
11 166 2 9.321670e-02
12 166 2 9.791344e-02
1 170 2 4.235099e-03
2 170 2 4.657769e-03
3 170 2 4.576233e-03
4 170 2 4.159551e-03
5 170 2 3.466148e-03
6 170 2 2.914426e-03
7 170 2 2.756590e-03
8 170 2 2.631656e-03
9 170 2 2.675918e-03
10 170 2 2.979616e-03
11 170 2 3.287452e-03
12 170 2 3.785704e-03
1 171 2 1.522845e-02
2 171 2 1.671647e-02
3 171 2 1.691884e-02
4 171 2 1.505242e-02
5 171 2 1.252192e-02
6 171 2 1.073069e-02
7 171 2 9.742315e-03
8 171 2 9.231149e-03
9 171 2 9.365648e-03
10 171 2 1.018721e-02
11 171 2 1.162708e-02
12 171 2 1.373627e-02
1 175 2 4.385056e-04
2 175 2 4.636026e-04
3 175 2 4.649324e-04
4 175 2 4.354645e-04
5 175 2 3.783501e-04
6 175 2 3.447728e-04
7 175 2 3.376191e-04
8 175 2 3.347686e-04
9 175 2 3.113713e-04
10 175 2 3.147523e-04
11 175 2 3.290706e-04
12 175 2 3.838627e-04
1 176 2 3.165505e-01
2 176 2 3.189239e-01
3 176 2 3.122255e-01
4 176 2 2.757629e-01
5 176 2 2.230799e-01
6 176 2 2.021522e-01
7 176 2 2.017836e-01
8 176 2 2.302082e-01
9 176 2 2.507206e-01
10 176 2 2.675799e-01
11 176 2 2.856216e-01
12 176 2 3.034002e-01
1 177 2 1.388578e+00
2 177 2 1.349319e+00
3 177 2 1.274008e+00
4 177 2 1.114035e+00
5 177 2 9.109774e-01
6 177 2 7.778977e-01
7 177 2 8.093906e-01
8 177 2 9.697988e-01
9 177 2 1.218886e+00
10 177 2 1.267594e+00
11 177 2 1.293305e+00
12 177 2 1.295948e+00
1 178 2 5.055948e-01
2 178 2 4.996857e-01
3 178 2 4.789853e-01
4 178 2 4.014667e-01
5 178 2 3.495589e-01
6 178 2 2.954551e-01
7 178 2 2.814022e-01
8 178 2 2.834733e-01
9 178 2 3.232941e-01
10 178 2 3.478553e-01
11 178 2 3.928828e-01
12 178 2 4.361825e-01
1 181 2 6.180348e-03
2 181 2 6.527812e-03
3 181 2 6.617706e-03
4 181 2 6.327413e-03
5 181 2 5.218143e-03
6 181 2 4.512111e-03
7 181 2 3.989635e-03
8 181 2 4.083067e-03
9 181 2 4.423588e-03
10 181 2 4.789920e-03
11 181 2 5.424647e-03
12 181 2 5.775680e-03
1 182 2 7.380873e-01
2 182 2 6.822202e-01
3 182 2 6.433031e-01
4 182 2 5.373751e-01
5 182 2 4.208126e-01
6 182 2 3.147426e-01
7 182 2 3.120666e-01
8 182 2 4.336552e-01
9 182 2 6.017433e-01
10 182 2 7.380167e-01
11 182 2 8.156602e-01
12 182 2 7.829134e-01
1 183 2 1.569659e-01
2 183 2 1.507920e-01
3 183 2 1.439593e-01
4 183 2 1.305317e-01
5 183 2 1.098271e-01
6 183 2 8.913774e-02
7 183 2 8.293331e-02
8 183 2 9.848014e-02
9 183 2 1.145056e-01
10 183 2 1.354600e-01
11 183 2 1.474748e-01
12 183 2 1.516873e-01
1 184 2 4.892800e-02
2 184 2 4.957667e-02
3 184 2 4.801423e-02
4 184 2 4.320970e-02
5 184 2 3.592226e-02
6 184 2 2.903196e-02
7 184 2 2.617952e-02
8 184 2 2.734195e-02
9 184 2 2.896423e-02
10 184 2 3.326177e-02
11 184 2 3.891851e-02
12 184 2 4.435849e-02
1 188 2 5.769580e-02
2 188 2 5.719276e-02
3 188 2 5.301256e-02
4 188 2 4.328837e-02
5 188 2 3.059449e-02
6 188 2 2.327125e-02
7 188 2 2.002472e-02
8 188 2 2.036968e-02
9 188 2 2.759063e-02
10 188 2 3.625797e-02
11 188 2 4.317964e-02
12 188 2 5.385663e-02
1 189 2 5.031440e-02
2 189 2 4.650065e-02
3 189 2 4.218023e-02
4 189 2 3.117746e-02
5 189 2 2.064227e-02
6 189 2 1.459744e-02
7 189 2 1.387904e-02
8 189 2 1.704806e-02
9 189 2 2.742479e-02
10 189 2 3.904888e-02
11 189 2 4.749646e-02
12 189 2 4.963357e-02
1 190 2 2.060728e-01
2 190 2 1.952578e-01
3 190 2 1.694842e-01
4 190 2 1.200421e-01
5 190 2 8.375337e-02
6 190 2 6.075829e-02
7 190 2 5.708923e-02
8 190 2 6.882090e-02
9 190 2 9.666664e-02
10 190 2 1.317800e-01
11 190 2 1.726739e-01
12 190 2 1.937369e-01
1 191 2 1.362597e-01
2 191 2 1.412011e-01
3 191 2 1.372481e-01
4 191 2 1.133824e-01
5 191 2 9.323644e-02
6 191 2 7.659211e-02
7 191 2 6.733735e-02
8 191 2 6.838694e-02
9 191 2 7.461154e-02
10 191 2 8.374379e-02
11 191 2 1.029961e-01
12 191 2 1.211739e-01
1 192 2 2.927179e-02
2 192 2 3.163467e-02
3 192 2 3.082193e-02
4 192 2 2.668718e-02
5 192 2 2.255469e-02
6 192 2 1.920441e-02
7 192 2 1.687686e-02
8 192 2 1.568256e-02
9 192 2 1.614750e-02
10 192 2 1.773180e-02
11 192 2 2.116718e-02
12 192 2 2.541716e-02
1 200 2 1.377486e+00
2 200 2 1.417090e+00
3 200 2 1.158869e+00
4 200 2 7.660949e-01
5 200 2 5.014475e-01
6 200 2 4.083826e-01
7 200 2 3.879846e-01
8 200 2 4.184085e-01
9 200 2 4.634614e-01
10 200 2 5.925580e-01
11 200 2 8.234468e-01
12 200 2 1.134542e+00
1 201 2 9.336625e-01
2 201 2 9.633463e-01
3 201 2 8.818863e-01
4 201 2 6.788130e-01
5 201 2 5.115505e-01
6 201 2 4.232198e-01
7 201 2 3.999665e-01
8 201 2 4.137289e-01
9 201 2 4.094678e-01
10 201 2 4.872136e-01
11 201 2 6.210665e-01
12 201 2 7.735191e-01
1 206 2 4.907165e-01
2 206 2 5.300377e-01
3 206 2 4.795423e-01
4 206 2 4.092153e-01
5 206 2 3.384189e-01
6 206 2 2.950727e-01
7 206 2 2.530824e-01
8 206 2 2.484949e-01
9 206 2 2.689931e-01
10 206 2 3.044850e-01
11 206 2 3.569267e-01
12 206 2 4.204966e-01
1 207 2 1.861050e-02
2 207 2 2.032033e-02
3 207 2 1.927136e-02
4 207 2 1.747433e-02
5 207 2 1.549715e-02
6 207 2 1.329184e-02
7 207 2 1.171556e-02
8 207 2 1.153684e-02
9 207 2 1.163994e-02
10 207 2 1.282097e-02
11 207 2 1.381721e-02
12 207 2 1.580603e-02
1 212 2 8.129184e-02
2 212 2 8.677402e-02
3 212 2 7.702043e-02
4 212 2 6.475036e-02
5 212 2 5.046778e-02
6 212 2 4.073170e-02
7 212 2 3.380961e-02
8 212 2 3.267668e-02
9 212 2 3.711178e-02
10 212 2 4.379016e-02
11 212 2 5.194276e-02
12 212 2 6.867824e-02
1 213 2 1.769357e-02
2 213 2 1.933774e-02
3 213 2 1.638797e-02
4 213 2 1.386773e-02
5 213 2 1.070081e-02
6 213 2 8.248817e-03
7 213 2 7.000829e-03
8 213 2 6.834505e-03
9 213 2 8.232451e-03
10 213 2 1.014555e-02
11 213 2 1.245860e-02
12 213 2 1.524581e-02
1 214 2 6.289103e-01
2 214 2 6.667237e-01
3 214 2 5.356711e-01
4 214 2 3.978616e-01
5 214 2 2.940927e-01
6 214 2 2.167329e-01
7 214 2 1.876940e-01
8 214 2 1.934983e-01
9 214 2 2.442503e-01
10 214 2 3.274562e-01
11 214 2 4.482575e-01
12 214 2 5.436583e-01
1 215 2 2.332637e-01
2 215 2 2.399428e-01
3 215 2 2.237099e-01
4 215 2 1.782873e-01
5 215 2 1.448148e-01
6 215 2 1.163557e-01
7 215 2 1.005474e-01
8 215 2 1.007947e-01
9 215 2 1.133504e-01
10 215 2 1.348505e-01
11 215 2 1.697954e-01
12 215 2 2.051221e-01
1 216 2 5.563857e-02
2 216 2 5.809076e-02
3 216 2 5.447481e-02
4 216 2 4.428486e-02
5 216 2 3.546077e-02
6 216 2 3.050576e-02
7 216 2 2.680662e-02
8 216 2 2.563209e-02
9 216 2 2.659784e-02
10 216 2 3.023094e-02
11 216 2 3.636270e-02
12 216 2 4.673264e-02
1 224 2 4.026917e-02
2 224 2 4.402374e-02
3 224 2 3.841608e-02
4 224 2 3.308201e-02
5 224 2 2.671434e-02
6 224 2 2.270201e-02
7 224 2 2.062456e-02
8 224 2 2.154211e-02
9 224 2 2.215361e-02
10 224 2 2.612912e-02
11 224 2 3.120333e-02
12 224 2 3.722803e-02
1 240 2 3.439069e-03
2 240 2 3.507829e-03
3 240 2 3.207824e-03
4 240 2 2.833011e-03
5 240 2 2.462252e-03
6 240 2 2.123778e-03
7 240 2 2.080696e-03
8 240 2 2.145076e-03
9 240 2 2.088103e-03
10 240 2 2.248669e-03
11 240 2 2.470735e-03
12 240 2 3.062046e-03
