1 7 2 3.389258e-06
2 7 2 2.895405e-06
3 7 2 3.166546e-06
4 7 2 8.184221e-06
5 7 2 2.815958e-05
6 7 2 7.584434e-05
7 7 2 1.026196e-04
8 7 2 6.996703e-05
9 7 2 3.025839e-05
10 7 2 1.326519e-05
11 7 2 7.028080e-06
12 7 2 4.146110e-06
1 25 2 7.077824e-04
2 25 2 6.720366e-04
3 25 2 9.467885e-04
4 25 2 1.727679e-03
5 25 2 4.833213e-03
6 25 2 8.764416e-03
7 25 2 1.062504e-02
8 25 2 8.147528e-03
9 25 2 4.603784e-03
10 25 2 2.154404e-03
11 25 2 1.027245e-03
12 25 2 5.948742e-04
1 26 2 1.932453e-03
2 26 2 1.590427e-03
3 26 2 2.629901e-03
4 26 2 5.870156e-03
5 26 2 1.653532e-02
6 26 2 3.158201e-02
7 26 2 3.426638e-02
8 26 2 2.563822e-02
9 26 2 1.402276e-02
10 26 2 5.644707e-03
11 26 2 2.949129e-03
12 26 2 1.823297e-03
1 27 2 8.494896e-03
2 27 2 7.500231e-03
3 27 2 1.314787e-02
4 27 2 3.348600e-02
5 27 2 9.429907e-02
6 27 2 1.949276e-01
7 27 2 2.198454e-01
8 27 2 1.654718e-01
9 27 2 8.550999e-02
10 27 2 3.211107e-02
11 27 2 1.701772e-02
12 27 2 1.052663e-02
1 28 2 3.520416e-04
2 28 2 3.203673e-04
3 28 2 5.388021e-04
4 28 2 1.464593e-03
5 28 2 4.182308e-03
6 28 2 8.954255e-03
7 28 2 1.067555e-02
8 28 2 8.044148e-03
9 28 2 4.138081e-03
10 28 2 1.611582e-03
11 28 2 8.045249e-04
12 28 2 5.015766e-04
1 29 2 4.721368e-04
2 29 2 4.466429e-04
3 29 2 7.115243e-04
4 29 2 2.139435e-03
5 29 2 6.397852e-03
6 29 2 1.574569e-02
7 29 2 2.144926e-02
8 29 2 1.595840e-02
9 29 2 7.328893e-03
10 29 2 2.716361e-03
11 29 2 1.284034e-03
12 29 2 8.015505e-04
1 30 2 1.070539e-04
2 30 2 9.362531e-05
3 30 2 1.488034e-04
4 30 2 4.554451e-04
5 30 2 1.261654e-03
6 30 2 3.431207e-03
7 30 2 4.973372e-03
8 30 2 3.808641e-03
9 30 2 1.723278e-03
10 30 2 6.745224e-04
11 30 2 3.111386e-04
12 30 2 1.863404e-04
1 31 2 1.910748e-04
2 31 2 1.472392e-04
3 31 2 2.236742e-04
4 31 2 6.225596e-04
5 31 2 1.607751e-03
6 31 2 4.233127e-03
7 31 2 5.969648e-03
8 31 2 4.818552e-03
9 31 2 2.410560e-03
10 31 2 1.103918e-03
11 31 2 5.300153e-04
12 31 2 2.953491e-04
1 32 2 2.260347e-04
2 32 2 1.871133e-04
3 32 2 2.615521e-04
4 32 2 5.811791e-04
5 32 2 1.552251e-03
6 32 2 3.676978e-03
7 32 2 4.743738e-03
8 32 2 3.918541e-03
9 32 2 2.188158e-03
10 32 2 1.128017e-03
11 32 2 5.829133e-04
12 32 2 3.023048e-04
1 35 2 1.224681e-02
2 35 2 1.166937e-02
3 35 2 1.267639e-02
4 35 2 1.689243e-02
5 35 2 2.648114e-02
6 35 2 4.044248e-02
7 35 2 4.866472e-02
8 35 2 4.468711e-02
9 35 2 3.037108e-02
10 35 2 2.195825e-02
11 35 2 1.663220e-02
12 35 2 1.351216e-02
1 36 2 1.468998e-03
2 36 2 1.379104e-03
3 36 2 1.528455e-03
4 36 2 1.835808e-03
5 36 2 2.510772e-03
6 36 2 3.621997e-03
7 36 2 4.265689e-03
8 36 2 4.345573e-03
9 36 2 3.317105e-03
10 36 2 2.598818e-03
11 36 2 1.989099e-03
12 36 2 1.648137e-03
1 37 2 4.110660e-02
2 37 2 3.978548e-02
3 37 2 5.013155e-02
4 37 2 6.446245e-02
5 37 2 9.745491e-02
6 37 2 1.478115e-01
7 37 2 1.719124e-01
8 37 2 1.689939e-01
9 37 2 1.243638e-01
10 37 2 9.325111e-02
11 37 2 6.572443e-02
12 37 2 5.035052e-02
1 38 2 8.756152e-02
2 38 2 8.748302e-02
3 38 2 1.332688e-01
4 38 2 1.975930e-01
5 38 2 3.607536e-01
6 38 2 6.401298e-01
7 38 2 7.588489e-01
8 38 2 6.581426e-01
9 38 2 4.251099e-01
10 38 2 2.905622e-01
11 38 2 1.660330e-01
12 38 2 1.198158e-01
1 39 2 4.938330e-02
2 39 2 5.144747e-02
3 39 2 8.333427e-02
4 39 2 1.286750e-01
5 39 2 2.496722e-01
6 39 2 4.826793e-01
7 39 2 5.993527e-01
8 39 2 4.852465e-01
9 39 2 3.058568e-01
10 39 2 1.931449e-01
11 39 2 9.776579e-02
12 39 2 7.136194e-02
1 40 2 1.210241e-02
2 40 2 1.327844e-02
3 40 2 2.368191e-02
4 40 2 3.982302e-02
5 40 2 8.705511e-02
6 40 2 1.976534e-01
7 40 2 2.472950e-01
8 40 2 1.814094e-01
9 40 2 1.117463e-01
10 40 2 6.020998e-02
11 40 2 2.579221e-02
12 40 2 1.921439e-02
1 41 2 6.440510e-03
2 41 2 6.885227e-03
3 41 2 1.379777e-02
4 41 2 2.457480e-02
5 41 2 6.163720e-02
6 41 2 1.564107e-01
7 41 2 2.022297e-01
8 41 2 1.418430e-01
9 41 2 7.926845e-02
10 41 2 3.435568e-02
11 41 2 1.319853e-02
12 41 2 1.100081e-02
1 42 2 3.487800e-03
2 42 2 3.648309e-03
3 42 2 7.867527e-03
4 42 2 1.552021e-02
5 42 2 4.412134e-02
6 42 2 1.223794e-01
7 42 2 1.713168e-01
8 42 2 1.144081e-01
9 42 2 5.417820e-02
10 42 2 1.938980e-02
11 42 2 7.228887e-03
12 42 2 5.930250e-03
1 43 2 9.772560e-05
2 43 2 1.013288e-04
3 43 2 2.390835e-04
4 43 2 5.833708e-04
5 43 2 1.952649e-03
6 43 2 5.758667e-03
7 43 2 8.418373e-03
8 43 2 5.284470e-03
9 43 2 2.160919e-03
10 43 2 6.634569e-04
11 43 2 2.262530e-04
12 43 2 1.585372e-04
1 44 2 4.036614e-04
2 44 2 4.055888e-04
3 44 2 8.822180e-04
4 44 2 2.385055e-03
5 44 2 8.910490e-03
6 44 2 2.807991e-02
7 44 2 4.104033e-02
8 44 2 2.474707e-02
9 44 2 8.920944e-03
10 44 2 2.643095e-03
11 44 2 8.674713e-04
12 44 2 5.865081e-04
1 45 2 9.274282e-04
2 45 2 1.039376e-03
3 45 2 1.893923e-03
4 45 2 5.585330e-03
5 45 2 2.339028e-02
6 45 2 7.761137e-02
7 45 2 1.085773e-01
8 45 2 6.611259e-02
9 45 2 2.273463e-02
10 45 2 5.804626e-03
11 45 2 1.682511e-03
12 45 2 1.099606e-03
1 46 2 4.211562e-04
2 46 2 5.298248e-04
3 46 2 8.328445e-04
4 46 2 2.312725e-03
5 46 2 9.081974e-03
6 46 2 2.817127e-02
7 46 2 3.940962e-02
8 46 2 2.469452e-02
9 46 2 9.275966e-03
10 46 2 2.248384e-03
11 46 2 6.181695e-04
12 46 2 4.408413e-04
1 47 2 5.532465e-04
2 47 2 7.040823e-04
3 47 2 9.921622e-04
4 47 2 2.222967e-03
5 47 2 7.576980e-03
6 47 2 2.087457e-02
7 47 2 2.831037e-02
8 47 2 1.919646e-02
9 47 2 8.132206e-03
10 47 2 2.508284e-03
11 47 2 7.400094e-04
12 47 2 5.625055e-04
1 48 2 7.491360e-04
2 48 2 8.605610e-04
3 48 2 1.183653e-03
4 48 2 2.311425e-03
5 48 2 7.172796e-03
6 48 2 1.649866e-02
7 48 2 2.192519e-02
8 48 2 1.542563e-02
9 48 2 7.343221e-03
10 48 2 2.737812e-03
11 48 2 9.855781e-04
12 48 2 6.535754e-04
1 49 2 1.003711e-03
2 49 2 9.132884e-04
3 49 2 1.035937e-03
4 49 2 1.212472e-03
5 49 2 1.734094e-03
6 49 2 2.638323e-03
7 49 2 3.934625e-03
8 49 2 3.699962e-03
9 49 2 2.580681e-03
10 49 2 1.846726e-03
11 49 2 1.348259e-03
12 49 2 9.835526e-04
1 50 2 4.095990e-03
2 50 2 3.535656e-03
3 50 2 4.144335e-03
4 50 2 4.724112e-03
5 50 2 6.648859e-03
6 50 2 9.757108e-03
7 50 2 1.346624e-02
8 50 2 1.294999e-02
9 50 2 9.376969e-03
10 50 2 6.684297e-03
11 50 2 5.004405e-03
12 50 2 3.940423e-03
1 51 2 1.574234e-03
2 51 2 1.436736e-03
3 51 2 1.561172e-03
4 51 2 1.802109e-03
5 51 2 2.456320e-03
6 51 2 3.444794e-03
7 51 2 4.489069e-03
8 51 2 4.451793e-03
9 51 2 3.698788e-03
10 51 2 2.601633e-03
11 51 2 1.949828e-03
12 51 2 1.634015e-03
1 52 2 6.041527e-01
2 52 2 6.350163e-01
3 52 2 7.977249e-01
4 52 2 1.162974e+00
5 52 2 1.966742e+00
6 52 2 2.706678e+00
7 52 2 3.471817e+00
8 52 2 3.247338e+00
9 52 2 2.621372e+00
10 52 2 1.497498e+00
11 52 2 9.013472e-01
12 52 2 6.950761e-01
1 53 2 1.645391e-01
2 53 2 2.064365e-01
3 53 2 3.497470e-01
4 53 2 7.633931e-01
5 53 2 1.453734e+00
6 53 2 2.170795e+00
7 53 2 3.013321e+00
8 53 2 2.567700e+00
9 53 2 1.737839e+00
10 53 2 7.664603e-01
11 53 2 3.418619e-01
12 53 2 2.165834e-01
1 54 2 8.432357e-02
2 54 2 1.093893e-01
3 54 2 2.045623e-01
4 54 2 5.083172e-01
5 54 2 1.001227e+00
6 54 2 1.933913e+00
7 54 2 2.747215e+00
8 54 2 2.303611e+00
9 54 2 1.397104e+00
10 54 2 5.941845e-01
11 54 2 2.546946e-01
12 54 2 1.404945e-01
1 55 2 5.824358e-02
2 55 2 6.495712e-02
3 55 2 1.211757e-01
4 55 2 2.837391e-01
5 55 2 5.630534e-01
6 55 2 1.202456e+00
7 55 2 1.671505e+00
8 55 2 1.441528e+00
9 55 2 9.141235e-01
10 55 2 4.383076e-01
11 55 2 2.050674e-01
12 55 2 1.174222e-01
1 56 2 2.081722e-01
2 56 2 2.160373e-01
3 56 2 3.741823e-01
4 56 2 8.343732e-01
5 56 2 1.823828e+00
6 56 2 3.595167e+00
7 56 2 4.970633e+00
8 56 2 4.125374e+00
9 56 2 2.696442e+00
10 56 2 1.389305e+00
11 56 2 6.263501e-01
12 56 2 3.592178e-01
1 57 2 4.215210e-02
2 57 2 4.021728e-02
3 57 2 4.946497e-02
4 57 2 7.508008e-02
5 57 2 1.256207e-01
6 57 2 2.044006e-01
7 57 2 2.910688e-01
8 57 2 2.623241e-01
9 57 2 1.951693e-01
10 57 2 1.253666e-01
11 57 2 7.666233e-02
12 57 2 5.509375e-02
1 60 2 4.853835e+00
2 60 2 4.700501e+00
3 60 2 5.390541e+00
4 60 2 6.393103e+00
5 60 2 7.882188e+00
6 60 2 1.037291e+01
7 60 2 1.207614e+01
8 60 2 1.208121e+01
9 60 2 1.025265e+01
10 60 2 8.369566e+00
11 60 2 6.693696e+00
12 60 2 5.548388e+00
1 61 2 5.831725e+00
2 61 2 5.866803e+00
3 61 2 8.251559e+00
4 61 2 1.242859e+01
5 61 2 1.812952e+01
6 61 2 2.554156e+01
7 61 2 3.022596e+01
8 61 2 2.907988e+01
9 61 2 2.259583e+01
10 61 2 1.536982e+01
11 61 2 1.002666e+01
12 61 2 7.032619e+00
1 62 2 1.315715e+00
2 62 2 1.441018e+00
3 62 2 2.268425e+00
4 62 2 4.106542e+00
5 62 2 7.043604e+00
6 62 2 9.991915e+00
7 62 2 1.221809e+01
8 62 2 1.140515e+01
9 62 2 7.947360e+00
10 62 2 4.739320e+00
11 62 2 2.573660e+00
12 62 2 1.674865e+00
1 63 2 7.472988e-01
2 63 2 9.071888e-01
3 63 2 1.517965e+00
4 63 2 3.192665e+00
5 63 2 6.127249e+00
6 63 2 9.109133e+00
7 63 2 1.164838e+01
8 63 2 1.013637e+01
9 63 2 6.190978e+00
10 63 2 3.380960e+00
11 63 2 1.561690e+00
12 63 2 1.022349e+00
1 64 2 1.786360e-01
2 64 2 2.288513e-01
3 64 2 4.357881e-01
4 64 2 1.032237e+00
5 64 2 2.210725e+00
6 64 2 3.541076e+00
7 64 2 4.488391e+00
8 64 2 3.508919e+00
9 64 2 2.009155e+00
10 64 2 8.882031e-01
11 64 2 4.058652e-01
12 64 2 2.777570e-01
1 65 2 6.043494e-02
2 65 2 7.493971e-02
3 65 2 1.641788e-01
4 65 2 4.629900e-01
5 65 2 9.707426e-01
6 65 2 1.649813e+00
7 65 2 2.138393e+00
8 65 2 1.595980e+00
9 65 2 9.051896e-01
10 65 2 3.212122e-01
11 65 2 1.414039e-01
12 65 2 1.024752e-01
1 66 2 4.008167e-02
2 66 2 4.955345e-02
3 66 2 1.178027e-01
4 66 2 3.864717e-01
5 66 2 8.035851e-01
6 66 2 1.381801e+00
7 66 2 1.905734e+00
8 66 2 1.440737e+00
9 66 2 8.150013e-01
10 66 2 2.700193e-01
11 66 2 1.034754e-01
12 66 2 6.418378e-02
1 67 2 1.405890e-02
2 67 2 1.874688e-02
3 67 2 4.767345e-02
4 67 2 1.761099e-01
5 67 2 3.995831e-01
6 67 2 6.814918e-01
7 67 2 9.528007e-01
8 67 2 7.332582e-01
9 67 2 4.010413e-01
10 67 2 1.474816e-01
11 67 2 4.663479e-02
12 67 2 2.099007e-02
1 68 2 3.728513e-03
2 68 2 5.006391e-03
3 68 2 1.486870e-02
4 68 2 6.834439e-02
5 68 2 1.862472e-01
6 68 2 3.569073e-01
7 68 2 5.117376e-01
8 68 2 3.805966e-01
9 68 2 1.826520e-01
10 68 2 6.710416e-02
11 68 2 1.530213e-02
12 68 2 5.324608e-03
1 69 2 2.546973e-03
2 69 2 3.611135e-03
3 69 2 8.635783e-03
4 69 2 3.786843e-02
5 69 2 1.214269e-01
6 69 2 2.873704e-01
7 69 2 4.209953e-01
8 69 2 3.240812e-01
9 69 2 1.392232e-01
10 69 2 4.526999e-02
11 69 2 8.771692e-03
12 69 2 3.298725e-03
1 70 2 1.014509e-02
2 70 2 1.185767e-02
3 70 2 1.699170e-02
4 70 2 4.433047e-02
5 70 2 1.111667e-01
6 70 2 2.699444e-01
7 70 2 4.369544e-01
8 70 2 3.982420e-01
9 70 2 2.056255e-01
10 70 2 7.329501e-02
11 70 2 2.229197e-02
12 70 2 1.254876e-02
1 71 2 7.019279e-03
2 71 2 7.122926e-03
3 71 2 8.060132e-03
4 71 2 1.293407e-02
5 71 2 2.504850e-02
6 71 2 5.225352e-02
7 71 2 8.019276e-02
8 71 2 7.973170e-02
9 71 2 5.115511e-02
10 71 2 2.436450e-02
11 71 2 1.163954e-02
12 71 2 8.084054e-03
1 72 2 2.955932e-05
2 72 2 2.823172e-05
3 72 2 3.058614e-05
4 72 2 3.899763e-05
5 72 2 6.067744e-05
6 72 2 1.055808e-04
7 72 2 1.635325e-04
8 72 2 1.572799e-04
9 72 2 1.100383e-04
10 72 2 6.672099e-05
11 72 2 4.110933e-05
12 72 2 2.935746e-05
1 76 2 1.433007e+00
2 76 2 1.311054e+00
3 76 2 1.324249e+00
4 76 2 1.440468e+00
5 76 2 1.958340e+00
6 76 2 2.792469e+00
7 76 2 3.744546e+00
8 76 2 3.996117e+00
9 76 2 3.807522e+00
10 76 2 2.542664e+00
11 76 2 1.641396e+00
12 76 2 1.435544e+00
1 77 2 1.384856e+00
2 77 2 1.798225e+00
3 77 2 2.355567e+00
4 77 2 3.807113e+00
5 77 2 6.392297e+00
6 77 2 9.869040e+00
7 77 2 1.340936e+01
8 77 2 1.272766e+01
9 77 2 9.428110e+00
10 77 2 4.763193e+00
11 77 2 2.090103e+00
12 77 2 1.317382e+00
1 78 2 1.596127e+00
2 78 2 2.180883e+00
3 78 2 3.037010e+00
4 78 2 5.447198e+00
5 78 2 8.517844e+00
6 78 2 1.352338e+01
7 78 2 1.669312e+01
8 78 2 1.563108e+01
9 78 2 1.013502e+01
10 78 2 5.374800e+00
11 78 2 2.902508e+00
12 78 2 1.675716e+00
1 79 2 5.180457e+00
2 79 2 6.356506e+00
3 79 2 9.333185e+00
4 79 2 1.548064e+01
5 79 2 2.351938e+01
6 79 2 3.842292e+01
7 79 2 4.708248e+01
8 79 2 4.460230e+01
9 79 2 3.079816e+01
10 79 2 1.859117e+01
11 79 2 1.059229e+01
12 79 2 6.488640e+00
1 80 2 2.510281e+00
2 80 2 2.515183e+00
3 80 2 3.160485e+00
4 80 2 4.273338e+00
5 80 2 6.373304e+00
6 80 2 9.696752e+00
7 80 2 1.248604e+01
8 80 2 1.236097e+01
9 80 2 1.025938e+01
10 80 2 7.192897e+00
11 80 2 4.196050e+00
12 80 2 3.101580e+00
1 81 2 6.358121e-07
2 81 2 5.761990e-07
3 81 2 6.068940e-07
4 81 2 7.196275e-07
5 81 2 1.036257e-06
6 81 2 1.396327e-06
7 81 2 1.863158e-06
8 81 2 1.999127e-06
9 81 2 1.817830e-06
10 81 2 1.394809e-06
11 81 2 9.220217e-07
12 81 2 7.548556e-07
1 84 2 3.281846e+00
2 84 2 3.469737e+00
3 84 2 4.291370e+00
4 84 2 5.422951e+00
5 84 2 7.270540e+00
6 84 2 1.191331e+01
7 84 2 1.595577e+01
8 84 2 1.528959e+01
9 84 2 1.147250e+01
10 84 2 7.240296e+00
11 84 2 4.863864e+00
12 84 2 3.715466e+00
1 85 2 2.101554e+00
2 85 2 2.366516e+00
3 85 2 3.076852e+00
4 85 2 4.470379e+00
5 85 2 7.156103e+00
6 85 2 1.093207e+01
7 85 2 1.512553e+01
8 85 2 1.438905e+01
9 85 2 1.036109e+01
10 85 2 5.715240e+00
11 85 2 3.223155e+00
12 85 2 2.338724e+00
1 86 2 7.695004e-01
2 86 2 8.712354e-01
3 86 2 1.113375e+00
4 86 2 1.617204e+00
5 86 2 2.599167e+00
6 86 2 3.771335e+00
7 86 2 5.180812e+00
8 86 2 5.197760e+00
9 86 2 3.847332e+00
10 86 2 2.231025e+00
11 86 2 1.228959e+00
12 86 2 8.783283e-01
1 87 2 4.946239e-01
2 87 2 6.691693e-01
3 87 2 9.554510e-01
4 87 2 1.510350e+00
5 87 2 2.649709e+00
6 87 2 3.982848e+00
7 87 2 5.399510e+00
8 87 2 5.501920e+00
9 87 2 3.988917e+00
10 87 2 2.245866e+00
11 87 2 9.867744e-01
12 87 2 5.998088e-01
1 88 2 2.821015e-01
2 88 2 4.006069e-01
3 88 2 6.282107e-01
4 88 2 1.191963e+00
5 88 2 2.446258e+00
6 88 2 3.844847e+00
7 88 2 4.923860e+00
8 88 2 4.318611e+00
9 88 2 2.790687e+00
10 88 2 1.318827e+00
11 88 2 6.761216e-01
12 88 2 3.755608e-01
1 89 2 1.501032e-01
2 89 2 2.088491e-01
3 89 2 3.963891e-01
4 89 2 7.455404e-01
5 89 2 1.487812e+00
6 89 2 2.222618e+00
7 89 2 2.592827e+00
8 89 2 2.270698e+00
9 89 2 1.481870e+00
10 89 2 7.051780e-01
11 89 2 3.880243e-01
12 89 2 2.147730e-01
1 90 2 4.543982e-02
2 90 2 5.988817e-02
3 90 2 1.188417e-01
4 90 2 2.132955e-01
5 90 2 3.275028e-01
6 90 2 4.335049e-01
7 90 2 4.868527e-01
8 90 2 4.504736e-01
9 90 2 3.282858e-01
10 90 2 1.958085e-01
11 90 2 1.079597e-01
12 90 2 6.145908e-02
1 91 2 5.175363e-03
2 91 2 7.322910e-03
3 91 2 1.529918e-02
4 91 2 2.891064e-02
5 91 2 4.266760e-02
6 91 2 5.423449e-02
7 91 2 6.089744e-02
8 91 2 5.584880e-02
9 91 2 4.015644e-02
10 91 2 2.485693e-02
11 91 2 1.288283e-02
12 91 2 6.613487e-03
1 92 2 2.988325e-02
2 92 2 4.268641e-02
3 92 2 1.070041e-01
4 92 2 2.552869e-01
5 92 2 4.814340e-01
6 92 2 7.377264e-01
7 92 2 8.855411e-01
8 92 2 8.059844e-01
9 92 2 5.042317e-01
10 92 2 2.679829e-01
11 92 2 1.051031e-01
12 92 2 4.511817e-02
1 93 2 4.331481e-01
2 93 2 5.226319e-01
3 93 2 1.074559e+00
4 93 2 2.504379e+00
5 93 2 4.467672e+00
6 93 2 7.089881e+00
7 93 2 9.510704e+00
8 93 2 9.349833e+00
9 93 2 6.288744e+00
10 93 2 3.621553e+00
11 93 2 1.550946e+00
12 93 2 6.460001e-01
1 94 2 1.330105e+00
2 94 2 1.323399e+00
3 94 2 1.767058e+00
4 94 2 3.131552e+00
5 94 2 5.345369e+00
6 94 2 8.416939e+00
7 94 2 1.162797e+01
8 94 2 1.267191e+01
9 94 2 1.043804e+01
10 94 2 6.300384e+00
11 94 2 3.381572e+00
12 94 2 1.847610e+00
1 98 2 1.811451e-01
2 98 2 1.686220e-01
3 98 2 1.587838e-01
4 98 2 1.690590e-01
5 98 2 1.918703e-01
6 98 2 2.195564e-01
7 98 2 2.469559e-01
8 98 2 2.602794e-01
9 98 2 2.568376e-01
10 98 2 2.427801e-01
11 98 2 2.183790e-01
12 98 2 1.987272e-01
1 101 2 1.660568e-01
2 101 2 1.706290e-01
3 101 2 1.748506e-01
4 101 2 2.156173e-01
5 101 2 2.772881e-01
6 101 2 3.237627e-01
7 101 2 3.455982e-01
8 101 2 3.463015e-01
9 101 2 3.329227e-01
10 101 2 2.854471e-01
11 101 2 2.195010e-01
12 101 2 1.760555e-01
1 102 2 1.723508e+00
2 102 2 1.948188e+00
3 102 2 2.394359e+00
4 102 2 2.994862e+00
5 102 2 3.465764e+00
6 102 2 3.783503e+00
7 102 2 3.890045e+00
8 102 2 3.939199e+00
9 102 2 3.550318e+00
10 102 2 2.735168e+00
11 102 2 2.195315e+00
12 102 2 1.799334e+00
1 103 2 1.714278e+00
2 103 2 1.749435e+00
3 103 2 1.906664e+00
4 103 2 2.154459e+00
5 103 2 2.509038e+00
6 103 2 2.871273e+00
7 103 2 3.106353e+00
8 103 2 3.260048e+00
9 103 2 3.197433e+00
10 103 2 2.794279e+00
11 103 2 2.298733e+00
12 103 2 1.911321e+00
1 104 2 2.787367e-01
2 104 2 2.674687e-01
3 104 2 2.703749e-01
4 104 2 2.964271e-01
5 104 2 3.466156e-01
6 104 2 3.977581e-01
7 104 2 4.464141e-01
8 104 2 4.822361e-01
9 104 2 4.861177e-01
10 104 2 4.541302e-01
11 104 2 3.735630e-01
12 104 2 3.093097e-01
1 107 2 1.794175e-01
2 107 2 1.892822e-01
3 107 2 2.209938e-01
4 107 2 2.532345e-01
5 107 2 2.839866e-01
6 107 2 3.635711e-01
7 107 2 3.973986e-01
8 107 2 3.957906e-01
9 107 2 3.705193e-01
10 107 2 3.169244e-01
11 107 2 2.519433e-01
12 107 2 1.970292e-01
1 108 2 1.350052e-02
2 108 2 1.725368e-02
3 108 2 2.506281e-02
4 108 2 3.881683e-02
5 108 2 6.025408e-02
6 108 2 8.270061e-02
7 108 2 8.852850e-02
8 108 2 7.824056e-02
9 108 2 6.330896e-02
10 108 2 4.367880e-02
11 108 2 2.275222e-02
12 108 2 1.448401e-02
1 109 2 2.563591e-02
2 109 2 3.386130e-02
3 109 2 5.296127e-02
4 109 2 9.190976e-02
5 109 2 1.565943e-01
6 109 2 1.973951e-01
7 109 2 2.005712e-01
8 109 2 1.843813e-01
9 109 2 1.480635e-01
10 109 2 1.038908e-01
11 109 2 4.620805e-02
12 109 2 2.699303e-02
1 110 2 1.129520e-02
2 110 2 1.438792e-02
3 110 2 2.310774e-02
4 110 2 3.576987e-02
5 110 2 5.547763e-02
6 110 2 6.424577e-02
7 110 2 6.907040e-02
8 110 2 6.831009e-02
9 110 2 5.751550e-02
10 110 2 4.193244e-02
11 110 2 2.028292e-02
12 110 2 1.193875e-02
1 111 2 3.876497e-01
2 111 2 4.848368e-01
3 111 2 7.849402e-01
4 111 2 1.189642e+00
5 111 2 1.797970e+00
6 111 2 2.305859e+00
7 111 2 2.437465e+00
8 111 2 2.414216e+00
9 111 2 2.055916e+00
10 111 2 1.338302e+00
11 111 2 7.209334e-01
12 111 2 4.403593e-01
1 112 2 4.462653e-01
2 112 2 5.754046e-01
3 112 2 1.009423e+00
4 112 2 1.678612e+00
5 112 2 2.552613e+00
6 112 2 3.110660e+00
7 112 2 3.168124e+00
8 112 2 2.953019e+00
9 112 2 2.254305e+00
10 112 2 1.496573e+00
11 112 2 8.588768e-01
12 112 2 5.279428e-01
1 113 2 2.560481e-01
2 113 2 3.243892e-01
3 113 2 5.449757e-01
4 113 2 8.149615e-01
5 113 2 1.002888e+00
6 113 2 8.756697e-01
7 113 2 7.513764e-01
8 113 2 7.176257e-01
9 113 2 7.097656e-01
10 113 2 6.480837e-01
11 113 2 4.532940e-01
12 113 2 3.061592e-01
1 114 2 6.981839e-01
2 114 2 9.467727e-01
3 114 2 1.686837e+00
4 114 2 2.458876e+00
5 114 2 2.836820e+00
6 114 2 2.076712e+00
7 114 2 1.715224e+00
8 114 2 1.572210e+00
9 114 2 1.517239e+00
10 114 2 1.357957e+00
11 114 2 1.035200e+00
12 114 2 7.668106e-01
1 115 2 2.535369e-01
2 115 2 3.688735e-01
3 115 2 5.847246e-01
4 115 2 7.248172e-01
5 115 2 6.472961e-01
6 115 2 6.009932e-01
7 115 2 5.796467e-01
8 115 2 5.561300e-01
9 115 2 5.114737e-01
10 115 2 4.570801e-01
11 115 2 3.472175e-01
12 115 2 2.491025e-01
1 116 2 2.338876e-01
2 116 2 2.994047e-01
3 116 2 4.578612e-01
4 116 2 6.480857e-01
5 116 2 7.537645e-01
6 116 2 8.583466e-01
7 116 2 8.998761e-01
8 116 2 8.613811e-01
9 116 2 6.978146e-01
10 116 2 5.578872e-01
11 116 2 4.052941e-01
12 116 2 2.669904e-01
1 117 2 6.457372e-02
2 117 2 6.743111e-02
3 117 2 8.515930e-02
4 117 2 1.165721e-01
5 117 2 1.484451e-01
6 117 2 1.758746e-01
7 117 2 1.872369e-01
8 117 2 1.869914e-01
9 117 2 1.706183e-01
10 117 2 1.460595e-01
11 117 2 1.179083e-01
12 117 2 8.517547e-02
1 126 2 3.058486e-03
2 126 2 3.178983e-03
3 126 2 3.445583e-03
4 126 2 3.638326e-03
5 126 2 3.594699e-03
6 126 2 3.340870e-03
7 126 2 3.220405e-03
8 126 2 3.251868e-03
9 126 2 3.234653e-03
10 126 2 3.178564e-03
11 126 2 3.105851e-03
12 126 2 3.058826e-03
1 127 2 3.082997e-01
2 127 2 3.135471e-01
3 127 2 3.309423e-01
4 127 2 3.435883e-01
5 127 2 3.482693e-01
6 127 2 3.373429e-01
7 127 2 3.374360e-01
8 127 2 3.451796e-01
9 127 2 3.415000e-01
10 127 2 3.278134e-01
11 127 2 3.176918e-01
12 127 2 3.137593e-01
1 128 2 1.397107e+00
2 128 2 1.434816e+00
3 128 2 1.472930e+00
4 128 2 1.437830e+00
5 128 2 1.398654e+00
6 128 2 1.356640e+00
7 128 2 1.445927e+00
8 128 2 1.644025e+00
9 128 2 1.728678e+00
10 128 2 1.632818e+00
11 128 2 1.484809e+00
12 128 2 1.398986e+00
1 129 2 3.986373e-02
2 129 2 3.931640e-02
3 129 2 4.030800e-02
4 129 2 4.147694e-02
5 129 2 4.211691e-02
6 129 2 4.325628e-02
7 129 2 4.519854e-02
8 129 2 4.926633e-02
9 129 2 5.147294e-02
10 129 2 5.169971e-02
11 129 2 4.720360e-02
12 129 2 4.193465e-02
1 133 2 8.558847e-01
2 133 2 9.950926e-01
3 133 2 1.194555e+00
4 133 2 1.226492e+00
5 133 2 1.169948e+00
6 133 2 1.075340e+00
7 133 2 9.597512e-01
8 133 2 8.986979e-01
9 133 2 9.371417e-01
10 133 2 9.980920e-01
11 133 2 9.521958e-01
12 133 2 8.331719e-01
1 135 2 3.700041e-02
2 135 2 4.168651e-02
3 135 2 4.957479e-02
4 135 2 5.338974e-02
5 135 2 5.130242e-02
6 135 2 4.576701e-02
7 135 2 3.953816e-02
8 135 2 3.993385e-02
9 135 2 4.243428e-02
10 135 2 3.990698e-02
11 135 2 3.825049e-02
12 135 2 3.593110e-02
1 136 2 4.139294e-02
2 136 2 4.260171e-02
3 136 2 5.268496e-02
4 136 2 6.404888e-02
5 136 2 7.013640e-02
6 136 2 6.399115e-02
7 136 2 5.662469e-02
8 136 2 5.649481e-02
9 136 2 5.678682e-02
10 136 2 5.341924e-02
11 136 2 5.050762e-02
12 136 2 4.485139e-02
1 137 2 1.008600e-02
2 137 2 1.058126e-02
3 137 2 1.213163e-02
4 137 2 1.333088e-02
5 137 2 1.315839e-02
6 137 2 1.210703e-02
7 137 2 1.120030e-02
8 137 2 1.080717e-02
9 137 2 1.081396e-02
10 137 2 1.126565e-02
11 137 2 1.113821e-02
12 137 2 1.050233e-02
1 138 2 4.025089e-01
2 138 2 4.426227e-01
3 138 2 5.135077e-01
4 138 2 5.715021e-01
5 138 2 5.766106e-01
6 138 2 5.067828e-01
7 138 2 4.694857e-01
8 138 2 4.527607e-01
9 138 2 4.539961e-01
10 138 2 4.566415e-01
11 138 2 4.429510e-01
12 138 2 4.108000e-01
1 139 2 6.801875e-01
2 139 2 7.746079e-01
3 139 2 8.655481e-01
4 139 2 9.084544e-01
5 139 2 8.956520e-01
6 139 2 8.340952e-01
7 139 2 7.891803e-01
8 139 2 7.597162e-01
9 139 2 7.498691e-01
10 139 2 7.556906e-01
11 139 2 7.190974e-01
12 139 2 6.582377e-01
1 140 2 2.256294e-01
2 140 2 2.333092e-01
3 140 2 2.533919e-01
4 140 2 2.870888e-01
5 140 2 3.048473e-01
6 140 2 2.928063e-01
7 140 2 2.772400e-01
8 140 2 2.673956e-01
9 140 2 2.634975e-01
10 140 2 2.649537e-01
11 140 2 2.593578e-01
12 140 2 2.418006e-01
1 141 2 3.531043e-01
2 141 2 3.494507e-01
3 141 2 3.594599e-01
4 141 2 3.945042e-01
5 141 2 4.257224e-01
6 141 2 4.209699e-01
7 141 2 4.095864e-01
8 141 2 3.971743e-01
9 141 2 3.938082e-01
10 141 2 3.947340e-01
11 141 2 3.986740e-01
12 141 2 3.870813e-01
1 150 2 4.086503e-04
2 150 2 4.473320e-04
3 150 2 4.788181e-04
4 150 2 4.896306e-04
5 150 2 4.581450e-04
6 150 2 4.040633e-04
7 150 2 3.686184e-04
8 150 2 3.597171e-04
9 150 2 3.480875e-04
10 150 2 3.401680e-04
11 150 2 3.467816e-04
12 150 2 3.689657e-04
1 151 2 2.650376e-01
2 151 2 2.818984e-01
3 151 2 2.988959e-01
4 151 2 3.059438e-01
5 151 2 2.960219e-01
6 151 2 2.786483e-01
7 151 2 2.724913e-01
8 151 2 2.830117e-01
9 151 2 2.694523e-01
10 151 2 2.528531e-01
11 151 2 2.454388e-01
12 151 2 2.515618e-01
1 152 2 2.100320e-01
2 152 2 2.127470e-01
3 152 2 2.147165e-01
4 152 2 2.040361e-01
5 152 2 1.961334e-01
6 152 2 1.926305e-01
7 152 2 2.202282e-01
8 152 2 2.936477e-01
9 152 2 3.117392e-01
10 152 2 2.656982e-01
11 152 2 2.278472e-01
12 152 2 2.107119e-01
1 153 2 2.434167e-01
2 153 2 2.493212e-01
3 153 2 2.630510e-01
4 153 2 2.580183e-01
5 153 2 2.491687e-01
6 153 2 2.446337e-01
7 153 2 2.855653e-01
8 153 2 3.731824e-01
9 153 2 4.538938e-01
10 153 2 4.056878e-01
11 153 2 3.068820e-01
12 153 2 2.560515e-01
1 154 2 6.625234e-01
2 154 2 6.589287e-01
3 154 2 6.857000e-01
4 154 2 6.570278e-01
5 154 2 6.143808e-01
6 154 2 5.526427e-01
7 154 2 5.218399e-01
8 154 2 5.436172e-01
9 154 2 6.129212e-01
10 154 2 6.888140e-01
11 154 2 7.259331e-01
12 154 2 7.019427e-01
1 157 2 2.637944e-02
2 157 2 2.739241e-02
3 157 2 2.932750e-02
4 157 2 2.891436e-02
5 157 2 2.818319e-02
6 157 2 2.649704e-02
7 157 2 2.528195e-02
8 157 2 2.502711e-02
9 157 2 2.484623e-02
10 157 2 2.527945e-02
11 157 2 2.546068e-02
12 157 2 2.579295e-02
1 163 2 1.227260e-01
2 163 2 1.243704e-01
3 163 2 1.280611e-01
4 163 2 1.357456e-01
5 163 2 1.358780e-01
6 163 2 1.256246e-01
7 163 2 1.161395e-01
8 163 2 1.090573e-01
9 163 2 1.106190e-01
10 163 2 1.170306e-01
11 163 2 1.216055e-01
12 163 2 1.225583e-01
1 164 2 4.647636e-01
2 164 2 4.607897e-01
3 164 2 4.736166e-01
4 164 2 4.957114e-01
5 164 2 4.898803e-01
6 164 2 4.531015e-01
7 164 2 4.193854e-01
8 164 2 4.096623e-01
9 164 2 4.386648e-01
10 164 2 4.805767e-01
11 164 2 4.902822e-01
12 164 2 4.821179e-01
1 165 2 2.098645e-01
2 165 2 2.056820e-01
3 165 2 2.082678e-01
4 165 2 2.128744e-01
5 165 2 2.105379e-01
6 165 2 1.937247e-01
7 165 2 1.826559e-01
8 165 2 1.848808e-01
9 165 2 1.970630e-01
10 165 2 2.107031e-01
11 165 2 2.216508e-01
12 165 2 2.219120e-01
1 166 2 9.194740e-02
2 166 2 9.102949e-02
3 166 2 8.952554e-02
4 166 2 8.910552e-02
5 166 2 8.618789e-02
6 166 2 7.970945e-02
7 166 2 7.526984e-02
8 166 2 7.583140e-02
9 166 2 7.866946e-02
10 166 2 8.275450e-02
11 166 2 8.922150e-02
12 166 2 9.371695e-02
1 170 2 4.063983e-03
2 170 2 4.469577e-03
3 170 2 4.391335e-03
4 170 2 3.991489e-03
5 170 2 3.326102e-03
6 170 2 2.796671e-03
7 170 2 2.645213e-03
8 170 2 2.525327e-03
9 170 2 2.567800e-03
10 170 2 2.859227e-03
11 170 2 3.154625e-03
12 170 2 3.632746e-03
1 171 2 1.458500e-02
2 171 2 1.601014e-02
3 171 2 1.620396e-02
4 171 2 1.441640e-02
5 171 2 1.199282e-02
6 171 2 1.027728e-02
7 171 2 9.330668e-03
8 171 2 8.841100e-03
9 171 2 8.969917e-03
10 171 2 9.756765e-03
11 171 2 1.113579e-02
12 171 2 1.315587e-02
1 175 2 4.210271e-04
2 175 2 4.451237e-04
3 175 2 4.464005e-04
4 175 2 4.181072e-04
5 175 2 3.632693e-04
6 175 2 3.310304e-04
7 175 2 3.241619e-04
8 175 2 3.214249e-04
9 175 2 2.989603e-04
10 175 2 3.022065e-04
11 175 2 3.159541e-04
12 175 2 3.685622e-04
1 176 2 3.035604e-01
2 176 2 3.058363e-01
3 176 2 2.994128e-01
4 176 2 2.644465e-01
5 176 2 2.139254e-01
6 176 2 1.938566e-01
7 176 2 1.935030e-01
8 176 2 2.207612e-01
9 176 2 2.404318e-01
10 176 2 2.565993e-01
11 176 2 2.739007e-01
12 176 2 2.909497e-01
1 177 2 1.332681e+00
2 177 2 1.295002e+00
3 177 2 1.222723e+00
4 177 2 1.069190e+00
5 177 2 8.743061e-01
6 177 2 7.465835e-01
7 177 2 7.768087e-01
8 177 2 9.307597e-01
9 177 2 1.169820e+00
10 177 2 1.216567e+00
11 177 2 1.241244e+00
12 177 2 1.243780e+00
1 178 2 4.852961e-01
2 178 2 4.796242e-01
3 178 2 4.597549e-01
4 178 2 3.853485e-01
5 178 2 3.355247e-01
6 178 2 2.835931e-01
7 178 2 2.701044e-01
8 178 2 2.720923e-01
9 178 2 3.103144e-01
10 178 2 3.338895e-01
11 178 2 3.771092e-01
12 178 2 4.186705e-01
1 181 2 5.933299e-03
2 181 2 6.266873e-03
3 181 2 6.353174e-03
4 181 2 6.074485e-03
5 181 2 5.009556e-03
6 181 2 4.331747e-03
7 181 2 3.830156e-03
8 181 2 3.919853e-03
9 181 2 4.246763e-03
10 181 2 4.598451e-03
11 181 2 5.207806e-03
12 181 2 5.544807e-03
1 182 2 7.082908e-01
2 182 2 6.546791e-01
3 182 2 6.173330e-01
4 182 2 5.156813e-01
5 182 2 4.038244e-01
6 182 2 3.020365e-01
7 182 2 2.994685e-01
8 182 2 4.161486e-01
9 182 2 5.774510e-01
10 182 2 7.082230e-01
11 182 2 7.827321e-01
12 182 2 7.513072e-01
1 183 2 1.504160e-01
2 183 2 1.444997e-01
3 183 2 1.379521e-01
4 183 2 1.250849e-01
5 183 2 1.052442e-01
6 183 2 8.541818e-02
7 183 2 7.947265e-02
8 183 2 9.437074e-02
9 183 2 1.097274e-01
10 183 2 1.298075e-01
11 183 2 1.413209e-01
12 183 2 1.453577e-01
1 184 2 4.697776e-02
2 184 2 4.760058e-02
3 184 2 4.610041e-02
4 184 2 4.148739e-02
5 184 2 3.449042e-02
6 184 2 2.787476e-02
7 184 2 2.513603e-02
8 184 2 2.625212e-02
9 184 2 2.780974e-02
10 184 2 3.193598e-02
11 184 2 3.736724e-02
12 184 2 4.259039e-02
1 188 2 5.194425e-02
2 188 2 5.149136e-02
3 188 2 4.772787e-02
4 188 2 3.897306e-02
5 188 2 2.754460e-02
6 188 2 2.095140e-02
7 188 2 1.802851e-02
8 188 2 1.833908e-02
9 188 2 2.484019e-02
10 188 2 3.264350e-02
11 188 2 3.887517e-02
12 188 2 4.848780e-02
1 189 2 4.531722e-02
2 189 2 4.188225e-02
3 189 2 3.799093e-02
4 189 2 2.808094e-02
5 189 2 1.859210e-02
6 189 2 1.314763e-02
7 189 2 1.250059e-02
8 189 2 1.535486e-02
9 189 2 2.470098e-02
10 189 2 3.517058e-02
11 189 2 4.277916e-02
12 189 2 4.470401e-02
1 190 2 1.855060e-01
2 190 2 1.757703e-01
3 190 2 1.525690e-01
4 190 2 1.080615e-01
5 190 2 7.539446e-02
6 190 2 5.469438e-02
7 190 2 5.139151e-02
8 190 2 6.195231e-02
9 190 2 8.701895e-02
10 190 2 1.186279e-01
11 190 2 1.554404e-01
12 190 2 1.744012e-01
1 191 2 1.229423e-01
2 191 2 1.274007e-01
3 191 2 1.238341e-01
4 191 2 1.023009e-01
5 191 2 8.412394e-02
6 191 2 6.910635e-02
7 191 2 6.075611e-02
8 191 2 6.170312e-02
9 191 2 6.731935e-02
10 191 2 7.555906e-02
11 191 2 9.292972e-02
12 191 2 1.093310e-01
1 192 2 2.809381e-02
2 192 2 3.036159e-02
3 192 2 2.958157e-02
4 192 2 2.561321e-02
5 192 2 2.164702e-02
6 192 2 1.843157e-02
7 192 2 1.619768e-02
8 192 2 1.505145e-02
9 192 2 1.549767e-02
10 192 2 1.701822e-02
11 192 2 2.031535e-02
12 192 2 2.439430e-02
1 200 2 1.321011e+00
2 200 2 1.358992e+00
3 200 2 1.111357e+00
4 200 2 7.346865e-01
5 200 2 4.808891e-01
6 200 2 3.916397e-01
7 200 2 3.720780e-01
8 200 2 4.012545e-01
9 200 2 4.444604e-01
10 200 2 5.682643e-01
11 200 2 7.896871e-01
12 200 2 1.088028e+00
1 201 2 8.956204e-01
2 201 2 9.240946e-01
3 201 2 8.459537e-01
4 201 2 6.511547e-01
5 201 2 4.907074e-01
6 201 2 4.059757e-01
7 201 2 3.836698e-01
8 201 2 3.968715e-01
9 201 2 3.927840e-01
10 201 2 4.673621e-01
11 201 2 5.957611e-01
12 201 2 7.420020e-01
1 206 2 4.706930e-01
2 206 2 5.084098e-01
3 206 2 4.599748e-01
4 206 2 3.925175e-01
5 206 2 3.246099e-01
6 206 2 2.830324e-01
7 206 2 2.427555e-01
8 206 2 2.383552e-01
9 206 2 2.580170e-01
10 206 2 2.920606e-01
11 206 2 3.423625e-01
12 206 2 4.033385e-01
1 207 2 1.784822e-02
2 207 2 1.948801e-02
3 207 2 1.848202e-02
4 207 2 1.675858e-02
5 207 2 1.486239e-02
6 207 2 1.274741e-02
7 207 2 1.123570e-02
8 207 2 1.106430e-02
9 207 2 1.116317e-02
10 207 2 1.229583e-02
11 207 2 1.325126e-02
12 207 2 1.515862e-02
1 212 2 7.313196e-02
2 212 2 7.806385e-02
3 212 2 6.928931e-02
4 212 2 5.825088e-02
5 212 2 4.540195e-02
6 212 2 3.664315e-02
7 212 2 3.041588e-02
8 212 2 2.939667e-02
9 212 2 3.338659e-02
10 212 2 3.939461e-02
11 212 2 4.672887e-02
12 212 2 6.178448e-02
1 213 2 1.592601e-02
2 213 2 1.740593e-02
3 213 2 1.475084e-02
4 213 2 1.248237e-02
5 213 2 9.631817e-03
6 213 2 7.424776e-03
7 213 2 6.301460e-03
8 213 2 6.151751e-03
9 213 2 7.410045e-03
10 213 2 9.132025e-03
11 213 2 1.121401e-02
12 213 2 1.372278e-02
1 214 2 5.664145e-01
2 214 2 6.004703e-01
3 214 2 4.824406e-01
4 214 2 3.583255e-01
5 214 2 2.648683e-01
6 214 2 1.951958e-01
7 214 2 1.690425e-01
8 214 2 1.742701e-01
9 214 2 2.199788e-01
10 214 2 2.949164e-01
11 214 2 4.037135e-01
12 214 2 4.896342e-01
1 215 2 2.097797e-01
2 215 2 2.157864e-01
3 215 2 2.011878e-01
4 215 2 1.603382e-01
5 215 2 1.302355e-01
6 215 2 1.046415e-01
7 215 2 9.042475e-02
8 215 2 9.064710e-02
9 215 2 1.019388e-01
10 215 2 1.212744e-01
11 215 2 1.527011e-01
12 215 2 1.844714e-01
1 216 2 7.895074e-02
2 216 2 8.243037e-02
3 216 2 7.729937e-02
4 216 2 6.283991e-02
5 216 2 5.031858e-02
6 216 2 4.328746e-02
7 216 2 3.803840e-02
8 216 2 3.637176e-02
9 216 2 3.774215e-02
10 216 2 4.289750e-02
11 216 2 5.159842e-02
12 216 2 6.631329e-02
1 224 2 3.860490e-02
2 224 2 4.220429e-02
3 224 2 3.682839e-02
4 224 2 3.171477e-02
5 224 2 2.561027e-02
6 224 2 2.176376e-02
7 224 2 1.977217e-02
8 224 2 2.065180e-02
9 224 2 2.123803e-02
10 224 2 2.504923e-02
11 224 2 2.991373e-02
12 224 2 3.568944e-02
1 240 2 4.879042e-03
2 240 2 4.976592e-03
3 240 2 4.550972e-03
4 240 2 4.019222e-03
5 240 2 3.493221e-03
6 240 2 3.013025e-03
7 240 2 2.951904e-03
8 240 2 3.043242e-03
9 240 2 2.962413e-03
10 240 2 3.190209e-03
11 240 2 3.505257e-03
12 240 2 4.344155e-03
