1 7 2 2.789938e-06
2 7 2 2.383413e-06
3 7 2 2.606608e-06
4 7 2 6.737011e-06
5 7 2 2.318014e-05
6 7 2 6.243284e-05
7 7 2 8.447347e-05
8 7 2 5.759481e-05
9 7 2 2.490782e-05
10 7 2 1.091952e-05
11 7 2 5.785310e-06
12 7 2 3.412956e-06
1 25 2 7.050769e-04
2 25 2 6.694677e-04
3 25 2 9.431693e-04
4 25 2 1.721074e-03
5 25 2 4.814738e-03
6 25 2 8.730914e-03
7 25 2 1.058442e-02
8 25 2 8.116383e-03
9 25 2 4.586186e-03
10 25 2 2.146169e-03
11 25 2 1.023318e-03
12 25 2 5.926003e-04
1 26 2 1.616734e-03
2 26 2 1.330587e-03
3 26 2 2.200235e-03
4 26 2 4.911105e-03
5 26 2 1.383383e-02
6 26 2 2.642222e-02
7 26 2 2.866803e-02
8 26 2 2.144951e-02
9 26 2 1.173175e-02
10 26 2 4.722489e-03
11 26 2 2.467308e-03
12 26 2 1.525411e-03
1 27 2 7.115386e-03
2 27 2 6.282248e-03
3 27 2 1.101275e-02
4 27 2 2.804811e-02
5 27 2 7.898558e-02
6 27 2 1.632728e-01
7 27 2 1.841441e-01
8 27 2 1.386004e-01
9 27 2 7.162379e-02
10 27 2 2.689646e-02
11 27 2 1.425416e-02
12 27 2 8.817181e-03
1 28 2 2.899106e-04
2 28 2 2.638264e-04
3 28 2 4.437102e-04
4 28 2 1.206110e-03
5 28 2 3.444182e-03
6 28 2 7.373939e-03
7 28 2 8.791449e-03
8 28 2 6.624455e-03
9 28 2 3.407760e-03
10 28 2 1.327157e-03
11 28 2 6.625362e-04
12 28 2 4.130545e-04
1 29 2 3.887488e-04
2 29 2 3.677575e-04
3 29 2 5.858560e-04
4 29 2 1.761572e-03
5 29 2 5.267874e-03
6 29 2 1.296471e-02
7 29 2 1.766093e-02
8 29 2 1.313985e-02
9 29 2 6.034475e-03
10 29 2 2.236601e-03
11 29 2 1.057250e-03
12 29 2 6.599820e-04
1 30 2 8.817364e-05
2 30 2 7.711334e-05
3 30 2 1.225601e-04
4 30 2 3.751218e-04
5 30 2 1.039146e-03
6 30 2 2.826072e-03
7 30 2 4.096257e-03
8 30 2 3.136940e-03
9 30 2 1.419357e-03
10 30 2 5.555622e-04
11 30 2 2.562655e-04
12 30 2 1.534770e-04
1 31 2 1.574474e-04
2 31 2 1.213265e-04
3 31 2 1.843097e-04
4 31 2 5.129951e-04
5 31 2 1.324802e-03
6 31 2 3.488137e-03
7 31 2 4.919048e-03
8 31 2 3.970533e-03
9 31 2 1.986325e-03
10 31 2 9.096388e-04
11 31 2 4.367377e-04
12 31 2 2.433705e-04
1 32 2 1.865599e-04
2 32 2 1.544357e-04
3 32 2 2.158745e-04
4 32 2 4.796817e-04
5 32 2 1.281165e-03
6 32 2 3.034828e-03
7 32 2 3.915289e-03
8 32 2 3.234205e-03
9 32 2 1.806017e-03
10 32 2 9.310198e-04
11 32 2 4.811130e-04
12 32 2 2.495101e-04
1 35 2 1.087731e-02
2 35 2 1.036444e-02
3 35 2 1.125885e-02
4 35 2 1.500343e-02
5 35 2 2.351988e-02
6 35 2 3.591999e-02
7 35 2 4.322277e-02
8 35 2 3.968996e-02
9 35 2 2.697483e-02
10 35 2 1.950276e-02
11 35 2 1.477230e-02
12 35 2 1.200116e-02
1 36 2 1.304581e-03
2 36 2 1.224748e-03
3 36 2 1.357383e-03
4 36 2 1.630336e-03
5 36 2 2.229755e-03
6 36 2 3.216606e-03
7 36 2 3.788253e-03
8 36 2 3.859196e-03
9 36 2 2.945839e-03
10 36 2 2.307946e-03
11 36 2 1.766469e-03
12 36 2 1.463670e-03
1 37 2 3.413295e-02
2 37 2 3.303595e-02
3 37 2 4.162684e-02
4 37 2 5.352652e-02
5 37 2 8.092188e-02
6 37 2 1.227356e-01
7 37 2 1.427478e-01
8 37 2 1.403244e-01
9 37 2 1.032657e-01
10 37 2 7.743124e-02
11 37 2 5.457441e-02
12 37 2 4.180865e-02
1 38 2 7.758521e-02
2 38 2 7.751565e-02
3 38 2 1.180849e-01
4 38 2 1.750803e-01
5 38 2 3.196512e-01
6 38 2 5.671967e-01
7 38 2 6.723895e-01
8 38 2 5.831572e-01
9 38 2 3.766750e-01
10 38 2 2.574570e-01
11 38 2 1.471160e-01
12 38 2 1.061646e-01
1 39 2 5.581128e-02
2 39 2 5.814413e-02
3 39 2 9.418148e-02
4 39 2 1.454240e-01
5 39 2 2.821708e-01
6 39 2 5.455072e-01
7 39 2 6.773674e-01
8 39 2 5.484086e-01
9 39 2 3.456687e-01
10 39 2 2.182857e-01
11 39 2 1.104915e-01
12 39 2 8.065077e-02
1 40 2 1.373600e-02
2 40 2 1.507077e-02
3 40 2 2.687850e-02
4 40 2 4.519834e-02
5 40 2 9.880584e-02
6 40 2 2.243328e-01
7 40 2 2.806749e-01
8 40 2 2.058961e-01
9 40 2 1.268299e-01
10 40 2 6.833714e-02
11 40 2 2.927365e-02
12 40 2 2.180796e-02
1 41 2 7.312916e-03
2 41 2 7.817872e-03
3 41 2 1.566676e-02
4 41 2 2.790360e-02
5 41 2 6.998633e-02
6 41 2 1.775975e-01
7 41 2 2.296230e-01
8 41 2 1.610565e-01
9 41 2 9.000583e-02
10 41 2 3.900937e-02
11 41 2 1.498635e-02
12 41 2 1.249093e-02
1 42 2 3.958004e-03
2 42 2 4.140151e-03
3 42 2 8.928179e-03
4 42 2 1.761255e-02
5 42 2 5.006951e-02
6 42 2 1.388778e-01
7 42 2 1.944127e-01
8 42 2 1.298319e-01
9 42 2 6.148218e-02
10 42 2 2.200381e-02
11 42 2 8.203441e-03
12 42 2 6.729730e-03
1 43 2 1.110789e-04
2 43 2 1.151745e-04
3 43 2 2.717520e-04
4 43 2 6.630831e-04
5 43 2 2.219461e-03
6 43 2 6.545536e-03
7 43 2 9.568666e-03
8 43 2 6.006544e-03
9 43 2 2.456188e-03
10 43 2 7.541122e-04
11 43 2 2.571684e-04
12 43 2 1.801999e-04
1 44 2 4.584160e-04
2 44 2 4.606048e-04
3 44 2 1.001886e-03
4 44 2 2.708575e-03
5 44 2 1.011915e-02
6 44 2 3.188880e-02
7 44 2 4.660724e-02
8 44 2 2.810388e-02
9 44 2 1.013102e-02
10 44 2 3.001617e-03
11 44 2 9.851393e-04
12 44 2 6.660648e-04
1 45 2 1.053975e-03
2 45 2 1.181197e-03
3 45 2 2.152346e-03
4 45 2 6.347441e-03
5 45 2 2.658185e-02
6 45 2 8.820133e-02
7 45 2 1.233925e-01
8 45 2 7.513356e-02
9 45 2 2.583674e-02
10 45 2 6.596659e-03
11 45 2 1.912088e-03
12 45 2 1.249646e-03
1 46 2 4.778758e-04
2 46 2 6.011794e-04
3 46 2 9.450085e-04
4 46 2 2.624193e-03
5 46 2 1.030510e-02
6 46 2 3.196526e-02
7 46 2 4.471714e-02
8 46 2 2.802028e-02
9 46 2 1.052521e-02
10 46 2 2.551187e-03
11 46 2 7.014220e-04
12 46 2 5.002119e-04
1 47 2 6.284467e-04
2 47 2 7.997849e-04
3 47 2 1.127022e-03
4 47 2 2.525124e-03
5 47 2 8.606883e-03
6 47 2 2.371195e-02
7 47 2 3.215847e-02
8 47 2 2.180574e-02
9 47 2 9.237578e-03
10 47 2 2.849223e-03
11 47 2 8.405954e-04
12 47 2 6.389642e-04
1 48 2 8.505748e-04
2 48 2 9.770876e-04
3 48 2 1.343929e-03
4 48 2 2.624410e-03
5 48 2 8.144048e-03
6 48 2 1.873271e-02
7 48 2 2.489403e-02
8 48 2 1.751437e-02
9 48 2 8.337549e-03
10 48 2 3.108533e-03
11 48 2 1.119033e-03
12 48 2 7.420746e-04
1 49 2 8.409539e-04
2 49 2 7.651939e-04
3 49 2 8.679543e-04
4 49 2 1.015864e-03
5 49 2 1.452902e-03
6 49 2 2.210505e-03
7 49 2 3.296605e-03
8 49 2 3.099994e-03
9 49 2 2.162210e-03
10 49 2 1.547269e-03
11 49 2 1.129632e-03
12 49 2 8.240644e-04
1 50 2 3.428719e-03
2 50 2 2.959667e-03
3 50 2 3.469188e-03
4 50 2 3.954514e-03
5 50 2 5.565703e-03
6 50 2 8.167592e-03
7 50 2 1.127248e-02
8 50 2 1.084033e-02
9 50 2 7.849381e-03
10 50 2 5.595369e-03
11 50 2 4.189145e-03
12 50 2 3.298495e-03
1 51 2 1.318624e-03
2 51 2 1.203451e-03
3 51 2 1.307683e-03
4 51 2 1.509498e-03
5 51 2 2.057485e-03
6 51 2 2.885459e-03
7 51 2 3.760174e-03
8 51 2 3.728951e-03
9 51 2 3.098212e-03
10 51 2 2.179203e-03
11 51 2 1.633232e-03
12 51 2 1.368699e-03
1 52 2 5.020559e-01
2 52 2 5.277038e-01
3 52 2 6.629159e-01
4 52 2 9.664411e-01
5 52 2 1.634379e+00
6 52 2 2.249271e+00
7 52 2 2.885108e+00
8 52 2 2.698564e+00
9 52 2 2.178381e+00
10 52 2 1.244433e+00
11 52 2 7.490269e-01
12 52 2 5.776140e-01
1 53 2 1.361851e-01
2 53 2 1.708625e-01
3 53 2 2.894771e-01
4 53 2 6.318420e-01
5 53 2 1.203220e+00
6 53 2 1.796714e+00
7 53 2 2.494052e+00
8 53 2 2.125223e+00
9 53 2 1.438368e+00
10 53 2 6.343806e-01
11 53 2 2.829508e-01
12 53 2 1.792609e-01
1 54 2 7.017593e-02
2 54 2 9.103614e-02
3 54 2 1.702413e-01
4 54 2 4.230328e-01
5 54 2 8.332428e-01
6 54 2 1.609445e+00
7 54 2 2.286293e+00
8 54 2 1.917115e+00
9 54 2 1.162700e+00
10 54 2 4.944934e-01
11 54 2 2.119625e-01
12 54 2 1.169226e-01
1 55 2 4.811930e-02
2 55 2 5.366585e-02
3 55 2 1.001122e-01
4 55 2 2.344177e-01
5 55 2 4.651798e-01
6 55 2 9.934370e-01
7 55 2 1.380953e+00
8 55 2 1.190952e+00
9 55 2 7.552245e-01
10 55 2 3.621181e-01
11 55 2 1.694212e-01
12 55 2 9.701106e-02
1 56 2 1.714202e-01
2 56 2 1.778968e-01
3 56 2 3.081219e-01
4 56 2 6.870680e-01
5 56 2 1.501839e+00
6 56 2 2.960455e+00
7 56 2 4.093087e+00
8 56 2 3.397056e+00
9 56 2 2.220396e+00
10 56 2 1.144029e+00
11 56 2 5.157705e-01
12 56 2 2.957994e-01
1 57 2 3.467198e-02
2 57 2 3.308050e-02
3 57 2 4.068713e-02
4 57 2 6.175670e-02
5 57 2 1.033286e-01
6 57 2 1.681286e-01
7 57 2 2.394170e-01
8 57 2 2.157732e-01
9 57 2 1.605354e-01
10 57 2 1.031196e-01
11 57 2 6.305818e-02
12 57 2 4.531706e-02
1 60 2 3.993236e+00
2 60 2 3.867088e+00
3 60 2 4.434782e+00
4 60 2 5.259587e+00
5 60 2 6.484653e+00
6 60 2 8.533759e+00
7 60 2 9.935001e+00
8 60 2 9.939180e+00
9 60 2 8.434824e+00
10 60 2 6.885618e+00
11 60 2 5.506884e+00
12 60 2 4.564643e+00
1 61 2 5.194603e+00
2 61 2 5.225849e+00
3 61 2 7.350068e+00
4 61 2 1.107075e+01
5 61 2 1.614885e+01
6 61 2 2.275112e+01
7 61 2 2.692374e+01
8 61 2 2.590287e+01
9 61 2 2.012721e+01
10 61 2 1.369065e+01
11 61 2 8.931242e+00
12 61 2 6.264298e+00
1 62 2 1.257607e+00
2 62 2 1.377376e+00
3 62 2 2.168241e+00
4 62 2 3.925178e+00
5 62 2 6.732525e+00
6 62 2 9.550625e+00
7 62 2 1.167848e+01
8 62 2 1.090144e+01
9 62 2 7.596367e+00
10 62 2 4.530009e+00
11 62 2 2.459995e+00
12 62 2 1.600895e+00
1 63 2 8.478849e-01
2 63 2 1.029296e+00
3 63 2 1.722283e+00
4 63 2 3.622396e+00
5 63 2 6.951974e+00
6 63 2 1.033522e+01
7 63 2 1.321624e+01
8 63 2 1.150072e+01
9 63 2 7.024281e+00
10 63 2 3.836036e+00
11 63 2 1.771893e+00
12 63 2 1.159956e+00
1 64 2 2.027537e-01
2 64 2 2.597487e-01
3 64 2 4.946241e-01
4 64 2 1.171600e+00
5 64 2 2.509197e+00
6 64 2 4.019159e+00
7 64 2 5.094372e+00
8 64 2 3.982661e+00
9 64 2 2.280412e+00
10 64 2 1.008120e+00
11 64 2 4.606613e-01
12 64 2 3.152571e-01
1 65 2 6.853692e-02
2 65 2 8.498621e-02
3 65 2 1.861888e-01
4 65 2 5.250590e-01
5 65 2 1.100881e+00
6 65 2 1.870989e+00
7 65 2 2.425068e+00
8 65 2 1.809939e+00
9 65 2 1.026540e+00
10 65 2 3.642743e-01
11 65 2 1.603607e-01
12 65 2 1.162132e-01
1 66 2 4.547471e-02
2 66 2 5.622092e-02
3 66 2 1.336532e-01
4 66 2 4.384719e-01
5 66 2 9.117084e-01
6 66 2 1.567724e+00
7 66 2 2.162152e+00
8 66 2 1.634589e+00
9 66 2 9.246607e-01
10 66 2 3.063507e-01
11 66 2 1.173982e-01
12 66 2 7.281979e-02
1 67 2 1.583045e-02
2 67 2 2.110917e-02
3 67 2 5.368076e-02
4 67 2 1.983014e-01
5 67 2 4.499344e-01
6 67 2 7.673664e-01
7 67 2 1.072863e+00
8 67 2 8.256558e-01
9 67 2 4.515763e-01
10 67 2 1.660657e-01
11 67 2 5.251122e-02
12 67 2 2.363502e-02
1 68 2 4.127044e-03
2 68 2 5.541510e-03
3 68 2 1.645797e-02
4 68 2 7.564953e-02
5 68 2 2.061546e-01
6 68 2 3.950562e-01
7 68 2 5.664358e-01
8 68 2 4.212775e-01
9 68 2 2.021752e-01
10 68 2 7.427673e-02
11 68 2 1.693773e-02
12 68 2 5.893741e-03
1 69 2 2.743479e-03
2 69 2 3.889744e-03
3 69 2 9.302058e-03
4 69 2 4.079008e-02
5 69 2 1.307953e-01
6 69 2 3.095418e-01
7 69 2 4.534762e-01
8 69 2 3.490849e-01
9 69 2 1.499646e-01
10 69 2 4.876270e-02
11 69 2 9.448452e-03
12 69 2 3.553231e-03
1 70 2 1.092478e-02
2 70 2 1.276898e-02
3 70 2 1.829757e-02
4 70 2 4.773742e-02
5 70 2 1.197103e-01
6 70 2 2.906906e-01
7 70 2 4.705359e-01
8 70 2 4.288483e-01
9 70 2 2.214285e-01
10 70 2 7.892799e-02
11 70 2 2.400519e-02
12 70 2 1.351318e-02
1 71 2 7.970987e-03
2 71 2 8.088687e-03
3 71 2 9.152964e-03
4 71 2 1.468774e-02
5 71 2 2.844470e-02
6 71 2 5.933831e-02
7 71 2 9.106569e-02
8 71 2 9.054212e-02
9 71 2 5.809097e-02
10 71 2 2.766795e-02
11 71 2 1.321769e-02
12 71 2 9.180130e-03
1 72 2 3.339108e-05
2 72 2 3.189139e-05
3 72 2 3.455102e-05
4 72 2 4.405288e-05
5 72 2 6.854303e-05
6 72 2 1.192672e-04
7 72 2 1.847312e-04
8 72 2 1.776681e-04
9 72 2 1.243025e-04
10 72 2 7.537001e-05
11 72 2 4.643831e-05
12 72 2 3.316306e-05
1 76 2 1.197786e+00
2 76 2 1.095851e+00
3 76 2 1.106880e+00
4 76 2 1.204022e+00
5 76 2 1.636888e+00
6 76 2 2.334098e+00
7 76 2 3.129896e+00
8 76 2 3.340173e+00
9 76 2 3.182535e+00
10 76 2 2.125298e+00
11 76 2 1.371969e+00
12 76 2 1.199906e+00
1 77 2 1.161214e+00
2 77 2 1.507827e+00
3 77 2 1.975163e+00
4 77 2 3.192298e+00
5 77 2 5.359997e+00
6 77 2 8.275277e+00
7 77 2 1.124387e+01
8 77 2 1.067225e+01
9 77 2 7.905553e+00
10 77 2 3.993979e+00
11 77 2 1.752570e+00
12 77 2 1.104636e+00
1 78 2 1.336044e+00
2 78 2 1.825515e+00
3 78 2 2.542140e+00
4 78 2 4.559595e+00
5 78 2 7.129889e+00
6 78 2 1.131979e+01
7 78 2 1.397303e+01
8 78 2 1.308405e+01
9 78 2 8.483553e+00
10 78 2 4.498994e+00
11 78 2 2.429554e+00
12 78 2 1.402664e+00
1 79 2 4.331077e+00
2 79 2 5.314303e+00
3 79 2 7.802930e+00
4 79 2 1.294245e+01
5 79 2 1.966318e+01
6 79 2 3.212315e+01
7 79 2 3.936291e+01
8 79 2 3.728938e+01
9 79 2 2.574854e+01
10 79 2 1.554299e+01
11 79 2 8.855591e+00
12 79 2 5.424772e+00
1 80 2 2.100979e+00
2 80 2 2.105081e+00
3 80 2 2.645166e+00
4 80 2 3.576568e+00
5 80 2 5.334133e+00
6 80 2 8.115691e+00
7 80 2 1.045018e+01
8 80 2 1.034551e+01
9 80 2 8.586583e+00
10 80 2 6.020091e+00
11 80 2 3.511882e+00
12 80 2 2.595865e+00
1 81 2 5.249146e-07
2 81 2 4.756992e-07
3 81 2 5.010404e-07
4 81 2 5.941111e-07
5 81 2 8.555146e-07
6 81 2 1.152781e-06
7 81 2 1.538188e-06
8 81 2 1.650442e-06
9 81 2 1.500767e-06
10 81 2 1.151528e-06
11 81 2 7.612040e-07
12 81 2 6.231948e-07
1 84 2 2.893012e+00
2 84 2 3.058641e+00
3 84 2 3.782927e+00
4 84 2 4.780437e+00
5 84 2 6.409124e+00
6 84 2 1.050181e+01
7 84 2 1.406533e+01
8 84 2 1.347808e+01
9 84 2 1.011323e+01
10 84 2 6.382463e+00
11 84 2 4.287592e+00
12 84 2 3.275257e+00
1 85 2 1.896136e+00
2 85 2 2.135199e+00
3 85 2 2.776103e+00
4 85 2 4.033420e+00
5 85 2 6.456626e+00
6 85 2 9.863507e+00
7 85 2 1.364708e+01
8 85 2 1.298258e+01
9 85 2 9.348343e+00
10 85 2 5.156601e+00
11 85 2 2.908106e+00
12 85 2 2.110124e+00
1 86 2 6.831732e-01
2 86 2 7.734949e-01
3 86 2 9.884695e-01
4 86 2 1.435777e+00
5 86 2 2.307577e+00
6 86 2 3.348243e+00
7 86 2 4.599597e+00
8 86 2 4.614643e+00
9 86 2 3.415715e+00
10 86 2 1.980735e+00
11 86 2 1.091087e+00
12 86 2 7.797921e-01
1 87 2 4.799962e-01
2 87 2 6.493797e-01
3 87 2 9.271951e-01
4 87 2 1.465684e+00
5 87 2 2.571348e+00
6 87 2 3.865062e+00
7 87 2 5.239828e+00
8 87 2 5.339210e+00
9 87 2 3.870952e+00
10 87 2 2.179449e+00
11 87 2 9.575922e-01
12 87 2 5.820705e-01
1 88 2 2.664951e-01
2 88 2 3.784445e-01
3 88 2 5.934569e-01
4 88 2 1.126021e+00
5 88 2 2.310927e+00
6 88 2 3.632142e+00
7 88 2 4.651463e+00
8 88 2 4.079697e+00
9 88 2 2.636301e+00
10 88 2 1.245867e+00
11 88 2 6.387173e-01
12 88 2 3.547841e-01
1 89 2 1.621122e-01
2 89 2 2.255581e-01
3 89 2 4.281021e-01
4 89 2 8.051871e-01
5 89 2 1.606843e+00
6 89 2 2.400437e+00
7 89 2 2.800265e+00
8 89 2 2.452365e+00
9 89 2 1.600426e+00
10 89 2 7.615956e-01
11 89 2 4.190680e-01
12 89 2 2.319559e-01
1 90 2 4.534900e-02
2 90 2 5.976848e-02
3 90 2 1.186041e-01
4 90 2 2.128692e-01
5 90 2 3.268482e-01
6 90 2 4.326385e-01
7 90 2 4.858797e-01
8 90 2 4.495733e-01
9 90 2 3.276297e-01
10 90 2 1.954172e-01
11 90 2 1.077439e-01
12 90 2 6.133625e-02
1 91 2 4.589092e-03
2 91 2 6.493363e-03
3 91 2 1.356607e-02
4 91 2 2.563561e-02
5 91 2 3.783416e-02
6 91 2 4.809075e-02
7 91 2 5.399891e-02
8 91 2 4.952218e-02
9 91 2 3.560747e-02
10 91 2 2.204111e-02
11 91 2 1.142345e-02
12 91 2 5.864303e-03
1 92 2 2.644841e-02
2 92 2 3.777994e-02
3 92 2 9.470479e-02
4 92 2 2.259437e-01
5 92 2 4.260970e-01
6 92 2 6.529306e-01
7 92 2 7.837552e-01
8 92 2 7.133428e-01
9 92 2 4.462742e-01
10 92 2 2.371804e-01
11 92 2 9.302232e-02
12 92 2 3.993219e-02
1 93 2 3.817222e-01
2 93 2 4.605820e-01
3 93 2 9.469810e-01
4 93 2 2.207045e+00
5 93 2 3.937243e+00
6 93 2 6.248128e+00
7 93 2 8.381537e+00
8 93 2 8.239765e+00
9 93 2 5.542107e+00
10 93 2 3.191580e+00
11 93 2 1.366808e+00
12 93 2 5.693031e-01
1 94 2 1.109537e+00
2 94 2 1.103943e+00
3 94 2 1.474031e+00
4 94 2 2.612255e+00
5 94 2 4.458959e+00
6 94 2 7.021178e+00
7 94 2 9.699730e+00
8 94 2 1.057056e+01
9 94 2 8.707128e+00
10 94 2 5.255607e+00
11 94 2 2.820814e+00
12 94 2 1.541225e+00
1 98 2 1.519370e-01
2 98 2 1.414332e-01
3 98 2 1.331813e-01
4 98 2 1.417997e-01
5 98 2 1.609329e-01
6 98 2 1.841549e-01
7 98 2 2.071364e-01
8 98 2 2.183117e-01
9 98 2 2.154248e-01
10 98 2 2.036339e-01
11 98 2 1.831673e-01
12 98 2 1.666842e-01
1 101 2 1.515436e-01
2 101 2 1.557162e-01
3 101 2 1.595688e-01
4 101 2 1.967725e-01
5 101 2 2.530533e-01
6 101 2 2.954662e-01
7 101 2 3.153932e-01
8 101 2 3.160351e-01
9 101 2 3.038256e-01
10 101 2 2.604993e-01
11 101 2 2.003168e-01
12 101 2 1.606684e-01
1 102 2 1.509605e+00
2 102 2 1.706400e+00
3 102 2 2.097197e+00
4 102 2 2.623172e+00
5 102 2 3.035631e+00
6 102 2 3.313936e+00
7 102 2 3.407254e+00
8 102 2 3.450308e+00
9 102 2 3.109691e+00
10 102 2 2.395709e+00
11 102 2 1.922856e+00
12 102 2 1.576020e+00
1 103 2 1.454032e+00
2 103 2 1.483851e+00
3 103 2 1.617212e+00
4 103 2 1.827388e+00
5 103 2 2.128139e+00
6 103 2 2.435383e+00
7 103 2 2.634775e+00
8 103 2 2.765138e+00
9 103 2 2.712028e+00
10 103 2 2.370077e+00
11 103 2 1.949761e+00
12 103 2 1.621162e+00
1 104 2 2.543611e-01
2 104 2 2.440785e-01
3 104 2 2.467305e-01
4 104 2 2.705044e-01
5 104 2 3.163039e-01
6 104 2 3.629740e-01
7 104 2 4.073750e-01
8 104 2 4.400643e-01
9 104 2 4.436065e-01
10 104 2 4.144163e-01
11 104 2 3.408947e-01
12 104 2 2.822604e-01
1 107 2 1.576530e-01
2 107 2 1.663211e-01
3 107 2 1.941858e-01
4 107 2 2.225156e-01
5 107 2 2.495372e-01
6 107 2 3.194676e-01
7 107 2 3.491916e-01
8 107 2 3.477787e-01
9 107 2 3.255729e-01
10 107 2 2.784795e-01
11 107 2 2.213810e-01
12 107 2 1.731283e-01
1 108 2 1.233329e-02
2 108 2 1.576196e-02
3 108 2 2.289594e-02
4 108 2 3.546081e-02
5 108 2 5.504464e-02
6 108 2 7.555049e-02
7 108 2 8.087452e-02
8 108 2 7.147605e-02
9 108 2 5.783540e-02
10 108 2 3.990242e-02
11 108 2 2.078511e-02
12 108 2 1.323175e-02
1 109 2 2.339997e-02
2 109 2 3.090795e-02
3 109 2 4.834204e-02
4 109 2 8.389348e-02
5 109 2 1.429363e-01
6 109 2 1.801785e-01
7 109 2 1.830776e-01
8 109 2 1.682997e-01
9 109 2 1.351495e-01
10 109 2 9.482956e-02
11 109 2 4.217783e-02
12 109 2 2.463872e-02
1 110 2 1.029883e-02
2 110 2 1.311873e-02
3 110 2 2.106935e-02
4 110 2 3.261454e-02
5 110 2 5.058383e-02
6 110 2 5.857851e-02
7 110 2 6.297755e-02
8 110 2 6.228431e-02
9 110 2 5.244194e-02
10 110 2 3.823349e-02
11 110 2 1.849372e-02
12 110 2 1.088561e-02
1 111 2 3.537657e-01
2 111 2 4.424577e-01
3 111 2 7.163294e-01
4 111 2 1.085657e+00
5 111 2 1.640812e+00
6 111 2 2.104306e+00
7 111 2 2.224409e+00
8 111 2 2.203192e+00
9 111 2 1.876210e+00
10 111 2 1.221322e+00
11 111 2 6.579173e-01
12 111 2 4.018680e-01
1 112 2 4.076549e-01
2 112 2 5.256212e-01
3 112 2 9.220892e-01
4 112 2 1.533381e+00
5 112 2 2.331764e+00
6 112 2 2.841529e+00
7 112 2 2.894021e+00
8 112 2 2.697527e+00
9 112 2 2.059265e+00
10 112 2 1.367091e+00
11 112 2 7.845677e-01
12 112 2 4.822658e-01
1 113 2 2.337615e-01
2 113 2 2.961541e-01
3 113 2 4.975407e-01
4 113 2 7.440267e-01
5 113 2 9.155960e-01
6 113 2 7.994508e-01
7 113 2 6.859761e-01
8 113 2 6.551630e-01
9 113 2 6.479871e-01
10 113 2 5.916741e-01
11 113 2 4.138389e-01
12 113 2 2.795109e-01
1 114 2 6.372963e-01
2 114 2 8.642061e-01
3 114 2 1.539731e+00
4 114 2 2.244442e+00
5 114 2 2.589425e+00
6 114 2 1.895605e+00
7 114 2 1.565642e+00
8 114 2 1.435100e+00
9 114 2 1.384923e+00
10 114 2 1.239531e+00
11 114 2 9.449216e-01
12 114 2 6.999382e-01
1 115 2 2.308569e-01
2 115 2 3.358761e-01
3 115 2 5.324184e-01
4 115 2 6.599791e-01
5 115 2 5.893926e-01
6 115 2 5.472317e-01
7 115 2 5.277948e-01
8 115 2 5.063818e-01
9 115 2 4.657201e-01
10 115 2 4.161922e-01
11 115 2 3.161574e-01
12 115 2 2.268192e-01
1 116 2 2.113972e-01
2 116 2 2.706142e-01
3 116 2 4.138336e-01
4 116 2 5.857663e-01
5 116 2 6.812831e-01
6 116 2 7.758087e-01
7 116 2 8.133448e-01
8 116 2 7.785514e-01
9 116 2 6.307133e-01
10 116 2 5.042412e-01
11 116 2 3.663214e-01
12 116 2 2.413168e-01
1 117 2 5.638613e-02
2 117 2 5.888122e-02
3 117 2 7.436157e-02
4 117 2 1.017914e-01
5 117 2 1.296231e-01
6 117 2 1.535747e-01
7 117 2 1.634963e-01
8 117 2 1.632819e-01
9 117 2 1.489848e-01
10 117 2 1.275400e-01
11 117 2 1.029582e-01
12 117 2 7.437569e-02
1 126 2 2.793610e-03
2 126 2 2.903672e-03
3 126 2 3.147183e-03
4 126 2 3.323234e-03
5 126 2 3.283386e-03
6 126 2 3.051539e-03
7 126 2 2.941506e-03
8 126 2 2.970245e-03
9 126 2 2.954520e-03
10 126 2 2.903289e-03
11 126 2 2.836874e-03
12 126 2 2.793921e-03
1 127 2 2.814726e-01
2 127 2 2.862634e-01
3 127 2 3.021449e-01
4 127 2 3.136906e-01
5 127 2 3.179642e-01
6 127 2 3.079886e-01
7 127 2 3.080736e-01
8 127 2 3.151434e-01
9 127 2 3.117839e-01
10 127 2 2.992883e-01
11 127 2 2.900475e-01
12 127 2 2.864572e-01
1 128 2 1.275598e+00
2 128 2 1.310027e+00
3 128 2 1.344826e+00
4 128 2 1.312779e+00
5 128 2 1.277010e+00
6 128 2 1.238650e+00
7 128 2 1.320172e+00
8 128 2 1.501042e+00
9 128 2 1.578331e+00
10 128 2 1.490808e+00
11 128 2 1.355673e+00
12 128 2 1.277313e+00
1 129 2 3.636931e-02
2 129 2 3.586995e-02
3 129 2 3.677463e-02
4 129 2 3.784110e-02
5 129 2 3.842498e-02
6 129 2 3.946447e-02
7 129 2 4.123647e-02
8 129 2 4.494768e-02
9 129 2 4.696086e-02
10 129 2 4.716775e-02
11 129 2 4.306577e-02
12 129 2 3.825869e-02
1 133 2 7.814555e-01
2 133 2 9.085577e-01
3 133 2 1.090674e+00
4 133 2 1.119834e+00
5 133 2 1.068207e+00
6 133 2 9.818267e-01
7 133 2 8.762896e-01
8 133 2 8.205456e-01
9 133 2 8.556463e-01
10 133 2 9.112962e-01
11 133 2 8.693912e-01
12 133 2 7.607178e-01
1 135 2 3.383834e-02
2 135 2 3.812397e-02
3 135 2 4.533811e-02
4 135 2 4.882703e-02
5 135 2 4.691810e-02
6 135 2 4.185575e-02
7 135 2 3.615922e-02
8 135 2 3.652109e-02
9 135 2 3.880783e-02
10 135 2 3.649651e-02
11 135 2 3.498159e-02
12 135 2 3.286042e-02
1 136 2 3.780512e-02
2 136 2 3.890912e-02
3 136 2 4.811839e-02
4 136 2 5.849731e-02
5 136 2 6.405719e-02
6 136 2 5.844459e-02
7 136 2 5.171663e-02
8 136 2 5.159802e-02
9 136 2 5.186471e-02
10 136 2 4.878902e-02
11 136 2 4.612977e-02
12 136 2 4.096381e-02
1 137 2 9.178340e-03
2 137 2 9.629024e-03
3 137 2 1.103988e-02
4 137 2 1.213120e-02
5 137 2 1.197423e-02
6 137 2 1.101749e-02
7 137 2 1.019236e-02
8 137 2 9.834604e-03
9 137 2 9.840783e-03
10 137 2 1.025182e-02
11 137 2 1.013586e-02
12 137 2 9.557205e-03
1 138 2 3.676053e-01
2 138 2 4.042406e-01
3 138 2 4.689788e-01
4 138 2 5.219443e-01
5 138 2 5.266097e-01
6 138 2 4.628370e-01
7 138 2 4.287742e-01
8 138 2 4.134995e-01
9 138 2 4.146277e-01
10 138 2 4.170438e-01
11 138 2 4.045404e-01
12 138 2 3.751774e-01
1 139 2 6.211066e-01
2 139 2 7.073258e-01
3 139 2 7.903669e-01
4 139 2 8.295464e-01
5 139 2 8.178560e-01
6 139 2 7.616460e-01
7 139 2 7.206323e-01
8 139 2 6.937275e-01
9 139 2 6.847358e-01
10 139 2 6.900516e-01
11 139 2 6.566369e-01
12 139 2 6.010634e-01
1 140 2 2.060984e-01
2 140 2 2.131134e-01
3 140 2 2.314577e-01
4 140 2 2.622377e-01
5 140 2 2.784590e-01
6 140 2 2.674603e-01
7 140 2 2.532415e-01
8 140 2 2.442492e-01
9 140 2 2.406885e-01
10 140 2 2.420187e-01
11 140 2 2.369071e-01
12 140 2 2.208698e-01
1 141 2 3.224579e-01
2 141 2 3.191214e-01
3 141 2 3.282618e-01
4 141 2 3.602646e-01
5 141 2 3.887733e-01
6 141 2 3.844333e-01
7 141 2 3.740378e-01
8 141 2 3.627029e-01
9 141 2 3.596290e-01
10 141 2 3.604745e-01
11 141 2 3.640725e-01
12 141 2 3.534859e-01
1 150 2 3.730174e-04
2 150 2 4.083262e-04
3 150 2 4.370668e-04
4 150 2 4.469366e-04
5 150 2 4.181964e-04
6 150 2 3.688304e-04
7 150 2 3.364762e-04
8 150 2 3.283510e-04
9 150 2 3.177355e-04
10 150 2 3.105065e-04
11 150 2 3.165435e-04
12 150 2 3.367932e-04
1 151 2 2.419662e-01
2 151 2 2.573593e-01
3 151 2 2.728772e-01
4 151 2 2.793115e-01
5 151 2 2.702533e-01
6 151 2 2.543921e-01
7 151 2 2.487711e-01
8 151 2 2.583757e-01
9 151 2 2.459966e-01
10 151 2 2.308424e-01
11 151 2 2.240734e-01
12 151 2 2.296635e-01
1 152 2 1.917794e-01
2 152 2 1.942585e-01
3 152 2 1.960568e-01
4 152 2 1.863046e-01
5 152 2 1.790886e-01
6 152 2 1.758902e-01
7 152 2 2.010895e-01
8 152 2 2.681286e-01
9 152 2 2.846479e-01
10 152 2 2.426080e-01
11 152 2 2.080464e-01
12 152 2 1.924002e-01
1 153 2 2.222224e-01
2 153 2 2.276127e-01
3 153 2 2.401471e-01
4 153 2 2.355526e-01
5 153 2 2.274736e-01
6 153 2 2.233334e-01
7 153 2 2.607011e-01
8 153 2 3.406893e-01
9 153 2 4.143732e-01
10 153 2 3.703645e-01
11 153 2 2.801618e-01
12 153 2 2.337571e-01
1 154 2 6.049752e-01
2 154 2 6.016928e-01
3 154 2 6.261386e-01
4 154 2 5.999570e-01
5 154 2 5.610144e-01
6 154 2 5.046390e-01
7 154 2 4.765118e-01
8 154 2 4.963975e-01
9 154 2 5.596816e-01
10 154 2 6.289821e-01
11 154 2 6.628770e-01
12 154 2 6.409705e-01
1 157 2 2.411864e-02
2 157 2 2.504480e-02
3 157 2 2.681405e-02
4 157 2 2.643631e-02
5 157 2 2.576781e-02
6 157 2 2.422617e-02
7 157 2 2.311522e-02
8 157 2 2.288222e-02
9 157 2 2.271683e-02
10 157 2 2.311293e-02
11 157 2 2.327863e-02
12 157 2 2.358242e-02
1 163 2 1.121664e-01
2 163 2 1.136693e-01
3 163 2 1.170424e-01
4 163 2 1.240657e-01
5 163 2 1.241868e-01
6 163 2 1.148156e-01
7 163 2 1.061466e-01
8 163 2 9.967376e-02
9 163 2 1.011011e-01
10 163 2 1.069610e-01
11 163 2 1.111423e-01
12 163 2 1.120131e-01
1 164 2 4.242633e-01
2 164 2 4.206357e-01
3 164 2 4.323448e-01
4 164 2 4.525142e-01
5 164 2 4.471913e-01
6 164 2 4.136174e-01
7 164 2 3.828395e-01
8 164 2 3.739636e-01
9 164 2 4.004388e-01
10 164 2 4.386985e-01
11 164 2 4.475582e-01
12 164 2 4.401053e-01
1 165 2 1.909906e-01
2 165 2 1.871843e-01
3 165 2 1.895374e-01
4 165 2 1.937298e-01
5 165 2 1.916034e-01
6 165 2 1.763023e-01
7 165 2 1.662289e-01
8 165 2 1.682538e-01
9 165 2 1.793404e-01
10 165 2 1.917537e-01
11 165 2 2.017169e-01
12 165 2 2.019546e-01
1 166 2 8.357377e-02
2 166 2 8.273945e-02
3 166 2 8.137247e-02
4 166 2 8.099070e-02
5 166 2 7.833878e-02
6 166 2 7.245033e-02
7 166 2 6.841503e-02
8 166 2 6.892545e-02
9 166 2 7.150505e-02
10 166 2 7.521807e-02
11 166 2 8.109612e-02
12 166 2 8.518217e-02
1 170 2 3.711059e-03
2 170 2 4.081429e-03
3 170 2 4.009982e-03
4 170 2 3.644859e-03
5 170 2 3.037256e-03
6 170 2 2.553802e-03
7 170 2 2.415497e-03
8 170 2 2.306022e-03
9 170 2 2.344807e-03
10 170 2 2.610926e-03
11 170 2 2.880671e-03
12 170 2 3.317271e-03
1 171 2 1.335171e-02
2 171 2 1.465634e-02
3 171 2 1.483377e-02
4 171 2 1.319736e-02
5 171 2 1.097872e-02
6 171 2 9.408248e-03
7 171 2 8.541677e-03
8 171 2 8.093507e-03
9 171 2 8.211431e-03
10 171 2 8.931745e-03
11 171 2 1.019416e-02
12 171 2 1.204342e-02
1 175 2 3.845278e-04
2 175 2 4.065355e-04
3 175 2 4.077016e-04
4 175 2 3.818611e-04
5 175 2 3.317771e-04
6 175 2 3.023330e-04
7 175 2 2.960599e-04
8 175 2 2.935603e-04
9 175 2 2.730431e-04
10 175 2 2.760079e-04
11 175 2 2.885637e-04
12 175 2 3.366112e-04
1 176 2 2.772457e-01
2 176 2 2.793244e-01
3 176 2 2.734577e-01
4 176 2 2.415225e-01
5 176 2 1.953810e-01
6 176 2 1.770518e-01
7 176 2 1.767289e-01
8 176 2 2.016242e-01
9 176 2 2.195896e-01
10 176 2 2.343556e-01
11 176 2 2.501571e-01
12 176 2 2.657283e-01
1 177 2 1.216167e+00
2 177 2 1.181782e+00
3 177 2 1.115823e+00
4 177 2 9.757126e-01
5 177 2 7.978670e-01
6 177 2 6.813110e-01
7 177 2 7.088937e-01
8 177 2 8.493850e-01
9 177 2 1.067544e+00
10 177 2 1.110205e+00
11 177 2 1.132724e+00
12 177 2 1.135038e+00
1 178 2 4.432217e-01
2 178 2 4.380416e-01
3 178 2 4.198949e-01
4 178 2 3.519394e-01
5 178 2 3.064353e-01
6 178 2 2.590060e-01
7 178 2 2.466868e-01
8 178 2 2.485024e-01
9 178 2 2.834107e-01
10 178 2 3.049418e-01
11 178 2 3.444145e-01
12 178 2 3.823725e-01
1 181 2 5.415525e-03
2 181 2 5.719990e-03
3 181 2 5.798759e-03
4 181 2 5.544390e-03
5 181 2 4.572393e-03
6 181 2 3.953734e-03
7 181 2 3.495915e-03
8 181 2 3.577784e-03
9 181 2 3.876166e-03
10 181 2 4.197164e-03
11 181 2 4.753343e-03
12 181 2 5.060935e-03
1 182 2 6.462244e-01
2 182 2 5.973106e-01
3 182 2 5.632371e-01
4 182 2 4.704930e-01
5 182 2 3.684380e-01
6 182 2 2.755695e-01
7 182 2 2.732266e-01
8 182 2 3.796822e-01
9 182 2 5.268499e-01
10 182 2 6.461626e-01
11 182 2 7.141426e-01
12 182 2 6.854715e-01
1 183 2 1.373935e-01
2 183 2 1.319894e-01
3 183 2 1.260087e-01
4 183 2 1.142554e-01
5 183 2 9.613255e-02
6 183 2 7.802297e-02
7 183 2 7.259218e-02
8 183 2 8.620044e-02
9 183 2 1.002276e-01
10 183 2 1.185692e-01
11 183 2 1.290858e-01
12 183 2 1.327731e-01
1 184 2 4.290521e-02
2 184 2 4.347403e-02
3 184 2 4.210392e-02
4 184 2 3.789080e-02
5 184 2 3.150041e-02
6 184 2 2.545827e-02
7 184 2 2.295696e-02
8 184 2 2.397630e-02
9 184 2 2.539888e-02
10 184 2 2.916741e-02
11 184 2 3.412784e-02
12 184 2 3.889818e-02
1 188 2 4.275033e-02
2 188 2 4.237759e-02
3 188 2 3.928023e-02
4 188 2 3.207499e-02
5 188 2 2.266932e-02
6 188 2 1.724308e-02
7 188 2 1.483753e-02
8 188 2 1.509314e-02
9 188 2 2.044357e-02
10 188 2 2.686574e-02
11 188 2 3.199443e-02
12 188 2 3.990565e-02
1 189 2 3.728145e-02
2 189 2 3.445558e-02
3 189 2 3.125428e-02
4 189 2 2.310155e-02
5 189 2 1.529530e-02
6 189 2 1.081626e-02
7 189 2 1.028395e-02
8 189 2 1.263210e-02
9 189 2 2.032094e-02
10 189 2 2.893404e-02
11 189 2 3.519344e-02
12 189 2 3.677698e-02
1 190 2 1.526120e-01
2 190 2 1.446027e-01
3 190 2 1.255154e-01
4 190 2 8.889995e-02
5 190 2 6.202548e-02
6 190 2 4.499595e-02
7 190 2 4.227874e-02
8 190 2 5.096690e-02
9 190 2 7.158871e-02
10 190 2 9.759272e-02
11 190 2 1.278776e-01
12 190 2 1.434763e-01
1 191 2 1.013218e-01
2 191 2 1.049961e-01
3 191 2 1.020567e-01
4 191 2 8.431031e-02
5 191 2 6.932994e-02
6 191 2 5.695334e-02
7 191 2 5.007157e-02
8 191 2 5.085204e-02
9 191 2 5.548060e-02
10 191 2 6.227128e-02
11 191 2 7.658714e-02
12 191 2 9.010407e-02
1 192 2 2.564551e-02
2 192 2 2.771567e-02
3 192 2 2.700362e-02
4 192 2 2.338109e-02
5 192 2 1.976055e-02
6 192 2 1.682531e-02
7 192 2 1.478610e-02
8 192 2 1.373976e-02
9 192 2 1.414710e-02
10 192 2 1.553513e-02
11 192 2 1.854493e-02
12 192 2 2.226841e-02
1 200 2 1.205401e+00
2 200 2 1.240058e+00
3 200 2 1.014095e+00
4 200 2 6.703893e-01
5 200 2 4.388034e-01
6 200 2 3.573648e-01
7 200 2 3.395151e-01
8 200 2 3.661381e-01
9 200 2 4.055628e-01
10 200 2 5.185318e-01
11 200 2 7.205765e-01
12 200 2 9.928078e-01
1 201 2 8.177741e-01
2 201 2 8.437735e-01
3 201 2 7.724245e-01
4 201 2 5.945572e-01
5 201 2 4.480557e-01
6 201 2 3.706888e-01
7 201 2 3.503217e-01
8 201 2 3.623759e-01
9 201 2 3.586437e-01
10 201 2 4.267395e-01
11 201 2 5.439783e-01
12 201 2 6.775081e-01
1 206 2 4.299871e-01
2 206 2 4.644420e-01
3 206 2 4.201958e-01
4 206 2 3.585722e-01
5 206 2 2.965373e-01
6 206 2 2.585555e-01
7 206 2 2.217618e-01
8 206 2 2.177420e-01
9 206 2 2.357034e-01
10 206 2 2.668030e-01
11 206 2 3.127546e-01
12 206 2 3.684574e-01
1 207 2 1.627466e-02
2 207 2 1.776988e-02
3 207 2 1.685258e-02
4 207 2 1.528109e-02
5 207 2 1.355207e-02
6 207 2 1.162355e-02
7 207 2 1.024512e-02
8 207 2 1.008883e-02
9 207 2 1.017899e-02
10 207 2 1.121179e-02
11 207 2 1.208298e-02
12 207 2 1.382218e-02
1 212 2 6.016831e-02
2 212 2 6.422595e-02
3 212 2 5.700682e-02
4 212 2 4.792510e-02
5 212 2 3.735382e-02
6 212 2 3.014764e-02
7 212 2 2.502425e-02
8 212 2 2.418571e-02
9 212 2 2.746835e-02
10 212 2 3.241137e-02
11 212 2 3.844553e-02
12 212 2 5.083233e-02
1 213 2 1.310243e-02
2 213 2 1.431998e-02
3 213 2 1.213562e-02
4 213 2 1.026933e-02
5 213 2 7.924158e-03
6 213 2 6.108412e-03
7 213 2 5.184252e-03
8 213 2 5.061086e-03
9 213 2 6.096292e-03
10 213 2 7.512976e-03
11 213 2 9.225840e-03
12 213 2 1.128982e-02
1 214 2 4.652847e-01
2 214 2 4.932601e-01
3 214 2 3.963038e-01
4 214 2 2.943487e-01
5 214 2 2.175777e-01
6 214 2 1.603448e-01
7 214 2 1.388610e-01
8 214 2 1.431552e-01
9 214 2 1.807029e-01
10 214 2 2.422609e-01
11 214 2 3.316330e-01
12 214 2 4.022130e-01
1 215 2 1.722494e-01
2 215 2 1.771814e-01
3 215 2 1.651946e-01
4 215 2 1.316531e-01
5 215 2 1.069359e-01
6 215 2 8.592076e-02
7 215 2 7.424743e-02
8 215 2 7.443001e-02
9 215 2 8.370154e-02
10 215 2 9.957794e-02
11 215 2 1.253823e-01
12 215 2 1.514688e-01
1 216 2 6.296825e-02
2 216 2 6.574348e-02
3 216 2 6.165118e-02
4 216 2 5.011883e-02
5 216 2 4.013228e-02
6 216 2 3.452451e-02
7 216 2 3.033805e-02
8 216 2 2.900880e-02
9 216 2 3.010177e-02
10 216 2 3.421349e-02
11 216 2 4.115303e-02
12 216 2 5.288908e-02
1 224 2 3.526046e-02
2 224 2 3.854803e-02
3 224 2 3.363786e-02
4 224 2 2.896724e-02
5 224 2 2.339159e-02
6 224 2 1.987831e-02
7 224 2 1.805926e-02
8 224 2 1.886269e-02
9 224 2 1.939812e-02
10 224 2 2.287915e-02
11 224 2 2.732223e-02
12 224 2 3.259757e-02
1 240 2 3.884404e-03
2 240 2 3.962067e-03
3 240 2 3.623214e-03
4 240 2 3.199866e-03
5 240 2 2.781095e-03
6 240 2 2.398792e-03
7 240 2 2.350131e-03
8 240 2 2.422848e-03
9 240 2 2.358497e-03
10 240 2 2.539855e-03
11 240 2 2.790677e-03
12 240 2 3.458559e-03
