1 7 2 2.531610e-06
2 7 2 2.162726e-06
3 7 2 2.365255e-06
4 7 2 6.113214e-06
5 7 2 2.103383e-05
6 7 2 5.665202e-05
7 7 2 7.665185e-05
8 7 2 5.226196e-05
9 7 2 2.260154e-05
10 7 2 9.908452e-06
11 7 2 5.249633e-06
12 7 2 3.096942e-06
1 25 2 7.030435e-04
2 25 2 6.675370e-04
3 25 2 9.404493e-04
4 25 2 1.716111e-03
5 25 2 4.800852e-03
6 25 2 8.705734e-03
7 25 2 1.055390e-02
8 25 2 8.092976e-03
9 25 2 4.572960e-03
10 25 2 2.139979e-03
11 25 2 1.020367e-03
12 25 2 5.908913e-04
1 26 2 1.471665e-03
2 26 2 1.211194e-03
3 26 2 2.002809e-03
4 26 2 4.470434e-03
5 26 2 1.259252e-02
6 26 2 2.405137e-02
7 26 2 2.609567e-02
8 26 2 1.952486e-02
9 26 2 1.067907e-02
10 26 2 4.298743e-03
11 26 2 2.245918e-03
12 26 2 1.388537e-03
1 27 2 6.475576e-03
2 27 2 5.717353e-03
3 27 2 1.002249e-02
4 27 2 2.552605e-02
5 27 2 7.188326e-02
6 27 2 1.485914e-01
7 27 2 1.675860e-01
8 27 2 1.261376e-01
9 27 2 6.518343e-02
10 27 2 2.447795e-02
11 27 2 1.297244e-02
12 27 2 8.024347e-03
1 28 2 2.631499e-04
2 28 2 2.394735e-04
3 28 2 4.027528e-04
4 28 2 1.094778e-03
5 28 2 3.126262e-03
6 28 2 6.693276e-03
7 28 2 7.979940e-03
8 28 2 6.012974e-03
9 28 2 3.093202e-03
10 28 2 1.204652e-03
11 28 2 6.013797e-04
12 28 2 3.749269e-04
1 29 2 3.528482e-04
2 29 2 3.337955e-04
3 29 2 5.317527e-04
4 29 2 1.598892e-03
5 29 2 4.781390e-03
6 29 2 1.176743e-02
7 29 2 1.602996e-02
8 29 2 1.192640e-02
9 29 2 5.477197e-03
10 29 2 2.030053e-03
11 29 2 9.596142e-04
12 29 2 5.990332e-04
1 30 2 8.002850e-05
2 30 2 6.998991e-05
3 30 2 1.112385e-04
4 30 2 3.404695e-04
5 30 2 9.431534e-04
6 30 2 2.565010e-03
7 30 2 3.717860e-03
8 30 2 2.847162e-03
9 30 2 1.288243e-03
10 30 2 5.042415e-04
11 30 2 2.325927e-04
12 30 2 1.392994e-04
1 31 2 1.428221e-04
2 31 2 1.100564e-04
3 31 2 1.671891e-04
4 31 2 4.653427e-04
5 31 2 1.201741e-03
6 31 2 3.164122e-03
7 31 2 4.462115e-03
8 31 2 3.601709e-03
9 31 2 1.801814e-03
10 31 2 8.251421e-04
11 31 2 3.961690e-04
12 31 2 2.207637e-04
1 32 2 1.689696e-04
2 32 2 1.398743e-04
3 32 2 1.955202e-04
4 32 2 4.344536e-04
5 32 2 1.160367e-03
6 32 2 2.748682e-03
7 32 2 3.546126e-03
8 32 2 2.929259e-03
9 32 2 1.635732e-03
10 32 2 8.432362e-04
11 32 2 4.357500e-04
12 32 2 2.259844e-04
1 35 2 9.945836e-03
2 35 2 9.476885e-03
3 35 2 1.029470e-02
4 35 2 1.371862e-02
5 35 2 2.150576e-02
6 35 2 3.284400e-02
7 35 2 3.952141e-02
8 35 2 3.629112e-02
9 35 2 2.466485e-02
10 35 2 1.783265e-02
11 35 2 1.350728e-02
12 35 2 1.097344e-02
1 36 2 1.193433e-03
2 36 2 1.120402e-03
3 36 2 1.241736e-03
4 36 2 1.491434e-03
5 36 2 2.039784e-03
6 36 2 2.942556e-03
7 36 2 3.465500e-03
8 36 2 3.530399e-03
9 36 2 2.694859e-03
10 36 2 2.111313e-03
11 36 2 1.615969e-03
12 36 2 1.338968e-03
1 37 2 3.102799e-02
2 37 2 3.003079e-02
3 37 2 3.784019e-02
4 37 2 4.865740e-02
5 37 2 7.356070e-02
6 37 2 1.115707e-01
7 37 2 1.297625e-01
8 37 2 1.275596e-01
9 37 2 9.387201e-02
10 37 2 7.038759e-02
11 37 2 4.960997e-02
12 37 2 3.800546e-02
1 38 2 7.222675e-02
2 38 2 7.216200e-02
3 38 2 1.099293e-01
4 38 2 1.629883e-01
5 38 2 2.975743e-01
6 38 2 5.280230e-01
7 38 2 6.259506e-01
8 38 2 5.428811e-01
9 38 2 3.506598e-01
10 38 2 2.396756e-01
11 38 2 1.369554e-01
12 38 2 9.883228e-02
1 39 2 5.858331e-02
2 39 2 6.103202e-02
3 39 2 9.885928e-02
4 39 2 1.526469e-01
5 39 2 2.961856e-01
6 39 2 5.726015e-01
7 39 2 7.110109e-01
8 39 2 5.756470e-01
9 39 2 3.628373e-01
10 39 2 2.291275e-01
11 39 2 1.159794e-01
12 39 2 8.465653e-02
1 40 2 1.444012e-02
2 40 2 1.584332e-02
3 40 2 2.825633e-02
4 40 2 4.751526e-02
5 40 2 1.038707e-01
6 40 2 2.358323e-01
7 40 2 2.950627e-01
8 40 2 2.164506e-01
9 40 2 1.333313e-01
10 40 2 7.184018e-02
11 40 2 3.077426e-02
12 40 2 2.292586e-02
1 41 2 7.688845e-03
2 41 2 8.219759e-03
3 41 2 1.647212e-02
4 41 2 2.933802e-02
5 41 2 7.358405e-02
6 41 2 1.867271e-01
7 41 2 2.414270e-01
8 41 2 1.693358e-01
9 41 2 9.463269e-02
10 41 2 4.101469e-02
11 41 2 1.575674e-02
12 41 2 1.313304e-02
1 42 2 4.160440e-03
2 42 2 4.351903e-03
3 42 2 9.384819e-03
4 42 2 1.851336e-02
5 42 2 5.263037e-02
6 42 2 1.459809e-01
7 42 2 2.043561e-01
8 42 2 1.364722e-01
9 42 2 6.462674e-02
10 42 2 2.312922e-02
11 42 2 8.623014e-03
12 42 2 7.073929e-03
1 43 2 1.168272e-04
2 43 2 1.211348e-04
3 43 2 2.858152e-04
4 43 2 6.973976e-04
5 43 2 2.334318e-03
6 43 2 6.884267e-03
7 43 2 1.006384e-02
8 43 2 6.317383e-03
9 43 2 2.583296e-03
10 43 2 7.931374e-04
11 43 2 2.704769e-04
12 43 2 1.895252e-04
1 44 2 4.821627e-04
2 44 2 4.844649e-04
3 44 2 1.053786e-03
4 44 2 2.848883e-03
5 44 2 1.064334e-02
6 44 2 3.354069e-02
7 44 2 4.902157e-02
8 44 2 2.955970e-02
9 44 2 1.065583e-02
10 44 2 3.157106e-03
11 44 2 1.036171e-03
12 44 2 7.005681e-04
1 45 2 1.107338e-03
2 45 2 1.241003e-03
3 45 2 2.261322e-03
4 45 2 6.668819e-03
5 45 2 2.792771e-02
6 45 2 9.266706e-02
7 45 2 1.296400e-01
8 45 2 7.893765e-02
9 45 2 2.714488e-02
10 45 2 6.930655e-03
11 45 2 2.008899e-03
12 45 2 1.312917e-03
1 46 2 5.025624e-04
2 46 2 6.322358e-04
3 46 2 9.938267e-04
4 46 2 2.759756e-03
5 46 2 1.083745e-02
6 46 2 3.361655e-02
7 46 2 4.702719e-02
8 46 2 2.946778e-02
9 46 2 1.106894e-02
10 46 2 2.682979e-03
11 46 2 7.376568e-04
12 46 2 5.260524e-04
1 47 2 6.607204e-04
2 47 2 8.408576e-04
3 47 2 1.184900e-03
4 47 2 2.654801e-03
5 47 2 9.048887e-03
6 47 2 2.492967e-02
7 47 2 3.380995e-02
8 47 2 2.292557e-02
9 47 2 9.711971e-03
10 47 2 2.995544e-03
11 47 2 8.837639e-04
12 47 2 6.717781e-04
1 48 2 8.939491e-04
2 48 2 1.026913e-03
3 48 2 1.412462e-03
4 48 2 2.758240e-03
5 48 2 8.559347e-03
6 48 2 1.968796e-02
7 48 2 2.616348e-02
8 48 2 1.840750e-02
9 48 2 8.762715e-03
10 48 2 3.267050e-03
11 48 2 1.176097e-03
12 48 2 7.799160e-04
1 49 2 7.656867e-04
2 49 2 6.967073e-04
3 49 2 7.902705e-04
4 49 2 9.249415e-04
5 49 2 1.322864e-03
6 49 2 2.012660e-03
7 49 2 3.001551e-03
8 49 2 2.822537e-03
9 49 2 1.968687e-03
10 49 2 1.408785e-03
11 49 2 1.028527e-03
12 49 2 7.503088e-04
1 50 2 3.120324e-03
2 50 2 2.693461e-03
3 50 2 3.157153e-03
4 50 2 3.598827e-03
5 50 2 5.065098e-03
6 50 2 7.432961e-03
7 50 2 1.025858e-02
8 50 2 9.865296e-03
9 50 2 7.143371e-03
10 50 2 5.092095e-03
11 50 2 3.812354e-03
12 50 2 3.001813e-03
1 51 2 1.200700e-03
2 51 2 1.095827e-03
3 51 2 1.190737e-03
4 51 2 1.374504e-03
5 51 2 1.873484e-03
6 51 2 2.627413e-03
7 51 2 3.423903e-03
8 51 2 3.395472e-03
9 51 2 2.821139e-03
10 51 2 1.984317e-03
11 51 2 1.487173e-03
12 51 2 1.246296e-03
1 52 2 4.562067e-01
2 52 2 4.795124e-01
3 52 2 6.023766e-01
4 52 2 8.781830e-01
5 52 2 1.485123e+00
6 52 2 2.043862e+00
7 52 2 2.621632e+00
8 52 2 2.452124e+00
9 52 2 1.979446e+00
10 52 2 1.130788e+00
11 52 2 6.806237e-01
12 52 2 5.248647e-01
1 53 2 1.236739e-01
2 53 2 1.551655e-01
3 53 2 2.628831e-01
4 53 2 5.737953e-01
5 53 2 1.092682e+00
6 53 2 1.631652e+00
7 53 2 2.264926e+00
8 53 2 1.929981e+00
9 53 2 1.306226e+00
10 53 2 5.761007e-01
11 53 2 2.569564e-01
12 53 2 1.627923e-01
1 54 2 6.376664e-02
2 54 2 8.272166e-02
3 54 2 1.546929e-01
4 54 2 3.843965e-01
5 54 2 7.571414e-01
6 54 2 1.462452e+00
7 54 2 2.077482e+00
8 54 2 1.742022e+00
9 54 2 1.056509e+00
10 54 2 4.493305e-01
11 54 2 1.926036e-01
12 54 2 1.062439e-01
1 55 2 4.364683e-02
2 55 2 4.867785e-02
3 55 2 9.080720e-02
4 55 2 2.126296e-01
5 55 2 4.219435e-01
6 55 2 9.011017e-01
7 55 2 1.252600e+00
8 55 2 1.080258e+00
9 55 2 6.850299e-01
10 55 2 3.284609e-01
11 55 2 1.536743e-01
12 55 2 8.799433e-02
1 56 2 1.555766e-01
2 56 2 1.614546e-01
3 56 2 2.796436e-01
4 56 2 6.235655e-01
5 56 2 1.363031e+00
6 56 2 2.686833e+00
7 56 2 3.714782e+00
8 56 2 3.083081e+00
9 56 2 2.015175e+00
10 56 2 1.038291e+00
11 56 2 4.681003e-01
12 56 2 2.684600e-01
1 57 2 3.146767e-02
2 57 2 3.002327e-02
3 57 2 3.692692e-02
4 57 2 5.604928e-02
5 57 2 9.377923e-02
6 57 2 1.525905e-01
7 57 2 2.172906e-01
8 57 2 1.958319e-01
9 57 2 1.456991e-01
10 57 2 9.358950e-02
11 57 2 5.723048e-02
12 57 2 4.112896e-02
1 60 2 3.634496e+00
2 60 2 3.519681e+00
3 60 2 4.036375e+00
4 60 2 4.787082e+00
5 60 2 5.902092e+00
6 60 2 7.767113e+00
7 60 2 9.042472e+00
8 60 2 9.046275e+00
9 60 2 7.677065e+00
10 60 2 6.267035e+00
11 60 2 5.012163e+00
12 60 2 4.154569e+00
1 61 2 4.906584e+00
2 61 2 4.936097e+00
3 61 2 6.942537e+00
4 61 2 1.045693e+01
5 61 2 1.525346e+01
6 61 2 2.148966e+01
7 61 2 2.543093e+01
8 61 2 2.446666e+01
9 61 2 1.901124e+01
10 61 2 1.293156e+01
11 61 2 8.436041e+00
12 61 2 5.916968e+00
1 62 2 1.213637e+00
2 62 2 1.329218e+00
3 62 2 2.092432e+00
4 62 2 3.787940e+00
5 62 2 6.497133e+00
6 62 2 9.216703e+00
7 62 2 1.127016e+01
8 62 2 1.052029e+01
9 62 2 7.330773e+00
10 62 2 4.371625e+00
11 62 2 2.373986e+00
12 62 2 1.544922e+00
1 63 2 8.912708e-01
2 63 2 1.081965e+00
3 63 2 1.810411e+00
4 63 2 3.807753e+00
5 63 2 7.307704e+00
6 63 2 1.086407e+01
7 63 2 1.389252e+01
8 63 2 1.208921e+01
9 63 2 7.383711e+00
10 63 2 4.032324e+00
11 63 2 1.862560e+00
12 63 2 1.219311e+00
1 64 2 2.131840e-01
2 64 2 2.731109e-01
3 64 2 5.200690e-01
4 64 2 1.231870e+00
5 64 2 2.638277e+00
6 64 2 4.225916e+00
7 64 2 5.356441e+00
8 64 2 4.187540e+00
9 64 2 2.397723e+00
10 64 2 1.059981e+00
11 64 2 4.843590e-01
12 64 2 3.314749e-01
1 65 2 7.210180e-02
2 65 2 8.940669e-02
3 65 2 1.958733e-01
4 65 2 5.523695e-01
5 65 2 1.158143e+00
6 65 2 1.968307e+00
7 65 2 2.551205e+00
8 65 2 1.904081e+00
9 65 2 1.079935e+00
10 65 2 3.832216e-01
11 65 2 1.687017e-01
12 65 2 1.222579e-01
1 66 2 4.780316e-02
2 66 2 5.909962e-02
3 66 2 1.404967e-01
4 66 2 4.609231e-01
5 66 2 9.583908e-01
6 66 2 1.647996e+00
7 66 2 2.272861e+00
8 66 2 1.718286e+00
9 66 2 9.720063e-01
10 66 2 3.220368e-01
11 66 2 1.234093e-01
12 66 2 7.654840e-02
1 67 2 1.659720e-02
2 67 2 2.213159e-02
3 67 2 5.628079e-02
4 67 2 2.079061e-01
5 67 2 4.717269e-01
6 67 2 8.045337e-01
7 67 2 1.124827e+00
8 67 2 8.656464e-01
9 67 2 4.734484e-01
10 67 2 1.741090e-01
11 67 2 5.505459e-02
12 67 2 2.477978e-02
1 68 2 4.283847e-03
2 68 2 5.752054e-03
3 68 2 1.708328e-02
4 68 2 7.852375e-02
5 68 2 2.139873e-01
6 68 2 4.100659e-01
7 68 2 5.879570e-01
8 68 2 4.372835e-01
9 68 2 2.098566e-01
10 68 2 7.709880e-02
11 68 2 1.758126e-02
12 68 2 6.117668e-03
1 69 2 2.809018e-03
2 69 2 3.982666e-03
3 69 2 9.524274e-03
4 69 2 4.176451e-02
5 69 2 1.339199e-01
6 69 2 3.169364e-01
7 69 2 4.643093e-01
8 69 2 3.574242e-01
9 69 2 1.535471e-01
10 69 2 4.992759e-02
11 69 2 9.674165e-03
12 69 2 3.638114e-03
1 70 2 1.126023e-02
2 70 2 1.316105e-02
3 70 2 1.885940e-02
4 70 2 4.920321e-02
5 70 2 1.233860e-01
6 70 2 2.996164e-01
7 70 2 4.849838e-01
8 70 2 4.420162e-01
9 70 2 2.282276e-01
10 70 2 8.135150e-02
11 70 2 2.474227e-02
12 70 2 1.392811e-02
1 71 2 8.384349e-03
2 71 2 8.508153e-03
3 71 2 9.627622e-03
4 71 2 1.544942e-02
5 71 2 2.991979e-02
6 71 2 6.241550e-02
7 71 2 9.578820e-02
8 71 2 9.523749e-02
9 71 2 6.110347e-02
10 71 2 2.910277e-02
11 71 2 1.390313e-02
12 71 2 9.656197e-03
1 72 2 3.521573e-05
2 72 2 3.363409e-05
3 72 2 3.643905e-05
4 72 2 4.646014e-05
5 72 2 7.228855e-05
6 72 2 1.257845e-04
7 72 2 1.948258e-04
8 72 2 1.873767e-04
9 72 2 1.310950e-04
10 72 2 7.948859e-05
11 72 2 4.897593e-05
12 72 2 3.497524e-05
1 76 2 1.091396e+00
2 76 2 9.985154e-01
3 76 2 1.008565e+00
4 76 2 1.097078e+00
5 76 2 1.491497e+00
6 76 2 2.126779e+00
7 76 2 2.851893e+00
8 76 2 3.043493e+00
9 76 2 2.899856e+00
10 76 2 1.936525e+00
11 76 2 1.250108e+00
12 76 2 1.093328e+00
1 77 2 1.057288e+00
2 77 2 1.372880e+00
3 77 2 1.798390e+00
4 77 2 2.906594e+00
5 77 2 4.880289e+00
6 77 2 7.534657e+00
7 77 2 1.023757e+01
8 77 2 9.717110e+00
9 77 2 7.198023e+00
10 77 2 3.636526e+00
11 77 2 1.595719e+00
12 77 2 1.005773e+00
1 78 2 1.215845e+00
2 78 2 1.661280e+00
3 78 2 2.313432e+00
4 78 2 4.149384e+00
5 78 2 6.488439e+00
6 78 2 1.030139e+01
7 78 2 1.271593e+01
8 78 2 1.190692e+01
9 78 2 7.720318e+00
10 78 2 4.094236e+00
11 78 2 2.210976e+00
12 78 2 1.276471e+00
1 79 2 3.939455e+00
2 79 2 4.833777e+00
3 79 2 7.097379e+00
4 79 2 1.177218e+01
5 79 2 1.788521e+01
6 79 2 2.921854e+01
7 79 2 3.580366e+01
8 79 2 3.391762e+01
9 79 2 2.342032e+01
10 79 2 1.413757e+01
11 79 2 8.054857e+00
12 79 2 4.934257e+00
1 80 2 1.912511e+00
2 80 2 1.916245e+00
3 80 2 2.407882e+00
4 80 2 3.255732e+00
5 80 2 4.855636e+00
6 80 2 7.387675e+00
7 80 2 9.512753e+00
8 80 2 9.417467e+00
9 80 2 7.816326e+00
10 80 2 5.480060e+00
11 80 2 3.196849e+00
12 80 2 2.363004e+00
1 81 2 4.756269e-07
2 81 2 4.310326e-07
3 81 2 4.539943e-07
4 81 2 5.383260e-07
5 81 2 7.751846e-07
6 81 2 1.044539e-06
7 81 2 1.393757e-06
8 81 2 1.495471e-06
9 81 2 1.359850e-06
10 81 2 1.043403e-06
11 81 2 6.897294e-07
12 81 2 5.646788e-07
1 84 2 2.653170e+00
2 84 2 2.805069e+00
3 84 2 3.469309e+00
4 84 2 4.384122e+00
5 84 2 5.877784e+00
6 84 2 9.631176e+00
7 84 2 1.289926e+01
8 84 2 1.236069e+01
9 84 2 9.274806e+00
10 84 2 5.853333e+00
11 84 2 3.932134e+00
12 84 2 3.003726e+00
1 85 2 1.768004e+00
2 85 2 1.990912e+00
3 85 2 2.588506e+00
4 85 2 3.760858e+00
5 85 2 6.020315e+00
6 85 2 9.196973e+00
7 85 2 1.272487e+01
8 85 2 1.210528e+01
9 85 2 8.716621e+00
10 85 2 4.808140e+00
11 85 2 2.711588e+00
12 85 2 1.967531e+00
1 86 2 6.288612e-01
2 86 2 7.120025e-01
3 86 2 9.098867e-01
4 86 2 1.321633e+00
5 86 2 2.124126e+00
6 86 2 3.082060e+00
7 86 2 4.233931e+00
8 86 2 4.247781e+00
9 86 2 3.144167e+00
10 86 2 1.823268e+00
11 86 2 1.004346e+00
12 86 2 7.177990e-01
1 87 2 4.628803e-01
2 87 2 6.262238e-01
3 87 2 8.941329e-01
4 87 2 1.413420e+00
5 87 2 2.479658e+00
6 87 2 3.727240e+00
7 87 2 5.052984e+00
8 87 2 5.148822e+00
9 87 2 3.732920e+00
10 87 2 2.101733e+00
11 87 2 9.234460e-01
12 87 2 5.613148e-01
1 88 2 2.526551e-01
2 88 2 3.587906e-01
3 88 2 5.626366e-01
4 88 2 1.067543e+00
5 88 2 2.190912e+00
6 88 2 3.443513e+00
7 88 2 4.409897e+00
8 88 2 3.867824e+00
9 88 2 2.499389e+00
10 88 2 1.181165e+00
11 88 2 6.055465e-01
12 88 2 3.363589e-01
1 89 2 1.662646e-01
2 89 2 2.313356e-01
3 89 2 4.390678e-01
4 89 2 8.258116e-01
5 89 2 1.648002e+00
6 89 2 2.461923e+00
7 89 2 2.871993e+00
8 89 2 2.515181e+00
9 89 2 1.641421e+00
10 89 2 7.811035e-01
11 89 2 4.298022e-01
12 89 2 2.378973e-01
1 90 2 4.450792e-02
2 90 2 5.865997e-02
3 90 2 1.164044e-01
4 90 2 2.089211e-01
5 90 2 3.207862e-01
6 90 2 4.246144e-01
7 90 2 4.768682e-01
8 90 2 4.412351e-01
9 90 2 3.215532e-01
10 90 2 1.917928e-01
11 90 2 1.057456e-01
12 90 2 6.019865e-02
1 91 2 4.138757e-03
2 91 2 5.856159e-03
3 91 2 1.223481e-02
4 91 2 2.311995e-02
5 91 2 3.412144e-02
6 91 2 4.337153e-02
7 91 2 4.869992e-02
8 91 2 4.466250e-02
9 91 2 3.211326e-02
10 91 2 1.987818e-02
11 91 2 1.030245e-02
12 91 2 5.288831e-03
1 92 2 2.385499e-02
2 92 2 3.407540e-02
3 92 2 8.541844e-02
4 92 2 2.037886e-01
5 92 2 3.843157e-01
6 92 2 5.889070e-01
7 92 2 7.069035e-01
8 92 2 6.433955e-01
9 92 2 4.025145e-01
10 92 2 2.139235e-01
11 92 2 8.390094e-02
12 92 2 3.601661e-02
1 93 2 3.528205e-01
2 93 2 4.257094e-01
3 93 2 8.752812e-01
4 93 2 2.039940e+00
5 93 2 3.639138e+00
6 93 2 5.775057e+00
7 93 2 7.746937e+00
8 93 2 7.615899e+00
9 93 2 5.122492e+00
10 93 2 2.949933e+00
11 93 2 1.263322e+00
12 93 2 5.261989e-01
1 94 2 1.013930e+00
2 94 2 1.008818e+00
3 94 2 1.347016e+00
4 94 2 2.387160e+00
5 94 2 4.074737e+00
6 94 2 6.416173e+00
7 94 2 8.863917e+00
8 94 2 9.659707e+00
9 94 2 7.956847e+00
10 94 2 4.802738e+00
11 94 2 2.577749e+00
12 94 2 1.408420e+00
1 98 2 1.380002e-01
2 98 2 1.284598e-01
3 98 2 1.209648e-01
4 98 2 1.287927e-01
5 98 2 1.461709e-01
6 98 2 1.672627e-01
7 98 2 1.881362e-01
8 98 2 1.982864e-01
9 98 2 1.956643e-01
10 98 2 1.849550e-01
11 98 2 1.663657e-01
12 98 2 1.513946e-01
1 101 2 1.403671e-01
2 101 2 1.442320e-01
3 101 2 1.478005e-01
4 101 2 1.822604e-01
5 101 2 2.343905e-01
6 101 2 2.736753e-01
7 101 2 2.921328e-01
8 101 2 2.927272e-01
9 101 2 2.814182e-01
10 101 2 2.412873e-01
11 101 2 1.855433e-01
12 101 2 1.488190e-01
1 102 2 1.385264e+00
2 102 2 1.565850e+00
3 102 2 1.924458e+00
4 102 2 2.407111e+00
5 102 2 2.785597e+00
6 102 2 3.040978e+00
7 102 2 3.126611e+00
8 102 2 3.166118e+00
9 102 2 2.853556e+00
10 102 2 2.198383e+00
11 102 2 1.764477e+00
12 102 2 1.446209e+00
1 103 2 1.327205e+00
2 103 2 1.354423e+00
3 103 2 1.476152e+00
4 103 2 1.667996e+00
5 103 2 1.942514e+00
6 103 2 2.222958e+00
7 103 2 2.404958e+00
8 103 2 2.523950e+00
9 103 2 2.475473e+00
10 103 2 2.163349e+00
11 103 2 1.779694e+00
12 103 2 1.479757e+00
1 104 2 2.355286e-01
2 104 2 2.260073e-01
3 104 2 2.284630e-01
4 104 2 2.504767e-01
5 104 2 2.928852e-01
6 104 2 3.361000e-01
7 104 2 3.772136e-01
8 104 2 4.074826e-01
9 104 2 4.107626e-01
10 104 2 3.837335e-01
11 104 2 3.156554e-01
12 104 2 2.613623e-01
1 107 2 1.439805e-01
2 107 2 1.518968e-01
3 107 2 1.773449e-01
4 107 2 2.032178e-01
5 107 2 2.278959e-01
6 107 2 2.917615e-01
7 107 2 3.189077e-01
8 107 2 3.176174e-01
9 107 2 2.973374e-01
10 107 2 2.543282e-01
11 107 2 2.021816e-01
12 107 2 1.581136e-01
1 108 2 1.142067e-02
2 108 2 1.459562e-02
3 108 2 2.120171e-02
4 108 2 3.283681e-02
5 108 2 5.097150e-02
6 108 2 6.995998e-02
7 108 2 7.489005e-02
8 108 2 6.618703e-02
9 108 2 5.355576e-02
10 108 2 3.694976e-02
11 108 2 1.924707e-02
12 108 2 1.225264e-02
1 109 2 2.165959e-02
2 109 2 2.860917e-02
3 109 2 4.474659e-02
4 109 2 7.765388e-02
5 109 2 1.323054e-01
6 109 2 1.667777e-01
7 109 2 1.694612e-01
8 109 2 1.557824e-01
9 109 2 1.250977e-01
10 109 2 8.777659e-02
11 109 2 3.904084e-02
12 109 2 2.280621e-02
1 110 2 9.546151e-03
2 110 2 1.215997e-02
3 110 2 1.952953e-02
4 110 2 3.023095e-02
5 110 2 4.688699e-02
6 110 2 5.429739e-02
7 110 2 5.837493e-02
8 110 2 5.773235e-02
9 110 2 4.860929e-02
10 110 2 3.543925e-02
11 110 2 1.714214e-02
12 110 2 1.009005e-02
1 111 2 3.275844e-01
2 111 2 4.097126e-01
3 111 2 6.633157e-01
4 111 2 1.005310e+00
5 111 2 1.519380e+00
6 111 2 1.948572e+00
7 111 2 2.059786e+00
8 111 2 2.040139e+00
9 111 2 1.737357e+00
10 111 2 1.130935e+00
11 111 2 6.092266e-01
12 111 2 3.721268e-01
1 112 2 3.772613e-01
2 112 2 4.864323e-01
3 112 2 8.533408e-01
4 112 2 1.419056e+00
5 112 2 2.157914e+00
6 112 2 2.629673e+00
7 112 2 2.678251e+00
8 112 2 2.496407e+00
9 112 2 1.905732e+00
10 112 2 1.265165e+00
11 112 2 7.260725e-01
12 112 2 4.463094e-01
1 113 2 2.164940e-01
2 113 2 2.742778e-01
3 113 2 4.607884e-01
4 113 2 6.890670e-01
5 113 2 8.479629e-01
6 113 2 7.403971e-01
7 113 2 6.353045e-01
8 113 2 6.067675e-01
9 113 2 6.001216e-01
10 113 2 5.479683e-01
11 113 2 3.832695e-01
12 113 2 2.588640e-01
1 114 2 5.901717e-01
2 114 2 8.003028e-01
3 114 2 1.425876e+00
4 114 2 2.078477e+00
5 114 2 2.397951e+00
6 114 2 1.755435e+00
7 114 2 1.449871e+00
8 114 2 1.328982e+00
9 114 2 1.282515e+00
10 114 2 1.147875e+00
11 114 2 8.750497e-01
12 114 2 6.481816e-01
1 115 2 2.133214e-01
2 115 2 3.103635e-01
3 115 2 4.919767e-01
4 115 2 6.098481e-01
5 115 2 5.446232e-01
6 115 2 5.056648e-01
7 115 2 4.877043e-01
8 115 2 4.679178e-01
9 115 2 4.303447e-01
10 115 2 3.845789e-01
11 115 2 2.921425e-01
12 115 2 2.095903e-01
1 116 2 1.940760e-01
2 116 2 2.484410e-01
3 116 2 3.799255e-01
4 116 2 5.377707e-01
5 116 2 6.254612e-01
6 116 2 7.122417e-01
7 116 2 7.467022e-01
8 116 2 7.147597e-01
9 116 2 5.790349e-01
10 116 2 4.629255e-01
11 116 2 3.363063e-01
12 116 2 2.215442e-01
1 117 2 5.175060e-02
2 117 2 5.404056e-02
3 117 2 6.824826e-02
4 117 2 9.342308e-02
5 117 2 1.189667e-01
6 117 2 1.409492e-01
7 117 2 1.500552e-01
8 117 2 1.498584e-01
9 117 2 1.367367e-01
10 117 2 1.170549e-01
11 117 2 9.449397e-02
12 117 2 6.826123e-02
1 126 2 2.586676e-03
2 126 2 2.688585e-03
3 126 2 2.914059e-03
4 126 2 3.077068e-03
5 126 2 3.040172e-03
6 126 2 2.825499e-03
7 126 2 2.723617e-03
8 126 2 2.750226e-03
9 126 2 2.735667e-03
10 126 2 2.688231e-03
11 126 2 2.626735e-03
12 126 2 2.586964e-03
1 127 2 2.607361e-01
2 127 2 2.651740e-01
3 127 2 2.798855e-01
4 127 2 2.905805e-01
5 127 2 2.945393e-01
6 127 2 2.852986e-01
7 127 2 2.853774e-01
8 127 2 2.919263e-01
9 127 2 2.888144e-01
10 127 2 2.772393e-01
11 127 2 2.686793e-01
12 127 2 2.653535e-01
1 128 2 1.181240e+00
2 128 2 1.213122e+00
3 128 2 1.245348e+00
4 128 2 1.215671e+00
5 128 2 1.182548e+00
6 128 2 1.147025e+00
7 128 2 1.222517e+00
8 128 2 1.390007e+00
9 128 2 1.461580e+00
10 128 2 1.380531e+00
11 128 2 1.255391e+00
12 128 2 1.182829e+00
1 129 2 3.371051e-02
2 129 2 3.324766e-02
3 129 2 3.408620e-02
4 129 2 3.507470e-02
5 129 2 3.561589e-02
6 129 2 3.657939e-02
7 129 2 3.822185e-02
8 129 2 4.166175e-02
9 129 2 4.352776e-02
10 129 2 4.371952e-02
11 129 2 3.991742e-02
12 129 2 3.546176e-02
1 133 2 7.235795e-01
2 133 2 8.412683e-01
3 133 2 1.009897e+00
4 133 2 1.036897e+00
5 133 2 9.890939e-01
6 133 2 9.091109e-01
7 133 2 8.113900e-01
8 133 2 7.597745e-01
9 133 2 7.922756e-01
10 133 2 8.438040e-01
11 133 2 8.050026e-01
12 133 2 7.043777e-01
1 135 2 3.127274e-02
2 135 2 3.523344e-02
3 135 2 4.190061e-02
4 135 2 4.512501e-02
5 135 2 4.336081e-02
6 135 2 3.868228e-02
7 135 2 3.341765e-02
8 135 2 3.375209e-02
9 135 2 3.586545e-02
10 135 2 3.372937e-02
11 135 2 3.232931e-02
12 135 2 3.036897e-02
1 136 2 3.501235e-02
2 136 2 3.603480e-02
3 136 2 4.456375e-02
4 136 2 5.417596e-02
5 136 2 5.932511e-02
6 136 2 5.412713e-02
7 136 2 4.789618e-02
8 136 2 4.778633e-02
9 136 2 4.803332e-02
10 136 2 4.518484e-02
11 136 2 4.272204e-02
12 136 2 3.793770e-02
1 137 2 8.513243e-03
2 137 2 8.931269e-03
3 137 2 1.023988e-02
4 137 2 1.125213e-02
5 137 2 1.110653e-02
6 137 2 1.021913e-02
7 137 2 9.453779e-03
8 137 2 9.121952e-03
9 137 2 9.127683e-03
10 137 2 9.508939e-03
11 137 2 9.401374e-03
12 137 2 8.864654e-03
1 138 2 3.403562e-01
2 138 2 3.742759e-01
3 138 2 4.342153e-01
4 138 2 4.832547e-01
5 138 2 4.875743e-01
6 138 2 4.285288e-01
7 138 2 3.969909e-01
8 138 2 3.828485e-01
9 138 2 3.838931e-01
10 138 2 3.861300e-01
11 138 2 3.745535e-01
12 138 2 3.473670e-01
1 139 2 5.751962e-01
2 139 2 6.550422e-01
3 139 2 7.319452e-01
4 139 2 7.682286e-01
5 139 2 7.574023e-01
6 139 2 7.053472e-01
7 139 2 6.673652e-01
8 139 2 6.424491e-01
9 139 2 6.341220e-01
10 139 2 6.390449e-01
11 139 2 6.081001e-01
12 139 2 5.566345e-01
1 140 2 1.908769e-01
2 140 2 1.973738e-01
3 140 2 2.143633e-01
4 140 2 2.428701e-01
5 140 2 2.578933e-01
6 140 2 2.477069e-01
7 140 2 2.345382e-01
8 140 2 2.262101e-01
9 140 2 2.229123e-01
10 140 2 2.241443e-01
11 140 2 2.194103e-01
12 140 2 2.045574e-01
1 141 2 2.986656e-01
2 141 2 2.955753e-01
3 141 2 3.040414e-01
4 141 2 3.336829e-01
5 141 2 3.600881e-01
6 141 2 3.560683e-01
7 141 2 3.464398e-01
8 141 2 3.359412e-01
9 141 2 3.330941e-01
10 141 2 3.338772e-01
11 141 2 3.372097e-01
12 141 2 3.274043e-01
1 150 2 3.455035e-04
2 150 2 3.782079e-04
3 150 2 4.048285e-04
4 150 2 4.139703e-04
5 150 2 3.873500e-04
6 150 2 3.416252e-04
7 150 2 3.116575e-04
8 150 2 3.041317e-04
9 150 2 2.942992e-04
10 150 2 2.876034e-04
11 150 2 2.931951e-04
12 150 2 3.119512e-04
1 151 2 2.240781e-01
2 151 2 2.383332e-01
3 151 2 2.527038e-01
4 151 2 2.586625e-01
5 151 2 2.502739e-01
6 151 2 2.355853e-01
7 151 2 2.303799e-01
8 151 2 2.392744e-01
9 151 2 2.278105e-01
10 151 2 2.137766e-01
11 151 2 2.075081e-01
12 151 2 2.126849e-01
1 152 2 1.775362e-01
2 152 2 1.798311e-01
3 152 2 1.814959e-01
4 152 2 1.724680e-01
5 152 2 1.657879e-01
6 152 2 1.628270e-01
7 152 2 1.861548e-01
8 152 2 2.482150e-01
9 152 2 2.635074e-01
10 152 2 2.245898e-01
11 152 2 1.925951e-01
12 152 2 1.781109e-01
1 153 2 2.057944e-01
2 153 2 2.107863e-01
3 153 2 2.223941e-01
4 153 2 2.181392e-01
5 153 2 2.106574e-01
6 153 2 2.068233e-01
7 153 2 2.414285e-01
8 153 2 3.155036e-01
9 153 2 3.837404e-01
10 153 2 3.429851e-01
11 153 2 2.594506e-01
12 153 2 2.164764e-01
1 154 2 5.600034e-01
2 154 2 5.569650e-01
3 154 2 5.795936e-01
4 154 2 5.553582e-01
5 154 2 5.193105e-01
6 154 2 4.671259e-01
7 154 2 4.410896e-01
8 154 2 4.594970e-01
9 154 2 5.180768e-01
10 154 2 5.822258e-01
11 154 2 6.136010e-01
12 154 2 5.933229e-01
1 157 2 2.231221e-02
2 157 2 2.316901e-02
3 157 2 2.480574e-02
4 157 2 2.445629e-02
5 157 2 2.383786e-02
6 157 2 2.241168e-02
7 157 2 2.138394e-02
8 157 2 2.116839e-02
9 157 2 2.101540e-02
10 157 2 2.138183e-02
11 157 2 2.153512e-02
12 157 2 2.181615e-02
1 163 2 1.039746e-01
2 163 2 1.053677e-01
3 163 2 1.084945e-01
4 163 2 1.150049e-01
5 163 2 1.151171e-01
6 163 2 1.064303e-01
7 163 2 9.839447e-02
8 163 2 9.239433e-02
9 163 2 9.371739e-02
10 163 2 9.914938e-02
11 163 2 1.030253e-01
12 163 2 1.038325e-01
1 164 2 3.928609e-01
2 164 2 3.895018e-01
3 164 2 4.003442e-01
4 164 2 4.190208e-01
5 164 2 4.140918e-01
6 164 2 3.830030e-01
7 164 2 3.545031e-01
8 164 2 3.462842e-01
9 164 2 3.707998e-01
10 164 2 4.062276e-01
11 164 2 4.144315e-01
12 164 2 4.075303e-01
1 165 2 1.767059e-01
2 165 2 1.731843e-01
3 165 2 1.753615e-01
4 165 2 1.792402e-01
5 165 2 1.772729e-01
6 165 2 1.631162e-01
7 165 2 1.537962e-01
8 165 2 1.556697e-01
9 165 2 1.659271e-01
10 165 2 1.774120e-01
11 165 2 1.866300e-01
12 165 2 1.868499e-01
1 166 2 7.737398e-02
2 166 2 7.660156e-02
3 166 2 7.533598e-02
4 166 2 7.498253e-02
5 166 2 7.252734e-02
6 166 2 6.707572e-02
7 166 2 6.333977e-02
8 166 2 6.381233e-02
9 166 2 6.620056e-02
10 166 2 6.963814e-02
11 166 2 7.508013e-02
12 166 2 7.886306e-02
1 170 2 3.438344e-03
2 170 2 3.781497e-03
3 170 2 3.715300e-03
4 170 2 3.377009e-03
5 170 2 2.814057e-03
6 170 2 2.366131e-03
7 170 2 2.237989e-03
8 170 2 2.136559e-03
9 170 2 2.172494e-03
10 170 2 2.419057e-03
11 170 2 2.668979e-03
12 170 2 3.073495e-03
1 171 2 1.233290e-02
2 171 2 1.353798e-02
3 171 2 1.370188e-02
4 171 2 1.219034e-02
5 171 2 1.014099e-02
6 171 2 8.690350e-03
7 171 2 7.889903e-03
8 171 2 7.475930e-03
9 171 2 7.584856e-03
10 171 2 8.250206e-03
11 171 2 9.416297e-03
12 171 2 1.112445e-02
1 175 2 3.557396e-04
2 175 2 3.760997e-04
3 175 2 3.771785e-04
4 175 2 3.532725e-04
5 175 2 3.069382e-04
6 175 2 2.796985e-04
7 175 2 2.738950e-04
8 175 2 2.715825e-04
9 175 2 2.526013e-04
10 175 2 2.553442e-04
11 175 2 2.669600e-04
12 175 2 3.114103e-04
1 176 2 2.567501e-01
2 176 2 2.586751e-01
3 176 2 2.532421e-01
4 176 2 2.236678e-01
5 176 2 1.809373e-01
6 176 2 1.639631e-01
7 176 2 1.636641e-01
8 176 2 1.867190e-01
9 176 2 2.033563e-01
10 176 2 2.170307e-01
11 176 2 2.316641e-01
12 176 2 2.460841e-01
1 177 2 1.126812e+00
2 177 2 1.094954e+00
3 177 2 1.033841e+00
4 177 2 9.040247e-01
5 177 2 7.392459e-01
6 177 2 6.312535e-01
7 177 2 6.568096e-01
8 177 2 7.869787e-01
9 177 2 9.891092e-01
10 177 2 1.028636e+00
11 177 2 1.049500e+00
12 177 2 1.051644e+00
1 178 2 4.101621e-01
2 178 2 4.053684e-01
3 178 2 3.885752e-01
4 178 2 3.256885e-01
5 178 2 2.835785e-01
6 178 2 2.396869e-01
7 178 2 2.282866e-01
8 178 2 2.299667e-01
9 178 2 2.622713e-01
10 178 2 2.821964e-01
11 178 2 3.187248e-01
12 178 2 3.538515e-01
1 181 2 5.014070e-03
2 181 2 5.295965e-03
3 181 2 5.368895e-03
4 181 2 5.133382e-03
5 181 2 4.233440e-03
6 181 2 3.660642e-03
7 181 2 3.236761e-03
8 181 2 3.312561e-03
9 181 2 3.588824e-03
10 181 2 3.886026e-03
11 181 2 4.400976e-03
12 181 2 4.685766e-03
1 182 2 5.989700e-01
2 182 2 5.536329e-01
3 182 2 5.220510e-01
4 182 2 4.360887e-01
5 182 2 3.414963e-01
6 182 2 2.554188e-01
7 182 2 2.532472e-01
8 182 2 3.519184e-01
9 182 2 4.883246e-01
10 182 2 5.989127e-01
11 182 2 6.619217e-01
12 182 2 6.353471e-01
1 183 2 1.273256e-01
2 183 2 1.223176e-01
3 183 2 1.167751e-01
4 183 2 1.058831e-01
5 183 2 8.908819e-02
6 183 2 7.230563e-02
7 183 2 6.727280e-02
8 183 2 7.988388e-02
9 183 2 9.288318e-02
10 183 2 1.098807e-01
11 183 2 1.196267e-01
12 183 2 1.230438e-01
1 184 2 3.969305e-02
2 184 2 4.021929e-02
3 184 2 3.895175e-02
4 184 2 3.505406e-02
5 184 2 2.914209e-02
6 184 2 2.355230e-02
7 184 2 2.123825e-02
8 184 2 2.218128e-02
9 184 2 2.349736e-02
10 184 2 2.698376e-02
11 184 2 3.157281e-02
12 184 2 3.598602e-02
1 188 2 3.863803e-02
2 188 2 3.830116e-02
3 188 2 3.550174e-02
4 188 2 2.898959e-02
5 188 2 2.048868e-02
6 188 2 1.558442e-02
7 188 2 1.341026e-02
8 188 2 1.364128e-02
9 188 2 1.847704e-02
10 188 2 2.428143e-02
11 188 2 2.891678e-02
12 188 2 3.606700e-02
1 189 2 3.367877e-02
2 189 2 3.112597e-02
3 189 2 2.823403e-02
4 189 2 2.086914e-02
5 189 2 1.381724e-02
6 189 2 9.771034e-03
7 189 2 9.290165e-03
8 189 2 1.141140e-02
9 189 2 1.835723e-02
10 189 2 2.613801e-02
11 189 2 3.179254e-02
12 189 2 3.322304e-02
1 190 2 1.378977e-01
2 190 2 1.306606e-01
3 190 2 1.134137e-01
4 190 2 8.032857e-02
5 190 2 5.604523e-02
6 190 2 4.065761e-02
7 190 2 3.820239e-02
8 190 2 4.605287e-02
9 190 2 6.468640e-02
10 190 2 8.818320e-02
11 190 2 1.155481e-01
12 190 2 1.296429e-01
1 191 2 9.168427e-02
2 191 2 9.500912e-02
3 191 2 9.234933e-02
4 191 2 7.629091e-02
5 191 2 6.273544e-02
6 191 2 5.153607e-02
7 191 2 4.530888e-02
8 191 2 4.601511e-02
9 191 2 5.020342e-02
10 191 2 5.634818e-02
11 191 2 6.930235e-02
12 191 2 8.153358e-02
1 192 2 2.374946e-02
2 192 2 2.566656e-02
3 192 2 2.500715e-02
4 192 2 2.165245e-02
5 192 2 1.829959e-02
6 192 2 1.558136e-02
7 192 2 1.369292e-02
8 192 2 1.272394e-02
9 192 2 1.310116e-02
10 192 2 1.438657e-02
11 192 2 1.717384e-02
12 192 2 2.062203e-02
1 200 2 1.116321e+00
2 200 2 1.148416e+00
3 200 2 9.391524e-01
4 200 2 6.208468e-01
5 200 2 4.063753e-01
6 200 2 3.309551e-01
7 200 2 3.144245e-01
8 200 2 3.390801e-01
9 200 2 3.755913e-01
10 200 2 4.802117e-01
11 200 2 6.673251e-01
12 200 2 9.194382e-01
1 201 2 7.571039e-01
2 201 2 7.811744e-01
3 201 2 7.151188e-01
4 201 2 5.504473e-01
5 201 2 4.148147e-01
6 201 2 3.431876e-01
7 201 2 3.243315e-01
8 201 2 3.354915e-01
9 201 2 3.320361e-01
10 201 2 3.950800e-01
11 201 2 5.036209e-01
12 201 2 6.272442e-01
1 206 2 3.978498e-01
2 206 2 4.297296e-01
3 206 2 3.887903e-01
4 206 2 3.317725e-01
5 206 2 2.743741e-01
6 206 2 2.392311e-01
7 206 2 2.051873e-01
8 206 2 2.014679e-01
9 206 2 2.180869e-01
10 206 2 2.468621e-01
11 206 2 2.893793e-01
12 206 2 3.409189e-01
1 207 2 1.510946e-02
2 207 2 1.649763e-02
3 207 2 1.564600e-02
4 207 2 1.418703e-02
5 207 2 1.258180e-02
6 207 2 1.079135e-02
7 207 2 9.511611e-03
8 207 2 9.366512e-03
9 207 2 9.450212e-03
10 207 2 1.040907e-02
11 207 2 1.121789e-02
12 207 2 1.283257e-02
1 212 2 5.434084e-02
2 212 2 5.800548e-02
3 212 2 5.148554e-02
4 212 2 4.328342e-02
5 212 2 3.373600e-02
6 212 2 2.722776e-02
7 212 2 2.260058e-02
8 212 2 2.184325e-02
9 212 2 2.480796e-02
10 212 2 2.927223e-02
11 212 2 3.472197e-02
12 212 2 4.590907e-02
1 213 2 1.183649e-02
2 213 2 1.293640e-02
3 213 2 1.096309e-02
4 213 2 9.277119e-03
5 213 2 7.158535e-03
6 213 2 5.518224e-03
7 213 2 4.683356e-03
8 213 2 4.572089e-03
9 213 2 5.507276e-03
10 213 2 6.787081e-03
11 213 2 8.334450e-03
12 213 2 1.019901e-02
1 214 2 4.208035e-01
2 214 2 4.461044e-01
3 214 2 3.584172e-01
4 214 2 2.662089e-01
5 214 2 1.967772e-01
6 214 2 1.450158e-01
7 214 2 1.255859e-01
8 214 2 1.294696e-01
9 214 2 1.634277e-01
10 214 2 2.191008e-01
11 214 2 2.999288e-01
12 214 2 3.637615e-01
1 215 2 1.559358e-01
2 215 2 1.604007e-01
3 215 2 1.495491e-01
4 215 2 1.191843e-01
5 215 2 9.680811e-02
6 215 2 7.778328e-02
7 215 2 6.721552e-02
8 215 2 6.738081e-02
9 215 2 7.577424e-02
10 215 2 9.014700e-02
11 215 2 1.135075e-01
12 215 2 1.371233e-01
1 216 2 5.662165e-02
2 216 2 5.911716e-02
3 216 2 5.543732e-02
4 216 2 4.506733e-02
5 216 2 3.608732e-02
6 216 2 3.104477e-02
7 216 2 2.728026e-02
8 216 2 2.608499e-02
9 216 2 2.706780e-02
10 216 2 3.076509e-02
11 216 2 3.700519e-02
12 216 2 4.755836e-02
1 224 2 3.264903e-02
2 224 2 3.569312e-02
3 224 2 3.114660e-02
4 224 2 2.682189e-02
5 224 2 2.165918e-02
6 224 2 1.840611e-02
7 224 2 1.672177e-02
8 224 2 1.746569e-02
9 224 2 1.796148e-02
10 224 2 2.118470e-02
11 224 2 2.529871e-02
12 224 2 3.018336e-02
1 240 2 3.498563e-03
2 240 2 3.568512e-03
3 240 2 3.263317e-03
4 240 2 2.882020e-03
5 240 2 2.504847e-03
6 240 2 2.160518e-03
7 240 2 2.116690e-03
8 240 2 2.182185e-03
9 240 2 2.124226e-03
10 240 2 2.287569e-03
11 240 2 2.513477e-03
12 240 2 3.115017e-03
