1 7 2 2.299115e-06
2 7 2 1.964109e-06
3 7 2 2.148038e-06
4 7 2 5.551796e-06
5 7 2 1.910216e-05
6 7 2 5.144928e-05
7 7 2 6.961239e-05
8 7 2 4.746239e-05
9 7 2 2.052589e-05
10 7 2 8.998492e-06
11 7 2 4.767524e-06
12 7 2 2.812529e-06
1 25 2 7.000859e-04
2 25 2 6.647287e-04
3 25 2 9.364929e-04
4 25 2 1.708892e-03
5 25 2 4.780656e-03
6 25 2 8.669110e-03
7 25 2 1.050950e-02
8 25 2 8.058930e-03
9 25 2 4.553722e-03
10 25 2 2.130977e-03
11 25 2 1.016074e-03
12 25 2 5.884055e-04
1 26 2 1.340012e-03
2 26 2 1.102842e-03
3 26 2 1.823640e-03
4 26 2 4.070514e-03
5 26 2 1.146601e-02
6 26 2 2.189976e-02
7 26 2 2.376117e-02
8 26 2 1.777818e-02
9 26 2 9.723732e-03
10 26 2 3.914182e-03
11 26 2 2.045000e-03
12 26 2 1.264320e-03
1 27 2 5.892147e-03
2 27 2 5.202238e-03
3 27 2 9.119495e-03
4 27 2 2.322623e-02
5 27 2 6.540681e-02
6 27 2 1.352038e-01
7 27 2 1.524870e-01
8 27 2 1.147730e-01
9 27 2 5.931061e-02
10 27 2 2.227257e-02
11 27 2 1.180367e-02
12 27 2 7.301379e-03
1 28 2 2.391025e-04
2 28 2 2.175897e-04
3 28 2 3.659481e-04
4 28 2 9.947342e-04
5 28 2 2.840574e-03
6 28 2 6.081624e-03
7 28 2 7.250709e-03
8 28 2 5.463491e-03
9 28 2 2.810536e-03
10 28 2 1.094567e-03
11 28 2 5.464238e-04
12 28 2 3.406649e-04
1 29 2 3.203455e-04
2 29 2 3.030478e-04
3 29 2 4.827702e-04
4 29 2 1.451610e-03
5 29 2 4.340951e-03
6 29 2 1.068347e-02
7 29 2 1.455335e-02
8 29 2 1.082780e-02
9 29 2 4.972664e-03
10 29 2 1.843054e-03
11 29 2 8.712191e-04
12 29 2 5.438531e-04
1 30 2 7.268594e-05
2 30 2 6.356839e-05
3 30 2 1.010324e-04
4 30 2 3.092317e-04
5 30 2 8.566198e-04
6 30 2 2.329672e-03
7 30 2 3.376749e-03
8 30 2 2.585937e-03
9 30 2 1.170047e-03
10 30 2 4.579777e-04
11 30 2 2.112525e-04
12 30 2 1.265188e-04
1 31 2 1.298345e-04
2 31 2 1.000484e-04
3 31 2 1.519857e-04
4 31 2 4.230266e-04
5 31 2 1.092460e-03
6 31 2 2.876392e-03
7 31 2 4.056351e-03
8 31 2 3.274186e-03
9 31 2 1.637965e-03
10 31 2 7.501075e-04
11 31 2 3.601432e-04
12 31 2 2.006885e-04
1 32 2 1.537331e-04
2 32 2 1.272614e-04
3 32 2 1.778895e-04
4 32 2 3.952775e-04
5 32 2 1.055733e-03
6 32 2 2.500824e-03
7 32 2 3.226360e-03
8 32 2 2.665118e-03
9 32 2 1.488233e-03
10 32 2 7.671988e-04
11 32 2 3.964570e-04
12 32 2 2.056067e-04
1 35 2 9.002048e-03
2 35 2 8.577597e-03
3 35 2 9.317808e-03
4 35 2 1.241682e-02
5 35 2 1.946502e-02
6 35 2 2.972734e-02
7 35 2 3.577111e-02
8 35 2 3.284736e-02
9 35 2 2.232433e-02
10 35 2 1.614046e-02
11 35 2 1.222554e-02
12 35 2 9.932143e-03
1 36 2 1.079212e-03
2 36 2 1.013170e-03
3 36 2 1.122892e-03
4 36 2 1.348692e-03
5 36 2 1.844560e-03
6 36 2 2.660930e-03
7 36 2 3.133824e-03
8 36 2 3.192511e-03
9 36 2 2.436939e-03
10 36 2 1.909243e-03
11 36 2 1.461308e-03
12 36 2 1.210817e-03
1 37 2 2.822767e-02
2 37 2 2.732046e-02
3 37 2 3.442505e-02
4 37 2 4.426600e-02
5 37 2 6.692174e-02
6 37 2 1.015013e-01
7 37 2 1.180513e-01
8 37 2 1.160472e-01
9 37 2 8.539993e-02
10 37 2 6.403501e-02
11 37 2 4.513259e-02
12 37 2 3.457542e-02
1 38 2 6.738584e-02
2 38 2 6.732542e-02
3 38 2 1.025614e-01
4 38 2 1.520642e-01
5 38 2 2.776298e-01
6 38 2 4.926328e-01
7 38 2 5.839970e-01
8 38 2 5.064952e-01
9 38 2 3.271572e-01
10 38 2 2.236116e-01
11 38 2 1.277761e-01
12 38 2 9.220816e-02
1 39 2 6.105438e-02
2 39 2 6.360637e-02
3 39 2 1.030292e-01
4 39 2 1.590856e-01
5 39 2 3.086788e-01
6 39 2 5.967540e-01
7 39 2 7.410015e-01
8 39 2 5.999279e-01
9 39 2 3.781419e-01
10 39 2 2.387921e-01
11 39 2 1.208714e-01
12 39 2 8.822737e-02
1 40 2 1.508147e-02
2 40 2 1.654699e-02
3 40 2 2.951131e-02
4 40 2 4.962561e-02
5 40 2 1.084841e-01
6 40 2 2.463066e-01
7 40 2 3.081676e-01
8 40 2 2.260640e-01
9 40 2 1.392531e-01
10 40 2 7.503091e-02
11 40 2 3.214107e-02
12 40 2 2.394409e-02
1 41 2 8.034037e-03
2 41 2 8.588787e-03
3 41 2 1.721164e-02
4 41 2 3.065515e-02
5 41 2 7.688762e-02
6 41 2 1.951102e-01
7 41 2 2.522659e-01
8 41 2 1.769382e-01
9 41 2 9.888124e-02
10 41 2 4.285605e-02
11 41 2 1.646414e-02
12 41 2 1.372265e-02
1 42 2 4.347559e-03
2 42 2 4.547633e-03
3 42 2 9.806908e-03
4 42 2 1.934601e-02
5 42 2 5.499745e-02
6 42 2 1.525465e-01
7 42 2 2.135471e-01
8 42 2 1.426102e-01
9 42 2 6.753337e-02
10 42 2 2.416947e-02
11 42 2 9.010840e-03
12 42 2 7.392083e-03
1 43 2 1.220323e-04
2 43 2 1.265318e-04
3 43 2 2.985494e-04
4 43 2 7.284694e-04
5 43 2 2.438321e-03
6 43 2 7.190988e-03
7 43 2 1.051223e-02
8 43 2 6.598847e-03
9 43 2 2.698392e-03
10 43 2 8.284748e-04
11 43 2 2.825277e-04
12 43 2 1.979693e-04
1 44 2 5.039714e-04
2 44 2 5.063777e-04
3 44 2 1.101449e-03
4 44 2 2.977741e-03
5 44 2 1.112475e-02
6 44 2 3.505777e-02
7 44 2 5.123886e-02
8 44 2 3.089672e-02
9 44 2 1.113780e-02
10 44 2 3.299905e-03
11 44 2 1.083038e-03
12 44 2 7.322554e-04
1 45 2 1.157030e-03
2 45 2 1.296692e-03
3 45 2 2.362798e-03
4 45 2 6.968079e-03
5 45 2 2.918096e-02
6 45 2 9.682545e-02
7 45 2 1.354576e-01
8 45 2 8.247995e-02
9 45 2 2.836300e-02
10 45 2 7.241665e-03
11 45 2 2.099047e-03
12 45 2 1.371833e-03
1 46 2 5.248463e-04
2 46 2 6.602696e-04
3 46 2 1.037894e-03
4 46 2 2.882126e-03
5 46 2 1.131799e-02
6 46 2 3.510714e-02
7 46 2 4.911240e-02
8 46 2 3.077440e-02
9 46 2 1.155974e-02
10 46 2 2.801944e-03
11 46 2 7.703650e-04
12 46 2 5.493780e-04
1 47 2 6.896523e-04
2 47 2 8.776775e-04
3 47 2 1.236785e-03
4 47 2 2.771051e-03
5 47 2 9.445124e-03
6 47 2 2.602130e-02
7 47 2 3.529044e-02
8 47 2 2.392945e-02
9 47 2 1.013724e-02
10 47 2 3.126715e-03
11 47 2 9.224626e-04
12 47 2 7.011942e-04
1 48 2 9.339759e-04
2 48 2 1.072894e-03
3 48 2 1.475705e-03
4 48 2 2.881741e-03
5 48 2 8.942594e-03
6 48 2 2.056950e-02
7 48 2 2.733495e-02
8 48 2 1.923171e-02
9 48 2 9.155068e-03
10 48 2 3.413333e-03
11 48 2 1.228757e-03
12 48 2 8.148370e-04
1 49 2 6.968915e-04
2 49 2 6.341098e-04
3 49 2 7.192665e-04
4 49 2 8.418377e-04
5 49 2 1.204007e-03
6 49 2 1.831827e-03
7 49 2 2.731869e-03
8 49 2 2.568939e-03
9 49 2 1.791805e-03
10 49 2 1.282209e-03
11 49 2 9.361165e-04
12 49 2 6.828953e-04
1 50 2 2.842983e-03
2 50 2 2.454061e-03
3 50 2 2.876538e-03
4 50 2 3.278956e-03
5 50 2 4.614902e-03
6 50 2 6.772304e-03
7 50 2 9.346776e-03
8 50 2 8.988448e-03
9 50 2 6.508454e-03
10 50 2 4.639499e-03
11 50 2 3.473504e-03
12 50 2 2.735005e-03
1 51 2 1.091284e-03
2 51 2 9.959673e-04
3 51 2 1.082228e-03
4 51 2 1.249250e-03
5 51 2 1.702759e-03
6 51 2 2.387984e-03
7 51 2 3.111892e-03
8 51 2 3.086052e-03
9 51 2 2.564057e-03
10 51 2 1.803492e-03
11 51 2 1.351651e-03
12 51 2 1.132725e-03
1 52 2 4.150871e-01
2 52 2 4.362921e-01
3 52 2 5.480821e-01
4 52 2 7.990290e-01
5 52 2 1.351263e+00
6 52 2 1.859641e+00
7 52 2 2.385334e+00
8 52 2 2.231105e+00
9 52 2 1.801030e+00
10 52 2 1.028866e+00
11 52 2 6.192765e-01
12 52 2 4.775566e-01
1 53 2 1.124519e-01
2 53 2 1.410861e-01
3 53 2 2.390296e-01
4 53 2 5.217302e-01
5 53 2 9.935338e-01
6 53 2 1.483599e+00
7 53 2 2.059411e+00
8 53 2 1.754858e+00
9 53 2 1.187702e+00
10 53 2 5.238264e-01
11 53 2 2.336407e-01
12 53 2 1.480209e-01
1 54 2 5.800573e-02
2 54 2 7.524828e-02
3 54 2 1.407173e-01
4 54 2 3.496687e-01
5 54 2 6.887384e-01
6 54 2 1.330328e+00
7 54 2 1.889795e+00
8 54 2 1.584641e+00
9 54 2 9.610601e-01
10 54 2 4.087363e-01
11 54 2 1.752031e-01
12 54 2 9.664543e-02
1 55 2 3.967735e-02
2 55 2 4.425082e-02
3 55 2 8.254870e-02
4 55 2 1.932919e-01
5 55 2 3.835696e-01
6 55 2 8.191505e-01
7 55 2 1.138681e+00
8 55 2 9.820138e-01
9 55 2 6.227295e-01
10 55 2 2.985888e-01
11 55 2 1.396983e-01
12 55 2 7.999165e-02
1 56 2 1.411492e-01
2 56 2 1.464820e-01
3 56 2 2.537108e-01
4 56 2 5.657389e-01
5 56 2 1.236630e+00
6 56 2 2.437669e+00
7 56 2 3.370291e+00
8 56 2 2.797171e+00
9 56 2 1.828297e+00
10 56 2 9.420050e-01
11 56 2 4.246908e-01
12 56 2 2.435643e-01
1 57 2 2.858760e-02
2 57 2 2.727540e-02
3 57 2 3.354719e-02
4 57 2 5.091939e-02
5 57 2 8.519611e-02
6 57 2 1.386247e-01
7 57 2 1.974032e-01
8 57 2 1.779085e-01
9 57 2 1.323640e-01
10 57 2 8.502376e-02
11 57 2 5.199248e-02
12 57 2 3.736464e-02
1 60 2 3.302470e+00
2 60 2 3.198144e+00
3 60 2 3.667636e+00
4 60 2 4.349762e+00
5 60 2 5.362911e+00
6 60 2 7.057555e+00
7 60 2 8.216405e+00
8 60 2 8.219861e+00
9 60 2 6.975734e+00
10 60 2 5.694516e+00
11 60 2 4.554281e+00
12 60 2 3.775033e+00
1 61 2 4.601103e+00
2 61 2 4.628779e+00
3 61 2 6.510299e+00
4 61 2 9.805884e+00
5 61 2 1.430379e+01
6 61 2 2.015173e+01
7 61 2 2.384762e+01
8 61 2 2.294338e+01
9 61 2 1.782761e+01
10 61 2 1.212645e+01
11 61 2 7.910818e+00
12 61 2 5.548581e+00
1 62 2 1.175190e+00
2 62 2 1.287109e+00
3 62 2 2.026145e+00
4 62 2 3.667941e+00
5 62 2 6.291309e+00
6 62 2 8.924724e+00
7 62 2 1.091313e+01
8 62 2 1.018701e+01
9 62 2 7.098539e+00
10 62 2 4.233135e+00
11 62 2 2.298779e+00
12 62 2 1.495980e+00
1 63 2 9.310994e-01
2 63 2 1.130315e+00
3 63 2 1.891314e+00
4 63 2 3.977911e+00
5 63 2 7.634266e+00
6 63 2 1.134955e+01
7 63 2 1.451334e+01
8 63 2 1.262945e+01
9 63 2 7.713670e+00
10 63 2 4.212518e+00
11 63 2 1.945793e+00
12 63 2 1.273799e+00
1 64 2 2.226684e-01
2 64 2 2.852615e-01
3 64 2 5.432067e-01
4 64 2 1.286675e+00
5 64 2 2.755653e+00
6 64 2 4.413925e+00
7 64 2 5.594746e+00
8 64 2 4.373842e+00
9 64 2 2.504397e+00
10 64 2 1.107139e+00
11 64 2 5.059079e-01
12 64 2 3.462220e-01
1 65 2 7.530308e-02
2 65 2 9.337629e-02
3 65 2 2.045699e-01
4 65 2 5.768943e-01
5 65 2 1.209564e+00
6 65 2 2.055699e+00
7 65 2 2.664477e+00
8 65 2 1.988621e+00
9 65 2 1.127883e+00
10 65 2 4.002365e-01
11 65 2 1.761919e-01
12 65 2 1.276861e-01
1 66 2 4.993620e-02
2 66 2 6.173672e-02
3 66 2 1.467659e-01
4 66 2 4.814901e-01
5 66 2 1.001156e+00
6 66 2 1.721532e+00
7 66 2 2.374280e+00
8 66 2 1.794958e+00
9 66 2 1.015379e+00
10 66 2 3.364066e-01
11 66 2 1.289160e-01
12 66 2 7.996409e-02
1 67 2 1.725980e-02
2 67 2 2.301515e-02
3 67 2 5.852767e-02
4 67 2 2.162063e-01
5 67 2 4.905596e-01
6 67 2 8.366529e-01
7 67 2 1.169733e+00
8 67 2 9.002054e-01
9 67 2 4.923497e-01
10 67 2 1.810600e-01
11 67 2 5.725253e-02
12 67 2 2.576906e-02
1 68 2 4.425711e-03
2 68 2 5.942540e-03
3 68 2 1.764901e-02
4 68 2 8.112416e-02
5 68 2 2.210737e-01
6 68 2 4.236458e-01
7 68 2 6.074279e-01
8 68 2 4.517647e-01
9 68 2 2.168063e-01
10 68 2 7.965202e-02
11 68 2 1.816348e-02
12 68 2 6.320261e-03
1 69 2 2.869550e-03
2 69 2 4.068488e-03
3 69 2 9.729512e-03
4 69 2 4.266450e-02
5 69 2 1.368057e-01
6 69 2 3.237661e-01
7 69 2 4.743147e-01
8 69 2 3.651263e-01
9 69 2 1.568559e-01
10 69 2 5.100348e-02
11 69 2 9.882634e-03
12 69 2 3.716511e-03
1 70 2 1.156106e-02
2 70 2 1.351267e-02
3 70 2 1.936327e-02
4 70 2 5.051777e-02
5 70 2 1.266825e-01
6 70 2 3.076212e-01
7 70 2 4.979411e-01
8 70 2 4.538256e-01
9 70 2 2.343251e-01
10 70 2 8.352496e-02
11 70 2 2.540331e-02
12 70 2 1.430022e-02
1 71 2 8.755258e-03
2 71 2 8.884539e-03
3 71 2 1.005353e-02
4 71 2 1.613288e-02
5 71 2 3.124339e-02
6 71 2 6.517665e-02
7 71 2 1.000257e-01
8 71 2 9.945063e-02
9 71 2 6.380658e-02
10 71 2 3.039022e-02
11 71 2 1.451818e-02
12 71 2 1.008337e-02
1 72 2 3.667545e-05
2 72 2 3.502825e-05
3 72 2 3.794948e-05
4 72 2 4.838595e-05
5 72 2 7.528497e-05
6 72 2 1.309984e-04
7 72 2 2.029014e-04
8 72 2 1.951436e-04
9 72 2 1.365290e-04
10 72 2 8.278345e-05
11 72 2 5.100602e-05
12 72 2 3.642499e-05
1 76 2 9.933793e-01
2 76 2 9.088399e-01
3 76 2 9.179870e-01
4 76 2 9.985512e-01
5 76 2 1.357547e+00
6 76 2 1.935776e+00
7 76 2 2.595768e+00
8 76 2 2.770160e+00
9 76 2 2.639424e+00
10 76 2 1.762608e+00
11 76 2 1.137837e+00
12 76 2 9.951377e-01
1 77 2 9.620651e-01
2 77 2 1.249234e+00
3 77 2 1.636421e+00
4 77 2 2.644817e+00
5 77 2 4.440754e+00
6 77 2 6.856062e+00
7 77 2 9.315537e+00
8 77 2 8.841956e+00
9 77 2 6.549745e+00
10 77 2 3.309009e+00
11 77 2 1.452003e+00
12 77 2 9.151902e-01
1 78 2 1.107180e+00
2 78 2 1.512805e+00
3 78 2 2.106672e+00
4 78 2 3.778537e+00
5 78 2 5.908541e+00
6 78 2 9.380714e+00
7 78 2 1.157945e+01
8 78 2 1.084275e+01
9 78 2 7.030322e+00
10 78 2 3.728317e+00
11 78 2 2.013372e+00
12 78 2 1.162388e+00
1 79 2 3.586202e+00
2 79 2 4.400329e+00
3 79 2 6.460953e+00
4 79 2 1.071656e+01
5 79 2 1.628143e+01
6 79 2 2.659849e+01
7 79 2 3.259313e+01
8 79 2 3.087621e+01
9 79 2 2.132021e+01
10 79 2 1.286984e+01
11 79 2 7.332574e+00
12 79 2 4.491800e+00
1 80 2 1.741817e+00
2 80 2 1.745218e+00
3 80 2 2.192976e+00
4 80 2 2.965155e+00
5 80 2 4.422265e+00
6 80 2 6.728316e+00
7 80 2 8.663729e+00
8 80 2 8.576948e+00
9 80 2 7.118710e+00
10 80 2 4.990959e+00
11 80 2 2.911527e+00
12 80 2 2.152103e+00
1 81 2 4.312679e-07
2 81 2 3.908327e-07
3 81 2 4.116529e-07
4 81 2 4.881194e-07
5 81 2 7.028876e-07
6 81 2 9.471208e-07
7 81 2 1.263770e-06
8 81 2 1.355997e-06
9 81 2 1.233024e-06
10 81 2 9.460911e-07
11 81 2 6.254023e-07
12 81 2 5.120145e-07
1 84 2 2.430472e+00
2 84 2 2.569621e+00
3 84 2 3.178107e+00
4 84 2 4.016133e+00
5 84 2 5.384423e+00
6 84 2 8.822768e+00
7 84 2 1.181654e+01
8 84 2 1.132318e+01
9 84 2 8.496310e+00
10 84 2 5.362025e+00
11 84 2 3.602085e+00
12 84 2 2.751603e+00
1 85 2 1.640567e+00
2 85 2 1.847408e+00
3 85 2 2.401928e+00
4 85 2 3.489777e+00
5 85 2 5.586373e+00
6 85 2 8.534060e+00
7 85 2 1.180767e+01
8 85 2 1.123273e+01
9 85 2 8.088332e+00
10 85 2 4.461571e+00
11 85 2 2.516138e+00
12 85 2 1.825712e+00
1 86 2 5.794583e-01
2 86 2 6.560680e-01
3 86 2 8.384065e-01
4 86 2 1.217806e+00
5 86 2 1.957256e+00
6 86 2 2.839935e+00
7 86 2 3.901316e+00
8 86 2 3.914078e+00
9 86 2 2.897163e+00
10 86 2 1.680033e+00
11 86 2 9.254450e-01
12 86 2 6.614092e-01
1 87 2 4.473550e-01
2 87 2 6.052199e-01
3 87 2 8.641431e-01
4 87 2 1.366013e+00
5 87 2 2.396489e+00
6 87 2 3.602226e+00
7 87 2 4.883504e+00
8 87 2 4.976128e+00
9 87 2 3.607715e+00
10 87 2 2.031240e+00
11 87 2 8.924731e-01
12 87 2 5.424879e-01
1 88 2 2.401937e-01
2 88 2 3.410943e-01
3 88 2 5.348863e-01
4 88 2 1.014890e+00
5 88 2 2.082852e+00
6 88 2 3.273672e+00
7 88 2 4.192392e+00
8 88 2 3.677056e+00
9 88 2 2.376114e+00
10 88 2 1.122907e+00
11 88 2 5.756797e-01
12 88 2 3.197690e-01
1 89 2 1.700435e-01
2 89 2 2.365935e-01
3 89 2 4.490471e-01
4 89 2 8.445811e-01
5 89 2 1.685459e+00
6 89 2 2.517879e+00
7 89 2 2.937269e+00
8 89 2 2.572347e+00
9 89 2 1.678728e+00
10 89 2 7.988568e-01
11 89 2 4.395710e-01
12 89 2 2.433044e-01
1 90 2 4.376980e-02
2 90 2 5.768715e-02
3 90 2 1.144740e-01
4 90 2 2.054564e-01
5 90 2 3.154663e-01
6 90 2 4.175726e-01
7 90 2 4.689598e-01
8 90 2 4.339177e-01
9 90 2 3.162206e-01
10 90 2 1.886121e-01
11 90 2 1.039919e-01
12 90 2 5.920032e-02
1 91 2 3.752164e-03
2 91 2 5.309146e-03
3 91 2 1.109198e-02
4 91 2 2.096036e-02
5 91 2 3.093422e-02
6 91 2 3.932027e-02
7 91 2 4.415095e-02
8 91 2 4.049065e-02
9 91 2 2.911362e-02
10 91 2 1.802140e-02
11 91 2 9.340118e-03
12 91 2 4.794811e-03
1 92 2 2.158381e-02
2 92 2 3.083116e-02
3 92 2 7.728593e-02
4 92 2 1.843863e-01
5 92 2 3.477258e-01
6 92 2 5.328384e-01
7 92 2 6.396007e-01
8 92 2 5.821391e-01
9 92 2 3.641919e-01
10 92 2 1.935563e-01
11 92 2 7.591291e-02
12 92 2 3.258755e-02
1 93 2 3.270237e-01
2 93 2 3.945833e-01
3 93 2 8.112842e-01
4 93 2 1.890788e+00
5 93 2 3.373060e+00
6 93 2 5.352809e+00
7 93 2 7.180513e+00
8 93 2 7.059056e+00
9 93 2 4.747956e+00
10 93 2 2.734246e+00
11 93 2 1.170953e+00
12 93 2 4.877254e-01
1 94 2 9.305029e-01
2 94 2 9.258120e-01
3 94 2 1.236183e+00
4 94 2 2.190744e+00
5 94 2 3.739466e+00
6 94 2 5.888247e+00
7 94 2 8.134590e+00
8 94 2 8.864902e+00
9 94 2 7.302154e+00
10 94 2 4.407567e+00
11 94 2 2.365650e+00
12 94 2 1.292535e+00
1 98 2 1.258346e-01
2 98 2 1.171353e-01
3 98 2 1.103011e-01
4 98 2 1.174388e-01
5 98 2 1.332850e-01
6 98 2 1.525175e-01
7 98 2 1.715509e-01
8 98 2 1.808062e-01
9 98 2 1.784153e-01
10 98 2 1.686501e-01
11 98 2 1.516996e-01
12 98 2 1.380482e-01
1 101 2 1.303575e-01
2 101 2 1.339467e-01
3 101 2 1.372607e-01
4 101 2 1.692633e-01
5 101 2 2.176759e-01
6 101 2 2.541593e-01
7 101 2 2.713006e-01
8 101 2 2.718527e-01
9 101 2 2.613501e-01
10 101 2 2.240809e-01
11 101 2 1.723121e-01
12 101 2 1.382066e-01
1 102 2 1.274309e+00
2 102 2 1.440430e+00
3 102 2 1.770316e+00
4 102 2 2.214309e+00
5 102 2 2.562480e+00
6 102 2 2.797406e+00
7 102 2 2.876179e+00
8 102 2 2.912522e+00
9 102 2 2.624996e+00
10 102 2 2.022299e+00
11 102 2 1.623148e+00
12 102 2 1.330372e+00
1 103 2 1.212167e+00
2 103 2 1.237026e+00
3 103 2 1.348204e+00
4 103 2 1.523419e+00
5 103 2 1.774143e+00
6 103 2 2.030279e+00
7 103 2 2.196504e+00
8 103 2 2.305182e+00
9 103 2 2.260907e+00
10 103 2 1.975836e+00
11 103 2 1.625436e+00
12 103 2 1.351496e+00
1 104 2 2.188854e-01
2 104 2 2.100369e-01
3 104 2 2.123191e-01
4 104 2 2.327772e-01
5 104 2 2.721891e-01
6 104 2 3.123501e-01
7 104 2 3.505585e-01
8 104 2 3.786887e-01
9 104 2 3.817368e-01
10 104 2 3.566178e-01
11 104 2 2.933502e-01
12 104 2 2.428937e-01
1 107 2 1.319821e-01
2 107 2 1.392387e-01
3 107 2 1.625662e-01
4 107 2 1.862829e-01
5 107 2 2.089046e-01
6 107 2 2.674481e-01
7 107 2 2.923321e-01
8 107 2 2.911493e-01
9 107 2 2.725593e-01
10 107 2 2.331342e-01
11 107 2 1.853331e-01
12 107 2 1.449375e-01
1 108 2 1.060700e-02
2 108 2 1.355576e-02
3 108 2 1.969119e-02
4 108 2 3.049735e-02
5 108 2 4.734003e-02
6 108 2 6.497567e-02
7 108 2 6.955449e-02
8 108 2 6.147153e-02
9 108 2 4.974017e-02
10 108 2 3.431727e-02
11 108 2 1.787581e-02
12 108 2 1.137970e-02
1 109 2 2.013636e-02
2 109 2 2.659720e-02
3 109 2 4.159974e-02
4 109 2 7.219279e-02
5 109 2 1.230009e-01
6 109 2 1.550488e-01
7 109 2 1.575436e-01
8 109 2 1.448268e-01
9 109 2 1.163001e-01
10 109 2 8.160361e-02
11 109 2 3.629526e-02
12 109 2 2.120234e-02
1 110 2 8.868362e-03
2 110 2 1.129660e-02
3 110 2 1.814291e-02
4 110 2 2.808452e-02
5 110 2 4.355795e-02
6 110 2 5.044221e-02
7 110 2 5.423024e-02
8 110 2 5.363328e-02
9 110 2 4.515797e-02
10 110 2 3.292302e-02
11 110 2 1.592502e-02
12 110 2 9.373641e-03
1 111 2 3.042556e-01
2 111 2 3.805350e-01
3 111 2 6.160778e-01
4 111 2 9.337174e-01
5 111 2 1.411177e+00
6 111 2 1.809805e+00
7 111 2 1.913099e+00
8 111 2 1.894851e+00
9 111 2 1.613631e+00
10 111 2 1.050396e+00
11 111 2 5.658407e-01
12 111 2 3.456258e-01
1 112 2 3.504986e-01
2 112 2 4.519252e-01
3 112 2 7.928054e-01
4 112 2 1.318389e+00
5 112 2 2.004833e+00
6 112 2 2.443126e+00
7 112 2 2.488258e+00
8 112 2 2.319313e+00
9 112 2 1.770541e+00
10 112 2 1.175415e+00
11 112 2 6.745654e-01
12 112 2 4.146485e-01
1 113 2 2.009973e-01
2 113 2 2.546449e-01
3 113 2 4.278049e-01
4 113 2 6.397432e-01
5 113 2 7.872652e-01
6 113 2 6.873990e-01
7 113 2 5.898290e-01
8 113 2 5.633348e-01
9 113 2 5.571646e-01
10 113 2 5.087445e-01
11 113 2 3.558349e-01
12 113 2 2.403344e-01
1 114 2 5.479272e-01
2 114 2 7.430171e-01
3 114 2 1.323812e+00
4 114 2 1.929700e+00
5 114 2 2.226306e+00
6 114 2 1.629781e+00
7 114 2 1.346089e+00
8 114 2 1.233854e+00
9 114 2 1.190713e+00
10 114 2 1.065710e+00
11 114 2 8.124136e-01
12 114 2 6.017847e-01
1 115 2 1.976648e-01
2 115 2 2.875846e-01
3 115 2 4.558685e-01
4 115 2 5.650888e-01
5 115 2 5.046511e-01
6 115 2 4.685519e-01
7 115 2 4.519096e-01
8 115 2 4.335753e-01
9 115 2 3.987599e-01
10 115 2 3.563531e-01
11 115 2 2.707010e-01
12 115 2 1.942076e-01
1 116 2 1.785885e-01
2 116 2 2.286151e-01
3 116 2 3.496070e-01
4 116 2 4.948560e-01
5 116 2 5.755487e-01
6 116 2 6.554039e-01
7 116 2 6.871145e-01
8 116 2 6.577210e-01
9 116 2 5.328273e-01
10 116 2 4.259835e-01
11 116 2 3.094687e-01
12 116 2 2.038647e-01
1 117 2 4.766432e-02
2 117 2 4.977347e-02
3 117 2 6.285932e-02
4 117 2 8.604631e-02
5 117 2 1.095730e-01
6 117 2 1.298198e-01
7 117 2 1.382067e-01
8 117 2 1.380254e-01
9 117 2 1.259398e-01
10 117 2 1.078121e-01
11 117 2 8.703264e-02
12 117 2 6.287126e-02
1 126 2 2.400435e-03
2 126 2 2.495007e-03
3 126 2 2.704246e-03
4 126 2 2.855520e-03
5 126 2 2.821280e-03
6 126 2 2.622063e-03
7 126 2 2.527517e-03
8 126 2 2.552210e-03
9 126 2 2.538699e-03
10 126 2 2.494678e-03
11 126 2 2.437610e-03
12 126 2 2.400703e-03
1 127 2 2.420835e-01
2 127 2 2.462038e-01
3 127 2 2.598629e-01
4 127 2 2.697929e-01
5 127 2 2.734684e-01
6 127 2 2.648888e-01
7 127 2 2.649619e-01
8 127 2 2.710424e-01
9 127 2 2.681530e-01
10 127 2 2.574060e-01
11 127 2 2.494584e-01
12 127 2 2.463705e-01
1 128 2 1.097534e+00
2 128 2 1.127158e+00
3 128 2 1.157099e+00
4 128 2 1.129525e+00
5 128 2 1.098750e+00
6 128 2 1.065744e+00
7 128 2 1.135887e+00
8 128 2 1.291508e+00
9 128 2 1.358009e+00
10 128 2 1.282703e+00
11 128 2 1.166431e+00
12 128 2 1.099010e+00
1 129 2 3.127602e-02
2 129 2 3.084660e-02
3 129 2 3.162458e-02
4 129 2 3.254170e-02
5 129 2 3.304381e-02
6 129 2 3.393772e-02
7 129 2 3.546157e-02
8 129 2 3.865305e-02
9 129 2 4.038430e-02
10 129 2 4.056221e-02
11 129 2 3.703469e-02
12 129 2 3.290081e-02
1 133 2 6.720785e-01
2 133 2 7.813907e-01
3 133 2 9.380174e-01
4 133 2 9.630958e-01
5 133 2 9.186948e-01
6 133 2 8.444045e-01
7 133 2 7.536390e-01
8 133 2 7.056973e-01
9 133 2 7.358851e-01
10 133 2 7.837459e-01
11 133 2 7.477062e-01
12 133 2 6.542434e-01
1 135 2 2.906274e-02
2 135 2 3.274353e-02
3 135 2 3.893955e-02
4 135 2 4.193608e-02
5 135 2 4.029655e-02
6 135 2 3.594865e-02
7 135 2 3.105607e-02
8 135 2 3.136687e-02
9 135 2 3.333089e-02
10 135 2 3.134576e-02
11 135 2 3.004464e-02
12 135 2 2.822283e-02
1 136 2 3.249583e-02
2 136 2 3.344478e-02
3 136 2 4.136072e-02
4 136 2 5.028204e-02
5 136 2 5.506110e-02
6 136 2 5.023672e-02
7 136 2 4.445363e-02
8 136 2 4.435167e-02
9 136 2 4.458091e-02
10 136 2 4.193717e-02
11 136 2 3.965138e-02
12 136 2 3.521092e-02
1 137 2 7.902918e-03
2 137 2 8.290976e-03
3 137 2 9.505776e-03
4 137 2 1.044545e-02
5 137 2 1.031029e-02
6 137 2 9.486504e-03
7 137 2 8.776026e-03
8 137 2 8.467988e-03
9 137 2 8.473308e-03
10 137 2 8.827232e-03
11 137 2 8.727378e-03
12 137 2 8.229136e-03
1 138 2 3.160067e-01
2 138 2 3.474997e-01
3 138 2 4.031510e-01
4 138 2 4.486820e-01
5 138 2 4.526926e-01
6 138 2 3.978713e-01
7 138 2 3.685897e-01
8 138 2 3.554590e-01
9 138 2 3.564289e-01
10 138 2 3.585058e-01
11 138 2 3.477575e-01
12 138 2 3.225159e-01
1 139 2 5.345539e-01
2 139 2 6.087582e-01
3 139 2 6.802274e-01
4 139 2 7.139471e-01
5 139 2 7.038858e-01
6 139 2 6.555088e-01
7 139 2 6.202105e-01
8 139 2 5.970550e-01
9 139 2 5.893162e-01
10 139 2 5.938912e-01
11 139 2 5.651329e-01
12 139 2 5.173038e-01
1 140 2 1.774749e-01
2 140 2 1.835156e-01
3 140 2 1.993122e-01
4 140 2 2.258175e-01
5 140 2 2.397858e-01
6 140 2 2.303147e-01
7 140 2 2.180706e-01
8 140 2 2.103273e-01
9 140 2 2.072610e-01
10 140 2 2.084065e-01
11 140 2 2.040048e-01
12 140 2 1.901948e-01
1 141 2 2.773320e-01
2 141 2 2.744624e-01
3 141 2 2.823237e-01
4 141 2 3.098480e-01
5 141 2 3.343670e-01
6 141 2 3.306344e-01
7 141 2 3.216936e-01
8 141 2 3.119450e-01
9 141 2 3.093013e-01
10 141 2 3.100284e-01
11 141 2 3.131229e-01
12 141 2 3.040179e-01
1 150 2 3.206958e-04
2 150 2 3.510519e-04
3 150 2 3.757612e-04
4 150 2 3.842465e-04
5 150 2 3.595376e-04
6 150 2 3.170960e-04
7 150 2 2.892800e-04
8 150 2 2.822945e-04
9 150 2 2.731680e-04
10 150 2 2.669530e-04
11 150 2 2.721432e-04
12 150 2 2.895526e-04
1 151 2 2.080748e-01
2 151 2 2.213118e-01
3 151 2 2.346562e-01
4 151 2 2.401893e-01
5 151 2 2.323998e-01
6 151 2 2.187602e-01
7 151 2 2.139265e-01
8 151 2 2.221858e-01
9 151 2 2.115406e-01
10 151 2 1.985090e-01
11 151 2 1.926882e-01
12 151 2 1.974953e-01
1 152 2 1.649059e-01
2 152 2 1.670375e-01
3 152 2 1.685838e-01
4 152 2 1.601982e-01
5 152 2 1.539934e-01
6 152 2 1.512431e-01
7 152 2 1.729113e-01
8 152 2 2.305565e-01
9 152 2 2.447609e-01
10 152 2 2.086120e-01
11 152 2 1.788934e-01
12 152 2 1.654397e-01
1 153 2 1.910902e-01
2 153 2 1.957254e-01
3 153 2 2.065038e-01
4 153 2 2.025529e-01
5 153 2 1.956057e-01
6 153 2 1.920456e-01
7 153 2 2.241782e-01
8 153 2 2.929605e-01
9 153 2 3.563217e-01
10 153 2 3.184784e-01
11 153 2 2.409126e-01
12 153 2 2.010089e-01
1 154 2 5.199006e-01
2 154 2 5.170797e-01
3 154 2 5.380879e-01
4 154 2 5.155880e-01
5 154 2 4.821218e-01
6 154 2 4.336741e-01
7 154 2 4.095023e-01
8 154 2 4.265916e-01
9 154 2 4.809764e-01
10 154 2 5.405315e-01
11 154 2 5.696600e-01
12 154 2 5.508340e-01
1 157 2 2.073936e-02
2 157 2 2.153575e-02
3 157 2 2.305710e-02
4 157 2 2.273229e-02
5 157 2 2.215745e-02
6 157 2 2.083181e-02
7 157 2 1.987652e-02
8 157 2 1.967617e-02
9 157 2 1.953395e-02
10 157 2 1.987455e-02
11 157 2 2.001704e-02
12 157 2 2.027826e-02
1 163 2 9.639143e-02
2 163 2 9.768294e-02
3 163 2 1.005817e-01
4 163 2 1.066172e-01
5 163 2 1.067213e-01
6 163 2 9.866801e-02
7 163 2 9.121825e-02
8 163 2 8.565572e-02
9 163 2 8.688229e-02
10 163 2 9.191810e-02
11 163 2 9.551133e-02
12 163 2 9.625969e-02
1 164 2 3.646818e-01
2 164 2 3.615637e-01
3 164 2 3.716285e-01
4 164 2 3.889654e-01
5 164 2 3.843899e-01
6 164 2 3.555310e-01
7 164 2 3.290754e-01
8 164 2 3.214460e-01
9 164 2 3.442032e-01
10 164 2 3.770898e-01
11 164 2 3.847053e-01
12 164 2 3.782991e-01
1 165 2 1.639319e-01
2 165 2 1.606649e-01
3 165 2 1.626847e-01
4 165 2 1.662831e-01
5 165 2 1.644579e-01
6 165 2 1.513246e-01
7 165 2 1.426784e-01
8 165 2 1.444164e-01
9 165 2 1.539323e-01
10 165 2 1.645870e-01
11 165 2 1.731386e-01
12 165 2 1.733426e-01
1 166 2 7.172782e-02
2 166 2 7.101176e-02
3 166 2 6.983853e-02
4 166 2 6.951088e-02
5 166 2 6.723485e-02
6 166 2 6.218104e-02
7 166 2 5.871772e-02
8 166 2 5.915579e-02
9 166 2 6.136975e-02
10 166 2 6.455647e-02
11 166 2 6.960136e-02
12 166 2 7.310824e-02
1 170 2 3.192366e-03
2 170 2 3.510970e-03
3 170 2 3.449509e-03
4 170 2 3.135419e-03
5 170 2 2.612741e-03
6 170 2 2.196859e-03
7 170 2 2.077884e-03
8 170 2 1.983711e-03
9 170 2 2.017075e-03
10 170 2 2.245998e-03
11 170 2 2.478041e-03
12 170 2 2.853618e-03
1 171 2 1.147496e-02
2 171 2 1.259621e-02
3 171 2 1.274870e-02
4 171 2 1.134231e-02
5 171 2 9.435530e-03
6 171 2 8.085804e-03
7 171 2 7.341040e-03
8 171 2 6.955866e-03
9 171 2 7.057214e-03
10 171 2 7.676278e-03
11 171 2 8.761250e-03
12 171 2 1.035057e-02
1 175 2 3.305499e-04
2 175 2 3.494683e-04
3 175 2 3.504707e-04
4 175 2 3.282576e-04
5 175 2 2.852041e-04
6 175 2 2.598932e-04
7 175 2 2.545007e-04
8 175 2 2.523519e-04
9 175 2 2.347148e-04
10 175 2 2.372635e-04
11 175 2 2.480567e-04
12 175 2 2.893596e-04
1 176 2 2.383618e-01
2 176 2 2.401490e-01
3 176 2 2.351051e-01
4 176 2 2.076488e-01
5 176 2 1.679787e-01
6 176 2 1.522202e-01
7 176 2 1.519426e-01
8 176 2 1.733463e-01
9 176 2 1.887920e-01
10 176 2 2.014871e-01
11 176 2 2.150724e-01
12 176 2 2.284597e-01
1 177 2 1.046013e+00
2 177 2 1.016439e+00
3 177 2 9.597077e-01
4 177 2 8.392004e-01
5 177 2 6.862373e-01
6 177 2 5.859887e-01
7 177 2 6.097122e-01
8 177 2 7.305474e-01
9 177 2 9.181839e-01
10 177 2 9.548760e-01
11 177 2 9.742442e-01
12 177 2 9.762347e-01
1 178 2 3.811283e-01
2 178 2 3.766739e-01
3 178 2 3.610694e-01
4 178 2 3.026342e-01
5 178 2 2.635050e-01
6 178 2 2.227204e-01
7 178 2 2.121271e-01
8 178 2 2.136883e-01
9 178 2 2.437061e-01
10 178 2 2.622208e-01
11 178 2 2.961635e-01
12 178 2 3.288037e-01
1 181 2 4.656363e-03
2 181 2 4.918147e-03
3 181 2 4.985875e-03
4 181 2 4.767164e-03
5 181 2 3.931424e-03
6 181 2 3.399490e-03
7 181 2 3.005849e-03
8 181 2 3.076241e-03
9 181 2 3.332795e-03
10 181 2 3.608795e-03
11 181 2 4.087007e-03
12 181 2 4.351480e-03
1 182 2 5.553793e-01
2 182 2 5.133417e-01
3 182 2 4.840582e-01
4 182 2 4.043519e-01
5 182 2 3.166436e-01
6 182 2 2.368304e-01
7 182 2 2.348169e-01
8 182 2 3.263071e-01
9 182 2 4.527863e-01
10 182 2 5.553262e-01
11 182 2 6.137497e-01
12 182 2 5.891091e-01
1 183 2 1.183181e-01
2 183 2 1.136643e-01
3 183 2 1.085140e-01
4 183 2 9.839250e-02
5 183 2 8.278575e-02
6 183 2 6.719045e-02
7 183 2 6.251366e-02
8 183 2 7.423258e-02
9 183 2 8.631226e-02
10 183 2 1.021073e-01
11 183 2 1.111639e-01
12 183 2 1.143392e-01
1 184 2 3.688242e-02
2 184 2 3.737140e-02
3 184 2 3.619361e-02
4 184 2 3.257191e-02
5 184 2 2.707856e-02
6 184 2 2.188458e-02
7 184 2 1.973439e-02
8 184 2 2.061064e-02
9 184 2 2.183353e-02
10 184 2 2.507306e-02
11 184 2 2.933716e-02
12 184 2 3.343787e-02
1 188 2 3.491795e-02
2 188 2 3.461351e-02
3 188 2 3.208362e-02
4 188 2 2.619846e-02
5 188 2 1.851603e-02
6 188 2 1.408394e-02
7 188 2 1.211912e-02
8 188 2 1.232789e-02
9 188 2 1.669807e-02
10 188 2 2.194361e-02
11 188 2 2.613266e-02
12 188 2 3.259446e-02
1 189 2 3.045817e-02
2 189 2 2.814949e-02
3 189 2 2.553410e-02
4 189 2 1.887349e-02
5 189 2 1.249594e-02
6 189 2 8.836660e-03
7 189 2 8.401775e-03
8 189 2 1.032016e-02
9 189 2 1.660178e-02
10 189 2 2.363851e-02
11 189 2 2.875231e-02
12 189 2 3.004603e-02
1 190 2 1.247345e-01
2 190 2 1.181882e-01
3 190 2 1.025876e-01
4 190 2 7.266068e-02
5 190 2 5.069534e-02
6 190 2 3.677658e-02
7 190 2 3.455572e-02
8 190 2 4.165682e-02
9 190 2 5.851166e-02
10 190 2 7.976554e-02
11 190 2 1.045183e-01
12 190 2 1.172676e-01
1 191 2 8.299968e-02
2 191 2 8.600960e-02
3 191 2 8.360174e-02
4 191 2 6.906443e-02
5 191 2 5.679297e-02
6 191 2 4.665443e-02
7 191 2 4.101710e-02
8 191 2 4.165643e-02
9 191 2 4.544801e-02
10 191 2 5.101073e-02
11 191 2 6.273784e-02
12 191 2 7.381050e-02
1 192 2 2.204887e-02
2 192 2 2.382870e-02
3 192 2 2.321651e-02
4 192 2 2.010202e-02
5 192 2 1.698924e-02
6 192 2 1.446566e-02
7 192 2 1.271244e-02
8 192 2 1.181284e-02
9 192 2 1.216305e-02
10 192 2 1.335642e-02
11 192 2 1.594411e-02
12 192 2 1.914539e-02
1 200 2 1.036970e+00
2 200 2 1.066784e+00
3 200 2 8.723953e-01
4 200 2 5.767156e-01
5 200 2 3.774892e-01
6 200 2 3.074301e-01
7 200 2 2.920745e-01
8 200 2 3.149775e-01
9 200 2 3.488934e-01
10 200 2 4.460772e-01
11 200 2 6.198901e-01
12 200 2 8.540824e-01
1 201 2 7.029588e-01
2 201 2 7.253078e-01
3 201 2 6.639762e-01
4 201 2 5.110815e-01
5 201 2 3.851487e-01
6 201 2 3.186442e-01
7 201 2 3.011366e-01
8 201 2 3.114984e-01
9 201 2 3.082902e-01
10 201 2 3.668254e-01
11 201 2 4.676039e-01
12 201 2 5.823861e-01
1 206 2 3.694061e-01
2 206 2 3.990067e-01
3 206 2 3.609943e-01
4 206 2 3.080529e-01
5 206 2 2.547581e-01
6 206 2 2.221276e-01
7 206 2 1.905177e-01
8 206 2 1.870643e-01
9 206 2 2.024951e-01
10 206 2 2.292130e-01
11 206 2 2.686906e-01
12 206 2 3.165453e-01
1 207 2 1.399871e-02
2 207 2 1.528483e-02
3 207 2 1.449581e-02
4 207 2 1.314409e-02
5 207 2 1.165687e-02
6 207 2 9.998044e-03
7 207 2 8.812379e-03
8 207 2 8.677947e-03
9 207 2 8.755494e-03
10 207 2 9.643862e-03
11 207 2 1.039322e-02
12 207 2 1.188920e-02
1 212 2 4.913831e-02
2 212 2 5.245211e-02
3 212 2 4.655638e-02
4 212 2 3.913952e-02
5 212 2 3.050616e-02
6 212 2 2.462101e-02
7 212 2 2.043683e-02
8 212 2 1.975201e-02
9 212 2 2.243288e-02
10 212 2 2.646975e-02
11 212 2 3.139773e-02
12 212 2 4.151380e-02
1 213 2 1.070127e-02
2 213 2 1.169568e-02
3 213 2 9.911627e-03
4 213 2 8.387360e-03
5 213 2 6.471967e-03
6 213 2 4.988976e-03
7 213 2 4.234179e-03
8 213 2 4.133585e-03
9 213 2 4.979078e-03
10 213 2 6.136139e-03
11 213 2 7.535101e-03
12 213 2 9.220837e-03
1 214 2 3.804280e-01
2 214 2 4.033013e-01
3 214 2 3.240276e-01
4 214 2 2.406666e-01
5 214 2 1.778967e-01
6 214 2 1.311018e-01
7 214 2 1.135361e-01
8 214 2 1.170472e-01
9 214 2 1.477471e-01
10 214 2 1.980783e-01
11 214 2 2.711511e-01
12 214 2 3.288591e-01
1 215 2 1.409681e-01
2 215 2 1.450044e-01
3 215 2 1.351945e-01
4 215 2 1.077443e-01
5 215 2 8.751584e-02
6 215 2 7.031714e-02
7 215 2 6.076374e-02
8 215 2 6.091316e-02
9 215 2 6.850094e-02
10 215 2 8.149411e-02
11 215 2 1.026123e-01
12 215 2 1.239613e-01
1 216 2 5.110669e-02
2 216 2 5.335914e-02
3 216 2 5.003772e-02
4 216 2 4.067776e-02
5 216 2 3.257241e-02
6 216 2 2.802100e-02
7 216 2 2.462316e-02
8 216 2 2.354431e-02
9 216 2 2.443139e-02
10 216 2 2.776857e-02
11 216 2 3.340088e-02
12 216 2 4.292617e-02
1 224 2 3.032880e-02
2 224 2 3.315657e-02
3 224 2 2.893315e-02
4 224 2 2.491578e-02
5 224 2 2.011996e-02
6 224 2 1.709806e-02
7 224 2 1.553343e-02
8 224 2 1.622448e-02
9 224 2 1.668503e-02
10 224 2 1.967919e-02
11 224 2 2.350084e-02
12 224 2 2.803836e-02
1 240 2 3.158352e-03
2 240 2 3.221500e-03
3 240 2 2.945983e-03
4 240 2 2.601765e-03
5 240 2 2.261268e-03
6 240 2 1.950423e-03
7 240 2 1.910857e-03
8 240 2 1.969983e-03
9 240 2 1.917660e-03
10 240 2 2.065119e-03
11 240 2 2.269059e-03
12 240 2 2.812104e-03
