1 7 2 1.720462e-06
2 7 2 1.469771e-06
3 7 2 1.607408e-06
4 7 2 4.154490e-06
5 7 2 1.429442e-05
6 7 2 3.850025e-05
7 7 2 5.209197e-05
8 7 2 3.551680e-05
9 7 2 1.535982e-05
10 7 2 6.733703e-06
11 7 2 3.567608e-06
12 7 2 2.104656e-06
1 25 2 6.933640e-04
2 25 2 6.583463e-04
3 25 2 9.275011e-04
4 25 2 1.692484e-03
5 25 2 4.734754e-03
6 25 2 8.585873e-03
7 25 2 1.040859e-02
8 25 2 7.981551e-03
9 25 2 4.509999e-03
10 25 2 2.110516e-03
11 25 2 1.006319e-03
12 25 2 5.827559e-04
1 26 2 1.013797e-03
2 26 2 8.343646e-04
3 26 2 1.379690e-03
4 26 2 3.079582e-03
5 26 2 8.674707e-03
6 26 2 1.656845e-02
7 26 2 1.797672e-02
8 26 2 1.345024e-02
9 26 2 7.356572e-03
10 26 2 2.961307e-03
11 26 2 1.547162e-03
12 26 2 9.565319e-04
1 27 2 4.460277e-03
2 27 2 3.938025e-03
3 27 2 6.903336e-03
4 27 2 1.758195e-02
5 27 2 4.951208e-02
6 27 2 1.023475e-01
7 27 2 1.154306e-01
8 27 2 8.688162e-02
9 27 2 4.489734e-02
10 27 2 1.686004e-02
11 27 2 8.935217e-03
12 27 2 5.527047e-03
1 28 2 1.788589e-04
2 28 2 1.627664e-04
3 28 2 2.737449e-04
4 28 2 7.441040e-04
5 28 2 2.124872e-03
6 28 2 4.549316e-03
7 28 2 5.423842e-03
8 28 2 4.086926e-03
9 28 2 2.102401e-03
10 28 2 8.187834e-04
11 28 2 4.087485e-04
12 28 2 2.548320e-04
1 29 2 2.399433e-04
2 29 2 2.269870e-04
3 29 2 3.616016e-04
4 29 2 1.087276e-03
5 29 2 3.251433e-03
6 29 2 8.002072e-03
7 29 2 1.090067e-02
8 29 2 8.110171e-03
9 29 2 3.724595e-03
10 29 2 1.380473e-03
11 29 2 6.525553e-04
12 29 2 4.073536e-04
1 30 2 5.442243e-05
2 30 2 4.759581e-05
3 30 2 7.564639e-05
4 30 2 2.315322e-04
5 30 2 6.413803e-04
6 30 2 1.744305e-03
7 30 2 2.528287e-03
8 30 2 1.936179e-03
9 30 2 8.760540e-04
10 30 2 3.429034e-04
11 30 2 1.581719e-04
12 30 2 9.472889e-05
1 31 2 9.716599e-05
2 31 2 7.487457e-05
3 31 2 1.137436e-04
4 31 2 3.165861e-04
5 31 2 8.175789e-04
6 31 2 2.152644e-03
7 31 2 3.035706e-03
8 31 2 2.450347e-03
9 31 2 1.225826e-03
10 31 2 5.613680e-04
11 31 2 2.695252e-04
12 31 2 1.501919e-04
1 32 2 1.148753e-04
2 32 2 9.509461e-05
3 32 2 1.329259e-04
4 32 2 2.953665e-04
5 32 2 7.888843e-04
6 32 2 1.868712e-03
7 32 2 2.410860e-03
8 32 2 1.991479e-03
9 32 2 1.112065e-03
10 32 2 5.732804e-04
11 32 2 2.962479e-04
12 32 2 1.536372e-04
1 35 2 6.788588e-03
2 35 2 6.468503e-03
3 35 2 7.026708e-03
4 35 2 9.363723e-03
5 35 2 1.467888e-02
6 35 2 2.241786e-02
7 35 2 2.697557e-02
8 35 2 2.477072e-02
9 35 2 1.683514e-02
10 35 2 1.217178e-02
11 35 2 9.219474e-03
12 35 2 7.489987e-03
1 36 2 8.128663e-04
2 36 2 7.631233e-04
3 36 2 8.457663e-04
4 36 2 1.015839e-03
5 36 2 1.389329e-03
6 36 2 2.004222e-03
7 36 2 2.360407e-03
8 36 2 2.404611e-03
9 36 2 1.835511e-03
10 36 2 1.438049e-03
11 36 2 1.100662e-03
12 36 2 9.119921e-04
1 37 2 2.136321e-02
2 37 2 2.067662e-02
3 37 2 2.605350e-02
4 37 2 3.350130e-02
5 37 2 5.064757e-02
6 37 2 7.681803e-02
7 37 2 8.934331e-02
8 37 2 8.782658e-02
9 37 2 6.463220e-02
10 37 2 4.846284e-02
11 37 2 3.415716e-02
12 37 2 2.616729e-02
1 38 2 5.536887e-02
2 38 2 5.531923e-02
3 38 2 8.427154e-02
4 38 2 1.249464e-01
5 38 2 2.281198e-01
6 38 2 4.047813e-01
7 38 2 4.798524e-01
8 38 2 4.161715e-01
9 38 2 2.688150e-01
10 38 2 1.837348e-01
11 38 2 1.049897e-01
12 38 2 7.576461e-02
1 39 2 6.734650e-02
2 39 2 7.016150e-02
3 39 2 1.136471e-01
4 39 2 1.754806e-01
5 39 2 3.404906e-01
6 39 2 6.582541e-01
7 39 2 8.173674e-01
8 39 2 6.617552e-01
9 39 2 4.171124e-01
10 39 2 2.634015e-01
11 39 2 1.333281e-01
12 39 2 9.731988e-02
1 40 2 1.667306e-02
2 40 2 1.829323e-02
3 40 2 3.262572e-02
4 40 2 5.486274e-02
5 40 2 1.199327e-01
6 40 2 2.723000e-01
7 40 2 3.406894e-01
8 40 2 2.499212e-01
9 40 2 1.539489e-01
10 40 2 8.294912e-02
11 40 2 3.553300e-02
12 40 2 2.647098e-02
1 41 2 8.880232e-03
2 41 2 9.493411e-03
3 41 2 1.902448e-02
4 41 2 3.388395e-02
5 41 2 8.498591e-02
6 41 2 2.156605e-01
7 41 2 2.788361e-01
8 41 2 1.955744e-01
9 41 2 1.092960e-01
10 41 2 4.736992e-02
11 41 2 1.819825e-02
12 41 2 1.516801e-02
1 42 2 4.807328e-03
2 42 2 5.028561e-03
3 42 2 1.084402e-02
4 42 2 2.139192e-02
5 42 2 6.081362e-02
6 42 2 1.686788e-01
7 42 2 2.361305e-01
8 42 2 1.576917e-01
9 42 2 7.467526e-02
10 42 2 2.672548e-02
11 42 2 9.963768e-03
12 42 2 8.173822e-03
1 43 2 1.346803e-04
2 43 2 1.396461e-04
3 43 2 3.294923e-04
4 43 2 8.039710e-04
5 43 2 2.691038e-03
6 43 2 7.936292e-03
7 43 2 1.160176e-02
8 43 2 7.282779e-03
9 43 2 2.978064e-03
10 43 2 9.143414e-04
11 43 2 3.118101e-04
12 43 2 2.184877e-04
1 44 2 5.568381e-04
2 44 2 5.594968e-04
3 44 2 1.216992e-03
4 44 2 3.290107e-03
5 44 2 1.229174e-02
6 44 2 3.873534e-02
7 44 2 5.661383e-02
8 44 2 3.413779e-02
9 44 2 1.230616e-02
10 44 2 3.646066e-03
11 44 2 1.196649e-03
12 44 2 8.090692e-04
1 45 2 1.278833e-03
2 45 2 1.433198e-03
3 45 2 2.611534e-03
4 45 2 7.701623e-03
5 45 2 3.225290e-02
6 45 2 1.070185e-01
7 45 2 1.497174e-01
8 45 2 9.116278e-02
9 45 2 3.134883e-02
10 45 2 8.004010e-03
11 45 2 2.320018e-03
12 45 2 1.516249e-03
1 46 2 5.803191e-04
2 46 2 7.300556e-04
3 46 2 1.147592e-03
4 46 2 3.186747e-03
5 46 2 1.251422e-02
6 46 2 3.881772e-02
7 46 2 5.430326e-02
8 46 2 3.402705e-02
9 46 2 1.278153e-02
10 46 2 3.098091e-03
11 46 2 8.517874e-04
12 46 2 6.074435e-04
1 47 2 7.625684e-04
2 47 2 9.704732e-04
3 47 2 1.367549e-03
4 47 2 3.064030e-03
5 47 2 1.044375e-02
6 47 2 2.877250e-02
7 47 2 3.902166e-02
8 47 2 2.645948e-02
9 47 2 1.120904e-02
10 47 2 3.457298e-03
11 47 2 1.019993e-03
12 47 2 7.753306e-04
1 48 2 1.032185e-03
2 48 2 1.185710e-03
3 48 2 1.630878e-03
4 48 2 3.184760e-03
5 48 2 9.882921e-03
6 48 2 2.273241e-02
7 48 2 3.020926e-02
8 48 2 2.125395e-02
9 48 2 1.011774e-02
10 48 2 3.772250e-03
11 48 2 1.357963e-03
12 48 2 9.005183e-04
1 49 2 5.268010e-04
2 49 2 4.793424e-04
3 49 2 5.437149e-04
4 49 2 6.363701e-04
5 49 2 9.101449e-04
6 49 2 1.384733e-03
7 49 2 2.065101e-03
8 49 2 1.941937e-03
9 49 2 1.354479e-03
10 49 2 9.692600e-04
11 49 2 7.076383e-04
12 49 2 5.162208e-04
1 50 2 2.151401e-03
2 50 2 1.857087e-03
3 50 2 2.176793e-03
4 50 2 2.481319e-03
5 50 2 3.492283e-03
6 50 2 5.124877e-03
7 50 2 7.073084e-03
8 50 2 6.801923e-03
9 50 2 4.925211e-03
10 50 2 3.510897e-03
11 50 2 2.628541e-03
12 50 2 2.069689e-03
1 51 2 8.259541e-04
2 51 2 7.538126e-04
3 51 2 8.191006e-04
4 51 2 9.455131e-04
5 51 2 1.288758e-03
6 51 2 1.807381e-03
7 51 2 2.355281e-03
8 51 2 2.335724e-03
9 51 2 1.940644e-03
10 51 2 1.364999e-03
11 51 2 1.023017e-03
12 51 2 8.573195e-04
1 52 2 3.130904e-01
2 52 2 3.290848e-01
3 52 2 4.134054e-01
4 52 2 6.026887e-01
5 52 2 1.019226e+00
6 52 2 1.402683e+00
7 52 2 1.799202e+00
8 52 2 1.682870e+00
9 52 2 1.358475e+00
10 52 2 7.760492e-01
11 52 2 4.671056e-01
12 52 2 3.602097e-01
1 53 2 8.449044e-02
2 53 2 1.060046e-01
3 53 2 1.795942e-01
4 53 2 3.920005e-01
5 53 2 7.464888e-01
6 53 2 1.114698e+00
7 53 2 1.547333e+00
8 53 2 1.318508e+00
9 53 2 8.923762e-01
10 53 2 3.935755e-01
11 53 2 1.755453e-01
12 53 2 1.112151e-01
1 54 2 4.372877e-02
2 54 2 5.672741e-02
3 54 2 1.060826e-01
4 54 2 2.636047e-01
5 54 2 5.192192e-01
6 54 2 1.002895e+00
7 54 2 1.424659e+00
8 54 2 1.194613e+00
9 54 2 7.245142e-01
10 54 2 3.081340e-01
11 54 2 1.320803e-01
12 54 2 7.285808e-02
1 55 2 2.978391e-02
2 55 2 3.321701e-02
3 55 2 6.196541e-02
4 55 2 1.450951e-01
5 55 2 2.879276e-01
6 55 2 6.148977e-01
7 55 2 8.547544e-01
8 55 2 7.371514e-01
9 55 2 4.674537e-01
10 55 2 2.241366e-01
11 55 2 1.048649e-01
12 55 2 6.004596e-02
1 56 2 1.057826e-01
2 56 2 1.097792e-01
3 56 2 1.901405e-01
4 56 2 4.239862e-01
5 56 2 9.267772e-01
6 56 2 1.826882e+00
7 56 2 2.525824e+00
8 56 2 2.096306e+00
9 56 2 1.370195e+00
10 56 2 7.059743e-01
11 56 2 3.182794e-01
12 56 2 1.825363e-01
1 57 2 2.140205e-02
2 57 2 2.041968e-02
3 57 2 2.511504e-02
4 57 2 3.812070e-02
5 57 2 6.378190e-02
6 57 2 1.037811e-01
7 57 2 1.477855e-01
8 57 2 1.331908e-01
9 57 2 9.909407e-02
10 57 2 6.365287e-02
11 57 2 3.892406e-02
12 57 2 2.797296e-02
1 60 2 2.497601e+00
2 60 2 2.418701e+00
3 60 2 2.773770e+00
4 60 2 3.289651e+00
5 60 2 4.055878e+00
6 60 2 5.337508e+00
7 60 2 6.213926e+00
8 60 2 6.216540e+00
9 60 2 5.275628e+00
10 60 2 4.306665e+00
11 60 2 3.444325e+00
12 60 2 2.854992e+00
1 61 2 3.767227e+00
2 61 2 3.789887e+00
3 61 2 5.330411e+00
4 61 2 8.028725e+00
5 61 2 1.171146e+01
6 61 2 1.649955e+01
7 61 2 1.952562e+01
8 61 2 1.878526e+01
9 61 2 1.459664e+01
10 61 2 9.928724e+00
11 61 2 6.477109e+00
12 61 2 4.542990e+00
1 62 2 1.089359e+00
2 62 2 1.193105e+00
3 62 2 1.878165e+00
4 62 2 3.400052e+00
5 62 2 5.831822e+00
6 62 2 8.272905e+00
7 62 2 1.011609e+01
8 62 2 9.443004e+00
9 62 2 6.580096e+00
10 62 2 3.923967e+00
11 62 2 2.130888e+00
12 62 2 1.386721e+00
1 63 2 1.029700e+00
2 63 2 1.250011e+00
3 63 2 2.091597e+00
4 63 2 4.399158e+00
5 63 2 8.442708e+00
6 63 2 1.255143e+01
7 63 2 1.605025e+01
8 63 2 1.396686e+01
9 63 2 8.530520e+00
10 63 2 4.658609e+00
11 63 2 2.151846e+00
12 63 2 1.408689e+00
1 64 2 2.462469e-01
2 64 2 3.154679e-01
3 64 2 6.007270e-01
4 64 2 1.422922e+00
5 64 2 3.047450e+00
6 64 2 4.881318e+00
7 64 2 6.187176e+00
8 64 2 4.836990e+00
9 64 2 2.769589e+00
10 64 2 1.224374e+00
11 64 2 5.594787e-01
12 64 2 3.828836e-01
1 65 2 8.323605e-02
2 65 2 1.032132e-01
3 65 2 2.261208e-01
4 65 2 6.376686e-01
5 65 2 1.336988e+00
6 65 2 2.272261e+00
7 65 2 2.945173e+00
8 65 2 2.198117e+00
9 65 2 1.246703e+00
10 65 2 4.424003e-01
11 65 2 1.947533e-01
12 65 2 1.411374e-01
1 66 2 5.517873e-02
2 66 2 6.821812e-02
3 66 2 1.621740e-01
4 66 2 5.320391e-01
5 66 2 1.106261e+00
6 66 2 1.902266e+00
7 66 2 2.623542e+00
8 66 2 1.983401e+00
9 66 2 1.121978e+00
10 66 2 3.717240e-01
11 66 2 1.424502e-01
12 66 2 8.835908e-02
1 67 2 1.897002e-02
2 67 2 2.529564e-02
3 67 2 6.432698e-02
4 67 2 2.376295e-01
5 67 2 5.391675e-01
6 67 2 9.195541e-01
7 67 2 1.285638e+00
8 67 2 9.894038e-01
9 67 2 5.411351e-01
10 67 2 1.990006e-01
11 67 2 6.292549e-02
12 67 2 2.832243e-02
1 68 2 4.781676e-03
2 68 2 6.420505e-03
3 68 2 1.906854e-02
4 68 2 8.764907e-02
5 68 2 2.388549e-01
6 68 2 4.577201e-01
7 68 2 6.562840e-01
8 68 2 4.881006e-01
9 68 2 2.342442e-01
10 68 2 8.605852e-02
11 68 2 1.962439e-02
12 68 2 6.828607e-03
1 69 2 3.022151e-03
2 69 2 4.284849e-03
3 69 2 1.024693e-02
4 69 2 4.493338e-02
5 69 2 1.440810e-01
6 69 2 3.409839e-01
7 69 2 4.995386e-01
8 69 2 3.845437e-01
9 69 2 1.651974e-01
10 69 2 5.371583e-02
11 69 2 1.040819e-02
12 69 2 3.914154e-03
1 70 2 1.232951e-02
2 70 2 1.441084e-02
3 70 2 2.065032e-02
4 70 2 5.387562e-02
5 70 2 1.351029e-01
6 70 2 3.280684e-01
7 70 2 5.310386e-01
8 70 2 4.839907e-01
9 70 2 2.499004e-01
10 70 2 8.907676e-02
11 70 2 2.709184e-02
12 70 2 1.525074e-02
1 71 2 9.672273e-03
2 71 2 9.815094e-03
3 71 2 1.110653e-02
4 71 2 1.782261e-02
5 71 2 3.451578e-02
6 71 2 7.200317e-02
7 71 2 1.105023e-01
8 71 2 1.098670e-01
9 71 2 7.048960e-02
10 71 2 3.357326e-02
11 71 2 1.603880e-02
12 71 2 1.113949e-02
1 72 2 4.068968e-05
2 72 2 3.886219e-05
3 72 2 4.210315e-05
4 72 2 5.368192e-05
5 72 2 8.352511e-05
6 72 2 1.453365e-04
7 72 2 2.251096e-04
8 72 2 2.165026e-04
9 72 2 1.514725e-04
10 72 2 9.184432e-05
11 72 2 5.658876e-05
12 72 2 4.041181e-05
1 76 2 7.517390e-01
2 76 2 6.877639e-01
3 76 2 6.946859e-01
4 76 2 7.556528e-01
5 76 2 1.027323e+00
6 76 2 1.464897e+00
7 76 2 1.964345e+00
8 76 2 2.096317e+00
9 76 2 1.997382e+00
10 76 2 1.333852e+00
11 76 2 8.610576e-01
12 76 2 7.530697e-01
1 77 2 7.287806e-01
2 77 2 9.463158e-01
3 77 2 1.239617e+00
4 77 2 2.003494e+00
5 77 2 3.363947e+00
6 77 2 5.193583e+00
7 77 2 7.056678e+00
8 77 2 6.697931e+00
9 77 2 4.961543e+00
10 77 2 2.506630e+00
11 77 2 1.099917e+00
12 77 2 6.932721e-01
1 78 2 8.374337e-01
2 78 2 1.144235e+00
3 78 2 1.593416e+00
4 78 2 2.857959e+00
5 78 2 4.469022e+00
6 78 2 7.095258e+00
7 78 2 8.758310e+00
8 78 2 8.201094e+00
9 78 2 5.317500e+00
10 78 2 2.819974e+00
11 78 2 1.522847e+00
12 78 2 8.791910e-01
1 79 2 2.710959e+00
2 79 2 3.326392e+00
3 79 2 4.884103e+00
4 79 2 8.101095e+00
5 79 2 1.230781e+01
6 79 2 2.010691e+01
7 79 2 2.463850e+01
8 79 2 2.334061e+01
9 79 2 1.611683e+01
10 79 2 9.728852e+00
11 79 2 5.542998e+00
12 79 2 3.395538e+00
1 80 2 1.318294e+00
2 80 2 1.320868e+00
3 80 2 1.659754e+00
4 80 2 2.244177e+00
5 80 2 3.346991e+00
6 80 2 5.092326e+00
7 80 2 6.557143e+00
8 80 2 6.491463e+00
9 80 2 5.387795e+00
10 80 2 3.777407e+00
11 80 2 2.203589e+00
12 80 2 1.628819e+00
1 81 2 3.228348e-07
2 81 2 2.925662e-07
3 81 2 3.081516e-07
4 81 2 3.653923e-07
5 81 2 5.261616e-07
6 81 2 7.089875e-07
7 81 2 9.460219e-07
8 81 2 1.015060e-06
9 81 2 9.230067e-07
10 81 2 7.082168e-07
11 81 2 4.681583e-07
12 81 2 3.832794e-07
1 84 2 1.909768e+00
2 84 2 2.019105e+00
3 84 2 2.497229e+00
4 84 2 3.155717e+00
5 84 2 4.230864e+00
6 84 2 6.932578e+00
7 84 2 9.284964e+00
8 84 2 8.897302e+00
9 84 2 6.676061e+00
10 84 2 4.213265e+00
11 84 2 2.830374e+00
12 84 2 2.162100e+00
1 85 2 1.325294e+00
2 85 2 1.492385e+00
3 85 2 1.940342e+00
4 85 2 2.819136e+00
5 85 2 4.512822e+00
6 85 2 6.894042e+00
7 85 2 9.538549e+00
8 85 2 9.074104e+00
9 85 2 6.533971e+00
10 85 2 3.604177e+00
11 85 2 2.032604e+00
12 85 2 1.474859e+00
1 86 2 4.598641e-01
2 86 2 5.206624e-01
3 86 2 6.653681e-01
4 86 2 9.664638e-01
5 86 2 1.553298e+00
6 86 2 2.253802e+00
7 86 2 3.096125e+00
8 86 2 3.106253e+00
9 86 2 2.299219e+00
10 86 2 1.333292e+00
11 86 2 7.344427e-01
12 86 2 5.249012e-01
1 87 2 4.088101e-01
2 87 2 5.530730e-01
3 87 2 7.896869e-01
4 87 2 1.248315e+00
5 87 2 2.190003e+00
6 87 2 3.291852e+00
7 87 2 4.462732e+00
8 87 2 4.547375e+00
9 87 2 3.296868e+00
10 87 2 1.856224e+00
11 87 2 8.155759e-01
12 87 2 4.957462e-01
1 88 2 2.091738e-01
2 88 2 2.970437e-01
3 88 2 4.658084e-01
4 88 2 8.838216e-01
5 88 2 1.813862e+00
6 88 2 2.850893e+00
7 88 2 3.650965e+00
8 88 2 3.202182e+00
9 88 2 2.069251e+00
10 88 2 9.778895e-01
11 88 2 5.013336e-01
12 88 2 2.784724e-01
1 89 2 1.793733e-01
2 89 2 2.495746e-01
3 89 2 4.736849e-01
4 89 2 8.909205e-01
5 89 2 1.777934e+00
6 89 2 2.656027e+00
7 89 2 3.098427e+00
8 89 2 2.713483e+00
9 89 2 1.770834e+00
10 89 2 8.426874e-01
11 89 2 4.636888e-01
12 89 2 2.566537e-01
1 90 2 4.183012e-02
2 90 2 5.513071e-02
3 90 2 1.094010e-01
4 90 2 1.963515e-01
5 90 2 3.014863e-01
6 90 2 3.990676e-01
7 90 2 4.481776e-01
8 90 2 4.146884e-01
9 90 2 3.022071e-01
10 90 2 1.802537e-01
11 90 2 9.938347e-02
12 90 2 5.657682e-02
1 91 2 2.807239e-03
2 91 2 3.972120e-03
3 91 2 8.298637e-03
4 91 2 1.568182e-02
5 91 2 2.314392e-02
6 91 2 2.941807e-02
7 91 2 3.303221e-02
8 91 2 3.029371e-02
9 91 2 2.178180e-02
10 91 2 1.348299e-02
11 91 2 6.987954e-03
12 91 2 3.587312e-03
1 92 2 1.611369e-02
2 92 2 2.301742e-02
3 92 2 5.769887e-02
4 92 2 1.376561e-01
5 92 2 2.595994e-01
6 92 2 3.977977e-01
7 92 2 4.775026e-01
8 92 2 4.346039e-01
9 92 2 2.718924e-01
10 92 2 1.445021e-01
11 92 2 5.667382e-02
12 92 2 2.432868e-02
1 93 2 2.619344e-01
2 93 2 3.160473e-01
3 93 2 6.498100e-01
4 93 2 1.514455e+00
5 93 2 2.701701e+00
6 93 2 4.287410e+00
7 93 2 5.751337e+00
8 93 2 5.654054e+00
9 93 2 3.802945e+00
10 93 2 2.190034e+00
11 93 2 9.378918e-01
12 93 2 3.906508e-01
1 94 2 7.144743e-01
2 94 2 7.108724e-01
3 94 2 9.491865e-01
4 94 2 1.682133e+00
5 94 2 2.871299e+00
6 94 2 4.521213e+00
7 94 2 6.246037e+00
8 94 2 6.806797e+00
9 94 2 5.606862e+00
10 94 2 3.384292e+00
11 94 2 1.816433e+00
12 94 2 9.924555e-01
1 98 2 9.535748e-02
2 98 2 8.876516e-02
3 98 2 8.358615e-02
4 98 2 8.899517e-02
5 98 2 1.010034e-01
6 98 2 1.155778e-01
7 98 2 1.300013e-01
8 98 2 1.370150e-01
9 98 2 1.352031e-01
10 98 2 1.278031e-01
11 98 2 1.149580e-01
12 98 2 1.046130e-01
1 101 2 1.052692e-01
2 101 2 1.081677e-01
3 101 2 1.108439e-01
4 101 2 1.366874e-01
5 101 2 1.757826e-01
6 101 2 2.052446e-01
7 101 2 2.190868e-01
8 101 2 2.195327e-01
9 101 2 2.110514e-01
10 101 2 1.809549e-01
11 101 2 1.391494e-01
12 101 2 1.116078e-01
1 102 2 9.992259e-01
2 102 2 1.129487e+00
3 102 2 1.388161e+00
4 102 2 1.736310e+00
5 102 2 2.009321e+00
6 102 2 2.193535e+00
7 102 2 2.255303e+00
8 102 2 2.283801e+00
9 102 2 2.058342e+00
10 102 2 1.585749e+00
11 102 2 1.272762e+00
12 102 2 1.043187e+00
1 103 2 9.276685e-01
2 103 2 9.466934e-01
3 103 2 1.031777e+00
4 103 2 1.165869e+00
5 103 2 1.357747e+00
6 103 2 1.553768e+00
7 103 2 1.680980e+00
8 103 2 1.764151e+00
9 103 2 1.730267e+00
10 103 2 1.512103e+00
11 103 2 1.243942e+00
12 103 2 1.034297e+00
1 104 2 1.766278e-01
2 104 2 1.694876e-01
3 104 2 1.713292e-01
4 104 2 1.878378e-01
5 104 2 2.196408e-01
6 104 2 2.520485e-01
7 104 2 2.828804e-01
8 104 2 3.055798e-01
9 104 2 3.080395e-01
10 104 2 2.877699e-01
11 104 2 2.367167e-01
12 104 2 1.960011e-01
1 107 2 1.032418e-01
2 107 2 1.089182e-01
3 107 2 1.271659e-01
4 107 2 1.457182e-01
5 107 2 1.634138e-01
6 107 2 2.092089e-01
7 107 2 2.286742e-01
8 107 2 2.277489e-01
9 107 2 2.132070e-01
10 107 2 1.823671e-01
11 107 2 1.449752e-01
12 107 2 1.133760e-01
1 108 2 8.568379e-03
2 108 2 1.095040e-02
3 108 2 1.590663e-02
4 108 2 2.463589e-02
5 108 2 3.824148e-02
6 108 2 5.248763e-02
7 108 2 5.618642e-02
8 108 2 4.965697e-02
9 108 2 4.018032e-02
10 108 2 2.772164e-02
11 108 2 1.444016e-02
12 108 2 9.192572e-03
1 109 2 1.625356e-02
2 109 2 2.146859e-02
3 109 2 3.357826e-02
4 109 2 5.827221e-02
5 109 2 9.928322e-02
6 109 2 1.251515e-01
7 109 2 1.271653e-01
8 109 2 1.169006e-01
9 109 2 9.387452e-02
10 109 2 6.586838e-02
11 109 2 2.929662e-02
12 109 2 1.711400e-02
1 110 2 7.153584e-03
2 110 2 9.112296e-03
3 110 2 1.463481e-02
4 110 2 2.265412e-02
5 110 2 3.513563e-02
6 110 2 4.068875e-02
7 110 2 4.374433e-02
8 110 2 4.326280e-02
9 110 2 3.642627e-02
10 110 2 2.655706e-02
11 110 2 1.284578e-02
12 110 2 7.561162e-03
1 111 2 2.457066e-01
2 111 2 3.073073e-01
3 111 2 4.975238e-01
4 111 2 7.540388e-01
5 111 2 1.139619e+00
6 111 2 1.461538e+00
7 111 2 1.544955e+00
8 111 2 1.530218e+00
9 111 2 1.303114e+00
10 111 2 8.482645e-01
11 111 2 4.569539e-01
12 111 2 2.791158e-01
1 112 2 2.832261e-01
2 112 2 3.651855e-01
3 112 2 6.406393e-01
4 112 2 1.065346e+00
5 112 2 1.620038e+00
6 112 2 1.974207e+00
7 112 2 2.010677e+00
8 112 2 1.874159e+00
9 112 2 1.430714e+00
10 112 2 9.498131e-01
11 112 2 5.450935e-01
12 112 2 3.350635e-01
1 113 2 1.623523e-01
2 113 2 2.056852e-01
3 113 2 3.455524e-01
4 113 2 5.167422e-01
5 113 2 6.359007e-01
6 113 2 5.552354e-01
7 113 2 4.764248e-01
8 113 2 4.550245e-01
9 113 2 4.500406e-01
10 113 2 4.109301e-01
11 113 2 2.874198e-01
12 113 2 1.941262e-01
1 114 2 4.427103e-01
2 114 2 6.003376e-01
3 114 2 1.069604e+00
4 114 2 1.559145e+00
5 114 2 1.798795e+00
6 114 2 1.316819e+00
7 114 2 1.087603e+00
8 114 2 9.969204e-01
9 114 2 9.620636e-01
10 114 2 8.610646e-01
11 114 2 6.564081e-01
12 114 2 4.862257e-01
1 115 2 1.587398e-01
2 115 2 2.309521e-01
3 115 2 3.660967e-01
4 115 2 4.538089e-01
5 115 2 4.052729e-01
6 115 2 3.762825e-01
7 115 2 3.629175e-01
8 115 2 3.481937e-01
9 115 2 3.202343e-01
10 115 2 2.861784e-01
11 115 2 2.173933e-01
12 115 2 1.559634e-01
1 116 2 1.409382e-01
2 116 2 1.804182e-01
3 116 2 2.759024e-01
4 116 2 3.905297e-01
5 116 2 4.542107e-01
6 116 2 5.172308e-01
7 116 2 5.422560e-01
8 116 2 5.190594e-01
9 116 2 4.204959e-01
10 116 2 3.361770e-01
11 116 2 2.442261e-01
12 116 2 1.608856e-01
1 117 2 3.732173e-02
2 117 2 3.897322e-02
3 117 2 4.921959e-02
4 117 2 6.737528e-02
5 117 2 8.579695e-02
6 117 2 1.016504e-01
7 117 2 1.082175e-01
8 117 2 1.080755e-01
9 117 2 9.861239e-02
10 117 2 8.441816e-02
11 117 2 6.814759e-02
12 117 2 4.922894e-02
1 126 2 1.941042e-03
2 126 2 2.017514e-03
3 126 2 2.186710e-03
4 126 2 2.309032e-03
5 126 2 2.281345e-03
6 126 2 2.120254e-03
7 126 2 2.043802e-03
8 126 2 2.063770e-03
9 126 2 2.052845e-03
10 126 2 2.017248e-03
11 126 2 1.971102e-03
12 126 2 1.941258e-03
1 127 2 1.955827e-01
2 127 2 1.989116e-01
3 127 2 2.099469e-01
4 127 2 2.179695e-01
5 127 2 2.209391e-01
6 127 2 2.140075e-01
7 127 2 2.140665e-01
8 127 2 2.189790e-01
9 127 2 2.166447e-01
10 127 2 2.079620e-01
11 127 2 2.015410e-01
12 127 2 1.990463e-01
1 128 2 8.861046e-01
2 128 2 9.100213e-01
3 128 2 9.341948e-01
4 128 2 9.119329e-01
5 128 2 8.870858e-01
6 128 2 8.604387e-01
7 128 2 9.170688e-01
8 128 2 1.042711e+00
9 128 2 1.096401e+00
10 128 2 1.035603e+00
11 128 2 9.417293e-01
12 128 2 8.872964e-01
1 129 2 2.527154e-02
2 129 2 2.492456e-02
3 129 2 2.555319e-02
4 129 2 2.629423e-02
5 129 2 2.669994e-02
6 129 2 2.742224e-02
7 129 2 2.865354e-02
8 129 2 3.123230e-02
9 129 2 3.263118e-02
10 129 2 3.277494e-02
11 129 2 2.992464e-02
12 129 2 2.658440e-02
1 133 2 5.427819e-01
2 133 2 6.310642e-01
3 133 2 7.575585e-01
4 133 2 7.778123e-01
5 133 2 7.419533e-01
6 133 2 6.819553e-01
7 133 2 6.086515e-01
8 133 2 5.699330e-01
9 133 2 5.943131e-01
10 133 2 6.329663e-01
11 133 2 6.038601e-01
12 133 2 5.283779e-01
1 135 2 2.344595e-02
2 135 2 2.641539e-02
3 135 2 3.141393e-02
4 135 2 3.383134e-02
5 135 2 3.250868e-02
6 135 2 2.900107e-02
7 135 2 2.505405e-02
8 135 2 2.530478e-02
9 135 2 2.688922e-02
10 135 2 2.528775e-02
11 135 2 2.423809e-02
12 135 2 2.276837e-02
1 136 2 2.626684e-02
2 136 2 2.703390e-02
3 136 2 3.343246e-02
4 136 2 4.064370e-02
5 136 2 4.450667e-02
6 136 2 4.060706e-02
7 136 2 3.593251e-02
8 136 2 3.585009e-02
9 136 2 3.603539e-02
10 136 2 3.389842e-02
11 136 2 3.205078e-02
12 136 2 2.846149e-02
1 137 2 6.377107e-03
2 137 2 6.690243e-03
3 137 2 7.670502e-03
4 137 2 8.428756e-03
5 137 2 8.319693e-03
6 137 2 7.654952e-03
7 137 2 7.081645e-03
8 137 2 6.833080e-03
9 137 2 6.837373e-03
10 137 2 7.122964e-03
11 137 2 7.042389e-03
12 137 2 6.640343e-03
1 138 2 2.553714e-01
2 138 2 2.808215e-01
3 138 2 3.257945e-01
4 138 2 3.625890e-01
5 138 2 3.658300e-01
6 138 2 3.215278e-01
7 138 2 2.978647e-01
8 138 2 2.872536e-01
9 138 2 2.880374e-01
10 138 2 2.897158e-01
11 138 2 2.810298e-01
12 138 2 2.606316e-01
1 139 2 4.321471e-01
2 139 2 4.921357e-01
3 139 2 5.499132e-01
4 139 2 5.771730e-01
5 139 2 5.690393e-01
6 139 2 5.299301e-01
7 139 2 5.013940e-01
8 139 2 4.826745e-01
9 139 2 4.764183e-01
10 139 2 4.801168e-01
11 139 2 4.568679e-01
12 139 2 4.182016e-01
1 140 2 1.435984e-01
2 140 2 1.484861e-01
3 140 2 1.612675e-01
4 140 2 1.827134e-01
5 140 2 1.940155e-01
6 140 2 1.863522e-01
7 140 2 1.764452e-01
8 140 2 1.701799e-01
9 140 2 1.676990e-01
10 140 2 1.686258e-01
11 140 2 1.650644e-01
12 140 2 1.538904e-01
1 141 2 2.238548e-01
2 141 2 2.215385e-01
3 141 2 2.278840e-01
4 141 2 2.501008e-01
5 141 2 2.698919e-01
6 141 2 2.668790e-01
7 141 2 2.596623e-01
8 141 2 2.517935e-01
9 141 2 2.496595e-01
10 141 2 2.502465e-01
11 141 2 2.527442e-01
12 141 2 2.453949e-01
1 150 2 2.589021e-04
2 150 2 2.834090e-04
3 150 2 3.033571e-04
4 150 2 3.102075e-04
5 150 2 2.902596e-04
6 150 2 2.559959e-04
7 150 2 2.335397e-04
8 150 2 2.279002e-04
9 150 2 2.205323e-04
10 150 2 2.155148e-04
11 150 2 2.197049e-04
12 150 2 2.337598e-04
1 151 2 1.680457e-01
2 151 2 1.787362e-01
3 151 2 1.895134e-01
4 151 2 1.939821e-01
5 151 2 1.876911e-01
6 151 2 1.766755e-01
7 151 2 1.727717e-01
8 151 2 1.794421e-01
9 151 2 1.708448e-01
10 151 2 1.603202e-01
11 151 2 1.556192e-01
12 151 2 1.595015e-01
1 152 2 1.332325e-01
2 152 2 1.349547e-01
3 152 2 1.362040e-01
4 152 2 1.294290e-01
5 152 2 1.244160e-01
6 152 2 1.221940e-01
7 152 2 1.397004e-01
8 152 2 1.862736e-01
9 152 2 1.977498e-01
10 152 2 1.685440e-01
11 152 2 1.445335e-01
12 152 2 1.336638e-01
1 153 2 1.544149e-01
2 153 2 1.581605e-01
3 153 2 1.668702e-01
4 153 2 1.636777e-01
5 153 2 1.580638e-01
6 153 2 1.551869e-01
7 153 2 1.811525e-01
8 153 2 2.367336e-01
9 153 2 2.879341e-01
10 153 2 2.573539e-01
11 153 2 1.946751e-01
12 153 2 1.624300e-01
1 154 2 4.200912e-01
2 154 2 4.178119e-01
3 154 2 4.347869e-01
4 154 2 4.166065e-01
5 154 2 3.895651e-01
6 154 2 3.504183e-01
7 154 2 3.308870e-01
8 154 2 3.446955e-01
9 154 2 3.886396e-01
10 154 2 4.367614e-01
11 154 2 4.602979e-01
12 154 2 4.450861e-01
1 157 2 1.673603e-02
2 157 2 1.737870e-02
3 157 2 1.860639e-02
4 157 2 1.834427e-02
5 157 2 1.788039e-02
6 157 2 1.681064e-02
7 157 2 1.603975e-02
8 157 2 1.587807e-02
9 157 2 1.576331e-02
10 157 2 1.603816e-02
11 157 2 1.615314e-02
12 157 2 1.636395e-02
1 163 2 7.785325e-02
2 163 2 7.889638e-02
3 163 2 8.123761e-02
4 163 2 8.611240e-02
5 163 2 8.619643e-02
6 163 2 7.969199e-02
7 163 2 7.367499e-02
8 163 2 6.918225e-02
9 163 2 7.017292e-02
10 163 2 7.424024e-02
11 163 2 7.714241e-02
12 163 2 7.774685e-02
1 164 2 2.945745e-01
2 164 2 2.920558e-01
3 164 2 3.001857e-01
4 164 2 3.141897e-01
5 164 2 3.104938e-01
6 164 2 2.871829e-01
7 164 2 2.658131e-01
8 164 2 2.596504e-01
9 164 2 2.780327e-01
10 164 2 3.045971e-01
11 164 2 3.107486e-01
12 164 2 3.055739e-01
1 165 2 1.319677e-01
2 165 2 1.293377e-01
3 165 2 1.309637e-01
4 165 2 1.338604e-01
5 165 2 1.323912e-01
6 165 2 1.218186e-01
7 165 2 1.148583e-01
8 165 2 1.162574e-01
9 165 2 1.239179e-01
10 165 2 1.324950e-01
11 165 2 1.393793e-01
12 165 2 1.395435e-01
1 166 2 5.777280e-02
2 166 2 5.719605e-02
3 166 2 5.625109e-02
4 166 2 5.598718e-02
5 166 2 5.415396e-02
6 166 2 5.008340e-02
7 166 2 4.729388e-02
8 166 2 4.764672e-02
9 166 2 4.942995e-02
10 166 2 5.199668e-02
11 166 2 5.606005e-02
12 166 2 5.888465e-02
1 170 2 2.577421e-03
2 170 2 2.834653e-03
3 170 2 2.785031e-03
4 170 2 2.531444e-03
5 170 2 2.109449e-03
6 170 2 1.773678e-03
7 170 2 1.677622e-03
8 170 2 1.601589e-03
9 170 2 1.628526e-03
10 170 2 1.813352e-03
11 170 2 2.000697e-03
12 170 2 2.303926e-03
1 171 2 9.276488e-03
2 171 2 1.018292e-02
3 171 2 1.030619e-02
4 171 2 9.169253e-03
5 171 2 7.627788e-03
6 171 2 6.536654e-03
7 171 2 5.934579e-03
8 171 2 5.623200e-03
9 171 2 5.705131e-03
10 171 2 6.205590e-03
11 171 2 7.082693e-03
12 171 2 8.367519e-03
1 175 2 2.668047e-04
2 175 2 2.820747e-04
3 175 2 2.828839e-04
4 175 2 2.649544e-04
5 175 2 2.302036e-04
6 175 2 2.097739e-04
7 175 2 2.054212e-04
8 175 2 2.036869e-04
9 175 2 1.894510e-04
10 175 2 1.915081e-04
11 175 2 2.002200e-04
12 175 2 2.335577e-04
1 176 2 1.925054e-01
2 176 2 1.939488e-01
3 176 2 1.898752e-01
4 176 2 1.677011e-01
5 176 2 1.356627e-01
6 176 2 1.229358e-01
7 176 2 1.227116e-01
8 176 2 1.399976e-01
9 176 2 1.524719e-01
10 176 2 1.627247e-01
11 176 2 1.736965e-01
12 176 2 1.845083e-01
1 177 2 8.447464e-01
2 177 2 8.208629e-01
3 177 2 7.750475e-01
4 177 2 6.777274e-01
5 177 2 5.541964e-01
6 177 2 4.732369e-01
7 177 2 4.923957e-01
8 177 2 5.899806e-01
9 177 2 7.415134e-01
10 177 2 7.711455e-01
11 177 2 7.867870e-01
12 177 2 7.883945e-01
1 178 2 3.080744e-01
2 178 2 3.044739e-01
3 178 2 2.918605e-01
4 178 2 2.446260e-01
5 178 2 2.129970e-01
6 178 2 1.800298e-01
7 178 2 1.714670e-01
8 178 2 1.727290e-01
9 178 2 1.969930e-01
10 178 2 2.119589e-01
11 178 2 2.393956e-01
12 178 2 2.657794e-01
1 181 2 3.758751e-03
2 181 2 3.970071e-03
3 181 2 4.024742e-03
4 181 2 3.848193e-03
5 181 2 3.173559e-03
6 181 2 2.744166e-03
7 181 2 2.426408e-03
8 181 2 2.483231e-03
9 181 2 2.690329e-03
10 181 2 2.913123e-03
11 181 2 3.299151e-03
12 181 2 3.512641e-03
1 182 2 4.492856e-01
2 182 2 4.152785e-01
3 182 2 3.915890e-01
4 182 2 3.271089e-01
5 182 2 2.561554e-01
6 182 2 1.915889e-01
7 182 2 1.899600e-01
8 182 2 2.639729e-01
9 182 2 3.662909e-01
10 182 2 4.492427e-01
11 182 2 4.965056e-01
12 182 2 4.765720e-01
1 183 2 9.553148e-02
2 183 2 9.177398e-02
3 183 2 8.761549e-02
4 183 2 7.944331e-02
5 183 2 6.684223e-02
6 183 2 5.425039e-02
7 183 2 5.047430e-02
8 183 2 5.993630e-02
9 183 2 6.968958e-02
10 183 2 8.244270e-02
11 183 2 8.975506e-02
12 183 2 9.231887e-02
1 184 2 2.976979e-02
2 184 2 3.016447e-02
3 184 2 2.921381e-02
4 184 2 2.629054e-02
5 184 2 2.185657e-02
6 184 2 1.766423e-02
7 184 2 1.592869e-02
8 184 2 1.663596e-02
9 184 2 1.762302e-02
10 184 2 2.023782e-02
11 184 2 2.367961e-02
12 184 2 2.698951e-02
1 188 2 2.594843e-02
2 188 2 2.572219e-02
3 188 2 2.384217e-02
4 188 2 1.946876e-02
5 188 2 1.375974e-02
6 188 2 1.046614e-02
7 188 2 9.006030e-03
8 188 2 9.161176e-03
9 188 2 1.240876e-02
10 188 2 1.630686e-02
11 188 2 1.941986e-02
12 188 2 2.422178e-02
1 189 2 2.262850e-02
2 189 2 2.091329e-02
3 189 2 1.897022e-02
4 189 2 1.402181e-02
5 189 2 9.283695e-03
6 189 2 6.565080e-03
7 189 2 6.241988e-03
8 189 2 7.667228e-03
9 189 2 1.233408e-02
10 189 2 1.756192e-02
11 189 2 2.136115e-02
12 189 2 2.232230e-02
1 190 2 9.265615e-02
2 190 2 8.779340e-02
3 190 2 7.620486e-02
4 190 2 5.397431e-02
5 190 2 3.765787e-02
6 190 2 2.731863e-02
7 190 2 2.566892e-02
8 190 2 3.094381e-02
9 190 2 4.346404e-02
10 190 2 5.925200e-02
11 190 2 7.763902e-02
12 190 2 8.710956e-02
1 191 2 6.183976e-02
2 191 2 6.408233e-02
3 191 2 6.228833e-02
4 191 2 5.145715e-02
5 191 2 4.231418e-02
6 191 2 3.476036e-02
7 191 2 3.056021e-02
8 191 2 3.103655e-02
9 191 2 3.386150e-02
10 191 2 3.800606e-02
11 191 2 4.674347e-02
12 191 2 5.499326e-02
1 192 2 1.780198e-02
2 192 2 1.923899e-02
3 192 2 1.874471e-02
4 192 2 1.623012e-02
5 192 2 1.371689e-02
6 192 2 1.167939e-02
7 192 2 1.026386e-02
8 192 2 9.537532e-03
9 192 2 9.820287e-03
10 192 2 1.078380e-02
11 192 2 1.287307e-02
12 192 2 1.545774e-02
1 200 2 8.371414e-01
2 200 2 8.612102e-01
3 200 2 7.042810e-01
4 200 2 4.655800e-01
5 200 2 3.047455e-01
6 200 2 2.481870e-01
7 200 2 2.357905e-01
8 200 2 2.542800e-01
9 200 2 2.816601e-01
10 200 2 3.601162e-01
11 200 2 5.004346e-01
12 200 2 6.894971e-01
1 201 2 5.676516e-01
2 201 2 5.856988e-01
3 201 2 5.361725e-01
4 201 2 4.127073e-01
5 201 2 3.110144e-01
6 201 2 2.573108e-01
7 201 2 2.431731e-01
8 201 2 2.515405e-01
9 201 2 2.489498e-01
10 201 2 2.962180e-01
11 201 2 3.775983e-01
12 201 2 4.702870e-01
1 206 2 2.985640e-01
2 206 2 3.224880e-01
3 206 2 2.917654e-01
4 206 2 2.489767e-01
5 206 2 2.059024e-01
6 206 2 1.795295e-01
7 206 2 1.539816e-01
8 206 2 1.511904e-01
9 206 2 1.636620e-01
10 206 2 1.852562e-01
11 206 2 2.171630e-01
12 206 2 2.558405e-01
1 207 2 1.131984e-02
2 207 2 1.235985e-02
3 207 2 1.172182e-02
4 207 2 1.062877e-02
5 207 2 9.426149e-03
6 207 2 8.084766e-03
7 207 2 7.125996e-03
8 207 2 7.017290e-03
9 207 2 7.079997e-03
10 207 2 7.798362e-03
11 207 2 8.404323e-03
12 207 2 9.614024e-03
1 212 2 3.654821e-02
2 212 2 3.901295e-02
3 212 2 3.462781e-02
4 212 2 2.911128e-02
5 212 2 2.268994e-02
6 212 2 1.831267e-02
7 212 2 1.520055e-02
8 212 2 1.469119e-02
9 212 2 1.668518e-02
10 212 2 1.968773e-02
11 212 2 2.335308e-02
12 212 2 3.087723e-02
1 213 2 7.958177e-03
2 213 2 8.697689e-03
3 213 2 7.370949e-03
4 213 2 6.237402e-03
5 213 2 4.812988e-03
6 213 2 3.710137e-03
7 213 2 3.148819e-03
8 213 2 3.074010e-03
9 213 2 3.702776e-03
10 213 2 4.563243e-03
11 213 2 5.603605e-03
12 213 2 6.857231e-03
1 214 2 2.827135e-01
2 214 2 2.997117e-01
3 214 2 2.407997e-01
4 214 2 1.788504e-01
5 214 2 1.322032e-01
6 214 2 9.742774e-02
7 214 2 8.437390e-02
8 214 2 8.698311e-02
9 214 2 1.097976e-01
10 214 2 1.472011e-01
11 214 2 2.015048e-01
12 214 2 2.443902e-01
1 215 2 1.047753e-01
2 215 2 1.077754e-01
3 215 2 1.004841e-01
4 215 2 8.008156e-02
5 215 2 6.504666e-02
6 215 2 5.226363e-02
7 215 2 4.516301e-02
8 215 2 4.527406e-02
9 215 2 5.091373e-02
10 215 2 6.057097e-02
11 215 2 7.626720e-02
12 215 2 9.213498e-02
1 216 2 3.811950e-02
2 216 2 3.979955e-02
3 216 2 3.732217e-02
4 216 2 3.034076e-02
5 216 2 2.429514e-02
6 216 2 2.090033e-02
7 216 2 1.836594e-02
8 216 2 1.756124e-02
9 216 2 1.822290e-02
10 216 2 2.071204e-02
11 216 2 2.491307e-02
12 216 2 3.201780e-02
1 224 2 2.447589e-02
2 224 2 2.675794e-02
3 224 2 2.334957e-02
4 224 2 2.010748e-02
5 224 2 1.623717e-02
6 224 2 1.379844e-02
7 224 2 1.253575e-02
8 224 2 1.309345e-02
9 224 2 1.346512e-02
10 224 2 1.588146e-02
11 224 2 1.896560e-02
12 224 2 2.262746e-02
1 240 2 2.356057e-03
2 240 2 2.403163e-03
3 240 2 2.197634e-03
4 240 2 1.940855e-03
5 240 2 1.686853e-03
6 240 2 1.454970e-03
7 240 2 1.425455e-03
8 240 2 1.469561e-03
9 240 2 1.430529e-03
10 240 2 1.540531e-03
11 240 2 1.692665e-03
12 240 2 2.097764e-03
