1 7 2 1.560298e-06
2 7 2 1.332946e-06
3 7 2 1.457769e-06
4 7 2 3.767736e-06
5 7 2 1.296371e-05
6 7 2 3.491614e-05
7 7 2 4.724257e-05
8 7 2 3.221043e-05
9 7 2 1.392993e-05
10 7 2 6.106842e-06
11 7 2 3.235488e-06
12 7 2 1.908727e-06
1 25 2 6.917843e-04
2 25 2 6.568464e-04
3 25 2 9.253881e-04
4 25 2 1.688628e-03
5 25 2 4.723967e-03
6 25 2 8.566313e-03
7 25 2 1.038488e-02
8 25 2 7.963368e-03
9 25 2 4.499724e-03
10 25 2 2.105708e-03
11 25 2 1.004026e-03
12 25 2 5.814282e-04
1 26 2 9.222955e-04
2 26 2 7.590579e-04
3 26 2 1.255164e-03
4 26 2 2.801630e-03
5 26 2 7.891760e-03
6 26 2 1.507304e-02
7 26 2 1.635420e-02
8 26 2 1.223627e-02
9 26 2 6.692594e-03
10 26 2 2.694031e-03
11 26 2 1.407521e-03
12 26 2 8.701988e-04
1 27 2 4.053398e-03
2 27 2 3.578787e-03
3 27 2 6.273595e-03
4 27 2 1.597807e-02
5 27 2 4.499545e-02
6 27 2 9.301107e-02
7 27 2 1.049007e-01
8 27 2 7.895603e-02
9 27 2 4.080168e-02
10 27 2 1.532202e-02
11 27 2 8.120122e-03
12 27 2 5.022854e-03
1 28 2 1.621983e-04
2 28 2 1.476048e-04
3 28 2 2.482457e-04
4 28 2 6.747910e-04
5 28 2 1.926941e-03
6 28 2 4.125550e-03
7 28 2 4.918614e-03
8 28 2 3.706231e-03
9 28 2 1.906564e-03
10 28 2 7.425141e-04
11 28 2 3.706738e-04
12 28 2 2.310945e-04
1 29 2 2.174568e-04
2 29 2 2.057148e-04
3 29 2 3.277139e-04
4 29 2 9.853811e-04
5 29 2 2.946723e-03
6 29 2 7.252151e-03
7 29 2 9.879101e-03
8 29 2 7.350121e-03
9 29 2 3.375541e-03
10 29 2 1.251101e-03
11 29 2 5.914006e-04
12 29 2 3.691782e-04
1 30 2 4.934831e-05
2 30 2 4.315817e-05
3 30 2 6.859343e-05
4 30 2 2.099451e-04
5 30 2 5.815807e-04
6 30 2 1.581673e-03
7 30 2 2.292560e-03
8 30 2 1.755657e-03
9 30 2 7.943744e-04
10 30 2 3.109325e-04
11 30 2 1.434246e-04
12 30 2 8.589676e-05
1 31 2 8.802284e-05
2 31 2 6.782901e-05
3 31 2 1.030405e-04
4 31 2 2.867959e-04
5 31 2 7.406462e-04
6 31 2 1.950084e-03
7 31 2 2.750051e-03
8 31 2 2.219773e-03
9 31 2 1.110478e-03
10 31 2 5.085443e-04
11 31 2 2.441634e-04
12 31 2 1.360592e-04
1 32 2 1.041697e-04
2 32 2 8.623249e-05
3 32 2 1.205381e-04
4 32 2 2.678405e-04
5 32 2 7.153661e-04
6 32 2 1.694561e-03
7 32 2 2.186185e-03
8 32 2 1.805888e-03
9 32 2 1.008428e-03
10 32 2 5.198549e-04
11 32 2 2.686397e-04
12 32 2 1.393193e-04
1 35 2 6.192234e-03
2 35 2 5.900267e-03
3 35 2 6.409435e-03
4 35 2 8.541152e-03
5 35 2 1.338939e-02
6 35 2 2.044853e-02
7 35 2 2.460586e-02
8 35 2 2.259469e-02
9 35 2 1.535623e-02
10 35 2 1.110253e-02
11 35 2 8.409575e-03
12 35 2 6.832018e-03
1 36 2 7.424384e-04
2 36 2 6.970052e-04
3 36 2 7.724878e-04
4 36 2 9.278256e-04
5 36 2 1.268955e-03
6 36 2 1.830573e-03
7 36 2 2.155898e-03
8 36 2 2.196272e-03
9 36 2 1.676480e-03
10 36 2 1.313454e-03
11 36 2 1.005299e-03
12 36 2 8.329757e-04
1 37 2 1.942053e-02
2 37 2 1.879637e-02
3 37 2 2.368430e-02
4 37 2 3.045484e-02
5 37 2 4.604190e-02
6 37 2 6.983252e-02
7 37 2 8.121881e-02
8 37 2 7.984000e-02
9 37 2 5.875482e-02
10 37 2 4.405584e-02
11 37 2 3.105105e-02
12 37 2 2.378775e-02
1 38 2 5.192779e-02
2 38 2 5.188123e-02
3 38 2 7.903421e-02
4 38 2 1.171812e-01
5 38 2 2.139426e-01
6 38 2 3.796248e-01
7 38 2 4.500304e-01
8 38 2 3.903072e-01
9 38 2 2.521086e-01
10 38 2 1.723160e-01
11 38 2 9.846476e-02
12 38 2 7.105597e-02
1 39 2 6.902284e-02
2 39 2 7.190791e-02
3 39 2 1.164760e-01
4 39 2 1.798486e-01
5 39 2 3.489658e-01
6 39 2 6.746388e-01
7 39 2 8.377127e-01
8 39 2 6.782270e-01
9 39 2 4.274948e-01
10 39 2 2.699579e-01
11 39 2 1.366468e-01
12 39 2 9.974229e-02
1 40 2 1.712039e-02
2 40 2 1.878403e-02
3 40 2 3.350106e-02
4 40 2 5.633469e-02
5 40 2 1.231504e-01
6 40 2 2.796058e-01
7 40 2 3.498300e-01
8 40 2 2.566265e-01
9 40 2 1.580793e-01
10 40 2 8.517462e-02
11 40 2 3.648634e-02
12 40 2 2.718119e-02
1 41 2 9.115363e-03
2 41 2 9.744778e-03
3 41 2 1.952821e-02
4 41 2 3.478113e-02
5 41 2 8.723616e-02
6 41 2 2.213707e-01
7 41 2 2.862191e-01
8 41 2 2.007528e-01
9 41 2 1.121900e-01
10 41 2 4.862418e-02
11 41 2 1.868010e-02
12 41 2 1.556963e-02
1 42 2 4.931943e-03
2 42 2 5.158910e-03
3 42 2 1.112512e-02
4 42 2 2.194643e-02
5 42 2 6.239002e-02
6 42 2 1.730512e-01
7 42 2 2.422514e-01
8 42 2 1.617793e-01
9 42 2 7.661098e-02
10 42 2 2.741825e-02
11 42 2 1.022205e-02
12 42 2 8.385702e-03
1 43 2 1.382476e-04
2 43 2 1.433450e-04
3 43 2 3.382198e-04
4 43 2 8.252663e-04
5 43 2 2.762318e-03
6 43 2 8.146506e-03
7 43 2 1.190906e-02
8 43 2 7.475683e-03
9 43 2 3.056946e-03
10 43 2 9.385602e-04
11 43 2 3.200692e-04
12 43 2 2.242749e-04
1 44 2 5.710560e-04
2 44 2 5.737827e-04
3 44 2 1.248066e-03
4 44 2 3.374114e-03
5 44 2 1.260559e-02
6 44 2 3.972438e-02
7 44 2 5.805937e-02
8 44 2 3.500944e-02
9 44 2 1.262038e-02
10 44 2 3.739162e-03
11 44 2 1.227204e-03
12 44 2 8.297275e-04
1 45 2 1.313539e-03
2 45 2 1.472094e-03
3 45 2 2.682409e-03
4 45 2 7.910639e-03
5 45 2 3.312822e-02
6 45 2 1.099229e-01
7 45 2 1.537807e-01
8 45 2 9.363687e-02
9 45 2 3.219961e-02
10 45 2 8.221233e-03
11 45 2 2.382982e-03
12 45 2 1.557399e-03
1 46 2 5.954920e-04
2 46 2 7.491435e-04
3 46 2 1.177597e-03
4 46 2 3.270067e-03
5 46 2 1.284142e-02
6 46 2 3.983265e-02
7 46 2 5.572306e-02
8 46 2 3.491671e-02
9 46 2 1.311571e-02
10 46 2 3.179093e-03
11 46 2 8.740581e-04
12 46 2 6.233256e-04
1 47 2 7.826379e-04
2 47 2 9.960145e-04
3 47 2 1.403540e-03
4 47 2 3.144671e-03
5 47 2 1.071861e-02
6 47 2 2.952975e-02
7 47 2 4.004864e-02
8 47 2 2.715585e-02
9 47 2 1.150405e-02
10 47 2 3.548288e-03
11 47 2 1.046838e-03
12 47 2 7.957360e-04
1 48 2 1.059728e-03
2 48 2 1.217349e-03
3 48 2 1.674396e-03
4 48 2 3.269742e-03
5 48 2 1.014664e-02
6 48 2 2.333900e-02
7 48 2 3.101537e-02
8 48 2 2.182109e-02
9 48 2 1.038772e-02
10 48 2 3.872909e-03
11 48 2 1.394199e-03
12 48 2 9.245477e-04
1 49 2 4.793545e-04
2 49 2 4.361703e-04
3 49 2 4.947450e-04
4 49 2 5.790552e-04
5 49 2 8.281724e-04
6 49 2 1.260016e-03
7 49 2 1.879107e-03
8 49 2 1.767036e-03
9 49 2 1.232487e-03
10 49 2 8.819632e-04
11 49 2 6.439045e-04
12 49 2 4.697272e-04
1 50 2 1.956887e-03
2 50 2 1.689184e-03
3 50 2 1.979984e-03
4 50 2 2.256977e-03
5 50 2 3.176538e-03
6 50 2 4.661525e-03
7 50 2 6.433590e-03
8 50 2 6.186945e-03
9 50 2 4.479911e-03
10 50 2 3.193469e-03
11 50 2 2.390889e-03
12 50 2 1.882564e-03
1 51 2 7.504342e-04
2 51 2 6.848888e-04
3 51 2 7.442073e-04
4 51 2 8.590614e-04
5 51 2 1.170922e-03
6 51 2 1.642126e-03
7 51 2 2.139930e-03
8 51 2 2.122160e-03
9 51 2 1.763204e-03
10 51 2 1.240193e-03
11 51 2 9.294789e-04
12 51 2 7.789317e-04
1 52 2 2.841527e-01
2 52 2 2.986689e-01
3 52 2 3.751960e-01
4 52 2 5.469846e-01
5 52 2 9.250229e-01
6 52 2 1.273039e+00
7 52 2 1.632909e+00
8 52 2 1.527329e+00
9 52 2 1.232916e+00
10 52 2 7.043221e-01
11 52 2 4.239329e-01
12 52 2 3.269169e-01
1 53 2 7.667135e-02
2 53 2 9.619454e-02
3 53 2 1.629738e-01
4 53 2 3.557232e-01
5 53 2 6.774057e-01
6 53 2 1.011539e+00
7 53 2 1.404136e+00
8 53 2 1.196488e+00
9 53 2 8.097922e-01
10 53 2 3.571524e-01
11 53 2 1.592996e-01
12 53 2 1.009228e-01
1 54 2 3.971492e-02
2 54 2 5.152042e-02
3 54 2 9.634527e-02
4 54 2 2.394085e-01
5 54 2 4.715602e-01
6 54 2 9.108391e-01
7 54 2 1.293890e+00
8 54 2 1.084960e+00
9 54 2 6.580113e-01
10 54 2 2.798505e-01
11 54 2 1.199567e-01
12 54 2 6.617045e-02
1 55 2 2.702263e-02
2 55 2 3.013744e-02
3 55 2 5.622056e-02
4 55 2 1.316433e-01
5 55 2 2.612337e-01
6 55 2 5.578901e-01
7 55 2 7.755096e-01
8 55 2 6.688097e-01
9 55 2 4.241158e-01
10 55 2 2.033567e-01
11 55 2 9.514283e-02
12 55 2 5.447906e-02
1 56 2 9.594140e-02
2 56 2 9.956624e-02
3 56 2 1.724514e-01
4 56 2 3.845420e-01
5 56 2 8.405573e-01
6 56 2 1.656923e+00
7 56 2 2.290842e+00
8 56 2 1.901283e+00
9 56 2 1.242723e+00
10 56 2 6.402961e-01
11 56 2 2.886693e-01
12 56 2 1.655546e-01
1 57 2 1.940998e-02
2 57 2 1.851905e-02
3 57 2 2.277737e-02
4 57 2 3.457249e-02
5 57 2 5.784519e-02
6 57 2 9.412134e-02
7 57 2 1.340299e-01
8 57 2 1.207937e-01
9 57 2 8.987056e-02
10 57 2 5.772817e-02
11 57 2 3.530108e-02
12 57 2 2.536929e-02
1 60 2 2.265942e+00
2 60 2 2.194360e+00
3 60 2 2.516495e+00
4 60 2 2.984526e+00
5 60 2 3.679684e+00
6 60 2 4.842439e+00
7 60 2 5.637567e+00
8 60 2 5.639938e+00
9 60 2 4.786298e+00
10 60 2 3.907209e+00
11 60 2 3.124854e+00
12 60 2 2.590184e+00
1 61 2 3.465469e+00
2 61 2 3.486314e+00
3 61 2 4.903441e+00
4 61 2 7.385617e+00
5 61 2 1.077336e+01
6 61 2 1.517792e+01
7 61 2 1.796160e+01
8 61 2 1.728055e+01
9 61 2 1.342744e+01
10 61 2 9.133426e+00
11 61 2 5.958288e+00
12 61 2 4.179093e+00
1 62 2 1.055239e+00
2 62 2 1.155735e+00
3 62 2 1.819338e+00
4 62 2 3.293556e+00
5 62 2 5.649158e+00
6 62 2 8.013782e+00
7 62 2 9.799235e+00
8 62 2 9.147231e+00
9 62 2 6.373994e+00
10 62 2 3.801061e+00
11 62 2 2.064144e+00
12 62 2 1.343286e+00
1 63 2 1.057010e+00
2 63 2 1.283165e+00
3 63 2 2.147072e+00
4 63 2 4.515836e+00
5 63 2 8.666632e+00
6 63 2 1.288433e+01
7 63 2 1.647594e+01
8 63 2 1.433730e+01
9 63 2 8.756773e+00
10 63 2 4.782168e+00
11 63 2 2.208919e+00
12 63 2 1.446052e+00
1 64 2 2.527854e-01
2 64 2 3.238444e-01
3 64 2 6.166779e-01
4 64 2 1.460704e+00
5 64 2 3.128368e+00
6 64 2 5.010929e+00
7 64 2 6.351462e+00
8 64 2 4.965425e+00
9 64 2 2.843128e+00
10 64 2 1.256884e+00
11 64 2 5.743344e-01
12 64 2 3.930502e-01
1 65 2 8.544330e-02
2 65 2 1.059502e-01
3 65 2 2.321171e-01
4 65 2 6.545782e-01
5 65 2 1.372442e+00
6 65 2 2.332517e+00
7 65 2 3.023273e+00
8 65 2 2.256407e+00
9 65 2 1.279763e+00
10 65 2 4.541318e-01
11 65 2 1.999177e-01
12 65 2 1.448801e-01
1 66 2 5.662048e-02
2 66 2 7.000058e-02
3 66 2 1.664114e-01
4 66 2 5.459407e-01
5 66 2 1.135167e+00
6 66 2 1.951970e+00
7 66 2 2.692092e+00
8 66 2 2.035224e+00
9 66 2 1.151293e+00
10 66 2 3.814367e-01
11 66 2 1.461723e-01
12 66 2 9.066780e-02
1 67 2 1.942887e-02
2 67 2 2.590749e-02
3 67 2 6.588292e-02
4 67 2 2.433772e-01
5 67 2 5.522088e-01
6 67 2 9.417962e-01
7 67 2 1.316735e+00
8 67 2 1.013335e+00
9 67 2 5.542240e-01
10 67 2 2.038140e-01
11 67 2 6.444753e-02
12 67 2 2.900749e-02
1 68 2 4.872864e-03
2 68 2 6.542946e-03
3 68 2 1.943218e-02
4 68 2 8.932056e-02
5 68 2 2.434100e-01
6 68 2 4.664489e-01
7 68 2 6.687995e-01
8 68 2 4.974088e-01
9 68 2 2.387114e-01
10 68 2 8.769968e-02
11 68 2 1.999864e-02
12 68 2 6.958831e-03
1 69 2 3.063967e-03
2 69 2 4.344137e-03
3 69 2 1.038871e-02
4 69 2 4.555510e-02
5 69 2 1.460746e-01
6 69 2 3.457019e-01
7 69 2 5.064505e-01
8 69 2 3.898644e-01
9 69 2 1.674832e-01
10 69 2 5.445906e-02
11 69 2 1.055220e-02
12 69 2 3.968312e-03
1 70 2 1.253531e-02
2 70 2 1.465138e-02
3 70 2 2.099501e-02
4 70 2 5.477489e-02
5 70 2 1.373580e-01
6 70 2 3.335444e-01
7 70 2 5.399025e-01
8 70 2 4.920693e-01
9 70 2 2.540716e-01
10 70 2 9.056359e-02
11 70 2 2.754404e-02
12 70 2 1.550530e-02
1 71 2 9.928415e-03
2 71 2 1.007502e-02
3 71 2 1.140065e-02
4 71 2 1.829460e-02
5 71 2 3.542983e-02
6 71 2 7.390997e-02
7 71 2 1.134286e-01
8 71 2 1.127765e-01
9 71 2 7.235631e-02
10 71 2 3.446235e-02
11 71 2 1.646354e-02
12 71 2 1.143449e-02
1 72 2 4.178447e-05
2 72 2 3.990781e-05
3 72 2 4.323597e-05
4 72 2 5.512628e-05
5 72 2 8.577242e-05
6 72 2 1.492469e-04
7 72 2 2.311663e-04
8 72 2 2.223278e-04
9 72 2 1.555480e-04
10 72 2 9.431547e-05
11 72 2 5.811133e-05
12 72 2 4.149912e-05
1 76 2 6.835953e-01
2 76 2 6.254194e-01
3 76 2 6.317140e-01
4 76 2 6.871543e-01
5 76 2 9.341980e-01
6 76 2 1.332107e+00
7 76 2 1.786281e+00
8 76 2 1.906290e+00
9 76 2 1.816323e+00
10 76 2 1.212941e+00
11 76 2 7.830044e-01
12 76 2 6.848054e-01
1 77 2 6.634091e-01
2 77 2 8.614315e-01
3 77 2 1.128424e+00
4 77 2 1.823781e+00
5 77 2 3.062201e+00
6 77 2 4.727720e+00
7 77 2 6.423695e+00
8 77 2 6.097128e+00
9 77 2 4.516494e+00
10 77 2 2.281786e+00
11 77 2 1.001255e+00
12 77 2 6.310857e-01
1 78 2 7.618548e-01
2 78 2 1.040967e+00
3 78 2 1.449609e+00
4 78 2 2.600026e+00
5 78 2 4.065690e+00
6 78 2 6.454907e+00
7 78 2 7.967867e+00
8 78 2 7.460941e+00
9 78 2 4.837592e+00
10 78 2 2.565470e+00
11 78 2 1.385409e+00
12 78 2 7.998435e-01
1 79 2 2.465640e+00
2 79 2 3.025381e+00
3 79 2 4.442132e+00
4 79 2 7.368013e+00
5 79 2 1.119406e+01
6 79 2 1.828740e+01
7 79 2 2.240892e+01
8 79 2 2.122848e+01
9 79 2 1.465839e+01
10 79 2 8.848472e+00
11 79 2 5.041403e+00
12 79 2 3.088270e+00
1 80 2 1.198449e+00
2 80 2 1.200789e+00
3 80 2 1.508866e+00
4 80 2 2.040160e+00
5 80 2 3.042718e+00
6 80 2 4.629385e+00
7 80 2 5.961036e+00
8 80 2 5.901327e+00
9 80 2 4.897993e+00
10 80 2 3.434005e+00
11 80 2 2.003262e+00
12 80 2 1.480744e+00
1 81 2 2.932622e-07
2 81 2 2.657662e-07
3 81 2 2.799240e-07
4 81 2 3.319212e-07
5 81 2 4.779636e-07
6 81 2 6.440421e-07
7 81 2 8.593634e-07
8 81 2 9.220778e-07
9 81 2 8.384565e-07
10 81 2 6.433420e-07
11 81 2 4.252736e-07
12 81 2 3.481699e-07
1 84 2 1.742012e+00
2 84 2 1.841745e+00
3 84 2 2.277870e+00
4 84 2 2.878515e+00
5 84 2 3.859220e+00
6 84 2 6.323613e+00
7 84 2 8.469362e+00
8 84 2 8.115752e+00
9 84 2 6.089628e+00
10 84 2 3.843167e+00
11 84 2 2.581751e+00
12 84 2 1.972179e+00
1 85 2 1.218437e+00
2 85 2 1.372056e+00
3 85 2 1.783894e+00
4 85 2 2.591831e+00
5 85 2 4.148957e+00
6 85 2 6.338182e+00
7 85 2 8.769464e+00
8 85 2 8.342467e+00
9 85 2 6.007143e+00
10 85 2 3.313575e+00
11 85 2 1.868717e+00
12 85 2 1.355943e+00
1 86 2 4.214512e-01
2 86 2 4.771709e-01
3 86 2 6.097892e-01
4 86 2 8.857340e-01
5 86 2 1.423550e+00
6 86 2 2.065539e+00
7 86 2 2.837502e+00
8 86 2 2.846785e+00
9 86 2 2.107163e+00
10 86 2 1.221920e+00
11 86 2 6.730939e-01
12 86 2 4.810556e-01
1 87 2 3.949592e-01
2 87 2 5.343343e-01
3 87 2 7.629315e-01
4 87 2 1.206021e+00
5 87 2 2.115803e+00
6 87 2 3.180320e+00
7 87 2 4.311530e+00
8 87 2 4.393305e+00
9 87 2 3.185167e+00
10 87 2 1.793333e+00
11 87 2 7.879433e-01
12 87 2 4.789498e-01
1 88 2 1.975929e-01
2 88 2 2.805978e-01
3 88 2 4.400188e-01
4 88 2 8.348885e-01
5 88 2 1.713437e+00
6 88 2 2.693053e+00
7 88 2 3.448828e+00
8 88 2 3.024892e+00
9 88 2 1.954686e+00
10 88 2 9.237483e-01
11 88 2 4.735771e-01
12 88 2 2.630547e-01
1 89 2 1.814667e-01
2 89 2 2.524874e-01
3 89 2 4.792132e-01
4 89 2 9.013183e-01
5 89 2 1.798684e+00
6 89 2 2.687025e+00
7 89 2 3.134588e+00
8 89 2 2.745152e+00
9 89 2 1.791501e+00
10 89 2 8.525223e-01
11 89 2 4.691005e-01
12 89 2 2.596491e-01
1 90 2 4.097265e-02
2 90 2 5.400059e-02
3 90 2 1.071584e-01
4 90 2 1.923265e-01
5 90 2 2.953061e-01
6 90 2 3.908872e-01
7 90 2 4.389904e-01
8 90 2 4.061877e-01
9 90 2 2.960122e-01
10 90 2 1.765587e-01
11 90 2 9.734621e-02
12 90 2 5.541706e-02
1 91 2 2.550492e-03
2 91 2 3.608834e-03
3 91 2 7.539652e-03
4 91 2 1.424757e-02
5 91 2 2.102720e-02
6 91 2 2.672752e-02
7 91 2 3.001112e-02
8 91 2 2.752308e-02
9 91 2 1.978966e-02
10 91 2 1.224985e-02
11 91 2 6.348843e-03
12 91 2 3.259220e-03
1 92 2 1.463458e-02
2 92 2 2.090461e-02
3 92 2 5.240259e-02
4 92 2 1.250204e-01
5 92 2 2.357704e-01
6 92 2 3.612832e-01
7 92 2 4.336718e-01
8 92 2 3.947109e-01
9 92 2 2.469349e-01
10 92 2 1.312380e-01
11 92 2 5.147163e-02
12 92 2 2.209551e-02
1 93 2 2.410719e-01
2 93 2 2.908748e-01
3 93 2 5.980541e-01
4 93 2 1.393832e+00
5 93 2 2.486517e+00
6 93 2 3.945928e+00
7 93 2 5.293256e+00
8 93 2 5.203721e+00
9 93 2 3.500049e+00
10 93 2 2.015603e+00
11 93 2 8.631909e-01
12 93 2 3.595363e-01
1 94 2 6.524350e-01
2 94 2 6.491459e-01
3 94 2 8.667666e-01
4 94 2 1.536070e+00
5 94 2 2.621978e+00
6 94 2 4.128626e+00
7 94 2 5.703680e+00
8 94 2 6.215748e+00
9 94 2 5.120006e+00
10 94 2 3.090426e+00
11 94 2 1.658708e+00
12 94 2 9.062785e-01
1 98 2 8.640873e-02
2 98 2 8.043506e-02
3 98 2 7.574208e-02
4 98 2 8.064349e-02
5 98 2 9.152483e-02
6 98 2 1.047315e-01
7 98 2 1.178014e-01
8 98 2 1.241569e-01
9 98 2 1.225151e-01
10 98 2 1.158095e-01
11 98 2 1.041698e-01
12 98 2 9.479564e-02
1 101 2 9.629419e-02
2 101 2 9.894556e-02
3 101 2 1.013936e-01
4 101 2 1.250337e-01
5 101 2 1.607958e-01
6 101 2 1.877458e-01
7 101 2 2.004079e-01
8 101 2 2.008157e-01
9 101 2 1.930576e-01
10 101 2 1.655271e-01
11 101 2 1.272858e-01
12 101 2 1.020923e-01
1 102 2 9.110891e-01
2 102 2 1.029860e+00
3 102 2 1.265718e+00
4 102 2 1.583158e+00
5 102 2 1.832089e+00
6 102 2 2.000054e+00
7 102 2 2.056374e+00
8 102 2 2.082358e+00
9 102 2 1.876786e+00
10 102 2 1.445878e+00
11 102 2 1.160498e+00
12 102 2 9.511724e-01
1 103 2 8.440531e-01
2 103 2 8.613632e-01
3 103 2 9.387779e-01
4 103 2 1.060783e+00
5 103 2 1.235367e+00
6 103 2 1.413719e+00
7 103 2 1.529464e+00
8 103 2 1.605139e+00
9 103 2 1.574309e+00
10 103 2 1.375810e+00
11 103 2 1.131819e+00
12 103 2 9.410705e-01
1 104 2 1.615082e-01
2 104 2 1.549792e-01
3 104 2 1.566632e-01
4 104 2 1.717586e-01
5 104 2 2.008393e-01
6 104 2 2.304727e-01
7 104 2 2.586655e-01
8 104 2 2.794218e-01
9 104 2 2.816709e-01
10 104 2 2.631364e-01
11 104 2 2.164534e-01
12 104 2 1.792231e-01
1 107 2 9.431279e-02
2 107 2 9.949828e-02
3 107 2 1.161678e-01
4 107 2 1.331155e-01
5 107 2 1.492807e-01
6 107 2 1.911151e-01
7 107 2 2.088969e-01
8 107 2 2.080517e-01
9 107 2 1.947675e-01
10 107 2 1.665948e-01
11 107 2 1.324368e-01
12 107 2 1.035705e-01
1 108 2 7.837440e-03
2 108 2 1.001626e-02
3 108 2 1.454969e-02
4 108 2 2.253429e-02
5 108 2 3.497923e-02
6 108 2 4.801009e-02
7 108 2 5.139335e-02
8 108 2 4.542090e-02
9 108 2 3.675267e-02
10 108 2 2.535680e-02
11 108 2 1.320832e-02
12 108 2 8.408385e-03
1 109 2 1.486363e-02
2 109 2 1.963268e-02
3 109 2 3.070679e-02
4 109 2 5.328901e-02
5 109 2 9.079293e-02
6 109 2 1.144491e-01
7 109 2 1.162906e-01
8 109 2 1.069037e-01
9 109 2 8.584676e-02
10 109 2 6.023559e-02
11 109 2 2.679129e-02
12 109 2 1.565048e-02
1 110 2 6.544336e-03
2 110 2 8.336231e-03
3 110 2 1.338841e-02
4 110 2 2.072474e-02
5 110 2 3.214324e-02
6 110 2 3.722342e-02
7 110 2 4.001876e-02
8 110 2 3.957825e-02
9 110 2 3.332396e-02
10 110 2 2.429528e-02
11 110 2 1.175174e-02
12 110 2 6.917202e-03
1 111 2 2.247222e-01
2 111 2 2.810620e-01
3 111 2 4.550332e-01
4 111 2 6.896408e-01
5 111 2 1.042291e+00
6 111 2 1.336716e+00
7 111 2 1.413009e+00
8 111 2 1.399531e+00
9 111 2 1.191823e+00
10 111 2 7.758192e-01
11 111 2 4.179282e-01
12 111 2 2.552782e-01
1 112 2 2.588270e-01
2 112 2 3.337258e-01
3 112 2 5.854501e-01
4 112 2 9.735694e-01
5 112 2 1.480476e+00
6 112 2 1.804135e+00
7 112 2 1.837463e+00
8 112 2 1.712706e+00
9 112 2 1.307462e+00
10 112 2 8.679895e-01
11 112 2 4.981353e-01
12 112 2 3.061987e-01
1 113 2 1.485113e-01
2 113 2 1.881500e-01
3 113 2 3.160931e-01
4 113 2 4.726884e-01
5 113 2 5.816883e-01
6 113 2 5.078999e-01
7 113 2 4.358082e-01
8 113 2 4.162323e-01
9 113 2 4.116733e-01
10 113 2 3.758971e-01
11 113 2 2.629165e-01
12 113 2 1.775764e-01
1 114 2 4.047688e-01
2 114 2 5.488871e-01
3 114 2 9.779360e-01
4 114 2 1.425522e+00
5 114 2 1.644633e+00
6 114 2 1.203964e+00
7 114 2 9.943928e-01
8 114 2 9.114816e-01
9 114 2 8.796121e-01
10 114 2 7.872690e-01
11 114 2 6.001522e-01
12 114 2 4.445549e-01
1 115 2 1.450886e-01
2 115 2 2.110909e-01
3 115 2 3.346134e-01
4 115 2 4.147826e-01
5 115 2 3.704205e-01
6 115 2 3.439232e-01
7 115 2 3.317076e-01
8 115 2 3.182499e-01
9 115 2 2.926950e-01
10 115 2 2.615678e-01
11 115 2 1.986981e-01
12 115 2 1.425509e-01
1 116 2 1.286450e-01
2 116 2 1.646813e-01
3 116 2 2.518370e-01
4 116 2 3.564661e-01
5 116 2 4.145925e-01
6 116 2 4.721157e-01
7 116 2 4.949581e-01
8 116 2 4.737848e-01
9 116 2 3.838184e-01
10 116 2 3.068542e-01
11 116 2 2.229236e-01
12 116 2 1.468525e-01
1 117 2 3.411932e-02
2 117 2 3.562910e-02
3 117 2 4.499628e-02
4 117 2 6.159411e-02
5 117 2 7.843511e-02
6 117 2 9.292826e-02
7 117 2 9.893181e-02
8 117 2 9.880208e-02
9 117 2 9.015091e-02
10 117 2 7.717462e-02
11 117 2 6.230015e-02
12 117 2 4.500483e-02
1 126 2 1.775494e-03
2 126 2 1.845445e-03
3 126 2 2.000210e-03
4 126 2 2.112100e-03
5 126 2 2.086774e-03
6 126 2 1.939423e-03
7 126 2 1.869491e-03
8 126 2 1.887755e-03
9 126 2 1.877762e-03
10 126 2 1.845201e-03
11 126 2 1.802991e-03
12 126 2 1.775692e-03
1 127 2 1.787591e-01
2 127 2 1.818017e-01
3 127 2 1.918878e-01
4 127 2 1.992203e-01
5 127 2 2.019344e-01
6 127 2 1.955990e-01
7 127 2 1.956530e-01
8 127 2 2.001429e-01
9 127 2 1.980094e-01
10 127 2 1.900736e-01
11 127 2 1.842049e-01
12 127 2 1.819248e-01
1 128 2 8.104363e-01
2 128 2 8.323107e-01
3 128 2 8.544200e-01
4 128 2 8.340591e-01
5 128 2 8.113338e-01
6 128 2 7.869621e-01
7 128 2 8.387564e-01
8 128 2 9.536696e-01
9 128 2 1.002775e+00
10 128 2 9.471680e-01
11 128 2 8.613110e-01
12 128 2 8.115264e-01
1 129 2 2.309956e-02
2 129 2 2.278240e-02
3 129 2 2.335700e-02
4 129 2 2.403435e-02
5 129 2 2.440519e-02
6 129 2 2.506542e-02
7 129 2 2.619088e-02
8 129 2 2.854802e-02
9 129 2 2.982667e-02
10 129 2 2.995807e-02
11 129 2 2.735274e-02
12 129 2 2.429958e-02
1 133 2 4.966799e-01
2 133 2 5.774638e-01
3 133 2 6.932142e-01
4 133 2 7.117476e-01
5 133 2 6.789344e-01
6 133 2 6.240324e-01
7 133 2 5.569548e-01
8 133 2 5.215248e-01
9 133 2 5.438342e-01
10 133 2 5.792044e-01
11 133 2 5.525703e-01
12 133 2 4.834993e-01
1 135 2 2.143860e-02
2 135 2 2.415379e-02
3 135 2 2.872438e-02
4 135 2 3.093482e-02
5 135 2 2.972540e-02
6 135 2 2.651810e-02
7 135 2 2.290901e-02
8 135 2 2.313828e-02
9 135 2 2.458706e-02
10 135 2 2.312270e-02
11 135 2 2.216291e-02
12 135 2 2.081902e-02
1 136 2 2.402522e-02
2 136 2 2.472681e-02
3 136 2 3.057932e-02
4 136 2 3.717514e-02
5 136 2 4.070845e-02
6 136 2 3.714164e-02
7 136 2 3.286601e-02
8 136 2 3.279063e-02
9 136 2 3.296011e-02
10 136 2 3.100551e-02
11 136 2 2.931555e-02
12 136 2 2.603257e-02
1 137 2 5.856767e-03
2 137 2 6.144352e-03
3 137 2 7.044627e-03
4 137 2 7.741011e-03
5 137 2 7.640847e-03
6 137 2 7.030345e-03
7 137 2 6.503818e-03
8 137 2 6.275534e-03
9 137 2 6.279477e-03
10 137 2 6.541766e-03
11 137 2 6.467765e-03
12 137 2 6.098523e-03
1 138 2 2.334369e-01
2 138 2 2.567011e-01
3 138 2 2.978112e-01
4 138 2 3.314453e-01
5 138 2 3.344080e-01
6 138 2 2.939110e-01
7 138 2 2.722804e-01
8 138 2 2.625807e-01
9 138 2 2.632971e-01
10 138 2 2.648314e-01
11 138 2 2.568915e-01
12 138 2 2.382453e-01
1 139 2 3.953892e-01
2 139 2 4.502753e-01
3 139 2 5.031383e-01
4 139 2 5.280795e-01
5 139 2 5.206376e-01
6 139 2 4.848549e-01
7 139 2 4.587461e-01
8 139 2 4.416188e-01
9 139 2 4.358948e-01
10 139 2 4.392788e-01
11 139 2 4.180073e-01
12 139 2 3.826299e-01
1 140 2 1.313563e-01
2 140 2 1.358273e-01
3 140 2 1.475190e-01
4 140 2 1.671366e-01
5 140 2 1.774752e-01
6 140 2 1.704652e-01
7 140 2 1.614028e-01
8 140 2 1.556717e-01
9 140 2 1.534022e-01
10 140 2 1.542501e-01
11 140 2 1.509922e-01
12 140 2 1.407708e-01
1 141 2 2.048607e-01
2 141 2 2.027410e-01
3 141 2 2.085480e-01
4 141 2 2.288797e-01
5 141 2 2.469915e-01
6 141 2 2.442343e-01
7 141 2 2.376299e-01
8 141 2 2.304288e-01
9 141 2 2.284759e-01
10 141 2 2.290130e-01
11 141 2 2.312988e-01
12 141 2 2.245731e-01
1 150 2 2.368007e-04
2 150 2 2.592156e-04
3 150 2 2.774608e-04
4 150 2 2.837264e-04
5 150 2 2.654814e-04
6 150 2 2.341426e-04
7 150 2 2.136034e-04
8 150 2 2.084453e-04
9 150 2 2.017064e-04
10 150 2 1.971172e-04
11 150 2 2.009496e-04
12 150 2 2.138047e-04
1 151 2 1.536733e-01
2 151 2 1.634495e-01
3 151 2 1.733049e-01
4 151 2 1.773914e-01
5 151 2 1.716385e-01
6 151 2 1.615650e-01
7 151 2 1.579951e-01
8 151 2 1.640950e-01
9 151 2 1.562330e-01
10 151 2 1.466085e-01
11 151 2 1.423095e-01
12 151 2 1.458598e-01
1 152 2 1.218192e-01
2 152 2 1.233939e-01
3 152 2 1.245362e-01
4 152 2 1.183416e-01
5 152 2 1.137580e-01
6 152 2 1.117263e-01
7 152 2 1.277330e-01
8 152 2 1.703166e-01
9 152 2 1.808097e-01
10 152 2 1.541058e-01
11 152 2 1.321521e-01
12 152 2 1.222135e-01
1 153 2 1.411588e-01
2 153 2 1.445828e-01
3 153 2 1.525448e-01
4 153 2 1.496263e-01
5 153 2 1.444944e-01
6 153 2 1.418645e-01
7 153 2 1.656010e-01
8 153 2 2.164106e-01
9 153 2 2.632156e-01
10 153 2 2.352607e-01
11 153 2 1.779627e-01
12 153 2 1.484858e-01
1 154 2 3.841036e-01
2 154 2 3.820195e-01
3 154 2 3.975404e-01
4 154 2 3.809175e-01
5 154 2 3.561925e-01
6 154 2 3.203993e-01
7 154 2 3.025411e-01
8 154 2 3.151667e-01
9 154 2 3.553463e-01
10 154 2 3.993458e-01
11 154 2 4.208659e-01
12 154 2 4.069573e-01
1 157 2 1.530640e-02
2 157 2 1.589417e-02
3 157 2 1.701698e-02
4 157 2 1.677726e-02
5 157 2 1.635301e-02
6 157 2 1.537464e-02
7 157 2 1.466960e-02
8 157 2 1.452173e-02
9 157 2 1.441677e-02
10 157 2 1.466815e-02
11 157 2 1.477330e-02
12 157 2 1.496610e-02
1 163 2 7.123939e-02
2 163 2 7.219390e-02
3 163 2 7.433623e-02
4 163 2 7.879690e-02
5 163 2 7.887380e-02
6 163 2 7.292192e-02
7 163 2 6.741608e-02
8 163 2 6.330502e-02
9 163 2 6.421153e-02
10 163 2 6.793332e-02
11 163 2 7.058894e-02
12 163 2 7.114203e-02
1 164 2 2.694886e-01
2 164 2 2.671844e-01
3 164 2 2.746219e-01
4 164 2 2.874333e-01
5 164 2 2.840522e-01
6 164 2 2.627264e-01
7 164 2 2.431765e-01
8 164 2 2.375386e-01
9 164 2 2.543555e-01
10 164 2 2.786577e-01
11 164 2 2.842853e-01
12 164 2 2.795513e-01
1 165 2 1.206827e-01
2 165 2 1.182776e-01
3 165 2 1.197645e-01
4 165 2 1.224135e-01
5 165 2 1.210699e-01
6 165 2 1.114015e-01
7 165 2 1.050363e-01
8 165 2 1.063158e-01
9 165 2 1.133212e-01
10 165 2 1.211649e-01
11 165 2 1.274604e-01
12 165 2 1.276106e-01
1 166 2 5.286202e-02
2 166 2 5.233430e-02
3 166 2 5.146966e-02
4 166 2 5.122818e-02
5 166 2 4.955079e-02
6 166 2 4.582623e-02
7 166 2 4.327383e-02
8 166 2 4.359668e-02
9 166 2 4.522832e-02
10 166 2 4.757688e-02
11 166 2 5.129486e-02
12 166 2 5.387936e-02
1 170 2 2.358180e-03
2 170 2 2.593531e-03
3 170 2 2.548130e-03
4 170 2 2.316114e-03
5 170 2 1.930014e-03
6 170 2 1.622805e-03
7 170 2 1.534920e-03
8 170 2 1.465354e-03
9 170 2 1.490000e-03
10 170 2 1.659104e-03
11 170 2 1.830513e-03
12 170 2 2.107949e-03
1 171 2 8.472168e-03
2 171 2 9.300005e-03
3 171 2 9.412594e-03
4 171 2 8.374231e-03
5 171 2 6.966419e-03
6 171 2 5.969892e-03
7 171 2 5.420020e-03
8 171 2 5.135639e-03
9 171 2 5.210466e-03
10 171 2 5.667533e-03
11 171 2 6.468586e-03
12 171 2 7.642011e-03
1 175 2 2.441854e-04
2 175 2 2.581609e-04
3 175 2 2.589014e-04
4 175 2 2.424920e-04
5 175 2 2.106873e-04
6 175 2 1.919896e-04
7 175 2 1.880060e-04
8 175 2 1.864186e-04
9 175 2 1.733896e-04
10 175 2 1.752724e-04
11 175 2 1.832457e-04
12 175 2 2.137571e-04
1 176 2 1.759302e-01
2 176 2 1.772493e-01
3 176 2 1.735265e-01
4 176 2 1.532616e-01
5 176 2 1.239818e-01
6 176 2 1.123507e-01
7 176 2 1.121459e-01
8 176 2 1.279435e-01
9 176 2 1.393437e-01
10 176 2 1.487137e-01
11 176 2 1.587408e-01
12 176 2 1.686217e-01
1 177 2 7.728068e-01
2 177 2 7.509572e-01
3 177 2 7.090435e-01
4 177 2 6.200113e-01
5 177 2 5.070003e-01
6 177 2 4.329354e-01
7 177 2 4.504627e-01
8 177 2 5.397372e-01
9 177 2 6.783652e-01
10 177 2 7.054738e-01
11 177 2 7.197833e-01
12 177 2 7.212539e-01
1 178 2 2.816153e-01
2 178 2 2.783240e-01
3 178 2 2.667939e-01
4 178 2 2.236161e-01
5 178 2 1.947036e-01
6 178 2 1.645679e-01
7 178 2 1.567405e-01
8 178 2 1.578941e-01
9 178 2 1.800742e-01
10 178 2 1.937547e-01
11 178 2 2.188349e-01
12 178 2 2.429528e-01
1 181 2 3.441190e-03
2 181 2 3.634656e-03
3 181 2 3.684709e-03
4 181 2 3.523075e-03
5 181 2 2.905438e-03
6 181 2 2.512323e-03
7 181 2 2.221411e-03
8 181 2 2.273433e-03
9 181 2 2.463034e-03
10 181 2 2.667006e-03
11 181 2 3.020419e-03
12 181 2 3.215872e-03
1 182 2 4.103094e-01
2 182 2 3.792524e-01
3 182 2 3.576180e-01
4 182 2 2.987317e-01
5 182 2 2.339335e-01
6 182 2 1.749683e-01
7 182 2 1.734807e-01
8 182 2 2.410729e-01
9 182 2 3.345146e-01
10 182 2 4.102702e-01
11 182 2 4.534330e-01
12 182 2 4.352287e-01
1 183 2 8.734133e-02
2 183 2 8.390598e-02
3 183 2 8.010400e-02
4 183 2 7.263244e-02
5 183 2 6.111168e-02
6 183 2 4.959937e-02
7 183 2 4.614701e-02
8 183 2 5.479781e-02
9 183 2 6.371492e-02
10 183 2 7.537469e-02
11 183 2 8.206014e-02
12 183 2 8.440415e-02
1 184 2 2.724595e-02
2 184 2 2.760717e-02
3 184 2 2.673711e-02
4 184 2 2.406167e-02
5 184 2 2.000360e-02
6 184 2 1.616668e-02
7 184 2 1.457828e-02
8 184 2 1.522559e-02
9 184 2 1.612897e-02
10 184 2 1.852209e-02
11 184 2 2.167209e-02
12 184 2 2.470138e-02
1 188 2 2.346342e-02
2 188 2 2.325885e-02
3 188 2 2.155887e-02
4 188 2 1.760429e-02
5 188 2 1.244200e-02
6 188 2 9.463829e-03
7 188 2 8.143547e-03
8 188 2 8.283835e-03
9 188 2 1.122041e-02
10 188 2 1.474520e-02
11 188 2 1.756007e-02
12 188 2 2.190213e-02
1 189 2 2.045712e-02
2 189 2 1.890650e-02
3 189 2 1.714988e-02
4 189 2 1.267631e-02
5 189 2 8.392853e-03
6 189 2 5.935111e-03
7 189 2 5.643022e-03
8 189 2 6.931499e-03
9 189 2 1.115053e-02
10 189 2 1.587672e-02
11 189 2 1.931139e-02
12 189 2 2.018030e-02
1 190 2 8.377251e-02
2 190 2 7.937599e-02
3 190 2 6.889854e-02
4 190 2 4.879939e-02
5 190 2 3.404733e-02
6 190 2 2.469939e-02
7 190 2 2.320785e-02
8 190 2 2.797700e-02
9 190 2 3.929682e-02
10 190 2 5.357107e-02
11 190 2 7.019519e-02
12 190 2 7.875772e-02
1 191 2 5.588694e-02
2 191 2 5.791364e-02
3 191 2 5.629234e-02
4 191 2 4.650379e-02
5 191 2 3.824094e-02
6 191 2 3.141426e-02
7 191 2 2.761842e-02
8 191 2 2.804891e-02
9 191 2 3.060193e-02
10 191 2 3.434753e-02
11 191 2 4.224385e-02
12 191 2 4.969951e-02
1 192 2 1.628718e-02
2 192 2 1.760191e-02
3 192 2 1.714970e-02
4 192 2 1.484907e-02
5 192 2 1.254970e-02
6 192 2 1.068557e-02
7 192 2 9.390490e-03
8 192 2 8.725970e-03
9 192 2 8.984665e-03
10 192 2 9.866190e-03
11 192 2 1.177768e-02
12 192 2 1.414242e-02
1 200 2 7.647525e-01
2 200 2 7.867401e-01
3 200 2 6.433807e-01
4 200 2 4.253206e-01
5 200 2 2.783936e-01
6 200 2 2.267259e-01
7 200 2 2.154013e-01
8 200 2 2.322920e-01
9 200 2 2.573045e-01
10 200 2 3.289764e-01
11 200 2 4.571613e-01
12 200 2 6.298752e-01
1 201 2 5.187015e-01
2 201 2 5.351924e-01
3 201 2 4.899369e-01
4 201 2 3.771184e-01
5 201 2 2.841948e-01
6 201 2 2.351222e-01
7 201 2 2.222036e-01
8 201 2 2.298494e-01
9 201 2 2.274822e-01
10 201 2 2.706743e-01
11 201 2 3.450370e-01
12 201 2 4.297329e-01
1 206 2 2.728103e-01
2 206 2 2.946706e-01
3 206 2 2.665981e-01
4 206 2 2.275003e-01
5 206 2 1.881416e-01
6 206 2 1.640435e-01
7 206 2 1.406993e-01
8 206 2 1.381489e-01
9 206 2 1.495448e-01
10 206 2 1.692762e-01
11 206 2 1.984308e-01
12 206 2 2.337721e-01
1 207 2 1.032888e-02
2 207 2 1.127784e-02
3 207 2 1.069566e-02
4 207 2 9.698302e-03
5 207 2 8.600964e-03
6 207 2 7.377008e-03
7 207 2 6.502171e-03
8 207 2 6.402981e-03
9 207 2 6.460199e-03
10 207 2 7.115677e-03
11 207 2 7.668591e-03
12 207 2 8.772393e-03
1 212 2 3.303570e-02
2 212 2 3.526356e-02
3 212 2 3.129987e-02
4 212 2 2.631351e-02
5 212 2 2.050930e-02
6 212 2 1.655271e-02
7 212 2 1.373968e-02
8 212 2 1.327928e-02
9 212 2 1.508163e-02
10 212 2 1.779562e-02
11 212 2 2.110870e-02
12 212 2 2.790973e-02
1 213 2 7.186764e-03
2 213 2 7.854593e-03
3 213 2 6.656458e-03
4 213 2 5.632789e-03
5 213 2 4.346448e-03
6 213 2 3.350500e-03
7 213 2 2.843593e-03
8 213 2 2.776036e-03
9 213 2 3.343853e-03
10 213 2 4.120913e-03
11 213 2 5.060429e-03
12 213 2 6.192536e-03
1 214 2 2.556928e-01
2 214 2 2.710665e-01
3 214 2 2.177851e-01
4 214 2 1.617566e-01
5 214 2 1.195678e-01
6 214 2 8.811598e-02
7 214 2 7.630978e-02
8 214 2 7.866961e-02
9 214 2 9.930359e-02
10 214 2 1.331322e-01
11 214 2 1.822458e-01
12 214 2 2.210324e-01
1 215 2 9.470638e-02
2 215 2 9.741813e-02
3 215 2 9.082750e-02
4 215 2 7.238567e-02
5 215 2 5.879564e-02
6 215 2 4.724106e-02
7 215 2 4.082282e-02
8 215 2 4.092320e-02
9 215 2 4.602089e-02
10 215 2 5.475007e-02
11 215 2 6.893788e-02
12 215 2 8.328075e-02
1 216 2 3.450249e-02
2 216 2 3.602313e-02
3 216 2 3.378082e-02
4 216 2 2.746185e-02
5 216 2 2.198987e-02
6 216 2 1.891718e-02
7 216 2 1.662327e-02
8 216 2 1.589493e-02
9 216 2 1.649381e-02
10 216 2 1.874676e-02
11 216 2 2.254917e-02
12 216 2 2.897976e-02
1 224 2 2.236510e-02
2 224 2 2.445035e-02
3 224 2 2.133591e-02
4 224 2 1.837342e-02
5 224 2 1.483688e-02
6 224 2 1.260847e-02
7 224 2 1.145467e-02
8 224 2 1.196427e-02
9 224 2 1.230389e-02
10 224 2 1.451185e-02
11 224 2 1.733001e-02
12 224 2 2.067607e-02
1 240 2 2.133101e-03
2 240 2 2.175749e-03
3 240 2 1.989670e-03
4 240 2 1.757190e-03
5 240 2 1.527225e-03
6 240 2 1.317284e-03
7 240 2 1.290562e-03
8 240 2 1.330495e-03
9 240 2 1.295157e-03
10 240 2 1.394749e-03
11 240 2 1.532486e-03
12 240 2 1.899250e-03
