1 7 2 1.281305e-06
2 7 2 1.094604e-06
3 7 2 1.197109e-06
4 7 2 3.094035e-06
5 7 2 1.064570e-05
6 7 2 2.867286e-05
7 7 2 3.879522e-05
8 7 2 2.645095e-05
9 7 2 1.143915e-05
10 7 2 5.014890e-06
11 7 2 2.656957e-06
12 7 2 1.567432e-06
1 25 2 6.879276e-04
2 25 2 6.531845e-04
3 25 2 9.202290e-04
4 25 2 1.679214e-03
5 25 2 4.697631e-03
6 25 2 8.518556e-03
7 25 2 1.032698e-02
8 25 2 7.918972e-03
9 25 2 4.474638e-03
10 25 2 2.093968e-03
11 25 2 9.984285e-04
12 25 2 5.781867e-04
1 26 2 7.625941e-04
2 26 2 6.276222e-04
3 26 2 1.037825e-03
4 26 2 2.316510e-03
5 26 2 6.525251e-03
6 26 2 1.246305e-02
7 26 2 1.352237e-02
8 26 2 1.011748e-02
9 26 2 5.533729e-03
10 26 2 2.227542e-03
11 26 2 1.163800e-03
12 26 2 7.195183e-04
1 27 2 3.353875e-03
2 27 2 2.961171e-03
3 27 2 5.190916e-03
4 27 2 1.322063e-02
5 27 2 3.723027e-02
6 27 2 7.695949e-02
7 27 2 8.679728e-02
8 27 2 6.533003e-02
9 27 2 3.376025e-02
10 27 2 1.267779e-02
11 27 2 6.718775e-03
12 27 2 4.156025e-03
1 28 2 1.332657e-04
2 28 2 1.212753e-04
3 28 2 2.039640e-04
4 28 2 5.544230e-04
5 28 2 1.583216e-03
6 28 2 3.389641e-03
7 28 2 4.041240e-03
8 28 2 3.045119e-03
9 28 2 1.566474e-03
10 28 2 6.100657e-04
11 28 2 3.045536e-04
12 28 2 1.898723e-04
1 29 2 1.788117e-04
2 29 2 1.691564e-04
3 29 2 2.694745e-04
4 29 2 8.102651e-04
5 29 2 2.423049e-03
6 29 2 5.963342e-03
7 29 2 8.123446e-03
8 29 2 6.043901e-03
9 29 2 2.775660e-03
10 29 2 1.028763e-03
11 29 2 4.863004e-04
12 29 2 3.035700e-04
1 30 2 4.057969e-05
2 30 2 3.548946e-05
3 30 2 5.640517e-05
4 30 2 1.726403e-04
5 30 2 4.782405e-04
6 30 2 1.300628e-03
7 30 2 1.885198e-03
8 30 2 1.443697e-03
9 30 2 6.532232e-04
10 30 2 2.556834e-04
11 30 2 1.179397e-04
12 30 2 7.063390e-05
1 31 2 7.235609e-05
2 31 2 5.575645e-05
3 31 2 8.470083e-05
4 31 2 2.357505e-04
5 31 2 6.088222e-04
6 31 2 1.602998e-03
7 31 2 2.260583e-03
8 31 2 1.824687e-03
9 31 2 9.128296e-04
10 31 2 4.180310e-04
11 31 2 2.007059e-04
12 31 2 1.118427e-04
1 32 2 8.557531e-05
2 32 2 7.083989e-05
3 32 2 9.902194e-05
4 32 2 2.200307e-04
5 32 2 5.876724e-04
6 32 2 1.392080e-03
7 32 2 1.795949e-03
8 32 2 1.483535e-03
9 32 2 8.284227e-04
10 32 2 4.270602e-04
11 32 2 2.206872e-04
12 32 2 1.144507e-04
1 35 2 5.161148e-03
2 35 2 4.917797e-03
3 35 2 5.342183e-03
4 35 2 7.118941e-03
5 35 2 1.115989e-02
6 35 2 1.704359e-02
7 35 2 2.050867e-02
8 35 2 1.883239e-02
9 35 2 1.279922e-02
10 35 2 9.253818e-03
11 35 2 7.009273e-03
12 35 2 5.694399e-03
1 36 2 6.195096e-04
2 36 2 5.815990e-04
3 36 2 6.445837e-04
4 36 2 7.742015e-04
5 36 2 1.058849e-03
6 36 2 1.527477e-03
7 36 2 1.798937e-03
8 36 2 1.832626e-03
9 36 2 1.398898e-03
10 36 2 1.095980e-03
11 36 2 8.388476e-04
12 36 2 6.950563e-04
1 37 2 1.612856e-02
2 37 2 1.561020e-02
3 37 2 1.966958e-02
4 37 2 2.529244e-02
5 37 2 3.823734e-02
6 37 2 5.799522e-02
7 37 2 6.745142e-02
8 37 2 6.630634e-02
9 37 2 4.879530e-02
10 37 2 3.658794e-02
11 37 2 2.578759e-02
12 37 2 1.975549e-02
1 38 2 4.581317e-02
2 38 2 4.577210e-02
3 38 2 6.972775e-02
4 38 2 1.033829e-01
5 38 2 1.887503e-01
6 38 2 3.349231e-01
7 38 2 3.970383e-01
8 38 2 3.443476e-01
9 38 2 2.224223e-01
10 38 2 1.520254e-01
11 38 2 8.687031e-02
12 38 2 6.268896e-02
1 39 2 7.207077e-02
2 39 2 7.508324e-02
3 39 2 1.216193e-01
4 39 2 1.877904e-01
5 39 2 3.643755e-01
6 39 2 7.044297e-01
7 39 2 8.747047e-01
8 39 2 7.081764e-01
9 39 2 4.463722e-01
10 39 2 2.818788e-01
11 39 2 1.426809e-01
12 39 2 1.041467e-01
1 40 2 1.787428e-02
2 40 2 1.961118e-02
3 40 2 3.497626e-02
4 40 2 5.881536e-02
5 40 2 1.285733e-01
6 40 2 2.919181e-01
7 40 2 3.652346e-01
8 40 2 2.679269e-01
9 40 2 1.650403e-01
10 40 2 8.892525e-02
11 40 2 3.809301e-02
12 40 2 2.837810e-02
1 41 2 9.520013e-03
2 41 2 1.017737e-02
3 41 2 2.039511e-02
4 41 2 3.632514e-02
5 41 2 9.110877e-02
6 41 2 2.311978e-01
7 41 2 2.989250e-01
8 41 2 2.096647e-01
9 41 2 1.171703e-01
10 41 2 5.078271e-02
11 41 2 1.950935e-02
12 41 2 1.626079e-02
1 42 2 5.152413e-03
2 42 2 5.389527e-03
3 42 2 1.162244e-02
4 42 2 2.292749e-02
5 42 2 6.517901e-02
6 42 2 1.807871e-01
7 42 2 2.530807e-01
8 42 2 1.690113e-01
9 42 2 8.003568e-02
10 42 2 2.864391e-02
11 42 2 1.067900e-02
12 42 2 8.760564e-03
1 43 2 1.447824e-04
2 43 2 1.501207e-04
3 43 2 3.542069e-04
4 43 2 8.642755e-04
5 43 2 2.892888e-03
6 43 2 8.531579e-03
7 43 2 1.247199e-02
8 43 2 7.829047e-03
9 43 2 3.201444e-03
10 43 2 9.829246e-04
11 43 2 3.351984e-04
12 43 2 2.348761e-04
1 44 2 5.967873e-04
2 44 2 5.996368e-04
3 44 2 1.304302e-03
4 44 2 3.526149e-03
5 44 2 1.317358e-02
6 44 2 4.151433e-02
7 44 2 6.067547e-02
8 44 2 3.658693e-02
9 44 2 1.318904e-02
10 44 2 3.907645e-03
11 44 2 1.282500e-03
12 44 2 8.671142e-04
1 45 2 1.372005e-03
2 45 2 1.537617e-03
3 45 2 2.801804e-03
4 45 2 8.262743e-03
5 45 2 3.460276e-02
6 45 2 1.148156e-01
7 45 2 1.606255e-01
8 45 2 9.780466e-02
9 45 2 3.363282e-02
10 45 2 8.587161e-03
11 45 2 2.489049e-03
12 45 2 1.626719e-03
1 46 2 6.223383e-04
2 46 2 7.829168e-04
3 46 2 1.230686e-03
4 46 2 3.417490e-03
5 46 2 1.342034e-02
6 46 2 4.162840e-02
7 46 2 5.823520e-02
8 46 2 3.649085e-02
9 46 2 1.370700e-02
10 46 2 3.322415e-03
11 46 2 9.134629e-04
12 46 2 6.514267e-04
1 47 2 8.174792e-04
2 47 2 1.040355e-03
3 47 2 1.466023e-03
4 47 2 3.284664e-03
5 47 2 1.119578e-02
6 47 2 3.084435e-02
7 47 2 4.183152e-02
8 47 2 2.836477e-02
9 47 2 1.201618e-02
10 47 2 3.706250e-03
11 47 2 1.093441e-03
12 47 2 8.311604e-04
1 48 2 1.107053e-03
2 48 2 1.271714e-03
3 48 2 1.749172e-03
4 48 2 3.415764e-03
5 48 2 1.059977e-02
6 48 2 2.438129e-02
7 48 2 3.240046e-02
8 48 2 2.279558e-02
9 48 2 1.085162e-02
10 48 2 4.045867e-03
11 48 2 1.456461e-03
12 48 2 9.658366e-04
1 49 2 3.967304e-04
2 49 2 3.609897e-04
3 49 2 4.094682e-04
4 49 2 4.792462e-04
5 49 2 6.854243e-04
6 49 2 1.042833e-03
7 49 2 1.555214e-03
8 49 2 1.462460e-03
9 49 2 1.020049e-03
10 49 2 7.299434e-04
11 49 2 5.329178e-04
12 49 2 3.887626e-04
1 50 2 1.617077e-03
2 50 2 1.395860e-03
3 50 2 1.636163e-03
4 50 2 1.865056e-03
5 50 2 2.624937e-03
6 50 2 3.852058e-03
7 50 2 5.316407e-03
8 50 2 5.112592e-03
9 50 2 3.701981e-03
10 50 2 2.638928e-03
11 50 2 1.975715e-03
12 50 2 1.555660e-03
1 51 2 6.199395e-04
2 51 2 5.657919e-04
3 51 2 6.147954e-04
4 51 2 7.096772e-04
5 51 2 9.673080e-04
6 51 2 1.356573e-03
7 51 2 1.767812e-03
8 51 2 1.753133e-03
9 51 2 1.456597e-03
10 51 2 1.024533e-03
11 51 2 7.678496e-04
12 51 2 6.434814e-04
1 52 2 2.345210e-01
2 52 2 2.465017e-01
3 52 2 3.096622e-01
4 52 2 4.514453e-01
5 52 2 7.634535e-01
6 52 2 1.050683e+00
7 52 2 1.347696e+00
8 52 2 1.260557e+00
9 52 2 1.017569e+00
10 52 2 5.813014e-01
11 52 2 3.498865e-01
12 52 2 2.698159e-01
1 53 2 6.313551e-02
2 53 2 7.921201e-02
3 53 2 1.342018e-01
4 53 2 2.929225e-01
5 53 2 5.578140e-01
6 53 2 8.329584e-01
7 53 2 1.156245e+00
8 53 2 9.852554e-01
9 53 2 6.668285e-01
10 53 2 2.940994e-01
11 53 2 1.311763e-01
12 53 2 8.310550e-02
1 54 2 3.273447e-02
2 54 2 4.246498e-02
3 54 2 7.941123e-02
4 54 2 1.973291e-01
5 54 2 3.886768e-01
6 54 2 7.507464e-01
7 54 2 1.066471e+00
8 54 2 8.942632e-01
9 54 2 5.423565e-01
10 54 2 2.306628e-01
11 54 2 9.887262e-02
12 54 2 5.454006e-02
1 55 2 2.222710e-02
2 55 2 2.478914e-02
3 55 2 4.624346e-02
4 55 2 1.082814e-01
5 55 2 2.148742e-01
6 55 2 4.588850e-01
7 55 2 6.378849e-01
8 55 2 5.501203e-01
9 55 2 3.488506e-01
10 55 2 1.672683e-01
11 55 2 7.825844e-02
12 55 2 4.481101e-02
1 56 2 7.881884e-02
2 56 2 8.179675e-02
3 56 2 1.416741e-01
4 56 2 3.159132e-01
5 56 2 6.905439e-01
6 56 2 1.361214e+00
7 56 2 1.881997e+00
8 56 2 1.561963e+00
9 56 2 1.020936e+00
10 56 2 5.260232e-01
11 56 2 2.371508e-01
12 56 2 1.360082e-01
1 57 2 1.594395e-02
2 57 2 1.521210e-02
3 57 2 1.871002e-02
4 57 2 2.839889e-02
5 57 2 4.751578e-02
6 57 2 7.731411e-02
7 57 2 1.100962e-01
8 57 2 9.922355e-02
9 57 2 7.382239e-02
10 57 2 4.741966e-02
11 57 2 2.899737e-02
12 57 2 2.083910e-02
1 60 2 1.870987e+00
2 60 2 1.811882e+00
3 60 2 2.077868e+00
4 60 2 2.464321e+00
5 60 2 3.038312e+00
6 60 2 3.998399e+00
7 60 2 4.654935e+00
8 60 2 4.656893e+00
9 60 2 3.952044e+00
10 60 2 3.226180e+00
11 60 2 2.580190e+00
12 60 2 2.138713e+00
1 61 2 2.945399e+00
2 61 2 2.963116e+00
3 61 2 4.167572e+00
4 61 2 6.277244e+00
5 61 2 9.156583e+00
6 61 2 1.290014e+01
7 61 2 1.526607e+01
8 61 2 1.468722e+01
9 61 2 1.141236e+01
10 61 2 7.762755e+00
11 61 2 5.064116e+00
12 61 2 3.551928e+00
1 62 2 9.963019e-01
2 62 2 1.091185e+00
3 62 2 1.717725e+00
4 62 2 3.109606e+00
5 62 2 5.333644e+00
6 62 2 7.566200e+00
7 62 2 9.251933e+00
8 62 2 8.636344e+00
9 62 2 6.017997e+00
10 62 2 3.588766e+00
11 62 2 1.948859e+00
12 62 2 1.268261e+00
1 63 2 1.103970e+00
2 63 2 1.340172e+00
3 63 2 2.242460e+00
4 63 2 4.716461e+00
5 63 2 9.051665e+00
6 63 2 1.345674e+01
7 63 2 1.720792e+01
8 63 2 1.497426e+01
9 63 2 9.145811e+00
10 63 2 4.994626e+00
11 63 2 2.307055e+00
12 63 2 1.510296e+00
1 64 2 2.639114e-01
2 64 2 3.380980e-01
3 64 2 6.438202e-01
4 64 2 1.524995e+00
5 64 2 3.266059e+00
6 64 2 5.231479e+00
7 64 2 6.631013e+00
8 64 2 5.183971e+00
9 64 2 2.968265e+00
10 64 2 1.312204e+00
11 64 2 5.996129e-01
12 64 2 4.103498e-01
1 65 2 8.927197e-02
2 65 2 1.106978e-01
3 65 2 2.425181e-01
4 65 2 6.839095e-01
5 65 2 1.433940e+00
6 65 2 2.437035e+00
7 65 2 3.158744e+00
8 65 2 2.357515e+00
9 65 2 1.337108e+00
10 65 2 4.744812e-01
11 65 2 2.088759e-01
12 65 2 1.513721e-01
1 66 2 5.912857e-02
2 66 2 7.310135e-02
3 66 2 1.737829e-01
4 66 2 5.701239e-01
5 66 2 1.185450e+00
6 66 2 2.038435e+00
7 66 2 2.811342e+00
8 66 2 2.125378e+00
9 66 2 1.202292e+00
10 66 2 3.983330e-01
11 66 2 1.526472e-01
12 66 2 9.468406e-02
1 67 2 2.022838e-02
2 67 2 2.697360e-02
3 67 2 6.859404e-02
4 67 2 2.533923e-01
5 67 2 5.749326e-01
6 67 2 9.805517e-01
7 67 2 1.370919e+00
8 67 2 1.055035e+00
9 67 2 5.770306e-01
10 67 2 2.122011e-01
11 67 2 6.709958e-02
12 67 2 3.020117e-02
1 68 2 5.034482e-03
2 68 2 6.759955e-03
3 68 2 2.007669e-02
4 68 2 9.228305e-02
5 68 2 2.514831e-01
6 68 2 4.819196e-01
7 68 2 6.909815e-01
8 68 2 5.139063e-01
9 68 2 2.466287e-01
10 68 2 9.060841e-02
11 68 2 2.066193e-02
12 68 2 7.189634e-03
1 69 2 3.139841e-03
2 69 2 4.451711e-03
3 69 2 1.064596e-02
4 69 2 4.668319e-02
5 69 2 1.496918e-01
6 69 2 3.542626e-01
7 69 2 5.189918e-01
8 69 2 3.995187e-01
9 69 2 1.716306e-01
10 69 2 5.580765e-02
11 69 2 1.081351e-02
12 69 2 4.066580e-03
1 70 2 1.286086e-02
2 70 2 1.503189e-02
3 70 2 2.154026e-02
4 70 2 5.619742e-02
5 70 2 1.409253e-01
6 70 2 3.422067e-01
7 70 2 5.539240e-01
8 70 2 5.048486e-01
9 70 2 2.606700e-01
10 70 2 9.291557e-02
11 70 2 2.825938e-02
12 70 2 1.590798e-02
1 71 2 1.037966e-02
2 71 2 1.053293e-02
3 71 2 1.191881e-02
4 71 2 1.912608e-02
5 71 2 3.704012e-02
6 71 2 7.726917e-02
7 71 2 1.185839e-01
8 71 2 1.179021e-01
9 71 2 7.564490e-02
10 71 2 3.602866e-02
11 71 2 1.721181e-02
12 71 2 1.195418e-02
1 72 2 4.360912e-05
2 72 2 4.165050e-05
3 72 2 4.512400e-05
4 72 2 5.753354e-05
5 72 2 8.951795e-05
6 72 2 1.557642e-04
7 72 2 2.412609e-04
8 72 2 2.320364e-04
9 72 2 1.623404e-04
10 72 2 9.843405e-05
11 72 2 6.064894e-05
12 72 2 4.331131e-05
1 76 2 5.657220e-01
2 76 2 5.175775e-01
3 76 2 5.227867e-01
4 76 2 5.686674e-01
5 76 2 7.731129e-01
6 76 2 1.102410e+00
7 76 2 1.478270e+00
8 76 2 1.577585e+00
9 76 2 1.503132e+00
10 76 2 1.003792e+00
11 76 2 6.479899e-01
12 76 2 5.667234e-01
1 77 2 5.487791e-01
2 77 2 7.125853e-01
3 77 2 9.334441e-01
4 77 2 1.508651e+00
5 77 2 2.533086e+00
6 77 2 3.910820e+00
7 77 2 5.313749e+00
8 77 2 5.043610e+00
9 77 2 3.736092e+00
10 77 2 1.887518e+00
11 77 2 8.282485e-01
12 77 2 5.220409e-01
1 78 2 6.301838e-01
2 78 2 8.610574e-01
3 78 2 1.199074e+00
4 78 2 2.150665e+00
5 78 2 3.363019e+00
6 78 2 5.339309e+00
7 78 2 6.590785e+00
8 78 2 6.171470e+00
9 78 2 4.001514e+00
10 78 2 2.122081e+00
11 78 2 1.145970e+00
12 78 2 6.616070e-01
1 79 2 2.037925e+00
2 79 2 2.500568e+00
3 79 2 3.671555e+00
4 79 2 6.089882e+00
5 79 2 9.252221e+00
6 79 2 1.511508e+01
7 79 2 1.852164e+01
8 79 2 1.754597e+01
9 79 2 1.211560e+01
10 79 2 7.313525e+00
11 79 2 4.166869e+00
12 79 2 2.552547e+00
1 80 2 9.909694e-01
2 80 2 9.929043e-01
3 80 2 1.247646e+00
4 80 2 1.686961e+00
5 80 2 2.515953e+00
6 80 2 3.827931e+00
7 80 2 4.929043e+00
8 80 2 4.879670e+00
9 80 2 4.050037e+00
10 80 2 2.839499e+00
11 80 2 1.656451e+00
12 80 2 1.224393e+00
1 81 2 2.410171e-07
2 81 2 2.184196e-07
3 81 2 2.300552e-07
4 81 2 2.727890e-07
5 81 2 3.928138e-07
6 81 2 5.293052e-07
7 81 2 7.062667e-07
8 81 2 7.578085e-07
9 81 2 6.890844e-07
10 81 2 5.287298e-07
11 81 2 3.495106e-07
12 81 2 2.861430e-07
1 84 2 1.455061e+00
2 84 2 1.538366e+00
3 84 2 1.902651e+00
4 84 2 2.404356e+00
5 84 2 3.223515e+00
6 84 2 5.281964e+00
7 84 2 7.074258e+00
8 84 2 6.778896e+00
9 84 2 5.086522e+00
10 84 2 3.210106e+00
11 84 2 2.156475e+00
12 84 2 1.647314e+00
1 85 2 1.032826e+00
2 85 2 1.163044e+00
3 85 2 1.512145e+00
4 85 2 2.197005e+00
5 85 2 3.516927e+00
6 85 2 5.372656e+00
7 85 2 7.433569e+00
8 85 2 7.071619e+00
9 85 2 5.092046e+00
10 85 2 2.808802e+00
11 85 2 1.584046e+00
12 85 2 1.149385e+00
1 86 2 3.548581e-01
2 86 2 4.017735e-01
3 86 2 5.134370e-01
4 86 2 7.457800e-01
5 86 2 1.198616e+00
6 86 2 1.739165e+00
7 86 2 2.389151e+00
8 86 2 2.396967e+00
9 86 2 1.774212e+00
10 86 2 1.028846e+00
11 86 2 5.667390e-01
12 86 2 4.050445e-01
1 87 2 3.710704e-01
2 87 2 5.020156e-01
3 87 2 7.167862e-01
4 87 2 1.133076e+00
5 87 2 1.987831e+00
6 87 2 2.987961e+00
7 87 2 4.050751e+00
8 87 2 4.127580e+00
9 87 2 2.992515e+00
10 87 2 1.684865e+00
11 87 2 7.402853e-01
12 87 2 4.499809e-01
1 88 2 1.777904e-01
2 88 2 2.524767e-01
3 88 2 3.959207e-01
4 88 2 7.512172e-01
5 88 2 1.541719e+00
6 88 2 2.423159e+00
7 88 2 3.103192e+00
8 88 2 2.721742e+00
9 88 2 1.758790e+00
10 88 2 8.311716e-01
11 88 2 4.261158e-01
12 88 2 2.366917e-01
1 89 2 1.851355e-01
2 89 2 2.575921e-01
3 89 2 4.889018e-01
4 89 2 9.195409e-01
5 89 2 1.835050e+00
6 89 2 2.741351e+00
7 89 2 3.197963e+00
8 89 2 2.800653e+00
9 89 2 1.827721e+00
10 89 2 8.697584e-01
11 89 2 4.785846e-01
12 89 2 2.648986e-01
1 90 2 3.956260e-02
2 90 2 5.214219e-02
3 90 2 1.034706e-01
4 90 2 1.857077e-01
5 90 2 2.851433e-01
6 90 2 3.774350e-01
7 90 2 4.238828e-01
8 90 2 3.922090e-01
9 90 2 2.858251e-01
10 90 2 1.704825e-01
11 90 2 9.399610e-02
12 90 2 5.350991e-02
1 91 2 2.105259e-03
2 91 2 2.978848e-03
3 91 2 6.223473e-03
4 91 2 1.176041e-02
5 91 2 1.735653e-02
6 91 2 2.206176e-02
7 91 2 2.477215e-02
8 91 2 2.271844e-02
9 91 2 1.633503e-02
10 91 2 1.011142e-02
11 91 2 5.240540e-03
12 91 2 2.690266e-03
1 92 2 1.207368e-02
2 92 2 1.724651e-02
3 92 2 4.323265e-02
4 92 2 1.031431e-01
5 92 2 1.945129e-01
6 92 2 2.980622e-01
7 92 2 3.577835e-01
8 92 2 3.256404e-01
9 92 2 2.037238e-01
10 92 2 1.082726e-01
11 92 2 4.246460e-02
12 92 2 1.822901e-02
1 93 2 2.047547e-01
2 93 2 2.470549e-01
3 93 2 5.079579e-01
4 93 2 1.183853e+00
5 93 2 2.111926e+00
6 93 2 3.351479e+00
7 93 2 4.495833e+00
8 93 2 4.419787e+00
9 93 2 2.972771e+00
10 93 2 1.711955e+00
11 93 2 7.331522e-01
12 93 2 3.053726e-01
1 94 2 5.448905e-01
2 94 2 5.421435e-01
3 94 2 7.238926e-01
4 94 2 1.282871e+00
5 94 2 2.189783e+00
6 94 2 3.448081e+00
7 94 2 4.763511e+00
8 94 2 5.191172e+00
9 94 2 4.276047e+00
10 94 2 2.581014e+00
11 94 2 1.385294e+00
12 94 2 7.568915e-01
1 98 2 7.151945e-02
2 98 2 6.657512e-02
3 98 2 6.269079e-02
4 98 2 6.674763e-02
5 98 2 7.575398e-02
6 98 2 8.668496e-02
7 98 2 9.750277e-02
8 98 2 1.027632e-01
9 98 2 1.014042e-01
10 98 2 9.585410e-02
11 98 2 8.622008e-02
12 98 2 7.846119e-02
1 101 2 8.077635e-02
2 101 2 8.300045e-02
3 101 2 8.505396e-02
4 101 2 1.048844e-01
5 101 2 1.348835e-01
6 101 2 1.574905e-01
7 101 2 1.681121e-01
8 101 2 1.684542e-01
9 101 2 1.619463e-01
10 101 2 1.388523e-01
11 101 2 1.067736e-01
12 101 2 8.564008e-02
1 102 2 7.596884e-01
2 102 2 8.587229e-01
3 102 2 1.055386e+00
4 102 2 1.320076e+00
5 102 2 1.527641e+00
6 102 2 1.667694e+00
7 102 2 1.714655e+00
8 102 2 1.736321e+00
9 102 2 1.564910e+00
10 102 2 1.205608e+00
11 102 2 9.676517e-01
12 102 2 7.931109e-01
1 103 2 7.000427e-01
2 103 2 7.143993e-01
3 103 2 7.786057e-01
4 103 2 8.797950e-01
5 103 2 1.024591e+00
6 103 2 1.172514e+00
7 103 2 1.268511e+00
8 103 2 1.331274e+00
9 103 2 1.305704e+00
10 103 2 1.141072e+00
11 103 2 9.387110e-01
12 103 2 7.805071e-01
1 104 2 1.354988e-01
2 104 2 1.300212e-01
3 104 2 1.314339e-01
4 104 2 1.440984e-01
5 104 2 1.684959e-01
6 104 2 1.933571e-01
7 104 2 2.170097e-01
8 104 2 2.344233e-01
9 104 2 2.363103e-01
10 104 2 2.207606e-01
11 104 2 1.815954e-01
12 104 2 1.503608e-01
1 107 2 7.868701e-02
2 107 2 8.301336e-02
3 107 2 9.692107e-02
4 107 2 1.110609e-01
5 107 2 1.245478e-01
6 107 2 1.594511e-01
7 107 2 1.742868e-01
8 107 2 1.735816e-01
9 107 2 1.624983e-01
10 107 2 1.389933e-01
11 107 2 1.104946e-01
12 107 2 8.641093e-02
1 108 2 6.567066e-03
2 108 2 8.392718e-03
3 108 2 1.219132e-02
4 108 2 1.888169e-02
5 108 2 2.930943e-02
6 108 2 4.022811e-02
7 108 2 4.306298e-02
8 108 2 3.805861e-02
9 108 2 3.079542e-02
10 108 2 2.124671e-02
11 108 2 1.106738e-02
12 108 2 7.045466e-03
1 109 2 1.246322e-02
2 109 2 1.646209e-02
3 109 2 2.574778e-02
4 109 2 4.468307e-02
5 109 2 7.613027e-02
6 109 2 9.596606e-02
7 109 2 9.751018e-02
8 109 2 8.963925e-02
9 109 2 7.198288e-02
10 109 2 5.050781e-02
11 109 2 2.246462e-02
12 109 2 1.312300e-02
1 110 2 5.487545e-03
2 110 2 6.990082e-03
3 110 2 1.122643e-02
4 110 2 1.737807e-02
5 110 2 2.695269e-02
6 110 2 3.121251e-02
7 110 2 3.355646e-02
8 110 2 3.318708e-02
9 110 2 2.794275e-02
10 110 2 2.037203e-02
11 110 2 9.854050e-03
12 110 2 5.800200e-03
1 111 2 1.886023e-01
2 111 2 2.358865e-01
3 111 2 3.818952e-01
4 111 2 5.787940e-01
5 111 2 8.747625e-01
6 111 2 1.121864e+00
7 111 2 1.185894e+00
8 111 2 1.174583e+00
9 111 2 1.000260e+00
10 111 2 6.511208e-01
11 111 2 3.507541e-01
12 111 2 2.142470e-01
1 112 2 2.170521e-01
2 112 2 2.798621e-01
3 112 2 4.909579e-01
4 112 2 8.164343e-01
5 112 2 1.241526e+00
6 112 2 1.512946e+00
7 112 2 1.540895e+00
8 112 2 1.436273e+00
9 112 2 1.096437e+00
10 112 2 7.278951e-01
11 112 2 4.177358e-01
12 112 2 2.567780e-01
1 113 2 1.245930e-01
2 113 2 1.578477e-01
3 113 2 2.651852e-01
4 113 2 3.965602e-01
5 113 2 4.880053e-01
6 113 2 4.261008e-01
7 113 2 3.656197e-01
8 113 2 3.491966e-01
9 113 2 3.453719e-01
10 113 2 3.153575e-01
11 113 2 2.205728e-01
12 113 2 1.489771e-01
1 114 2 3.395739e-01
2 114 2 4.604794e-01
3 114 2 8.204227e-01
4 114 2 1.195917e+00
5 114 2 1.379737e+00
6 114 2 1.010045e+00
7 114 2 8.342289e-01
8 114 2 7.646719e-01
9 114 2 7.379356e-01
10 114 2 6.604659e-01
11 114 2 5.034874e-01
12 114 2 3.729517e-01
1 115 2 1.215916e-01
2 115 2 1.769049e-01
3 115 2 2.804231e-01
4 115 2 3.476090e-01
5 115 2 3.104313e-01
6 115 2 2.882252e-01
7 115 2 2.779879e-01
8 115 2 2.667097e-01
9 115 2 2.452934e-01
10 115 2 2.192072e-01
11 115 2 1.665191e-01
12 115 2 1.194650e-01
1 116 2 1.073972e-01
2 116 2 1.374816e-01
3 116 2 2.102421e-01
4 116 2 2.975900e-01
5 116 2 3.461160e-01
6 116 2 3.941383e-01
7 116 2 4.132080e-01
8 116 2 3.955317e-01
9 116 2 3.204247e-01
10 116 2 2.561724e-01
11 116 2 1.861042e-01
12 116 2 1.225975e-01
1 117 2 2.851120e-02
2 117 2 2.977283e-02
3 117 2 3.760034e-02
4 117 2 5.147003e-02
5 117 2 6.554290e-02
6 117 2 7.765384e-02
7 117 2 8.267061e-02
8 117 2 8.256220e-02
9 117 2 7.533300e-02
10 117 2 6.448960e-02
11 117 2 5.206001e-02
12 117 2 3.760748e-02
1 126 2 1.489925e-03
2 126 2 1.548625e-03
3 126 2 1.678498e-03
4 126 2 1.772391e-03
5 126 2 1.751139e-03
6 126 2 1.627487e-03
7 126 2 1.568803e-03
8 126 2 1.584130e-03
9 126 2 1.575744e-03
10 126 2 1.548421e-03
11 126 2 1.512999e-03
12 126 2 1.490091e-03
1 127 2 1.500223e-01
2 127 2 1.525758e-01
3 127 2 1.610405e-01
4 127 2 1.671942e-01
5 127 2 1.694720e-01
6 127 2 1.641551e-01
7 127 2 1.642004e-01
8 127 2 1.679685e-01
9 127 2 1.661780e-01
10 127 2 1.595179e-01
11 127 2 1.545926e-01
12 127 2 1.526791e-01
1 128 2 6.793012e-01
2 128 2 6.976361e-01
3 128 2 7.161679e-01
4 128 2 6.991016e-01
5 128 2 6.800534e-01
6 128 2 6.596253e-01
7 128 2 7.030388e-01
8 128 2 7.993581e-01
9 128 2 8.405177e-01
10 128 2 7.939086e-01
11 128 2 7.219439e-01
12 128 2 6.802148e-01
1 129 2 1.936650e-02
2 129 2 1.910059e-02
3 129 2 1.958233e-02
4 129 2 2.015022e-02
5 129 2 2.046113e-02
6 129 2 2.101466e-02
7 129 2 2.195824e-02
8 129 2 2.393444e-02
9 129 2 2.500645e-02
10 129 2 2.511662e-02
11 129 2 2.293233e-02
12 129 2 2.037259e-02
1 133 2 4.165923e-01
2 133 2 4.843502e-01
3 133 2 5.814363e-01
4 133 2 5.969813e-01
5 133 2 5.694591e-01
6 133 2 5.234098e-01
7 133 2 4.671482e-01
8 133 2 4.374312e-01
9 133 2 4.561433e-01
10 133 2 4.858101e-01
11 133 2 4.634707e-01
12 133 2 4.055371e-01
1 135 2 1.800888e-02
2 135 2 2.028970e-02
3 135 2 2.412910e-02
4 135 2 2.598591e-02
5 135 2 2.496997e-02
6 135 2 2.227577e-02
7 135 2 1.924406e-02
8 135 2 1.943665e-02
9 135 2 2.065366e-02
10 135 2 1.942357e-02
11 135 2 1.861732e-02
12 135 2 1.748843e-02
1 136 2 2.015038e-02
2 136 2 2.073882e-02
3 136 2 2.564742e-02
4 136 2 3.117945e-02
5 136 2 3.414290e-02
6 136 2 3.115135e-02
7 136 2 2.756531e-02
8 136 2 2.750208e-02
9 136 2 2.764423e-02
10 136 2 2.600487e-02
11 136 2 2.458747e-02
12 136 2 2.183398e-02
1 137 2 4.898244e-03
2 137 2 5.138763e-03
3 137 2 5.891698e-03
4 137 2 6.474112e-03
5 137 2 6.390341e-03
6 137 2 5.879754e-03
7 137 2 5.439399e-03
8 137 2 5.248476e-03
9 137 2 5.251773e-03
10 137 2 5.471136e-03
11 137 2 5.409246e-03
12 137 2 5.100435e-03
1 138 2 1.958816e-01
2 138 2 2.154031e-01
3 138 2 2.498994e-01
4 138 2 2.781225e-01
5 138 2 2.806085e-01
6 138 2 2.466267e-01
7 138 2 2.284760e-01
8 138 2 2.203368e-01
9 138 2 2.209380e-01
10 138 2 2.222254e-01
11 138 2 2.155628e-01
12 138 2 1.999165e-01
1 139 2 3.316319e-01
2 139 2 3.776675e-01
3 139 2 4.220062e-01
4 139 2 4.429256e-01
5 139 2 4.366837e-01
6 139 2 4.066711e-01
7 139 2 3.847723e-01
8 139 2 3.704069e-01
9 139 2 3.656058e-01
10 139 2 3.684441e-01
11 139 2 3.506028e-01
12 139 2 3.209301e-01
1 140 2 1.101905e-01
2 140 2 1.139411e-01
3 140 2 1.237488e-01
4 140 2 1.402054e-01
5 140 2 1.488781e-01
6 140 2 1.429977e-01
7 140 2 1.353955e-01
8 140 2 1.305878e-01
9 140 2 1.286841e-01
10 140 2 1.293953e-01
11 140 2 1.266624e-01
12 140 2 1.180880e-01
1 141 2 1.718057e-01
2 141 2 1.700280e-01
3 141 2 1.748981e-01
4 141 2 1.919492e-01
5 141 2 2.071387e-01
6 141 2 2.048263e-01
7 141 2 1.992875e-01
8 141 2 1.932483e-01
9 141 2 1.916105e-01
10 141 2 1.920610e-01
11 141 2 1.939780e-01
12 141 2 1.883375e-01
1 150 2 1.989126e-04
2 150 2 2.177411e-04
3 150 2 2.330671e-04
4 150 2 2.383301e-04
5 150 2 2.230043e-04
6 150 2 1.966798e-04
7 150 2 1.794269e-04
8 150 2 1.750941e-04
9 150 2 1.694333e-04
10 150 2 1.655785e-04
11 150 2 1.687977e-04
12 150 2 1.795959e-04
1 151 2 1.289083e-01
2 151 2 1.371090e-01
3 151 2 1.453762e-01
4 151 2 1.488041e-01
5 151 2 1.439783e-01
6 151 2 1.355282e-01
7 151 2 1.325336e-01
8 151 2 1.376505e-01
9 151 2 1.310555e-01
10 151 2 1.229820e-01
11 151 2 1.193759e-01
12 151 2 1.223540e-01
1 152 2 1.021711e-01
2 152 2 1.034918e-01
3 152 2 1.044499e-01
4 152 2 9.925434e-02
5 152 2 9.541002e-02
6 152 2 9.370604e-02
7 152 2 1.071310e-01
8 152 2 1.428464e-01
9 152 2 1.516470e-01
10 152 2 1.292502e-01
11 152 2 1.108374e-01
12 152 2 1.025018e-01
1 153 2 1.184254e-01
2 153 2 1.212980e-01
3 153 2 1.279778e-01
4 153 2 1.255293e-01
5 153 2 1.212239e-01
6 153 2 1.190175e-01
7 153 2 1.389313e-01
8 153 2 1.815581e-01
9 153 2 2.208253e-01
10 153 2 1.973725e-01
11 153 2 1.493022e-01
12 153 2 1.245724e-01
1 154 2 3.222595e-01
2 154 2 3.205110e-01
3 154 2 3.335329e-01
4 154 2 3.195863e-01
5 154 2 2.988423e-01
6 154 2 2.688122e-01
7 154 2 2.538293e-01
8 154 2 2.644221e-01
9 154 2 2.981324e-01
10 154 2 3.350475e-01
11 154 2 3.531028e-01
12 154 2 3.414335e-01
1 157 2 1.284377e-02
2 157 2 1.333697e-02
3 157 2 1.427914e-02
4 157 2 1.407798e-02
5 157 2 1.372199e-02
6 157 2 1.290103e-02
7 157 2 1.230942e-02
8 157 2 1.218534e-02
9 157 2 1.209727e-02
10 157 2 1.230820e-02
11 157 2 1.239644e-02
12 157 2 1.255822e-02
1 163 2 5.972199e-02
2 163 2 6.052219e-02
3 163 2 6.231817e-02
4 163 2 6.605767e-02
5 163 2 6.612213e-02
6 163 2 6.113251e-02
7 163 2 5.651681e-02
8 163 2 5.307039e-02
9 163 2 5.383034e-02
10 163 2 5.695042e-02
11 163 2 5.917671e-02
12 163 2 5.964037e-02
1 164 2 2.260713e-01
2 164 2 2.241383e-01
3 164 2 2.303776e-01
4 164 2 2.411250e-01
5 164 2 2.382886e-01
6 164 2 2.203986e-01
7 164 2 2.039983e-01
8 164 2 1.992688e-01
9 164 2 2.133763e-01
10 164 2 2.337632e-01
11 164 2 2.384841e-01
12 164 2 2.345128e-01
1 165 2 1.011802e-01
2 165 2 9.916379e-02
3 165 2 1.004104e-01
4 165 2 1.026314e-01
5 165 2 1.015049e-01
6 165 2 9.339888e-02
7 165 2 8.806237e-02
8 165 2 8.913508e-02
9 165 2 9.500838e-02
10 165 2 1.015845e-01
11 165 2 1.068627e-01
12 165 2 1.069886e-01
1 166 2 4.425403e-02
2 166 2 4.381225e-02
3 166 2 4.308840e-02
4 166 2 4.288625e-02
5 166 2 4.148200e-02
6 166 2 3.836394e-02
7 166 2 3.622717e-02
8 166 2 3.649745e-02
9 166 2 3.786340e-02
10 166 2 3.982952e-02
11 166 2 4.294207e-02
12 166 2 4.510571e-02
1 170 2 1.978518e-03
2 170 2 2.175978e-03
3 170 2 2.137887e-03
4 170 2 1.943225e-03
5 170 2 1.619287e-03
6 170 2 1.361537e-03
7 170 2 1.287801e-03
8 170 2 1.229435e-03
9 170 2 1.250113e-03
10 170 2 1.391992e-03
11 170 2 1.535804e-03
12 170 2 1.768574e-03
1 171 2 7.078014e-03
2 171 2 7.769625e-03
3 171 2 7.863686e-03
4 171 2 6.996193e-03
5 171 2 5.820046e-03
6 171 2 4.987505e-03
7 171 2 4.528118e-03
8 171 2 4.290534e-03
9 171 2 4.353048e-03
10 171 2 4.734901e-03
11 171 2 5.404136e-03
12 171 2 6.384465e-03
1 175 2 2.046017e-04
2 175 2 2.163117e-04
3 175 2 2.169321e-04
4 175 2 2.031828e-04
5 175 2 1.765338e-04
6 175 2 1.608670e-04
7 175 2 1.575292e-04
8 175 2 1.561992e-04
9 175 2 1.452823e-04
10 175 2 1.468598e-04
11 175 2 1.535406e-04
12 175 2 1.791059e-04
1 176 2 1.475569e-01
2 176 2 1.486632e-01
3 176 2 1.455408e-01
4 176 2 1.285442e-01
5 176 2 1.039865e-01
6 176 2 9.423126e-02
7 176 2 9.405941e-02
8 176 2 1.073093e-01
9 176 2 1.168709e-01
10 176 2 1.247297e-01
11 176 2 1.331397e-01
12 176 2 1.414270e-01
1 177 2 6.480699e-01
2 177 2 6.297470e-01
3 177 2 5.945985e-01
4 177 2 5.199368e-01
5 177 2 4.251666e-01
6 177 2 3.630564e-01
7 177 2 3.777546e-01
8 177 2 4.526195e-01
9 177 2 5.688719e-01
10 177 2 5.916050e-01
11 177 2 6.036048e-01
12 177 2 6.048380e-01
1 178 2 2.363080e-01
2 178 2 2.335462e-01
3 178 2 2.238711e-01
4 178 2 1.876399e-01
5 178 2 1.633790e-01
6 178 2 1.380916e-01
7 178 2 1.315235e-01
8 178 2 1.324915e-01
9 178 2 1.511032e-01
10 178 2 1.625827e-01
11 178 2 1.836279e-01
12 178 2 2.038656e-01
1 181 2 2.887902e-03
2 181 2 3.050262e-03
3 181 2 3.092267e-03
4 181 2 2.956622e-03
5 181 2 2.438291e-03
6 181 2 2.108382e-03
7 181 2 1.864244e-03
8 181 2 1.907902e-03
9 181 2 2.067018e-03
10 181 2 2.238195e-03
11 181 2 2.534785e-03
12 181 2 2.698812e-03
1 182 2 3.442930e-01
2 182 2 3.182329e-01
3 182 2 3.000793e-01
4 182 2 2.506675e-01
5 182 2 1.962950e-01
6 182 2 1.468169e-01
7 182 2 1.455686e-01
8 182 2 2.022856e-01
9 182 2 2.806931e-01
10 182 2 3.442601e-01
11 182 2 3.804782e-01
12 182 2 3.652029e-01
1 183 2 7.320324e-02
2 183 2 7.032398e-02
3 183 2 6.713744e-02
4 183 2 6.087531e-02
5 183 2 5.121943e-02
6 183 2 4.157064e-02
7 183 2 3.867712e-02
8 183 2 4.592760e-02
9 183 2 5.340128e-02
10 183 2 6.317366e-02
11 183 2 6.877693e-02
12 183 2 7.074151e-02
1 184 2 2.282924e-02
2 184 2 2.313191e-02
3 184 2 2.240289e-02
4 184 2 2.016115e-02
5 184 2 1.676091e-02
6 184 2 1.354598e-02
7 184 2 1.221506e-02
8 184 2 1.275744e-02
9 184 2 1.351438e-02
10 184 2 1.551956e-02
11 184 2 1.815893e-02
12 184 2 2.069716e-02
1 188 2 1.915384e-02
2 188 2 1.898684e-02
3 188 2 1.759910e-02
4 188 2 1.437087e-02
5 188 2 1.015675e-02
6 188 2 7.725585e-03
7 188 2 6.647803e-03
8 188 2 6.762324e-03
9 188 2 9.159531e-03
10 188 2 1.203691e-02
11 188 2 1.433477e-02
12 188 2 1.787931e-02
1 189 2 1.670923e-02
2 189 2 1.544270e-02
3 189 2 1.400791e-02
4 189 2 1.035392e-02
5 189 2 6.855225e-03
6 189 2 4.847758e-03
7 189 2 4.609181e-03
8 189 2 5.661601e-03
9 189 2 9.107675e-03
10 189 2 1.296800e-02
11 189 2 1.577341e-02
12 189 2 1.648313e-02
1 190 2 6.839347e-02
2 190 2 6.480407e-02
3 190 2 5.625007e-02
4 190 2 3.984075e-02
5 190 2 2.779689e-02
6 190 2 2.016505e-02
7 190 2 1.894733e-02
8 190 2 2.284095e-02
9 190 2 3.208267e-02
10 190 2 4.373644e-02
11 190 2 5.730869e-02
12 190 2 6.429930e-02
1 191 2 4.568510e-02
2 191 2 4.734184e-02
3 191 2 4.601649e-02
4 191 2 3.801479e-02
5 191 2 3.126027e-02
6 191 2 2.567977e-02
7 191 2 2.257684e-02
8 191 2 2.292874e-02
9 191 2 2.501572e-02
10 191 2 2.807758e-02
11 191 2 3.453248e-02
12 191 2 4.062715e-02
1 192 2 1.365994e-02
2 192 2 1.476260e-02
3 192 2 1.438333e-02
4 192 2 1.245381e-02
5 192 2 1.052535e-02
6 192 2 8.961910e-03
7 192 2 7.875736e-03
8 192 2 7.318408e-03
9 192 2 7.535373e-03
10 192 2 8.274702e-03
11 192 2 9.877855e-03
12 192 2 1.186114e-02
1 200 2 6.411237e-01
2 200 2 6.595567e-01
3 200 2 5.393727e-01
4 200 2 3.565639e-01
5 200 2 2.333889e-01
6 200 2 1.900737e-01
7 200 2 1.805799e-01
8 200 2 1.947400e-01
9 200 2 2.157091e-01
10 200 2 2.757945e-01
11 200 2 3.832572e-01
12 200 2 5.280505e-01
1 201 2 4.349588e-01
2 201 2 4.487873e-01
3 201 2 4.108382e-01
4 201 2 3.162339e-01
5 201 2 2.383124e-01
6 201 2 1.971625e-01
7 201 2 1.863296e-01
8 201 2 1.927410e-01
9 201 2 1.907559e-01
10 201 2 2.269748e-01
11 201 2 2.893319e-01
12 201 2 3.603539e-01
1 206 2 2.289274e-01
2 206 2 2.472714e-01
3 206 2 2.237145e-01
4 206 2 1.909057e-01
5 206 2 1.578780e-01
6 206 2 1.376563e-01
7 206 2 1.180671e-01
8 206 2 1.159270e-01
9 206 2 1.254897e-01
10 206 2 1.420473e-01
11 206 2 1.665122e-01
12 206 2 1.961687e-01
1 207 2 8.689980e-03
2 207 2 9.488367e-03
3 207 2 8.998566e-03
4 207 2 8.159457e-03
5 207 2 7.236235e-03
6 207 2 6.206487e-03
7 207 2 5.470461e-03
8 207 2 5.387010e-03
9 207 2 5.435149e-03
10 207 2 5.986621e-03
11 207 2 6.451803e-03
12 207 2 7.380463e-03
1 212 2 2.697557e-02
2 212 2 2.879475e-02
3 212 2 2.555816e-02
4 212 2 2.148651e-02
5 212 2 1.674703e-02
6 212 2 1.351625e-02
7 212 2 1.121925e-02
8 212 2 1.084330e-02
9 212 2 1.231503e-02
10 212 2 1.453115e-02
11 212 2 1.723648e-02
12 212 2 2.278992e-02
1 213 2 5.870596e-03
2 213 2 6.416121e-03
3 213 2 5.437409e-03
4 213 2 4.601213e-03
5 213 2 3.550450e-03
6 213 2 2.736897e-03
7 213 2 2.322824e-03
8 213 2 2.267639e-03
9 213 2 2.731467e-03
10 213 2 3.366218e-03
11 213 2 4.133673e-03
12 213 2 5.058449e-03
1 214 2 2.088501e-01
2 214 2 2.214073e-01
3 214 2 1.778870e-01
4 214 2 1.321229e-01
5 214 2 9.766305e-02
6 214 2 7.197320e-02
7 214 2 6.232989e-02
8 214 2 6.425740e-02
9 214 2 8.111126e-02
10 214 2 1.087425e-01
11 214 2 1.488585e-01
12 214 2 1.805394e-01
1 215 2 7.737912e-02
2 215 2 7.959474e-02
3 215 2 7.420991e-02
4 215 2 5.914216e-02
5 215 2 4.803853e-02
6 215 2 3.859795e-02
7 215 2 3.335397e-02
8 215 2 3.343599e-02
9 215 2 3.760102e-02
10 215 2 4.473313e-02
11 215 2 5.632517e-02
12 215 2 6.804391e-02
1 216 2 2.836494e-02
2 216 2 2.961508e-02
3 216 2 2.777165e-02
4 216 2 2.257674e-02
5 216 2 1.807815e-02
6 216 2 1.555206e-02
7 216 2 1.366620e-02
8 216 2 1.306743e-02
9 216 2 1.355977e-02
10 216 2 1.541195e-02
11 216 2 1.853797e-02
12 216 2 2.382464e-02
1 224 2 1.875298e-02
2 224 2 2.050145e-02
3 224 2 1.789002e-02
4 224 2 1.540599e-02
5 224 2 1.244062e-02
6 224 2 1.057212e-02
7 224 2 9.604667e-03
8 224 2 1.003196e-02
9 224 2 1.031673e-02
10 224 2 1.216809e-02
11 224 2 1.453110e-02
12 224 2 1.733675e-02
1 240 2 1.751881e-03
2 240 2 1.786907e-03
3 240 2 1.634083e-03
4 240 2 1.443151e-03
5 240 2 1.254284e-03
6 240 2 1.081864e-03
7 240 2 1.059918e-03
8 240 2 1.092714e-03
9 240 2 1.063691e-03
10 240 2 1.145484e-03
11 240 2 1.258606e-03
12 240 2 1.559823e-03
