1 7 2 1.053976e-06
2 7 2 9.004003e-07
3 7 2 9.847185e-07
4 7 2 2.545093e-06
5 7 2 8.756943e-06
6 7 2 2.358574e-05
7 7 2 3.191220e-05
8 7 2 2.175804e-05
9 7 2 9.409621e-06
10 7 2 4.125151e-06
11 7 2 2.185562e-06
12 7 2 1.289339e-06
1 25 2 6.978928e-04
2 25 2 6.626464e-04
3 25 2 9.335593e-04
4 25 2 1.703538e-03
5 25 2 4.765680e-03
6 25 2 8.641954e-03
7 25 2 1.047658e-02
8 25 2 8.033685e-03
9 25 2 4.539457e-03
10 25 2 2.124301e-03
11 25 2 1.012892e-03
12 25 2 5.865623e-04
1 26 2 6.322429e-04
2 26 2 5.203419e-04
3 26 2 8.604279e-04
4 26 2 1.920546e-03
5 26 2 5.409881e-03
6 26 2 1.033272e-02
7 26 2 1.121097e-02
8 26 2 8.388085e-03
9 26 2 4.587841e-03
10 26 2 1.846785e-03
11 26 2 9.648698e-04
12 26 2 5.965301e-04
1 27 2 2.775995e-03
2 27 2 2.450955e-03
3 27 2 4.296511e-03
4 27 2 1.094268e-02
5 27 2 3.081542e-02
6 27 2 6.369921e-02
7 27 2 7.184193e-02
8 27 2 5.407353e-02
9 27 2 2.794329e-02
10 27 2 1.049338e-02
11 27 2 5.561116e-03
12 27 2 3.439933e-03
1 28 2 1.092948e-04
2 28 2 9.946116e-05
3 28 2 1.672764e-04
4 28 2 4.546972e-04
5 28 2 1.298439e-03
6 28 2 2.779936e-03
7 28 2 3.314330e-03
8 28 2 2.497385e-03
9 28 2 1.284708e-03
10 28 2 5.003313e-04
11 28 2 2.497726e-04
12 28 2 1.557194e-04
1 29 2 1.466062e-04
2 29 2 1.386899e-04
3 29 2 2.209399e-04
4 29 2 6.643295e-04
5 29 2 1.986637e-03
6 29 2 4.889294e-03
7 29 2 6.660345e-03
8 29 2 4.955343e-03
9 29 2 2.275740e-03
10 29 2 8.434742e-04
11 29 2 3.987136e-04
12 29 2 2.488945e-04
1 30 2 3.326368e-05
2 30 2 2.909116e-05
3 30 2 4.623604e-05
4 30 2 1.415155e-04
5 30 2 3.920198e-04
6 30 2 1.066141e-03
7 30 2 1.545321e-03
8 30 2 1.183417e-03
9 30 2 5.354554e-04
10 30 2 2.095869e-04
11 30 2 9.667669e-05
12 30 2 5.789951e-05
1 31 2 5.936851e-05
2 31 2 4.574843e-05
3 31 2 6.949743e-05
4 31 2 1.934344e-04
5 31 2 4.995415e-04
6 31 2 1.315267e-03
7 31 2 1.854819e-03
8 31 2 1.497164e-03
9 31 2 7.489810e-04
10 31 2 3.429964e-04
11 31 2 1.646802e-04
12 31 2 9.176742e-05
1 32 2 7.018280e-05
2 32 2 5.809786e-05
3 32 2 8.121078e-05
4 32 2 1.804536e-04
5 32 2 4.819673e-04
6 32 2 1.141686e-03
7 32 2 1.472910e-03
8 32 2 1.216690e-03
9 32 2 6.794136e-04
10 32 2 3.502445e-04
11 32 2 1.809920e-04
12 32 2 9.386432e-05
1 35 2 4.313454e-03
2 35 2 4.110072e-03
3 35 2 4.464754e-03
4 35 2 5.949689e-03
5 35 2 9.326930e-03
6 35 2 1.424426e-02
7 35 2 1.714022e-02
8 35 2 1.573926e-02
9 35 2 1.069701e-02
10 35 2 7.733922e-03
11 35 2 5.858033e-03
12 35 2 4.759121e-03
1 36 2 5.175812e-04
2 36 2 4.859081e-04
3 36 2 5.385298e-04
4 36 2 6.468215e-04
5 36 2 8.846357e-04
6 36 2 1.276160e-03
7 36 2 1.502956e-03
8 36 2 1.531102e-03
9 36 2 1.168736e-03
10 36 2 9.156576e-04
11 36 2 7.008313e-04
12 36 2 5.806982e-04
1 37 2 1.340998e-02
2 37 2 1.297900e-02
3 37 2 1.635414e-02
4 37 2 2.102923e-02
5 37 2 3.179218e-02
6 37 2 4.821974e-02
7 37 2 5.608203e-02
8 37 2 5.512996e-02
9 37 2 4.057053e-02
10 37 2 3.042080e-02
11 37 2 2.144092e-02
12 37 2 1.642557e-02
1 38 2 4.086832e-02
2 38 2 4.083168e-02
3 38 2 6.220168e-02
4 38 2 9.222424e-02
5 38 2 1.683776e-01
6 38 2 2.987731e-01
7 38 2 3.541839e-01
8 38 2 3.071804e-01
9 38 2 1.984151e-01
10 38 2 1.356165e-01
11 38 2 7.749395e-02
12 38 2 5.592263e-02
1 39 2 7.594859e-02
2 39 2 7.912315e-02
3 39 2 1.281632e-01
4 39 2 1.978946e-01
5 39 2 3.839810e-01
6 39 2 7.423321e-01
7 39 2 9.217688e-01
8 39 2 7.462804e-01
9 39 2 4.703896e-01
10 39 2 2.970455e-01
11 39 2 1.503580e-01
12 39 2 1.097504e-01
1 40 2 1.889260e-02
2 40 2 2.072846e-02
3 40 2 3.696891e-02
4 40 2 6.216616e-02
5 40 2 1.358983e-01
6 40 2 3.085491e-01
7 40 2 3.860426e-01
8 40 2 2.831911e-01
9 40 2 1.744428e-01
10 40 2 9.399145e-02
11 40 2 4.026322e-02
12 40 2 2.999484e-02
1 41 2 1.006651e-02
2 41 2 1.076160e-02
3 41 2 2.156588e-02
4 41 2 3.841036e-02
5 41 2 9.633882e-02
6 41 2 2.444697e-01
7 41 2 3.160847e-01
8 41 2 2.217004e-01
9 41 2 1.238964e-01
10 41 2 5.369787e-02
11 41 2 2.062928e-02
12 41 2 1.719424e-02
1 42 2 5.444277e-03
2 42 2 5.694823e-03
3 42 2 1.228081e-02
4 42 2 2.422625e-02
5 42 2 6.887115e-02
6 42 2 1.910280e-01
7 42 2 2.674167e-01
8 42 2 1.785851e-01
9 42 2 8.456940e-02
10 42 2 3.026648e-02
11 42 2 1.128392e-02
12 42 2 9.256816e-03
1 43 2 1.525536e-04
2 43 2 1.581784e-04
3 43 2 3.732190e-04
4 43 2 9.106654e-04
5 43 2 3.048164e-03
6 43 2 8.989511e-03
7 43 2 1.314142e-02
8 43 2 8.249271e-03
9 43 2 3.373281e-03
10 43 2 1.035683e-03
11 43 2 3.531901e-04
12 43 2 2.474830e-04
1 44 2 6.305893e-04
2 44 2 6.336002e-04
3 44 2 1.378178e-03
4 44 2 3.725870e-03
5 44 2 1.391973e-02
6 44 2 4.386570e-02
7 44 2 6.411213e-02
8 44 2 3.865922e-02
9 44 2 1.393607e-02
10 44 2 4.128974e-03
11 44 2 1.355141e-03
12 44 2 9.162276e-04
1 45 2 1.448144e-03
2 45 2 1.622947e-03
3 45 2 2.957290e-03
4 45 2 8.721284e-03
5 45 2 3.652304e-02
6 45 2 1.211872e-01
7 45 2 1.695394e-01
8 45 2 1.032323e-01
9 45 2 3.549928e-02
10 45 2 9.063706e-03
11 45 2 2.627178e-03
12 45 2 1.716994e-03
1 46 2 6.570832e-04
2 46 2 8.266268e-04
3 46 2 1.299395e-03
4 46 2 3.608288e-03
5 46 2 1.416960e-02
6 46 2 4.395250e-02
7 46 2 6.148645e-02
8 46 2 3.852812e-02
9 46 2 1.447226e-02
10 46 2 3.507904e-03
11 46 2 9.644612e-04
12 46 2 6.877956e-04
1 47 2 8.639067e-04
2 47 2 1.099440e-03
3 47 2 1.549283e-03
4 47 2 3.471212e-03
5 47 2 1.183162e-02
6 47 2 3.259610e-02
7 47 2 4.420727e-02
8 47 2 2.997570e-02
9 47 2 1.269862e-02
10 47 2 3.916741e-03
11 47 2 1.155541e-03
12 47 2 8.783649e-04
1 48 2 1.169694e-03
2 48 2 1.343672e-03
3 48 2 1.848145e-03
4 48 2 3.609038e-03
5 48 2 1.119954e-02
6 48 2 2.576085e-02
7 48 2 3.423378e-02
8 48 2 2.408543e-02
9 48 2 1.146564e-02
10 48 2 4.274794e-03
11 48 2 1.538872e-03
12 48 2 1.020487e-03
1 49 2 3.288898e-04
2 49 2 2.992607e-04
3 49 2 3.394494e-04
4 49 2 3.972954e-04
5 49 2 5.682171e-04
6 49 2 8.645094e-04
7 49 2 1.289273e-03
8 49 2 1.212381e-03
9 49 2 8.456216e-04
10 49 2 6.051236e-04
11 49 2 4.417892e-04
12 49 2 3.222844e-04
1 50 2 1.340103e-03
2 50 2 1.156776e-03
3 50 2 1.355920e-03
4 50 2 1.545608e-03
5 50 2 2.175336e-03
6 50 2 3.192275e-03
7 50 2 4.405809e-03
8 50 2 4.236904e-03
9 50 2 3.067904e-03
10 50 2 2.186930e-03
11 50 2 1.637313e-03
12 50 2 1.289205e-03
1 51 2 5.146288e-04
2 51 2 4.696794e-04
3 51 2 5.103586e-04
4 51 2 5.891226e-04
5 51 2 8.029890e-04
6 51 2 1.126128e-03
7 51 2 1.467510e-03
8 51 2 1.455324e-03
9 51 2 1.209161e-03
10 51 2 8.504928e-04
11 51 2 6.374131e-04
12 51 2 5.341717e-04
1 52 2 1.936837e-01
2 52 2 2.035782e-01
3 52 2 2.557404e-01
4 52 2 3.728347e-01
5 52 2 6.305126e-01
6 52 2 8.677264e-01
7 52 2 1.113020e+00
8 52 2 1.041055e+00
9 52 2 8.403784e-01
10 52 2 4.800788e-01
11 52 2 2.889604e-01
12 52 2 2.228326e-01
1 53 2 5.192117e-02
2 53 2 6.514210e-02
3 53 2 1.103645e-01
4 53 2 2.408926e-01
5 53 2 4.587332e-01
6 53 2 6.850055e-01
7 53 2 9.508688e-01
8 53 2 8.102510e-01
9 53 2 5.483841e-01
10 53 2 2.418605e-01
11 53 2 1.078763e-01
12 53 2 6.834401e-02
1 54 2 2.705438e-02
2 54 2 3.509646e-02
3 54 2 6.563181e-02
4 54 2 1.630886e-01
5 54 2 3.212337e-01
6 54 2 6.204769e-01
7 54 2 8.814169e-01
8 54 2 7.390907e-01
9 54 2 4.482469e-01
10 54 2 1.906382e-01
11 54 2 8.171625e-02
12 54 2 4.507628e-02
1 55 2 1.824862e-02
2 55 2 2.035208e-02
3 55 2 3.796624e-02
4 55 2 8.889986e-02
5 55 2 1.764134e-01
6 55 2 3.767481e-01
7 55 2 5.237085e-01
8 55 2 4.516531e-01
9 55 2 2.864091e-01
10 55 2 1.373286e-01
11 55 2 6.425079e-02
12 55 2 3.679019e-02
1 56 2 6.471022e-02
2 56 2 6.715509e-02
3 56 2 1.163144e-01
4 56 2 2.593645e-01
5 56 2 5.669361e-01
6 56 2 1.117556e+00
7 56 2 1.545119e+00
8 56 2 1.282370e+00
9 56 2 8.381877e-01
10 56 2 4.318647e-01
11 56 2 1.947006e-01
12 56 2 1.116627e-01
1 57 2 1.308624e-02
2 57 2 1.248557e-02
3 57 2 1.535655e-02
4 57 2 2.330883e-02
5 57 2 3.899933e-02
6 57 2 6.345678e-02
7 57 2 9.036318e-02
8 57 2 8.143929e-02
9 57 2 6.059089e-02
10 57 2 3.892043e-02
11 57 2 2.380005e-02
12 57 2 1.710402e-02
1 60 2 1.549804e+00
2 60 2 1.500846e+00
3 60 2 1.721172e+00
4 60 2 2.041285e+00
5 60 2 2.516742e+00
6 60 2 3.312015e+00
7 60 2 3.855847e+00
8 60 2 3.857469e+00
9 60 2 3.273617e+00
10 60 2 2.672359e+00
11 60 2 2.137262e+00
12 60 2 1.771572e+00
1 61 2 2.516605e+00
2 61 2 2.531742e+00
3 61 2 3.560853e+00
4 61 2 5.363396e+00
5 61 2 7.823557e+00
6 61 2 1.102213e+01
7 61 2 1.304362e+01
8 61 2 1.254904e+01
9 61 2 9.750934e+00
10 61 2 6.632645e+00
11 61 2 4.326876e+00
12 61 2 3.034835e+00
1 62 2 9.577467e-01
2 62 2 1.048958e+00
3 62 2 1.651252e+00
4 62 2 2.989269e+00
5 62 2 5.127241e+00
6 62 2 7.273401e+00
7 62 2 8.893899e+00
8 62 2 8.302132e+00
9 62 2 5.785111e+00
10 62 2 3.449886e+00
11 62 2 1.873441e+00
12 62 2 1.219182e+00
1 63 2 1.165952e+00
2 63 2 1.415416e+00
3 63 2 2.368362e+00
4 63 2 4.981265e+00
5 63 2 9.559868e+00
6 63 2 1.421227e+01
7 63 2 1.817405e+01
8 63 2 1.581499e+01
9 63 2 9.659300e+00
10 63 2 5.275048e+00
11 63 2 2.436584e+00
12 63 2 1.595091e+00
1 64 2 2.788871e-01
2 64 2 3.572834e-01
3 64 2 6.803539e-01
4 64 2 1.611531e+00
5 64 2 3.451392e+00
6 64 2 5.528340e+00
7 64 2 7.007291e+00
8 64 2 5.478137e+00
9 64 2 3.136700e+00
10 64 2 1.386666e+00
11 64 2 6.336381e-01
12 64 2 4.336351e-01
1 65 2 9.431322e-02
2 65 2 1.169490e-01
3 65 2 2.562133e-01
4 65 2 7.225304e-01
5 65 2 1.514916e+00
6 65 2 2.574656e+00
7 65 2 3.337120e+00
8 65 2 2.490646e+00
9 65 2 1.412616e+00
10 65 2 5.012755e-01
11 65 2 2.206713e-01
12 65 2 1.599202e-01
1 66 2 6.245950e-02
2 66 2 7.721942e-02
3 66 2 1.835727e-01
4 66 2 6.022411e-01
5 66 2 1.252231e+00
6 66 2 2.153268e+00
7 66 2 2.969715e+00
8 66 2 2.245108e+00
9 66 2 1.270021e+00
10 66 2 4.207726e-01
11 66 2 1.612463e-01
12 66 2 1.000180e-01
1 67 2 2.131706e-02
2 67 2 2.842531e-02
3 67 2 7.228576e-02
4 67 2 2.670299e-01
5 67 2 6.058753e-01
6 67 2 1.033325e+00
7 67 2 1.444702e+00
8 67 2 1.111816e+00
9 67 2 6.080863e-01
10 67 2 2.236217e-01
11 67 2 7.071087e-02
12 67 2 3.182659e-02
1 68 2 5.266162e-03
2 68 2 7.071039e-03
3 68 2 2.100059e-02
4 68 2 9.652978e-02
5 68 2 2.630560e-01
6 68 2 5.040968e-01
7 68 2 7.227795e-01
8 68 2 5.375555e-01
9 68 2 2.579782e-01
10 68 2 9.477808e-02
11 68 2 2.161276e-02
12 68 2 7.520490e-03
1 69 2 3.261921e-03
2 69 2 4.624798e-03
3 69 2 1.105989e-02
4 69 2 4.849827e-02
5 69 2 1.555120e-01
6 69 2 3.680366e-01
7 69 2 5.391707e-01
8 69 2 4.150523e-01
9 69 2 1.783038e-01
10 69 2 5.797750e-02
11 69 2 1.123395e-02
12 69 2 4.224693e-03
1 70 2 1.342753e-02
2 70 2 1.569422e-02
3 70 2 2.248936e-02
4 70 2 5.867359e-02
5 70 2 1.471347e-01
6 70 2 3.572849e-01
7 70 2 5.783309e-01
8 70 2 5.270932e-01
9 70 2 2.721556e-01
10 70 2 9.700960e-02
11 70 2 2.950454e-02
12 70 2 1.660891e-02
1 71 2 1.096030e-02
2 71 2 1.112214e-02
3 71 2 1.258554e-02
4 71 2 2.019599e-02
5 71 2 3.911214e-02
6 71 2 8.159159e-02
7 71 2 1.252175e-01
8 71 2 1.244976e-01
9 71 2 7.987647e-02
10 71 2 3.804410e-02
11 71 2 1.817463e-02
12 71 2 1.262290e-02
1 72 2 4.598116e-05
2 72 2 4.391601e-05
3 72 2 4.757845e-05
4 72 2 6.066298e-05
5 72 2 9.438712e-05
6 72 2 1.642367e-04
7 72 2 2.543839e-04
8 72 2 2.446577e-04
9 72 2 1.711707e-04
10 72 2 1.037882e-04
11 72 2 6.394784e-05
12 72 2 4.566716e-05
1 76 2 4.686672e-01
2 76 2 4.287823e-01
3 76 2 4.330978e-01
4 76 2 4.711072e-01
5 76 2 6.404782e-01
6 76 2 9.132812e-01
7 76 2 1.224659e+00
8 76 2 1.306936e+00
9 76 2 1.245256e+00
10 76 2 8.315821e-01
11 76 2 5.368212e-01
12 76 2 4.694968e-01
1 77 2 4.551002e-01
2 77 2 5.909440e-01
3 77 2 7.741013e-01
4 77 2 1.251118e+00
5 77 2 2.100677e+00
6 77 2 3.243227e+00
7 77 2 4.406670e+00
8 77 2 4.182645e+00
9 77 2 3.098326e+00
10 77 2 1.565311e+00
11 77 2 6.868630e-01
12 77 2 4.329263e-01
1 78 2 5.224025e-01
2 78 2 7.137894e-01
3 78 2 9.939944e-01
4 78 2 1.782834e+00
5 78 2 2.787837e+00
6 78 2 4.426118e+00
7 78 2 5.463553e+00
8 78 2 5.115954e+00
9 78 2 3.317129e+00
10 78 2 1.759138e+00
11 78 2 9.499726e-01
12 78 2 5.484513e-01
1 79 2 1.687962e+00
2 79 2 2.071157e+00
3 79 2 3.041056e+00
4 79 2 5.044096e+00
5 79 2 7.663381e+00
6 79 2 1.251944e+01
7 79 2 1.534101e+01
8 79 2 1.453288e+01
9 79 2 1.003504e+01
10 79 2 6.057608e+00
11 79 2 3.451312e+00
12 79 2 2.114210e+00
1 80 2 8.211917e-01
2 80 2 8.227951e-01
3 80 2 1.033894e+00
4 80 2 1.397943e+00
5 80 2 2.084907e+00
6 80 2 3.172111e+00
7 80 2 4.084575e+00
8 80 2 4.043661e+00
9 80 2 3.356165e+00
10 80 2 2.353022e+00
11 80 2 1.372660e+00
12 80 2 1.014624e+00
1 81 2 1.976439e-07
2 81 2 1.791130e-07
3 81 2 1.886546e-07
4 81 2 2.236982e-07
5 81 2 3.221233e-07
6 81 2 4.340519e-07
7 81 2 5.791676e-07
8 81 2 6.214339e-07
9 81 2 5.650774e-07
10 81 2 4.335800e-07
11 81 2 2.866129e-07
12 81 2 2.346489e-07
1 84 2 1.217217e+00
2 84 2 1.286904e+00
3 84 2 1.591643e+00
4 84 2 2.011340e+00
5 84 2 2.696599e+00
6 84 2 4.418574e+00
7 84 2 5.917899e+00
8 84 2 5.670817e+00
9 84 2 4.255079e+00
10 84 2 2.685382e+00
11 84 2 1.803978e+00
12 84 2 1.378044e+00
1 85 2 8.792924e-01
2 85 2 9.901526e-01
3 85 2 1.287358e+00
4 85 2 1.870411e+00
5 85 2 2.994121e+00
6 85 2 4.573989e+00
7 85 2 6.328539e+00
8 85 2 6.020393e+00
9 85 2 4.335092e+00
10 85 2 2.391262e+00
11 85 2 1.348571e+00
12 85 2 9.785245e-01
1 86 2 2.986547e-01
2 86 2 3.381396e-01
3 86 2 4.321174e-01
4 86 2 6.276613e-01
5 86 2 1.008776e+00
6 86 2 1.463712e+00
7 86 2 2.010751e+00
8 86 2 2.017329e+00
9 86 2 1.493207e+00
10 86 2 8.658945e-01
11 86 2 4.769773e-01
12 86 2 3.408924e-01
1 87 2 3.553760e-01
2 87 2 4.807829e-01
3 87 2 6.864698e-01
4 87 2 1.085152e+00
5 87 2 1.903755e+00
6 87 2 2.861586e+00
7 87 2 3.879425e+00
8 87 2 3.953004e+00
9 87 2 2.865946e+00
10 87 2 1.613604e+00
11 87 2 7.089750e-01
12 87 2 4.309490e-01
1 88 2 1.625589e-01
2 88 2 2.308467e-01
3 88 2 3.620018e-01
4 88 2 6.868597e-01
5 88 2 1.409638e+00
6 88 2 2.215564e+00
7 88 2 2.837338e+00
8 88 2 2.488568e+00
9 88 2 1.608113e+00
10 88 2 7.599643e-01
11 88 2 3.896101e-01
12 88 2 2.164141e-01
1 89 2 1.917457e-01
2 89 2 2.667893e-01
3 89 2 5.063578e-01
4 89 2 9.523726e-01
5 89 2 1.900569e+00
6 89 2 2.839229e+00
7 89 2 3.312144e+00
8 89 2 2.900648e+00
9 89 2 1.892979e+00
10 89 2 9.008126e-01
11 89 2 4.956722e-01
12 89 2 2.743566e-01
1 90 2 3.890027e-02
2 90 2 5.126927e-02
3 90 2 1.017384e-01
4 90 2 1.825987e-01
5 90 2 2.803697e-01
6 90 2 3.711163e-01
7 90 2 4.167865e-01
8 90 2 3.856430e-01
9 90 2 2.810400e-01
10 90 2 1.676284e-01
11 90 2 9.242250e-02
12 90 2 5.261410e-02
1 91 2 1.738924e-03
2 91 2 2.460501e-03
3 91 2 5.140531e-03
4 91 2 9.713989e-03
5 91 2 1.433633e-02
6 91 2 1.822281e-02
7 91 2 2.046157e-02
8 91 2 1.876522e-02
9 91 2 1.349258e-02
10 91 2 8.351940e-03
11 91 2 4.328638e-03
12 91 2 2.222135e-03
1 92 2 9.958488e-03
2 92 2 1.422509e-02
3 92 2 3.565872e-02
4 92 2 8.507345e-02
5 92 2 1.604362e-01
6 92 2 2.458447e-01
7 92 2 2.951034e-01
8 92 2 2.685914e-01
9 92 2 1.680334e-01
10 92 2 8.930435e-02
11 92 2 3.502523e-02
12 92 2 1.503547e-02
1 93 2 1.749334e-01
2 93 2 2.110728e-01
3 93 2 4.339768e-01
4 93 2 1.011431e+00
5 93 2 1.804336e+00
6 93 2 2.863355e+00
7 93 2 3.841041e+00
8 93 2 3.776071e+00
9 93 2 2.539804e+00
10 93 2 1.462618e+00
11 93 2 6.263728e-01
12 93 2 2.608969e-01
1 94 2 4.558298e-01
2 94 2 4.535318e-01
3 94 2 6.055745e-01
4 94 2 1.073190e+00
5 94 2 1.831869e+00
6 94 2 2.884503e+00
7 94 2 3.984929e+00
8 94 2 4.342690e+00
9 94 2 3.577140e+00
10 94 2 2.159155e+00
11 94 2 1.158872e+00
12 94 2 6.331799e-01
1 98 2 5.936311e-02
2 98 2 5.525918e-02
3 98 2 5.203508e-02
4 98 2 5.540237e-02
5 98 2 6.287789e-02
6 98 2 7.195090e-02
7 98 2 8.092998e-02
8 98 2 8.529625e-02
9 98 2 8.416831e-02
10 98 2 7.956153e-02
11 98 2 7.156503e-02
12 98 2 6.512494e-02
1 101 2 6.793384e-02
2 101 2 6.980434e-02
3 101 2 7.153137e-02
4 101 2 8.820902e-02
5 101 2 1.134385e-01
6 101 2 1.324513e-01
7 101 2 1.413842e-01
8 101 2 1.416719e-01
9 101 2 1.361987e-01
10 101 2 1.167764e-01
11 101 2 8.979786e-02
12 101 2 7.202430e-02
1 102 2 6.349227e-01
2 102 2 7.176925e-01
3 102 2 8.820575e-01
4 102 2 1.103277e+00
5 102 2 1.276752e+00
6 102 2 1.393804e+00
7 102 2 1.433053e+00
8 102 2 1.451161e+00
9 102 2 1.307901e+00
10 102 2 1.007608e+00
11 102 2 8.087317e-01
12 102 2 6.628561e-01
1 103 2 5.818650e-01
2 103 2 5.937980e-01
3 103 2 6.471654e-01
4 103 2 7.312724e-01
5 103 2 8.516249e-01
6 103 2 9.745757e-01
7 103 2 1.054367e+00
8 103 2 1.106535e+00
9 103 2 1.085282e+00
10 103 2 9.484421e-01
11 103 2 7.802425e-01
12 103 2 6.487459e-01
1 104 2 1.139466e-01
2 104 2 1.093403e-01
3 104 2 1.105284e-01
4 104 2 1.211784e-01
5 104 2 1.416953e-01
6 104 2 1.626022e-01
7 104 2 1.824926e-01
8 104 2 1.971365e-01
9 104 2 1.987233e-01
10 104 2 1.856469e-01
11 104 2 1.527113e-01
12 104 2 1.264448e-01
1 107 2 6.585154e-02
2 107 2 6.947218e-02
3 107 2 8.111125e-02
4 107 2 9.294455e-02
5 107 2 1.042315e-01
6 107 2 1.334413e-01
7 107 2 1.458570e-01
8 107 2 1.452669e-01
9 107 2 1.359915e-01
10 107 2 1.163206e-01
11 107 2 9.247064e-02
12 107 2 7.231553e-02
1 108 2 5.529430e-03
2 108 2 7.066619e-03
3 108 2 1.026502e-02
4 108 2 1.589827e-02
5 108 2 2.467837e-02
6 108 2 3.387183e-02
7 108 2 3.625877e-02
8 108 2 3.204512e-02
9 108 2 2.592956e-02
10 108 2 1.788960e-02
11 108 2 9.318665e-03
12 108 2 5.932241e-03
1 109 2 1.049172e-02
2 109 2 1.385803e-02
3 109 2 2.167486e-02
4 109 2 3.761486e-02
5 109 2 6.408758e-02
6 109 2 8.078564e-02
7 109 2 8.208551e-02
8 109 2 7.545964e-02
9 109 2 6.059625e-02
10 109 2 4.251822e-02
11 109 2 1.891104e-02
12 109 2 1.104713e-02
1 110 2 4.613021e-03
2 110 2 5.876105e-03
3 110 2 9.437325e-03
4 110 2 1.460861e-02
5 110 2 2.265737e-02
6 110 2 2.623832e-02
7 110 2 2.820873e-02
8 110 2 2.789821e-02
9 110 2 2.348964e-02
10 110 2 1.712544e-02
11 110 2 8.283656e-03
12 110 2 4.875850e-03
1 111 2 1.587324e-01
2 111 2 1.985280e-01
3 111 2 3.214124e-01
4 111 2 4.871274e-01
5 111 2 7.362218e-01
6 111 2 9.441887e-01
7 111 2 9.980782e-01
8 111 2 9.885580e-01
9 111 2 8.418435e-01
10 111 2 5.479994e-01
11 111 2 2.952033e-01
12 111 2 1.803156e-01
1 112 2 1.827548e-01
2 112 2 2.356399e-01
3 112 2 4.133795e-01
4 112 2 6.874261e-01
5 112 2 1.045347e+00
6 112 2 1.273879e+00
7 112 2 1.297412e+00
8 112 2 1.209322e+00
9 112 2 9.231840e-01
10 112 2 6.128773e-01
11 112 2 3.517276e-01
12 112 2 2.162034e-01
1 113 2 1.047839e-01
2 113 2 1.327514e-01
3 113 2 2.230232e-01
4 113 2 3.335108e-01
5 113 2 4.104170e-01
6 113 2 3.583548e-01
7 113 2 3.074896e-01
8 113 2 2.936776e-01
9 113 2 2.904610e-01
10 113 2 2.652186e-01
11 113 2 1.855038e-01
12 113 2 1.252911e-01
1 114 2 2.856736e-01
2 114 2 3.873879e-01
3 114 2 6.901978e-01
4 114 2 1.006091e+00
5 114 2 1.160733e+00
6 114 2 8.497216e-01
7 114 2 7.018125e-01
8 114 2 6.432962e-01
9 114 2 6.208037e-01
10 114 2 5.556308e-01
11 114 2 4.235693e-01
12 114 2 3.137534e-01
1 115 2 1.021167e-01
2 115 2 1.485707e-01
3 115 2 2.355087e-01
4 115 2 2.919336e-01
5 115 2 2.607105e-01
6 115 2 2.420612e-01
7 115 2 2.334635e-01
8 115 2 2.239917e-01
9 115 2 2.060056e-01
10 115 2 1.840975e-01
11 115 2 1.398483e-01
12 115 2 1.003307e-01
1 116 2 8.999008e-02
2 116 2 1.151983e-01
3 116 2 1.761657e-01
4 116 2 2.493560e-01
5 116 2 2.900168e-01
6 116 2 3.302555e-01
7 116 2 3.462344e-01
8 116 2 3.314231e-01
9 116 2 2.684896e-01
10 116 2 2.146514e-01
11 116 2 1.559401e-01
12 116 2 1.027266e-01
1 117 2 2.386699e-02
2 117 2 2.492311e-02
3 117 2 3.147560e-02
4 117 2 4.308604e-02
5 117 2 5.486657e-02
6 117 2 6.500476e-02
7 117 2 6.920434e-02
8 117 2 6.911359e-02
9 117 2 6.306196e-02
10 117 2 5.398484e-02
11 117 2 4.357992e-02
12 117 2 3.148158e-02
1 126 2 1.249882e-03
2 126 2 1.299124e-03
3 126 2 1.408073e-03
4 126 2 1.486839e-03
5 126 2 1.469011e-03
6 126 2 1.365281e-03
7 126 2 1.316052e-03
8 126 2 1.328909e-03
9 126 2 1.321874e-03
10 126 2 1.298953e-03
11 126 2 1.269238e-03
12 126 2 1.250021e-03
1 127 2 1.261740e-01
2 127 2 1.283215e-01
3 127 2 1.354406e-01
4 127 2 1.406161e-01
5 127 2 1.425318e-01
6 127 2 1.380601e-01
7 127 2 1.380982e-01
8 127 2 1.412673e-01
9 127 2 1.397614e-01
10 127 2 1.341601e-01
11 127 2 1.300177e-01
12 127 2 1.284084e-01
1 128 2 5.720535e-01
2 128 2 5.874937e-01
3 128 2 6.030997e-01
4 128 2 5.887278e-01
5 128 2 5.726870e-01
6 128 2 5.554840e-01
7 128 2 5.920435e-01
8 128 2 6.731559e-01
9 128 2 7.078173e-01
10 128 2 6.685668e-01
11 128 2 6.079638e-01
12 128 2 5.728229e-01
1 129 2 1.631434e-02
2 129 2 1.609035e-02
3 129 2 1.649616e-02
4 129 2 1.697455e-02
5 129 2 1.723647e-02
6 129 2 1.770275e-02
7 129 2 1.849763e-02
8 129 2 2.016238e-02
9 129 2 2.106545e-02
10 129 2 2.115825e-02
11 129 2 1.931821e-02
12 129 2 1.716187e-02
1 133 2 3.503724e-01
2 133 2 4.073597e-01
3 133 2 4.890134e-01
4 133 2 5.020874e-01
5 133 2 4.789400e-01
6 133 2 4.402105e-01
7 133 2 3.928921e-01
8 133 2 3.678988e-01
9 133 2 3.836364e-01
10 133 2 4.085876e-01
11 133 2 3.897991e-01
12 133 2 3.410745e-01
1 135 2 1.514122e-02
2 135 2 1.705886e-02
3 135 2 2.028688e-02
4 135 2 2.184803e-02
5 135 2 2.099386e-02
6 135 2 1.872867e-02
7 135 2 1.617972e-02
8 135 2 1.634164e-02
9 135 2 1.736486e-02
10 135 2 1.633064e-02
11 135 2 1.565278e-02
12 135 2 1.470364e-02
1 136 2 1.694392e-02
2 136 2 1.743872e-02
3 136 2 2.156623e-02
4 136 2 2.621797e-02
5 136 2 2.870986e-02
6 136 2 2.619434e-02
7 136 2 2.317893e-02
8 136 2 2.312577e-02
9 136 2 2.324530e-02
10 136 2 2.186680e-02
11 136 2 2.067495e-02
12 136 2 1.835961e-02
1 137 2 4.123602e-03
2 137 2 4.326083e-03
3 137 2 4.959944e-03
4 137 2 5.450251e-03
5 137 2 5.379728e-03
6 137 2 4.949889e-03
7 137 2 4.579174e-03
8 137 2 4.418445e-03
9 137 2 4.421221e-03
10 137 2 4.605892e-03
11 137 2 4.553790e-03
12 137 2 4.293817e-03
1 138 2 1.647640e-01
2 138 2 1.811842e-01
3 138 2 2.102005e-01
4 138 2 2.339401e-01
5 138 2 2.360312e-01
6 138 2 2.074477e-01
7 138 2 1.921804e-01
8 138 2 1.853342e-01
9 138 2 1.858399e-01
10 138 2 1.869228e-01
11 138 2 1.813186e-01
12 138 2 1.681579e-01
1 139 2 2.790561e-01
2 139 2 3.177933e-01
3 139 2 3.551028e-01
4 139 2 3.727056e-01
5 139 2 3.674533e-01
6 139 2 3.421988e-01
7 139 2 3.237718e-01
8 139 2 3.116838e-01
9 139 2 3.076439e-01
10 139 2 3.100322e-01
11 139 2 2.950194e-01
12 139 2 2.700509e-01
1 140 2 9.276883e-02
2 140 2 9.592642e-02
3 140 2 1.041835e-01
4 140 2 1.180382e-01
5 140 2 1.253397e-01
6 140 2 1.203890e-01
7 140 2 1.139888e-01
8 140 2 1.099413e-01
9 140 2 1.083385e-01
10 140 2 1.089373e-01
11 140 2 1.066364e-01
12 140 2 9.941773e-02
1 141 2 1.445397e-01
2 141 2 1.430441e-01
3 141 2 1.471413e-01
4 141 2 1.614863e-01
5 141 2 1.742652e-01
6 141 2 1.723198e-01
7 141 2 1.676600e-01
8 141 2 1.625793e-01
9 141 2 1.612014e-01
10 141 2 1.615804e-01
11 141 2 1.631932e-01
12 141 2 1.584478e-01
1 150 2 1.673391e-04
2 150 2 1.831790e-04
3 150 2 1.960723e-04
4 150 2 2.005000e-04
5 150 2 1.876068e-04
6 150 2 1.654608e-04
7 150 2 1.509464e-04
8 150 2 1.473014e-04
9 150 2 1.425392e-04
10 150 2 1.392962e-04
11 150 2 1.420044e-04
12 150 2 1.510886e-04
1 151 2 1.084499e-01
2 151 2 1.153491e-01
3 151 2 1.223042e-01
4 151 2 1.251881e-01
5 151 2 1.211282e-01
6 151 2 1.140192e-01
7 151 2 1.114998e-01
8 151 2 1.158046e-01
9 151 2 1.102563e-01
10 151 2 1.034641e-01
11 151 2 1.004303e-01
12 151 2 1.029358e-01
1 152 2 8.600372e-02
2 152 2 8.711545e-02
3 152 2 8.792190e-02
4 152 2 8.354852e-02
5 152 2 8.031251e-02
6 152 2 7.887817e-02
7 152 2 9.017883e-02
8 152 2 1.202426e-01
9 152 2 1.276507e-01
10 152 2 1.087979e-01
11 152 2 9.329868e-02
12 152 2 8.628212e-02
1 153 2 9.969582e-02
2 153 2 1.021141e-01
3 153 2 1.077374e-01
4 153 2 1.056762e-01
5 153 2 1.020517e-01
6 153 2 1.001943e-01
7 153 2 1.169585e-01
8 153 2 1.528438e-01
9 153 2 1.859006e-01
10 153 2 1.661570e-01
11 153 2 1.256892e-01
12 153 2 1.048707e-01
1 154 2 2.712100e-01
2 154 2 2.697385e-01
3 154 2 2.806975e-01
4 154 2 2.689603e-01
5 154 2 2.515024e-01
6 154 2 2.262293e-01
7 154 2 2.136199e-01
8 154 2 2.225347e-01
9 154 2 2.509049e-01
10 154 2 2.819723e-01
11 154 2 2.971673e-01
12 154 2 2.873466e-01
1 157 2 1.080333e-02
2 157 2 1.121818e-02
3 157 2 1.201066e-02
4 157 2 1.184147e-02
5 157 2 1.154203e-02
6 157 2 1.085149e-02
7 157 2 1.035387e-02
8 157 2 1.024950e-02
9 157 2 1.017542e-02
10 157 2 1.035284e-02
11 157 2 1.042706e-02
12 157 2 1.056314e-02
1 163 2 5.026188e-02
2 163 2 5.093532e-02
3 163 2 5.244681e-02
4 163 2 5.559397e-02
5 163 2 5.564822e-02
6 163 2 5.144897e-02
7 163 2 4.756440e-02
8 163 2 4.466390e-02
9 163 2 4.530348e-02
10 163 2 4.792933e-02
11 163 2 4.980297e-02
12 163 2 5.019319e-02
1 164 2 1.901886e-01
2 164 2 1.885625e-01
3 164 2 1.938114e-01
4 164 2 2.028530e-01
5 164 2 2.004668e-01
6 164 2 1.854163e-01
7 164 2 1.716192e-01
8 164 2 1.676403e-01
9 164 2 1.795086e-01
10 164 2 1.966596e-01
11 164 2 2.006312e-01
12 164 2 1.972903e-01
1 165 2 8.500006e-02
2 165 2 8.330607e-02
3 165 2 8.435335e-02
4 165 2 8.621914e-02
5 165 2 8.527279e-02
6 165 2 7.846305e-02
7 165 2 7.397992e-02
8 165 2 7.488109e-02
9 165 2 7.981517e-02
10 165 2 8.533970e-02
11 165 2 8.977381e-02
12 165 2 8.987957e-02
1 166 2 3.718873e-02
2 166 2 3.681747e-02
3 166 2 3.620919e-02
4 166 2 3.603931e-02
5 166 2 3.485925e-02
6 166 2 3.223901e-02
7 166 2 3.044338e-02
8 166 2 3.067050e-02
9 166 2 3.181838e-02
10 166 2 3.347060e-02
11 166 2 3.608622e-02
12 166 2 3.790443e-02
1 170 2 1.663025e-03
2 170 2 1.828998e-03
3 170 2 1.796980e-03
4 170 2 1.633359e-03
5 170 2 1.361076e-03
6 170 2 1.144427e-03
7 170 2 1.082449e-03
8 170 2 1.033390e-03
9 170 2 1.050771e-03
10 170 2 1.170026e-03
11 170 2 1.290906e-03
12 170 2 1.486558e-03
1 171 2 5.951966e-03
2 171 2 6.533548e-03
3 171 2 6.612645e-03
4 171 2 5.883162e-03
5 171 2 4.894130e-03
6 171 2 4.194038e-03
7 171 2 3.807736e-03
8 171 2 3.607949e-03
9 171 2 3.660518e-03
10 171 2 3.981621e-03
11 171 2 4.544387e-03
12 171 2 5.368755e-03
1 175 2 1.722150e-04
2 175 2 1.820714e-04
3 175 2 1.825936e-04
4 175 2 1.710207e-04
5 175 2 1.485900e-04
6 175 2 1.354032e-04
7 175 2 1.325937e-04
8 175 2 1.314742e-04
9 175 2 1.222853e-04
10 175 2 1.236132e-04
11 175 2 1.292364e-04
12 175 2 1.507550e-04
1 176 2 1.239965e-01
2 176 2 1.249262e-01
3 176 2 1.223023e-01
4 176 2 1.080195e-01
5 176 2 8.738298e-02
6 176 2 7.918537e-02
7 176 2 7.904096e-02
8 176 2 9.017522e-02
9 176 2 9.821015e-02
10 176 2 1.048142e-01
11 176 2 1.118813e-01
12 176 2 1.188454e-01
1 177 2 5.457231e-01
2 177 2 5.302939e-01
3 177 2 5.006963e-01
4 177 2 4.378255e-01
5 177 2 3.580220e-01
6 177 2 3.057205e-01
7 177 2 3.180975e-01
8 177 2 3.811393e-01
9 177 2 4.790326e-01
10 177 2 4.981755e-01
11 177 2 5.082802e-01
12 177 2 5.093187e-01
1 178 2 1.987433e-01
2 178 2 1.964205e-01
3 178 2 1.882834e-01
4 178 2 1.578118e-01
5 178 2 1.374074e-01
6 178 2 1.161399e-01
7 178 2 1.106159e-01
8 178 2 1.114300e-01
9 178 2 1.270831e-01
10 178 2 1.367378e-01
11 178 2 1.544376e-01
12 178 2 1.714581e-01
1 181 2 2.424685e-03
2 181 2 2.561003e-03
3 181 2 2.596270e-03
4 181 2 2.482382e-03
5 181 2 2.047191e-03
6 181 2 1.770200e-03
7 181 2 1.565221e-03
8 181 2 1.601876e-03
9 181 2 1.735470e-03
10 181 2 1.879190e-03
11 181 2 2.128207e-03
12 181 2 2.265925e-03
1 182 2 2.897221e-01
2 182 2 2.677925e-01
3 182 2 2.525163e-01
4 182 2 2.109363e-01
5 182 2 1.651819e-01
6 182 2 1.235462e-01
7 182 2 1.224958e-01
8 182 2 1.702231e-01
9 182 2 2.362028e-01
10 182 2 2.896944e-01
11 182 2 3.201719e-01
12 182 2 3.073177e-01
1 183 2 6.164757e-02
2 183 2 5.922282e-02
3 183 2 5.653929e-02
4 183 2 5.126569e-02
5 183 2 4.313406e-02
6 183 2 3.500841e-02
7 183 2 3.257165e-02
8 183 2 3.867759e-02
9 183 2 4.497149e-02
10 183 2 5.320123e-02
11 183 2 5.791998e-02
12 183 2 5.957444e-02
1 184 2 1.919836e-02
2 184 2 1.945289e-02
3 184 2 1.883981e-02
4 184 2 1.695461e-02
5 184 2 1.409517e-02
6 184 2 1.139155e-02
7 184 2 1.027232e-02
8 184 2 1.072843e-02
9 184 2 1.136498e-02
10 184 2 1.305125e-02
11 184 2 1.527084e-02
12 184 2 1.740538e-02
1 188 2 1.561499e-02
2 188 2 1.547885e-02
3 188 2 1.434751e-02
4 188 2 1.171572e-02
5 188 2 8.280200e-03
6 188 2 6.298213e-03
7 188 2 5.419560e-03
8 188 2 5.512923e-03
9 188 2 7.467224e-03
10 188 2 9.812985e-03
11 188 2 1.168629e-02
12 188 2 1.457595e-02
1 189 2 1.361912e-02
2 189 2 1.258681e-02
3 189 2 1.141736e-02
4 189 2 8.439127e-03
5 189 2 5.587457e-03
6 189 2 3.951240e-03
7 189 2 3.756785e-03
8 189 2 4.614575e-03
9 189 2 7.423352e-03
10 189 2 1.056977e-02
11 189 2 1.285636e-02
12 189 2 1.343483e-02
1 190 2 5.576513e-02
2 190 2 5.283849e-02
3 190 2 4.586392e-02
4 190 2 3.248446e-02
5 190 2 2.266440e-02
6 190 2 1.644173e-02
7 190 2 1.544885e-02
8 190 2 1.862354e-02
9 190 2 2.615885e-02
10 190 2 3.566083e-02
11 190 2 4.672707e-02
12 190 2 5.242692e-02
1 191 2 3.729312e-02
2 191 2 3.864553e-02
3 191 2 3.756364e-02
4 191 2 3.103178e-02
5 191 2 2.551802e-02
6 191 2 2.096260e-02
7 191 2 1.842966e-02
8 191 2 1.871692e-02
9 191 2 2.042054e-02
10 191 2 2.291996e-02
11 191 2 2.818915e-02
12 191 2 3.316427e-02
1 192 2 1.149546e-02
2 192 2 1.242340e-02
3 192 2 1.210422e-02
4 192 2 1.048044e-02
5 192 2 8.857556e-03
6 192 2 7.541854e-03
7 192 2 6.627789e-03
8 192 2 6.158772e-03
9 192 2 6.341358e-03
10 192 2 6.963536e-03
11 192 2 8.312662e-03
12 192 2 9.981690e-03
1 200 2 5.389857e-01
2 200 2 5.544822e-01
3 200 2 4.534448e-01
4 200 2 2.997594e-01
5 200 2 1.962075e-01
6 200 2 1.597929e-01
7 200 2 1.518115e-01
8 200 2 1.637158e-01
9 200 2 1.813443e-01
10 200 2 2.318575e-01
11 200 2 3.222002e-01
12 200 2 4.439263e-01
1 201 2 3.659606e-01
2 201 2 3.775955e-01
3 201 2 3.456662e-01
4 201 2 2.660692e-01
5 201 2 2.005086e-01
6 201 2 1.658863e-01
7 201 2 1.567718e-01
8 201 2 1.621662e-01
9 201 2 1.604960e-01
10 201 2 1.909694e-01
11 201 2 2.434347e-01
12 201 2 3.031904e-01
1 206 2 1.925871e-01
2 206 2 2.080192e-01
3 206 2 1.882017e-01
4 206 2 1.606011e-01
5 206 2 1.328163e-01
6 206 2 1.158046e-01
7 206 2 9.932499e-02
8 206 2 9.752457e-02
9 206 2 1.055693e-01
10 206 2 1.194985e-01
11 206 2 1.400798e-01
12 206 2 1.650286e-01
1 207 2 7.292832e-03
2 207 2 7.962856e-03
3 207 2 7.551804e-03
4 207 2 6.847604e-03
5 207 2 6.072816e-03
6 207 2 5.208627e-03
7 207 2 4.590937e-03
8 207 2 4.520903e-03
9 207 2 4.561302e-03
10 207 2 5.024111e-03
11 207 2 5.414502e-03
12 207 2 6.193855e-03
1 212 2 2.197274e-02
2 212 2 2.345454e-02
3 212 2 2.081820e-02
4 212 2 1.750167e-02
5 212 2 1.364117e-02
6 212 2 1.100956e-02
7 212 2 9.138554e-03
8 212 2 8.832329e-03
9 212 2 1.003111e-02
10 212 2 1.183624e-02
11 212 2 1.403984e-02
12 212 2 1.856335e-02
1 213 2 4.787527e-03
2 213 2 5.232407e-03
3 213 2 4.434259e-03
4 213 2 3.752333e-03
5 213 2 2.895425e-03
6 213 2 2.231966e-03
7 213 2 1.894285e-03
8 213 2 1.849281e-03
9 213 2 2.227538e-03
10 213 2 2.745183e-03
11 213 2 3.371050e-03
12 213 2 4.125213e-03
1 214 2 1.701509e-01
2 214 2 1.803813e-01
3 214 2 1.449252e-01
4 214 2 1.076410e-01
5 214 2 7.956642e-02
6 214 2 5.863681e-02
7 214 2 5.078037e-02
8 214 2 5.235072e-02
9 214 2 6.608162e-02
10 214 2 8.859288e-02
11 214 2 1.212755e-01
12 214 2 1.470861e-01
1 215 2 6.306313e-02
2 215 2 6.486884e-02
3 215 2 6.048026e-02
4 215 2 4.820021e-02
5 215 2 3.915087e-02
6 215 2 3.145690e-02
7 215 2 2.718312e-02
8 215 2 2.724996e-02
9 215 2 3.064441e-02
10 215 2 3.645700e-02
11 215 2 4.590439e-02
12 215 2 5.545503e-02
1 216 2 2.333052e-02
2 216 2 2.435878e-02
3 216 2 2.284253e-02
4 216 2 1.856965e-02
5 216 2 1.486951e-02
6 216 2 1.279176e-02
7 216 2 1.124063e-02
8 216 2 1.074812e-02
9 216 2 1.115308e-02
10 216 2 1.267653e-02
11 216 2 1.524771e-02
12 216 2 1.959606e-02
1 224 2 1.576446e-02
2 224 2 1.723429e-02
3 224 2 1.503902e-02
4 224 2 1.295085e-02
5 224 2 1.045805e-02
6 224 2 8.887318e-03
7 224 2 8.074043e-03
8 224 2 8.433245e-03
9 224 2 8.672631e-03
10 224 2 1.022895e-02
11 224 2 1.221539e-02
12 224 2 1.457392e-02
1 240 2 1.441821e-03
2 240 2 1.470649e-03
3 240 2 1.344872e-03
4 240 2 1.187733e-03
5 240 2 1.032293e-03
6 240 2 8.903886e-04
7 240 2 8.723265e-04
8 240 2 8.993180e-04
9 240 2 8.754321e-04
10 240 2 9.427489e-04
11 240 2 1.035850e-03
12 240 2 1.283755e-03
