1 7 2 8.576475e-07
2 7 2 7.326787e-07
3 7 2 8.012905e-07
4 7 2 2.071007e-06
5 7 2 7.125748e-06
6 7 2 1.919232e-05
7 7 2 2.596777e-05
8 7 2 1.770507e-05
9 7 2 7.656848e-06
10 7 2 3.356741e-06
11 7 2 1.778447e-06
12 7 2 1.049168e-06
1 25 2 6.559566e-04
2 25 2 6.228281e-04
3 25 2 8.774619e-04
4 25 2 1.601173e-03
5 25 2 4.479311e-03
6 25 2 8.122661e-03
7 25 2 9.847044e-03
8 25 2 7.550942e-03
9 25 2 4.266682e-03
10 25 2 1.996653e-03
11 25 2 9.520271e-04
12 25 2 5.513159e-04
1 26 2 5.215356e-04
2 26 2 4.292287e-04
3 26 2 7.097648e-04
4 26 2 1.584253e-03
5 26 2 4.462598e-03
6 26 2 8.523436e-03
7 26 2 9.247904e-03
8 26 2 6.919310e-03
9 26 2 3.784499e-03
10 26 2 1.523409e-03
11 26 2 7.959187e-04
12 26 2 4.920762e-04
1 27 2 2.286828e-03
2 27 2 2.019064e-03
3 27 2 3.539409e-03
4 27 2 9.014439e-03
5 27 2 2.538533e-02
6 27 2 5.247457e-02
7 27 2 5.918243e-02
8 27 2 4.454506e-02
9 27 2 2.301931e-02
10 27 2 8.644308e-03
11 27 2 4.581174e-03
12 27 2 2.833771e-03
1 28 2 8.897314e-05
2 28 2 8.096794e-05
3 28 2 1.361740e-04
4 28 2 3.701535e-04
5 28 2 1.057015e-03
6 28 2 2.263051e-03
7 28 2 2.698083e-03
8 28 2 2.033036e-03
9 28 2 1.045837e-03
10 28 2 4.073027e-04
11 28 2 2.033314e-04
12 28 2 1.267658e-04
1 29 2 1.191723e-04
2 29 2 1.127374e-04
3 29 2 1.795962e-04
4 29 2 5.400159e-04
5 29 2 1.614885e-03
6 29 2 3.974378e-03
7 29 2 5.414019e-03
8 29 2 4.028068e-03
9 29 2 1.849889e-03
10 29 2 6.856379e-04
11 29 2 3.241038e-04
12 29 2 2.023198e-04
1 30 2 2.705203e-05
2 30 2 2.365868e-05
3 30 2 3.760193e-05
4 30 2 1.150889e-04
5 30 2 3.188141e-04
6 30 2 8.670502e-04
7 30 2 1.256748e-03
8 30 2 9.624260e-04
9 30 2 4.354645e-04
10 30 2 1.704487e-04
11 30 2 7.862330e-05
12 30 2 4.708736e-05
1 31 2 4.825727e-05
2 31 2 3.718629e-05
3 31 2 5.649049e-05
4 31 2 1.572318e-04
5 31 2 4.060487e-04
6 31 2 1.069106e-03
7 31 2 1.507677e-03
8 31 2 1.216959e-03
9 31 2 6.088039e-04
10 31 2 2.788022e-04
11 31 2 1.338591e-04
12 31 2 7.459250e-05
1 32 2 5.715211e-05
2 32 2 4.731095e-05
3 32 2 6.613255e-05
4 32 2 1.469492e-04
5 32 2 3.924814e-04
6 32 2 9.297112e-04
7 32 2 1.199438e-03
8 32 2 9.907896e-04
9 32 2 5.532683e-04
10 32 2 2.852153e-04
11 32 2 1.473876e-04
12 32 2 7.643673e-05
1 35 2 3.596773e-03
2 35 2 3.427184e-03
3 35 2 3.722935e-03
4 35 2 4.961147e-03
5 35 2 7.777260e-03
6 35 2 1.187757e-02
7 35 2 1.429237e-02
8 35 2 1.312418e-02
9 35 2 8.919699e-03
10 35 2 6.448931e-03
11 35 2 4.884721e-03
12 35 2 3.968393e-03
1 36 2 4.312750e-04
2 36 2 4.048833e-04
3 36 2 4.487304e-04
4 36 2 5.389646e-04
5 36 2 7.371235e-04
6 36 2 1.063362e-03
7 36 2 1.252340e-03
8 36 2 1.275792e-03
9 36 2 9.738502e-04
10 36 2 7.629725e-04
11 36 2 5.839683e-04
12 36 2 4.838672e-04
1 37 2 1.097624e-02
2 37 2 1.062348e-02
3 37 2 1.338607e-02
4 37 2 1.721269e-02
5 37 2 2.602231e-02
6 37 2 3.946847e-02
7 37 2 4.590386e-02
8 37 2 4.512457e-02
9 37 2 3.320749e-02
10 37 2 2.489981e-02
11 37 2 1.754967e-02
12 37 2 1.344454e-02
1 38 2 3.590971e-02
2 38 2 3.587752e-02
3 38 2 5.465466e-02
4 38 2 8.103454e-02
5 38 2 1.479481e-01
6 38 2 2.625226e-01
7 38 2 3.112103e-01
8 38 2 2.699098e-01
9 38 2 1.743411e-01
10 38 2 1.191620e-01
11 38 2 6.809150e-02
12 38 2 4.913745e-02
1 39 2 7.292883e-02
2 39 2 7.597717e-02
3 39 2 1.230673e-01
4 39 2 1.900262e-01
5 39 2 3.687137e-01
6 39 2 7.128165e-01
7 39 2 8.851188e-01
8 39 2 7.166078e-01
9 39 2 4.516867e-01
10 39 2 2.852348e-01
11 39 2 1.443797e-01
12 39 2 1.053867e-01
1 40 2 1.814673e-02
2 40 2 1.991011e-02
3 40 2 3.550940e-02
4 40 2 5.971187e-02
5 40 2 1.305332e-01
6 40 2 2.963677e-01
7 40 2 3.708018e-01
8 40 2 2.720109e-01
9 40 2 1.675559e-01
10 40 2 9.028072e-02
11 40 2 3.867365e-02
12 40 2 2.881066e-02
1 41 2 9.656390e-03
2 41 2 1.032316e-02
3 41 2 2.068728e-02
4 41 2 3.684550e-02
5 41 2 9.241392e-02
6 41 2 2.345098e-01
7 41 2 3.032072e-01
8 41 2 2.126682e-01
9 41 2 1.188488e-01
10 41 2 5.151019e-02
11 41 2 1.978883e-02
12 41 2 1.649374e-02
1 42 2 5.230104e-03
2 42 2 5.470793e-03
3 42 2 1.179769e-02
4 42 2 2.327321e-02
5 42 2 6.616182e-02
6 42 2 1.835131e-01
7 42 2 2.568968e-01
8 42 2 1.715597e-01
9 42 2 8.124251e-02
10 42 2 2.907583e-02
11 42 2 1.084002e-02
12 42 2 8.892661e-03
1 43 2 1.466837e-04
2 43 2 1.520920e-04
3 43 2 3.588583e-04
4 43 2 8.756249e-04
5 43 2 2.930877e-03
6 43 2 8.643614e-03
7 43 2 1.263577e-02
8 43 2 7.931856e-03
9 43 2 3.243484e-03
10 43 2 9.958321e-04
11 43 2 3.396001e-04
12 43 2 2.379604e-04
1 44 2 6.057070e-04
2 44 2 6.085991e-04
3 44 2 1.323797e-03
4 44 2 3.578852e-03
5 44 2 1.337048e-02
6 44 2 4.213481e-02
7 44 2 6.158235e-02
8 44 2 3.713378e-02
9 44 2 1.338617e-02
10 44 2 3.966050e-03
11 44 2 1.301669e-03
12 44 2 8.800744e-04
1 45 2 1.392170e-03
2 45 2 1.560215e-03
3 45 2 2.842982e-03
4 45 2 8.384182e-03
5 45 2 3.511132e-02
6 45 2 1.165030e-01
7 45 2 1.629862e-01
8 45 2 9.924211e-02
9 45 2 3.412713e-02
10 45 2 8.713368e-03
11 45 2 2.525631e-03
12 45 2 1.650627e-03
1 46 2 6.312371e-04
2 46 2 7.941117e-04
3 46 2 1.248283e-03
4 46 2 3.466357e-03
5 46 2 1.361224e-02
6 46 2 4.222365e-02
7 46 2 5.906790e-02
8 46 2 3.701263e-02
9 46 2 1.390300e-02
10 46 2 3.369922e-03
11 46 2 9.265244e-04
12 46 2 6.607414e-04
1 47 2 8.296197e-04
2 47 2 1.055805e-03
3 47 2 1.487795e-03
4 47 2 3.333445e-03
5 47 2 1.136205e-02
6 47 2 3.130242e-02
7 47 2 4.245276e-02
8 47 2 2.878601e-02
9 47 2 1.219463e-02
10 47 2 3.761292e-03
11 47 2 1.109680e-03
12 47 2 8.435040e-04
1 48 2 1.123039e-03
2 48 2 1.290077e-03
3 48 2 1.774429e-03
4 48 2 3.465085e-03
5 48 2 1.075282e-02
6 48 2 2.473334e-02
7 48 2 3.286831e-02
8 48 2 2.312474e-02
9 48 2 1.100831e-02
10 48 2 4.104287e-03
11 48 2 1.477492e-03
12 48 2 9.797826e-04
1 49 2 2.709202e-04
2 49 2 2.465135e-04
3 49 2 2.796186e-04
4 49 2 3.272688e-04
5 49 2 4.680642e-04
6 49 2 7.121325e-04
7 49 2 1.062028e-03
8 49 2 9.986885e-04
9 49 2 6.965738e-04
10 49 2 4.984656e-04
11 49 2 3.639202e-04
12 49 2 2.654791e-04
1 50 2 1.106008e-03
2 50 2 9.547048e-04
3 50 2 1.119062e-03
4 50 2 1.275614e-03
5 50 2 1.795338e-03
6 50 2 2.634634e-03
7 50 2 3.636182e-03
8 50 2 3.496782e-03
9 50 2 2.531988e-03
10 50 2 1.804907e-03
11 50 2 1.351300e-03
12 50 2 1.064001e-03
1 51 2 4.251895e-04
2 51 2 3.880520e-04
3 51 2 4.216614e-04
4 51 2 4.867367e-04
5 51 2 6.634345e-04
6 51 2 9.304142e-04
7 51 2 1.212465e-03
8 51 2 1.202398e-03
9 51 2 9.990162e-04
10 51 2 7.026824e-04
11 51 2 5.266347e-04
12 51 2 4.413359e-04
1 52 2 1.590527e-01
2 52 2 1.671780e-01
3 52 2 2.100136e-01
4 52 2 3.061713e-01
5 52 2 5.177759e-01
6 52 2 7.125755e-01
7 52 2 9.140105e-01
8 52 2 8.549128e-01
9 52 2 6.901174e-01
10 52 2 3.942399e-01
11 52 2 2.372939e-01
12 52 2 1.829897e-01
1 53 2 4.243114e-02
2 53 2 5.323559e-02
3 53 2 9.019231e-02
4 53 2 1.968629e-01
5 53 2 3.748871e-01
6 53 2 5.598019e-01
7 53 2 7.770713e-01
8 53 2 6.621553e-01
9 53 2 4.481518e-01
10 53 2 1.976538e-01
11 53 2 8.815892e-02
12 53 2 5.585226e-02
1 54 2 2.220385e-02
2 54 2 2.880407e-02
3 54 2 5.386478e-02
4 54 2 1.338487e-01
5 54 2 2.636402e-01
6 54 2 5.092326e-01
7 54 2 7.233891e-01
8 54 2 6.065803e-01
9 54 2 3.678814e-01
10 54 2 1.564590e-01
11 54 2 6.706547e-02
12 54 2 3.699462e-02
1 55 2 1.488935e-02
2 55 2 1.660559e-02
3 55 2 3.097727e-02
4 55 2 7.253484e-02
5 55 2 1.439386e-01
6 55 2 3.073949e-01
7 55 2 4.273022e-01
8 55 2 3.685111e-01
9 55 2 2.336858e-01
10 55 2 1.120486e-01
11 55 2 5.242327e-02
12 55 2 3.001771e-02
1 56 2 5.263259e-02
2 56 2 5.462114e-02
3 56 2 9.460526e-02
4 56 2 2.109562e-01
5 56 2 4.611221e-01
6 56 2 9.089732e-01
7 56 2 1.256735e+00
8 56 2 1.043026e+00
9 56 2 6.817468e-01
10 56 2 3.512607e-01
11 56 2 1.583614e-01
12 56 2 9.082176e-02
1 57 2 1.064791e-02
2 57 2 1.015916e-02
3 57 2 1.249519e-02
4 57 2 1.896574e-02
5 57 2 3.173266e-02
6 57 2 5.163300e-02
7 57 2 7.352598e-02
8 57 2 6.626487e-02
9 57 2 4.930111e-02
10 57 2 3.166846e-02
11 57 2 1.936543e-02
12 57 2 1.391706e-02
1 60 2 1.266916e+00
2 60 2 1.226894e+00
3 60 2 1.407004e+00
4 60 2 1.668686e+00
5 60 2 2.057357e+00
6 60 2 2.707468e+00
7 60 2 3.152034e+00
8 60 2 3.153360e+00
9 60 2 2.676079e+00
10 60 2 2.184570e+00
11 60 2 1.747145e+00
12 60 2 1.448204e+00
1 61 2 2.138227e+00
2 61 2 2.151089e+00
3 61 2 3.025470e+00
4 61 2 4.556997e+00
5 61 2 6.647267e+00
6 61 2 9.364924e+00
7 61 2 1.108248e+01
8 61 2 1.066226e+01
9 61 2 8.284859e+00
10 61 2 5.635411e+00
11 61 2 3.676320e+00
12 61 2 2.578540e+00
1 62 2 8.731877e-01
2 62 2 9.563460e-01
3 62 2 1.505463e+00
4 62 2 2.725348e+00
5 62 2 4.674559e+00
6 62 2 6.631235e+00
7 62 2 8.108660e+00
8 62 2 7.569140e+00
9 62 2 5.274346e+00
10 62 2 3.145298e+00
11 62 2 1.708036e+00
12 62 2 1.111541e+00
1 63 2 1.119781e+00
2 63 2 1.359367e+00
3 63 2 2.274577e+00
4 63 2 4.784012e+00
5 63 2 9.181307e+00
6 63 2 1.364948e+01
7 63 2 1.745438e+01
8 63 2 1.518873e+01
9 63 2 9.276801e+00
10 63 2 5.066161e+00
11 63 2 2.340097e+00
12 63 2 1.531927e+00
1 64 2 2.677479e-01
2 64 2 3.430129e-01
3 64 2 6.531794e-01
4 64 2 1.547164e+00
5 64 2 3.313538e+00
6 64 2 5.307529e+00
7 64 2 6.727408e+00
8 64 2 5.259331e+00
9 64 2 3.011415e+00
10 64 2 1.331280e+00
11 64 2 6.083295e-01
12 64 2 4.163150e-01
1 65 2 9.059988e-02
2 65 2 1.123444e-01
3 65 2 2.461255e-01
4 65 2 6.940826e-01
5 65 2 1.455270e+00
6 65 2 2.473286e+00
7 65 2 3.205730e+00
8 65 2 2.392583e+00
9 65 2 1.356998e+00
10 65 2 4.815391e-01
11 65 2 2.119830e-01
12 65 2 1.536237e-01
1 66 2 6.000753e-02
2 66 2 7.418802e-02
3 66 2 1.763662e-01
4 66 2 5.785989e-01
5 66 2 1.203072e+00
6 66 2 2.068737e+00
7 66 2 2.853133e+00
8 66 2 2.156972e+00
9 66 2 1.220164e+00
10 66 2 4.042543e-01
11 66 2 1.549163e-01
12 66 2 9.609155e-02
1 67 2 2.043579e-02
2 67 2 2.725017e-02
3 67 2 6.929737e-02
4 67 2 2.559905e-01
5 67 2 5.808277e-01
6 67 2 9.906058e-01
7 67 2 1.384976e+00
8 67 2 1.065853e+00
9 67 2 5.829473e-01
10 67 2 2.143769e-01
11 67 2 6.778759e-02
12 67 2 3.051084e-02
1 68 2 5.033949e-03
2 68 2 6.759240e-03
3 68 2 2.007456e-02
4 68 2 9.227329e-02
5 68 2 2.514565e-01
6 68 2 4.818686e-01
7 68 2 6.909084e-01
8 68 2 5.138520e-01
9 68 2 2.466026e-01
10 68 2 9.059882e-02
11 68 2 2.065974e-02
12 68 2 7.188873e-03
1 69 2 3.103079e-03
2 69 2 4.399589e-03
3 69 2 1.052132e-02
4 69 2 4.613661e-02
5 69 2 1.479392e-01
6 69 2 3.501147e-01
7 69 2 5.129153e-01
8 69 2 3.948410e-01
9 69 2 1.696211e-01
10 69 2 5.515423e-02
11 69 2 1.068690e-02
12 69 2 4.018968e-03
1 70 2 1.280459e-02
2 70 2 1.496611e-02
3 70 2 2.144600e-02
4 70 2 5.595152e-02
5 70 2 1.403086e-01
6 70 2 3.407093e-01
7 70 2 5.515002e-01
8 70 2 5.026395e-01
9 70 2 2.595294e-01
10 70 2 9.250900e-02
11 70 2 2.813572e-02
12 70 2 1.583837e-02
1 71 2 1.053231e-02
2 71 2 1.068783e-02
3 71 2 1.209409e-02
4 71 2 1.940736e-02
5 71 2 3.758485e-02
6 71 2 7.840553e-02
7 71 2 1.203279e-01
8 71 2 1.196361e-01
9 71 2 7.675738e-02
10 71 2 3.655852e-02
11 71 2 1.746493e-02
12 71 2 1.212999e-02
1 72 2 4.415652e-05
2 72 2 4.217331e-05
3 72 2 4.569041e-05
4 72 2 5.825572e-05
5 72 2 9.064160e-05
6 72 2 1.577194e-04
7 72 2 2.442893e-04
8 72 2 2.349490e-04
9 72 2 1.643782e-04
10 72 2 9.966963e-05
11 72 2 6.141023e-05
12 72 2 4.385497e-05
1 76 2 3.866254e-01
2 76 2 3.537225e-01
3 76 2 3.572825e-01
4 76 2 3.886383e-01
5 76 2 5.283603e-01
6 76 2 7.534082e-01
7 76 2 1.010279e+00
8 76 2 1.078152e+00
9 76 2 1.027270e+00
10 76 2 6.860108e-01
11 76 2 4.428488e-01
12 76 2 3.873098e-01
1 77 2 3.753162e-01
2 77 2 4.873451e-01
3 77 2 6.383929e-01
4 77 2 1.031783e+00
5 77 2 1.732406e+00
6 77 2 2.674654e+00
7 77 2 3.634133e+00
8 77 2 3.449381e+00
9 77 2 2.555155e+00
10 77 2 1.290895e+00
11 77 2 5.664484e-01
12 77 2 3.570296e-01
1 78 2 4.307526e-01
2 78 2 5.885628e-01
3 78 2 8.196089e-01
4 78 2 1.470055e+00
5 78 2 2.298741e+00
6 78 2 3.649604e+00
7 78 2 4.505032e+00
8 78 2 4.218415e+00
9 78 2 2.735174e+00
10 78 2 1.450516e+00
11 78 2 7.833102e-01
12 78 2 4.522315e-01
1 79 2 1.390250e+00
2 79 2 1.705860e+00
3 79 2 2.504694e+00
4 79 2 4.154451e+00
5 79 2 6.311764e+00
6 79 2 1.031134e+01
7 79 2 1.263526e+01
8 79 2 1.196967e+01
9 79 2 8.265129e+00
10 79 2 4.989207e+00
11 79 2 2.842593e+00
12 79 2 1.741320e+00
1 80 2 6.775024e-01
2 80 2 6.788252e-01
3 80 2 8.529863e-01
4 80 2 1.153335e+00
5 80 2 1.720097e+00
6 80 2 2.617066e+00
7 80 2 3.369870e+00
8 80 2 3.336115e+00
9 80 2 2.768915e+00
10 80 2 1.941298e+00
11 80 2 1.132476e+00
12 80 2 8.370884e-01
1 81 2 1.609245e-07
2 81 2 1.458364e-07
3 81 2 1.536053e-07
4 81 2 1.821383e-07
5 81 2 2.622775e-07
6 81 2 3.534113e-07
7 81 2 4.715666e-07
8 81 2 5.059805e-07
9 81 2 4.600942e-07
10 81 2 3.530271e-07
11 81 2 2.333644e-07
12 81 2 1.910546e-07
1 84 2 1.015629e+00
2 84 2 1.073776e+00
3 84 2 1.328046e+00
4 84 2 1.678234e+00
5 84 2 2.250006e+00
6 84 2 3.686798e+00
7 84 2 4.937814e+00
8 84 2 4.731653e+00
9 84 2 3.550380e+00
10 84 2 2.240646e+00
11 84 2 1.505214e+00
12 84 2 1.149821e+00
1 85 2 7.432750e-01
2 85 2 8.369864e-01
3 85 2 1.088217e+00
4 85 2 1.581078e+00
5 85 2 2.530962e+00
6 85 2 3.866440e+00
7 85 2 5.349580e+00
8 85 2 5.089102e+00
9 85 2 3.664499e+00
10 85 2 2.021359e+00
11 85 2 1.139961e+00
12 85 2 8.271570e-01
1 86 2 2.495125e-01
2 86 2 2.825003e-01
3 86 2 3.610146e-01
4 86 2 5.243827e-01
5 86 2 8.427866e-01
6 86 2 1.222865e+00
7 86 2 1.679892e+00
8 86 2 1.685387e+00
9 86 2 1.247507e+00
10 86 2 7.234157e-01
11 86 2 3.984930e-01
12 86 2 2.848002e-01
1 87 2 3.239653e-01
2 87 2 4.382878e-01
3 87 2 6.257946e-01
4 87 2 9.892386e-01
5 87 2 1.735488e+00
6 87 2 2.608658e+00
7 87 2 3.536533e+00
8 87 2 3.603609e+00
9 87 2 2.612633e+00
10 87 2 1.470982e+00
11 87 2 6.463106e-01
12 87 2 3.928586e-01
1 88 2 1.443039e-01
2 88 2 2.049232e-01
3 88 2 3.213498e-01
4 88 2 6.097268e-01
5 88 2 1.251339e+00
6 88 2 1.966761e+00
7 88 2 2.518711e+00
8 88 2 2.209107e+00
9 88 2 1.427525e+00
10 88 2 6.746220e-01
11 88 2 3.458577e-01
12 88 2 1.921113e-01
1 89 2 1.823277e-01
2 89 2 2.536854e-01
3 89 2 4.814870e-01
4 89 2 9.055949e-01
5 89 2 1.807219e+00
6 89 2 2.699775e+00
7 89 2 3.149461e+00
8 89 2 2.758177e+00
9 89 2 1.800001e+00
10 89 2 8.565674e-01
11 89 2 4.713263e-01
12 89 2 2.608810e-01
1 90 2 3.603495e-02
2 90 2 4.749287e-02
3 90 2 9.424450e-02
4 90 2 1.691488e-01
5 90 2 2.597182e-01
6 90 2 3.437805e-01
7 90 2 3.860868e-01
8 90 2 3.572372e-01
9 90 2 2.603391e-01
10 90 2 1.552812e-01
11 90 2 8.561482e-02
12 90 2 4.873863e-02
1 91 2 1.405387e-03
2 91 2 1.988561e-03
3 91 2 4.154544e-03
4 91 2 7.850782e-03
5 91 2 1.158653e-02
6 91 2 1.472756e-02
7 91 2 1.653690e-02
8 91 2 1.516593e-02
9 91 2 1.090462e-02
10 91 2 6.749983e-03
11 91 2 3.498377e-03
12 91 2 1.795915e-03
1 92 2 8.041915e-03
2 92 2 1.148739e-02
3 92 2 2.879598e-02
4 92 2 6.870053e-02
5 92 2 1.295592e-01
6 92 2 1.985303e-01
7 92 2 2.383089e-01
8 92 2 2.168993e-01
9 92 2 1.356943e-01
10 92 2 7.211717e-02
11 92 2 2.828440e-02
12 92 2 1.214180e-02
1 93 2 1.483293e-01
2 93 2 1.789726e-01
3 93 2 3.679771e-01
4 93 2 8.576117e-01
5 93 2 1.529931e+00
6 93 2 2.427893e+00
7 93 2 3.256891e+00
8 93 2 3.201802e+00
9 93 2 2.153548e+00
10 93 2 1.240182e+00
11 93 2 5.311134e-01
12 93 2 2.212194e-01
1 94 2 3.790113e-01
2 94 2 3.771006e-01
3 94 2 5.035204e-01
4 94 2 8.923309e-01
5 94 2 1.523154e+00
6 94 2 2.398393e+00
7 94 2 3.313371e+00
8 94 2 3.610841e+00
9 94 2 2.974304e+00
10 94 2 1.795284e+00
11 94 2 9.635736e-01
12 94 2 5.264735e-01
1 98 2 4.894782e-02
2 98 2 4.556393e-02
3 98 2 4.290550e-02
4 98 2 4.568199e-02
5 98 2 5.184593e-02
6 98 2 5.932708e-02
7 98 2 6.673077e-02
8 98 2 7.033098e-02
9 98 2 6.940094e-02
10 98 2 6.560242e-02
11 98 2 5.900891e-02
12 98 2 5.369874e-02
1 101 2 5.710992e-02
2 101 2 5.868239e-02
3 101 2 6.013425e-02
4 101 2 7.415465e-02
5 101 2 9.536435e-02
6 101 2 1.113478e-01
7 101 2 1.188574e-01
8 101 2 1.190993e-01
9 101 2 1.144981e-01
10 101 2 9.817038e-02
11 101 2 7.549034e-02
12 101 2 6.054865e-02
1 102 2 5.290634e-01
2 102 2 5.980332e-01
3 102 2 7.349939e-01
4 102 2 9.193296e-01
5 102 2 1.063882e+00
6 102 2 1.161418e+00
7 102 2 1.194123e+00
8 102 2 1.209212e+00
9 102 2 1.089837e+00
10 102 2 8.396117e-01
11 102 2 6.738935e-01
12 102 2 5.523395e-01
1 103 2 4.814257e-01
2 103 2 4.912989e-01
3 103 2 5.354542e-01
4 103 2 6.050430e-01
5 103 2 7.046207e-01
6 103 2 8.063482e-01
7 103 2 8.723663e-01
8 103 2 9.155291e-01
9 103 2 8.979446e-01
10 103 2 7.847256e-01
11 103 2 6.455600e-01
12 103 2 5.367618e-01
1 104 2 9.584851e-02
2 104 2 9.197380e-02
3 104 2 9.297316e-02
4 104 2 1.019317e-01
5 104 2 1.191898e-01
6 104 2 1.367761e-01
7 104 2 1.535073e-01
8 104 2 1.658253e-01
9 104 2 1.671601e-01
10 104 2 1.561606e-01
11 104 2 1.284562e-01
12 104 2 1.063616e-01
1 107 2 5.460655e-02
2 107 2 5.760892e-02
3 107 2 6.726047e-02
4 107 2 7.707309e-02
5 107 2 8.643263e-02
6 107 2 1.106545e-01
7 107 2 1.209501e-01
8 107 2 1.204607e-01
9 107 2 1.127692e-01
10 107 2 9.645741e-02
11 107 2 7.668010e-02
12 107 2 5.996674e-02
1 108 2 4.639318e-03
2 108 2 5.929054e-03
3 108 2 8.612586e-03
4 108 2 1.333901e-02
5 108 2 2.070571e-02
6 108 2 2.841924e-02
7 108 2 3.042194e-02
8 108 2 2.688659e-02
9 108 2 2.175549e-02
10 108 2 1.500978e-02
11 108 2 7.818573e-03
12 108 2 4.977285e-03
1 109 2 8.813258e-03
2 109 2 1.164103e-02
3 109 2 1.820732e-02
4 109 2 3.159726e-02
5 109 2 5.383488e-02
6 109 2 6.786160e-02
7 109 2 6.895351e-02
8 109 2 6.338764e-02
9 109 2 5.090209e-02
10 109 2 3.571617e-02
11 109 2 1.588567e-02
12 109 2 9.279817e-03
1 110 2 3.882685e-03
2 110 2 4.945797e-03
3 110 2 7.943203e-03
4 110 2 1.229577e-02
5 110 2 1.907024e-02
6 110 2 2.208426e-02
7 110 2 2.374271e-02
8 110 2 2.348135e-02
9 110 2 1.977075e-02
10 110 2 1.441413e-02
11 110 2 6.972184e-03
12 110 2 4.103903e-03
1 111 2 1.333658e-01
2 111 2 1.668017e-01
3 111 2 2.700483e-01
4 111 2 4.092807e-01
5 111 2 6.185680e-01
6 111 2 7.933002e-01
7 111 2 8.385777e-01
8 111 2 8.305790e-01
9 111 2 7.073105e-01
10 111 2 4.604249e-01
11 111 2 2.480276e-01
12 111 2 1.514998e-01
1 112 2 1.535654e-01
2 112 2 1.980038e-01
3 112 2 3.473550e-01
4 112 2 5.776311e-01
5 112 2 8.783855e-01
6 112 2 1.070416e+00
7 112 2 1.090190e+00
8 112 2 1.016170e+00
9 112 2 7.757341e-01
10 112 2 5.149892e-01
11 112 2 2.955500e-01
12 112 2 1.816716e-01
1 113 2 8.808524e-02
2 113 2 1.115958e-01
3 113 2 1.874816e-01
4 113 2 2.803617e-01
5 113 2 3.450119e-01
6 113 2 3.012464e-01
7 113 2 2.584873e-01
8 113 2 2.468764e-01
9 113 2 2.441724e-01
10 113 2 2.229527e-01
11 113 2 1.559414e-01
12 113 2 1.053244e-01
1 114 2 2.402044e-01
2 114 2 3.257294e-01
3 114 2 5.803425e-01
4 114 2 8.459562e-01
5 114 2 9.759847e-01
6 114 2 7.144758e-01
7 114 2 5.901086e-01
8 114 2 5.409061e-01
9 114 2 5.219936e-01
10 114 2 4.671939e-01
11 114 2 3.561520e-01
12 114 2 2.638149e-01
1 115 2 8.564774e-02
2 115 2 1.246098e-01
3 115 2 1.975268e-01
4 115 2 2.448517e-01
5 115 2 2.186642e-01
6 115 2 2.030225e-01
7 115 2 1.958115e-01
8 115 2 1.878672e-01
9 115 2 1.727818e-01
10 115 2 1.544070e-01
11 115 2 1.172941e-01
12 115 2 8.414973e-02
1 116 2 7.498169e-02
2 116 2 9.598572e-02
3 116 2 1.467851e-01
4 116 2 2.077689e-01
5 116 2 2.416483e-01
6 116 2 2.751761e-01
7 116 2 2.884900e-01
8 116 2 2.761490e-01
9 116 2 2.237114e-01
10 116 2 1.788523e-01
11 116 2 1.299327e-01
12 116 2 8.559407e-02
1 117 2 1.987280e-02
2 117 2 2.075218e-02
3 117 2 2.620809e-02
4 117 2 3.587550e-02
5 117 2 4.568454e-02
6 117 2 5.412608e-02
7 117 2 5.762285e-02
8 117 2 5.754729e-02
9 117 2 5.250841e-02
10 117 2 4.495037e-02
11 117 2 3.628673e-02
12 117 2 2.621307e-02
1 126 2 1.051225e-03
2 126 2 1.092641e-03
3 126 2 1.184273e-03
4 126 2 1.250521e-03
5 126 2 1.235526e-03
6 126 2 1.148283e-03
7 126 2 1.106878e-03
8 126 2 1.117692e-03
9 126 2 1.111775e-03
10 126 2 1.092497e-03
11 126 2 1.067505e-03
12 126 2 1.051342e-03
1 127 2 1.060487e-01
2 127 2 1.078537e-01
3 127 2 1.138373e-01
4 127 2 1.181872e-01
5 127 2 1.197974e-01
6 127 2 1.160389e-01
7 127 2 1.160710e-01
8 127 2 1.187346e-01
9 127 2 1.174689e-01
10 127 2 1.127610e-01
11 127 2 1.092794e-01
12 127 2 1.079267e-01
1 128 2 4.808368e-01
2 128 2 4.938150e-01
3 128 2 5.069326e-01
4 128 2 4.948523e-01
5 128 2 4.813693e-01
6 128 2 4.669094e-01
7 128 2 4.976393e-01
8 128 2 5.658180e-01
9 128 2 5.949524e-01
10 128 2 5.619606e-01
11 128 2 5.110211e-01
12 128 2 4.814835e-01
1 129 2 1.370804e-02
2 129 2 1.351983e-02
3 129 2 1.386081e-02
4 129 2 1.426278e-02
5 129 2 1.448285e-02
6 129 2 1.487465e-02
7 129 2 1.554254e-02
8 129 2 1.694134e-02
9 129 2 1.770013e-02
10 129 2 1.777811e-02
11 129 2 1.623202e-02
12 129 2 1.442017e-02
1 133 2 2.944323e-01
2 133 2 3.423211e-01
3 133 2 4.109381e-01
4 133 2 4.219247e-01
5 133 2 4.024730e-01
6 133 2 3.699270e-01
7 133 2 3.301634e-01
8 133 2 3.091605e-01
9 133 2 3.223855e-01
10 133 2 3.433530e-01
11 133 2 3.275642e-01
12 133 2 2.866189e-01
1 135 2 1.273239e-02
2 135 2 1.434495e-02
3 135 2 1.705942e-02
4 135 2 1.837221e-02
5 135 2 1.765393e-02
6 135 2 1.574911e-02
7 135 2 1.360567e-02
8 135 2 1.374183e-02
9 135 2 1.460227e-02
10 135 2 1.373259e-02
11 135 2 1.316256e-02
12 135 2 1.236443e-02
1 136 2 1.424615e-02
2 136 2 1.466217e-02
3 136 2 1.813251e-02
4 136 2 2.204361e-02
5 136 2 2.413875e-02
6 136 2 2.202375e-02
7 136 2 1.948844e-02
8 136 2 1.944374e-02
9 136 2 1.954424e-02
10 136 2 1.838523e-02
11 136 2 1.738314e-02
12 136 2 1.543644e-02
1 137 2 3.465156e-03
2 137 2 3.635306e-03
3 137 2 4.167953e-03
4 137 2 4.579969e-03
5 137 2 4.520707e-03
6 137 2 4.159503e-03
7 137 2 3.847983e-03
8 137 2 3.712919e-03
9 137 2 3.715252e-03
10 137 2 3.870435e-03
11 137 2 3.826653e-03
12 137 2 3.608191e-03
1 138 2 1.385327e-01
2 138 2 1.523388e-01
3 138 2 1.767355e-01
4 138 2 1.966957e-01
5 138 2 1.984539e-01
6 138 2 1.744210e-01
7 138 2 1.615844e-01
8 138 2 1.558281e-01
9 138 2 1.562532e-01
10 138 2 1.571637e-01
11 138 2 1.524518e-01
12 138 2 1.413863e-01
1 139 2 2.349271e-01
2 139 2 2.675386e-01
3 139 2 2.989480e-01
4 139 2 3.137673e-01
5 139 2 3.093455e-01
6 139 2 2.880847e-01
7 139 2 2.725717e-01
8 139 2 2.623952e-01
9 139 2 2.589942e-01
10 139 2 2.610048e-01
11 139 2 2.483660e-01
12 139 2 2.273460e-01
1 140 2 7.807185e-02
2 140 2 8.072919e-02
3 140 2 8.767817e-02
4 140 2 9.933792e-02
5 140 2 1.054827e-01
6 140 2 1.013163e-01
7 140 2 9.593005e-02
8 140 2 9.252372e-02
9 140 2 9.117488e-02
10 140 2 9.167878e-02
11 140 2 8.974247e-02
12 140 2 8.366738e-02
1 141 2 1.214431e-01
2 141 2 1.201865e-01
3 141 2 1.236290e-01
4 141 2 1.356818e-01
5 141 2 1.464186e-01
6 141 2 1.447841e-01
7 141 2 1.408689e-01
8 141 2 1.366001e-01
9 141 2 1.354424e-01
10 141 2 1.357608e-01
11 141 2 1.371158e-01
12 141 2 1.331288e-01
1 150 2 1.407273e-04
2 150 2 1.540481e-04
3 150 2 1.648910e-04
4 150 2 1.686145e-04
5 150 2 1.577718e-04
6 150 2 1.391476e-04
7 150 2 1.269414e-04
8 150 2 1.238761e-04
9 150 2 1.198712e-04
10 150 2 1.171439e-04
11 150 2 1.194215e-04
12 150 2 1.270611e-04
1 151 2 9.114760e-02
2 151 2 9.694610e-02
3 151 2 1.027916e-01
4 151 2 1.052154e-01
5 151 2 1.018032e-01
6 151 2 9.582836e-02
7 151 2 9.371096e-02
8 151 2 9.732896e-02
9 151 2 9.266582e-02
10 151 2 8.695729e-02
11 151 2 8.440747e-02
12 151 2 8.651322e-02
1 152 2 7.224861e-02
2 152 2 7.318254e-02
3 152 2 7.386001e-02
4 152 2 7.018609e-02
5 152 2 6.746764e-02
6 152 2 6.626270e-02
7 152 2 7.575597e-02
8 152 2 1.010115e-01
9 152 2 1.072347e-01
10 152 2 9.139716e-02
11 152 2 7.837684e-02
12 152 2 7.248249e-02
1 153 2 8.377185e-02
2 153 2 8.580387e-02
3 153 2 9.052899e-02
4 153 2 8.879700e-02
5 153 2 8.575141e-02
6 153 2 8.419069e-02
7 153 2 9.827728e-02
8 153 2 1.284307e-01
9 153 2 1.562075e-01
10 153 2 1.396175e-01
11 153 2 1.056134e-01
12 153 2 8.812013e-02
1 154 2 2.278074e-01
2 154 2 2.265714e-01
3 154 2 2.357766e-01
4 154 2 2.259178e-01
5 154 2 2.112537e-01
6 154 2 1.900252e-01
7 154 2 1.794337e-01
8 154 2 1.869218e-01
9 154 2 2.107518e-01
10 154 2 2.368474e-01
11 154 2 2.496107e-01
12 154 2 2.413617e-01
1 157 2 9.087680e-03
2 157 2 9.436648e-03
3 157 2 1.010328e-02
4 157 2 9.960956e-03
5 157 2 9.709069e-03
6 157 2 9.128194e-03
7 157 2 8.709599e-03
8 157 2 8.621807e-03
9 157 2 8.559491e-03
10 157 2 8.708736e-03
11 157 2 8.771171e-03
12 157 2 8.885637e-03
1 163 2 4.224733e-02
2 163 2 4.281338e-02
3 163 2 4.408386e-02
4 163 2 4.672918e-02
5 163 2 4.677478e-02
6 163 2 4.324513e-02
7 163 2 3.997998e-02
8 163 2 3.754198e-02
9 163 2 3.807957e-02
10 163 2 4.028672e-02
11 163 2 4.186159e-02
12 163 2 4.218959e-02
1 164 2 1.598184e-01
2 164 2 1.584519e-01
3 164 2 1.628627e-01
4 164 2 1.704605e-01
5 164 2 1.684553e-01
6 164 2 1.558082e-01
7 164 2 1.442142e-01
8 164 2 1.408707e-01
9 164 2 1.508438e-01
10 164 2 1.652561e-01
11 164 2 1.685935e-01
12 164 2 1.657860e-01
1 165 2 7.137286e-02
2 165 2 6.995045e-02
3 165 2 7.082983e-02
4 165 2 7.239649e-02
5 165 2 7.160187e-02
6 165 2 6.588386e-02
7 165 2 6.211947e-02
8 165 2 6.287617e-02
9 165 2 6.701921e-02
10 165 2 7.165805e-02
11 165 2 7.538128e-02
12 165 2 7.547009e-02
1 166 2 3.122975e-02
2 166 2 3.091798e-02
3 166 2 3.040717e-02
4 166 2 3.026451e-02
5 166 2 2.927354e-02
6 166 2 2.707315e-02
7 166 2 2.556525e-02
8 166 2 2.575598e-02
9 166 2 2.671993e-02
10 166 2 2.810740e-02
11 166 2 3.030390e-02
12 166 2 3.183077e-02
1 170 2 1.395657e-03
2 170 2 1.534947e-03
3 170 2 1.508077e-03
4 170 2 1.370761e-03
5 170 2 1.142253e-03
6 170 2 9.604357e-04
7 170 2 9.084218e-04
8 170 2 8.672503e-04
9 170 2 8.818366e-04
10 170 2 9.819189e-04
11 170 2 1.083365e-03
12 170 2 1.247562e-03
1 171 2 5.024317e-03
2 171 2 5.515256e-03
3 171 2 5.582026e-03
4 171 2 4.966237e-03
5 171 2 4.131351e-03
6 171 2 3.540373e-03
7 171 2 3.214278e-03
8 171 2 3.045629e-03
9 171 2 3.090004e-03
10 171 2 3.361062e-03
11 171 2 3.836117e-03
12 171 2 4.532003e-03
1 175 2 1.449690e-04
2 175 2 1.532660e-04
3 175 2 1.537057e-04
4 175 2 1.439637e-04
5 175 2 1.250817e-04
6 175 2 1.139812e-04
7 175 2 1.116162e-04
8 175 2 1.106738e-04
9 175 2 1.029387e-04
10 175 2 1.040564e-04
11 175 2 1.087901e-04
12 175 2 1.269042e-04
1 176 2 1.041526e-01
2 176 2 1.049334e-01
3 176 2 1.027295e-01
4 176 2 9.073246e-02
5 176 2 7.339852e-02
6 176 2 6.651282e-02
7 176 2 6.639152e-02
8 176 2 7.574390e-02
9 176 2 8.249295e-02
10 176 2 8.804007e-02
11 176 2 9.397621e-02
12 176 2 9.982580e-02
1 177 2 4.580915e-01
2 177 2 4.451399e-01
3 177 2 4.202950e-01
4 177 2 3.675200e-01
5 177 2 3.005312e-01
6 177 2 2.566282e-01
7 177 2 2.670178e-01
8 177 2 3.199364e-01
9 177 2 4.021100e-01
10 177 2 4.181790e-01
11 177 2 4.266611e-01
12 177 2 4.275328e-01
1 178 2 1.671600e-01
2 178 2 1.652064e-01
3 178 2 1.583624e-01
4 178 2 1.327331e-01
5 178 2 1.155713e-01
6 178 2 9.768350e-02
7 178 2 9.303735e-02
8 178 2 9.372209e-02
9 178 2 1.068877e-01
10 178 2 1.150081e-01
11 178 2 1.298951e-01
12 178 2 1.442109e-01
1 181 2 2.037127e-03
2 181 2 2.151655e-03
3 181 2 2.181286e-03
4 181 2 2.085601e-03
5 181 2 1.719971e-03
6 181 2 1.487253e-03
7 181 2 1.315038e-03
8 181 2 1.345834e-03
9 181 2 1.458075e-03
10 181 2 1.578823e-03
11 181 2 1.788038e-03
12 181 2 1.903743e-03
1 182 2 2.435362e-01
2 182 2 2.251026e-01
3 182 2 2.122616e-01
4 182 2 1.773101e-01
5 182 2 1.388496e-01
6 182 2 1.038512e-01
7 182 2 1.029682e-01
8 182 2 1.430871e-01
9 182 2 1.985487e-01
10 182 2 2.435129e-01
11 182 2 2.691319e-01
12 182 2 2.583269e-01
1 183 2 5.179951e-02
2 183 2 4.976211e-02
3 183 2 4.750727e-02
4 183 2 4.307611e-02
5 183 2 3.624349e-02
6 183 2 2.941589e-02
7 183 2 2.736840e-02
8 183 2 3.249893e-02
9 183 2 3.778740e-02
10 183 2 4.470245e-02
11 183 2 4.866739e-02
12 183 2 5.005756e-02
1 184 2 1.615255e-02
2 184 2 1.636670e-02
3 184 2 1.585089e-02
4 184 2 1.426477e-02
5 184 2 1.185898e-02
6 184 2 9.584289e-03
7 184 2 8.642619e-03
8 184 2 9.026371e-03
9 184 2 9.561931e-03
10 184 2 1.098067e-02
11 184 2 1.284813e-02
12 184 2 1.464402e-02
1 188 2 1.259602e-02
2 188 2 1.248620e-02
3 188 2 1.157359e-02
4 188 2 9.450624e-03
5 188 2 6.679323e-03
6 188 2 5.080529e-03
7 188 2 4.371754e-03
8 188 2 4.447066e-03
9 188 2 6.023526e-03
10 188 2 7.915762e-03
11 188 2 9.426888e-03
12 188 2 1.175786e-02
1 189 2 1.098362e-02
2 189 2 1.015108e-02
3 189 2 9.207937e-03
4 189 2 6.806033e-03
5 189 2 4.506204e-03
6 189 2 3.186618e-03
7 189 2 3.029792e-03
8 189 2 3.721588e-03
9 189 2 5.986826e-03
10 189 2 8.524363e-03
11 189 2 1.036847e-02
12 189 2 1.083500e-02
1 190 2 4.497576e-02
2 190 2 4.261536e-02
3 190 2 3.699022e-02
4 190 2 2.619940e-02
5 190 2 1.827932e-02
6 190 2 1.326060e-02
7 190 2 1.245982e-02
8 190 2 1.502028e-02
9 190 2 2.109766e-02
10 190 2 2.876121e-02
11 190 2 3.768637e-02
12 190 2 4.228342e-02
1 191 2 3.014307e-02
2 191 2 3.123619e-02
3 191 2 3.036173e-02
4 191 2 2.508219e-02
5 191 2 2.062556e-02
6 191 2 1.694354e-02
7 191 2 1.489622e-02
8 191 2 1.512841e-02
9 191 2 1.650540e-02
10 191 2 1.852562e-02
11 191 2 2.278456e-02
12 191 2 2.680583e-02
1 192 2 9.658101e-03
2 192 2 1.043772e-02
3 192 2 1.016956e-02
4 192 2 8.805320e-03
5 192 2 7.441822e-03
6 192 2 6.336413e-03
7 192 2 5.568447e-03
8 192 2 5.174394e-03
9 192 2 5.327797e-03
10 192 2 5.850531e-03
11 192 2 6.984021e-03
12 192 2 8.386282e-03
1 200 2 4.526317e-01
2 200 2 4.656454e-01
3 200 2 3.807958e-01
4 200 2 2.517332e-01
5 200 2 1.647720e-01
6 200 2 1.341915e-01
7 200 2 1.274889e-01
8 200 2 1.374860e-01
9 200 2 1.522901e-01
10 200 2 1.947103e-01
11 200 2 2.705786e-01
12 200 2 3.728023e-01
1 201 2 3.075756e-01
2 201 2 3.173543e-01
3 201 2 2.905190e-01
4 201 2 2.236207e-01
5 201 2 1.685196e-01
6 201 2 1.394209e-01
7 201 2 1.317606e-01
8 201 2 1.362943e-01
9 201 2 1.348906e-01
10 201 2 1.605023e-01
11 201 2 2.045974e-01
12 201 2 2.548197e-01
1 206 2 1.618578e-01
2 206 2 1.748275e-01
3 206 2 1.581721e-01
4 206 2 1.349755e-01
5 206 2 1.116240e-01
6 206 2 9.732672e-02
7 206 2 8.347664e-02
8 206 2 8.196350e-02
9 206 2 8.872462e-02
10 206 2 1.004313e-01
11 206 2 1.177286e-01
12 206 2 1.386965e-01
1 207 2 6.126000e-03
2 207 2 6.688823e-03
3 207 2 6.343538e-03
4 207 2 5.752008e-03
5 207 2 5.101183e-03
6 207 2 4.375262e-03
7 207 2 3.856401e-03
8 207 2 3.797572e-03
9 207 2 3.831508e-03
10 207 2 4.220268e-03
11 207 2 4.548198e-03
12 207 2 5.202857e-03
1 212 2 1.772826e-02
2 212 2 1.892382e-02
3 212 2 1.679674e-02
4 212 2 1.412087e-02
5 212 2 1.100610e-02
6 212 2 8.882836e-03
7 212 2 7.373256e-03
8 212 2 7.126184e-03
9 212 2 8.093398e-03
10 212 2 9.549830e-03
11 212 2 1.132776e-02
12 212 2 1.497746e-02
1 213 2 3.858998e-03
2 213 2 4.217595e-03
3 213 2 3.574245e-03
4 213 2 3.024577e-03
5 213 2 2.333865e-03
6 213 2 1.799082e-03
7 213 2 1.526893e-03
8 213 2 1.490618e-03
9 213 2 1.795512e-03
10 213 2 2.212761e-03
11 213 2 2.717243e-03
12 213 2 3.325138e-03
1 214 2 1.372556e-01
2 214 2 1.455081e-01
3 214 2 1.169067e-01
4 214 2 8.683070e-02
5 214 2 6.418382e-02
6 214 2 4.730054e-02
7 214 2 4.096298e-02
8 214 2 4.222974e-02
9 214 2 5.330603e-02
10 214 2 7.146518e-02
11 214 2 9.782928e-02
12 214 2 1.186499e-01
1 215 2 5.084534e-02
2 215 2 5.230121e-02
3 215 2 4.876287e-02
4 215 2 3.886195e-02
5 215 2 3.156582e-02
6 215 2 2.536247e-02
7 215 2 2.191669e-02
8 215 2 2.197058e-02
9 215 2 2.470739e-02
10 215 2 2.939386e-02
11 215 2 3.701092e-02
12 215 2 4.471123e-02
1 216 2 1.890512e-02
2 216 2 1.973834e-02
3 216 2 1.850969e-02
4 216 2 1.504731e-02
5 216 2 1.204902e-02
6 216 2 1.036538e-02
7 216 2 9.108471e-03
8 216 2 8.709387e-03
9 216 2 9.037533e-03
10 216 2 1.027200e-02
11 216 2 1.235548e-02
12 216 2 1.587902e-02
1 224 2 1.323645e-02
2 224 2 1.447058e-02
3 224 2 1.262734e-02
4 224 2 1.087404e-02
5 224 2 8.780987e-03
6 224 2 7.462137e-03
7 224 2 6.779279e-03
8 224 2 7.080879e-03
9 224 2 7.281877e-03
10 224 2 8.588624e-03
11 224 2 1.025651e-02
12 224 2 1.223683e-02
1 240 2 1.167458e-03
2 240 2 1.190800e-03
3 240 2 1.088958e-03
4 240 2 9.617203e-04
5 240 2 8.358587e-04
6 240 2 7.209572e-04
7 240 2 7.063322e-04
8 240 2 7.281875e-04
9 240 2 7.088468e-04
10 240 2 7.633540e-04
11 240 2 8.387386e-04
12 240 2 1.039470e-03
