1 7 2 7.698161e-07
2 7 2 6.576453e-07
3 7 2 7.192306e-07
4 7 2 1.858916e-06
5 7 2 6.396003e-06
6 7 2 1.722684e-05
7 7 2 2.330842e-05
8 7 2 1.589190e-05
9 7 2 6.872713e-06
10 7 2 3.012978e-06
11 7 2 1.596317e-06
12 7 2 9.417231e-07
1 25 2 6.176250e-04
2 25 2 5.864324e-04
3 25 2 8.261864e-04
4 25 2 1.507607e-03
5 25 2 4.217557e-03
6 25 2 7.648003e-03
7 25 2 9.271620e-03
8 25 2 7.109694e-03
9 25 2 4.017353e-03
10 25 2 1.879976e-03
11 25 2 8.963942e-04
12 25 2 5.190990e-04
1 26 2 4.727969e-04
2 26 2 3.891163e-04
3 26 2 6.434357e-04
4 26 2 1.436201e-03
5 26 2 4.045558e-03
6 26 2 7.726902e-03
7 26 2 8.383666e-03
8 26 2 6.272685e-03
9 26 2 3.430829e-03
10 26 2 1.381043e-03
11 26 2 7.215383e-04
12 26 2 4.460906e-04
1 27 2 2.070039e-03
2 27 2 1.827659e-03
3 27 2 3.203877e-03
4 27 2 8.159880e-03
5 27 2 2.297883e-02
6 27 2 4.750004e-02
7 27 2 5.357200e-02
8 27 2 4.032224e-02
9 27 2 2.083711e-02
10 27 2 7.824837e-03
11 27 2 4.146884e-03
12 27 2 2.565133e-03
1 28 2 8.012256e-05
2 28 2 7.291368e-05
3 28 2 1.226282e-04
4 28 2 3.333326e-04
5 28 2 9.518684e-04
6 28 2 2.037935e-03
7 28 2 2.429692e-03
8 28 2 1.830800e-03
9 28 2 9.418025e-04
10 28 2 3.667864e-04
11 28 2 1.831051e-04
12 28 2 1.141558e-04
1 29 2 1.074719e-04
2 29 2 1.016687e-04
3 29 2 1.619633e-04
4 29 2 4.869968e-04
5 29 2 1.456335e-03
6 29 2 3.584171e-03
7 29 2 4.882467e-03
8 29 2 3.632590e-03
9 29 2 1.668266e-03
10 29 2 6.183216e-04
11 29 2 2.922831e-04
12 29 2 1.824559e-04
1 30 2 2.437899e-05
2 30 2 2.132094e-05
3 30 2 3.388644e-05
4 30 2 1.037168e-04
5 30 2 2.873117e-04
6 30 2 7.813760e-04
7 30 2 1.132567e-03
8 30 2 8.673276e-04
9 30 2 3.924358e-04
10 30 2 1.536065e-04
11 30 2 7.085444e-05
12 30 2 4.243461e-05
1 31 2 4.345403e-05
2 31 2 3.348498e-05
3 31 2 5.086776e-05
4 31 2 1.415819e-04
5 31 2 3.656330e-04
6 31 2 9.626933e-04
7 31 2 1.357611e-03
8 31 2 1.095830e-03
9 31 2 5.482071e-04
10 31 2 2.510518e-04
11 31 2 1.205355e-04
12 31 2 6.716800e-05
1 32 2 5.144050e-05
2 32 2 4.258284e-05
3 32 2 5.952346e-05
4 32 2 1.322635e-04
5 32 2 3.532580e-04
6 32 2 8.367987e-04
7 32 2 1.079570e-03
8 32 2 8.917732e-04
9 32 2 4.979764e-04
10 32 2 2.567118e-04
11 32 2 1.326582e-04
12 32 2 6.879788e-05
1 35 2 3.286986e-03
2 35 2 3.132003e-03
3 35 2 3.402281e-03
4 35 2 4.533847e-03
5 35 2 7.107410e-03
6 35 2 1.085457e-02
7 35 2 1.306138e-02
8 35 2 1.199380e-02
9 35 2 8.151451e-03
10 35 2 5.893489e-03
11 35 2 4.464003e-03
12 35 2 3.626598e-03
1 36 2 3.941403e-04
2 36 2 3.700210e-04
3 36 2 4.100927e-04
4 36 2 4.925573e-04
5 36 2 6.736538e-04
6 36 2 9.718014e-04
7 36 2 1.144507e-03
8 36 2 1.165941e-03
9 36 2 8.899973e-04
10 36 2 6.972771e-04
11 36 2 5.336860e-04
12 36 2 4.422041e-04
1 37 2 9.941974e-03
2 37 2 9.622449e-03
3 37 2 1.212473e-02
4 37 2 1.559078e-02
5 37 2 2.357028e-02
6 37 2 3.574944e-02
7 37 2 4.157844e-02
8 37 2 4.087259e-02
9 37 2 3.007842e-02
10 37 2 2.255356e-02
11 37 2 1.589600e-02
12 37 2 1.217769e-02
1 38 2 3.352165e-02
2 38 2 3.349159e-02
3 38 2 5.102002e-02
4 38 2 7.564559e-02
5 38 2 1.381092e-01
6 38 2 2.450643e-01
7 38 2 2.905142e-01
8 38 2 2.519603e-01
9 38 2 1.627471e-01
10 38 2 1.112375e-01
11 38 2 6.356329e-02
12 38 2 4.586972e-02
1 39 2 6.892878e-02
2 39 2 7.180992e-02
3 39 2 1.163172e-01
4 39 2 1.796035e-01
5 39 2 3.484902e-01
6 39 2 6.737195e-01
7 39 2 8.365711e-01
8 39 2 6.773028e-01
9 39 2 4.269122e-01
10 39 2 2.695900e-01
11 39 2 1.364606e-01
12 39 2 9.960637e-02
1 40 2 1.715033e-02
2 40 2 1.881688e-02
3 40 2 3.355963e-02
4 40 2 5.643319e-02
5 40 2 1.233658e-01
6 40 2 2.800947e-01
7 40 2 3.504417e-01
8 40 2 2.570752e-01
9 40 2 1.583557e-01
10 40 2 8.532355e-02
11 40 2 3.655014e-02
12 40 2 2.722871e-02
1 41 2 9.131729e-03
2 41 2 9.762274e-03
3 41 2 1.956327e-02
4 41 2 3.484357e-02
5 41 2 8.739279e-02
6 41 2 2.217682e-01
7 41 2 2.867330e-01
8 41 2 2.011132e-01
9 41 2 1.123914e-01
10 41 2 4.871148e-02
11 41 2 1.871364e-02
12 41 2 1.559758e-02
1 42 2 4.945928e-03
2 42 2 5.173539e-03
3 42 2 1.115667e-02
4 42 2 2.200866e-02
5 42 2 6.256693e-02
6 42 2 1.735419e-01
7 42 2 2.429384e-01
8 42 2 1.622381e-01
9 42 2 7.682821e-02
10 42 2 2.749600e-02
11 42 2 1.025103e-02
12 42 2 8.409480e-03
1 43 2 1.388922e-04
2 43 2 1.440133e-04
3 43 2 3.397967e-04
4 43 2 8.291140e-04
5 43 2 2.775197e-03
6 43 2 8.184487e-03
7 43 2 1.196459e-02
8 43 2 7.510537e-03
9 43 2 3.071199e-03
10 43 2 9.429361e-04
11 43 2 3.215614e-04
12 43 2 2.253205e-04
1 44 2 5.729976e-04
2 44 2 5.757335e-04
3 44 2 1.252309e-03
4 44 2 3.385586e-03
5 44 2 1.264845e-02
6 44 2 3.985944e-02
7 44 2 5.825677e-02
8 44 2 3.512847e-02
9 44 2 1.266329e-02
10 44 2 3.751875e-03
11 44 2 1.231376e-03
12 44 2 8.325485e-04
1 45 2 1.315609e-03
2 45 2 1.474413e-03
3 45 2 2.686637e-03
4 45 2 7.923106e-03
5 45 2 3.318043e-02
6 45 2 1.100961e-01
7 45 2 1.540230e-01
8 45 2 9.378444e-02
9 45 2 3.225036e-02
10 45 2 8.234189e-03
11 45 2 2.386737e-03
12 45 2 1.559853e-03
1 46 2 5.969172e-04
2 46 2 7.509365e-04
3 46 2 1.180415e-03
4 46 2 3.277894e-03
5 46 2 1.287215e-02
6 46 2 3.992798e-02
7 46 2 5.585643e-02
8 46 2 3.500028e-02
9 46 2 1.314710e-02
10 46 2 3.186702e-03
11 46 2 8.761501e-04
12 46 2 6.248175e-04
1 47 2 7.849411e-04
2 47 2 9.989456e-04
3 47 2 1.407671e-03
4 47 2 3.153925e-03
5 47 2 1.075015e-02
6 47 2 2.961665e-02
7 47 2 4.016650e-02
8 47 2 2.723576e-02
9 47 2 1.153790e-02
10 47 2 3.558731e-03
11 47 2 1.049919e-03
12 47 2 7.980777e-04
1 48 2 1.061371e-03
2 48 2 1.219237e-03
3 48 2 1.676992e-03
4 48 2 3.274811e-03
5 48 2 1.016237e-02
6 48 2 2.337519e-02
7 48 2 3.106345e-02
8 48 2 2.185492e-02
9 48 2 1.040382e-02
10 48 2 3.878914e-03
11 48 2 1.396360e-03
12 48 2 9.259812e-04
1 49 2 2.456371e-04
2 49 2 2.235081e-04
3 49 2 2.535238e-04
4 49 2 2.967271e-04
5 49 2 4.243830e-04
6 49 2 6.456742e-04
7 49 2 9.629167e-04
8 49 2 9.054879e-04
9 49 2 6.315674e-04
10 49 2 4.519472e-04
11 49 2 3.299581e-04
12 49 2 2.407038e-04
1 50 2 1.002468e-03
2 50 2 8.653294e-04
3 50 2 1.014300e-03
4 50 2 1.156197e-03
5 50 2 1.627266e-03
6 50 2 2.387991e-03
7 50 2 3.295778e-03
8 50 2 3.169428e-03
9 50 2 2.294954e-03
10 50 2 1.635940e-03
11 50 2 1.224797e-03
12 50 2 9.643936e-04
1 51 2 3.846672e-04
2 51 2 3.510691e-04
3 51 2 3.814753e-04
4 51 2 4.403487e-04
5 51 2 6.002064e-04
6 51 2 8.417418e-04
7 51 2 1.096913e-03
8 51 2 1.087804e-03
9 51 2 9.038058e-04
10 51 2 6.357139e-04
11 51 2 4.764442e-04
12 51 2 3.992748e-04
1 52 2 1.435567e-01
2 52 2 1.508904e-01
3 52 2 1.895526e-01
4 52 2 2.763419e-01
5 52 2 4.673306e-01
6 52 2 6.431515e-01
7 52 2 8.249612e-01
8 52 2 7.716213e-01
9 52 2 6.228813e-01
10 52 2 3.558303e-01
11 52 2 2.141750e-01
12 52 2 1.651616e-01
1 53 2 3.832052e-02
2 53 2 4.807826e-02
3 53 2 8.145471e-02
4 53 2 1.777913e-01
5 53 2 3.385690e-01
6 53 2 5.055697e-01
7 53 2 7.017907e-01
8 53 2 5.980074e-01
9 53 2 4.047360e-01
10 53 2 1.785056e-01
11 53 2 7.961831e-02
12 53 2 5.044144e-02
1 54 2 2.007917e-02
2 54 2 2.604783e-02
3 54 2 4.871049e-02
4 54 2 1.210408e-01
5 54 2 2.384126e-01
6 54 2 4.605044e-01
7 54 2 6.541684e-01
8 54 2 5.485370e-01
9 54 2 3.326791e-01
10 54 2 1.414875e-01
11 54 2 6.064802e-02
12 54 2 3.345463e-02
1 55 2 1.344209e-02
2 55 2 1.499151e-02
3 55 2 2.796626e-02
4 55 2 6.548439e-02
5 55 2 1.299476e-01
6 55 2 2.775159e-01
7 55 2 3.857681e-01
8 55 2 3.326915e-01
9 55 2 2.109714e-01
10 55 2 1.011574e-01
11 55 2 4.732768e-02
12 55 2 2.709996e-02
1 56 2 4.744259e-02
2 56 2 4.923505e-02
3 56 2 8.527641e-02
4 56 2 1.901542e-01
5 56 2 4.156517e-01
6 56 2 8.193410e-01
7 56 2 1.132811e+00
8 56 2 9.401756e-01
9 56 2 6.145210e-01
10 56 2 3.166235e-01
11 56 2 1.427456e-01
12 56 2 8.186600e-02
1 57 2 9.586372e-03
2 57 2 9.146349e-03
3 57 2 1.124949e-02
4 57 2 1.707496e-02
5 57 2 2.856909e-02
6 57 2 4.648547e-02
7 57 2 6.619584e-02
8 57 2 5.965862e-02
9 57 2 4.438606e-02
10 57 2 2.851129e-02
11 57 2 1.743480e-02
12 57 2 1.252961e-02
1 60 2 1.145081e+00
2 60 2 1.108907e+00
3 60 2 1.271696e+00
4 60 2 1.508213e+00
5 60 2 1.859507e+00
6 60 2 2.447099e+00
7 60 2 2.848912e+00
8 60 2 2.850110e+00
9 60 2 2.418729e+00
10 60 2 1.974486e+00
11 60 2 1.579127e+00
12 60 2 1.308935e+00
1 61 2 1.976280e+00
2 61 2 1.988167e+00
3 61 2 2.796324e+00
4 61 2 4.211853e+00
5 61 2 6.143809e+00
6 61 2 8.655632e+00
7 61 2 1.024310e+01
8 61 2 9.854712e+00
9 61 2 7.657370e+00
10 61 2 5.208590e+00
11 61 2 3.397879e+00
12 61 2 2.383244e+00
1 62 2 8.155305e-01
2 62 2 8.931979e-01
3 62 2 1.406057e+00
4 62 2 2.545392e+00
5 62 2 4.365895e+00
6 62 2 6.193371e+00
7 62 2 7.573241e+00
8 62 2 7.069345e+00
9 62 2 4.926077e+00
10 62 2 2.937612e+00
11 62 2 1.595253e+00
12 62 2 1.038145e+00
1 63 2 1.058881e+00
2 63 2 1.285436e+00
3 63 2 2.150872e+00
4 63 2 4.523828e+00
5 63 2 8.681970e+00
6 63 2 1.290713e+01
7 63 2 1.650510e+01
8 63 2 1.436267e+01
9 63 2 8.772271e+00
10 63 2 4.790632e+00
11 63 2 2.212828e+00
12 63 2 1.448611e+00
1 64 2 2.532412e-01
2 64 2 3.244284e-01
3 64 2 6.177899e-01
4 64 2 1.463338e+00
5 64 2 3.134009e+00
6 64 2 5.019965e+00
7 64 2 6.362916e+00
8 64 2 4.974379e+00
9 64 2 2.848255e+00
10 64 2 1.259151e+00
11 64 2 5.753700e-01
12 64 2 3.937590e-01
1 65 2 8.564135e-02
2 65 2 1.061958e-01
3 65 2 2.326551e-01
4 65 2 6.560955e-01
5 65 2 1.375623e+00
6 65 2 2.337923e+00
7 65 2 3.030280e+00
8 65 2 2.261637e+00
9 65 2 1.282729e+00
10 65 2 4.551845e-01
11 65 2 2.003811e-01
12 65 2 1.452159e-01
1 66 2 5.675331e-02
2 66 2 7.016479e-02
3 66 2 1.668018e-01
4 66 2 5.472214e-01
5 66 2 1.137830e+00
6 66 2 1.956549e+00
7 66 2 2.698408e+00
8 66 2 2.039999e+00
9 66 2 1.153994e+00
10 66 2 3.823316e-01
11 66 2 1.465152e-01
12 66 2 9.088049e-02
1 67 2 1.931283e-02
2 67 2 2.575276e-02
3 67 2 6.548943e-02
4 67 2 2.419237e-01
5 67 2 5.489108e-01
6 67 2 9.361713e-01
7 67 2 1.308871e+00
8 67 2 1.007283e+00
9 67 2 5.509139e-01
10 67 2 2.025967e-01
11 67 2 6.406261e-02
12 67 2 2.883424e-02
1 68 2 4.755198e-03
2 68 2 6.384952e-03
3 68 2 1.896295e-02
4 68 2 8.716372e-02
5 68 2 2.375323e-01
6 68 2 4.551855e-01
7 68 2 6.526499e-01
8 68 2 4.853978e-01
9 68 2 2.329471e-01
10 68 2 8.558199e-02
11 68 2 1.951573e-02
12 68 2 6.790795e-03
1 69 2 2.926366e-03
2 69 2 4.149043e-03
3 69 2 9.922154e-03
4 69 2 4.350924e-02
5 69 2 1.395144e-01
6 69 2 3.301766e-01
7 69 2 4.837060e-01
8 69 2 3.723557e-01
9 69 2 1.599616e-01
10 69 2 5.201333e-02
11 69 2 1.007831e-02
12 69 2 3.790097e-03
1 70 2 1.209647e-02
2 70 2 1.413846e-02
3 70 2 2.026000e-02
4 70 2 5.285730e-02
5 70 2 1.325493e-01
6 70 2 3.218675e-01
7 70 2 5.210013e-01
8 70 2 4.748427e-01
9 70 2 2.451769e-01
10 70 2 8.739309e-02
11 70 2 2.657977e-02
12 70 2 1.496248e-02
1 71 2 9.955736e-03
2 71 2 1.010274e-02
3 71 2 1.143202e-02
4 71 2 1.834494e-02
5 71 2 3.552733e-02
6 71 2 7.411335e-02
7 71 2 1.137407e-01
8 71 2 1.130868e-01
9 71 2 7.255542e-02
10 71 2 3.455718e-02
11 71 2 1.650884e-02
12 71 2 1.146595e-02
1 72 2 4.178447e-05
2 72 2 3.990781e-05
3 72 2 4.323597e-05
4 72 2 5.512628e-05
5 72 2 8.577242e-05
6 72 2 1.492469e-04
7 72 2 2.311663e-04
8 72 2 2.223278e-04
9 72 2 1.555480e-04
10 72 2 9.431547e-05
11 72 2 5.811133e-05
12 72 2 4.149912e-05
1 76 2 3.502322e-01
2 76 2 3.204265e-01
3 76 2 3.236515e-01
4 76 2 3.520557e-01
5 76 2 4.786256e-01
6 76 2 6.824897e-01
7 76 2 9.151808e-01
8 76 2 9.766657e-01
9 76 2 9.305724e-01
10 76 2 6.214365e-01
11 76 2 4.011634e-01
12 76 2 3.508522e-01
1 77 2 3.403320e-01
2 77 2 4.419183e-01
3 77 2 5.788865e-01
4 77 2 9.356079e-01
5 77 2 1.570923e+00
6 77 2 2.425342e+00
7 77 2 3.295385e+00
8 77 2 3.127855e+00
9 77 2 2.316982e+00
10 77 2 1.170567e+00
11 77 2 5.136482e-01
12 77 2 3.237499e-01
1 78 2 3.903348e-01
2 78 2 5.333375e-01
3 78 2 7.427044e-01
4 78 2 1.332119e+00
5 78 2 2.083049e+00
6 78 2 3.307159e+00
7 78 2 4.082321e+00
8 78 2 3.822598e+00
9 78 2 2.478531e+00
10 78 2 1.314414e+00
11 78 2 7.098117e-01
12 78 2 4.097983e-01
1 79 2 1.259674e+00
2 79 2 1.545641e+00
3 79 2 2.269446e+00
4 79 2 3.764253e+00
5 79 2 5.718945e+00
6 79 2 9.342872e+00
7 79 2 1.144852e+01
8 79 2 1.084544e+01
9 79 2 7.488844e+00
10 79 2 4.520606e+00
11 79 2 2.575608e+00
12 79 2 1.577770e+00
1 80 2 6.135949e-01
2 80 2 6.147929e-01
3 80 2 7.725258e-01
4 80 2 1.044544e+00
5 80 2 1.557844e+00
6 80 2 2.370203e+00
7 80 2 3.051997e+00
8 80 2 3.021426e+00
9 80 2 2.507728e+00
10 80 2 1.758179e+00
11 80 2 1.025652e+00
12 80 2 7.581275e-01
1 81 2 1.449060e-07
2 81 2 1.313198e-07
3 81 2 1.383154e-07
4 81 2 1.640081e-07
5 81 2 2.361702e-07
6 81 2 3.182326e-07
7 81 2 4.246266e-07
8 81 2 4.556149e-07
9 81 2 4.142961e-07
10 81 2 3.178866e-07
11 81 2 2.101352e-07
12 81 2 1.720369e-07
1 84 2 9.277769e-01
2 84 2 9.808936e-01
3 84 2 1.213169e+00
4 84 2 1.533066e+00
5 84 2 2.055379e+00
6 84 2 3.367888e+00
7 84 2 4.510692e+00
8 84 2 4.322363e+00
9 84 2 3.243271e+00
10 84 2 2.046829e+00
11 84 2 1.375013e+00
12 84 2 1.050361e+00
1 85 2 6.861473e-01
2 85 2 7.726560e-01
3 85 2 1.004577e+00
4 85 2 1.459557e+00
5 85 2 2.336433e+00
6 85 2 3.569268e+00
7 85 2 4.938414e+00
8 85 2 4.697956e+00
9 85 2 3.382847e+00
10 85 2 1.865998e+00
11 85 2 1.052345e+00
12 85 2 7.635821e-01
1 86 2 2.288277e-01
2 86 2 2.590808e-01
3 86 2 3.310862e-01
4 86 2 4.809109e-01
5 86 2 7.729189e-01
6 86 2 1.121488e+00
7 86 2 1.540627e+00
8 86 2 1.545667e+00
9 86 2 1.144088e+00
10 86 2 6.634439e-01
11 86 2 3.654576e-01
12 86 2 2.611900e-01
1 87 2 3.029350e-01
2 87 2 4.098363e-01
3 87 2 5.851711e-01
4 87 2 9.250221e-01
5 87 2 1.622828e+00
6 87 2 2.439317e+00
7 87 2 3.306959e+00
8 87 2 3.369680e+00
9 87 2 2.443034e+00
10 87 2 1.375493e+00
11 87 2 6.043553e-01
12 87 2 3.673561e-01
1 88 2 1.340820e-01
2 88 2 1.904073e-01
3 88 2 2.985867e-01
4 88 2 5.665364e-01
5 88 2 1.162699e+00
6 88 2 1.827445e+00
7 88 2 2.340297e+00
8 88 2 2.052623e+00
9 88 2 1.326406e+00
10 88 2 6.268346e-01
11 88 2 3.213586e-01
12 88 2 1.785030e-01
1 89 2 1.720490e-01
2 89 2 2.393839e-01
3 89 2 4.543432e-01
4 89 2 8.545421e-01
5 89 2 1.705337e+00
6 89 2 2.547575e+00
7 89 2 2.971911e+00
8 89 2 2.602685e+00
9 89 2 1.698527e+00
10 89 2 8.082785e-01
11 89 2 4.447553e-01
12 89 2 2.461739e-01
1 90 2 3.371765e-02
2 90 2 4.443874e-02
3 90 2 8.818391e-02
4 90 2 1.582714e-01
5 90 2 2.430164e-01
6 90 2 3.216730e-01
7 90 2 3.612587e-01
8 90 2 3.342643e-01
9 90 2 2.435975e-01
10 90 2 1.452955e-01
11 90 2 8.010918e-02
12 90 2 4.560440e-02
1 91 2 1.263634e-03
2 91 2 1.787986e-03
3 91 2 3.735498e-03
4 91 2 7.058917e-03
5 91 2 1.041786e-02
6 91 2 1.324207e-02
7 91 2 1.486892e-02
8 91 2 1.363622e-02
9 91 2 9.804728e-03
10 91 2 6.069150e-03
11 91 2 3.145515e-03
12 91 2 1.614771e-03
1 92 2 7.219211e-03
2 92 2 1.031220e-02
3 92 2 2.585009e-02
4 92 2 6.167233e-02
5 92 2 1.163051e-01
6 92 2 1.782203e-01
7 92 2 2.139295e-01
8 92 2 1.947101e-01
9 92 2 1.218125e-01
10 92 2 6.473944e-02
11 92 2 2.539085e-02
12 92 2 1.089967e-02
1 93 2 1.361687e-01
2 93 2 1.642997e-01
3 93 2 3.378088e-01
4 93 2 7.873011e-01
5 93 2 1.404501e+00
6 93 2 2.228844e+00
7 93 2 2.989878e+00
8 93 2 2.939305e+00
9 93 2 1.976991e+00
10 93 2 1.138507e+00
11 93 2 4.875705e-01
12 93 2 2.030829e-01
1 94 2 3.450598e-01
2 94 2 3.433202e-01
3 94 2 4.584155e-01
4 94 2 8.123968e-01
5 94 2 1.386712e+00
6 94 2 2.183548e+00
7 94 2 3.016562e+00
8 94 2 3.287385e+00
9 94 2 2.707869e+00
10 94 2 1.634465e+00
11 94 2 8.772576e-01
12 94 2 4.793125e-01
1 98 2 4.433542e-02
2 98 2 4.127039e-02
3 98 2 3.886247e-02
4 98 2 4.137734e-02
5 98 2 4.696044e-02
6 98 2 5.373663e-02
7 98 2 6.044267e-02
8 98 2 6.370362e-02
9 98 2 6.286122e-02
10 98 2 5.942064e-02
11 98 2 5.344845e-02
12 98 2 4.863865e-02
1 101 2 5.236534e-02
2 101 2 5.380717e-02
3 101 2 5.513842e-02
4 101 2 6.799403e-02
5 101 2 8.744167e-02
6 101 2 1.020973e-01
7 101 2 1.089830e-01
8 101 2 1.092048e-01
9 101 2 1.049858e-01
10 101 2 9.001458e-02
11 101 2 6.921875e-02
12 101 2 5.551838e-02
1 102 2 4.828464e-01
2 102 2 5.457912e-01
3 102 2 6.707876e-01
4 102 2 8.390204e-01
5 102 2 9.709452e-01
6 102 2 1.059961e+00
7 102 2 1.089809e+00
8 102 2 1.103579e+00
9 102 2 9.946331e-01
10 102 2 7.662664e-01
11 102 2 6.150247e-01
12 102 2 5.040892e-01
1 103 2 4.374050e-01
2 103 2 4.463755e-01
3 103 2 4.864933e-01
4 103 2 5.497190e-01
5 103 2 6.401915e-01
6 103 2 7.326173e-01
7 103 2 7.925988e-01
8 103 2 8.318148e-01
9 103 2 8.158383e-01
10 103 2 7.129718e-01
11 103 2 5.865313e-01
12 103 2 4.876814e-01
1 104 2 8.794959e-02
2 104 2 8.439421e-02
3 104 2 8.531120e-02
4 104 2 9.353143e-02
5 104 2 1.093674e-01
6 104 2 1.255043e-01
7 104 2 1.408567e-01
8 104 2 1.521596e-01
9 104 2 1.533844e-01
10 104 2 1.432914e-01
11 104 2 1.178701e-01
12 104 2 9.759627e-02
1 107 2 5.003043e-02
2 107 2 5.278119e-02
3 107 2 6.162393e-02
4 107 2 7.061423e-02
5 107 2 7.918942e-02
6 107 2 1.013815e-01
7 107 2 1.108143e-01
8 107 2 1.103659e-01
9 107 2 1.033190e-01
10 107 2 8.837411e-02
11 107 2 7.025418e-02
12 107 2 5.494142e-02
1 108 2 4.258795e-03
2 108 2 5.442745e-03
3 108 2 7.906170e-03
4 108 2 1.224493e-02
5 108 2 1.900740e-02
6 108 2 2.608825e-02
7 108 2 2.792669e-02
8 108 2 2.468131e-02
9 108 2 1.997108e-02
10 108 2 1.377866e-02
11 108 2 7.177283e-03
12 108 2 4.569042e-03
1 109 2 8.090018e-03
2 109 2 1.068573e-02
3 109 2 1.671318e-02
4 109 2 2.900430e-02
5 109 2 4.941704e-02
6 109 2 6.229268e-02
7 109 2 6.329499e-02
8 109 2 5.818588e-02
9 109 2 4.672492e-02
10 109 2 3.278520e-02
11 109 2 1.458204e-02
12 109 2 8.518289e-03
1 110 2 3.563592e-03
2 110 2 4.539333e-03
3 110 2 7.290401e-03
4 110 2 1.128526e-02
5 110 2 1.750298e-02
6 110 2 2.026929e-02
7 110 2 2.179144e-02
8 110 2 2.155157e-02
9 110 2 1.814592e-02
10 110 2 1.322952e-02
11 110 2 6.399184e-03
12 110 2 3.766629e-03
1 111 2 1.222812e-01
2 111 2 1.529381e-01
3 111 2 2.476034e-01
4 111 2 3.752636e-01
5 111 2 5.671561e-01
6 111 2 7.273656e-01
7 111 2 7.688799e-01
8 111 2 7.615460e-01
9 111 2 6.485229e-01
10 111 2 4.221570e-01
11 111 2 2.274129e-01
12 111 2 1.389080e-01
1 112 2 1.408628e-01
2 112 2 1.816254e-01
3 112 2 3.186227e-01
4 112 2 5.298509e-01
5 112 2 8.057276e-01
6 112 2 9.818743e-01
7 112 2 1.000013e+00
8 112 2 9.321150e-01
9 112 2 7.115673e-01
10 112 2 4.723906e-01
11 112 2 2.711029e-01
12 112 2 1.666442e-01
1 113 2 8.080289e-02
2 113 2 1.023697e-01
3 113 2 1.719818e-01
4 113 2 2.571831e-01
5 113 2 3.164884e-01
6 113 2 2.763412e-01
7 113 2 2.371171e-01
8 113 2 2.264661e-01
9 113 2 2.239857e-01
10 113 2 2.045203e-01
11 113 2 1.430491e-01
12 113 2 9.661681e-02
1 114 2 2.203399e-01
2 114 2 2.987920e-01
3 114 2 5.323490e-01
4 114 2 7.759968e-01
5 114 2 8.952721e-01
6 114 2 6.553896e-01
7 114 2 5.413074e-01
8 114 2 4.961739e-01
9 114 2 4.788254e-01
10 114 2 4.285576e-01
11 114 2 3.266987e-01
12 114 2 2.419978e-01
1 115 2 7.839709e-02
2 115 2 1.140607e-01
3 115 2 1.808048e-01
4 115 2 2.241234e-01
5 115 2 2.001528e-01
6 115 2 1.858353e-01
7 115 2 1.792347e-01
8 115 2 1.719630e-01
9 115 2 1.581547e-01
10 115 2 1.413354e-01
11 115 2 1.073644e-01
12 115 2 7.702590e-02
1 116 2 6.841664e-02
2 116 2 8.758164e-02
3 116 2 1.339332e-01
4 116 2 1.895776e-01
5 116 2 2.204907e-01
6 116 2 2.510829e-01
7 116 2 2.632311e-01
8 116 2 2.519706e-01
9 116 2 2.041242e-01
10 116 2 1.631928e-01
11 116 2 1.185564e-01
12 116 2 7.809984e-02
1 117 2 1.813935e-02
2 117 2 1.894202e-02
3 117 2 2.392203e-02
4 117 2 3.274618e-02
5 117 2 4.169960e-02
6 117 2 4.940481e-02
7 117 2 5.259656e-02
8 117 2 5.252759e-02
9 117 2 4.792824e-02
10 117 2 4.102947e-02
11 117 2 3.312154e-02
12 117 2 2.392657e-02
1 126 2 9.643128e-04
2 126 2 1.002305e-03
3 126 2 1.086361e-03
4 126 2 1.147131e-03
5 126 2 1.133376e-03
6 126 2 1.053346e-03
7 126 2 1.015364e-03
8 126 2 1.025284e-03
9 126 2 1.019857e-03
10 126 2 1.002172e-03
11 126 2 9.792467e-04
12 126 2 9.644202e-04
1 127 2 9.733666e-02
2 127 2 9.899338e-02
3 127 2 1.044854e-01
4 127 2 1.084780e-01
5 127 2 1.099559e-01
6 127 2 1.065062e-01
7 127 2 1.065356e-01
8 127 2 1.089804e-01
9 127 2 1.078187e-01
10 127 2 1.034975e-01
11 127 2 1.003020e-01
12 127 2 9.906039e-02
1 128 2 4.409817e-01
2 128 2 4.528841e-01
3 128 2 4.649145e-01
4 128 2 4.538355e-01
5 128 2 4.414700e-01
6 128 2 4.282087e-01
7 128 2 4.563915e-01
8 128 2 5.189190e-01
9 128 2 5.456386e-01
10 128 2 5.153813e-01
11 128 2 4.686641e-01
12 128 2 4.415748e-01
1 129 2 1.257651e-02
2 129 2 1.240383e-02
3 129 2 1.271667e-02
4 129 2 1.308546e-02
5 129 2 1.328736e-02
6 129 2 1.364682e-02
7 129 2 1.425958e-02
8 129 2 1.554291e-02
9 129 2 1.623907e-02
10 129 2 1.631061e-02
11 129 2 1.489215e-02
12 129 2 1.322986e-02
1 133 2 2.700245e-01
2 133 2 3.139434e-01
3 133 2 3.768721e-01
4 133 2 3.869480e-01
5 133 2 3.691088e-01
6 133 2 3.392608e-01
7 133 2 3.027935e-01
8 133 2 2.835317e-01
9 133 2 2.956604e-01
10 133 2 3.148897e-01
11 133 2 3.004098e-01
12 133 2 2.628588e-01
1 135 2 1.168092e-02
2 135 2 1.316031e-02
3 135 2 1.565061e-02
4 135 2 1.685498e-02
5 135 2 1.619602e-02
6 135 2 1.444851e-02
7 135 2 1.248208e-02
8 135 2 1.260700e-02
9 135 2 1.339638e-02
10 135 2 1.259851e-02
11 135 2 1.207556e-02
12 135 2 1.134334e-02
1 136 2 1.306503e-02
2 136 2 1.344656e-02
3 136 2 1.662919e-02
4 136 2 2.021603e-02
5 136 2 2.213746e-02
6 136 2 2.019781e-02
7 136 2 1.787270e-02
8 136 2 1.783171e-02
9 136 2 1.792387e-02
10 136 2 1.686095e-02
11 136 2 1.594194e-02
12 136 2 1.415664e-02
1 137 2 3.180729e-03
2 137 2 3.336913e-03
3 137 2 3.825839e-03
4 137 2 4.204036e-03
5 137 2 4.149638e-03
6 137 2 3.818083e-03
7 137 2 3.532133e-03
8 137 2 3.408156e-03
9 137 2 3.410297e-03
10 137 2 3.552742e-03
11 137 2 3.512554e-03
12 137 2 3.312024e-03
1 138 2 1.271035e-01
2 138 2 1.397706e-01
3 138 2 1.621545e-01
4 138 2 1.804679e-01
5 138 2 1.820810e-01
6 138 2 1.600309e-01
7 138 2 1.482533e-01
8 138 2 1.429720e-01
9 138 2 1.433621e-01
10 138 2 1.441974e-01
11 138 2 1.398743e-01
12 138 2 1.297217e-01
1 139 2 2.152194e-01
2 139 2 2.450951e-01
3 139 2 2.738697e-01
4 139 2 2.874457e-01
5 139 2 2.833949e-01
6 139 2 2.639176e-01
7 139 2 2.497060e-01
8 139 2 2.403832e-01
9 139 2 2.372675e-01
10 139 2 2.391094e-01
11 139 2 2.275309e-01
12 139 2 2.082742e-01
1 140 2 7.165296e-02
2 140 2 7.409183e-02
3 140 2 8.046947e-02
4 140 2 9.117059e-02
5 140 2 9.681012e-02
6 140 2 9.298629e-02
7 140 2 8.804290e-02
8 140 2 8.491663e-02
9 140 2 8.367869e-02
10 140 2 8.414116e-02
11 140 2 8.236405e-02
12 140 2 7.678844e-02
1 141 2 1.113953e-01
2 141 2 1.102427e-01
3 141 2 1.134004e-01
4 141 2 1.244559e-01
5 141 2 1.343045e-01
6 141 2 1.328052e-01
7 141 2 1.292140e-01
8 141 2 1.252983e-01
9 141 2 1.242364e-01
10 141 2 1.245284e-01
11 141 2 1.257714e-01
12 141 2 1.221142e-01
1 150 2 1.290000e-04
2 150 2 1.412108e-04
3 150 2 1.511501e-04
4 150 2 1.545633e-04
5 150 2 1.446241e-04
6 150 2 1.275520e-04
7 150 2 1.163630e-04
8 150 2 1.135531e-04
9 150 2 1.098819e-04
10 150 2 1.073819e-04
11 150 2 1.094697e-04
12 150 2 1.164726e-04
1 151 2 8.365243e-02
2 151 2 8.897411e-02
3 151 2 9.433895e-02
4 151 2 9.656342e-02
5 151 2 9.343182e-02
6 151 2 8.794828e-02
7 151 2 8.600500e-02
8 151 2 8.932548e-02
9 151 2 8.504580e-02
10 151 2 7.980669e-02
11 151 2 7.746654e-02
12 151 2 7.939913e-02
1 152 2 6.627545e-02
2 152 2 6.713217e-02
3 152 2 6.775363e-02
4 152 2 6.438345e-02
5 152 2 6.188974e-02
6 152 2 6.078442e-02
7 152 2 6.949284e-02
8 152 2 9.266034e-02
9 152 2 9.836909e-02
10 152 2 8.384089e-02
11 152 2 7.189703e-02
12 152 2 6.648999e-02
1 153 2 7.683695e-02
2 153 2 7.870075e-02
3 153 2 8.303472e-02
4 153 2 8.144610e-02
5 153 2 7.865264e-02
6 153 2 7.722111e-02
7 153 2 9.014157e-02
8 153 2 1.177988e-01
9 153 2 1.432762e-01
10 153 2 1.280595e-01
11 153 2 9.687043e-02
12 153 2 8.082527e-02
1 154 2 2.090082e-01
2 154 2 2.078742e-01
3 154 2 2.163198e-01
4 154 2 2.072745e-01
5 154 2 1.938205e-01
6 154 2 1.743438e-01
7 154 2 1.646264e-01
8 154 2 1.714965e-01
9 154 2 1.933601e-01
10 154 2 2.173022e-01
11 154 2 2.290123e-01
12 154 2 2.214440e-01
1 157 2 8.328354e-03
2 157 2 8.648163e-03
3 157 2 9.259097e-03
4 157 2 9.128663e-03
5 157 2 8.897822e-03
6 157 2 8.365483e-03
7 157 2 7.981863e-03
8 157 2 7.901406e-03
9 157 2 7.844298e-03
10 157 2 7.981073e-03
11 157 2 8.038291e-03
12 157 2 8.143192e-03
1 163 2 3.874315e-02
2 163 2 3.926226e-02
3 163 2 4.042736e-02
4 163 2 4.285326e-02
5 163 2 4.289508e-02
6 163 2 3.965819e-02
7 163 2 3.666387e-02
8 163 2 3.442809e-02
9 163 2 3.492109e-02
10 163 2 3.694516e-02
11 163 2 3.838941e-02
12 163 2 3.869020e-02
1 164 2 1.466153e-01
2 164 2 1.453617e-01
3 164 2 1.494080e-01
4 164 2 1.563781e-01
5 164 2 1.545386e-01
6 164 2 1.429363e-01
7 164 2 1.323002e-01
8 164 2 1.292329e-01
9 164 2 1.383821e-01
10 164 2 1.516037e-01
11 164 2 1.546654e-01
12 164 2 1.520899e-01
1 165 2 6.543487e-02
2 165 2 6.413079e-02
3 165 2 6.493701e-02
4 165 2 6.637333e-02
5 165 2 6.564482e-02
6 165 2 6.040253e-02
7 165 2 5.695133e-02
8 165 2 5.764507e-02
9 165 2 6.144342e-02
10 165 2 6.569632e-02
11 165 2 6.910980e-02
12 165 2 6.919122e-02
1 166 2 2.862477e-02
2 166 2 2.833901e-02
3 166 2 2.787080e-02
4 166 2 2.774004e-02
5 166 2 2.683174e-02
6 166 2 2.481489e-02
7 166 2 2.343276e-02
8 166 2 2.360759e-02
9 166 2 2.449112e-02
10 166 2 2.576287e-02
11 166 2 2.777615e-02
12 166 2 2.917566e-02
1 170 2 1.283363e-03
2 170 2 1.411445e-03
3 170 2 1.386737e-03
4 170 2 1.260470e-03
5 170 2 1.050348e-03
6 170 2 8.831592e-04
7 170 2 8.353304e-04
8 170 2 7.974716e-04
9 170 2 8.108843e-04
10 170 2 9.029139e-04
11 170 2 9.961975e-04
12 170 2 1.147183e-03
1 171 2 4.606071e-03
2 171 2 5.056142e-03
3 171 2 5.117353e-03
4 171 2 4.552826e-03
5 171 2 3.787439e-03
6 171 2 3.245657e-03
7 171 2 2.946707e-03
8 171 2 2.792098e-03
9 171 2 2.832779e-03
10 171 2 3.081273e-03
11 171 2 3.516782e-03
12 171 2 4.154739e-03
1 175 2 1.326312e-04
2 175 2 1.402221e-04
3 175 2 1.406243e-04
4 175 2 1.317114e-04
5 175 2 1.144365e-04
6 175 2 1.042806e-04
7 175 2 1.021169e-04
8 175 2 1.012547e-04
9 175 2 9.417795e-05
10 175 2 9.520058e-05
11 175 2 9.953132e-05
12 175 2 1.161038e-04
1 176 2 9.552832e-02
2 176 2 9.624455e-02
3 176 2 9.422310e-02
4 176 2 8.321947e-02
5 176 2 6.732084e-02
6 176 2 6.100530e-02
7 176 2 6.089405e-02
8 176 2 6.947201e-02
9 176 2 7.566221e-02
10 176 2 8.075001e-02
11 176 2 8.619462e-02
12 176 2 9.155984e-02
1 177 2 4.207112e-01
2 177 2 4.088165e-01
3 177 2 3.859989e-01
4 177 2 3.375303e-01
5 177 2 2.760079e-01
6 177 2 2.356874e-01
7 177 2 2.452291e-01
8 177 2 2.938296e-01
9 177 2 3.692978e-01
10 177 2 3.840556e-01
11 177 2 3.918456e-01
12 177 2 3.926461e-01
1 178 2 1.533084e-01
2 178 2 1.515167e-01
3 178 2 1.452398e-01
4 178 2 1.217343e-01
5 178 2 1.059946e-01
6 178 2 8.958903e-02
7 178 2 8.532788e-02
8 178 2 8.595587e-02
9 178 2 9.803051e-02
10 178 2 1.054780e-01
11 178 2 1.191315e-01
12 178 2 1.322609e-01
1 181 2 1.870883e-03
2 181 2 1.976066e-03
3 181 2 2.003278e-03
4 181 2 1.915402e-03
5 181 2 1.579609e-03
6 181 2 1.365883e-03
7 181 2 1.207722e-03
8 181 2 1.236005e-03
9 181 2 1.339086e-03
10 181 2 1.449980e-03
11 181 2 1.642121e-03
12 181 2 1.748384e-03
1 182 2 2.234583e-01
2 182 2 2.065444e-01
3 182 2 1.947621e-01
4 182 2 1.626921e-01
5 182 2 1.274024e-01
6 182 2 9.528935e-02
7 182 2 9.447919e-02
8 182 2 1.312905e-01
9 182 2 1.821798e-01
10 182 2 2.234370e-01
11 182 2 2.469438e-01
12 182 2 2.370296e-01
1 183 2 4.751501e-02
2 183 2 4.564612e-02
3 183 2 4.357779e-02
4 183 2 3.951315e-02
5 183 2 3.324568e-02
6 183 2 2.698281e-02
7 183 2 2.510467e-02
8 183 2 2.981084e-02
9 183 2 3.466188e-02
10 183 2 4.100497e-02
11 183 2 4.464196e-02
12 183 2 4.591714e-02
1 184 2 1.482180e-02
2 184 2 1.501830e-02
3 184 2 1.454499e-02
4 184 2 1.308955e-02
5 184 2 1.088196e-02
6 184 2 8.794674e-03
7 184 2 7.930585e-03
8 184 2 8.282721e-03
9 184 2 8.774158e-03
10 184 2 1.007602e-02
11 184 2 1.178962e-02
12 184 2 1.343755e-02
1 188 2 1.130331e-02
2 188 2 1.120476e-02
3 188 2 1.038580e-02
4 188 2 8.480717e-03
5 188 2 5.993831e-03
6 188 2 4.559120e-03
7 188 2 3.923085e-03
8 188 2 3.990668e-03
9 188 2 5.405338e-03
10 188 2 7.103376e-03
11 188 2 8.459416e-03
12 188 2 1.055117e-02
1 189 2 9.861600e-03
2 189 2 9.114107e-03
3 189 2 8.267307e-03
4 189 2 6.110768e-03
5 189 2 4.045876e-03
6 189 2 2.861091e-03
7 189 2 2.720286e-03
8 189 2 3.341412e-03
9 189 2 5.375246e-03
10 189 2 7.653563e-03
11 189 2 9.309286e-03
12 189 2 9.728158e-03
1 190 2 4.037905e-02
2 190 2 3.825989e-02
3 190 2 3.320967e-02
4 190 2 2.352171e-02
5 190 2 1.641110e-02
6 190 2 1.190531e-02
7 190 2 1.118638e-02
8 190 2 1.348515e-02
9 190 2 1.894139e-02
10 190 2 2.582170e-02
11 190 2 3.383467e-02
12 190 2 3.796188e-02
1 191 2 2.709009e-02
2 191 2 2.807249e-02
3 191 2 2.728660e-02
4 191 2 2.254179e-02
5 191 2 1.853654e-02
6 191 2 1.522744e-02
7 191 2 1.338748e-02
8 191 2 1.359615e-02
9 191 2 1.483368e-02
10 191 2 1.664928e-02
11 191 2 2.047687e-02
12 191 2 2.409085e-02
1 192 2 8.864229e-03
2 192 2 9.579767e-03
3 192 2 9.333652e-03
4 192 2 8.081545e-03
5 192 2 6.830124e-03
6 192 2 5.815576e-03
7 192 2 5.110735e-03
8 192 2 4.749072e-03
9 192 2 4.889866e-03
10 192 2 5.369632e-03
11 192 2 6.409953e-03
12 192 2 7.696951e-03
1 200 2 4.149004e-01
2 200 2 4.268293e-01
3 200 2 3.490527e-01
4 200 2 2.307488e-01
5 200 2 1.510366e-01
6 200 2 1.230054e-01
7 200 2 1.168615e-01
8 200 2 1.260252e-01
9 200 2 1.395952e-01
10 200 2 1.784792e-01
11 200 2 2.480232e-01
12 200 2 3.417255e-01
1 201 2 2.822868e-01
2 201 2 2.912615e-01
3 201 2 2.666326e-01
4 201 2 2.052347e-01
5 201 2 1.546640e-01
6 201 2 1.279578e-01
7 201 2 1.209272e-01
8 201 2 1.250883e-01
9 201 2 1.237999e-01
10 201 2 1.473059e-01
11 201 2 1.877754e-01
12 201 2 2.338685e-01
1 206 2 1.485350e-01
2 206 2 1.604371e-01
3 206 2 1.451527e-01
4 206 2 1.238654e-01
5 206 2 1.024360e-01
6 206 2 8.931557e-02
7 206 2 7.660552e-02
8 206 2 7.521692e-02
9 206 2 8.142153e-02
10 206 2 9.216458e-02
11 206 2 1.080382e-01
12 206 2 1.272801e-01
1 207 2 5.629430e-03
2 207 2 6.146631e-03
3 207 2 5.829334e-03
4 207 2 5.285753e-03
5 207 2 4.687684e-03
6 207 2 4.020606e-03
7 207 2 3.543803e-03
8 207 2 3.489743e-03
9 207 2 3.520928e-03
10 207 2 3.878175e-03
11 207 2 4.179523e-03
12 207 2 4.781116e-03
1 212 2 1.592689e-02
2 212 2 1.700097e-02
3 212 2 1.509003e-02
4 212 2 1.268605e-02
5 212 2 9.887770e-03
6 212 2 7.980252e-03
7 212 2 6.624061e-03
8 212 2 6.402094e-03
9 212 2 7.271029e-03
10 212 2 8.579473e-03
11 212 2 1.017675e-02
12 212 2 1.345561e-02
1 213 2 3.464276e-03
2 213 2 3.786194e-03
3 213 2 3.208650e-03
4 213 2 2.715205e-03
5 213 2 2.095143e-03
6 213 2 1.615061e-03
7 213 2 1.370713e-03
8 213 2 1.338148e-03
9 213 2 1.611856e-03
10 213 2 1.986427e-03
11 213 2 2.439307e-03
12 213 2 2.985023e-03
1 214 2 1.232093e-01
2 214 2 1.306173e-01
3 214 2 1.049429e-01
4 214 2 7.794474e-02
5 214 2 5.761546e-02
6 214 2 4.245996e-02
7 214 2 3.677097e-02
8 214 2 3.790809e-02
9 214 2 4.785087e-02
10 214 2 6.415168e-02
11 214 2 8.781776e-02
12 214 2 1.065077e-01
1 215 2 4.564982e-02
2 215 2 4.695693e-02
3 215 2 4.378015e-02
4 215 2 3.489093e-02
5 215 2 2.834034e-02
6 215 2 2.277087e-02
7 215 2 1.967718e-02
8 215 2 1.972557e-02
9 215 2 2.218272e-02
10 215 2 2.639031e-02
11 215 2 3.322904e-02
12 215 2 4.014251e-02
1 216 2 1.702779e-02
2 216 2 1.777826e-02
3 216 2 1.667163e-02
4 216 2 1.355307e-02
5 216 2 1.085252e-02
6 216 2 9.336072e-03
7 216 2 8.203975e-03
8 216 2 7.844521e-03
9 216 2 8.140081e-03
10 216 2 9.251966e-03
11 216 2 1.112855e-02
12 216 2 1.430219e-02
1 224 2 1.213435e-02
2 224 2 1.326571e-02
3 224 2 1.157595e-02
4 224 2 9.968632e-03
5 224 2 8.049856e-03
6 224 2 6.840817e-03
7 224 2 6.214816e-03
8 224 2 6.491304e-03
9 224 2 6.675566e-03
10 224 2 7.873510e-03
11 224 2 9.402526e-03
12 224 2 1.121795e-02
1 240 2 1.052110e-03
2 240 2 1.073146e-03
3 240 2 9.813657e-04
4 240 2 8.666997e-04
5 240 2 7.532736e-04
6 240 2 6.497247e-04
7 240 2 6.365447e-04
8 240 2 6.562406e-04
9 240 2 6.388108e-04
10 240 2 6.879325e-04
11 240 2 7.558689e-04
12 240 2 9.367680e-04
