1 7 2 6.923178e-07
2 7 2 5.914394e-07
3 7 2 6.468249e-07
4 7 2 1.671777e-06
5 7 2 5.752110e-06
6 7 2 1.549259e-05
7 7 2 2.096193e-05
8 7 2 1.429205e-05
9 7 2 6.180829e-06
10 7 2 2.709658e-06
11 7 2 1.435614e-06
12 7 2 8.469188e-07
1 25 2 5.831752e-04
2 25 2 5.537225e-04
3 25 2 7.801035e-04
4 25 2 1.423516e-03
5 25 2 3.982311e-03
6 25 2 7.221415e-03
7 25 2 8.754470e-03
8 25 2 6.713131e-03
9 25 2 3.793274e-03
10 25 2 1.775115e-03
11 25 2 8.463954e-04
12 25 2 4.901448e-04
1 26 2 4.273712e-04
2 26 2 3.517305e-04
3 26 2 5.816152e-04
4 26 2 1.298213e-03
5 26 2 3.656866e-03
6 26 2 6.984511e-03
7 26 2 7.578174e-03
8 26 2 5.670014e-03
9 26 2 3.101199e-03
10 26 2 1.248354e-03
11 26 2 6.522138e-04
12 26 2 4.032308e-04
1 27 2 1.874678e-03
2 27 2 1.655172e-03
3 27 2 2.901508e-03
4 27 2 7.389784e-03
5 27 2 2.081018e-02
6 27 2 4.301718e-02
7 27 2 4.851610e-02
8 27 2 3.651679e-02
9 27 2 1.887059e-02
10 27 2 7.086361e-03
11 27 2 3.755518e-03
12 27 2 2.323046e-03
1 28 2 7.214682e-05
2 28 2 6.565554e-05
3 28 2 1.104212e-04
4 28 2 3.001513e-04
5 28 2 8.571154e-04
6 28 2 1.835070e-03
7 28 2 2.187830e-03
8 28 2 1.648555e-03
9 28 2 8.480515e-04
10 28 2 3.302749e-04
11 28 2 1.648780e-04
12 28 2 1.027923e-04
1 29 2 9.662925e-05
2 29 2 9.141157e-05
3 29 2 1.456232e-04
4 29 2 4.378647e-04
5 29 2 1.309408e-03
6 29 2 3.222571e-03
7 29 2 4.389884e-03
8 29 2 3.266105e-03
9 29 2 1.499958e-03
10 29 2 5.559403e-04
11 29 2 2.627952e-04
12 29 2 1.640483e-04
1 30 2 2.197791e-05
2 30 2 1.922105e-05
3 30 2 3.054897e-05
4 30 2 9.350177e-05
5 30 2 2.590145e-04
6 30 2 7.044185e-04
7 30 2 1.021021e-03
8 30 2 7.819047e-04
9 30 2 3.537849e-04
10 30 2 1.384778e-04
11 30 2 6.387600e-05
12 30 2 3.825523e-05
1 31 2 3.919212e-05
2 31 2 3.020082e-05
3 31 2 4.587872e-05
4 31 2 1.276957e-04
5 31 2 3.297723e-04
6 31 2 8.682737e-04
7 31 2 1.224459e-03
8 31 2 9.883527e-04
9 31 2 4.944397e-04
10 31 2 2.264290e-04
11 31 2 1.087136e-04
12 31 2 6.058026e-05
1 32 2 4.629993e-05
2 32 2 3.832744e-05
3 32 2 5.357514e-05
4 32 2 1.190461e-04
5 32 2 3.179561e-04
6 32 2 7.531755e-04
7 32 2 9.716858e-04
8 32 2 8.026562e-04
9 32 2 4.482124e-04
10 32 2 2.310580e-04
11 32 2 1.194013e-04
12 32 2 6.192275e-05
1 35 2 2.998528e-03
2 35 2 2.857146e-03
3 35 2 3.103705e-03
4 35 2 4.135968e-03
5 35 2 6.483681e-03
6 35 2 9.901996e-03
7 35 2 1.191514e-02
8 35 2 1.094126e-02
9 35 2 7.436100e-03
10 35 2 5.376290e-03
11 35 2 4.072253e-03
12 35 2 3.308337e-03
1 36 2 3.598227e-04
2 36 2 3.378035e-04
3 36 2 3.743861e-04
4 36 2 4.496705e-04
5 36 2 6.149991e-04
6 36 2 8.871871e-04
7 36 2 1.044856e-03
8 36 2 1.064423e-03
9 36 2 8.125057e-04
10 36 2 6.365655e-04
11 36 2 4.872182e-04
12 36 2 4.037016e-04
1 37 2 8.998471e-03
2 37 2 8.709269e-03
3 37 2 1.097408e-02
4 37 2 1.411120e-02
5 37 2 2.133344e-02
6 37 2 3.235679e-02
7 37 2 3.763260e-02
8 37 2 3.699374e-02
9 37 2 2.722395e-02
10 37 2 2.041320e-02
11 37 2 1.438745e-02
12 37 2 1.102202e-02
1 38 2 3.135065e-02
2 38 2 3.132255e-02
3 38 2 4.771577e-02
4 38 2 7.074648e-02
5 38 2 1.291647e-01
6 38 2 2.291930e-01
7 38 2 2.716993e-01
8 38 2 2.356423e-01
9 38 2 1.522069e-01
10 38 2 1.040333e-01
11 38 2 5.944668e-02
12 38 2 4.289902e-02
1 39 2 6.553241e-02
2 39 2 6.827158e-02
3 39 2 1.105859e-01
4 39 2 1.707538e-01
5 39 2 3.313189e-01
6 39 2 6.405229e-01
7 39 2 7.953503e-01
8 39 2 6.439297e-01
9 39 2 4.058767e-01
10 39 2 2.563063e-01
11 39 2 1.297367e-01
12 39 2 9.469840e-02
1 40 2 1.630511e-02
2 40 2 1.788953e-02
3 40 2 3.190573e-02
4 40 2 5.365201e-02
5 40 2 1.172860e-01
6 40 2 2.662909e-01
7 40 2 3.331710e-01
8 40 2 2.444059e-01
9 40 2 1.505515e-01
10 40 2 8.111858e-02
11 40 2 3.474885e-02
12 40 2 2.588681e-02
1 41 2 8.684538e-03
2 41 2 9.284205e-03
3 41 2 1.860524e-02
4 41 2 3.313724e-02
5 41 2 8.311307e-02
6 41 2 2.109079e-01
7 41 2 2.726914e-01
8 41 2 1.912645e-01
9 41 2 1.068875e-01
10 41 2 4.632602e-02
11 41 2 1.779721e-02
12 41 2 1.483375e-02
1 42 2 4.697093e-03
2 42 2 4.913253e-03
3 42 2 1.059536e-02
4 42 2 2.090139e-02
5 42 2 5.941913e-02
6 42 2 1.648109e-01
7 42 2 2.307159e-01
8 42 2 1.540757e-01
9 42 2 7.296291e-02
10 42 2 2.611265e-02
11 42 2 9.735293e-03
12 42 2 7.986391e-03
1 43 2 1.319804e-04
2 43 2 1.368467e-04
3 43 2 3.228872e-04
4 43 2 7.878543e-04
5 43 2 2.637093e-03
6 43 2 7.777198e-03
7 43 2 1.136919e-02
8 43 2 7.136786e-03
9 43 2 2.918365e-03
10 43 2 8.960122e-04
11 43 2 3.055594e-04
12 43 2 2.141078e-04
1 44 2 5.446262e-04
2 44 2 5.472267e-04
3 44 2 1.190302e-03
4 44 2 3.217953e-03
5 44 2 1.202217e-02
6 44 2 3.788585e-02
7 44 2 5.537225e-02
8 44 2 3.338912e-02
9 44 2 1.203628e-02
10 44 2 3.566105e-03
11 44 2 1.170406e-03
12 44 2 7.913258e-04
1 45 2 1.251003e-03
2 45 2 1.402009e-03
3 45 2 2.554704e-03
4 45 2 7.534025e-03
5 45 2 3.155103e-02
6 45 2 1.046896e-01
7 45 2 1.464594e-01
8 45 2 8.917895e-02
9 45 2 3.066663e-02
10 45 2 7.829831e-03
11 45 2 2.269531e-03
12 45 2 1.483253e-03
1 46 2 5.672793e-04
2 46 2 7.136512e-04
3 46 2 1.121806e-03
4 46 2 3.115141e-03
5 46 2 1.223303e-02
6 46 2 3.794549e-02
7 46 2 5.308306e-02
8 46 2 3.326246e-02
9 46 2 1.249433e-02
10 46 2 3.028477e-03
11 46 2 8.326477e-04
12 46 2 5.937942e-04
1 47 2 7.454679e-04
2 47 2 9.487105e-04
3 47 2 1.336882e-03
4 47 2 2.995320e-03
5 47 2 1.020955e-02
6 47 2 2.812728e-02
7 47 2 3.814660e-02
8 47 2 2.586613e-02
9 47 2 1.095768e-02
10 47 2 3.379769e-03
11 47 2 9.971202e-04
12 47 2 7.579439e-04
1 48 2 1.009111e-03
2 48 2 1.159204e-03
3 48 2 1.594420e-03
4 48 2 3.113565e-03
5 48 2 9.661991e-03
6 48 2 2.222423e-02
7 48 2 2.953394e-02
8 48 2 2.077882e-02
9 48 2 9.891558e-03
10 48 2 3.687923e-03
11 48 2 1.327606e-03
12 48 2 8.803874e-04
1 49 2 2.224144e-04
2 49 2 2.023775e-04
3 49 2 2.295554e-04
4 49 2 2.686743e-04
5 49 2 3.842615e-04
6 49 2 5.846316e-04
7 49 2 8.718818e-04
8 49 2 8.198823e-04
9 49 2 5.718585e-04
10 49 2 4.092198e-04
11 49 2 2.987636e-04
12 49 2 2.179475e-04
1 50 2 9.079394e-04
2 50 2 7.837326e-04
3 50 2 9.186557e-04
4 50 2 1.047172e-03
5 50 2 1.473822e-03
6 50 2 2.162813e-03
7 50 2 2.985001e-03
8 50 2 2.870564e-03
9 50 2 2.078550e-03
10 50 2 1.481678e-03
11 50 2 1.109304e-03
12 50 2 8.734555e-04
1 51 2 3.485199e-04
2 51 2 3.180790e-04
3 51 2 3.456280e-04
4 51 2 3.989690e-04
5 51 2 5.438049e-04
6 51 2 7.626432e-04
7 51 2 9.938354e-04
8 51 2 9.855829e-04
9 51 2 8.188750e-04
10 51 2 5.759757e-04
11 51 2 4.316726e-04
12 51 2 3.617548e-04
1 52 2 1.298020e-01
2 52 2 1.364331e-01
3 52 2 1.713909e-01
4 52 2 2.498646e-01
5 52 2 4.225540e-01
6 52 2 5.815289e-01
7 52 2 7.459188e-01
8 52 2 6.976895e-01
9 52 2 5.632009e-01
10 52 2 3.217370e-01
11 52 2 1.936542e-01
12 52 2 1.493369e-01
1 53 2 3.456550e-02
2 53 2 4.336707e-02
3 53 2 7.347296e-02
4 53 2 1.603695e-01
5 53 2 3.053926e-01
6 53 2 4.560289e-01
7 53 2 6.330222e-01
8 53 2 5.394086e-01
9 53 2 3.650760e-01
10 53 2 1.610139e-01
11 53 2 7.181651e-02
12 53 2 4.549868e-02
1 54 2 1.814388e-02
2 54 2 2.353726e-02
3 54 2 4.401563e-02
4 54 2 1.093745e-01
5 54 2 2.154337e-01
6 54 2 4.161196e-01
7 54 2 5.911177e-01
8 54 2 4.956674e-01
9 54 2 3.006144e-01
10 54 2 1.278505e-01
11 54 2 5.480258e-02
12 54 2 3.023017e-02
1 55 2 1.211359e-02
2 55 2 1.350988e-02
3 55 2 2.520232e-02
4 55 2 5.901249e-02
5 55 2 1.171047e-01
6 55 2 2.500886e-01
7 55 2 3.476422e-01
8 55 2 2.998112e-01
9 55 2 1.901208e-01
10 55 2 9.115989e-02
11 55 2 4.265023e-02
12 55 2 2.442164e-02
1 56 2 4.270544e-02
2 56 2 4.431892e-02
3 56 2 7.676155e-02
4 56 2 1.711673e-01
5 56 2 3.741489e-01
6 56 2 7.375298e-01
7 56 2 1.019699e+00
8 56 2 8.462990e-01
9 56 2 5.531610e-01
10 56 2 2.850086e-01
11 56 2 1.284925e-01
12 56 2 7.369167e-02
1 57 2 8.628766e-03
2 57 2 8.232699e-03
3 57 2 1.012575e-02
4 57 2 1.536930e-02
5 57 2 2.571525e-02
6 57 2 4.184193e-02
7 57 2 5.958338e-02
8 57 2 5.369918e-02
9 57 2 3.995223e-02
10 57 2 2.566323e-02
11 57 2 1.569320e-02
12 57 2 1.127799e-02
1 60 2 1.035966e+00
2 60 2 1.003240e+00
3 60 2 1.150517e+00
4 60 2 1.364496e+00
5 60 2 1.682315e+00
6 60 2 2.213915e+00
7 60 2 2.577440e+00
8 60 2 2.578524e+00
9 60 2 2.188248e+00
10 60 2 1.786337e+00
11 60 2 1.428652e+00
12 60 2 1.184206e+00
1 61 2 1.830195e+00
2 61 2 1.841204e+00
3 61 2 2.589622e+00
4 61 2 3.900517e+00
5 61 2 5.689664e+00
6 61 2 8.015816e+00
7 61 2 9.485942e+00
8 61 2 9.126261e+00
9 61 2 7.091345e+00
10 61 2 4.823576e+00
11 61 2 3.146711e+00
12 61 2 2.207077e+00
1 62 2 7.642785e-01
2 62 2 8.370648e-01
3 62 2 1.317693e+00
4 62 2 2.385426e+00
5 62 2 4.091520e+00
6 62 2 5.804148e+00
7 62 2 7.097300e+00
8 62 2 6.625072e+00
9 62 2 4.616498e+00
10 62 2 2.752997e+00
11 62 2 1.494999e+00
12 62 2 9.729028e-01
1 63 2 1.006578e+00
2 63 2 1.221942e+00
3 63 2 2.044630e+00
4 63 2 4.300375e+00
5 63 2 8.253128e+00
6 63 2 1.226959e+01
7 63 2 1.568984e+01
8 63 2 1.365324e+01
9 63 2 8.338968e+00
10 63 2 4.554001e+00
11 63 2 2.103526e+00
12 63 2 1.377057e+00
1 64 2 2.406509e-01
2 64 2 3.082989e-01
3 64 2 5.870755e-01
4 64 2 1.390586e+00
5 64 2 2.978197e+00
6 64 2 4.770389e+00
7 64 2 6.046572e+00
8 64 2 4.727069e+00
9 64 2 2.706649e+00
10 64 2 1.196550e+00
11 64 2 5.467645e-01
12 64 2 3.741826e-01
1 65 2 8.133574e-02
2 65 2 1.008568e-01
3 65 2 2.209584e-01
4 65 2 6.231103e-01
5 65 2 1.306464e+00
6 65 2 2.220384e+00
7 65 2 2.877933e+00
8 65 2 2.147933e+00
9 65 2 1.218240e+00
10 65 2 4.323001e-01
11 65 2 1.903070e-01
12 65 2 1.379152e-01
1 66 2 5.389006e-02
2 66 2 6.662492e-02
3 66 2 1.583865e-01
4 66 2 5.196136e-01
5 66 2 1.080425e+00
6 66 2 1.857840e+00
7 66 2 2.562271e+00
8 66 2 1.937079e+00
9 66 2 1.095774e+00
10 66 2 3.630426e-01
11 66 2 1.391233e-01
12 66 2 8.629550e-02
1 67 2 1.835353e-02
2 67 2 2.447358e-02
3 67 2 6.223648e-02
4 67 2 2.299070e-01
5 67 2 5.216456e-01
6 67 2 8.896703e-01
7 67 2 1.243857e+00
8 67 2 9.572500e-01
9 67 2 5.235492e-01
10 67 2 1.925334e-01
11 67 2 6.088053e-02
12 67 2 2.740200e-02
1 68 2 4.512614e-03
2 68 2 6.059227e-03
3 68 2 1.799556e-02
4 68 2 8.271710e-02
5 68 2 2.254147e-01
6 68 2 4.319644e-01
7 68 2 6.193552e-01
8 68 2 4.606354e-01
9 68 2 2.210634e-01
10 68 2 8.121605e-02
11 68 2 1.852014e-02
12 68 2 6.444365e-03
1 69 2 2.773102e-03
2 69 2 3.931743e-03
3 69 2 9.402495e-03
4 69 2 4.123051e-02
5 69 2 1.322076e-01
6 69 2 3.128840e-01
7 69 2 4.583726e-01
8 69 2 3.528541e-01
9 69 2 1.515838e-01
10 69 2 4.928921e-02
11 69 2 9.550470e-03
12 69 2 3.591596e-03
1 70 2 1.145486e-02
2 70 2 1.338854e-02
3 70 2 1.918539e-02
4 70 2 5.005370e-02
5 70 2 1.255188e-01
6 70 2 3.047953e-01
7 70 2 4.933669e-01
8 70 2 4.496566e-01
9 70 2 2.321725e-01
10 70 2 8.275767e-02
11 70 2 2.516995e-02
12 70 2 1.416886e-02
1 71 2 9.463560e-03
2 71 2 9.603300e-03
3 71 2 1.086686e-02
4 71 2 1.743803e-02
5 71 2 3.377099e-02
6 71 2 7.044945e-02
7 71 2 1.081178e-01
8 71 2 1.074962e-01
9 71 2 6.896854e-02
10 71 2 3.284880e-02
11 71 2 1.569271e-02
12 71 2 1.089912e-02
1 72 2 3.977736e-05
2 72 2 3.799084e-05
3 72 2 4.115913e-05
4 72 2 5.247829e-05
5 72 2 8.165235e-05
6 72 2 1.420778e-04
7 72 2 2.200623e-04
8 72 2 2.116483e-04
9 72 2 1.480762e-04
10 72 2 8.978503e-05
11 72 2 5.531996e-05
12 72 2 3.950572e-05
1 76 2 3.170567e-01
2 76 2 2.900742e-01
3 76 2 2.929937e-01
4 76 2 3.187074e-01
5 76 2 4.332880e-01
6 76 2 6.178412e-01
7 76 2 8.284907e-01
8 76 2 8.841514e-01
9 76 2 8.424244e-01
10 76 2 5.625712e-01
11 76 2 3.631633e-01
12 76 2 3.176179e-01
1 77 2 3.081380e-01
2 77 2 4.001148e-01
3 77 2 5.241264e-01
4 77 2 8.471035e-01
5 77 2 1.422321e+00
6 77 2 2.195915e+00
7 77 2 2.983656e+00
8 77 2 2.831974e+00
9 77 2 2.097806e+00
10 77 2 1.059836e+00
11 77 2 4.650593e-01
12 77 2 2.931246e-01
1 78 2 3.534529e-01
2 78 2 4.829436e-01
3 78 2 6.725279e-01
4 78 2 1.206249e+00
5 78 2 1.886226e+00
6 78 2 2.994672e+00
7 78 2 3.696591e+00
8 78 2 3.461409e+00
9 78 2 2.244340e+00
10 78 2 1.190217e+00
11 78 2 6.427431e-01
12 78 2 3.710773e-01
1 79 2 1.139747e+00
2 79 2 1.398488e+00
3 79 2 2.053384e+00
4 79 2 3.405877e+00
5 79 2 5.174473e+00
6 79 2 8.453384e+00
7 79 2 1.035857e+01
8 79 2 9.812904e+00
9 79 2 6.775868e+00
10 79 2 4.090222e+00
11 79 2 2.330397e+00
12 79 2 1.427559e+00
1 80 2 5.552360e-01
2 80 2 5.563201e-01
3 80 2 6.990510e-01
4 80 2 9.451972e-01
5 80 2 1.409678e+00
6 80 2 2.144774e+00
7 80 2 2.761722e+00
8 80 2 2.734059e+00
9 80 2 2.269219e+00
10 80 2 1.590959e+00
11 80 2 9.281023e-01
12 80 2 6.860221e-01
1 81 2 1.306126e-07
2 81 2 1.183665e-07
3 81 2 1.246720e-07
4 81 2 1.478305e-07
5 81 2 2.128745e-07
6 81 2 2.868423e-07
7 81 2 3.827417e-07
8 81 2 4.106733e-07
9 81 2 3.734302e-07
10 81 2 2.865305e-07
11 81 2 1.894076e-07
12 81 2 1.550672e-07
1 84 2 8.484228e-01
2 84 2 8.969964e-01
3 84 2 1.109405e+00
4 84 2 1.401941e+00
5 84 2 1.879580e+00
6 84 2 3.079828e+00
7 84 2 4.124886e+00
8 84 2 3.952665e+00
9 84 2 2.965869e+00
10 84 2 1.871761e+00
11 84 2 1.257406e+00
12 84 2 9.605224e-01
1 85 2 6.347804e-01
2 85 2 7.148128e-01
3 85 2 9.293719e-01
4 85 2 1.350291e+00
5 85 2 2.161521e+00
6 85 2 3.302062e+00
7 85 2 4.568710e+00
8 85 2 4.346253e+00
9 85 2 3.129598e+00
10 85 2 1.726304e+00
11 85 2 9.735630e-01
12 85 2 7.064182e-01
1 86 2 2.100500e-01
2 86 2 2.378205e-01
3 86 2 3.039171e-01
4 86 2 4.414471e-01
5 86 2 7.094928e-01
6 86 2 1.029458e+00
7 86 2 1.414203e+00
8 86 2 1.418829e+00
9 86 2 1.050203e+00
10 86 2 6.090014e-01
11 86 2 3.354680e-01
12 86 2 2.397567e-01
1 87 2 2.843594e-01
2 87 2 3.847056e-01
3 87 2 5.492891e-01
4 87 2 8.683008e-01
5 87 2 1.523318e+00
6 87 2 2.289741e+00
7 87 2 3.104180e+00
8 87 2 3.163056e+00
9 87 2 2.293230e+00
10 87 2 1.291149e+00
11 87 2 5.672969e-01
12 87 2 3.448303e-01
1 88 2 1.248818e-01
2 88 2 1.773422e-01
3 88 2 2.780987e-01
4 88 2 5.276625e-01
5 88 2 1.082919e+00
6 88 2 1.702051e+00
7 88 2 2.179713e+00
8 88 2 1.911779e+00
9 88 2 1.235392e+00
10 88 2 5.838233e-01
11 88 2 2.993081e-01
12 88 2 1.662547e-01
1 89 2 1.630526e-01
2 89 2 2.268665e-01
3 89 2 4.305855e-01
4 89 2 8.098580e-01
5 89 2 1.616165e+00
6 89 2 2.414362e+00
7 89 2 2.816509e+00
8 89 2 2.466591e+00
9 89 2 1.609710e+00
10 89 2 7.660135e-01
11 89 2 4.214990e-01
12 89 2 2.333015e-01
1 90 2 3.176644e-02
2 90 2 4.186711e-02
3 90 2 8.308080e-02
4 90 2 1.491124e-01
5 90 2 2.289533e-01
6 90 2 3.030581e-01
7 90 2 3.403530e-01
8 90 2 3.149208e-01
9 90 2 2.295007e-01
10 90 2 1.368874e-01
11 90 2 7.547334e-02
12 90 2 4.296531e-02
1 91 2 1.136080e-03
2 91 2 1.607503e-03
3 91 2 3.358430e-03
4 91 2 6.346378e-03
5 91 2 9.366263e-03
6 91 2 1.190539e-02
7 91 2 1.336802e-02
8 91 2 1.225976e-02
9 91 2 8.815021e-03
10 91 2 5.456519e-03
11 91 2 2.828001e-03
12 91 2 1.451773e-03
1 92 2 6.481024e-03
2 92 2 9.257748e-03
3 92 2 2.320684e-02
4 92 2 5.536614e-02
5 92 2 1.044125e-01
6 92 2 1.599967e-01
7 92 2 1.920545e-01
8 92 2 1.748004e-01
9 92 2 1.093568e-01
10 92 2 5.811963e-02
11 92 2 2.279456e-02
12 92 2 9.785144e-03
1 93 2 1.250968e-01
2 93 2 1.509404e-01
3 93 2 3.103415e-01
4 93 2 7.232854e-01
5 93 2 1.290300e+00
6 93 2 2.047616e+00
7 93 2 2.746770e+00
8 93 2 2.700309e+00
9 93 2 1.816241e+00
10 93 2 1.045934e+00
11 93 2 4.479260e-01
12 93 2 1.865702e-01
1 94 2 3.152623e-01
2 94 2 3.136730e-01
3 94 2 4.188292e-01
4 94 2 7.422426e-01
5 94 2 1.266963e+00
6 94 2 1.994988e+00
7 94 2 2.756068e+00
8 94 2 3.003504e+00
9 94 2 2.474032e+00
10 94 2 1.493321e+00
11 94 2 8.015024e-01
12 94 2 4.379217e-01
1 98 2 4.018272e-02
2 98 2 3.740478e-02
3 98 2 3.522240e-02
4 98 2 3.750171e-02
5 98 2 4.256187e-02
6 98 2 4.870336e-02
7 98 2 5.478128e-02
8 98 2 5.773680e-02
9 98 2 5.697330e-02
10 98 2 5.385498e-02
11 98 2 4.844217e-02
12 98 2 4.408289e-02
1 101 2 4.804200e-02
2 101 2 4.936480e-02
3 101 2 5.058613e-02
4 101 2 6.238037e-02
5 101 2 8.022239e-02
6 101 2 9.366800e-02
7 101 2 9.998524e-02
8 101 2 1.001887e-01
9 101 2 9.631808e-02
10 101 2 8.258288e-02
11 101 2 6.350398e-02
12 101 2 5.093473e-02
1 102 2 4.404016e-01
2 102 2 4.978132e-01
3 102 2 6.118217e-01
4 102 2 7.652659e-01
5 102 2 8.855938e-01
6 102 2 9.667844e-01
7 102 2 9.940085e-01
8 102 2 1.006569e+00
9 102 2 9.071994e-01
10 102 2 6.989074e-01
11 102 2 5.609607e-01
12 102 2 4.597770e-01
1 103 2 3.969239e-01
2 103 2 4.050641e-01
3 103 2 4.414691e-01
4 103 2 4.988434e-01
5 103 2 5.809428e-01
6 103 2 6.648147e-01
7 103 2 7.192451e-01
8 103 2 7.548317e-01
9 103 2 7.403338e-01
10 103 2 6.469874e-01
11 103 2 5.322488e-01
12 103 2 4.425472e-01
1 104 2 8.067510e-02
2 104 2 7.741379e-02
3 104 2 7.825494e-02
4 104 2 8.579525e-02
5 104 2 1.003214e-01
6 104 2 1.151236e-01
7 104 2 1.292062e-01
8 104 2 1.395742e-01
9 104 2 1.406976e-01
10 104 2 1.314394e-01
11 104 2 1.081208e-01
12 104 2 8.952388e-02
1 107 2 4.562172e-02
2 107 2 4.813009e-02
3 107 2 5.619360e-02
4 107 2 6.439167e-02
5 107 2 7.221121e-02
6 107 2 9.244770e-02
7 107 2 1.010493e-01
8 107 2 1.006404e-01
9 107 2 9.421446e-02
10 107 2 8.058654e-02
11 107 2 6.406335e-02
12 107 2 5.009995e-02
1 108 2 3.907332e-03
2 108 2 4.993574e-03
3 108 2 7.253702e-03
4 108 2 1.123440e-02
5 108 2 1.743879e-02
6 108 2 2.393528e-02
7 108 2 2.562200e-02
8 108 2 2.264445e-02
9 108 2 1.832293e-02
10 108 2 1.264156e-02
11 108 2 6.584967e-03
12 108 2 4.191974e-03
1 109 2 7.419451e-03
2 109 2 9.800013e-03
3 109 2 1.532785e-02
4 109 2 2.660018e-02
5 109 2 4.532095e-02
6 109 2 5.712936e-02
7 109 2 5.804858e-02
8 109 2 5.336295e-02
9 109 2 4.285198e-02
10 109 2 3.006770e-02
11 109 2 1.337336e-02
12 109 2 7.812223e-03
1 110 2 3.268106e-03
2 110 2 4.162942e-03
3 110 2 6.685897e-03
4 110 2 1.034951e-02
5 110 2 1.605167e-02
6 110 2 1.858861e-02
7 110 2 1.998455e-02
8 110 2 1.976456e-02
9 110 2 1.664130e-02
10 110 2 1.213256e-02
11 110 2 5.868577e-03
12 110 2 3.454308e-03
1 111 2 1.121408e-01
2 111 2 1.402554e-01
3 111 2 2.270705e-01
4 111 2 3.441442e-01
5 111 2 5.201237e-01
6 111 2 6.670475e-01
7 111 2 7.051192e-01
8 111 2 6.983934e-01
9 111 2 5.947430e-01
10 111 2 3.871489e-01
11 111 2 2.085543e-01
12 111 2 1.273888e-01
1 112 2 1.291809e-01
2 112 2 1.665630e-01
3 112 2 2.921989e-01
4 112 2 4.859097e-01
5 112 2 7.389075e-01
6 112 2 9.004461e-01
7 112 2 9.170801e-01
8 112 2 8.548134e-01
9 112 2 6.525560e-01
10 112 2 4.332146e-01
11 112 2 2.486199e-01
12 112 2 1.528242e-01
1 113 2 7.412561e-02
2 113 2 9.391025e-02
3 113 2 1.577698e-01
4 113 2 2.359303e-01
5 113 2 2.903348e-01
6 113 2 2.535053e-01
7 113 2 2.175225e-01
8 113 2 2.077517e-01
9 113 2 2.054762e-01
10 113 2 1.876194e-01
11 113 2 1.312280e-01
12 113 2 8.863272e-02
1 114 2 2.020824e-01
2 114 2 2.740339e-01
3 114 2 4.882382e-01
4 114 2 7.116972e-01
5 114 2 8.210893e-01
6 114 2 6.010836e-01
7 114 2 4.964543e-01
8 114 2 4.550606e-01
9 114 2 4.391497e-01
10 114 2 3.930470e-01
11 114 2 2.996282e-01
12 114 2 2.219457e-01
1 115 2 7.182706e-02
2 115 2 1.045019e-01
3 115 2 1.656526e-01
4 115 2 2.053409e-01
5 115 2 1.833791e-01
6 115 2 1.702615e-01
7 115 2 1.642140e-01
8 115 2 1.575517e-01
9 115 2 1.449006e-01
10 115 2 1.294909e-01
11 115 2 9.836679e-02
12 115 2 7.057078e-02
1 116 2 6.245078e-02
2 116 2 7.994462e-02
3 116 2 1.222544e-01
4 116 2 1.730466e-01
5 116 2 2.012641e-01
6 116 2 2.291888e-01
7 116 2 2.402777e-01
8 116 2 2.299990e-01
9 116 2 1.863248e-01
10 116 2 1.489625e-01
11 116 2 1.082184e-01
12 116 2 7.128962e-02
1 117 2 1.657022e-02
2 117 2 1.730345e-02
3 117 2 2.185266e-02
4 117 2 2.991348e-02
5 117 2 3.809239e-02
6 117 2 4.513106e-02
7 117 2 4.804672e-02
8 117 2 4.798371e-02
9 117 2 4.378223e-02
10 117 2 3.748023e-02
11 117 2 3.025637e-02
12 117 2 2.185682e-02
1 126 2 8.856779e-04
2 126 2 9.205715e-04
3 126 2 9.977737e-04
4 126 2 1.053588e-03
5 126 2 1.040955e-03
6 126 2 9.674509e-04
7 126 2 9.325665e-04
8 126 2 9.416775e-04
9 126 2 9.366924e-04
10 126 2 9.204501e-04
11 126 2 8.993940e-04
12 126 2 8.857765e-04
1 127 2 8.925033e-02
2 127 2 9.076941e-02
3 127 2 9.580517e-02
4 127 2 9.946611e-02
5 127 2 1.008212e-01
6 127 2 9.765811e-02
7 127 2 9.768506e-02
8 127 2 9.992677e-02
9 127 2 9.886155e-02
10 127 2 9.489939e-02
11 127 2 9.196927e-02
12 127 2 9.083086e-02
1 128 2 4.042881e-01
2 128 2 4.152001e-01
3 128 2 4.262294e-01
4 128 2 4.160724e-01
5 128 2 4.047358e-01
6 128 2 3.925779e-01
7 128 2 4.184156e-01
8 128 2 4.757403e-01
9 128 2 5.002366e-01
10 128 2 4.724970e-01
11 128 2 4.296670e-01
12 128 2 4.048318e-01
1 129 2 1.153248e-02
2 129 2 1.137414e-02
3 129 2 1.166100e-02
4 129 2 1.199917e-02
5 129 2 1.218432e-02
6 129 2 1.251393e-02
7 129 2 1.307582e-02
8 129 2 1.425263e-02
9 129 2 1.489099e-02
10 129 2 1.495660e-02
11 129 2 1.365588e-02
12 129 2 1.213159e-02
1 133 2 2.477538e-01
2 133 2 2.880504e-01
3 133 2 3.457890e-01
4 133 2 3.550338e-01
5 133 2 3.386659e-01
6 133 2 3.112797e-01
7 133 2 2.778201e-01
8 133 2 2.601469e-01
9 133 2 2.712753e-01
10 133 2 2.889186e-01
11 133 2 2.756330e-01
12 133 2 2.411791e-01
1 135 2 1.070592e-02
2 135 2 1.206182e-02
3 135 2 1.434426e-02
4 135 2 1.544810e-02
5 135 2 1.484414e-02
6 135 2 1.324250e-02
7 135 2 1.144020e-02
8 135 2 1.155470e-02
9 135 2 1.227818e-02
10 135 2 1.154692e-02
11 135 2 1.106762e-02
12 135 2 1.039652e-02
1 136 2 1.197825e-02
2 136 2 1.232804e-02
3 136 2 1.524592e-02
4 136 2 1.853440e-02
5 136 2 2.029600e-02
6 136 2 1.851770e-02
7 136 2 1.638600e-02
8 136 2 1.634841e-02
9 136 2 1.643291e-02
10 136 2 1.545841e-02
11 136 2 1.461584e-02
12 136 2 1.297905e-02
1 137 2 2.915864e-03
2 137 2 3.059042e-03
3 137 2 3.507255e-03
4 137 2 3.853958e-03
5 137 2 3.804090e-03
6 137 2 3.500144e-03
7 137 2 3.238006e-03
8 137 2 3.124352e-03
9 137 2 3.126315e-03
10 137 2 3.256899e-03
11 137 2 3.220057e-03
12 137 2 3.036225e-03
1 138 2 1.164931e-01
2 138 2 1.281027e-01
3 138 2 1.486181e-01
4 138 2 1.654027e-01
5 138 2 1.668812e-01
6 138 2 1.466718e-01
7 138 2 1.358774e-01
8 138 2 1.310369e-01
9 138 2 1.313944e-01
10 138 2 1.321600e-01
11 138 2 1.281977e-01
12 138 2 1.188927e-01
1 139 2 1.977925e-01
2 139 2 2.252491e-01
3 139 2 2.516937e-01
4 139 2 2.641705e-01
5 139 2 2.604476e-01
6 139 2 2.425475e-01
7 139 2 2.294866e-01
8 139 2 2.209187e-01
9 139 2 2.180553e-01
10 139 2 2.197481e-01
11 139 2 2.091071e-01
12 139 2 1.914097e-01
1 140 2 6.578393e-02
2 140 2 6.802303e-02
3 140 2 7.387829e-02
4 140 2 8.370289e-02
5 140 2 8.888049e-02
6 140 2 8.536987e-02
7 140 2 8.083139e-02
8 140 2 7.796119e-02
9 140 2 7.682464e-02
10 140 2 7.724923e-02
11 140 2 7.561768e-02
12 140 2 7.049877e-02
1 141 2 1.022064e-01
2 141 2 1.011489e-01
3 141 2 1.040460e-01
4 141 2 1.141897e-01
5 141 2 1.232258e-01
6 141 2 1.218502e-01
7 141 2 1.185552e-01
8 141 2 1.149625e-01
9 141 2 1.139882e-01
10 141 2 1.142562e-01
11 141 2 1.153966e-01
12 141 2 1.120411e-01
1 150 2 1.181748e-04
2 150 2 1.293609e-04
3 150 2 1.384662e-04
4 150 2 1.415930e-04
5 150 2 1.324878e-04
6 150 2 1.168483e-04
7 150 2 1.065983e-04
8 150 2 1.040241e-04
9 150 2 1.006611e-04
10 150 2 9.837087e-05
11 150 2 1.002834e-04
12 150 2 1.066987e-04
1 151 2 7.668292e-02
2 151 2 8.156123e-02
3 151 2 8.647909e-02
4 151 2 8.851823e-02
5 151 2 8.564755e-02
6 151 2 8.062086e-02
7 151 2 7.883949e-02
8 151 2 8.188333e-02
9 151 2 7.796020e-02
10 151 2 7.315759e-02
11 151 2 7.101241e-02
12 151 2 7.278399e-02
1 152 2 6.079365e-02
2 152 2 6.157950e-02
3 152 2 6.214956e-02
4 152 2 5.905813e-02
5 152 2 5.677069e-02
6 152 2 5.575679e-02
7 152 2 6.374492e-02
8 152 2 8.499617e-02
9 152 2 9.023274e-02
10 152 2 7.690620e-02
11 152 2 6.595025e-02
12 152 2 6.099044e-02
1 153 2 7.045004e-02
2 153 2 7.215892e-02
3 153 2 7.613263e-02
4 153 2 7.467607e-02
5 153 2 7.211481e-02
6 153 2 7.080228e-02
7 153 2 8.264875e-02
8 153 2 1.080070e-01
9 153 2 1.313667e-01
10 153 2 1.174148e-01
11 153 2 8.881828e-02
12 153 2 7.410684e-02
1 154 2 1.917089e-01
2 154 2 1.906688e-01
3 154 2 1.984153e-01
4 154 2 1.901187e-01
5 154 2 1.777783e-01
6 154 2 1.599137e-01
7 154 2 1.510005e-01
8 154 2 1.573020e-01
9 154 2 1.773560e-01
10 154 2 1.993164e-01
11 154 2 2.100573e-01
12 154 2 2.031154e-01
1 157 2 7.641302e-03
2 157 2 7.934729e-03
3 157 2 8.495264e-03
4 157 2 8.375589e-03
5 157 2 8.163792e-03
6 157 2 7.675368e-03
7 157 2 7.323395e-03
8 157 2 7.249576e-03
9 157 2 7.197178e-03
10 157 2 7.322670e-03
11 157 2 7.375168e-03
12 157 2 7.471415e-03
1 163 2 3.554595e-02
2 163 2 3.602222e-02
3 163 2 3.709117e-02
4 163 2 3.931688e-02
5 163 2 3.935525e-02
6 163 2 3.638548e-02
7 163 2 3.363825e-02
8 163 2 3.158698e-02
9 163 2 3.203929e-02
10 163 2 3.389634e-02
11 163 2 3.522140e-02
12 163 2 3.549737e-02
1 164 2 1.344986e-01
2 164 2 1.333486e-01
3 164 2 1.370606e-01
4 164 2 1.434546e-01
5 164 2 1.417671e-01
6 164 2 1.311237e-01
7 164 2 1.213665e-01
8 164 2 1.185527e-01
9 164 2 1.269458e-01
10 164 2 1.390748e-01
11 164 2 1.418834e-01
12 164 2 1.395207e-01
1 165 2 5.997966e-02
2 165 2 5.878431e-02
3 165 2 5.952332e-02
4 165 2 6.083989e-02
5 165 2 6.017211e-02
6 165 2 5.536687e-02
7 165 2 5.220338e-02
8 165 2 5.283929e-02
9 165 2 5.632098e-02
10 165 2 6.021933e-02
11 165 2 6.334822e-02
12 165 2 6.342285e-02
1 166 2 2.623732e-02
2 166 2 2.597539e-02
3 166 2 2.554624e-02
4 166 2 2.542638e-02
5 166 2 2.459383e-02
6 166 2 2.274520e-02
7 166 2 2.147835e-02
8 166 2 2.163859e-02
9 166 2 2.244844e-02
10 166 2 2.361411e-02
11 166 2 2.545948e-02
12 166 2 2.674226e-02
1 170 2 1.176416e-03
2 170 2 1.293825e-03
3 170 2 1.271176e-03
4 170 2 1.155431e-03
5 170 2 9.628190e-04
6 170 2 8.095626e-04
7 170 2 7.657195e-04
8 170 2 7.310156e-04
9 170 2 7.433106e-04
10 170 2 8.276711e-04
11 170 2 9.131810e-04
12 170 2 1.051584e-03
1 171 2 4.225360e-03
2 171 2 4.638231e-03
3 171 2 4.694382e-03
4 171 2 4.176515e-03
5 171 2 3.474391e-03
6 171 2 2.977389e-03
7 171 2 2.703149e-03
8 171 2 2.561319e-03
9 171 2 2.598638e-03
10 171 2 2.826592e-03
11 171 2 3.226105e-03
12 171 2 3.811332e-03
1 175 2 1.218357e-04
2 175 2 1.288087e-04
3 175 2 1.291782e-04
4 175 2 1.209907e-04
5 175 2 1.051219e-04
6 175 2 9.579268e-05
7 175 2 9.380508e-05
8 175 2 9.301308e-05
9 175 2 8.651231e-05
10 175 2 8.745169e-05
11 175 2 9.142994e-05
12 175 2 1.066535e-04
1 176 2 8.760852e-02
2 176 2 8.826537e-02
3 176 2 8.641151e-02
4 176 2 7.632014e-02
5 176 2 6.173959e-02
6 176 2 5.594765e-02
7 176 2 5.584561e-02
8 176 2 6.371242e-02
9 176 2 6.938942e-02
10 176 2 7.405541e-02
11 176 2 7.904863e-02
12 176 2 8.396905e-02
1 177 2 3.857958e-01
2 177 2 3.748882e-01
3 177 2 3.539643e-01
4 177 2 3.095182e-01
5 177 2 2.531016e-01
6 177 2 2.161274e-01
7 177 2 2.248772e-01
8 177 2 2.694442e-01
9 177 2 3.386493e-01
10 177 2 3.521823e-01
11 177 2 3.593257e-01
12 177 2 3.600599e-01
1 178 2 1.407131e-01
2 178 2 1.390686e-01
3 178 2 1.333074e-01
4 178 2 1.117330e-01
5 178 2 9.728646e-02
6 178 2 8.222871e-02
7 178 2 7.831764e-02
8 178 2 7.889404e-02
9 178 2 8.997666e-02
10 178 2 9.681233e-02
11 178 2 1.093440e-01
12 178 2 1.213949e-01
1 181 2 1.714676e-03
2 181 2 1.811076e-03
3 181 2 1.836017e-03
4 181 2 1.755478e-03
5 181 2 1.447722e-03
6 181 2 1.251840e-03
7 181 2 1.106885e-03
8 181 2 1.132806e-03
9 181 2 1.227281e-03
10 181 2 1.328916e-03
11 181 2 1.505014e-03
12 181 2 1.602405e-03
1 182 2 2.048813e-01
2 182 2 1.893735e-01
3 182 2 1.785707e-01
4 182 2 1.491668e-01
5 182 2 1.168109e-01
6 182 2 8.736756e-02
7 182 2 8.662475e-02
8 182 2 1.203758e-01
9 182 2 1.670344e-01
10 182 2 2.048617e-01
11 182 2 2.264144e-01
12 182 2 2.173243e-01
1 183 2 4.356187e-02
2 183 2 4.184847e-02
3 183 2 3.995222e-02
4 183 2 3.622574e-02
5 183 2 3.047971e-02
6 183 2 2.473790e-02
7 183 2 2.301602e-02
8 183 2 2.733065e-02
9 183 2 3.177809e-02
10 183 2 3.759345e-02
11 183 2 4.092785e-02
12 183 2 4.209694e-02
1 184 2 1.359430e-02
2 184 2 1.377453e-02
3 184 2 1.334041e-02
4 184 2 1.200551e-02
5 184 2 9.980744e-03
6 184 2 8.066323e-03
7 184 2 7.273795e-03
8 184 2 7.596768e-03
9 184 2 8.047506e-03
10 184 2 9.241547e-03
11 184 2 1.081323e-02
12 184 2 1.232469e-02
1 188 2 1.013418e-02
2 188 2 1.004582e-02
3 188 2 9.311572e-03
4 188 2 7.603534e-03
5 188 2 5.373873e-03
6 188 2 4.087558e-03
7 188 2 3.517310e-03
8 188 2 3.577903e-03
9 188 2 4.846250e-03
10 188 2 6.368655e-03
11 188 2 7.584437e-03
12 188 2 9.459832e-03
1 189 2 8.840082e-03
2 189 2 8.170019e-03
3 189 2 7.410935e-03
4 189 2 5.477782e-03
5 189 2 3.626782e-03
6 189 2 2.564724e-03
7 189 2 2.438504e-03
8 189 2 2.995291e-03
9 189 2 4.818449e-03
10 189 2 6.860766e-03
11 189 2 8.344980e-03
12 189 2 8.720463e-03
1 190 2 3.619242e-02
2 190 2 3.429299e-02
3 190 2 2.976639e-02
4 190 2 2.108291e-02
5 190 2 1.470954e-02
6 190 2 1.067093e-02
7 190 2 1.002654e-02
8 190 2 1.208696e-02
9 190 2 1.697749e-02
10 190 2 2.314443e-02
11 190 2 3.032658e-02
12 190 2 3.402587e-02
1 191 2 2.427548e-02
2 191 2 2.515581e-02
3 191 2 2.445157e-02
4 191 2 2.019974e-02
5 191 2 1.661063e-02
6 191 2 1.364534e-02
7 191 2 1.199655e-02
8 191 2 1.218354e-02
9 191 2 1.329249e-02
10 191 2 1.491945e-02
11 191 2 1.834936e-02
12 191 2 2.158786e-02
1 192 2 8.131338e-03
2 192 2 8.787715e-03
3 192 2 8.561948e-03
4 192 2 7.413365e-03
5 192 2 6.265411e-03
6 192 2 5.334746e-03
7 192 2 4.688181e-03
8 192 2 4.356420e-03
9 192 2 4.485573e-03
10 192 2 4.925672e-03
11 192 2 5.879980e-03
12 192 2 7.060570e-03
1 200 2 3.803971e-01
2 200 2 3.913340e-01
3 200 2 3.200253e-01
4 200 2 2.115596e-01
5 200 2 1.384764e-01
6 200 2 1.127762e-01
7 200 2 1.071432e-01
8 200 2 1.155449e-01
9 200 2 1.279864e-01
10 200 2 1.636368e-01
11 200 2 2.273975e-01
12 200 2 3.133075e-01
1 201 2 2.584830e-01
2 201 2 2.667009e-01
3 201 2 2.441489e-01
4 201 2 1.879283e-01
5 201 2 1.416220e-01
6 201 2 1.171678e-01
7 201 2 1.107301e-01
8 201 2 1.145402e-01
9 201 2 1.133605e-01
10 201 2 1.348843e-01
11 201 2 1.719413e-01
12 201 2 2.141476e-01
1 206 2 1.361949e-01
2 206 2 1.471083e-01
3 206 2 1.330936e-01
4 206 2 1.135748e-01
5 206 2 9.392581e-02
6 206 2 8.189537e-02
7 206 2 7.024125e-02
8 206 2 6.896802e-02
9 206 2 7.465715e-02
10 206 2 8.450769e-02
11 206 2 9.906251e-02
12 206 2 1.167059e-01
1 207 2 5.162806e-03
2 207 2 5.637136e-03
3 207 2 5.346140e-03
4 207 2 4.847617e-03
5 207 2 4.299122e-03
6 207 2 3.687338e-03
7 207 2 3.250057e-03
8 207 2 3.200478e-03
9 207 2 3.229078e-03
10 207 2 3.556713e-03
11 207 2 3.833083e-03
12 207 2 4.384809e-03
1 212 2 1.427398e-02
2 212 2 1.523659e-02
3 212 2 1.352396e-02
4 212 2 1.136947e-02
5 212 2 8.861603e-03
6 212 2 7.152050e-03
7 212 2 5.936606e-03
8 212 2 5.737676e-03
9 212 2 6.516431e-03
10 212 2 7.689083e-03
11 212 2 9.120592e-03
12 212 2 1.205916e-02
1 213 2 3.104970e-03
2 213 2 3.393499e-03
3 213 2 2.875857e-03
4 213 2 2.433591e-03
5 213 2 1.877840e-03
6 213 2 1.447551e-03
7 213 2 1.228546e-03
8 213 2 1.199359e-03
9 213 2 1.444679e-03
10 213 2 1.780400e-03
11 213 2 2.186308e-03
12 213 2 2.675424e-03
1 214 2 1.105106e-01
2 214 2 1.171551e-01
3 214 2 9.412685e-02
4 214 2 6.991130e-02
5 214 2 5.167727e-02
6 214 2 3.808379e-02
7 214 2 3.298114e-02
8 214 2 3.400106e-02
9 214 2 4.291908e-02
10 214 2 5.753983e-02
11 214 2 7.876675e-02
12 214 2 9.553036e-02
1 215 2 4.090103e-02
2 215 2 4.207216e-02
3 215 2 3.922585e-02
4 215 2 3.126134e-02
5 215 2 2.539219e-02
6 215 2 2.040209e-02
7 215 2 1.763023e-02
8 215 2 1.767358e-02
9 215 2 1.987513e-02
10 215 2 2.364502e-02
11 215 2 2.977234e-02
12 215 2 3.596662e-02
1 216 2 1.544947e-02
2 216 2 1.613038e-02
3 216 2 1.512632e-02
4 216 2 1.229682e-02
5 216 2 9.846586e-03
6 216 2 8.470702e-03
7 216 2 7.443540e-03
8 216 2 7.117404e-03
9 216 2 7.385569e-03
10 216 2 8.394392e-03
11 216 2 1.009703e-02
12 216 2 1.297651e-02
1 224 2 1.112507e-02
2 224 2 1.216234e-02
3 224 2 1.061312e-02
4 224 2 9.139491e-03
5 224 2 7.380310e-03
6 224 2 6.271833e-03
7 224 2 5.697899e-03
8 224 2 5.951390e-03
9 224 2 6.120326e-03
10 224 2 7.218631e-03
11 224 2 8.620471e-03
12 224 2 1.028490e-02
1 240 2 9.550724e-04
2 240 2 9.741678e-04
3 240 2 8.908527e-04
4 240 2 7.867626e-04
5 240 2 6.837979e-04
6 240 2 5.897995e-04
7 240 2 5.778351e-04
8 240 2 5.957144e-04
9 240 2 5.798922e-04
10 240 2 6.244834e-04
11 240 2 6.861539e-04
12 240 2 8.503683e-04
