1 7 2 5.631541e-07
2 7 2 4.810962e-07
3 7 2 5.261486e-07
4 7 2 1.359878e-06
5 7 2 4.678955e-06
6 7 2 1.260218e-05
7 7 2 1.705113e-05
8 7 2 1.162562e-05
9 7 2 5.027690e-06
10 7 2 2.204125e-06
11 7 2 1.167776e-06
12 7 2 6.889115e-07
1 25 2 4.725327e-04
2 25 2 4.486679e-04
3 25 2 6.320990e-04
4 25 2 1.153440e-03
5 25 2 3.226770e-03
6 25 2 5.851337e-03
7 25 2 7.093535e-03
8 25 2 5.439487e-03
9 25 2 3.073598e-03
10 25 2 1.438333e-03
11 25 2 6.858137e-04
12 25 2 3.971525e-04
1 26 2 3.477065e-04
2 26 2 2.861658e-04
3 26 2 4.731985e-04
4 26 2 1.056218e-03
5 26 2 2.975203e-03
6 26 2 5.682554e-03
7 26 2 6.165555e-03
8 26 2 4.613088e-03
9 26 2 2.523116e-03
10 26 2 1.015653e-03
11 26 2 5.306371e-04
12 26 2 3.280660e-04
1 27 2 1.524866e-03
2 27 2 1.346320e-03
3 27 2 2.360091e-03
4 27 2 6.010862e-03
5 27 2 1.692704e-02
6 27 2 3.499024e-02
7 27 2 3.946307e-02
8 27 2 2.970282e-02
9 27 2 1.534936e-02
10 27 2 5.764057e-03
11 27 2 3.054744e-03
12 27 2 1.889570e-03
1 28 2 5.819130e-05
2 28 2 5.295564e-05
3 28 2 8.906220e-05
4 28 2 2.420923e-04
5 28 2 6.913216e-04
6 28 2 1.480109e-03
7 28 2 1.764633e-03
8 28 2 1.329671e-03
9 28 2 6.840110e-04
10 28 2 2.663891e-04
11 28 2 1.329853e-04
12 28 2 8.290894e-05
1 29 2 7.809910e-05
2 29 2 7.388198e-05
3 29 2 1.176977e-04
4 29 2 3.538973e-04
5 29 2 1.058309e-03
6 29 2 2.604593e-03
7 29 2 3.548056e-03
8 29 2 2.639779e-03
9 29 2 1.212318e-03
10 29 2 4.493301e-04
11 29 2 2.124001e-04
12 29 2 1.325895e-04
1 30 2 1.770471e-05
2 30 2 1.548387e-05
3 30 2 2.460929e-05
4 30 2 7.532208e-05
5 30 2 2.086539e-04
6 30 2 5.674573e-04
7 30 2 8.225024e-04
8 30 2 6.298777e-04
9 30 2 2.849979e-04
10 30 2 1.115534e-04
11 30 2 5.145649e-05
12 30 2 3.081721e-05
1 31 2 3.161335e-05
2 31 2 2.436075e-05
3 31 2 3.700694e-05
4 31 2 1.030026e-04
5 31 2 2.660026e-04
6 31 2 7.003715e-04
7 31 2 9.876794e-04
8 31 2 7.972303e-04
9 31 2 3.988276e-04
10 31 2 1.826434e-04
11 31 2 8.769113e-05
12 31 2 4.886557e-05
1 32 2 3.737275e-05
2 32 2 3.093745e-05
3 32 2 4.324521e-05
4 32 2 9.609258e-05
5 32 2 2.566504e-04
6 32 2 6.079542e-04
7 32 2 7.843331e-04
8 32 2 6.478944e-04
9 32 2 3.617917e-04
10 32 2 1.865072e-04
11 32 2 9.637931e-05
12 32 2 4.998330e-05
1 35 2 2.490131e-03
2 35 2 2.372720e-03
3 35 2 2.577476e-03
4 35 2 3.434720e-03
5 35 2 5.384381e-03
6 35 2 8.223126e-03
7 35 2 9.894945e-03
8 35 2 9.086180e-03
9 35 2 6.175319e-03
10 35 2 4.464747e-03
11 35 2 3.381808e-03
12 35 2 2.747412e-03
1 36 2 2.986144e-04
2 36 2 2.803408e-04
3 36 2 3.107005e-04
4 36 2 3.731785e-04
5 36 2 5.103836e-04
6 36 2 7.362706e-04
7 36 2 8.671187e-04
8 36 2 8.833574e-04
9 36 2 6.742930e-04
10 36 2 5.282814e-04
11 36 2 4.043391e-04
12 36 2 3.350292e-04
1 37 2 7.309848e-03
2 37 2 7.074918e-03
3 37 2 8.914725e-03
4 37 2 1.146314e-02
5 37 2 1.733008e-02
6 37 2 2.628482e-02
7 37 2 3.057060e-02
8 37 2 3.005162e-02
9 37 2 2.211520e-02
10 37 2 1.658253e-02
11 37 2 1.168755e-02
12 37 2 8.953663e-03
1 38 2 2.686433e-02
2 38 2 2.684024e-02
3 38 2 4.088757e-02
4 38 2 6.062255e-02
5 38 2 1.106811e-01
6 38 2 1.963951e-01
7 38 2 2.328188e-01
8 38 2 2.019215e-01
9 38 2 1.304259e-01
10 38 2 8.914598e-02
11 38 2 5.093977e-02
12 38 2 3.676010e-02
1 39 2 5.312750e-02
2 39 2 5.534816e-02
3 39 2 8.965259e-02
4 39 2 1.384311e-01
5 39 2 2.686021e-01
6 39 2 5.192755e-01
7 39 2 6.447950e-01
8 39 2 5.220374e-01
9 39 2 3.290466e-01
10 39 2 2.077890e-01
11 39 2 1.051783e-01
12 39 2 7.677254e-02
1 40 2 1.321465e-02
2 40 2 1.449876e-02
3 40 2 2.585833e-02
4 40 2 4.348283e-02
5 40 2 9.505565e-02
6 40 2 2.158182e-01
7 40 2 2.700219e-01
8 40 2 1.980813e-01
9 40 2 1.220160e-01
10 40 2 6.574340e-02
11 40 2 2.816257e-02
12 40 2 2.098023e-02
1 41 2 7.033057e-03
2 41 2 7.518689e-03
3 41 2 1.506720e-02
4 41 2 2.683575e-02
5 41 2 6.730801e-02
6 41 2 1.708010e-01
7 41 2 2.208355e-01
8 41 2 1.548930e-01
9 41 2 8.656139e-02
10 41 2 3.751651e-02
11 41 2 1.441284e-02
12 41 2 1.201291e-02
1 42 2 3.808625e-03
2 42 2 3.983898e-03
3 42 2 8.591221e-03
4 42 2 1.694783e-02
5 42 2 4.817984e-02
6 42 2 1.336364e-01
7 42 2 1.870753e-01
8 42 2 1.249319e-01
9 42 2 5.916178e-02
10 42 2 2.117337e-02
11 42 2 7.893836e-03
12 42 2 6.475744e-03
1 43 2 1.068224e-04
2 43 2 1.107610e-04
3 43 2 2.613386e-04
4 43 2 6.376739e-04
5 43 2 2.134411e-03
6 43 2 6.294712e-03
7 43 2 9.201997e-03
8 43 2 5.776375e-03
9 43 2 2.362068e-03
10 43 2 7.252148e-04
11 43 2 2.473138e-04
12 43 2 1.732947e-04
1 44 2 4.412570e-04
2 44 2 4.433639e-04
3 44 2 9.643848e-04
4 44 2 2.607190e-03
5 44 2 9.740383e-03
6 44 2 3.069517e-02
7 44 2 4.486269e-02
8 44 2 2.705192e-02
9 44 2 9.751810e-03
10 44 2 2.889264e-03
11 44 2 9.482646e-04
12 44 2 6.411334e-04
1 45 2 1.014007e-03
2 45 2 1.136405e-03
3 45 2 2.070728e-03
4 45 2 6.106741e-03
5 45 2 2.557384e-02
6 45 2 8.485666e-02
7 45 2 1.187134e-01
8 45 2 7.228443e-02
9 45 2 2.485699e-02
10 45 2 6.346508e-03
11 45 2 1.839580e-03
12 45 2 1.202258e-03
1 46 2 4.595905e-04
2 46 2 5.781761e-04
3 46 2 9.088490e-04
4 46 2 2.523782e-03
5 46 2 9.910785e-03
6 46 2 3.074215e-02
7 46 2 4.300610e-02
8 46 2 2.694812e-02
9 46 2 1.012248e-02
10 46 2 2.453569e-03
11 46 2 6.745830e-04
12 46 2 4.810720e-04
1 47 2 6.044110e-04
2 47 2 7.691962e-04
3 47 2 1.083918e-03
4 47 2 2.428548e-03
5 47 2 8.277703e-03
6 47 2 2.280506e-02
7 47 2 3.092853e-02
8 47 2 2.097176e-02
9 47 2 8.884277e-03
10 47 2 2.740251e-03
11 47 2 8.084459e-04
12 47 2 6.145263e-04
1 48 2 8.177395e-04
2 48 2 9.393684e-04
3 48 2 1.292049e-03
4 48 2 2.523098e-03
5 48 2 7.829658e-03
6 48 2 1.800956e-02
7 48 2 2.393303e-02
8 48 2 1.683826e-02
9 48 2 8.015689e-03
10 48 2 2.988533e-03
11 48 2 1.075834e-03
12 48 2 7.134278e-04
1 49 2 1.809511e-04
2 49 2 1.646495e-04
3 49 2 1.867608e-04
4 49 2 2.185870e-04
5 49 2 3.126260e-04
6 49 2 4.756424e-04
7 49 2 7.093423e-04
8 49 2 6.670367e-04
9 49 2 4.652505e-04
10 49 2 3.329315e-04
11 49 2 2.430669e-04
12 49 2 1.773169e-04
1 50 2 7.376105e-04
2 50 2 6.367048e-04
3 50 2 7.463164e-04
4 50 2 8.507234e-04
5 50 2 1.197334e-03
6 50 2 1.757071e-03
7 50 2 2.425016e-03
8 50 2 2.332048e-03
9 50 2 1.688615e-03
10 50 2 1.203716e-03
11 50 2 9.011988e-04
12 50 2 7.095957e-04
1 51 2 2.836051e-04
2 51 2 2.588341e-04
3 51 2 2.812518e-04
4 51 2 3.246576e-04
5 51 2 4.425165e-04
6 51 2 6.205942e-04
7 51 2 8.087249e-04
8 51 2 8.020096e-04
9 51 2 6.663524e-04
10 51 2 4.686952e-04
11 51 2 3.512698e-04
12 51 2 2.943749e-04
1 52 2 1.052625e-01
2 52 2 1.106399e-01
3 52 2 1.389889e-01
4 52 2 2.026269e-01
5 52 2 3.426687e-01
6 52 2 4.715889e-01
7 52 2 6.049003e-01
8 52 2 5.657889e-01
9 52 2 4.567258e-01
10 52 2 2.609115e-01
11 52 2 1.570432e-01
12 52 2 1.211042e-01
1 53 2 2.794525e-02
2 53 2 3.506108e-02
3 53 2 5.940087e-02
4 53 2 1.296543e-01
5 53 2 2.469015e-01
6 53 2 3.686868e-01
7 53 2 5.117810e-01
8 53 2 4.360970e-01
9 53 2 2.951539e-01
10 53 2 1.301753e-01
11 53 2 5.806167e-02
12 53 2 3.678443e-02
1 54 2 1.471515e-02
2 54 2 1.908932e-02
3 54 2 3.569780e-02
4 54 2 8.870551e-02
5 54 2 1.747222e-01
6 54 2 3.374836e-01
7 54 2 4.794115e-01
8 54 2 4.019989e-01
9 54 2 2.438060e-01
10 54 2 1.036900e-01
11 54 2 4.444629e-02
12 54 2 2.451744e-02
1 55 2 9.789506e-03
2 55 2 1.091791e-02
3 55 2 2.036706e-02
4 55 2 4.769050e-02
5 55 2 9.463730e-02
6 55 2 2.021072e-01
7 55 2 2.809444e-01
8 55 2 2.422901e-01
9 55 2 1.536447e-01
10 55 2 7.367018e-02
11 55 2 3.446746e-02
12 55 2 1.973616e-02
1 56 2 3.446937e-02
2 56 2 3.577168e-02
3 56 2 6.195750e-02
4 56 2 1.381564e-01
5 56 2 3.019914e-01
6 56 2 5.952915e-01
7 56 2 8.230426e-01
8 56 2 6.830837e-01
9 56 2 4.464797e-01
10 56 2 2.300425e-01
11 56 2 1.037117e-01
12 56 2 5.947967e-02
1 57 2 6.965576e-03
2 57 2 6.645850e-03
3 57 2 8.174017e-03
4 57 2 1.240688e-02
5 57 2 2.075865e-02
6 57 2 3.377692e-02
7 57 2 4.809872e-02
8 57 2 4.334869e-02
9 57 2 3.225146e-02
10 57 2 2.071666e-02
11 57 2 1.266834e-02
12 57 2 9.104167e-03
1 60 2 8.382867e-01
2 60 2 8.118050e-01
3 60 2 9.309791e-01
4 60 2 1.104128e+00
5 60 2 1.361302e+00
6 60 2 1.791464e+00
7 60 2 2.085622e+00
8 60 2 2.086499e+00
9 60 2 1.770695e+00
10 60 2 1.445475e+00
11 60 2 1.156042e+00
12 60 2 9.582403e-01
1 61 2 1.564584e+00
2 61 2 1.573995e+00
3 61 2 2.213797e+00
4 61 2 3.334445e+00
5 61 2 4.863938e+00
6 61 2 6.852502e+00
7 61 2 8.109272e+00
8 61 2 7.801791e+00
9 61 2 6.062197e+00
10 61 2 4.123543e+00
11 61 2 2.690037e+00
12 61 2 1.886769e+00
1 62 2 6.247305e-01
2 62 2 6.842269e-01
3 62 2 1.077098e+00
4 62 2 1.949876e+00
5 62 2 3.344458e+00
6 62 2 4.744381e+00
7 62 2 5.801419e+00
8 62 2 5.415414e+00
9 62 2 3.773581e+00
10 62 2 2.250333e+00
11 62 2 1.222030e+00
12 62 2 7.952625e-01
1 63 2 8.152443e-01
2 63 2 9.896718e-01
3 63 2 1.655981e+00
4 63 2 3.482947e+00
5 63 2 6.684348e+00
6 63 2 9.937348e+00
7 63 2 1.270747e+01
8 63 2 1.105799e+01
9 63 2 6.753871e+00
10 63 2 3.688362e+00
11 63 2 1.703682e+00
12 63 2 1.115302e+00
1 64 2 1.949637e-01
2 64 2 2.497688e-01
3 64 2 4.756201e-01
4 64 2 1.126585e+00
5 64 2 2.412790e+00
6 64 2 3.864738e+00
7 64 2 4.898640e+00
8 64 2 3.829642e+00
9 64 2 2.192796e+00
10 64 2 9.693868e-01
11 64 2 4.429621e-01
12 64 2 3.031446e-01
1 65 2 6.590093e-02
2 65 2 8.171756e-02
3 65 2 1.790278e-01
4 65 2 5.048648e-01
5 65 2 1.058541e+00
6 65 2 1.799029e+00
7 65 2 2.331798e+00
8 65 2 1.740327e+00
9 65 2 9.870587e-01
10 65 2 3.502640e-01
11 65 2 1.541931e-01
12 65 2 1.117435e-01
1 66 2 4.368109e-02
2 66 2 5.400345e-02
3 66 2 1.283817e-01
4 66 2 4.211776e-01
5 66 2 8.757486e-01
6 66 2 1.505889e+00
7 66 2 2.076872e+00
8 66 2 1.570118e+00
9 66 2 8.881900e-01
10 66 2 2.942675e-01
11 66 2 1.127677e-01
12 66 2 6.994761e-02
1 67 2 1.488048e-02
2 67 2 1.984243e-02
3 67 2 5.045942e-02
4 67 2 1.864015e-01
5 67 2 4.229342e-01
6 67 2 7.213174e-01
7 67 2 1.008481e+00
8 67 2 7.761089e-01
9 67 2 4.244776e-01
10 67 2 1.561002e-01
11 67 2 4.936006e-02
12 67 2 2.221670e-02
1 68 2 3.661355e-03
2 68 2 4.916215e-03
3 68 2 1.460088e-02
4 68 2 6.711337e-02
5 68 2 1.828925e-01
6 68 2 3.504787e-01
7 68 2 5.025202e-01
8 68 2 3.737413e-01
9 68 2 1.793621e-01
10 68 2 6.589548e-02
11 68 2 1.502650e-02
12 68 2 5.228701e-03
1 69 2 2.247300e-03
2 69 2 3.186254e-03
3 69 2 7.619709e-03
4 69 2 3.341288e-02
5 69 2 1.071400e-01
6 69 2 2.535588e-01
7 69 2 3.714616e-01
8 69 2 2.859503e-01
9 69 2 1.228424e-01
10 69 2 3.994359e-02
11 69 2 7.739627e-03
12 69 2 2.910602e-03
1 70 2 9.302319e-03
2 70 2 1.087263e-02
3 70 2 1.558017e-02
4 70 2 4.064785e-02
5 70 2 1.019319e-01
6 70 2 2.475196e-01
7 70 2 4.006558e-01
8 70 2 3.651593e-01
9 70 2 1.885438e-01
10 70 2 6.720625e-02
11 70 2 2.044013e-02
12 70 2 1.150631e-02
1 71 2 7.663961e-03
2 71 2 7.777128e-03
3 71 2 8.800412e-03
4 71 2 1.412200e-02
5 71 2 2.734907e-02
6 71 2 5.705272e-02
7 71 2 8.755803e-02
8 71 2 8.705463e-02
9 71 2 5.585343e-02
10 71 2 2.660224e-02
11 71 2 1.270857e-02
12 71 2 8.826531e-03
1 72 2 3.229629e-05
2 72 2 3.084577e-05
3 72 2 3.341820e-05
4 72 2 4.260852e-05
5 72 2 6.629572e-05
6 72 2 1.153568e-04
7 72 2 1.786744e-04
8 72 2 1.718429e-04
9 72 2 1.202270e-04
10 72 2 7.289886e-05
11 72 2 4.491575e-05
12 72 2 3.207574e-05
1 76 2 2.579406e-01
2 76 2 2.359892e-01
3 76 2 2.383643e-01
4 76 2 2.592835e-01
5 76 2 3.525004e-01
6 76 2 5.026431e-01
7 76 2 6.740165e-01
8 76 2 7.192991e-01
9 76 2 6.853522e-01
10 76 2 4.576783e-01
11 76 2 2.954506e-01
12 76 2 2.583972e-01
1 77 2 2.507417e-01
2 77 2 3.255861e-01
3 77 2 4.264983e-01
4 77 2 6.893149e-01
5 77 2 1.157388e+00
6 77 2 1.786886e+00
7 77 2 2.427896e+00
8 77 2 2.304467e+00
9 77 2 1.707051e+00
10 77 2 8.624224e-01
11 77 2 3.784335e-01
12 77 2 2.385247e-01
1 78 2 2.874281e-01
2 78 2 3.927300e-01
3 78 2 5.469001e-01
4 78 2 9.809228e-01
5 78 2 1.533880e+00
6 78 2 2.435270e+00
7 78 2 3.006071e+00
8 78 2 2.814820e+00
9 78 2 1.825099e+00
10 78 2 9.678855e-01
11 78 2 5.226791e-01
12 78 2 3.017603e-01
1 79 2 9.263606e-01
2 79 2 1.136660e+00
3 79 2 1.668945e+00
4 79 2 2.768221e+00
5 79 2 4.205696e+00
6 79 2 6.870722e+00
7 79 2 8.419211e+00
8 79 2 7.975710e+00
9 79 2 5.507275e+00
10 79 2 3.324441e+00
11 79 2 1.894095e+00
12 79 2 1.160288e+00
1 80 2 4.518281e-01
2 80 2 4.527103e-01
3 80 2 5.688589e-01
4 80 2 7.691625e-01
5 80 2 1.147138e+00
6 80 2 1.745328e+00
7 80 2 2.247375e+00
8 80 2 2.224864e+00
9 80 2 1.846597e+00
10 80 2 1.294657e+00
11 80 2 7.552514e-01
12 80 2 5.582565e-01
1 81 2 1.052294e-07
2 81 2 9.536317e-08
3 81 2 1.004433e-07
4 81 2 1.191011e-07
5 81 2 1.715046e-07
6 81 2 2.310975e-07
7 81 2 3.083598e-07
8 81 2 3.308632e-07
9 81 2 3.008579e-07
10 81 2 2.308462e-07
11 81 2 1.525982e-07
12 81 2 1.249315e-07
1 84 2 7.060179e-01
2 84 2 7.464386e-01
3 84 2 9.231951e-01
4 84 2 1.166630e+00
5 84 2 1.564099e+00
6 84 2 2.562889e+00
7 84 2 3.432538e+00
8 84 2 3.289224e+00
9 84 2 2.468058e+00
10 84 2 1.557592e+00
11 84 2 1.046355e+00
12 84 2 7.993019e-01
1 85 2 5.417714e-01
2 85 2 6.100774e-01
3 85 2 7.931990e-01
4 85 2 1.152444e+00
5 85 2 1.844812e+00
6 85 2 2.818239e+00
7 85 2 3.899296e+00
8 85 2 3.709434e+00
9 85 2 2.671045e+00
10 85 2 1.473364e+00
11 85 2 8.309152e-01
12 85 2 6.029128e-01
1 86 2 1.767984e-01
2 86 2 2.001727e-01
3 86 2 2.558060e-01
4 86 2 3.715646e-01
5 86 2 5.971778e-01
6 86 2 8.664919e-01
7 86 2 1.190330e+00
8 86 2 1.194224e+00
9 86 2 8.839528e-01
10 86 2 5.125945e-01
11 86 2 2.823623e-01
12 86 2 2.018024e-01
1 87 2 2.330866e-01
2 87 2 3.153394e-01
3 87 2 4.502469e-01
4 87 2 7.117377e-01
5 87 2 1.248649e+00
6 87 2 1.876878e+00
7 87 2 2.544466e+00
8 87 2 2.592726e+00
9 87 2 1.879738e+00
10 87 2 1.058342e+00
11 87 2 4.650077e-01
12 87 2 2.826540e-01
1 88 2 1.032303e-01
2 88 2 1.465954e-01
3 88 2 2.298832e-01
4 88 2 4.361788e-01
5 88 2 8.951673e-01
6 88 2 1.406957e+00
7 88 2 1.801804e+00
8 88 2 1.580323e+00
9 88 2 1.021205e+00
10 88 2 4.826027e-01
11 88 2 2.474154e-01
12 88 2 1.374302e-01
1 89 2 1.325243e-01
2 89 2 1.843904e-01
3 89 2 3.499673e-01
4 89 2 6.582288e-01
5 89 2 1.313571e+00
6 89 2 1.962323e+00
7 89 2 2.289176e+00
8 89 2 2.004772e+00
9 89 2 1.308325e+00
10 89 2 6.225933e-01
11 89 2 3.425820e-01
12 89 2 1.896206e-01
1 90 2 2.597639e-02
2 90 2 3.423603e-02
3 90 2 6.793772e-02
4 90 2 1.219338e-01
5 90 2 1.872222e-01
6 90 2 2.478199e-01
7 90 2 2.783171e-01
8 90 2 2.575204e-01
9 90 2 1.876698e-01
10 90 2 1.119371e-01
11 90 2 6.171687e-02
12 90 2 3.513406e-02
1 91 2 9.154881e-04
2 91 2 1.295375e-03
3 91 2 2.706326e-03
4 91 2 5.114105e-03
5 91 2 7.547621e-03
6 91 2 9.593730e-03
7 91 2 1.077236e-02
8 91 2 9.879290e-03
9 91 2 7.103414e-03
10 91 2 4.397030e-03
11 91 2 2.278890e-03
12 91 2 1.169883e-03
1 92 2 5.213838e-03
2 92 2 7.447650e-03
3 92 2 1.866938e-02
4 92 2 4.454082e-02
5 92 2 8.399751e-02
6 92 2 1.287138e-01
7 92 2 1.545035e-01
8 92 2 1.406230e-01
9 92 2 8.797510e-02
10 92 2 4.675594e-02
11 92 2 1.833771e-02
12 92 2 7.871929e-03
1 93 2 1.039012e-01
2 93 2 1.253660e-01
3 93 2 2.577592e-01
4 93 2 6.007366e-01
5 93 2 1.071680e+00
6 93 2 1.700681e+00
7 93 2 2.281375e+00
8 93 2 2.242786e+00
9 93 2 1.508509e+00
10 93 2 8.687179e-01
11 93 2 3.720323e-01
12 93 2 1.549589e-01
1 94 2 2.595002e-01
2 94 2 2.581919e-01
3 94 2 3.447486e-01
4 94 2 6.109581e-01
5 94 2 1.042868e+00
6 94 2 1.642124e+00
7 94 2 2.268588e+00
8 94 2 2.472258e+00
9 94 2 2.036436e+00
10 94 2 1.229189e+00
11 94 2 6.597364e-01
12 94 2 3.604641e-01
1 98 2 3.267252e-02
2 98 2 3.041378e-02
3 98 2 2.863929e-02
4 98 2 3.049259e-02
5 98 2 3.460700e-02
6 98 2 3.960064e-02
7 98 2 4.454259e-02
8 98 2 4.694572e-02
9 98 2 4.632492e-02
10 98 2 4.378942e-02
11 98 2 3.938827e-02
12 98 2 3.584375e-02
1 101 2 4.033679e-02
2 101 2 4.144743e-02
3 101 2 4.247288e-02
4 101 2 5.237550e-02
5 101 2 6.735593e-02
6 101 2 7.864507e-02
7 101 2 8.394912e-02
8 101 2 8.411995e-02
9 101 2 8.087012e-02
10 101 2 6.933783e-02
11 101 2 5.331890e-02
12 101 2 4.276557e-02
1 102 2 3.648511e-01
2 102 2 4.124138e-01
3 102 2 5.068642e-01
4 102 2 6.339852e-01
5 102 2 7.336710e-01
6 102 2 8.009334e-01
7 102 2 8.234872e-01
8 102 2 8.338928e-01
9 102 2 7.515702e-01
10 102 2 5.790104e-01
11 102 2 4.647284e-01
12 102 2 3.809027e-01
1 103 2 3.246039e-01
2 103 2 3.312610e-01
3 103 2 3.610329e-01
4 103 2 4.079535e-01
5 103 2 4.750944e-01
6 103 2 5.436847e-01
7 103 2 5.881978e-01
8 103 2 6.173005e-01
9 103 2 6.054441e-01
10 103 2 5.291056e-01
11 103 2 4.352724e-01
12 103 2 3.619146e-01
1 104 2 6.770483e-02
2 104 2 6.496784e-02
3 104 2 6.567375e-02
4 104 2 7.200180e-02
5 104 2 8.419252e-02
6 104 2 9.661499e-02
7 104 2 1.084335e-01
8 104 2 1.171346e-01
9 104 2 1.180774e-01
10 104 2 1.103077e-01
11 104 2 9.073801e-02
12 104 2 7.513097e-02
1 107 2 3.786463e-02
2 107 2 3.994650e-02
3 107 2 4.663897e-02
4 107 2 5.344312e-02
5 107 2 5.993310e-02
6 107 2 7.672876e-02
7 107 2 8.386779e-02
8 107 2 8.352844e-02
9 107 2 7.819512e-02
10 107 2 6.688437e-02
11 107 2 5.317062e-02
12 107 2 4.158143e-02
1 108 2 3.285693e-03
2 108 2 4.199119e-03
3 108 2 6.099670e-03
4 108 2 9.447057e-03
5 108 2 1.466435e-02
6 108 2 2.012729e-02
7 108 2 2.154565e-02
8 108 2 1.904182e-02
9 108 2 1.540784e-02
10 108 2 1.063034e-02
11 108 2 5.537328e-03
12 108 2 3.525050e-03
1 109 2 6.223653e-03
2 109 2 8.220538e-03
3 109 2 1.285745e-02
4 109 2 2.231301e-02
5 109 2 3.801654e-02
6 109 2 4.792178e-02
7 109 2 4.869285e-02
8 109 2 4.476241e-02
9 109 2 3.594550e-02
10 109 2 2.522167e-02
11 109 2 1.121797e-02
12 109 2 6.553122e-03
1 110 2 2.742630e-03
2 110 2 3.493586e-03
3 110 2 5.610877e-03
4 110 2 8.685419e-03
5 110 2 1.347074e-02
6 110 2 1.559976e-02
7 110 2 1.677125e-02
8 110 2 1.658663e-02
9 110 2 1.396556e-02
10 110 2 1.018178e-02
11 110 2 4.924974e-03
12 110 2 2.898893e-03
1 111 2 9.404404e-02
2 111 2 1.176217e-01
3 111 2 1.904269e-01
4 111 2 2.886079e-01
5 111 2 4.361886e-01
6 111 2 5.594026e-01
7 111 2 5.913304e-01
8 111 2 5.856900e-01
9 111 2 4.987662e-01
10 111 2 3.246727e-01
11 111 2 1.748988e-01
12 111 2 1.068314e-01
1 112 2 1.084147e-01
2 112 2 1.397875e-01
3 112 2 2.452270e-01
4 112 2 4.077983e-01
5 112 2 6.201260e-01
6 112 2 7.556968e-01
7 112 2 7.696568e-01
8 112 2 7.173997e-01
9 112 2 5.476557e-01
10 112 2 3.635741e-01
11 112 2 2.086536e-01
12 112 2 1.282572e-01
1 113 2 6.214707e-02
2 113 2 7.873456e-02
3 113 2 1.322745e-01
4 113 2 1.978045e-01
5 113 2 2.434174e-01
6 113 2 2.125394e-01
7 113 2 1.823714e-01
8 113 2 1.741795e-01
9 113 2 1.722717e-01
10 113 2 1.573005e-01
11 113 2 1.100219e-01
12 113 2 7.430986e-02
1 114 2 1.694642e-01
2 114 2 2.298020e-01
3 114 2 4.094315e-01
4 114 2 5.968219e-01
5 114 2 6.885569e-01
6 114 2 5.040624e-01
7 114 2 4.163214e-01
8 114 2 3.816091e-01
9 114 2 3.682663e-01
10 114 2 3.296051e-01
11 114 2 2.512651e-01
12 114 2 1.861213e-01
1 115 2 6.010475e-02
2 115 2 8.744703e-02
3 115 2 1.386178e-01
4 115 2 1.718289e-01
5 115 2 1.534513e-01
6 115 2 1.424745e-01
7 115 2 1.374140e-01
8 115 2 1.318390e-01
9 115 2 1.212526e-01
10 115 2 1.083577e-01
11 115 2 8.231315e-02
12 115 2 5.905350e-02
1 116 2 5.187535e-02
2 116 2 6.640678e-02
3 116 2 1.015518e-01
4 116 2 1.437429e-01
5 116 2 1.671820e-01
6 116 2 1.903779e-01
7 116 2 1.995890e-01
8 116 2 1.910509e-01
9 116 2 1.547725e-01
10 116 2 1.237372e-01
11 116 2 8.989264e-02
12 116 2 5.921741e-02
1 117 2 1.373452e-02
2 117 2 1.434227e-02
3 117 2 1.811298e-02
4 117 2 2.479433e-02
5 117 2 3.157357e-02
6 117 2 3.740770e-02
7 117 2 3.982439e-02
8 117 2 3.977217e-02
9 117 2 3.628969e-02
10 117 2 3.106617e-02
11 117 2 2.507854e-02
12 117 2 1.811642e-02
1 126 2 7.449627e-04
2 126 2 7.743125e-04
3 126 2 8.392489e-04
4 126 2 8.861957e-04
5 126 2 8.755695e-04
6 126 2 8.137437e-04
7 126 2 7.844017e-04
8 126 2 7.920652e-04
9 126 2 7.878721e-04
10 126 2 7.742104e-04
11 126 2 7.564996e-04
12 126 2 7.450457e-04
1 127 2 7.484305e-02
2 127 2 7.611692e-02
3 127 2 8.033978e-02
4 127 2 8.340975e-02
5 127 2 8.454610e-02
6 127 2 8.189360e-02
7 127 2 8.191621e-02
8 127 2 8.379605e-02
9 127 2 8.290278e-02
10 127 2 7.958021e-02
11 127 2 7.712309e-02
12 127 2 7.616844e-02
1 128 2 3.394891e-01
2 128 2 3.486522e-01
3 128 2 3.579137e-01
4 128 2 3.493846e-01
5 128 2 3.398651e-01
6 128 2 3.296559e-01
7 128 2 3.513523e-01
8 128 2 3.994890e-01
9 128 2 4.200590e-01
10 128 2 3.967656e-01
11 128 2 3.608003e-01
12 128 2 3.399457e-01
1 129 2 9.667539e-03
2 129 2 9.534802e-03
3 129 2 9.775280e-03
4 129 2 1.005876e-02
5 129 2 1.021397e-02
6 129 2 1.049028e-02
7 129 2 1.096131e-02
8 129 2 1.194781e-02
9 129 2 1.248294e-02
10 129 2 1.253794e-02
11 129 2 1.144756e-02
12 129 2 1.016977e-02
1 133 2 2.078422e-01
2 133 2 2.416473e-01
3 133 2 2.900846e-01
4 133 2 2.978401e-01
5 133 2 2.841090e-01
6 133 2 2.611345e-01
7 133 2 2.330650e-01
8 133 2 2.182389e-01
9 133 2 2.275746e-01
10 133 2 2.423757e-01
11 133 2 2.312303e-01
12 133 2 2.023266e-01
1 135 2 8.992969e-03
2 135 2 1.013193e-02
3 135 2 1.204918e-02
4 135 2 1.297641e-02
5 135 2 1.246908e-02
6 135 2 1.112370e-02
7 135 2 9.609772e-03
8 135 2 9.705944e-03
9 135 2 1.031368e-02
10 135 2 9.699412e-03
11 135 2 9.296801e-03
12 135 2 8.733074e-03
1 136 2 1.005599e-02
2 136 2 1.034965e-02
3 136 2 1.279927e-02
4 136 2 1.556001e-02
5 136 2 1.703891e-02
6 136 2 1.554599e-02
7 136 2 1.375639e-02
8 136 2 1.372483e-02
9 136 2 1.379577e-02
10 136 2 1.297765e-02
11 136 2 1.227030e-02
12 136 2 1.089618e-02
1 137 2 2.446384e-03
2 137 2 2.566509e-03
3 137 2 2.942555e-03
4 137 2 3.233436e-03
5 137 2 3.191597e-03
6 137 2 2.936590e-03
7 137 2 2.716658e-03
8 137 2 2.621304e-03
9 137 2 2.622950e-03
10 137 2 2.732509e-03
11 137 2 2.701599e-03
12 137 2 2.547366e-03
1 138 2 9.771433e-02
2 138 2 1.074525e-01
3 138 2 1.246608e-01
4 138 2 1.387397e-01
5 138 2 1.399798e-01
6 138 2 1.230282e-01
7 138 2 1.139738e-01
8 138 2 1.099136e-01
9 138 2 1.102135e-01
10 138 2 1.108557e-01
11 138 2 1.075322e-01
12 138 2 9.972710e-02
1 139 2 1.659855e-01
2 139 2 1.890268e-01
3 139 2 2.112188e-01
4 139 2 2.216892e-01
5 139 2 2.185651e-01
6 139 2 2.035434e-01
7 139 2 1.925829e-01
8 139 2 1.853928e-01
9 139 2 1.829898e-01
10 139 2 1.844104e-01
11 139 2 1.754806e-01
12 139 2 1.606291e-01
1 140 2 5.525722e-02
2 140 2 5.713801e-02
3 140 2 6.205632e-02
4 140 2 7.030879e-02
5 140 2 7.465787e-02
6 140 2 7.170902e-02
7 140 2 6.789678e-02
8 140 2 6.548587e-02
9 140 2 6.453120e-02
10 140 2 6.488785e-02
11 140 2 6.351738e-02
12 140 2 5.921759e-02
1 141 2 8.573507e-02
2 141 2 8.484796e-02
3 141 2 8.727823e-02
4 141 2 9.578713e-02
5 141 2 1.033670e-01
6 141 2 1.022131e-01
7 141 2 9.944913e-02
8 141 2 9.643542e-02
9 141 2 9.561813e-02
10 141 2 9.584293e-02
11 141 2 9.679956e-02
12 141 2 9.398482e-02
1 150 2 9.923076e-05
2 150 2 1.086237e-04
3 150 2 1.162693e-04
4 150 2 1.188949e-04
5 150 2 1.112493e-04
6 150 2 9.811691e-05
7 150 2 8.950999e-05
8 150 2 8.734852e-05
9 150 2 8.452457e-05
10 150 2 8.260149e-05
11 150 2 8.420746e-05
12 150 2 8.959433e-05
1 151 2 6.434313e-02
2 151 2 6.843642e-02
3 151 2 7.256290e-02
4 151 2 7.427390e-02
5 151 2 7.186517e-02
6 151 2 6.764737e-02
7 151 2 6.615266e-02
8 151 2 6.870668e-02
9 151 2 6.541487e-02
10 151 2 6.138509e-02
11 151 2 5.958511e-02
12 151 2 6.107161e-02
1 152 2 5.098658e-02
2 152 2 5.164566e-02
3 152 2 5.212376e-02
4 152 2 4.953104e-02
5 152 2 4.761260e-02
6 152 2 4.676226e-02
7 152 2 5.346176e-02
8 152 2 7.128482e-02
9 152 2 7.567664e-02
10 152 2 6.449991e-02
11 152 2 5.531134e-02
12 152 2 5.115163e-02
1 153 2 5.910701e-02
2 153 2 6.054074e-02
3 153 2 6.387466e-02
4 153 2 6.265261e-02
5 153 2 6.050373e-02
6 153 2 5.940253e-02
7 153 2 6.934162e-02
8 153 2 9.061701e-02
9 153 2 1.102156e-01
10 153 2 9.851006e-02
11 153 2 7.451781e-02
12 153 2 6.217503e-02
1 154 2 1.608125e-01
2 154 2 1.599400e-01
3 154 2 1.664381e-01
4 154 2 1.594786e-01
5 154 2 1.491270e-01
6 154 2 1.341415e-01
7 154 2 1.266648e-01
8 154 2 1.319508e-01
9 154 2 1.487727e-01
10 154 2 1.671940e-01
11 154 2 1.762038e-01
12 154 2 1.703807e-01
1 157 2 6.408663e-03
2 157 2 6.654757e-03
3 157 2 7.124870e-03
4 157 2 7.024501e-03
5 157 2 6.846869e-03
6 157 2 6.437234e-03
7 157 2 6.142039e-03
8 157 2 6.080128e-03
9 157 2 6.036182e-03
10 157 2 6.141431e-03
11 157 2 6.185460e-03
12 157 2 6.266181e-03
1 163 2 2.981613e-02
2 163 2 3.021562e-02
3 163 2 3.111226e-02
4 163 2 3.297920e-02
5 163 2 3.301139e-02
6 163 2 3.052033e-02
7 163 2 2.821594e-02
8 163 2 2.649532e-02
9 163 2 2.687473e-02
10 163 2 2.843242e-02
11 163 2 2.954389e-02
12 163 2 2.977538e-02
1 164 2 1.128255e-01
2 164 2 1.118608e-01
3 164 2 1.149747e-01
4 164 2 1.203384e-01
5 164 2 1.189228e-01
6 164 2 1.099944e-01
7 164 2 1.018096e-01
8 164 2 9.944918e-02
9 164 2 1.064898e-01
10 164 2 1.166643e-01
11 164 2 1.190204e-01
12 164 2 1.170384e-01
1 165 2 5.023058e-02
2 165 2 4.922952e-02
3 165 2 4.984840e-02
4 165 2 5.095099e-02
5 165 2 5.039175e-02
6 165 2 4.636755e-02
7 165 2 4.371825e-02
8 165 2 4.425080e-02
9 165 2 4.716658e-02
10 165 2 5.043129e-02
11 165 2 5.305161e-02
12 165 2 5.311411e-02
1 166 2 2.197133e-02
2 166 2 2.175199e-02
3 166 2 2.139261e-02
4 166 2 2.129225e-02
5 166 2 2.059506e-02
6 166 2 1.904700e-02
7 166 2 1.798614e-02
8 166 2 1.812032e-02
9 166 2 1.879849e-02
10 166 2 1.977464e-02
11 166 2 2.131996e-02
12 166 2 2.239417e-02
1 170 2 9.892591e-04
2 170 2 1.087989e-03
3 170 2 1.068943e-03
4 170 2 9.716124e-04
5 170 2 8.096433e-04
6 170 2 6.807686e-04
7 170 2 6.439005e-04
8 170 2 6.147177e-04
9 170 2 6.250566e-04
10 170 2 6.959961e-04
11 170 2 7.679022e-04
12 170 2 8.842869e-04
1 171 2 3.544369e-03
2 171 2 3.890698e-03
3 171 2 3.937800e-03
4 171 2 3.503397e-03
5 171 2 2.914432e-03
6 171 2 2.497531e-03
7 171 2 2.267489e-03
8 171 2 2.148517e-03
9 171 2 2.179822e-03
10 171 2 2.371037e-03
11 171 2 2.706162e-03
12 171 2 3.197069e-03
1 175 2 1.023008e-04
2 175 2 1.081558e-04
3 175 2 1.084661e-04
4 175 2 1.015914e-04
5 175 2 8.826691e-05
6 175 2 8.043352e-05
7 175 2 7.876460e-05
8 175 2 7.809959e-05
9 175 2 7.264114e-05
10 175 2 7.342990e-05
11 175 2 7.677028e-05
12 175 2 8.955297e-05
1 176 2 7.340279e-02
2 176 2 7.395313e-02
3 176 2 7.239987e-02
4 176 2 6.394481e-02
5 176 2 5.172850e-02
6 176 2 4.687573e-02
7 176 2 4.679024e-02
8 176 2 5.338144e-02
9 176 2 5.813791e-02
10 176 2 6.204732e-02
11 176 2 6.623088e-02
12 176 2 7.035345e-02
1 177 2 3.233736e-01
2 177 2 3.142309e-01
3 177 2 2.966925e-01
4 177 2 2.594378e-01
5 177 2 2.121495e-01
6 177 2 1.811577e-01
7 177 2 1.884918e-01
8 177 2 2.258479e-01
9 177 2 2.838555e-01
10 177 2 2.951988e-01
11 177 2 3.011864e-01
12 177 2 3.018018e-01
1 178 2 1.178491e-01
2 178 2 1.164718e-01
3 178 2 1.116467e-01
4 178 2 9.357789e-02
5 178 2 8.147870e-02
6 178 2 6.886764e-02
7 178 2 6.559206e-02
8 178 2 6.607481e-02
9 178 2 7.535665e-02
10 178 2 8.108161e-02
11 178 2 9.157707e-02
12 178 2 1.016698e-01
1 181 2 1.442922e-03
2 181 2 1.524044e-03
3 181 2 1.545032e-03
4 181 2 1.477257e-03
5 181 2 1.218276e-03
6 181 2 1.053440e-03
7 181 2 9.314576e-04
8 181 2 9.532709e-04
9 181 2 1.032772e-03
10 181 2 1.118300e-03
11 181 2 1.266489e-03
12 181 2 1.348444e-03
1 182 2 1.718753e-01
2 182 2 1.588658e-01
3 182 2 1.498033e-01
4 182 2 1.251363e-01
5 182 2 9.799286e-02
6 182 2 7.329279e-02
7 182 2 7.266964e-02
8 182 2 1.009835e-01
9 182 2 1.401254e-01
10 182 2 1.718588e-01
11 182 2 1.899394e-01
12 182 2 1.823138e-01
1 183 2 3.653811e-02
2 183 2 3.510098e-02
3 183 2 3.351047e-02
4 183 2 3.038484e-02
5 183 2 2.556528e-02
6 183 2 2.074925e-02
7 183 2 1.930500e-02
8 183 2 2.292395e-02
9 183 2 2.665431e-02
10 183 2 3.153202e-02
11 183 2 3.432879e-02
12 183 2 3.530938e-02
1 184 2 1.140315e-02
2 184 2 1.155433e-02
3 184 2 1.119019e-02
4 184 2 1.007044e-02
5 184 2 8.372033e-03
6 184 2 6.766181e-03
7 184 2 6.101394e-03
8 184 2 6.372310e-03
9 184 2 6.750397e-03
10 184 2 7.751981e-03
11 184 2 9.070339e-03
12 184 2 1.033818e-02
1 188 2 8.075332e-03
2 188 2 8.004925e-03
3 188 2 7.419847e-03
4 188 2 6.058811e-03
5 188 2 4.282125e-03
6 188 2 3.257136e-03
7 188 2 2.802739e-03
8 188 2 2.851021e-03
9 188 2 3.861693e-03
10 188 2 5.074809e-03
11 188 2 6.043594e-03
12 188 2 7.537987e-03
1 189 2 7.048646e-03
2 189 2 6.514370e-03
3 189 2 5.909114e-03
4 189 2 4.367713e-03
5 189 2 2.891817e-03
6 189 2 2.044985e-03
7 189 2 1.944343e-03
8 189 2 2.388297e-03
9 189 2 3.841994e-03
10 189 2 5.470437e-03
11 189 2 6.653876e-03
12 189 2 6.953268e-03
1 190 2 2.883825e-02
2 190 2 2.732477e-02
3 190 2 2.371796e-02
4 190 2 1.679894e-02
5 190 2 1.172062e-02
6 190 2 8.502638e-03
7 190 2 7.989183e-03
8 190 2 9.630936e-03
9 190 2 1.352773e-02
10 190 2 1.844156e-02
11 190 2 2.416433e-02
12 190 2 2.711194e-02
1 191 2 1.938427e-02
2 191 2 2.008723e-02
3 191 2 1.952488e-02
4 191 2 1.612974e-02
5 191 2 1.326379e-02
6 191 2 1.089597e-02
7 191 2 9.579393e-03
8 191 2 9.728707e-03
9 191 2 1.061422e-02
10 191 2 1.191337e-02
11 191 2 1.465219e-02
12 191 2 1.723817e-02
1 192 2 6.810024e-03
2 192 2 7.359742e-03
3 192 2 7.170662e-03
4 192 2 6.208719e-03
5 192 2 5.247304e-03
6 192 2 4.467869e-03
7 192 2 3.926368e-03
8 192 2 3.648517e-03
9 192 2 3.756683e-03
10 192 2 4.125268e-03
11 192 2 4.924504e-03
12 192 2 5.913252e-03
1 200 2 3.187996e-01
2 200 2 3.279654e-01
3 200 2 2.682038e-01
4 200 2 1.773018e-01
5 200 2 1.160529e-01
6 200 2 9.451438e-02
7 200 2 8.979356e-02
8 200 2 9.683473e-02
9 200 2 1.072616e-01
10 200 2 1.371392e-01
11 200 2 1.905751e-01
12 200 2 2.625738e-01
1 201 2 2.169058e-01
2 201 2 2.238018e-01
3 201 2 2.048773e-01
4 201 2 1.576999e-01
5 201 2 1.188419e-01
6 201 2 9.832121e-02
7 201 2 9.291905e-02
8 201 2 9.611631e-02
9 201 2 9.512638e-02
10 201 2 1.131881e-01
11 201 2 1.442844e-01
12 201 2 1.797017e-01
1 206 2 1.141846e-01
2 206 2 1.233342e-01
3 206 2 1.115845e-01
4 206 2 9.522013e-02
5 206 2 7.874655e-02
6 206 2 6.866034e-02
7 206 2 5.888963e-02
8 206 2 5.782216e-02
9 206 2 6.259188e-02
10 206 2 7.085048e-02
11 206 2 8.305311e-02
12 206 2 9.784517e-02
1 207 2 4.328656e-03
2 207 2 4.726348e-03
3 207 2 4.482368e-03
4 207 2 4.064391e-03
5 207 2 3.604516e-03
6 207 2 3.091577e-03
7 207 2 2.724948e-03
8 207 2 2.683379e-03
9 207 2 2.707358e-03
10 207 2 2.982058e-03
11 207 2 3.213774e-03
12 207 2 3.676359e-03
1 212 2 1.137110e-02
2 212 2 1.213795e-02
3 212 2 1.077361e-02
4 212 2 9.057278e-03
5 212 2 7.059431e-03
6 212 2 5.697548e-03
7 212 2 4.729287e-03
8 212 2 4.570813e-03
9 212 2 5.191194e-03
10 212 2 6.125365e-03
11 212 2 7.265750e-03
12 212 2 9.606710e-03
1 213 2 2.476636e-03
2 213 2 2.706777e-03
3 213 2 2.293887e-03
4 213 2 1.941119e-03
5 213 2 1.497833e-03
6 213 2 1.154618e-03
7 213 2 9.799326e-04
8 213 2 9.566516e-04
9 213 2 1.152327e-03
10 213 2 1.420111e-03
11 213 2 1.743878e-03
12 213 2 2.134014e-03
1 214 2 8.804737e-02
2 214 2 9.334125e-02
3 214 2 7.499389e-02
4 214 2 5.570058e-02
5 214 2 4.117295e-02
6 214 2 3.034258e-02
7 214 2 2.627713e-02
8 214 2 2.708974e-02
9 214 2 3.419501e-02
10 214 2 4.584383e-02
11 214 2 6.275600e-02
12 214 2 7.611211e-02
1 215 2 3.260629e-02
2 215 2 3.353992e-02
3 215 2 3.127084e-02
4 215 2 2.492154e-02
5 215 2 2.024265e-02
6 215 2 1.626454e-02
7 215 2 1.405482e-02
8 215 2 1.408938e-02
9 215 2 1.584445e-02
10 215 2 1.884981e-02
11 215 2 2.373450e-02
12 215 2 2.867259e-02
1 216 2 1.273162e-02
2 216 2 1.329275e-02
3 216 2 1.246532e-02
4 216 2 1.013358e-02
5 216 2 8.114390e-03
6 216 2 6.980549e-03
7 216 2 6.134084e-03
8 216 2 5.865321e-03
9 216 2 6.086311e-03
10 216 2 6.917663e-03
11 216 2 8.320776e-03
12 216 2 1.069370e-02
1 224 2 9.322781e-03
2 224 2 1.019201e-02
3 224 2 8.893769e-03
4 224 2 7.658869e-03
5 224 2 6.184680e-03
6 224 2 5.255779e-03
7 224 2 4.774824e-03
8 224 2 4.987249e-03
9 224 2 5.128817e-03
10 224 2 6.049194e-03
11 224 2 7.223932e-03
12 224 2 8.618720e-03
1 240 2 7.864690e-04
2 240 2 8.021935e-04
3 240 2 7.335863e-04
4 240 2 6.478717e-04
5 240 2 5.630839e-04
6 240 2 4.856795e-04
7 240 2 4.758272e-04
8 240 2 4.905502e-04
9 240 2 4.775212e-04
10 240 2 5.142404e-04
11 240 2 5.650240e-04
12 240 2 7.002489e-04
