1 7 2 4.494899e-07
2 7 2 3.839942e-07
3 7 2 4.199535e-07
4 7 2 1.085407e-06
5 7 2 3.734579e-06
6 7 2 1.005862e-05
7 7 2 1.360961e-05
8 7 2 9.279164e-06
9 7 2 4.012927e-06
10 7 2 1.759256e-06
11 7 2 9.320777e-07
12 7 2 5.498652e-07
1 25 2 3.854757e-04
2 25 2 3.660077e-04
3 25 2 5.156443e-04
4 25 2 9.409364e-04
5 25 2 2.632287e-03
6 25 2 4.773317e-03
7 25 2 5.786658e-03
8 25 2 4.437344e-03
9 25 2 2.507334e-03
10 25 2 1.173342e-03
11 25 2 5.594629e-04
12 25 2 3.239832e-04
1 26 2 2.758559e-04
2 26 2 2.270320e-04
3 26 2 3.754160e-04
4 26 2 8.379593e-04
5 26 2 2.360402e-03
6 26 2 4.508302e-03
7 26 2 4.891495e-03
8 26 2 3.659832e-03
9 26 2 2.001735e-03
10 26 2 8.057767e-04
11 26 2 4.209854e-04
12 26 2 2.602739e-04
1 27 2 1.208202e-03
2 27 2 1.066734e-03
3 27 2 1.869978e-03
4 27 2 4.762605e-03
5 27 2 1.341185e-02
6 27 2 2.772393e-02
7 27 2 3.126790e-02
8 27 2 2.353453e-02
9 27 2 1.216181e-02
10 27 2 4.567054e-03
11 27 2 2.420375e-03
12 27 2 1.497169e-03
1 28 2 4.666457e-05
2 28 2 4.246601e-05
3 28 2 7.142046e-05
4 28 2 1.941379e-04
5 28 2 5.543823e-04
6 28 2 1.186924e-03
7 28 2 1.415089e-03
8 28 2 1.066285e-03
9 28 2 5.485197e-04
10 28 2 2.136218e-04
11 28 2 1.066431e-04
12 28 2 6.648606e-05
1 29 2 6.276020e-05
2 29 2 5.937134e-05
3 29 2 9.458149e-05
4 29 2 2.843908e-04
5 29 2 8.504536e-04
6 29 2 2.093043e-03
7 29 2 2.851207e-03
8 29 2 2.121318e-03
9 29 2 9.742150e-04
10 29 2 3.610803e-04
11 29 2 1.706841e-04
12 29 2 1.065485e-04
1 30 2 1.420919e-05
2 30 2 1.242683e-05
3 30 2 1.975057e-05
4 30 2 6.045093e-05
5 30 2 1.674585e-04
6 30 2 4.554218e-04
7 30 2 6.601123e-04
8 30 2 5.055183e-04
9 30 2 2.287296e-04
10 30 2 8.952892e-05
11 30 2 4.129722e-05
12 30 2 2.473284e-05
1 31 2 2.534665e-05
2 31 2 1.953173e-05
3 31 2 2.967107e-05
4 31 2 8.258443e-05
5 31 2 2.132731e-04
6 31 2 5.615372e-04
7 31 2 7.918921e-04
8 31 2 6.391957e-04
9 31 2 3.197682e-04
10 31 2 1.464381e-04
11 31 2 7.030816e-05
12 31 2 3.917897e-05
1 32 2 3.000085e-05
2 32 2 2.483493e-05
3 32 2 3.471495e-05
4 32 2 7.713800e-05
5 32 2 2.060252e-04
6 32 2 4.880332e-04
7 32 2 6.296208e-04
8 32 2 5.200951e-04
9 32 2 2.904271e-04
10 32 2 1.497180e-04
11 32 2 7.736817e-05
12 32 2 4.012392e-05
1 35 2 2.062480e-03
2 35 2 1.965233e-03
3 35 2 2.134825e-03
4 35 2 2.844847e-03
5 35 2 4.459676e-03
6 35 2 6.810899e-03
7 35 2 8.195603e-03
8 35 2 7.525734e-03
9 35 2 5.114779e-03
10 35 2 3.697979e-03
11 35 2 2.801021e-03
12 35 2 2.275576e-03
1 36 2 2.471380e-04
2 36 2 2.320145e-04
3 36 2 2.571407e-04
4 36 2 3.088485e-04
5 36 2 4.224015e-04
6 36 2 6.093491e-04
7 36 2 7.176411e-04
8 36 2 7.310805e-04
9 36 2 5.580555e-04
10 36 2 4.372140e-04
11 36 2 3.346374e-04
12 36 2 2.772755e-04
1 37 2 5.859209e-03
2 37 2 5.670901e-03
3 37 2 7.145599e-03
4 37 2 9.188281e-03
5 37 2 1.389093e-02
6 37 2 2.106860e-02
7 37 2 2.450386e-02
8 37 2 2.408788e-02
9 37 2 1.772644e-02
10 37 2 1.329173e-02
11 37 2 9.368159e-03
12 37 2 7.176809e-03
1 38 2 2.296959e-02
2 38 2 2.294900e-02
3 38 2 3.495977e-02
4 38 2 5.183361e-02
5 38 2 9.463475e-02
6 38 2 1.679221e-01
7 38 2 1.990651e-01
8 38 2 1.726473e-01
9 38 2 1.115170e-01
10 38 2 7.622176e-02
11 38 2 4.355462e-02
12 38 2 3.143069e-02
1 39 2 4.354087e-02
2 39 2 4.536083e-02
3 39 2 7.347517e-02
4 39 2 1.134518e-01
5 39 2 2.201340e-01
6 39 2 4.255745e-01
7 39 2 5.284445e-01
8 39 2 4.278381e-01
9 39 2 2.696716e-01
10 39 2 1.702944e-01
11 39 2 8.619933e-02
12 39 2 6.291927e-02
1 40 2 1.082193e-02
2 40 2 1.187353e-02
3 40 2 2.117627e-02
4 40 2 3.560958e-02
5 40 2 7.784434e-02
6 40 2 1.767409e-01
7 40 2 2.211302e-01
8 40 2 1.622156e-01
9 40 2 9.992313e-02
10 40 2 5.383952e-02
11 40 2 2.306330e-02
12 40 2 1.718143e-02
1 41 2 5.758279e-03
2 41 2 6.155888e-03
3 41 2 1.233619e-02
4 41 2 2.197164e-02
5 41 2 5.510809e-02
6 41 2 1.398424e-01
7 41 2 1.808079e-01
8 41 2 1.268179e-01
9 41 2 7.087169e-02
10 41 2 3.071645e-02
11 41 2 1.180044e-02
12 41 2 9.835512e-03
1 42 2 3.120736e-03
2 42 2 3.264353e-03
3 42 2 7.039531e-03
4 42 2 1.388683e-02
5 42 2 3.947791e-02
6 42 2 1.094999e-01
7 42 2 1.532870e-01
8 42 2 1.023675e-01
9 42 2 4.847637e-02
10 42 2 1.734917e-02
11 42 2 6.468103e-03
12 42 2 5.306137e-03
1 43 2 8.746131e-05
2 43 2 9.068609e-05
3 43 2 2.139721e-04
4 43 2 5.220984e-04
5 43 2 1.747559e-03
6 43 2 5.153824e-03
7 43 2 7.534177e-03
8 43 2 4.729433e-03
9 43 2 1.933954e-03
10 43 2 5.937729e-04
11 43 2 2.024893e-04
12 43 2 1.418858e-04
1 44 2 3.610972e-04
2 44 2 3.628213e-04
3 44 2 7.891923e-04
4 44 2 2.133562e-03
5 44 2 7.970921e-03
6 44 2 2.511901e-02
7 44 2 3.671282e-02
8 44 2 2.213760e-02
9 44 2 7.980273e-03
10 44 2 2.364393e-03
11 44 2 7.760006e-04
12 44 2 5.246635e-04
1 45 2 8.292271e-04
2 45 2 9.293213e-04
3 45 2 1.693384e-03
4 45 2 4.993925e-03
5 45 2 2.091359e-02
6 45 2 6.939346e-02
7 45 2 9.708055e-02
8 45 2 5.911223e-02
9 45 2 2.032737e-02
10 45 2 5.190001e-03
11 45 2 1.504358e-03
12 45 2 9.831740e-04
1 46 2 3.766490e-04
2 46 2 4.738336e-04
3 46 2 7.448306e-04
4 46 2 2.068319e-03
5 46 2 8.122203e-03
6 46 2 2.519417e-02
7 46 2 3.524486e-02
8 46 2 2.208484e-02
9 46 2 8.295694e-03
10 46 2 2.010778e-03
11 46 2 5.528422e-04
12 46 2 3.942537e-04
1 47 2 4.948474e-04
2 47 2 6.297614e-04
3 47 2 8.874324e-04
4 47 2 1.988317e-03
5 47 2 6.777176e-03
6 47 2 1.867111e-02
7 47 2 2.532201e-02
8 47 2 1.717014e-02
9 47 2 7.273794e-03
10 47 2 2.243517e-03
11 47 2 6.618962e-04
12 47 2 5.031291e-04
1 48 2 6.697427e-04
2 48 2 7.693589e-04
3 48 2 1.058210e-03
4 48 2 2.066461e-03
5 48 2 6.412624e-03
6 48 2 1.475014e-02
7 48 2 1.960156e-02
8 48 2 1.379082e-02
9 48 2 6.564987e-03
10 48 2 2.447659e-03
11 48 2 8.811267e-04
12 48 2 5.843096e-04
1 49 2 1.432592e-04
2 49 2 1.303533e-04
3 49 2 1.478588e-04
4 49 2 1.730557e-04
5 49 2 2.475065e-04
6 49 2 3.765668e-04
7 49 2 5.615873e-04
8 49 2 5.280940e-04
9 49 2 3.683395e-04
10 49 2 2.635823e-04
11 49 2 1.924365e-04
12 49 2 1.403820e-04
1 50 2 5.841520e-04
2 50 2 5.042395e-04
3 50 2 5.910467e-04
4 50 2 6.737320e-04
5 50 2 9.482307e-04
6 50 2 1.391515e-03
7 50 2 1.920496e-03
8 50 2 1.846870e-03
9 50 2 1.337302e-03
10 50 2 9.532849e-04
11 50 2 7.137061e-04
12 50 2 5.619656e-04
1 51 2 2.244518e-04
2 51 2 2.048474e-04
3 51 2 2.225894e-04
4 51 2 2.569417e-04
5 51 2 3.502181e-04
6 51 2 4.911531e-04
7 51 2 6.400441e-04
8 51 2 6.347294e-04
9 51 2 5.273671e-04
10 51 2 3.709365e-04
11 51 2 2.780033e-04
12 51 2 2.329753e-04
1 52 2 8.371949e-02
2 52 2 8.799636e-02
3 52 2 1.105434e-01
4 52 2 1.611573e-01
5 52 2 2.725381e-01
6 52 2 3.750735e-01
7 52 2 4.811014e-01
8 52 2 4.499946e-01
9 52 2 3.632523e-01
10 52 2 2.075134e-01
11 52 2 1.249027e-01
12 52 2 9.631905e-02
1 53 2 2.233177e-02
2 53 2 2.801822e-02
3 53 2 4.746877e-02
4 53 2 1.036101e-01
5 53 2 1.973054e-01
6 53 2 2.946272e-01
7 53 2 4.089775e-01
8 53 2 3.484964e-01
9 53 2 2.358651e-01
10 53 2 1.040264e-01
11 53 2 4.639859e-02
12 53 2 2.939539e-02
1 54 2 1.170749e-02
2 54 2 1.518761e-02
3 54 2 2.840145e-02
4 54 2 7.057480e-02
5 54 2 1.390104e-01
6 54 2 2.685046e-01
7 54 2 3.814236e-01
8 54 2 3.198335e-01
9 54 2 1.939740e-01
10 54 2 8.249662e-02
11 54 2 3.536182e-02
12 54 2 1.950627e-02
1 55 2 7.834005e-03
2 55 2 8.737004e-03
3 55 2 1.629864e-02
4 55 2 3.816409e-02
5 55 2 7.573304e-02
6 55 2 1.617353e-01
7 55 2 2.248244e-01
8 55 2 1.938915e-01
9 55 2 1.229534e-01
10 55 2 5.895420e-02
11 55 2 2.758242e-02
12 55 2 1.579377e-02
1 56 2 2.762279e-02
2 56 2 2.866642e-02
3 56 2 4.965100e-02
4 56 2 1.107147e-01
5 56 2 2.420074e-01
6 56 2 4.770499e-01
7 56 2 6.595633e-01
8 56 2 5.474041e-01
9 56 2 3.577963e-01
10 56 2 1.843496e-01
11 56 2 8.311166e-02
12 56 2 4.766534e-02
1 57 2 5.577254e-03
2 57 2 5.321254e-03
3 57 2 6.544839e-03
4 57 2 9.934042e-03
5 57 2 1.662121e-02
6 57 2 2.704478e-02
7 57 2 3.851208e-02
8 57 2 3.470879e-02
9 57 2 2.582336e-02
10 57 2 1.658758e-02
11 57 2 1.014339e-02
12 57 2 7.289598e-03
1 60 2 6.702599e-01
2 60 2 6.490862e-01
3 60 2 7.443730e-01
4 60 2 8.828154e-01
5 60 2 1.088441e+00
6 60 2 1.432381e+00
7 60 2 1.667578e+00
8 60 2 1.668280e+00
9 60 2 1.415775e+00
10 60 2 1.155743e+00
11 60 2 9.243240e-01
12 60 2 7.661699e-01
1 61 2 1.333876e+00
2 61 2 1.341900e+00
3 61 2 1.887359e+00
4 61 2 2.842761e+00
5 61 2 4.146721e+00
6 61 2 5.842058e+00
7 61 2 6.913510e+00
8 61 2 6.651369e+00
9 61 2 5.168288e+00
10 61 2 3.515501e+00
11 61 2 2.293375e+00
12 61 2 1.608554e+00
1 62 2 5.143489e-01
2 62 2 5.633332e-01
3 62 2 8.867893e-01
4 62 2 1.605359e+00
5 62 2 2.753537e+00
6 62 2 3.906112e+00
7 62 2 4.776386e+00
8 62 2 4.458583e+00
9 62 2 3.106840e+00
10 62 2 1.852729e+00
11 62 2 1.006114e+00
12 62 2 6.547503e-01
1 63 2 6.678550e-01
2 63 2 8.107475e-01
3 63 2 1.356593e+00
4 63 2 2.853259e+00
5 63 2 5.475874e+00
6 63 2 8.140760e+00
7 63 2 1.041006e+01
8 63 2 9.058796e+00
9 63 2 5.532829e+00
10 63 2 3.021537e+00
11 63 2 1.395670e+00
12 63 2 9.136648e-01
1 64 2 1.596817e-01
2 64 2 2.045689e-01
3 64 2 3.895485e-01
4 64 2 9.227103e-01
5 64 2 1.976155e+00
6 64 2 3.165347e+00
7 64 2 4.012147e+00
8 64 2 3.136603e+00
9 64 2 1.795972e+00
10 64 2 7.939596e-01
11 64 2 3.628005e-01
12 64 2 2.482854e-01
1 65 2 5.402505e-02
2 65 2 6.699140e-02
3 65 2 1.467656e-01
4 65 2 4.138841e-01
5 65 2 8.677831e-01
6 65 2 1.474830e+00
7 65 2 1.911589e+00
8 65 2 1.426706e+00
9 65 2 8.091828e-01
10 65 2 2.871436e-01
11 65 2 1.264062e-01
12 65 2 9.160642e-02
1 66 2 3.578641e-02
2 66 2 4.424316e-02
3 66 2 1.051787e-01
4 66 2 3.450563e-01
5 66 2 7.174706e-01
6 66 2 1.233723e+00
7 66 2 1.701510e+00
8 66 2 1.286343e+00
9 66 2 7.276634e-01
10 66 2 2.410832e-01
11 66 2 9.238670e-02
12 66 2 5.730567e-02
1 67 2 1.218833e-02
2 67 2 1.625257e-02
3 67 2 4.133038e-02
4 67 2 1.526780e-01
5 67 2 3.464176e-01
6 67 2 5.908177e-01
7 67 2 8.260283e-01
8 67 2 6.356965e-01
9 67 2 3.476818e-01
10 67 2 1.278588e-01
11 67 2 4.042992e-02
12 67 2 1.819729e-02
1 68 2 3.000790e-03
2 68 2 4.029254e-03
3 68 2 1.196666e-02
4 68 2 5.500508e-02
5 68 2 1.498959e-01
6 68 2 2.872470e-01
7 68 2 4.118578e-01
8 68 2 3.063126e-01
9 68 2 1.470024e-01
10 68 2 5.400692e-02
11 68 2 1.231549e-02
12 68 2 4.285363e-03
1 69 2 1.838859e-03
2 69 2 2.607160e-03
3 69 2 6.234845e-03
4 69 2 2.734017e-02
5 69 2 8.766755e-02
6 69 2 2.074751e-01
7 69 2 3.039493e-01
8 69 2 2.339795e-01
9 69 2 1.005161e-01
10 69 2 3.268394e-02
11 69 2 6.332969e-03
12 69 2 2.381607e-03
1 70 2 7.613290e-03
2 70 2 8.898480e-03
3 70 2 1.275126e-02
4 70 2 3.326739e-02
5 70 2 8.342404e-02
6 70 2 2.025773e-01
7 70 2 3.279084e-01
8 70 2 2.988570e-01
9 70 2 1.543098e-01
10 70 2 5.500356e-02
11 70 2 1.672880e-02
12 70 2 9.417104e-03
1 71 2 6.273622e-03
2 71 2 6.366258e-03
3 71 2 7.203905e-03
4 71 2 1.156009e-02
5 71 2 2.238760e-02
6 71 2 4.670264e-02
7 71 2 7.167389e-02
8 71 2 7.126182e-02
9 71 2 4.572091e-02
10 71 2 2.177626e-02
11 71 2 1.040307e-02
12 71 2 7.225286e-03
1 72 2 2.645742e-05
2 72 2 2.526913e-05
3 72 2 2.737649e-05
4 72 2 3.490528e-05
5 72 2 5.431005e-05
6 72 2 9.450130e-05
7 72 2 1.463717e-04
8 72 2 1.407752e-04
9 72 2 9.849106e-05
10 72 2 5.971940e-05
11 72 2 3.679538e-05
12 72 2 2.627674e-05
1 76 2 2.042595e-01
2 76 2 1.868765e-01
3 76 2 1.887573e-01
4 76 2 2.053230e-01
5 76 2 2.791400e-01
6 76 2 3.980359e-01
7 76 2 5.337441e-01
8 76 2 5.696028e-01
9 76 2 5.427206e-01
10 76 2 3.624290e-01
11 76 2 2.339631e-01
12 76 2 2.046211e-01
1 77 2 1.987176e-01
2 77 2 2.580332e-01
3 77 2 3.380080e-01
4 77 2 5.462952e-01
5 77 2 9.172518e-01
6 77 2 1.416141e+00
7 77 2 1.924154e+00
8 77 2 1.826334e+00
9 77 2 1.352871e+00
10 77 2 6.834862e-01
11 77 2 2.999158e-01
12 77 2 1.890354e-01
1 78 2 2.275646e-01
2 78 2 3.109349e-01
3 78 2 4.329955e-01
4 78 2 7.766229e-01
5 78 2 1.214414e+00
6 78 2 1.928068e+00
7 78 2 2.379987e+00
8 78 2 2.228569e+00
9 78 2 1.444980e+00
10 78 2 7.663010e-01
11 78 2 4.138191e-01
12 78 2 2.389117e-01
1 79 2 7.343166e-01
2 79 2 9.010187e-01
3 79 2 1.322955e+00
4 79 2 2.194341e+00
5 79 2 3.333813e+00
6 79 2 5.446351e+00
7 79 2 6.673823e+00
8 79 2 6.322264e+00
9 79 2 4.365561e+00
10 79 2 2.635251e+00
11 79 2 1.501430e+00
12 79 2 9.197483e-01
1 80 2 3.580296e-01
2 80 2 3.587286e-01
3 80 2 4.507650e-01
4 80 2 6.094860e-01
5 80 2 9.089942e-01
6 80 2 1.383002e+00
7 80 2 1.780825e+00
8 80 2 1.762987e+00
9 80 2 1.463247e+00
10 80 2 1.025889e+00
11 80 2 5.984628e-01
12 80 2 4.423636e-01
1 81 2 8.452851e-08
2 81 2 7.660320e-08
3 81 2 8.068397e-08
4 81 2 9.567141e-08
5 81 2 1.377660e-07
6 81 2 1.856357e-07
7 81 2 2.476989e-07
8 81 2 2.657754e-07
9 81 2 2.416727e-07
10 81 2 1.854339e-07
11 81 2 1.225789e-07
12 81 2 1.003548e-07
1 84 2 5.842361e-01
2 84 2 6.176846e-01
3 84 2 7.639522e-01
4 84 2 9.653968e-01
5 84 2 1.294306e+00
6 84 2 2.120814e+00
7 84 2 2.840456e+00
8 84 2 2.721862e+00
9 84 2 2.042340e+00
10 84 2 1.288922e+00
11 84 2 8.658678e-01
12 84 2 6.614295e-01
1 85 2 4.613673e-01
2 85 2 5.195360e-01
3 85 2 6.754805e-01
4 85 2 9.814103e-01
5 85 2 1.571024e+00
6 85 2 2.399985e+00
7 85 2 3.320603e+00
8 85 2 3.158918e+00
9 85 2 2.274635e+00
10 85 2 1.254702e+00
11 85 2 7.075993e-01
12 85 2 5.134346e-01
1 86 2 1.487414e-01
2 86 2 1.684064e-01
3 86 2 2.152109e-01
4 86 2 3.125992e-01
5 86 2 5.024087e-01
6 86 2 7.289841e-01
7 86 2 1.001430e+00
8 86 2 1.004706e+00
9 86 2 7.436740e-01
10 86 2 4.312484e-01
11 86 2 2.375528e-01
12 86 2 1.697774e-01
1 87 2 1.920772e-01
2 87 2 2.598584e-01
3 87 2 3.710302e-01
4 87 2 5.865142e-01
5 87 2 1.028961e+00
6 87 2 1.546659e+00
7 87 2 2.096791e+00
8 87 2 2.136560e+00
9 87 2 1.549016e+00
10 87 2 8.721371e-01
11 87 2 3.831940e-01
12 87 2 2.329237e-01
1 88 2 8.545715e-02
2 88 2 1.213560e-01
3 88 2 1.903042e-01
4 88 2 3.610818e-01
5 88 2 7.410462e-01
6 88 2 1.164721e+00
7 88 2 1.491587e+00
8 88 2 1.308239e+00
9 88 2 8.453843e-01
10 88 2 3.995129e-01
11 88 2 2.048178e-01
12 88 2 1.137688e-01
1 89 2 1.087217e-01
2 89 2 1.512722e-01
3 89 2 2.871099e-01
4 89 2 5.400047e-01
5 89 2 1.077641e+00
6 89 2 1.609871e+00
7 89 2 1.878018e+00
8 89 2 1.644696e+00
9 89 2 1.073338e+00
10 89 2 5.107697e-01
11 89 2 2.810511e-01
12 89 2 1.555629e-01
1 90 2 2.136765e-02
2 90 2 2.816185e-02
3 90 2 5.588417e-02
4 90 2 1.003002e-01
5 90 2 1.540051e-01
6 90 2 2.038516e-01
7 90 2 2.289379e-01
8 90 2 2.118310e-01
9 90 2 1.543733e-01
10 90 2 9.207713e-02
11 90 2 5.076703e-02
12 90 2 2.890055e-02
1 91 2 7.372339e-04
2 91 2 1.043153e-03
3 91 2 2.179378e-03
4 91 2 4.118341e-03
5 91 2 6.078028e-03
6 91 2 7.725740e-03
7 91 2 8.674881e-03
8 91 2 7.955699e-03
9 91 2 5.720312e-03
10 91 2 3.540887e-03
11 91 2 1.835168e-03
12 91 2 9.420956e-04
1 92 2 4.190274e-03
2 92 2 5.985551e-03
3 92 2 1.500427e-02
4 92 2 3.579671e-02
5 92 2 6.750739e-02
6 92 2 1.034451e-01
7 92 2 1.241719e-01
8 92 2 1.130163e-01
9 92 2 7.070411e-02
10 92 2 3.757696e-02
11 92 2 1.473771e-02
12 92 2 6.326537e-03
1 93 2 8.557594e-02
2 93 2 1.032550e-01
3 93 2 2.122978e-01
4 93 2 4.947837e-01
5 93 2 8.826662e-01
6 93 2 1.400729e+00
7 93 2 1.879005e+00
8 93 2 1.847222e+00
9 93 2 1.242451e+00
10 93 2 7.155007e-01
11 93 2 3.064163e-01
12 93 2 1.276286e-01
1 94 2 2.094590e-01
2 94 2 2.084031e-01
3 94 2 2.782685e-01
4 94 2 4.931430e-01
5 94 2 8.417650e-01
6 94 2 1.325462e+00
7 94 2 1.831121e+00
8 94 2 1.995516e+00
9 94 2 1.643737e+00
10 94 2 9.921565e-01
11 94 2 5.325150e-01
12 94 2 2.909534e-01
1 98 2 2.587124e-02
2 98 2 2.408269e-02
3 98 2 2.267759e-02
4 98 2 2.414510e-02
5 98 2 2.740303e-02
6 98 2 3.135717e-02
7 98 2 3.527037e-02
8 98 2 3.717326e-02
9 98 2 3.668168e-02
10 98 2 3.467399e-02
11 98 2 3.118901e-02
12 98 2 2.838233e-02
1 101 2 3.367144e-02
2 101 2 3.459855e-02
3 101 2 3.545455e-02
4 101 2 4.372084e-02
5 101 2 5.622587e-02
6 101 2 6.564956e-02
7 101 2 7.007716e-02
8 101 2 7.021976e-02
9 101 2 6.750694e-02
10 101 2 5.788028e-02
11 101 2 4.450835e-02
12 101 2 3.569888e-02
1 102 2 2.978266e-01
2 102 2 3.366519e-01
3 102 2 4.137514e-01
4 102 2 5.175198e-01
5 102 2 5.988930e-01
6 102 2 6.537990e-01
7 102 2 6.722096e-01
8 102 2 6.807036e-01
9 102 2 6.135040e-01
10 102 2 4.726441e-01
11 102 2 3.793561e-01
12 102 2 3.109295e-01
1 103 2 2.597605e-01
2 103 2 2.650878e-01
3 103 2 2.889124e-01
4 103 2 3.264601e-01
5 103 2 3.801888e-01
6 103 2 4.350774e-01
7 103 2 4.706985e-01
8 103 2 4.939876e-01
9 103 2 4.844997e-01
10 103 2 4.234106e-01
11 103 2 3.483217e-01
12 103 2 2.896180e-01
1 104 2 5.654574e-02
2 104 2 5.425986e-02
3 104 2 5.484943e-02
4 104 2 6.013449e-02
5 104 2 7.031594e-02
6 104 2 8.069094e-02
7 104 2 9.056151e-02
8 104 2 9.782851e-02
9 104 2 9.861595e-02
10 104 2 9.212682e-02
11 104 2 7.578261e-02
12 104 2 6.274791e-02
1 107 2 3.127948e-02
2 107 2 3.299928e-02
3 107 2 3.852784e-02
4 107 2 4.414866e-02
5 107 2 4.950995e-02
6 107 2 6.338463e-02
7 107 2 6.928209e-02
8 107 2 6.900176e-02
9 107 2 6.459597e-02
10 107 2 5.525230e-02
11 107 2 4.392355e-02
12 107 2 3.434988e-02
1 108 2 2.740368e-03
2 108 2 3.502194e-03
3 108 2 5.087311e-03
4 108 2 7.879134e-03
5 108 2 1.223052e-02
6 108 2 1.678677e-02
7 108 2 1.796973e-02
8 108 2 1.588146e-02
9 108 2 1.285061e-02
10 108 2 8.866029e-03
11 108 2 4.618301e-03
12 108 2 2.940000e-03
1 109 2 5.197378e-03
2 109 2 6.864979e-03
3 109 2 1.073727e-02
4 109 2 1.863362e-02
5 109 2 3.174765e-02
6 109 2 4.001952e-02
7 109 2 4.066345e-02
8 109 2 3.738113e-02
9 109 2 3.001812e-02
10 109 2 2.106264e-02
11 109 2 9.368136e-03
12 109 2 5.472518e-03
1 110 2 2.288741e-03
2 110 2 2.915417e-03
3 110 2 4.682309e-03
4 110 2 7.248032e-03
5 110 2 1.124141e-02
6 110 2 1.301809e-02
7 110 2 1.399570e-02
8 110 2 1.384164e-02
9 110 2 1.165434e-02
10 110 2 8.496750e-03
11 110 2 4.109919e-03
12 110 2 2.419143e-03
1 111 2 7.856391e-02
2 111 2 9.826055e-02
3 111 2 1.590817e-01
4 111 2 2.411016e-01
5 111 2 3.643898e-01
6 111 2 4.673221e-01
7 111 2 4.939944e-01
8 111 2 4.892825e-01
9 111 2 4.166668e-01
10 111 2 2.712299e-01
11 111 2 1.461096e-01
12 111 2 8.924642e-02
1 112 2 9.051238e-02
2 112 2 1.167047e-01
3 112 2 2.047332e-01
4 112 2 3.404594e-01
5 112 2 5.177259e-01
6 112 2 6.309101e-01
7 112 2 6.425650e-01
8 112 2 5.989370e-01
9 112 2 4.572225e-01
10 112 2 3.035378e-01
11 112 2 1.741990e-01
12 112 2 1.070784e-01
1 113 2 5.190448e-02
2 113 2 6.575815e-02
3 113 2 1.104741e-01
4 113 2 1.652039e-01
5 113 2 2.032992e-01
6 113 2 1.775103e-01
7 113 2 1.523143e-01
8 113 2 1.454726e-01
9 113 2 1.438793e-01
10 113 2 1.313755e-01
11 113 2 9.188893e-02
12 113 2 6.206269e-02
1 114 2 1.415289e-01
2 114 2 1.919204e-01
3 114 2 3.419389e-01
4 114 2 4.984390e-01
5 114 2 5.750520e-01
6 114 2 4.209705e-01
7 114 2 3.476931e-01
8 114 2 3.187029e-01
9 114 2 3.075596e-01
10 114 2 2.752715e-01
11 114 2 2.098454e-01
12 114 2 1.554402e-01
1 115 2 5.007948e-02
2 115 2 7.286116e-02
3 115 2 1.154968e-01
4 115 2 1.431684e-01
5 115 2 1.278562e-01
6 115 2 1.187102e-01
7 115 2 1.144938e-01
8 115 2 1.098487e-01
9 115 2 1.010280e-01
10 115 2 9.028403e-02
11 115 2 6.858360e-02
12 115 2 4.920358e-02
1 116 2 4.290545e-02
2 116 2 5.492421e-02
3 116 2 8.399222e-02
4 116 2 1.188879e-01
5 116 2 1.382741e-01
6 116 2 1.574592e-01
7 116 2 1.650775e-01
8 116 2 1.580158e-01
9 116 2 1.280104e-01
10 116 2 1.023415e-01
11 116 2 7.434907e-02
12 116 2 4.897798e-02
1 117 2 1.128035e-02
2 117 2 1.177950e-02
3 117 2 1.487643e-02
4 117 2 2.036391e-02
5 117 2 2.593179e-02
6 117 2 3.072344e-02
7 117 2 3.270830e-02
8 117 2 3.266541e-02
9 117 2 2.980521e-02
10 117 2 2.551506e-02
11 117 2 2.059734e-02
12 117 2 1.487925e-02
1 126 2 6.208023e-04
2 126 2 6.452604e-04
3 126 2 6.993741e-04
4 126 2 7.384964e-04
5 126 2 7.296413e-04
6 126 2 6.781198e-04
7 126 2 6.536681e-04
8 126 2 6.600543e-04
9 126 2 6.565601e-04
10 126 2 6.451753e-04
11 126 2 6.304164e-04
12 126 2 6.208714e-04
1 127 2 6.252250e-02
2 127 2 6.358666e-02
3 127 2 6.711436e-02
4 127 2 6.967896e-02
5 127 2 7.062824e-02
6 127 2 6.841239e-02
7 127 2 6.843128e-02
8 127 2 7.000166e-02
9 127 2 6.925544e-02
10 127 2 6.647983e-02
11 127 2 6.442720e-02
12 127 2 6.362970e-02
1 128 2 2.834675e-01
2 128 2 2.911186e-01
3 128 2 2.988518e-01
4 128 2 2.917301e-01
5 128 2 2.837814e-01
6 128 2 2.752569e-01
7 128 2 2.933731e-01
8 128 2 3.335664e-01
9 128 2 3.507420e-01
10 128 2 3.312924e-01
11 128 2 3.012620e-01
12 128 2 2.838488e-01
1 129 2 8.082917e-03
2 129 2 7.971937e-03
3 129 2 8.172998e-03
4 129 2 8.410016e-03
5 129 2 8.539780e-03
6 129 2 8.770802e-03
7 129 2 9.164622e-03
8 129 2 9.989422e-03
9 129 2 1.043684e-02
10 129 2 1.048282e-02
11 129 2 9.571176e-03
12 129 2 8.502824e-03
1 133 2 1.735552e-01
2 133 2 2.017836e-01
3 133 2 2.422304e-01
4 133 2 2.487065e-01
5 133 2 2.372406e-01
6 133 2 2.180561e-01
7 133 2 1.946171e-01
8 133 2 1.822368e-01
9 133 2 1.900324e-01
10 133 2 2.023918e-01
11 133 2 1.930851e-01
12 133 2 1.689495e-01
1 135 2 7.509435e-03
2 135 2 8.460505e-03
3 135 2 1.006147e-02
4 135 2 1.083574e-02
5 135 2 1.041211e-02
6 135 2 9.288665e-03
7 135 2 8.024486e-03
8 135 2 8.104793e-03
9 135 2 8.612269e-03
10 135 2 8.099339e-03
11 135 2 7.763145e-03
12 135 2 7.292414e-03
1 136 2 8.397170e-03
2 136 2 8.642388e-03
3 136 2 1.068792e-02
4 136 2 1.299326e-02
5 136 2 1.422821e-02
6 136 2 1.298155e-02
7 136 2 1.148716e-02
8 136 2 1.146081e-02
9 136 2 1.152005e-02
10 136 2 1.083688e-02
11 136 2 1.024622e-02
12 136 2 9.098769e-03
1 137 2 2.043413e-03
2 137 2 2.143751e-03
3 137 2 2.457855e-03
4 137 2 2.700822e-03
5 137 2 2.665875e-03
6 137 2 2.452872e-03
7 137 2 2.269168e-03
8 137 2 2.189520e-03
9 137 2 2.190896e-03
10 137 2 2.282408e-03
11 137 2 2.256589e-03
12 137 2 2.127761e-03
1 138 2 8.162254e-02
2 138 2 8.975699e-02
3 138 2 1.041314e-01
4 138 2 1.158917e-01
5 138 2 1.169277e-01
6 138 2 1.027677e-01
7 138 2 9.520439e-02
8 138 2 9.181283e-02
9 138 2 9.206334e-02
10 138 2 9.259980e-02
11 138 2 8.982357e-02
12 138 2 8.330384e-02
1 139 2 1.388769e-01
2 139 2 1.581552e-01
3 139 2 1.767228e-01
4 139 2 1.854832e-01
5 139 2 1.828693e-01
6 139 2 1.703009e-01
7 139 2 1.611305e-01
8 139 2 1.551147e-01
9 139 2 1.531041e-01
10 139 2 1.542927e-01
11 139 2 1.468213e-01
12 139 2 1.343953e-01
1 140 2 4.623494e-02
2 140 2 4.780864e-02
3 140 2 5.192390e-02
4 140 2 5.882892e-02
5 140 2 6.246790e-02
6 140 2 6.000053e-02
7 140 2 5.681075e-02
8 140 2 5.479348e-02
9 140 2 5.399468e-02
10 140 2 5.429310e-02
11 140 2 5.314640e-02
12 140 2 4.954867e-02
1 141 2 7.163213e-02
2 141 2 7.089095e-02
3 141 2 7.292145e-02
4 141 2 8.003069e-02
5 141 2 8.636373e-02
6 141 2 8.539962e-02
7 141 2 8.309031e-02
8 141 2 8.057234e-02
9 141 2 7.988949e-02
10 141 2 8.007730e-02
11 141 2 8.087657e-02
12 141 2 7.852484e-02
1 150 2 8.299300e-05
2 150 2 9.084888e-05
3 150 2 9.724340e-05
4 150 2 9.943933e-05
5 150 2 9.304490e-05
6 150 2 8.206142e-05
7 150 2 7.486290e-05
8 150 2 7.305512e-05
9 150 2 7.069328e-05
10 150 2 6.908489e-05
11 150 2 7.042806e-05
12 150 2 7.493344e-05
1 151 2 5.375201e-02
2 151 2 5.717153e-02
3 151 2 6.061877e-02
4 151 2 6.204814e-02
5 151 2 6.003589e-02
6 151 2 5.651236e-02
7 151 2 5.526368e-02
8 151 2 5.739731e-02
9 151 2 5.464733e-02
10 151 2 5.128087e-02
11 151 2 4.977718e-02
12 151 2 5.101900e-02
1 152 2 4.258405e-02
2 152 2 4.313451e-02
3 152 2 4.353382e-02
4 152 2 4.136837e-02
5 152 2 3.976609e-02
6 152 2 3.905589e-02
7 152 2 4.465132e-02
8 152 2 5.953716e-02
9 152 2 6.320521e-02
10 152 2 5.387039e-02
11 152 2 4.619609e-02
12 152 2 4.272189e-02
1 153 2 4.935973e-02
2 153 2 5.055703e-02
3 153 2 5.334115e-02
4 153 2 5.232063e-02
5 153 2 5.052612e-02
6 153 2 4.960651e-02
7 153 2 5.790656e-02
8 153 2 7.567345e-02
9 153 2 9.204001e-02
10 153 2 8.226486e-02
11 153 2 6.222915e-02
12 153 2 5.192181e-02
1 154 2 1.343201e-01
2 154 2 1.335914e-01
3 154 2 1.390190e-01
4 154 2 1.332060e-01
5 154 2 1.245597e-01
6 154 2 1.120429e-01
7 154 2 1.057979e-01
8 154 2 1.102131e-01
9 154 2 1.242638e-01
10 154 2 1.396503e-01
11 154 2 1.471758e-01
12 154 2 1.423120e-01
1 157 2 5.352305e-03
2 157 2 5.557834e-03
3 157 2 5.950457e-03
4 157 2 5.866632e-03
5 157 2 5.718280e-03
6 157 2 5.376166e-03
7 157 2 5.129629e-03
8 157 2 5.077923e-03
9 157 2 5.041221e-03
10 157 2 5.129121e-03
11 157 2 5.165893e-03
12 157 2 5.233309e-03
1 163 2 2.492015e-02
2 163 2 2.525404e-02
3 163 2 2.600345e-02
4 163 2 2.756383e-02
5 163 2 2.759073e-02
6 163 2 2.550871e-02
7 163 2 2.358272e-02
8 163 2 2.214464e-02
9 163 2 2.246174e-02
10 163 2 2.376366e-02
11 163 2 2.469262e-02
12 163 2 2.488609e-02
1 164 2 9.424377e-02
2 164 2 9.343796e-02
3 164 2 9.603897e-02
4 164 2 1.005193e-01
5 164 2 9.933688e-02
6 164 2 9.187895e-02
7 164 2 8.504208e-02
8 164 2 8.307045e-02
9 164 2 8.895152e-02
10 164 2 9.745033e-02
11 164 2 9.941838e-02
12 164 2 9.776284e-02
1 165 2 4.190964e-02
2 165 2 4.107441e-02
3 165 2 4.159078e-02
4 165 2 4.251071e-02
5 165 2 4.204411e-02
6 165 2 3.868654e-02
7 165 2 3.647611e-02
8 165 2 3.692044e-02
9 165 2 3.935321e-02
10 165 2 4.207710e-02
11 165 2 4.426336e-02
12 165 2 4.431550e-02
1 166 2 1.832676e-02
2 166 2 1.814380e-02
3 166 2 1.784404e-02
4 166 2 1.776032e-02
5 166 2 1.717878e-02
6 166 2 1.588751e-02
7 166 2 1.500262e-02
8 166 2 1.511455e-02
9 166 2 1.568023e-02
10 166 2 1.649445e-02
11 166 2 1.778344e-02
12 166 2 1.867946e-02
1 170 2 8.234914e-04
2 170 2 9.056774e-04
3 170 2 8.898230e-04
4 170 2 8.088016e-04
5 170 2 6.739733e-04
6 170 2 5.666938e-04
7 170 2 5.360037e-04
8 170 2 5.117109e-04
9 170 2 5.203174e-04
10 170 2 5.793698e-04
11 170 2 6.392267e-04
12 170 2 7.361091e-04
1 171 2 2.959897e-03
2 171 2 3.249116e-03
3 171 2 3.288450e-03
4 171 2 2.925681e-03
5 171 2 2.433838e-03
6 171 2 2.085684e-03
7 171 2 1.893577e-03
8 171 2 1.794223e-03
9 171 2 1.820365e-03
10 171 2 1.980049e-03
11 171 2 2.259911e-03
12 171 2 2.669867e-03
1 175 2 8.533638e-05
2 175 2 9.022044e-05
3 175 2 9.047923e-05
4 175 2 8.474457e-05
5 175 2 7.362968e-05
6 175 2 6.709530e-05
7 175 2 6.570314e-05
8 175 2 6.514840e-05
9 175 2 6.059512e-05
10 175 2 6.125309e-05
11 175 2 6.403953e-05
12 175 2 7.470248e-05
1 176 2 6.123193e-02
2 176 2 6.169101e-02
3 176 2 6.039530e-02
4 176 2 5.334217e-02
5 176 2 4.315144e-02
6 176 2 3.910330e-02
7 176 2 3.903198e-02
8 176 2 4.453030e-02
9 176 2 4.849811e-02
10 176 2 5.175930e-02
11 176 2 5.524919e-02
12 176 2 5.868820e-02
1 177 2 2.699780e-01
2 177 2 2.623449e-01
3 177 2 2.477025e-01
4 177 2 2.165993e-01
5 177 2 1.771192e-01
6 177 2 1.512449e-01
7 177 2 1.573680e-01
8 177 2 1.885558e-01
9 177 2 2.369851e-01
10 177 2 2.464554e-01
11 177 2 2.514544e-01
12 177 2 2.519682e-01
1 178 2 9.841453e-02
2 178 2 9.726432e-02
3 178 2 9.323497e-02
4 178 2 7.814589e-02
5 178 2 6.804198e-02
6 178 2 5.751062e-02
7 178 2 5.477522e-02
8 178 2 5.517836e-02
9 178 2 6.292952e-02
10 178 2 6.771038e-02
11 178 2 7.647503e-02
12 178 2 8.490335e-02
1 181 2 1.201534e-03
2 181 2 1.269085e-03
3 181 2 1.286562e-03
4 181 2 1.230125e-03
5 181 2 1.014470e-03
6 181 2 8.772088e-04
7 181 2 7.756332e-04
8 181 2 7.937974e-04
9 181 2 8.599989e-04
10 181 2 9.312182e-04
11 181 2 1.054617e-03
12 181 2 1.122862e-03
1 182 2 1.435652e-01
2 182 2 1.326985e-01
3 182 2 1.251288e-01
4 182 2 1.045247e-01
5 182 2 8.185217e-02
6 182 2 6.122052e-02
7 182 2 6.070002e-02
8 182 2 8.435020e-02
9 182 2 1.170450e-01
10 182 2 1.435515e-01
11 182 2 1.586539e-01
12 182 2 1.522843e-01
1 183 2 3.051396e-02
2 183 2 2.931377e-02
3 183 2 2.798550e-02
4 183 2 2.537520e-02
5 183 2 2.135025e-02
6 183 2 1.732826e-02
7 183 2 1.612213e-02
8 183 2 1.914441e-02
9 183 2 2.225973e-02
10 183 2 2.633324e-02
11 183 2 2.866890e-02
12 183 2 2.948782e-02
1 184 2 9.527480e-03
2 184 2 9.653793e-03
3 184 2 9.349546e-03
4 184 2 8.413987e-03
5 184 2 6.994943e-03
6 184 2 5.653233e-03
7 184 2 5.097795e-03
8 184 2 5.324148e-03
9 184 2 5.640045e-03
10 184 2 6.476882e-03
11 184 2 7.578387e-03
12 184 2 8.637684e-03
1 188 2 6.352631e-03
2 188 2 6.297244e-03
3 188 2 5.836980e-03
4 188 2 4.766293e-03
5 188 2 3.368625e-03
6 188 2 2.562295e-03
7 188 2 2.204834e-03
8 188 2 2.242817e-03
9 188 2 3.037883e-03
10 188 2 3.992206e-03
11 188 2 4.754321e-03
12 188 2 5.929917e-03
1 189 2 5.539321e-03
2 189 2 5.119450e-03
3 189 2 4.643797e-03
4 189 2 3.432456e-03
5 189 2 2.272593e-03
6 189 2 1.607093e-03
7 189 2 1.528001e-03
8 189 2 1.876892e-03
9 189 2 3.019309e-03
10 189 2 4.299053e-03
11 189 2 5.229083e-03
12 189 2 5.464366e-03
1 190 2 2.269179e-02
2 190 2 2.150089e-02
3 190 2 1.866282e-02
4 190 2 1.321849e-02
5 190 2 9.222535e-03
6 190 2 6.690423e-03
7 190 2 6.286403e-03
8 190 2 7.578240e-03
9 190 2 1.064449e-02
10 190 2 1.451101e-02
11 190 2 1.901405e-02
12 190 2 2.133342e-02
1 191 2 1.529674e-02
2 191 2 1.585147e-02
3 191 2 1.540770e-02
4 191 2 1.272849e-02
5 191 2 1.046688e-02
6 191 2 8.598356e-03
7 191 2 7.559402e-03
8 191 2 7.677230e-03
9 191 2 8.376014e-03
10 191 2 9.401216e-03
11 191 2 1.156251e-02
12 191 2 1.360319e-02
1 192 2 5.695755e-03
2 192 2 6.155527e-03
3 192 2 5.997384e-03
4 192 2 5.192837e-03
5 192 2 4.388730e-03
6 192 2 3.736828e-03
7 192 2 3.283928e-03
8 192 2 3.051540e-03
9 192 2 3.142008e-03
10 192 2 3.450284e-03
11 192 2 4.118747e-03
12 192 2 4.945714e-03
1 200 2 2.657770e-01
2 200 2 2.734185e-01
3 200 2 2.235963e-01
4 200 2 1.478131e-01
5 200 2 9.675109e-02
6 200 2 7.879482e-02
7 200 2 7.485916e-02
8 200 2 8.072925e-02
9 200 2 8.942193e-02
10 200 2 1.143303e-01
11 200 2 1.588788e-01
12 200 2 2.189027e-01
1 201 2 1.812885e-01
2 201 2 1.870522e-01
3 201 2 1.712352e-01
4 201 2 1.318046e-01
5 201 2 9.932736e-02
6 201 2 8.217626e-02
7 201 2 7.766117e-02
8 201 2 8.033342e-02
9 201 2 7.950604e-02
10 201 2 9.460189e-02
11 201 2 1.205920e-01
12 201 2 1.501936e-01
1 206 2 9.546578e-02
2 206 2 1.031155e-01
3 206 2 9.329192e-02
4 206 2 7.961025e-02
5 206 2 6.583726e-02
6 206 2 5.740453e-02
7 206 2 4.923558e-02
8 206 2 4.834311e-02
9 206 2 5.233090e-02
10 206 2 5.923563e-02
11 206 2 6.943783e-02
12 206 2 8.180496e-02
1 207 2 3.617014e-03
2 207 2 3.949325e-03
3 207 2 3.745456e-03
4 207 2 3.396195e-03
5 207 2 3.011924e-03
6 207 2 2.583314e-03
7 207 2 2.276960e-03
8 207 2 2.242225e-03
9 207 2 2.262262e-03
10 207 2 2.491800e-03
11 207 2 2.685422e-03
12 207 2 3.071956e-03
1 212 2 8.944074e-03
2 212 2 9.547246e-03
3 212 2 8.474115e-03
4 212 2 7.124110e-03
5 212 2 5.552680e-03
6 212 2 4.481474e-03
7 212 2 3.719877e-03
8 212 2 3.595227e-03
9 212 2 4.083195e-03
10 212 2 4.817979e-03
11 212 2 5.714963e-03
12 212 2 7.556272e-03
1 213 2 1.945790e-03
2 213 2 2.126602e-03
3 213 2 1.802212e-03
4 213 2 1.525057e-03
5 213 2 1.176785e-03
6 213 2 9.071357e-04
7 213 2 7.698925e-04
8 213 2 7.516015e-04
9 213 2 9.053360e-04
10 213 2 1.115722e-03
11 213 2 1.370093e-03
12 213 2 1.676607e-03
1 214 2 6.920851e-02
2 214 2 7.336970e-02
3 214 2 5.894799e-02
4 214 2 4.378273e-02
5 214 2 3.236347e-02
6 214 2 2.385040e-02
7 214 2 2.065481e-02
8 214 2 2.129354e-02
9 214 2 2.687855e-02
10 214 2 3.603496e-02
11 214 2 4.932856e-02
12 214 2 5.982695e-02
1 215 2 2.562199e-02
2 215 2 2.635563e-02
3 215 2 2.457259e-02
4 215 2 1.958332e-02
5 215 2 1.590665e-02
6 215 2 1.278066e-02
7 215 2 1.104426e-02
8 215 2 1.107142e-02
9 215 2 1.245055e-02
10 215 2 1.481216e-02
11 215 2 1.865054e-02
12 215 2 2.253088e-02
1 216 2 1.050487e-02
2 216 2 1.096786e-02
3 216 2 1.028515e-02
4 216 2 8.361227e-03
5 216 2 6.695190e-03
6 216 2 5.759657e-03
7 216 2 5.061237e-03
8 216 2 4.839481e-03
9 216 2 5.021820e-03
10 216 2 5.707770e-03
11 216 2 6.865479e-03
12 216 2 8.823382e-03
1 224 2 7.767513e-03
2 224 2 8.491731e-03
3 224 2 7.410071e-03
4 224 2 6.381183e-03
5 224 2 5.152924e-03
6 224 2 4.378987e-03
7 224 2 3.978267e-03
8 224 2 4.155254e-03
9 224 2 4.273205e-03
10 224 2 5.040040e-03
11 224 2 6.018803e-03
12 224 2 7.180907e-03
1 240 2 6.488254e-04
2 240 2 6.617978e-04
3 240 2 6.051980e-04
4 240 2 5.344847e-04
5 240 2 4.645360e-04
6 240 2 4.006784e-04
7 240 2 3.925504e-04
8 240 2 4.046967e-04
9 240 2 3.939479e-04
10 240 2 4.242408e-04
11 240 2 4.661365e-04
12 240 2 5.776950e-04
