1 7 2 4.019577e-07
2 7 2 3.433880e-07
3 7 2 3.755446e-07
4 7 2 9.706287e-07
5 7 2 3.339658e-06
6 7 2 8.994953e-06
7 7 2 1.217044e-05
8 7 2 8.297919e-06
9 7 2 3.588571e-06
10 7 2 1.573220e-06
11 7 2 8.335132e-07
12 7 2 4.917185e-07
1 25 2 3.477415e-04
2 25 2 3.301792e-04
3 25 2 4.651679e-04
4 25 2 8.488281e-04
5 25 2 2.374612e-03
6 25 2 4.306057e-03
7 25 2 5.220202e-03
8 25 2 4.002972e-03
9 25 2 2.261891e-03
10 25 2 1.058483e-03
11 25 2 5.046971e-04
12 25 2 2.922684e-04
1 26 2 2.431856e-04
2 26 2 2.001440e-04
3 26 2 3.309545e-04
4 26 2 7.387176e-04
5 26 2 2.080854e-03
6 26 2 3.974372e-03
7 26 2 4.312182e-03
8 26 2 3.226388e-03
9 26 2 1.764665e-03
10 26 2 7.103465e-04
11 26 2 3.711270e-04
12 26 2 2.294490e-04
1 27 2 1.069002e-03
2 27 2 9.438326e-04
3 27 2 1.654534e-03
4 27 2 4.213894e-03
5 27 2 1.186664e-02
6 27 2 2.452979e-02
7 27 2 2.766545e-02
8 27 2 2.082305e-02
9 27 2 1.076062e-02
10 27 2 4.040872e-03
11 27 2 2.141518e-03
12 27 2 1.324676e-03
1 28 2 4.174414e-05
2 28 2 3.798829e-05
3 28 2 6.388970e-05
4 28 2 1.736675e-04
5 28 2 4.959268e-04
6 28 2 1.061771e-03
7 28 2 1.265878e-03
8 28 2 9.538533e-04
9 28 2 4.906824e-04
10 28 2 1.910970e-04
11 28 2 9.539839e-05
12 28 2 5.947560e-05
1 29 2 5.595545e-05
2 29 2 5.293403e-05
3 29 2 8.432653e-05
4 29 2 2.535559e-04
5 29 2 7.582435e-04
6 29 2 1.866106e-03
7 29 2 2.542066e-03
8 29 2 1.891315e-03
9 29 2 8.685861e-04
10 29 2 3.219303e-04
11 29 2 1.521778e-04
12 29 2 9.499602e-05
1 30 2 1.269258e-05
2 30 2 1.110045e-05
3 30 2 1.764251e-05
4 30 2 5.399873e-05
5 30 2 1.495849e-04
6 30 2 4.068126e-04
7 30 2 5.896556e-04
8 30 2 4.515621e-04
9 30 2 2.043163e-04
10 30 2 7.997310e-05
11 30 2 3.688939e-05
12 30 2 2.209299e-05
1 31 2 2.264913e-05
2 31 2 1.745306e-05
3 31 2 2.651331e-05
4 31 2 7.379536e-05
5 31 2 1.905754e-04
6 31 2 5.017754e-04
7 31 2 7.076147e-04
8 31 2 5.711691e-04
9 31 2 2.857367e-04
10 31 2 1.308533e-04
11 31 2 6.282559e-05
12 31 2 3.500933e-05
1 32 2 2.677285e-05
2 32 2 2.216277e-05
3 32 2 3.097972e-05
4 32 2 6.883818e-05
5 32 2 1.838575e-04
6 32 2 4.355223e-04
7 32 2 5.618754e-04
8 32 2 4.641344e-04
9 32 2 2.591780e-04
10 32 2 1.336088e-04
11 32 2 6.904358e-05
12 32 2 3.580671e-05
1 35 2 1.879880e-03
2 35 2 1.791242e-03
3 35 2 1.945819e-03
4 35 2 2.592980e-03
5 35 2 4.064841e-03
6 35 2 6.207900e-03
7 35 2 7.470009e-03
8 35 2 6.859448e-03
9 35 2 4.661945e-03
10 35 2 3.370580e-03
11 35 2 2.553035e-03
12 35 2 2.074109e-03
1 36 2 2.255230e-04
2 36 2 2.117222e-04
3 36 2 2.346508e-04
4 36 2 2.818362e-04
5 36 2 3.854578e-04
6 36 2 5.560548e-04
7 36 2 6.548754e-04
8 36 2 6.671394e-04
9 36 2 5.092473e-04
10 36 2 3.989748e-04
11 36 2 3.053697e-04
12 36 2 2.530246e-04
1 37 2 5.251470e-03
2 37 2 5.082693e-03
3 37 2 6.404430e-03
4 37 2 8.235237e-03
5 37 2 1.245011e-02
6 37 2 1.888329e-02
7 37 2 2.196223e-02
8 37 2 2.158939e-02
9 37 2 1.588778e-02
10 37 2 1.191306e-02
11 37 2 8.396458e-03
12 37 2 6.432403e-03
1 38 2 2.126209e-02
2 38 2 2.124303e-02
3 38 2 3.236095e-02
4 38 2 4.798043e-02
5 38 2 8.759984e-02
6 38 2 1.554392e-01
7 38 2 1.842671e-01
8 38 2 1.598132e-01
9 38 2 1.032271e-01
10 38 2 7.055563e-02
11 38 2 4.031688e-02
12 38 2 2.909422e-02
1 39 2 3.936910e-02
2 39 2 4.101467e-02
3 39 2 6.643530e-02
4 39 2 1.025816e-01
5 39 2 1.990423e-01
6 39 2 3.847990e-01
7 39 2 4.778127e-01
8 39 2 3.868456e-01
9 39 2 2.438335e-01
10 39 2 1.539780e-01
11 39 2 7.794032e-02
12 39 2 5.689079e-02
1 40 2 9.788284e-03
2 40 2 1.073944e-02
3 40 2 1.915364e-02
4 40 2 3.220837e-02
5 40 2 7.040912e-02
6 40 2 1.598597e-01
7 40 2 2.000092e-01
8 40 2 1.467217e-01
9 40 2 9.037908e-02
10 40 2 4.869710e-02
11 40 2 2.086043e-02
12 40 2 1.554037e-02
1 41 2 5.214700e-03
2 41 2 5.574774e-03
3 41 2 1.117166e-02
4 41 2 1.989752e-02
5 41 2 4.990590e-02
6 41 2 1.266413e-01
7 41 2 1.637397e-01
8 41 2 1.148463e-01
9 41 2 6.418143e-02
10 41 2 2.781683e-02
11 41 2 1.068648e-02
12 41 2 8.907042e-03
1 42 2 2.821060e-03
2 42 2 2.950885e-03
3 42 2 6.363543e-03
4 42 2 1.255331e-02
5 42 2 3.568695e-02
6 42 2 9.898491e-02
7 42 2 1.385673e-01
8 42 2 9.253741e-02
9 42 2 4.382131e-02
10 42 2 1.568318e-02
11 42 2 5.846988e-03
12 42 2 4.796603e-03
1 43 2 7.915502e-05
2 43 2 8.207354e-05
3 43 2 1.936510e-04
4 43 2 4.725141e-04
5 43 2 1.581591e-03
6 43 2 4.664360e-03
7 43 2 6.818648e-03
8 43 2 4.280274e-03
9 43 2 1.750284e-03
10 43 2 5.373816e-04
11 43 2 1.832587e-04
12 43 2 1.284107e-04
1 44 2 3.267507e-04
2 44 2 3.283108e-04
3 44 2 7.141265e-04
4 44 2 1.930623e-03
5 44 2 7.212749e-03
6 44 2 2.272976e-02
7 44 2 3.322080e-02
8 44 2 2.003194e-02
9 44 2 7.221212e-03
10 44 2 2.139499e-03
11 44 2 7.021896e-04
12 44 2 4.747590e-04
1 45 2 7.507432e-04
2 45 2 8.413638e-04
3 45 2 1.533111e-03
4 45 2 4.521265e-03
5 45 2 1.893418e-02
6 45 2 6.282557e-02
7 45 2 8.789216e-02
8 45 2 5.351743e-02
9 45 2 1.840344e-02
10 45 2 4.698783e-03
11 45 2 1.361975e-03
12 45 2 8.901195e-04
1 46 2 3.404655e-04
2 46 2 4.283139e-04
3 46 2 6.732771e-04
4 46 2 1.869622e-03
5 46 2 7.341929e-03
6 46 2 2.277384e-02
7 46 2 3.185900e-02
8 46 2 1.996322e-02
9 46 2 7.498753e-03
10 46 2 1.817609e-03
11 46 2 4.997324e-04
12 46 2 3.563790e-04
1 47 2 4.473750e-04
2 47 2 5.693463e-04
3 47 2 8.022980e-04
4 47 2 1.797571e-03
5 47 2 6.127019e-03
6 47 2 1.687993e-02
7 47 2 2.289279e-02
8 47 2 1.552295e-02
9 47 2 6.575994e-03
10 47 2 2.028289e-03
11 47 2 5.983983e-04
12 47 2 4.548622e-04
1 48 2 6.057970e-04
2 48 2 6.959021e-04
3 48 2 9.571743e-04
4 48 2 1.869159e-03
5 48 2 5.800360e-03
6 48 2 1.334182e-02
7 48 2 1.773004e-02
8 48 2 1.247410e-02
9 48 2 5.938176e-03
10 48 2 2.213962e-03
11 48 2 7.969986e-04
12 48 2 5.285209e-04
1 49 2 1.261990e-04
2 49 2 1.148299e-04
3 49 2 1.302508e-04
4 49 2 1.524470e-04
5 49 2 2.180318e-04
6 49 2 3.317227e-04
7 49 2 4.947098e-04
8 49 2 4.652050e-04
9 49 2 3.244752e-04
10 49 2 2.321932e-04
11 49 2 1.695198e-04
12 49 2 1.236644e-04
1 50 2 5.153296e-04
2 50 2 4.448321e-04
3 50 2 5.214120e-04
4 50 2 5.943556e-04
5 50 2 8.365141e-04
6 50 2 1.227573e-03
7 50 2 1.694231e-03
8 50 2 1.629279e-03
9 50 2 1.179746e-03
10 50 2 8.409727e-04
11 50 2 6.296202e-04
12 50 2 4.957571e-04
1 51 2 1.979565e-04
2 51 2 1.806664e-04
3 51 2 1.963139e-04
4 51 2 2.266112e-04
5 51 2 3.088768e-04
6 51 2 4.331752e-04
7 51 2 5.644906e-04
8 51 2 5.598032e-04
9 51 2 4.651144e-04
10 51 2 3.271496e-04
11 51 2 2.451866e-04
12 51 2 2.054739e-04
1 52 2 7.428605e-02
2 52 2 7.808102e-02
3 52 2 9.808751e-02
4 52 2 1.429982e-01
5 52 2 2.418288e-01
6 52 2 3.328106e-01
7 52 2 4.268914e-01
8 52 2 3.992896e-01
9 52 2 3.223214e-01
10 52 2 1.841310e-01
11 52 2 1.108288e-01
12 52 2 8.546591e-02
1 53 2 1.987055e-02
2 53 2 2.493028e-02
3 53 2 4.223715e-02
4 53 2 9.219107e-02
5 53 2 1.755600e-01
6 53 2 2.621558e-01
7 53 2 3.639033e-01
8 53 2 3.100880e-01
9 53 2 2.098699e-01
10 53 2 9.256147e-02
11 53 2 4.128491e-02
12 53 2 2.615567e-02
1 54 2 1.037212e-02
2 54 2 1.345529e-02
3 54 2 2.516194e-02
4 54 2 6.252494e-02
5 54 2 1.231547e-01
6 54 2 2.378786e-01
7 54 2 3.379179e-01
8 54 2 2.833528e-01
9 54 2 1.718490e-01
10 54 2 7.308694e-02
11 54 2 3.132840e-02
12 54 2 1.728136e-02
1 55 2 6.982157e-03
2 55 2 7.786967e-03
3 55 2 1.452637e-02
4 55 2 3.401423e-02
5 55 2 6.749804e-02
6 55 2 1.441487e-01
7 55 2 2.003776e-01
8 55 2 1.728083e-01
9 55 2 1.095838e-01
10 55 2 5.254369e-02
11 55 2 2.458318e-02
12 55 2 1.407640e-02
1 56 2 2.467072e-02
2 56 2 2.560282e-02
3 56 2 4.434477e-02
4 56 2 9.888252e-02
5 56 2 2.161439e-01
6 56 2 4.260673e-01
7 56 2 5.890753e-01
8 56 2 4.889027e-01
9 56 2 3.195584e-01
10 56 2 1.646481e-01
11 56 2 7.422946e-02
12 56 2 4.257131e-02
1 57 2 4.990224e-03
2 57 2 4.761168e-03
3 57 2 5.855966e-03
4 57 2 8.888440e-03
5 57 2 1.487175e-02
6 57 2 2.419820e-02
7 57 2 3.445851e-02
8 57 2 3.105553e-02
9 57 2 2.310534e-02
10 57 2 1.484167e-02
11 57 2 9.075757e-03
12 57 2 6.522336e-03
1 60 2 5.995079e-01
2 60 2 5.805693e-01
3 60 2 6.657977e-01
4 60 2 7.896263e-01
5 60 2 9.735464e-01
6 60 2 1.281181e+00
7 60 2 1.491550e+00
8 60 2 1.492178e+00
9 60 2 1.266327e+00
10 60 2 1.033744e+00
11 60 2 8.267532e-01
12 60 2 6.852937e-01
1 61 2 1.233983e+00
2 61 2 1.241405e+00
3 61 2 1.746015e+00
4 61 2 2.629868e+00
5 61 2 3.836175e+00
6 61 2 5.404549e+00
7 61 2 6.395761e+00
8 61 2 6.153251e+00
9 61 2 4.781237e+00
10 61 2 3.252227e+00
11 61 2 2.121625e+00
12 61 2 1.488090e+00
1 62 2 4.666919e-01
2 62 2 5.111374e-01
3 62 2 8.046238e-01
4 62 2 1.456614e+00
5 62 2 2.498408e+00
6 62 2 3.544191e+00
7 62 2 4.333829e+00
8 62 2 4.045472e+00
9 62 2 2.818975e+00
10 62 2 1.681065e+00
11 62 2 9.128924e-01
12 62 2 5.940843e-01
1 63 2 6.040467e-01
2 63 2 7.332869e-01
3 63 2 1.226982e+00
4 63 2 2.580653e+00
5 63 2 4.952697e+00
6 63 2 7.362974e+00
7 63 2 9.415463e+00
8 63 2 8.193299e+00
9 63 2 5.004210e+00
10 63 2 2.732853e+00
11 63 2 1.262325e+00
12 63 2 8.263713e-01
1 64 2 1.444858e-01
2 64 2 1.851013e-01
3 64 2 3.524776e-01
4 64 2 8.349017e-01
5 64 2 1.788096e+00
6 64 2 2.864121e+00
7 64 2 3.630336e+00
8 64 2 2.838112e+00
9 64 2 1.625061e+00
10 64 2 7.184034e-01
11 64 2 3.282751e-01
12 64 2 2.246576e-01
1 65 2 4.882041e-02
2 65 2 6.053762e-02
3 65 2 1.326266e-01
4 65 2 3.740115e-01
5 65 2 7.841830e-01
6 65 2 1.332748e+00
7 65 2 1.727431e+00
8 65 2 1.289261e+00
9 65 2 7.312281e-01
10 65 2 2.594809e-01
11 65 2 1.142286e-01
12 65 2 8.278128e-02
1 66 2 3.235860e-02
2 66 2 4.000532e-02
3 66 2 9.510409e-02
4 66 2 3.120050e-01
5 66 2 6.487475e-01
6 66 2 1.115550e+00
7 66 2 1.538530e+00
8 66 2 1.163130e+00
9 66 2 6.579640e-01
10 66 2 2.179910e-01
11 66 2 8.353741e-02
12 66 2 5.181663e-02
1 67 2 1.102855e-02
2 67 2 1.470606e-02
3 67 2 3.739761e-02
4 67 2 1.381500e-01
5 67 2 3.134544e-01
6 67 2 5.345987e-01
7 67 2 7.474280e-01
8 67 2 5.752071e-01
9 67 2 3.145983e-01
10 67 2 1.156924e-01
11 67 2 3.658283e-02
12 67 2 1.646574e-02
1 68 2 2.715678e-03
2 68 2 3.646425e-03
3 68 2 1.082968e-02
4 68 2 4.977891e-02
5 68 2 1.356539e-01
6 68 2 2.599549e-01
7 68 2 3.727262e-01
8 68 2 2.772091e-01
9 68 2 1.330353e-01
10 68 2 4.887558e-02
11 68 2 1.114537e-02
12 68 2 3.878200e-03
1 69 2 1.662956e-03
2 69 2 2.357763e-03
3 69 2 5.638428e-03
4 69 2 2.472485e-02
5 69 2 7.928138e-02
6 69 2 1.876283e-01
7 69 2 2.748739e-01
8 69 2 2.115973e-01
9 69 2 9.090082e-02
10 69 2 2.955744e-02
11 69 2 5.727165e-03
12 69 2 2.153785e-03
1 70 2 6.882294e-03
2 70 2 8.044085e-03
3 70 2 1.152694e-02
4 70 2 3.007320e-02
5 70 2 7.541401e-02
6 70 2 1.831267e-01
7 70 2 2.964240e-01
8 70 2 2.701621e-01
9 70 2 1.394936e-01
10 70 2 4.972235e-02
11 70 2 1.512257e-02
12 70 2 8.512913e-03
1 71 2 5.679152e-03
2 71 2 5.763010e-03
3 71 2 6.521285e-03
4 71 2 1.046469e-02
5 71 2 2.026622e-02
6 71 2 4.227723e-02
7 71 2 6.488229e-02
8 71 2 6.450926e-02
9 71 2 4.138853e-02
10 71 2 1.971280e-02
11 71 2 9.417308e-03
12 71 2 6.540639e-03
1 72 2 2.390291e-05
2 72 2 2.282936e-05
3 72 2 2.473324e-05
4 72 2 3.153512e-05
5 72 2 4.906632e-05
6 72 2 8.537704e-05
7 72 2 1.322392e-04
8 72 2 1.271831e-04
9 72 2 8.898158e-05
10 72 2 5.395339e-05
11 72 2 3.324273e-05
12 72 2 2.373967e-05
1 76 2 1.801393e-01
2 76 2 1.648090e-01
3 76 2 1.664677e-01
4 76 2 1.810772e-01
5 76 2 2.461775e-01
6 76 2 3.510335e-01
7 76 2 4.707164e-01
8 76 2 5.023407e-01
9 76 2 4.786329e-01
10 76 2 3.196312e-01
11 76 2 2.063354e-01
12 76 2 1.804582e-01
1 77 2 1.755946e-01
2 77 2 2.280082e-01
3 77 2 2.986770e-01
4 77 2 4.827277e-01
5 77 2 8.105194e-01
6 77 2 1.251357e+00
7 77 2 1.700257e+00
8 77 2 1.613820e+00
9 77 2 1.195449e+00
10 77 2 6.039550e-01
11 77 2 2.650173e-01
12 77 2 1.670391e-01
1 78 2 2.008873e-01
2 78 2 2.744842e-01
3 78 2 3.822357e-01
4 78 2 6.855799e-01
5 78 2 1.072049e+00
6 78 2 1.702042e+00
7 78 2 2.100982e+00
8 78 2 1.967315e+00
9 78 2 1.275586e+00
10 78 2 6.764680e-01
11 78 2 3.653073e-01
12 78 2 2.109043e-01
1 79 2 6.485614e-01
2 79 2 7.957956e-01
3 79 2 1.168457e+00
4 79 2 1.938081e+00
5 79 2 2.944482e+00
6 79 2 4.810314e+00
7 79 2 5.894438e+00
8 79 2 5.583935e+00
9 79 2 3.855740e+00
10 79 2 2.327500e+00
11 79 2 1.326089e+00
12 79 2 8.123379e-01
1 80 2 3.159277e-01
2 80 2 3.165446e-01
3 80 2 3.977581e-01
4 80 2 5.378146e-01
5 80 2 8.021026e-01
6 80 2 1.220370e+00
7 80 2 1.571412e+00
8 80 2 1.555672e+00
9 80 2 1.291179e+00
10 80 2 9.052513e-01
11 80 2 5.280876e-01
12 80 2 3.903447e-01
1 81 2 7.541027e-08
2 81 2 6.833988e-08
3 81 2 7.198045e-08
4 81 2 8.535117e-08
5 81 2 1.229049e-07
6 81 2 1.656108e-07
7 81 2 2.209792e-07
8 81 2 2.371057e-07
9 81 2 2.156031e-07
10 81 2 1.654308e-07
11 81 2 1.093561e-07
12 81 2 8.952939e-08
1 84 2 5.319546e-01
2 84 2 5.624098e-01
3 84 2 6.955884e-01
4 84 2 8.790063e-01
5 84 2 1.178482e+00
6 84 2 1.931029e+00
7 84 2 2.586272e+00
8 84 2 2.478291e+00
9 84 2 1.859577e+00
10 84 2 1.173580e+00
11 84 2 7.883839e-01
12 84 2 6.022401e-01
1 85 2 4.268750e-01
2 85 2 4.806949e-01
3 85 2 6.249809e-01
4 85 2 9.080391e-01
5 85 2 1.453573e+00
6 85 2 2.220560e+00
7 85 2 3.072351e+00
8 85 2 2.922754e+00
9 85 2 2.104581e+00
10 85 2 1.160900e+00
11 85 2 6.546985e-01
12 85 2 4.750498e-01
1 86 2 1.366904e-01
2 86 2 1.547621e-01
3 86 2 1.977745e-01
4 86 2 2.872724e-01
5 86 2 4.617036e-01
6 86 2 6.699218e-01
7 86 2 9.202946e-01
8 86 2 9.233051e-01
9 86 2 6.834216e-01
10 86 2 3.963087e-01
11 86 2 2.183063e-01
12 86 2 1.560220e-01
1 87 2 1.742595e-01
2 87 2 2.357531e-01
3 87 2 3.366122e-01
4 87 2 5.321072e-01
5 87 2 9.335114e-01
6 87 2 1.403186e+00
7 87 2 1.902286e+00
8 87 2 1.938366e+00
9 87 2 1.405324e+00
10 87 2 7.912348e-01
11 87 2 3.476477e-01
12 87 2 2.113170e-01
1 88 2 7.773998e-02
2 88 2 1.103970e-01
3 88 2 1.731189e-01
4 88 2 3.284745e-01
5 88 2 6.741264e-01
6 88 2 1.059542e+00
7 88 2 1.356890e+00
8 88 2 1.190099e+00
9 88 2 7.690423e-01
10 88 2 3.634351e-01
11 88 2 1.863219e-01
12 88 2 1.034950e-01
1 89 2 9.840068e-02
2 89 2 1.369118e-01
3 89 2 2.598543e-01
4 89 2 4.887417e-01
5 89 2 9.753402e-01
6 89 2 1.457045e+00
7 89 2 1.699737e+00
8 89 2 1.488564e+00
9 89 2 9.714451e-01
10 89 2 4.622820e-01
11 89 2 2.543707e-01
12 89 2 1.407952e-01
1 90 2 1.937516e-02
2 90 2 2.553582e-02
3 90 2 5.067310e-02
4 90 2 9.094744e-02
5 90 2 1.396445e-01
6 90 2 1.848429e-01
7 90 2 2.075900e-01
8 90 2 1.920782e-01
9 90 2 1.399784e-01
10 90 2 8.349115e-02
11 90 2 4.603312e-02
12 90 2 2.620564e-02
1 91 2 6.605613e-04
2 91 2 9.346651e-04
3 91 2 1.952722e-03
4 91 2 3.690032e-03
5 91 2 5.445911e-03
6 91 2 6.922260e-03
7 91 2 7.772691e-03
8 91 2 7.128303e-03
9 91 2 5.125397e-03
10 91 2 3.172633e-03
11 91 2 1.644310e-03
12 91 2 8.441173e-04
1 92 2 3.757180e-03
2 92 2 5.366903e-03
3 92 2 1.345347e-02
4 92 2 3.209687e-02
5 92 2 6.053003e-02
6 92 2 9.275332e-02
7 92 2 1.113379e-01
8 92 2 1.013353e-01
9 92 2 6.339635e-02
10 92 2 3.369312e-02
11 92 2 1.321447e-02
12 92 2 5.672645e-03
1 93 2 7.706157e-02
2 93 2 9.298167e-02
3 93 2 1.911752e-01
4 93 2 4.455552e-01
5 93 2 7.948454e-01
6 93 2 1.261364e+00
7 93 2 1.692053e+00
8 93 2 1.663433e+00
9 93 2 1.118833e+00
10 93 2 6.443120e-01
11 93 2 2.759294e-01
12 93 2 1.149302e-01
1 94 2 1.846384e-01
2 94 2 1.837076e-01
3 94 2 2.452941e-01
4 94 2 4.347063e-01
5 94 2 7.420171e-01
6 94 2 1.168397e+00
7 94 2 1.614136e+00
8 94 2 1.759050e+00
9 94 2 1.448956e+00
10 94 2 8.745875e-01
11 94 2 4.694128e-01
12 94 2 2.564759e-01
1 98 2 2.283887e-02
2 98 2 2.125995e-02
3 98 2 2.001954e-02
4 98 2 2.131504e-02
5 98 2 2.419111e-02
6 98 2 2.768179e-02
7 98 2 3.113632e-02
8 98 2 3.281617e-02
9 98 2 3.238221e-02
10 98 2 3.060984e-02
11 98 2 2.753333e-02
12 98 2 2.505563e-02
1 101 2 3.073788e-02
2 101 2 3.158422e-02
3 101 2 3.236565e-02
4 101 2 3.991175e-02
5 101 2 5.132730e-02
6 101 2 5.992997e-02
7 101 2 6.397182e-02
8 101 2 6.410200e-02
9 101 2 6.162553e-02
10 101 2 5.283757e-02
11 101 2 4.063065e-02
12 101 2 3.258868e-02
1 102 2 2.683067e-01
2 102 2 3.032836e-01
3 102 2 3.727412e-01
4 102 2 4.662244e-01
5 102 2 5.395319e-01
6 102 2 5.889958e-01
7 102 2 6.055816e-01
8 102 2 6.132337e-01
9 102 2 5.526948e-01
10 102 2 4.257966e-01
11 102 2 3.417551e-01
12 102 2 2.801108e-01
1 103 2 2.309579e-01
2 103 2 2.356945e-01
3 103 2 2.568774e-01
4 103 2 2.902618e-01
5 103 2 3.380329e-01
6 103 2 3.868354e-01
7 103 2 4.185068e-01
8 103 2 4.392136e-01
9 103 2 4.307777e-01
10 103 2 3.764623e-01
11 103 2 3.096993e-01
12 103 2 2.575047e-01
1 104 2 5.164001e-02
2 104 2 4.955245e-02
3 104 2 5.009087e-02
4 104 2 5.491741e-02
5 104 2 6.421556e-02
6 104 2 7.369046e-02
7 104 2 8.270468e-02
8 104 2 8.934122e-02
9 104 2 9.006035e-02
10 104 2 8.413419e-02
11 104 2 6.920795e-02
12 104 2 5.730410e-02
1 107 2 2.843335e-02
2 107 2 2.999667e-02
3 107 2 3.502219e-02
4 107 2 4.013157e-02
5 107 2 4.500503e-02
6 107 2 5.761725e-02
7 107 2 6.297810e-02
8 107 2 6.272328e-02
9 107 2 5.871837e-02
10 107 2 5.022489e-02
11 107 2 3.992694e-02
12 107 2 3.122438e-02
1 108 2 2.501216e-03
2 108 2 3.196557e-03
3 108 2 4.643341e-03
4 108 2 7.191521e-03
5 108 2 1.116316e-02
6 108 2 1.532179e-02
7 108 2 1.640151e-02
8 108 2 1.449548e-02
9 108 2 1.172913e-02
10 108 2 8.092290e-03
11 108 2 4.215261e-03
12 108 2 2.683425e-03
1 109 2 4.746535e-03
2 109 2 6.269481e-03
3 109 2 9.805874e-03
4 109 2 1.701726e-02
5 109 2 2.899372e-02
6 109 2 3.654805e-02
7 109 2 3.713612e-02
8 109 2 3.413853e-02
9 109 2 2.741422e-02
10 109 2 1.923557e-02
11 109 2 8.555504e-03
12 109 2 4.997808e-03
1 110 2 2.090227e-03
2 110 2 2.662550e-03
3 110 2 4.276190e-03
4 110 2 6.619376e-03
5 110 2 1.026639e-02
6 110 2 1.188897e-02
7 110 2 1.278179e-02
8 110 2 1.264109e-02
9 110 2 1.064350e-02
10 110 2 7.759787e-03
11 110 2 3.753446e-03
12 110 2 2.209319e-03
1 111 2 7.171425e-02
2 111 2 8.969361e-02
3 111 2 1.452120e-01
4 111 2 2.200809e-01
5 111 2 3.326201e-01
6 111 2 4.265782e-01
7 111 2 4.509251e-01
8 111 2 4.466240e-01
9 111 2 3.803393e-01
10 111 2 2.475825e-01
11 111 2 1.333709e-01
12 111 2 8.146539e-02
1 112 2 8.264592e-02
2 112 2 1.065618e-01
3 112 2 1.869398e-01
4 112 2 3.108699e-01
5 112 2 4.727301e-01
6 112 2 5.760775e-01
7 112 2 5.867194e-01
8 112 2 5.468831e-01
9 112 2 4.174851e-01
10 112 2 2.771573e-01
11 112 2 1.590593e-01
12 112 2 9.777216e-02
1 113 2 4.740122e-02
2 113 2 6.005293e-02
3 113 2 1.008893e-01
4 113 2 1.508707e-01
5 113 2 1.856609e-01
6 113 2 1.621094e-01
7 113 2 1.390995e-01
8 113 2 1.328513e-01
9 113 2 1.313962e-01
10 113 2 1.199773e-01
11 113 2 8.391659e-02
12 113 2 5.667810e-02
1 114 2 1.292691e-01
2 114 2 1.752955e-01
3 114 2 3.123188e-01
4 114 2 4.552623e-01
5 114 2 5.252388e-01
6 114 2 3.845044e-01
7 114 2 3.175746e-01
8 114 2 2.910956e-01
9 114 2 2.809176e-01
10 114 2 2.514264e-01
11 114 2 1.916678e-01
12 114 2 1.419754e-01
1 115 2 4.567300e-02
2 115 2 6.645012e-02
3 115 2 1.053343e-01
4 115 2 1.305710e-01
5 115 2 1.166061e-01
6 115 2 1.082649e-01
7 115 2 1.044195e-01
8 115 2 1.001832e-01
9 115 2 9.213861e-02
10 115 2 8.233995e-02
11 115 2 6.254894e-02
12 115 2 4.487416e-02
1 116 2 3.909799e-02
2 116 2 5.005020e-02
3 116 2 7.653870e-02
4 116 2 1.083377e-01
5 116 2 1.260036e-01
6 116 2 1.434861e-01
7 116 2 1.504285e-01
8 116 2 1.439934e-01
9 116 2 1.166507e-01
10 116 2 9.325962e-02
11 116 2 6.775129e-02
12 116 2 4.463164e-02
1 117 2 1.013300e-02
2 117 2 1.058139e-02
3 117 2 1.336332e-02
4 117 2 1.829267e-02
5 117 2 2.329423e-02
6 117 2 2.759851e-02
7 117 2 2.938149e-02
8 117 2 2.934296e-02
9 117 2 2.677367e-02
10 117 2 2.291988e-02
11 117 2 1.850235e-02
12 117 2 1.336586e-02
1 126 2 5.669994e-04
2 126 2 5.893378e-04
3 126 2 6.387617e-04
4 126 2 6.744934e-04
5 126 2 6.664057e-04
6 126 2 6.193494e-04
7 126 2 5.970169e-04
8 126 2 6.028496e-04
9 126 2 5.996582e-04
10 126 2 5.892601e-04
11 126 2 5.757803e-04
12 126 2 5.670625e-04
1 127 2 5.710142e-02
2 127 2 5.807331e-02
3 127 2 6.129514e-02
4 127 2 6.363737e-02
5 127 2 6.450435e-02
6 127 2 6.248063e-02
7 127 2 6.249787e-02
8 127 2 6.393210e-02
9 127 2 6.325058e-02
10 127 2 6.071563e-02
11 127 2 5.884097e-02
12 127 2 5.811262e-02
1 128 2 2.587573e-01
2 128 2 2.657413e-01
3 128 2 2.728004e-01
4 128 2 2.662996e-01
5 128 2 2.590438e-01
6 128 2 2.512624e-01
7 128 2 2.677993e-01
8 128 2 3.044890e-01
9 128 2 3.201673e-01
10 128 2 3.024131e-01
11 128 2 2.750006e-01
12 128 2 2.591053e-01
1 129 2 7.380532e-03
2 129 2 7.279196e-03
3 129 2 7.462785e-03
4 129 2 7.679207e-03
5 129 2 7.797695e-03
6 129 2 8.008642e-03
7 129 2 8.368239e-03
8 129 2 9.121367e-03
9 129 2 9.529907e-03
10 129 2 9.571891e-03
11 129 2 8.739465e-03
12 129 2 7.763950e-03
1 133 2 1.584777e-01
2 133 2 1.842537e-01
3 133 2 2.211867e-01
4 133 2 2.271002e-01
5 133 2 2.166304e-01
6 133 2 1.991126e-01
7 133 2 1.777098e-01
8 133 2 1.664051e-01
9 133 2 1.735234e-01
10 133 2 1.848091e-01
11 133 2 1.763109e-01
12 133 2 1.542721e-01
1 135 2 6.850639e-03
2 135 2 7.718272e-03
3 135 2 9.178790e-03
4 135 2 9.885130e-03
5 135 2 9.498662e-03
6 135 2 8.473778e-03
7 135 2 7.320505e-03
8 135 2 7.393767e-03
9 135 2 7.856723e-03
10 135 2 7.388791e-03
11 135 2 7.082091e-03
12 135 2 6.652657e-03
1 136 2 7.664785e-03
2 136 2 7.888614e-03
3 136 2 9.755744e-03
4 136 2 1.186001e-02
5 136 2 1.298725e-02
6 136 2 1.184933e-02
7 136 2 1.048527e-02
8 136 2 1.046122e-02
9 136 2 1.051529e-02
10 136 2 9.891711e-03
11 136 2 9.352562e-03
12 136 2 8.305191e-03
1 137 2 1.865402e-03
2 137 2 1.956999e-03
3 137 2 2.243739e-03
4 137 2 2.465540e-03
5 137 2 2.433638e-03
6 137 2 2.239191e-03
7 137 2 2.071490e-03
8 137 2 1.998781e-03
9 137 2 2.000036e-03
10 137 2 2.083576e-03
11 137 2 2.060007e-03
12 137 2 1.942402e-03
1 138 2 7.456332e-02
2 138 2 8.199425e-02
3 138 2 9.512545e-02
4 138 2 1.058687e-01
5 138 2 1.068150e-01
6 138 2 9.387968e-02
7 138 2 8.697053e-02
8 138 2 8.387229e-02
9 138 2 8.410113e-02
10 138 2 8.459120e-02
11 138 2 8.205507e-02
12 138 2 7.609921e-02
1 139 2 1.266867e-01
2 139 2 1.442728e-01
3 139 2 1.612106e-01
4 139 2 1.692020e-01
5 139 2 1.668176e-01
6 139 2 1.553524e-01
7 139 2 1.469869e-01
8 139 2 1.414992e-01
9 139 2 1.396651e-01
10 139 2 1.407494e-01
11 139 2 1.339338e-01
12 139 2 1.225985e-01
1 140 2 4.223197e-02
2 140 2 4.366943e-02
3 140 2 4.742839e-02
4 140 2 5.373558e-02
5 140 2 5.705950e-02
6 140 2 5.480575e-02
7 140 2 5.189214e-02
8 140 2 5.004953e-02
9 140 2 4.931989e-02
10 140 2 4.959247e-02
11 140 2 4.854504e-02
12 140 2 4.525880e-02
1 141 2 6.535569e-02
2 141 2 6.467946e-02
3 141 2 6.653205e-02
4 141 2 7.301836e-02
5 141 2 7.879650e-02
6 141 2 7.791687e-02
7 141 2 7.580990e-02
8 141 2 7.351256e-02
9 141 2 7.288954e-02
10 141 2 7.306090e-02
11 141 2 7.379013e-02
12 141 2 7.164446e-02
1 150 2 7.577621e-05
2 150 2 8.294898e-05
3 150 2 8.878746e-05
4 150 2 9.079243e-05
5 150 2 8.495404e-05
6 150 2 7.492564e-05
7 150 2 6.835309e-05
8 150 2 6.670250e-05
9 150 2 6.454603e-05
10 150 2 6.307751e-05
11 150 2 6.430388e-05
12 150 2 6.841749e-05
1 151 2 4.907043e-02
2 151 2 5.219212e-02
3 151 2 5.533913e-02
4 151 2 5.664400e-02
5 151 2 5.480701e-02
6 151 2 5.159037e-02
7 151 2 5.045044e-02
8 151 2 5.239823e-02
9 151 2 4.988777e-02
10 151 2 4.681452e-02
11 151 2 4.544179e-02
12 151 2 4.657545e-02
1 152 2 3.889484e-02
2 152 2 3.939761e-02
3 152 2 3.976233e-02
4 152 2 3.778448e-02
5 152 2 3.632101e-02
6 152 2 3.567234e-02
7 152 2 4.078301e-02
8 152 2 5.437924e-02
9 152 2 5.772951e-02
10 152 2 4.920340e-02
11 152 2 4.219395e-02
12 152 2 3.902074e-02
1 153 2 4.507696e-02
2 153 2 4.617037e-02
3 153 2 4.871292e-02
4 153 2 4.778095e-02
5 153 2 4.614215e-02
6 153 2 4.530233e-02
7 153 2 5.288221e-02
8 153 2 6.910753e-02
9 153 2 8.405402e-02
10 153 2 7.512703e-02
11 153 2 5.682975e-02
12 153 2 4.741673e-02
1 154 2 1.225914e-01
2 154 2 1.219263e-01
3 154 2 1.268800e-01
4 154 2 1.215745e-01
5 154 2 1.136833e-01
6 154 2 1.022594e-01
7 154 2 9.655976e-02
8 154 2 1.005894e-01
9 154 2 1.134132e-01
10 154 2 1.274562e-01
11 154 2 1.343246e-01
12 154 2 1.298855e-01
1 157 2 4.886044e-03
2 157 2 5.073668e-03
3 157 2 5.432089e-03
4 157 2 5.355566e-03
5 157 2 5.220137e-03
6 157 2 4.907827e-03
7 157 2 4.682766e-03
8 157 2 4.635564e-03
9 157 2 4.602060e-03
10 157 2 4.682303e-03
11 157 2 4.715871e-03
12 157 2 4.777414e-03
1 163 2 2.274248e-02
2 163 2 2.304720e-02
3 163 2 2.373112e-02
4 163 2 2.515514e-02
5 163 2 2.517969e-02
6 163 2 2.327961e-02
7 163 2 2.152192e-02
8 163 2 2.020951e-02
9 163 2 2.049890e-02
10 163 2 2.168705e-02
11 163 2 2.253483e-02
12 163 2 2.271140e-02
1 164 2 8.603404e-02
2 164 2 8.529843e-02
3 164 2 8.767285e-02
4 164 2 9.176290e-02
5 164 2 9.068348e-02
6 164 2 8.387523e-02
7 164 2 7.763393e-02
8 164 2 7.583405e-02
9 164 2 8.120281e-02
10 164 2 8.896127e-02
11 164 2 9.075788e-02
12 164 2 8.924656e-02
1 165 2 3.820724e-02
2 165 2 3.744579e-02
3 165 2 3.791654e-02
4 165 2 3.875520e-02
5 165 2 3.832983e-02
6 165 2 3.526887e-02
7 165 2 3.325372e-02
8 165 2 3.365879e-02
9 165 2 3.587664e-02
10 165 2 3.835990e-02
11 165 2 4.035302e-02
12 165 2 4.040056e-02
1 166 2 1.671045e-02
2 166 2 1.654363e-02
3 166 2 1.627030e-02
4 166 2 1.619397e-02
5 166 2 1.566372e-02
6 166 2 1.448634e-02
7 166 2 1.367948e-02
8 166 2 1.378154e-02
9 166 2 1.429733e-02
10 166 2 1.503974e-02
11 166 2 1.621505e-02
12 166 2 1.703205e-02
1 170 2 7.539759e-04
2 170 2 8.292241e-04
3 170 2 8.147081e-04
4 170 2 7.405262e-04
5 170 2 6.170795e-04
6 170 2 5.188561e-04
7 170 2 4.907566e-04
8 170 2 4.685146e-04
9 170 2 4.763945e-04
10 170 2 5.304619e-04
11 170 2 5.852660e-04
12 170 2 6.739701e-04
1 171 2 2.702514e-03
2 171 2 2.966584e-03
3 171 2 3.002498e-03
4 171 2 2.671274e-03
5 171 2 2.222200e-03
6 171 2 1.904320e-03
7 171 2 1.728918e-03
8 171 2 1.638204e-03
9 171 2 1.662073e-03
10 171 2 1.807871e-03
11 171 2 2.063397e-03
12 171 2 2.437705e-03
1 175 2 7.813933e-05
2 175 2 8.261149e-05
3 175 2 8.284845e-05
4 175 2 7.759743e-05
5 175 2 6.741995e-05
6 175 2 6.143666e-05
7 175 2 6.016191e-05
8 175 2 5.965396e-05
9 175 2 5.548469e-05
10 175 2 5.608716e-05
11 175 2 5.863861e-05
12 175 2 6.840227e-05
1 176 2 5.588777e-02
2 176 2 5.630679e-02
3 176 2 5.512416e-02
4 176 2 4.868661e-02
5 176 2 3.938530e-02
6 176 2 3.569047e-02
7 176 2 3.562538e-02
8 176 2 4.064382e-02
9 176 2 4.426533e-02
10 176 2 4.724188e-02
11 176 2 5.042719e-02
12 176 2 5.356605e-02
1 177 2 2.465432e-01
2 177 2 2.395727e-01
3 177 2 2.262012e-01
4 177 2 1.977979e-01
5 177 2 1.617448e-01
6 177 2 1.381164e-01
7 177 2 1.437080e-01
8 177 2 1.721886e-01
9 177 2 2.164141e-01
10 177 2 2.250624e-01
11 177 2 2.296274e-01
12 177 2 2.300966e-01
1 178 2 8.983335e-02
2 178 2 8.878344e-02
3 178 2 8.510542e-02
4 178 2 7.133202e-02
5 178 2 6.210912e-02
6 178 2 5.249603e-02
7 178 2 4.999914e-02
8 178 2 5.036712e-02
9 178 2 5.744243e-02
10 178 2 6.180643e-02
11 178 2 6.980685e-02
12 178 2 7.750027e-02
1 181 2 1.097053e-03
2 181 2 1.158730e-03
3 181 2 1.174687e-03
4 181 2 1.123158e-03
5 181 2 9.262551e-04
6 181 2 8.009298e-04
7 181 2 7.081869e-04
8 181 2 7.247715e-04
9 181 2 7.852164e-04
10 181 2 8.502427e-04
11 181 2 9.629110e-04
12 181 2 1.025222e-03
1 182 2 1.311449e-01
2 182 2 1.212183e-01
3 182 2 1.143034e-01
4 182 2 9.548194e-02
5 182 2 7.477087e-02
6 182 2 5.592413e-02
7 182 2 5.544866e-02
8 182 2 7.705278e-02
9 182 2 1.069190e-01
10 182 2 1.311324e-01
11 182 2 1.449282e-01
12 182 2 1.391097e-01
1 183 2 2.787633e-02
2 183 2 2.677988e-02
3 183 2 2.556642e-02
4 183 2 2.318176e-02
5 183 2 1.950473e-02
6 183 2 1.583040e-02
7 183 2 1.472853e-02
8 183 2 1.748956e-02
9 183 2 2.033559e-02
10 183 2 2.405699e-02
11 183 2 2.619075e-02
12 183 2 2.693888e-02
1 184 2 8.701497e-03
2 184 2 8.816860e-03
3 184 2 8.538990e-03
4 184 2 7.684539e-03
5 184 2 6.388518e-03
6 184 2 5.163127e-03
7 184 2 4.655843e-03
8 184 2 4.862573e-03
9 184 2 5.151083e-03
10 184 2 5.915370e-03
11 184 2 6.921381e-03
12 184 2 7.888842e-03
1 188 2 5.634741e-03
2 188 2 5.585613e-03
3 188 2 5.177362e-03
4 188 2 4.227669e-03
5 188 2 2.987947e-03
6 188 2 2.272738e-03
7 188 2 1.955673e-03
8 188 2 1.989363e-03
9 188 2 2.694581e-03
10 188 2 3.541060e-03
11 188 2 4.217051e-03
12 188 2 5.259796e-03
1 189 2 4.916280e-03
2 189 2 4.543634e-03
3 189 2 4.121481e-03
4 189 2 3.046387e-03
5 189 2 2.016981e-03
6 189 2 1.426333e-03
7 189 2 1.356138e-03
8 189 2 1.665786e-03
9 189 2 2.679708e-03
10 189 2 3.815512e-03
11 189 2 4.640936e-03
12 189 2 4.849755e-03
1 190 2 2.011726e-02
2 190 2 1.906147e-02
3 190 2 1.654540e-02
4 190 2 1.171876e-02
5 190 2 8.176176e-03
6 190 2 5.931349e-03
7 190 2 5.573168e-03
8 190 2 6.718438e-03
9 190 2 9.436797e-03
10 190 2 1.286464e-02
11 190 2 1.685678e-02
12 190 2 1.891300e-02
1 191 2 1.358908e-02
2 191 2 1.408188e-02
3 191 2 1.368766e-02
4 191 2 1.130754e-02
5 191 2 9.298403e-03
6 191 2 7.638476e-03
7 191 2 6.715506e-03
8 191 2 6.820180e-03
9 191 2 7.440955e-03
10 191 2 8.351708e-03
11 191 2 1.027172e-02
12 191 2 1.208459e-02
1 192 2 5.198688e-03
2 192 2 5.618336e-03
3 192 2 5.473994e-03
4 192 2 4.739659e-03
5 192 2 4.005727e-03
6 192 2 3.410716e-03
7 192 2 2.997340e-03
8 192 2 2.785233e-03
9 192 2 2.867805e-03
10 192 2 3.149178e-03
11 192 2 3.759305e-03
12 192 2 4.514103e-03
1 200 2 2.424092e-01
2 200 2 2.493788e-01
3 200 2 2.039371e-01
4 200 2 1.348170e-01
5 200 2 8.824448e-02
6 200 2 7.186696e-02
7 200 2 6.827734e-02
8 200 2 7.363131e-02
9 200 2 8.155971e-02
10 200 2 1.042781e-01
11 200 2 1.449098e-01
12 200 2 1.996562e-01
1 201 2 1.653177e-01
2 201 2 1.705736e-01
3 201 2 1.561500e-01
4 201 2 1.201931e-01
5 201 2 9.057699e-02
6 201 2 7.493684e-02
7 201 2 7.081951e-02
8 201 2 7.325635e-02
9 201 2 7.250186e-02
10 201 2 8.626782e-02
11 201 2 1.099683e-01
12 201 2 1.369621e-01
1 206 2 8.717138e-02
2 206 2 9.415645e-02
3 206 2 8.518639e-02
4 206 2 7.269343e-02
5 206 2 6.011709e-02
6 206 2 5.241702e-02
7 206 2 4.495782e-02
8 206 2 4.414289e-02
9 206 2 4.778421e-02
10 206 2 5.408903e-02
11 206 2 6.340482e-02
12 206 2 7.469746e-02
1 207 2 3.301757e-03
2 207 2 3.605104e-03
3 207 2 3.419004e-03
4 207 2 3.100185e-03
5 207 2 2.749407e-03
6 207 2 2.358154e-03
7 207 2 2.078501e-03
8 207 2 2.046794e-03
9 207 2 2.065084e-03
10 207 2 2.274616e-03
11 207 2 2.451362e-03
12 207 2 2.804206e-03
1 212 2 7.927740e-03
2 212 2 8.462373e-03
3 212 2 7.511184e-03
4 212 2 6.314583e-03
5 212 2 4.921717e-03
6 212 2 3.972235e-03
7 212 2 3.297180e-03
8 212 2 3.186694e-03
9 212 2 3.619213e-03
10 212 2 4.270502e-03
11 212 2 5.065559e-03
12 212 2 6.697637e-03
1 213 2 1.726858e-03
2 213 2 1.887326e-03
3 213 2 1.599434e-03
4 213 2 1.353464e-03
5 213 2 1.044378e-03
6 213 2 8.050687e-04
7 213 2 6.832675e-04
8 213 2 6.670346e-04
9 213 2 8.034714e-04
10 213 2 9.901858e-04
11 213 2 1.215936e-03
12 213 2 1.487962e-03
1 214 2 6.138697e-02
2 214 2 6.507788e-02
3 214 2 5.228603e-02
4 214 2 3.883466e-02
5 214 2 2.870594e-02
6 214 2 2.115496e-02
7 214 2 1.832052e-02
8 214 2 1.888707e-02
9 214 2 2.384090e-02
10 214 2 3.196250e-02
11 214 2 4.375373e-02
12 214 2 5.306566e-02
1 215 2 2.272101e-02
2 215 2 2.337159e-02
3 215 2 2.179043e-02
4 215 2 1.736605e-02
5 215 2 1.410567e-02
6 215 2 1.133361e-02
7 215 2 9.793805e-03
8 215 2 9.817888e-03
9 215 2 1.104087e-02
10 215 2 1.313509e-02
11 215 2 1.653889e-02
12 215 2 1.997989e-02
1 216 2 9.556494e-03
2 216 2 9.977681e-03
3 216 2 9.356606e-03
4 216 2 7.606378e-03
5 216 2 6.090750e-03
6 216 2 5.239677e-03
7 216 2 4.604310e-03
8 216 2 4.402574e-03
9 216 2 4.568452e-03
10 216 2 5.192474e-03
11 216 2 6.245666e-03
12 216 2 8.026809e-03
1 224 2 7.094625e-03
2 224 2 7.756105e-03
3 224 2 6.768147e-03
4 224 2 5.828390e-03
5 224 2 4.706534e-03
6 224 2 3.999642e-03
7 224 2 3.633636e-03
8 224 2 3.795291e-03
9 224 2 3.903024e-03
10 224 2 4.603429e-03
11 224 2 5.497403e-03
12 224 2 6.558836e-03
1 240 2 5.898518e-04
2 240 2 6.016451e-04
3 240 2 5.501898e-04
4 240 2 4.859038e-04
5 240 2 4.223129e-04
6 240 2 3.642596e-04
7 240 2 3.568704e-04
8 240 2 3.679127e-04
9 240 2 3.581409e-04
10 240 2 3.856803e-04
11 240 2 4.237680e-04
12 240 2 5.251866e-04
