1 7 2 3.585586e-07
2 7 2 3.063127e-07
3 7 2 3.349974e-07
4 7 2 8.658307e-07
5 7 2 2.979078e-06
6 7 2 8.023776e-06
7 7 2 1.085640e-05
8 7 2 7.402000e-06
9 7 2 3.201116e-06
10 7 2 1.403360e-06
11 7 2 7.435195e-07
12 7 2 4.386281e-07
1 25 2 3.135615e-04
2 25 2 2.977254e-04
3 25 2 4.194459e-04
4 25 2 7.653955e-04
5 25 2 2.141208e-03
6 25 2 3.882808e-03
7 25 2 4.707101e-03
8 25 2 3.609514e-03
9 25 2 2.039567e-03
10 25 2 9.544433e-04
11 25 2 4.550897e-04
12 25 2 2.635410e-04
1 26 2 2.153599e-04
2 26 2 1.772432e-04
3 26 2 2.930862e-04
4 26 2 6.541924e-04
5 26 2 1.842759e-03
6 26 2 3.519618e-03
7 26 2 3.818775e-03
8 26 2 2.857220e-03
9 26 2 1.562749e-03
10 26 2 6.290675e-04
11 26 2 3.286620e-04
12 26 2 2.031951e-04
1 27 2 9.460720e-04
2 27 2 8.352967e-04
3 27 2 1.464271e-03
4 27 2 3.729318e-03
5 27 2 1.050204e-02
6 27 2 2.170899e-02
7 27 2 2.448406e-02
8 27 2 1.842851e-02
9 27 2 9.523202e-03
10 27 2 3.576192e-03
11 27 2 1.895254e-03
12 27 2 1.172345e-03
1 28 2 3.724046e-05
2 28 2 3.388982e-05
3 28 2 5.699679e-05
4 28 2 1.549309e-04
5 28 2 4.424224e-04
6 28 2 9.472193e-04
7 28 2 1.129305e-03
8 28 2 8.509443e-04
9 28 2 4.377438e-04
10 28 2 1.704800e-04
11 28 2 8.510608e-05
12 28 2 5.305891e-05
1 29 2 4.991528e-05
2 29 2 4.722001e-05
3 29 2 7.522381e-05
4 29 2 2.261855e-04
5 29 2 6.763941e-04
6 29 2 1.664667e-03
7 29 2 2.267660e-03
8 29 2 1.687155e-03
9 29 2 7.748257e-04
10 29 2 2.871792e-04
11 29 2 1.357508e-04
12 29 2 8.474158e-05
1 30 2 1.130169e-05
2 30 2 9.884033e-06
3 30 2 1.570919e-05
4 30 2 4.808138e-05
5 30 2 1.331929e-04
6 30 2 3.622329e-04
7 30 2 5.250393e-04
8 30 2 4.020786e-04
9 30 2 1.819267e-04
10 30 2 7.120940e-05
11 30 2 3.284693e-05
12 30 2 1.967197e-05
1 31 2 2.021309e-05
2 31 2 1.557589e-05
3 31 2 2.366167e-05
4 31 2 6.585828e-05
5 31 2 1.700780e-04
6 31 2 4.478069e-04
7 31 2 6.315071e-04
8 31 2 5.097369e-04
9 31 2 2.550043e-04
10 31 2 1.167794e-04
11 31 2 5.606837e-05
12 31 2 3.124390e-05
1 32 2 2.387914e-05
2 32 2 1.976733e-05
3 32 2 2.763132e-05
4 32 2 6.139790e-05
5 32 2 1.639855e-04
6 32 2 3.884494e-04
7 32 2 5.011459e-04
8 32 2 4.139691e-04
9 32 2 2.311651e-04
10 32 2 1.191679e-04
11 32 2 6.158110e-05
12 32 2 3.193659e-05
1 35 2 1.712672e-03
2 35 2 1.631918e-03
3 35 2 1.772746e-03
4 35 2 2.362344e-03
5 35 2 3.703289e-03
6 35 2 5.655732e-03
7 35 2 6.805581e-03
8 35 2 6.249327e-03
9 35 2 4.247284e-03
10 35 2 3.070780e-03
11 35 2 2.325952e-03
12 35 2 1.889625e-03
1 36 2 2.055215e-04
2 36 2 1.929447e-04
3 36 2 2.138398e-04
4 36 2 2.568403e-04
5 36 2 3.512717e-04
6 36 2 5.067385e-04
7 36 2 5.967948e-04
8 36 2 6.079711e-04
9 36 2 4.640824e-04
10 36 2 3.635899e-04
11 36 2 2.782866e-04
12 36 2 2.305840e-04
1 37 2 4.721791e-03
2 37 2 4.570037e-03
3 37 2 5.758460e-03
4 37 2 7.404606e-03
5 37 2 1.119435e-02
6 37 2 1.697866e-02
7 37 2 1.974705e-02
8 37 2 1.941182e-02
9 37 2 1.428529e-02
10 37 2 1.071147e-02
11 37 2 7.549566e-03
12 37 2 5.783611e-03
1 38 2 1.972640e-02
2 38 2 1.970872e-02
3 38 2 3.002363e-02
4 38 2 4.451498e-02
5 38 2 8.127282e-02
6 38 2 1.442124e-01
7 38 2 1.709582e-01
8 38 2 1.482705e-01
9 38 2 9.577139e-02
10 38 2 6.545965e-02
11 38 2 3.740494e-02
12 38 2 2.699284e-02
1 39 2 3.560038e-02
2 39 2 3.708843e-02
3 39 2 6.007560e-02
4 39 2 9.276173e-02
5 39 2 1.799885e-01
6 39 2 3.479631e-01
7 39 2 4.320728e-01
8 39 2 3.498138e-01
9 39 2 2.204919e-01
10 39 2 1.392380e-01
11 39 2 7.047927e-02
12 39 2 5.144476e-02
1 40 2 8.849353e-03
2 40 2 9.709275e-03
3 40 2 1.731635e-02
4 40 2 2.911882e-02
5 40 2 6.365520e-02
6 40 2 1.445253e-01
7 40 2 1.808235e-01
8 40 2 1.326476e-01
9 40 2 8.170956e-02
10 40 2 4.402588e-02
11 40 2 1.885942e-02
12 40 2 1.404968e-02
1 41 2 4.712498e-03
2 41 2 5.037896e-03
3 41 2 1.009578e-02
4 41 2 1.798129e-02
5 41 2 4.509972e-02
6 41 2 1.144452e-01
7 41 2 1.479708e-01
8 41 2 1.037860e-01
9 41 2 5.800044e-02
10 41 2 2.513793e-02
11 41 2 9.657318e-03
12 41 2 8.049250e-03
1 42 2 2.550888e-03
2 42 2 2.668280e-03
3 42 2 5.754109e-03
4 42 2 1.135108e-02
5 42 2 3.226922e-02
6 42 2 8.950516e-02
7 42 2 1.252967e-01
8 42 2 8.367513e-02
9 42 2 3.962455e-02
10 42 2 1.418120e-02
11 42 2 5.287023e-03
12 42 2 4.337234e-03
1 43 2 7.160274e-05
2 43 2 7.424280e-05
3 43 2 1.751745e-04
4 43 2 4.274310e-04
5 43 2 1.430690e-03
6 43 2 4.219328e-03
7 43 2 6.168072e-03
8 43 2 3.871888e-03
9 43 2 1.583287e-03
10 43 2 4.861094e-04
11 43 2 1.657737e-04
12 43 2 1.161589e-04
1 44 2 2.953595e-04
2 44 2 2.967697e-04
3 44 2 6.455198e-04
4 44 2 1.745147e-03
5 44 2 6.519815e-03
6 44 2 2.054610e-02
7 44 2 3.002925e-02
8 44 2 1.810745e-02
9 44 2 6.527464e-03
10 44 2 1.933955e-03
11 44 2 6.347297e-04
12 44 2 4.291486e-04
1 45 2 6.795997e-04
2 45 2 7.616327e-04
3 45 2 1.387827e-03
4 45 2 4.092812e-03
5 45 2 1.713990e-02
6 45 2 5.687196e-02
7 45 2 7.956314e-02
8 45 2 4.844590e-02
9 45 2 1.665946e-02
10 45 2 4.253507e-03
11 45 2 1.232909e-03
12 45 2 8.057681e-04
1 46 2 3.078423e-04
2 46 2 3.872732e-04
3 46 2 6.087641e-04
4 46 2 1.690476e-03
5 46 2 6.638430e-03
6 46 2 2.059167e-02
7 46 2 2.880629e-02
8 46 2 1.805035e-02
9 46 2 6.780227e-03
10 46 2 1.643447e-03
11 46 2 4.518483e-04
12 46 2 3.222310e-04
1 47 2 4.044008e-04
2 47 2 5.146556e-04
3 47 2 7.252303e-04
4 47 2 1.624899e-03
5 47 2 5.538465e-03
6 47 2 1.525846e-02
7 47 2 2.069373e-02
8 47 2 1.403183e-02
9 47 2 5.944313e-03
10 47 2 1.833454e-03
11 47 2 5.409169e-04
12 47 2 4.111687e-04
1 48 2 5.477735e-04
2 48 2 6.292483e-04
3 48 2 8.654957e-04
4 48 2 1.690130e-03
5 48 2 5.244799e-03
6 48 2 1.206394e-02
7 48 2 1.603185e-02
8 48 2 1.127933e-02
9 48 2 5.369415e-03
10 48 2 2.001908e-03
11 48 2 7.206617e-04
12 48 2 4.778990e-04
1 49 2 1.119743e-04
2 49 2 1.018867e-04
3 49 2 1.155695e-04
4 49 2 1.352638e-04
5 49 2 1.934561e-04
6 49 2 2.943322e-04
7 49 2 4.389480e-04
8 49 2 4.127689e-04
9 49 2 2.879016e-04
10 49 2 2.060213e-04
11 49 2 1.504122e-04
12 49 2 1.097254e-04
1 50 2 4.568439e-04
2 50 2 3.943473e-04
3 50 2 4.622359e-04
4 50 2 5.269011e-04
5 50 2 7.415765e-04
6 50 2 1.088253e-03
7 50 2 1.501950e-03
8 50 2 1.444369e-03
9 50 2 1.045855e-03
10 50 2 7.455292e-04
11 50 2 5.581634e-04
12 50 2 4.394927e-04
1 51 2 1.754082e-04
2 51 2 1.600875e-04
3 51 2 1.739528e-04
4 51 2 2.007990e-04
5 51 2 2.736941e-04
6 51 2 3.838343e-04
7 51 2 5.001921e-04
8 51 2 4.960387e-04
9 51 2 4.121355e-04
10 51 2 2.898855e-04
11 51 2 2.172586e-04
12 51 2 1.820693e-04
1 52 2 6.595801e-02
2 52 2 6.932753e-02
3 52 2 8.709114e-02
4 52 2 1.269670e-01
5 52 2 2.147179e-01
6 52 2 2.954999e-01
7 52 2 3.790336e-01
8 52 2 3.545262e-01
9 52 2 2.861867e-01
10 52 2 1.634885e-01
11 52 2 9.840405e-02
12 52 2 7.588452e-02
1 53 2 1.769738e-02
2 53 2 2.220375e-02
3 53 2 3.761783e-02
4 53 2 8.210849e-02
5 53 2 1.563597e-01
6 53 2 2.334848e-01
7 53 2 3.241046e-01
8 53 2 2.761749e-01
9 53 2 1.869173e-01
10 53 2 8.243838e-02
11 53 2 3.676974e-02
12 53 2 2.329513e-02
1 54 2 9.218444e-03
2 54 2 1.195868e-02
3 54 2 2.236322e-02
4 54 2 5.557040e-02
5 54 2 1.094564e-01
6 54 2 2.114198e-01
7 54 2 3.003318e-01
8 54 2 2.518360e-01
9 54 2 1.527345e-01
10 54 2 6.495760e-02
11 54 2 2.784379e-02
12 54 2 1.535918e-02
1 55 2 6.222763e-03
2 55 2 6.940040e-03
3 55 2 1.294645e-02
4 55 2 3.031478e-02
5 55 2 6.015681e-02
6 55 2 1.284708e-01
7 55 2 1.785841e-01
8 55 2 1.540133e-01
9 55 2 9.766525e-02
10 55 2 4.682893e-02
11 55 2 2.190946e-02
12 55 2 1.254542e-02
1 56 2 2.203613e-02
2 56 2 2.286870e-02
3 56 2 3.960919e-02
4 56 2 8.832284e-02
5 56 2 1.930619e-01
6 56 2 3.805675e-01
7 56 2 5.261679e-01
8 56 2 4.366928e-01
9 56 2 2.854327e-01
10 56 2 1.470653e-01
11 56 2 6.630249e-02
12 56 2 3.802512e-02
1 57 2 4.454339e-03
2 57 2 4.249881e-03
3 57 2 5.227111e-03
4 57 2 7.933937e-03
5 57 2 1.327472e-02
6 57 2 2.159963e-02
7 57 2 3.075811e-02
8 57 2 2.772057e-02
9 57 2 2.062413e-02
10 57 2 1.324786e-02
11 57 2 8.101139e-03
12 57 2 5.821922e-03
1 60 2 5.369201e-01
2 60 2 5.199586e-01
3 60 2 5.962893e-01
4 60 2 7.071904e-01
5 60 2 8.719096e-01
6 60 2 1.147427e+00
7 60 2 1.335834e+00
8 60 2 1.336396e+00
9 60 2 1.134125e+00
10 60 2 9.258223e-01
11 60 2 7.404414e-01
12 60 2 6.137500e-01
1 61 2 1.144097e+00
2 61 2 1.150978e+00
3 61 2 1.618832e+00
4 61 2 2.438302e+00
5 61 2 3.556738e+00
6 61 2 5.010869e+00
7 61 2 5.929878e+00
8 61 2 5.705034e+00
9 61 2 4.432961e+00
10 61 2 3.015327e+00
11 61 2 1.967081e+00
12 61 2 1.379694e+00
1 62 2 4.234093e-01
2 62 2 4.637328e-01
3 62 2 7.300002e-01
4 62 2 1.321523e+00
5 62 2 2.266697e+00
6 62 2 3.215490e+00
7 62 2 3.931895e+00
8 62 2 3.670281e+00
9 62 2 2.557534e+00
10 62 2 1.525157e+00
11 62 2 8.282277e-01
12 62 2 5.389869e-01
1 63 2 5.462805e-01
2 63 2 6.631612e-01
3 63 2 1.109643e+00
4 63 2 2.333860e+00
5 63 2 4.479061e+00
6 63 2 6.658838e+00
7 63 2 8.515044e+00
8 63 2 7.409757e+00
9 63 2 4.525648e+00
10 63 2 2.471505e+00
11 63 2 1.141606e+00
12 63 2 7.473438e-01
1 64 2 1.306789e-01
2 64 2 1.674133e-01
3 64 2 3.187953e-01
4 64 2 7.551196e-01
5 64 2 1.617228e+00
6 64 2 2.590430e+00
7 64 2 3.283426e+00
8 64 2 2.566906e+00
9 64 2 1.469772e+00
10 64 2 6.497538e-01
11 64 2 2.969056e-01
12 64 2 2.031896e-01
1 65 2 4.413506e-02
2 65 2 5.472775e-02
3 65 2 1.198982e-01
4 65 2 3.381172e-01
5 65 2 7.089240e-01
6 65 2 1.204843e+00
7 65 2 1.561648e+00
8 65 2 1.165529e+00
9 65 2 6.610513e-01
10 65 2 2.345782e-01
11 65 2 1.032659e-01
12 65 2 7.483666e-02
1 66 2 2.925402e-02
2 66 2 3.616709e-02
3 66 2 8.597954e-02
4 66 2 2.820703e-01
5 66 2 5.865048e-01
6 66 2 1.008521e+00
7 66 2 1.390919e+00
8 66 2 1.051536e+00
9 66 2 5.948371e-01
10 66 2 1.970764e-01
11 66 2 7.552260e-02
12 66 2 4.684520e-02
1 67 2 9.966350e-03
2 67 2 1.328966e-02
3 67 2 3.379570e-02
4 67 2 1.248443e-01
5 67 2 2.832644e-01
6 67 2 4.831095e-01
7 67 2 6.754404e-01
8 67 2 5.198067e-01
9 67 2 2.842981e-01
10 67 2 1.045497e-01
11 67 2 3.305940e-02
12 67 2 1.487986e-02
1 68 2 2.455708e-03
2 68 2 3.297356e-03
3 68 2 9.792962e-03
4 68 2 4.501362e-02
5 68 2 1.226679e-01
6 68 2 2.350697e-01
7 68 2 3.370454e-01
8 68 2 2.506721e-01
9 68 2 1.203000e-01
10 68 2 4.419677e-02
11 68 2 1.007843e-02
12 68 2 3.506943e-03
1 69 2 1.503060e-03
2 69 2 2.131061e-03
3 69 2 5.096286e-03
4 69 2 2.234752e-02
5 69 2 7.165837e-02
6 69 2 1.695876e-01
7 69 2 2.484444e-01
8 69 2 1.912520e-01
9 69 2 8.216059e-02
10 69 2 2.671545e-02
11 69 2 5.176490e-03
12 69 2 1.946696e-03
1 70 2 6.204825e-03
2 70 2 7.252253e-03
3 70 2 1.039227e-02
4 70 2 2.711290e-02
5 70 2 6.799052e-02
6 70 2 1.651003e-01
7 70 2 2.672451e-01
8 70 2 2.435682e-01
9 70 2 1.257623e-01
10 70 2 4.482786e-02
11 70 2 1.363396e-02
12 70 2 7.674932e-03
1 71 2 5.136916e-03
2 71 2 5.212768e-03
3 71 2 5.898643e-03
4 71 2 9.465539e-03
5 71 2 1.833123e-02
6 71 2 3.824067e-02
7 71 2 5.868743e-02
8 71 2 5.835002e-02
9 71 2 3.743682e-02
10 71 2 1.783066e-02
11 71 2 8.518159e-03
12 71 2 5.916150e-03
1 72 2 2.153086e-05
2 72 2 2.056385e-05
3 72 2 2.227880e-05
4 72 2 2.840568e-05
5 72 2 4.419714e-05
6 72 2 7.690451e-05
7 72 2 1.191163e-04
8 72 2 1.145619e-04
9 72 2 8.015135e-05
10 72 2 4.859924e-05
11 72 2 2.994383e-05
12 72 2 2.138383e-05
1 76 2 1.596255e-01
2 76 2 1.460409e-01
3 76 2 1.475107e-01
4 76 2 1.604565e-01
5 76 2 2.181434e-01
6 76 2 3.110586e-01
7 76 2 4.171123e-01
8 76 2 4.451353e-01
9 76 2 4.241273e-01
10 76 2 2.832323e-01
11 76 2 1.828384e-01
12 76 2 1.599080e-01
1 77 2 1.556850e-01
2 77 2 2.021558e-01
3 77 2 2.648120e-01
4 77 2 4.279943e-01
5 77 2 7.186198e-01
6 77 2 1.109474e+00
7 77 2 1.507476e+00
8 77 2 1.430839e+00
9 77 2 1.059905e+00
10 77 2 5.354764e-01
11 77 2 2.349686e-01
12 77 2 1.480996e-01
1 78 2 1.779353e-01
2 78 2 2.431235e-01
3 78 2 3.385641e-01
4 78 2 6.072503e-01
5 78 2 9.495641e-01
6 78 2 1.507579e+00
7 78 2 1.860939e+00
8 78 2 1.742543e+00
9 78 2 1.129846e+00
10 78 2 5.991795e-01
11 78 2 3.235698e-01
12 78 2 1.868078e-01
1 79 2 5.750477e-01
2 79 2 7.055931e-01
3 79 2 1.036014e+00
4 79 2 1.718401e+00
5 79 2 2.610729e+00
6 79 2 4.265070e+00
7 79 2 5.226310e+00
8 79 2 4.951002e+00
9 79 2 3.418697e+00
10 79 2 2.063681e+00
11 79 2 1.175779e+00
12 79 2 7.202604e-01
1 80 2 2.798769e-01
2 80 2 2.804234e-01
3 80 2 3.523695e-01
4 80 2 4.764440e-01
5 80 2 7.105739e-01
6 80 2 1.081113e+00
7 80 2 1.392097e+00
8 80 2 1.378153e+00
9 80 2 1.143841e+00
10 80 2 8.019522e-01
11 80 2 4.678270e-01
12 80 2 3.458021e-01
1 81 2 6.727779e-08
2 81 2 6.096989e-08
3 81 2 6.421785e-08
4 81 2 7.614663e-08
5 81 2 1.096505e-07
6 81 2 1.477508e-07
7 81 2 1.971481e-07
8 81 2 2.115355e-07
9 81 2 1.923518e-07
10 81 2 1.475902e-07
11 81 2 9.756276e-08
12 81 2 7.987426e-08
1 84 2 4.844391e-01
2 84 2 5.121740e-01
3 84 2 6.334567e-01
4 84 2 8.004913e-01
5 84 2 1.073217e+00
6 84 2 1.758544e+00
7 84 2 2.355260e+00
8 84 2 2.256924e+00
9 84 2 1.693475e+00
10 84 2 1.068753e+00
11 84 2 7.179635e-01
12 84 2 5.484466e-01
1 85 2 3.951273e-01
2 85 2 4.449445e-01
3 85 2 5.784996e-01
4 85 2 8.405060e-01
5 85 2 1.345467e+00
6 85 2 2.055412e+00
7 85 2 2.843853e+00
8 85 2 2.705382e+00
9 85 2 1.948059e+00
10 85 2 1.074561e+00
11 85 2 6.060070e-01
12 85 2 4.397192e-01
1 86 2 1.257009e-01
2 86 2 1.423197e-01
3 86 2 1.818741e-01
4 86 2 2.641767e-01
5 86 2 4.245842e-01
6 86 2 6.160623e-01
7 86 2 8.463060e-01
8 86 2 8.490744e-01
9 86 2 6.284767e-01
10 86 2 3.644468e-01
11 86 2 2.007552e-01
12 86 2 1.434784e-01
1 87 2 1.582088e-01
2 87 2 2.140383e-01
3 87 2 3.056075e-01
4 87 2 4.830958e-01
5 87 2 8.475273e-01
6 87 2 1.273941e+00
7 87 2 1.727070e+00
8 87 2 1.759826e+00
9 87 2 1.275882e+00
10 87 2 7.183556e-01
11 87 2 3.156265e-01
12 87 2 1.918529e-01
1 88 2 7.066370e-02
2 88 2 1.003481e-01
3 88 2 1.573607e-01
4 88 2 2.985751e-01
5 88 2 6.127640e-01
6 88 2 9.630969e-01
7 88 2 1.233379e+00
8 88 2 1.081770e+00
9 88 2 6.990402e-01
10 88 2 3.303534e-01
11 88 2 1.693619e-01
12 88 2 9.407435e-02
1 89 2 8.904781e-02
2 89 2 1.238985e-01
3 89 2 2.351554e-01
4 89 2 4.422873e-01
5 89 2 8.826352e-01
6 89 2 1.318554e+00
7 89 2 1.538179e+00
8 89 2 1.347078e+00
9 89 2 8.791103e-01
10 89 2 4.183426e-01
11 89 2 2.301930e-01
12 89 2 1.274128e-01
1 90 2 1.756157e-02
2 90 2 2.314556e-02
3 90 2 4.592989e-02
4 90 2 8.243438e-02
5 90 2 1.265732e-01
6 90 2 1.675408e-01
7 90 2 1.881587e-01
8 90 2 1.740989e-01
9 90 2 1.268758e-01
10 90 2 7.567603e-02
11 90 2 4.172423e-02
12 90 2 2.375269e-02
1 91 2 5.933672e-04
2 91 2 8.395884e-04
3 91 2 1.754086e-03
4 91 2 3.314672e-03
5 91 2 4.891938e-03
6 91 2 6.218109e-03
7 91 2 6.982031e-03
8 91 2 6.403193e-03
9 91 2 4.604028e-03
10 91 2 2.849904e-03
11 91 2 1.477046e-03
12 91 2 7.582514e-04
1 92 2 3.366292e-03
2 92 2 4.808543e-03
3 92 2 1.205380e-02
4 92 2 2.875758e-02
5 92 2 5.423262e-02
6 92 2 8.310347e-02
7 92 2 9.975452e-02
8 92 2 9.079261e-02
9 92 2 5.680074e-02
10 92 2 3.018777e-02
11 92 2 1.183966e-02
12 92 2 5.082476e-03
1 93 2 6.847743e-02
2 93 2 8.262414e-02
3 93 2 1.698796e-01
4 93 2 3.959234e-01
5 93 2 7.063050e-01
6 93 2 1.120856e+00
7 93 2 1.503570e+00
8 93 2 1.478138e+00
9 93 2 9.942027e-01
10 93 2 5.725400e-01
11 93 2 2.451928e-01
12 93 2 1.021277e-01
1 94 2 1.560220e-01
2 94 2 1.552354e-01
3 94 2 2.072768e-01
4 94 2 3.673328e-01
5 94 2 6.270146e-01
6 94 2 9.873114e-01
7 94 2 1.363967e+00
8 94 2 1.486422e+00
9 94 2 1.224388e+00
10 94 2 7.390384e-01
11 94 2 3.966602e-01
12 94 2 2.167256e-01
1 98 2 2.022134e-02
2 98 2 1.882338e-02
3 98 2 1.772513e-02
4 98 2 1.887216e-02
5 98 2 2.141860e-02
6 98 2 2.450922e-02
7 98 2 2.756784e-02
8 98 2 2.905515e-02
9 98 2 2.867093e-02
10 98 2 2.710169e-02
11 98 2 2.437778e-02
12 98 2 2.218404e-02
1 101 2 2.807651e-02
2 101 2 2.884958e-02
3 101 2 2.956334e-02
4 101 2 3.645609e-02
5 101 2 4.688325e-02
6 101 2 5.474108e-02
7 101 2 5.843297e-02
8 101 2 5.855188e-02
9 101 2 5.628983e-02
10 101 2 4.826275e-02
11 101 2 3.711274e-02
12 101 2 2.976707e-02
1 102 2 2.418906e-01
2 102 2 2.734240e-01
3 102 2 3.360431e-01
4 102 2 4.203224e-01
5 102 2 4.864125e-01
6 102 2 5.310065e-01
7 102 2 5.459593e-01
8 102 2 5.528580e-01
9 102 2 4.982794e-01
10 102 2 3.838750e-01
11 102 2 3.081077e-01
12 102 2 2.525326e-01
1 103 2 2.058652e-01
2 103 2 2.100871e-01
3 103 2 2.289686e-01
4 103 2 2.587259e-01
5 103 2 3.013069e-01
6 103 2 3.448072e-01
7 103 2 3.730375e-01
8 103 2 3.914946e-01
9 103 2 3.839752e-01
10 103 2 3.355610e-01
11 103 2 2.760516e-01
12 103 2 2.295278e-01
1 104 2 4.712717e-02
2 104 2 4.522204e-02
3 104 2 4.571340e-02
4 104 2 5.011815e-02
5 104 2 5.860373e-02
6 104 2 6.725061e-02
7 104 2 7.547708e-02
8 104 2 8.153364e-02
9 104 2 8.218993e-02
10 104 2 7.678166e-02
11 104 2 6.315983e-02
12 104 2 5.229627e-02
1 107 2 2.583836e-02
2 107 2 2.725900e-02
3 107 2 3.182585e-02
4 107 2 3.646892e-02
5 107 2 4.089760e-02
6 107 2 5.235876e-02
7 107 2 5.723034e-02
8 107 2 5.699878e-02
9 107 2 5.335938e-02
10 107 2 4.564106e-02
11 107 2 3.628297e-02
12 107 2 2.837465e-02
1 108 2 2.285233e-03
2 108 2 2.920530e-03
3 108 2 4.242383e-03
4 108 2 6.570524e-03
5 108 2 1.019921e-02
6 108 2 1.399873e-02
7 108 2 1.498522e-02
8 108 2 1.324378e-02
9 108 2 1.071631e-02
10 108 2 7.393510e-03
11 108 2 3.851268e-03
12 108 2 2.451708e-03
1 109 2 4.333424e-03
2 109 2 5.723821e-03
3 109 2 8.952426e-03
4 109 2 1.553617e-02
5 109 2 2.647027e-02
6 109 2 3.336712e-02
7 109 2 3.390401e-02
8 109 2 3.116731e-02
9 109 2 2.502824e-02
10 109 2 1.756142e-02
11 109 2 7.810882e-03
12 109 2 4.562827e-03
1 110 2 1.910753e-03
2 110 2 2.433934e-03
3 110 2 3.909022e-03
4 110 2 6.051013e-03
5 110 2 9.384878e-03
6 110 2 1.086814e-02
7 110 2 1.168430e-02
8 110 2 1.155568e-02
9 110 2 9.729614e-03
10 110 2 7.093505e-03
11 110 2 3.431162e-03
12 110 2 2.019619e-03
1 111 2 6.550629e-02
2 111 2 8.192927e-02
3 111 2 1.326417e-01
4 111 2 2.010296e-01
5 111 2 3.038268e-01
6 111 2 3.896514e-01
7 111 2 4.118907e-01
8 111 2 4.079619e-01
9 111 2 3.474152e-01
10 111 2 2.261505e-01
11 111 2 1.218256e-01
12 111 2 7.441332e-02
1 112 2 7.547055e-02
2 112 2 9.731006e-02
3 112 2 1.707095e-01
4 112 2 2.838800e-01
5 112 2 4.316874e-01
6 112 2 5.260621e-01
7 112 2 5.357801e-01
8 112 2 4.994024e-01
9 112 2 3.812388e-01
10 112 2 2.530943e-01
11 112 2 1.452497e-01
12 112 2 8.928352e-02
1 113 2 4.328270e-02
2 113 2 5.483515e-02
3 113 2 9.212339e-02
4 113 2 1.377621e-01
5 113 2 1.695295e-01
6 113 2 1.480243e-01
7 113 2 1.270136e-01
8 113 2 1.213084e-01
9 113 2 1.199797e-01
10 113 2 1.095529e-01
11 113 2 7.662539e-02
12 113 2 5.175355e-02
1 114 2 1.180260e-01
2 114 2 1.600493e-01
3 114 2 2.851551e-01
4 114 2 4.156661e-01
5 114 2 4.795564e-01
6 114 2 3.510623e-01
7 114 2 2.899537e-01
8 114 2 2.657777e-01
9 114 2 2.564849e-01
10 114 2 2.295587e-01
11 114 2 1.749976e-01
12 114 2 1.296272e-01
1 115 2 4.166070e-02
2 115 2 6.061259e-02
3 115 2 9.608082e-02
4 115 2 1.191006e-01
5 115 2 1.063625e-01
6 115 2 9.875405e-02
7 115 2 9.524644e-02
8 115 2 9.138222e-02
9 115 2 8.404438e-02
10 115 2 7.510652e-02
11 115 2 5.705412e-02
12 115 2 4.093204e-02
1 116 2 3.559679e-02
2 116 2 4.556824e-02
3 116 2 6.968470e-02
4 116 2 9.863614e-02
5 116 2 1.147201e-01
6 116 2 1.306370e-01
7 116 2 1.369577e-01
8 116 2 1.310989e-01
9 116 2 1.062047e-01
10 116 2 8.490828e-02
11 116 2 6.168420e-02
12 116 2 4.063491e-02
1 117 2 8.953816e-03
2 117 2 9.350022e-03
3 117 2 1.180822e-02
4 117 2 1.616393e-02
5 117 2 2.058345e-02
6 117 2 2.438684e-02
7 117 2 2.596233e-02
8 117 2 2.592829e-02
9 117 2 2.365799e-02
10 117 2 2.025267e-02
11 117 2 1.634921e-02
12 117 2 1.181046e-02
1 126 2 5.173352e-04
2 126 2 5.377170e-04
3 126 2 5.828117e-04
4 126 2 6.154137e-04
5 126 2 6.080344e-04
6 126 2 5.650998e-04
7 126 2 5.447234e-04
8 126 2 5.500453e-04
9 126 2 5.471334e-04
10 126 2 5.376461e-04
11 126 2 5.253470e-04
12 126 2 5.173928e-04
1 127 2 5.210806e-02
2 127 2 5.299497e-02
3 127 2 5.593505e-02
4 127 2 5.807247e-02
5 127 2 5.886363e-02
6 127 2 5.701688e-02
7 127 2 5.703261e-02
8 127 2 5.834142e-02
9 127 2 5.771950e-02
10 127 2 5.540622e-02
11 127 2 5.369550e-02
12 127 2 5.303084e-02
1 128 2 2.362881e-01
2 128 2 2.426657e-01
3 128 2 2.491118e-01
4 128 2 2.431755e-01
5 128 2 2.365498e-01
6 128 2 2.294440e-01
7 128 2 2.445450e-01
8 128 2 2.780487e-01
9 128 2 2.923656e-01
10 128 2 2.761531e-01
11 128 2 2.511209e-01
12 128 2 2.366059e-01
1 129 2 6.733550e-03
2 129 2 6.641097e-03
3 129 2 6.808593e-03
4 129 2 7.006043e-03
5 129 2 7.114144e-03
6 129 2 7.306599e-03
7 129 2 7.634675e-03
8 129 2 8.321782e-03
9 129 2 8.694510e-03
10 129 2 8.732814e-03
11 129 2 7.973358e-03
12 129 2 7.083357e-03
1 133 2 1.447026e-01
2 133 2 1.682382e-01
3 133 2 2.019608e-01
4 133 2 2.073604e-01
5 133 2 1.978006e-01
6 133 2 1.818054e-01
7 133 2 1.622631e-01
8 133 2 1.519409e-01
9 133 2 1.584405e-01
10 133 2 1.687453e-01
11 133 2 1.609857e-01
12 133 2 1.408626e-01
1 135 2 6.257608e-03
2 135 2 7.050134e-03
3 135 2 8.384220e-03
4 135 2 9.029415e-03
5 135 2 8.676402e-03
6 135 2 7.740239e-03
7 135 2 6.686799e-03
8 135 2 6.753719e-03
9 135 2 7.176599e-03
10 135 2 6.749174e-03
11 135 2 6.469024e-03
12 135 2 6.076764e-03
1 136 2 7.002471e-03
2 136 2 7.206959e-03
3 136 2 8.912750e-03
4 136 2 1.083519e-02
5 136 2 1.186502e-02
6 136 2 1.082543e-02
7 136 2 9.579237e-03
8 136 2 9.557266e-03
9 136 2 9.606664e-03
10 136 2 9.036969e-03
11 136 2 8.544407e-03
12 136 2 7.587540e-03
1 137 2 1.702649e-03
2 137 2 1.786254e-03
3 137 2 2.047977e-03
4 137 2 2.250426e-03
5 137 2 2.221307e-03
6 137 2 2.043825e-03
7 137 2 1.890756e-03
8 137 2 1.824390e-03
9 137 2 1.825537e-03
10 137 2 1.901788e-03
11 137 2 1.880275e-03
12 137 2 1.772931e-03
1 138 2 6.806035e-02
2 138 2 7.484320e-02
3 138 2 8.682917e-02
4 138 2 9.663547e-02
5 138 2 9.749926e-02
6 138 2 8.569205e-02
7 138 2 7.938548e-02
8 138 2 7.655745e-02
9 138 2 7.676633e-02
10 138 2 7.721365e-02
11 138 2 7.489872e-02
12 138 2 6.946229e-02
1 139 2 1.158007e-01
2 139 2 1.318756e-01
3 139 2 1.473580e-01
4 139 2 1.546627e-01
5 139 2 1.524831e-01
6 139 2 1.420032e-01
7 139 2 1.343565e-01
8 139 2 1.293403e-01
9 139 2 1.276639e-01
10 139 2 1.286550e-01
11 139 2 1.224250e-01
12 139 2 1.120638e-01
1 140 2 3.860622e-02
2 140 2 3.992027e-02
3 140 2 4.335651e-02
4 140 2 4.912221e-02
5 140 2 5.216076e-02
6 140 2 5.010050e-02
7 140 2 4.743703e-02
8 140 2 4.575261e-02
9 140 2 4.508562e-02
10 140 2 4.533479e-02
11 140 2 4.437729e-02
12 140 2 4.137319e-02
1 141 2 5.970313e-02
2 141 2 5.908538e-02
3 141 2 6.077774e-02
4 141 2 6.670306e-02
5 141 2 7.198145e-02
6 141 2 7.117790e-02
7 141 2 6.925316e-02
8 141 2 6.715451e-02
9 141 2 6.658538e-02
10 141 2 6.674192e-02
11 141 2 6.740808e-02
12 141 2 6.544799e-02
1 150 2 6.901048e-05
2 150 2 7.554282e-05
3 150 2 8.086000e-05
4 150 2 8.268597e-05
5 150 2 7.736886e-05
6 150 2 6.823585e-05
7 150 2 6.225013e-05
8 150 2 6.074692e-05
9 150 2 5.878300e-05
10 150 2 5.744558e-05
11 150 2 5.856246e-05
12 150 2 6.230878e-05
1 151 2 4.481442e-02
2 151 2 4.766536e-02
3 151 2 5.053942e-02
4 151 2 5.173112e-02
5 151 2 5.005345e-02
6 151 2 4.711580e-02
7 151 2 4.607474e-02
8 151 2 4.785360e-02
9 151 2 4.556088e-02
10 151 2 4.275417e-02
11 151 2 4.150051e-02
12 151 2 4.253584e-02
1 152 2 3.551987e-02
2 152 2 3.597902e-02
3 152 2 3.631208e-02
4 152 2 3.450586e-02
5 152 2 3.316938e-02
6 152 2 3.257699e-02
7 152 2 3.724420e-02
8 152 2 4.966066e-02
9 152 2 5.272023e-02
10 152 2 4.493394e-02
11 152 2 3.853271e-02
12 152 2 3.563485e-02
1 153 2 4.116440e-02
2 153 2 4.216291e-02
3 153 2 4.448478e-02
4 153 2 4.363370e-02
5 153 2 4.213713e-02
6 153 2 4.137021e-02
7 153 2 4.829218e-02
8 153 2 6.310919e-02
9 153 2 7.675837e-02
10 153 2 6.860621e-02
11 153 2 5.189708e-02
12 153 2 4.330109e-02
1 154 2 1.119951e-01
2 154 2 1.113874e-01
3 154 2 1.159129e-01
4 154 2 1.110661e-01
5 154 2 1.038569e-01
6 154 2 9.342051e-02
7 154 2 8.821351e-02
8 154 2 9.189482e-02
9 154 2 1.036102e-01
10 154 2 1.164393e-01
11 154 2 1.227141e-01
12 154 2 1.186587e-01
1 157 2 4.460328e-03
2 157 2 4.631604e-03
3 157 2 4.958796e-03
4 157 2 4.888940e-03
5 157 2 4.765312e-03
6 157 2 4.480212e-03
7 157 2 4.274761e-03
8 157 2 4.231672e-03
9 157 2 4.201087e-03
10 157 2 4.274338e-03
11 157 2 4.304981e-03
12 157 2 4.361162e-03
1 163 2 2.075228e-02
2 163 2 2.103033e-02
3 163 2 2.165440e-02
4 163 2 2.295381e-02
5 163 2 2.297621e-02
6 163 2 2.124241e-02
7 163 2 1.963854e-02
8 163 2 1.844097e-02
9 163 2 1.870504e-02
10 163 2 1.978921e-02
11 163 2 2.056280e-02
12 163 2 2.072392e-02
1 164 2 7.855679e-02
2 164 2 7.788510e-02
3 164 2 8.005317e-02
4 164 2 8.378774e-02
5 164 2 8.280214e-02
6 164 2 7.658559e-02
7 164 2 7.088673e-02
8 164 2 6.924328e-02
9 164 2 7.414544e-02
10 164 2 8.122961e-02
11 164 2 8.287007e-02
12 164 2 8.149010e-02
1 165 2 3.488239e-02
2 165 2 3.418721e-02
3 165 2 3.461699e-02
4 165 2 3.538268e-02
5 165 2 3.499431e-02
6 165 2 3.219973e-02
7 165 2 3.035994e-02
8 165 2 3.072976e-02
9 165 2 3.275461e-02
10 165 2 3.502177e-02
11 165 2 3.684144e-02
12 165 2 3.688485e-02
1 166 2 1.525626e-02
2 166 2 1.510396e-02
3 166 2 1.485442e-02
4 166 2 1.478473e-02
5 166 2 1.430062e-02
6 166 2 1.322570e-02
7 166 2 1.248906e-02
8 166 2 1.258224e-02
9 166 2 1.305314e-02
10 166 2 1.373094e-02
11 166 2 1.480397e-02
12 166 2 1.554988e-02
1 170 2 6.898077e-04
2 170 2 7.586518e-04
3 170 2 7.453713e-04
4 170 2 6.775027e-04
5 170 2 5.645621e-04
6 170 2 4.746981e-04
7 170 2 4.489901e-04
8 170 2 4.286410e-04
9 170 2 4.358503e-04
10 170 2 4.853162e-04
11 170 2 5.354561e-04
12 170 2 6.166109e-04
1 171 2 2.466581e-03
2 171 2 2.707596e-03
3 171 2 2.740375e-03
4 171 2 2.438067e-03
5 171 2 2.028198e-03
6 171 2 1.738070e-03
7 171 2 1.577981e-03
8 171 2 1.495186e-03
9 171 2 1.516971e-03
10 171 2 1.650041e-03
11 171 2 1.883259e-03
12 171 2 2.224889e-03
1 175 2 7.094229e-05
2 175 2 7.500253e-05
3 175 2 7.521767e-05
4 175 2 7.045030e-05
5 175 2 6.121022e-05
6 175 2 5.577802e-05
7 175 2 5.462068e-05
8 175 2 5.415951e-05
9 175 2 5.037425e-05
10 175 2 5.092124e-05
11 175 2 5.323768e-05
12 175 2 6.210206e-05
1 176 2 5.101065e-02
2 176 2 5.139310e-02
3 176 2 5.031368e-02
4 176 2 4.443791e-02
5 176 2 3.594829e-02
6 176 2 3.257589e-02
7 176 2 3.251648e-02
8 176 2 3.709698e-02
9 176 2 4.040245e-02
10 176 2 4.311926e-02
11 176 2 4.602659e-02
12 176 2 4.889154e-02
1 177 2 2.251426e-01
2 177 2 2.187771e-01
3 177 2 2.065663e-01
4 177 2 1.806285e-01
5 177 2 1.477049e-01
6 177 2 1.261275e-01
7 177 2 1.312337e-01
8 177 2 1.572422e-01
9 177 2 1.976288e-01
10 177 2 2.055264e-01
11 177 2 2.096952e-01
12 177 2 2.101236e-01
1 178 2 8.203873e-02
2 178 2 8.107992e-02
3 178 2 7.772103e-02
4 178 2 6.514271e-02
5 178 2 5.672006e-02
6 178 2 4.794107e-02
7 178 2 4.566084e-02
8 178 2 4.599689e-02
9 178 2 5.245829e-02
10 178 2 5.644363e-02
11 178 2 6.374988e-02
12 178 2 7.077576e-02
1 181 2 1.001579e-03
2 181 2 1.057888e-03
3 181 2 1.072456e-03
4 181 2 1.025412e-03
5 181 2 8.456451e-04
6 181 2 7.312266e-04
7 181 2 6.465548e-04
8 181 2 6.616962e-04
9 181 2 7.168807e-04
10 181 2 7.762479e-04
11 181 2 8.791109e-04
12 181 2 9.359988e-04
1 182 2 1.196987e-01
2 182 2 1.106385e-01
3 182 2 1.043271e-01
4 182 2 8.714833e-02
5 182 2 6.824491e-02
6 182 2 5.104310e-02
7 182 2 5.060913e-02
8 182 2 7.032765e-02
9 182 2 9.758719e-02
10 182 2 1.196872e-01
11 182 2 1.322790e-01
12 182 2 1.269683e-01
1 183 2 2.546843e-02
2 183 2 2.446670e-02
3 183 2 2.335805e-02
4 183 2 2.117937e-02
5 183 2 1.781996e-02
6 183 2 1.446301e-02
7 183 2 1.345631e-02
8 183 2 1.597885e-02
9 183 2 1.857905e-02
10 183 2 2.197900e-02
11 183 2 2.392846e-02
12 183 2 2.461196e-02
1 184 2 7.944346e-03
2 184 2 8.049671e-03
3 184 2 7.795979e-03
4 184 2 7.015877e-03
5 184 2 5.832629e-03
6 184 2 4.713864e-03
7 184 2 4.250720e-03
8 184 2 4.439461e-03
9 184 2 4.702867e-03
10 184 2 5.400651e-03
11 184 2 6.319125e-03
12 184 2 7.202404e-03
1 188 2 5.000294e-03
2 188 2 4.956697e-03
3 188 2 4.594414e-03
4 188 2 3.751652e-03
5 188 2 2.651518e-03
6 188 2 2.016838e-03
7 188 2 1.735473e-03
8 188 2 1.765369e-03
9 188 2 2.391183e-03
10 188 2 3.142352e-03
11 188 2 3.742229e-03
12 188 2 4.667566e-03
1 189 2 4.361357e-03
2 189 2 4.030774e-03
3 189 2 3.656271e-03
4 189 2 2.702527e-03
5 189 2 1.789315e-03
6 189 2 1.265336e-03
7 189 2 1.203064e-03
8 189 2 1.477761e-03
9 189 2 2.377238e-03
10 189 2 3.384838e-03
11 189 2 4.117093e-03
12 189 2 4.302342e-03
1 190 2 1.784841e-02
2 190 2 1.691170e-02
3 190 2 1.467939e-02
4 190 2 1.039711e-02
5 190 2 7.254060e-03
6 190 2 5.262407e-03
7 190 2 4.944622e-03
8 190 2 5.960727e-03
9 190 2 8.372507e-03
10 190 2 1.141375e-02
11 190 2 1.495566e-02
12 190 2 1.677997e-02
1 191 2 1.208560e-02
2 191 2 1.252387e-02
3 191 2 1.217326e-02
4 191 2 1.005648e-02
5 191 2 8.269633e-03
6 191 2 6.793359e-03
7 191 2 5.972506e-03
8 191 2 6.065599e-03
9 191 2 6.617692e-03
10 191 2 7.427680e-03
11 191 2 9.135267e-03
12 191 2 1.074756e-02
1 192 2 4.748181e-03
2 192 2 5.131464e-03
3 192 2 4.999630e-03
4 192 2 4.328931e-03
5 192 2 3.658600e-03
6 192 2 3.115151e-03
7 192 2 2.737598e-03
8 192 2 2.543871e-03
9 192 2 2.619288e-03
10 192 2 2.876278e-03
11 192 2 3.433532e-03
12 192 2 4.122921e-03
1 200 2 2.212692e-01
2 200 2 2.276309e-01
3 200 2 1.861521e-01
4 200 2 1.230599e-01
5 200 2 8.054884e-02
6 200 2 6.559958e-02
7 200 2 6.232300e-02
8 200 2 6.721007e-02
9 200 2 7.444704e-02
10 200 2 9.518417e-02
11 200 2 1.322725e-01
12 200 2 1.822445e-01
1 201 2 1.512635e-01
2 201 2 1.560726e-01
3 201 2 1.428752e-01
4 201 2 1.099751e-01
5 201 2 8.287674e-02
6 201 2 6.856622e-02
7 201 2 6.479891e-02
8 201 2 6.702859e-02
9 201 2 6.633824e-02
10 201 2 7.893391e-02
11 201 2 1.006195e-01
12 201 2 1.253185e-01
1 206 2 7.955571e-02
2 206 2 8.593053e-02
3 206 2 7.774414e-02
4 206 2 6.634262e-02
5 206 2 5.486500e-02
6 206 2 4.783764e-02
7 206 2 4.103011e-02
8 206 2 4.028637e-02
9 206 2 4.360957e-02
10 206 2 4.936358e-02
11 206 2 5.786550e-02
12 206 2 6.817156e-02
1 207 2 3.015902e-03
2 207 2 3.292987e-03
3 207 2 3.122998e-03
4 207 2 2.831781e-03
5 207 2 2.511373e-03
6 207 2 2.153993e-03
7 207 2 1.898552e-03
8 207 2 1.869590e-03
9 207 2 1.886296e-03
10 207 2 2.077688e-03
11 207 2 2.239131e-03
12 207 2 2.561428e-03
1 212 2 7.037430e-03
2 212 2 7.512022e-03
3 212 2 6.667654e-03
4 212 2 5.605435e-03
5 212 2 4.368993e-03
6 212 2 3.526141e-03
7 212 2 2.926896e-03
8 212 2 2.828818e-03
9 212 2 3.212764e-03
10 212 2 3.790911e-03
11 212 2 4.496681e-03
12 212 2 5.945471e-03
1 213 2 1.532974e-03
2 213 2 1.675426e-03
3 213 2 1.419857e-03
4 213 2 1.201504e-03
5 213 2 9.271203e-04
6 213 2 7.146794e-04
7 213 2 6.065534e-04
8 213 2 5.921430e-04
9 213 2 7.132614e-04
10 213 2 8.790123e-04
11 213 2 1.079416e-03
12 213 2 1.320901e-03
1 214 2 5.445584e-02
2 214 2 5.773001e-02
3 214 2 4.638248e-02
4 214 2 3.444988e-02
5 214 2 2.546478e-02
6 214 2 1.876638e-02
7 214 2 1.625197e-02
8 214 2 1.675455e-02
9 214 2 2.114905e-02
10 214 2 2.835365e-02
11 214 2 3.881355e-02
12 214 2 4.707407e-02
1 215 2 2.021330e-02
2 215 2 2.079207e-02
3 215 2 1.938542e-02
4 215 2 1.544936e-02
5 215 2 1.254882e-02
6 215 2 1.008272e-02
7 215 2 8.712863e-03
8 215 2 8.734288e-03
9 215 2 9.822293e-03
10 215 2 1.168537e-02
11 215 2 1.471349e-02
12 215 2 1.777471e-02
1 216 2 8.684487e-03
2 216 2 9.067243e-03
3 216 2 8.502839e-03
4 216 2 6.912315e-03
5 216 2 5.534984e-03
6 216 2 4.761569e-03
7 216 2 4.184178e-03
8 216 2 4.000850e-03
9 216 2 4.151592e-03
10 216 2 4.718673e-03
11 216 2 5.675764e-03
12 216 2 7.294383e-03
1 224 2 6.468388e-03
2 224 2 7.071480e-03
3 224 2 6.170728e-03
4 224 2 5.313923e-03
5 224 2 4.291092e-03
6 224 2 3.646596e-03
7 224 2 3.312897e-03
8 224 2 3.460283e-03
9 224 2 3.558507e-03
10 224 2 4.197088e-03
11 224 2 5.012152e-03
12 224 2 5.979892e-03
1 240 2 5.369430e-04
2 240 2 5.476785e-04
3 240 2 5.008386e-04
4 240 2 4.423190e-04
5 240 2 3.844322e-04
6 240 2 3.315861e-04
7 240 2 3.248597e-04
8 240 2 3.349115e-04
9 240 2 3.260162e-04
10 240 2 3.510854e-04
11 240 2 3.857567e-04
12 240 2 4.780782e-04
