1 7 2 3.192929e-07
2 7 2 2.727683e-07
3 7 2 2.983118e-07
4 7 2 7.710135e-07
5 7 2 2.652839e-06
6 7 2 7.145092e-06
7 7 2 9.667519e-06
8 7 2 6.591406e-06
9 7 2 2.850562e-06
10 7 2 1.249678e-06
11 7 2 6.620966e-07
12 7 2 3.905939e-07
1 25 2 2.825357e-04
2 25 2 2.682665e-04
3 25 2 3.779432e-04
4 25 2 6.896624e-04
5 25 2 1.929343e-03
6 25 2 3.498619e-03
7 25 2 4.241350e-03
8 25 2 3.252366e-03
9 25 2 1.837759e-03
10 25 2 8.600046e-04
11 25 2 4.100602e-04
12 25 2 2.374645e-04
1 26 2 1.888638e-04
2 26 2 1.554367e-04
3 26 2 2.570273e-04
4 26 2 5.737060e-04
5 26 2 1.616041e-03
6 26 2 3.086594e-03
7 26 2 3.348945e-03
8 26 2 2.505691e-03
9 26 2 1.370481e-03
10 26 2 5.516723e-04
11 26 2 2.882262e-04
12 26 2 1.781957e-04
1 27 2 8.305206e-04
2 27 2 7.332752e-04
3 27 2 1.285428e-03
4 27 2 3.273826e-03
5 27 2 9.219338e-03
6 27 2 1.905749e-02
7 27 2 2.149363e-02
8 27 2 1.617769e-02
9 27 2 8.360056e-03
10 27 2 3.139403e-03
11 27 2 1.663772e-03
12 27 2 1.029157e-03
1 28 2 3.316650e-05
2 28 2 3.018241e-05
3 28 2 5.076157e-05
4 28 2 1.379821e-04
5 28 2 3.940232e-04
6 28 2 8.435973e-04
7 28 2 1.005764e-03
8 28 2 7.578544e-04
9 28 2 3.898564e-04
10 28 2 1.518302e-04
11 28 2 7.579581e-05
12 28 2 4.725448e-05
1 29 2 4.446476e-05
2 29 2 4.206380e-05
3 29 2 6.700971e-05
4 29 2 2.014871e-04
5 29 2 6.025349e-04
6 29 2 1.482893e-03
7 29 2 2.020042e-03
8 29 2 1.502925e-03
9 29 2 6.902182e-04
10 29 2 2.558206e-04
11 29 2 1.209274e-04
12 29 2 7.548818e-05
1 30 2 1.008523e-05
2 30 2 8.820162e-06
3 30 2 1.401832e-05
4 30 2 4.290613e-05
5 30 2 1.188566e-04
6 30 2 3.232438e-04
7 30 2 4.685265e-04
8 30 2 3.588007e-04
9 30 2 1.623449e-04
10 30 2 6.354475e-05
11 30 2 2.931144e-05
12 30 2 1.755457e-05
1 31 2 1.801103e-05
2 31 2 1.387902e-05
3 31 2 2.108391e-05
4 31 2 5.868353e-05
5 31 2 1.515493e-04
6 31 2 3.990217e-04
7 31 2 5.627092e-04
8 31 2 4.542049e-04
9 31 2 2.272235e-04
10 31 2 1.040572e-04
11 31 2 4.996015e-05
12 31 2 2.784011e-05
1 32 2 2.130687e-05
2 32 2 1.763799e-05
3 32 2 2.465486e-05
4 32 2 5.478408e-05
5 32 2 1.463209e-04
6 32 2 3.466055e-04
7 32 2 4.471622e-04
8 32 2 3.693761e-04
9 32 2 2.062638e-04
10 32 2 1.063311e-04
11 32 2 5.494755e-05
12 32 2 2.849636e-05
1 35 2 1.560900e-03
2 35 2 1.487303e-03
3 35 2 1.615651e-03
4 35 2 2.153001e-03
5 35 2 3.375116e-03
6 35 2 5.154539e-03
7 35 2 6.202493e-03
8 35 2 5.695532e-03
9 35 2 3.870903e-03
10 35 2 2.798658e-03
11 35 2 2.119834e-03
12 35 2 1.722173e-03
1 36 2 1.869285e-04
2 36 2 1.754895e-04
3 36 2 1.944943e-04
4 36 2 2.336046e-04
5 36 2 3.194931e-04
6 36 2 4.608953e-04
7 36 2 5.428044e-04
8 36 2 5.529696e-04
9 36 2 4.220981e-04
10 36 2 3.306969e-04
11 36 2 2.531107e-04
12 36 2 2.097237e-04
1 37 2 4.200502e-03
2 37 2 4.065502e-03
3 37 2 5.122722e-03
4 37 2 6.587132e-03
5 37 2 9.958486e-03
6 37 2 1.510420e-02
7 37 2 1.756696e-02
8 37 2 1.726874e-02
9 37 2 1.270819e-02
10 37 2 9.528918e-03
11 37 2 6.716089e-03
12 37 2 5.145097e-03
1 38 2 1.821468e-02
2 38 2 1.819835e-02
3 38 2 2.772278e-02
4 38 2 4.110358e-02
5 38 2 7.504449e-02
6 38 2 1.331607e-01
7 38 2 1.578568e-01
8 38 2 1.369078e-01
9 38 2 8.843197e-02
10 38 2 6.044317e-02
11 38 2 3.453842e-02
12 38 2 2.492425e-02
1 39 2 3.221814e-02
2 39 2 3.356482e-02
3 39 2 5.436807e-02
4 39 2 8.394883e-02
5 39 2 1.628885e-01
6 39 2 3.149046e-01
7 39 2 3.910234e-01
8 39 2 3.165795e-01
9 39 2 1.995439e-01
10 39 2 1.260096e-01
11 39 2 6.378333e-02
12 39 2 4.655721e-02
1 40 2 8.004070e-03
2 40 2 8.781853e-03
3 40 2 1.566231e-02
4 40 2 2.633741e-02
5 40 2 5.757491e-02
6 40 2 1.307204e-01
7 40 2 1.635514e-01
8 40 2 1.199772e-01
9 40 2 7.390473e-02
10 40 2 3.982057e-02
11 40 2 1.705798e-02
12 40 2 1.270766e-02
1 41 2 4.262408e-03
2 41 2 4.556728e-03
3 41 2 9.131530e-03
4 41 2 1.626390e-02
5 41 2 4.079225e-02
6 41 2 1.035145e-01
7 41 2 1.338381e-01
8 41 2 9.387344e-02
9 41 2 5.246083e-02
10 41 2 2.273701e-02
11 41 2 8.734950e-03
12 41 2 7.280468e-03
1 42 2 2.305399e-03
2 42 2 2.411493e-03
3 42 2 5.200353e-03
4 42 2 1.025869e-02
5 42 2 2.916374e-02
6 42 2 8.089148e-02
7 42 2 1.132386e-01
8 42 2 7.562252e-02
9 42 2 3.581122e-02
10 42 2 1.281645e-02
11 42 2 4.778218e-03
12 42 2 3.919833e-03
1 43 2 6.473961e-05
2 43 2 6.712662e-05
3 43 2 1.583840e-04
4 43 2 3.864617e-04
5 43 2 1.293558e-03
6 43 2 3.814905e-03
7 43 2 5.576862e-03
8 43 2 3.500767e-03
9 43 2 1.431529e-03
10 43 2 4.395158e-04
11 43 2 1.498843e-04
12 43 2 1.050251e-04
1 44 2 2.673141e-04
2 44 2 2.685904e-04
3 44 2 5.842256e-04
4 44 2 1.579439e-03
5 44 2 5.900737e-03
6 44 2 1.859518e-02
7 44 2 2.717787e-02
8 44 2 1.638809e-02
9 44 2 5.907660e-03
10 44 2 1.750320e-03
11 44 2 5.744600e-04
12 44 2 3.883995e-04
1 45 2 6.138263e-04
2 45 2 6.879199e-04
3 45 2 1.253509e-03
4 45 2 3.696699e-03
5 45 2 1.548105e-02
6 45 2 5.136775e-02
7 45 2 7.186281e-02
8 45 2 4.375718e-02
9 45 2 1.504711e-02
10 45 2 3.841841e-03
11 45 2 1.113584e-03
12 45 2 7.277838e-04
1 46 2 2.786845e-04
2 46 2 3.505919e-04
3 46 2 5.511039e-04
4 46 2 1.530360e-03
5 46 2 6.009659e-03
6 46 2 1.864129e-02
7 46 2 2.607785e-02
8 46 2 1.634068e-02
9 46 2 6.138026e-03
10 46 2 1.487785e-03
11 46 2 4.090507e-04
12 46 2 2.917103e-04
1 47 2 3.661572e-04
2 47 2 4.659854e-04
3 47 2 6.566464e-04
4 47 2 1.471234e-03
5 47 2 5.014701e-03
6 47 2 1.381549e-02
7 47 2 1.873676e-02
8 47 2 1.270486e-02
9 47 2 5.382168e-03
10 47 2 1.660067e-03
11 47 2 4.897632e-04
12 47 2 3.722851e-04
1 48 2 4.958206e-04
2 48 2 5.695679e-04
3 48 2 7.834088e-04
4 48 2 1.529832e-03
5 48 2 4.747362e-03
6 48 2 1.091975e-02
7 48 2 1.451133e-02
8 48 2 1.020955e-02
9 48 2 4.860159e-03
10 48 2 1.812039e-03
11 48 2 6.523113e-04
12 48 2 4.325732e-04
1 49 2 9.829676e-05
2 49 2 8.944138e-05
3 49 2 1.014528e-04
4 49 2 1.187415e-04
5 49 2 1.698256e-04
6 49 2 2.583798e-04
7 49 2 3.853310e-04
8 49 2 3.623496e-04
9 49 2 2.527347e-04
10 49 2 1.808560e-04
11 49 2 1.320395e-04
12 49 2 9.632259e-05
1 50 2 4.005851e-04
2 50 2 3.457848e-04
3 50 2 4.053132e-04
4 50 2 4.620150e-04
5 50 2 6.502540e-04
6 50 2 9.542387e-04
7 50 2 1.316990e-03
8 50 2 1.266500e-03
9 50 2 9.170613e-04
10 50 2 6.537198e-04
11 50 2 4.894275e-04
12 50 2 3.853707e-04
1 51 2 1.537969e-04
2 51 2 1.403637e-04
3 51 2 1.525207e-04
4 51 2 1.760594e-04
5 51 2 2.399733e-04
6 51 2 3.365436e-04
7 51 2 4.385654e-04
8 51 2 4.349237e-04
9 51 2 3.613579e-04
10 51 2 2.541699e-04
11 51 2 1.904910e-04
12 51 2 1.596373e-04
1 52 2 5.814781e-02
2 52 2 6.111834e-02
3 52 2 7.677852e-02
4 52 2 1.119326e-01
5 52 2 1.892928e-01
6 52 2 2.605093e-01
7 52 2 3.341515e-01
8 52 2 3.125461e-01
9 52 2 2.522988e-01
10 52 2 1.441295e-01
11 52 2 8.675185e-02
12 52 2 6.689890e-02
1 53 2 1.568179e-02
2 53 2 1.967491e-02
3 53 2 3.333345e-02
4 53 2 7.275696e-02
5 53 2 1.385515e-01
6 53 2 2.068927e-01
7 53 2 2.871915e-01
8 53 2 2.447207e-01
9 53 2 1.656288e-01
10 53 2 7.304928e-02
11 53 2 3.258195e-02
12 53 2 2.064199e-02
1 54 2 8.126848e-03
2 54 2 1.054260e-02
3 54 2 1.971509e-02
4 54 2 4.899007e-02
5 54 2 9.649517e-02
6 54 2 1.863846e-01
7 54 2 2.647682e-01
8 54 2 2.220150e-01
9 54 2 1.346486e-01
10 54 2 5.726569e-02
11 54 2 2.454669e-02
12 54 2 1.354043e-02
1 55 2 5.522515e-03
2 55 2 6.159077e-03
3 55 2 1.148959e-02
4 55 2 2.690345e-02
5 55 2 5.338736e-02
6 55 2 1.140139e-01
7 55 2 1.584880e-01
8 55 2 1.366822e-01
9 55 2 8.667497e-02
10 55 2 4.155926e-02
11 55 2 1.944399e-02
12 55 2 1.113368e-02
1 56 2 1.961325e-02
2 56 2 2.035428e-02
3 56 2 3.525415e-02
4 56 2 7.861172e-02
5 56 2 1.718347e-01
6 56 2 3.387240e-01
7 56 2 4.683156e-01
8 56 2 3.886783e-01
9 56 2 2.540493e-01
10 56 2 1.308954e-01
11 56 2 5.901252e-02
12 56 2 3.384424e-02
1 57 2 3.966038e-03
2 57 2 3.783994e-03
3 57 2 4.654097e-03
4 57 2 7.064191e-03
5 57 2 1.181950e-02
6 57 2 1.923180e-02
7 57 2 2.738630e-02
8 57 2 2.468174e-02
9 57 2 1.836324e-02
10 57 2 1.179559e-02
11 57 2 7.213063e-03
12 57 2 5.183702e-03
1 60 2 4.787091e-01
2 60 2 4.635866e-01
3 60 2 5.316418e-01
4 60 2 6.305193e-01
5 60 2 7.773802e-01
6 60 2 1.023027e+00
7 60 2 1.191008e+00
8 60 2 1.191509e+00
9 60 2 1.011167e+00
10 60 2 8.254479e-01
11 60 2 6.601653e-01
12 60 2 5.472094e-01
1 61 2 1.053979e+00
2 61 2 1.060319e+00
3 61 2 1.491321e+00
4 61 2 2.246244e+00
5 61 2 3.276585e+00
6 61 2 4.616178e+00
7 61 2 5.462799e+00
8 61 2 5.255665e+00
9 61 2 4.083790e+00
10 61 2 2.777818e+00
11 61 2 1.812139e+00
12 61 2 1.271019e+00
1 62 2 3.843022e-01
2 62 2 4.209013e-01
3 62 2 6.625756e-01
4 62 2 1.199464e+00
5 62 2 2.057339e+00
6 62 2 2.918500e+00
7 62 2 3.568736e+00
8 62 2 3.331285e+00
9 62 2 2.321314e+00
10 62 2 1.384290e+00
11 62 2 7.517306e-01
12 62 2 4.892048e-01
1 63 2 4.943197e-01
2 63 2 6.000830e-01
3 63 2 1.004096e+00
4 63 2 2.111869e+00
5 63 2 4.053024e+00
6 63 2 6.025466e+00
7 63 2 7.705115e+00
8 63 2 6.704960e+00
9 63 2 4.095179e+00
10 63 2 2.236422e+00
11 63 2 1.033020e+00
12 63 2 6.762583e-01
1 64 2 1.181983e-01
2 64 2 1.514243e-01
3 64 2 2.883484e-01
4 64 2 6.830011e-01
5 64 2 1.462773e+00
6 64 2 2.343028e+00
7 64 2 2.969839e+00
8 64 2 2.321750e+00
9 64 2 1.329400e+00
10 64 2 5.876983e-01
11 64 2 2.685493e-01
12 64 2 1.837838e-01
1 65 2 3.996244e-02
2 65 2 4.955367e-02
3 65 2 1.085628e-01
4 65 2 3.061509e-01
5 65 2 6.419009e-01
6 65 2 1.090935e+00
7 65 2 1.414006e+00
8 65 2 1.055337e+00
9 65 2 5.985541e-01
10 65 2 2.124007e-01
11 65 2 9.350294e-02
12 65 2 6.776145e-02
1 66 2 2.646911e-02
2 66 2 3.272408e-02
3 66 2 7.779450e-02
4 66 2 2.552179e-01
5 66 2 5.306710e-01
6 66 2 9.125127e-01
7 66 2 1.258507e+00
8 66 2 9.514327e-01
9 66 2 5.382100e-01
10 66 2 1.783152e-01
11 66 2 6.833304e-02
12 66 2 4.238565e-02
1 67 2 9.018186e-03
2 67 2 1.202533e-02
3 67 2 3.058050e-02
4 67 2 1.129670e-01
5 67 2 2.563156e-01
6 67 2 4.371482e-01
7 67 2 6.111813e-01
8 67 2 4.703541e-01
9 67 2 2.572510e-01
10 67 2 9.460318e-02
11 67 2 2.991424e-02
12 67 2 1.346424e-02
1 68 2 2.222627e-03
2 68 2 2.984390e-03
3 68 2 8.863471e-03
4 68 2 4.074119e-02
5 68 2 1.110250e-01
6 68 2 2.127582e-01
7 68 2 3.050550e-01
8 68 2 2.268798e-01
9 68 2 1.088818e-01
10 68 2 4.000187e-02
11 68 2 9.121844e-03
12 68 2 3.174085e-03
1 69 2 1.359342e-03
2 69 2 1.927295e-03
3 69 2 4.608994e-03
4 69 2 2.021072e-02
5 69 2 6.480662e-02
6 69 2 1.533721e-01
7 69 2 2.246889e-01
8 69 2 1.729650e-01
9 69 2 7.430464e-02
10 69 2 2.416100e-02
11 69 2 4.681530e-03
12 69 2 1.760559e-03
1 70 2 5.586351e-03
2 70 2 6.529376e-03
3 70 2 9.356406e-03
4 70 2 2.441038e-02
5 70 2 6.121347e-02
6 70 2 1.486437e-01
7 70 2 2.406071e-01
8 70 2 2.192902e-01
9 70 2 1.132268e-01
10 70 2 4.035958e-02
11 70 2 1.227498e-02
12 70 2 6.909923e-03
1 71 2 4.648011e-03
2 71 2 4.716644e-03
3 71 2 5.337241e-03
4 71 2 8.564658e-03
5 71 2 1.658656e-02
6 71 2 3.460112e-02
7 71 2 5.310187e-02
8 71 2 5.279657e-02
9 71 2 3.387378e-02
10 71 2 1.613363e-02
11 71 2 7.707445e-03
12 71 2 5.353082e-03
1 72 2 1.952375e-05
2 72 2 1.864688e-05
3 72 2 2.020196e-05
4 72 2 2.575769e-05
5 72 2 4.007707e-05
6 72 2 6.973544e-05
7 72 2 1.080122e-04
8 72 2 1.038824e-04
9 72 2 7.267961e-05
10 72 2 4.406880e-05
11 72 2 2.715246e-05
12 72 2 1.939042e-05
1 76 2 1.400901e-01
2 76 2 1.281681e-01
3 76 2 1.294580e-01
4 76 2 1.408195e-01
5 76 2 1.914465e-01
6 76 2 2.729905e-01
7 76 2 3.660651e-01
8 76 2 3.906585e-01
9 76 2 3.722216e-01
10 76 2 2.485697e-01
11 76 2 1.604622e-01
12 76 2 1.403381e-01
1 77 2 1.366166e-01
2 77 2 1.773955e-01
3 77 2 2.323775e-01
4 77 2 3.755731e-01
5 77 2 6.306025e-01
6 77 2 9.735845e-01
7 77 2 1.322839e+00
8 77 2 1.255588e+00
9 77 2 9.300866e-01
10 77 2 4.698907e-01
11 77 2 2.061894e-01
12 77 2 1.299602e-01
1 78 2 1.560167e-01
2 78 2 2.131748e-01
3 78 2 2.968587e-01
4 78 2 5.324474e-01
5 78 2 8.325939e-01
6 78 2 1.321870e+00
7 78 2 1.631703e+00
8 78 2 1.527892e+00
9 78 2 9.906682e-01
10 78 2 5.253707e-01
11 78 2 2.837115e-01
12 78 2 1.637963e-01
1 79 2 5.049062e-01
2 79 2 6.195282e-01
3 79 2 9.096462e-01
4 79 2 1.508799e+00
5 79 2 2.292284e+00
6 79 2 3.744837e+00
7 79 2 4.588830e+00
8 79 2 4.347103e+00
9 79 2 3.001700e+00
10 79 2 1.811963e+00
11 79 2 1.032363e+00
12 79 2 6.324065e-01
1 80 2 2.456941e-01
2 80 2 2.461738e-01
3 80 2 3.093328e-01
4 80 2 4.182534e-01
5 80 2 6.237878e-01
6 80 2 9.490706e-01
7 80 2 1.222073e+00
8 80 2 1.209832e+00
9 80 2 1.004138e+00
10 80 2 7.040056e-01
11 80 2 4.106889e-01
12 80 2 3.035674e-01
1 81 2 5.988463e-08
2 81 2 5.426991e-08
3 81 2 5.716094e-08
4 81 2 6.777887e-08
5 81 2 9.760096e-08
6 81 2 1.315145e-07
7 81 2 1.754835e-07
8 81 2 1.882898e-07
9 81 2 1.712142e-07
10 81 2 1.313715e-07
11 81 2 8.684158e-08
12 81 2 7.109687e-08
1 84 2 4.347226e-01
2 84 2 4.596111e-01
3 84 2 5.684470e-01
4 84 2 7.183393e-01
5 84 2 9.630762e-01
6 84 2 1.578070e+00
7 84 2 2.113546e+00
8 84 2 2.025302e+00
9 84 2 1.519679e+00
10 84 2 9.590700e-01
11 84 2 6.442811e-01
12 84 2 4.921611e-01
1 85 2 3.631113e-01
2 85 2 4.088920e-01
3 85 2 5.316255e-01
4 85 2 7.724024e-01
5 85 2 1.236448e+00
6 85 2 1.888868e+00
7 85 2 2.613424e+00
8 85 2 2.486173e+00
9 85 2 1.790213e+00
10 85 2 9.874923e-01
11 85 2 5.569041e-01
12 85 2 4.040901e-01
1 86 2 1.153113e-01
2 86 2 1.305565e-01
3 86 2 1.668416e-01
4 86 2 2.423416e-01
5 86 2 3.894908e-01
6 86 2 5.651427e-01
7 86 2 7.763559e-01
8 86 2 7.788956e-01
9 86 2 5.765310e-01
10 86 2 3.343240e-01
11 86 2 1.841621e-01
12 86 2 1.316194e-01
1 87 2 1.434326e-01
2 87 2 1.940478e-01
3 87 2 2.770647e-01
4 87 2 4.379762e-01
5 87 2 7.683710e-01
6 87 2 1.154959e+00
7 87 2 1.565767e+00
8 87 2 1.595464e+00
9 87 2 1.156719e+00
10 87 2 6.512635e-01
11 87 2 2.861480e-01
12 87 2 1.739345e-01
1 88 2 6.419129e-02
2 88 2 9.115681e-02
3 88 2 1.429473e-01
4 88 2 2.712273e-01
5 88 2 5.566382e-01
6 88 2 8.748825e-01
7 88 2 1.120409e+00
8 88 2 9.826860e-01
9 88 2 6.350120e-01
10 88 2 3.000948e-01
11 88 2 1.538493e-01
12 88 2 8.545765e-02
1 89 2 8.058898e-02
2 89 2 1.121291e-01
3 89 2 2.128176e-01
4 89 2 4.002735e-01
5 89 2 7.987919e-01
6 89 2 1.193302e+00
7 89 2 1.392064e+00
8 89 2 1.219116e+00
9 89 2 7.956018e-01
10 89 2 3.786034e-01
11 89 2 2.083265e-01
12 89 2 1.153096e-01
1 90 2 1.591515e-02
2 90 2 2.097564e-02
3 90 2 4.162390e-02
4 90 2 7.470605e-02
5 90 2 1.147068e-01
6 90 2 1.518337e-01
7 90 2 1.705186e-01
8 90 2 1.577769e-01
9 90 2 1.149810e-01
10 90 2 6.858130e-02
11 90 2 3.781253e-02
12 90 2 2.152584e-02
1 91 2 5.309282e-04
2 91 2 7.512401e-04
3 91 2 1.569507e-03
4 91 2 2.965875e-03
5 91 2 4.377168e-03
6 91 2 5.563788e-03
7 91 2 6.247325e-03
8 91 2 5.729396e-03
9 91 2 4.119554e-03
10 91 2 2.550014e-03
11 91 2 1.321619e-03
12 91 2 6.784620e-04
1 92 2 3.011960e-03
2 92 2 4.302401e-03
3 92 2 1.078504e-02
4 92 2 2.573059e-02
5 92 2 4.852416e-02
6 92 2 7.435610e-02
7 92 2 8.925448e-02
8 92 2 8.123588e-02
9 92 2 5.082196e-02
10 92 2 2.701024e-02
11 92 2 1.059343e-02
12 92 2 4.547501e-03
1 93 2 5.940627e-02
2 93 2 7.167897e-02
3 93 2 1.473758e-01
4 93 2 3.434757e-01
5 93 2 6.127412e-01
6 93 2 9.723773e-01
7 93 2 1.304393e+00
8 93 2 1.282330e+00
9 93 2 8.625013e-01
10 93 2 4.966960e-01
11 93 2 2.127123e-01
12 93 2 8.859892e-02
1 94 2 1.223186e-01
2 94 2 1.217020e-01
3 94 2 1.625016e-01
4 94 2 2.879827e-01
5 94 2 4.915690e-01
6 94 2 7.740356e-01
7 94 2 1.069327e+00
8 94 2 1.165330e+00
9 94 2 9.598997e-01
10 94 2 5.793937e-01
11 94 2 3.109750e-01
12 94 2 1.699093e-01
1 98 2 1.774682e-02
2 98 2 1.651993e-02
3 98 2 1.555608e-02
4 98 2 1.656274e-02
5 98 2 1.879758e-02
6 98 2 2.150999e-02
7 98 2 2.419432e-02
8 98 2 2.549963e-02
9 98 2 2.516243e-02
10 98 2 2.378521e-02
11 98 2 2.139463e-02
12 98 2 1.946934e-02
1 101 2 2.555692e-02
2 101 2 2.626061e-02
3 101 2 2.691032e-02
4 101 2 3.318451e-02
5 101 2 4.267593e-02
6 101 2 4.982860e-02
7 101 2 5.318918e-02
8 101 2 5.329742e-02
9 101 2 5.123836e-02
10 101 2 4.393164e-02
11 101 2 3.378223e-02
12 101 2 2.709576e-02
1 102 2 2.172023e-01
2 102 2 2.455173e-01
3 102 2 3.017453e-01
4 102 2 3.774227e-01
5 102 2 4.367674e-01
6 102 2 4.768099e-01
7 102 2 4.902366e-01
8 102 2 4.964312e-01
9 102 2 4.474231e-01
10 102 2 3.446952e-01
11 102 2 2.766611e-01
12 102 2 2.267581e-01
1 103 2 1.819590e-01
2 103 2 1.856907e-01
3 103 2 2.023796e-01
4 103 2 2.286812e-01
5 103 2 2.663175e-01
6 103 2 3.047663e-01
7 103 2 3.297184e-01
8 103 2 3.460322e-01
9 103 2 3.393860e-01
10 103 2 2.965939e-01
11 103 2 2.439950e-01
12 103 2 2.028738e-01
1 104 2 4.289872e-02
2 104 2 4.116453e-02
3 104 2 4.161181e-02
4 104 2 4.562134e-02
5 104 2 5.334556e-02
6 104 2 6.121660e-02
7 104 2 6.870496e-02
8 104 2 7.421811e-02
9 104 2 7.481551e-02
10 104 2 6.989249e-02
11 104 2 5.749287e-02
12 104 2 4.760403e-02
1 107 2 2.313175e-02
2 107 2 2.440357e-02
3 107 2 2.849204e-02
4 107 2 3.264874e-02
5 107 2 3.661351e-02
6 107 2 4.687409e-02
7 107 2 5.123537e-02
8 107 2 5.102806e-02
9 107 2 4.776990e-02
10 107 2 4.086009e-02
11 107 2 3.248227e-02
12 107 2 2.540236e-02
1 108 2 2.080769e-03
2 108 2 2.659225e-03
3 108 2 3.862809e-03
4 108 2 5.982647e-03
5 108 2 9.286665e-03
6 108 2 1.274624e-02
7 108 2 1.364446e-02
8 108 2 1.205883e-02
9 108 2 9.757499e-03
10 108 2 6.731999e-03
11 108 2 3.506688e-03
12 108 2 2.232349e-03
1 109 2 3.946971e-03
2 109 2 5.213374e-03
3 109 2 8.154054e-03
4 109 2 1.415067e-02
5 109 2 2.410967e-02
6 109 2 3.039146e-02
7 109 2 3.088047e-02
8 109 2 2.838782e-02
9 109 2 2.279623e-02
10 109 2 1.599530e-02
11 109 2 7.114312e-03
12 109 2 4.155917e-03
1 110 2 1.736864e-03
2 110 2 2.212432e-03
3 110 2 3.553278e-03
4 110 2 5.500337e-03
5 110 2 8.530801e-03
6 110 2 9.879077e-03
7 110 2 1.062096e-02
8 110 2 1.050405e-02
9 110 2 8.844164e-03
10 110 2 6.447955e-03
11 110 2 3.118907e-03
12 110 2 1.835822e-03
1 111 2 5.961824e-02
2 111 2 7.456504e-02
3 111 2 1.207192e-01
4 111 2 1.829600e-01
5 111 2 2.765173e-01
6 111 2 3.546275e-01
7 111 2 3.748678e-01
8 111 2 3.712921e-01
9 111 2 3.161877e-01
10 111 2 2.058229e-01
11 111 2 1.108753e-01
12 111 2 6.772466e-02
1 112 2 6.869291e-02
2 112 2 8.857111e-02
3 112 2 1.553789e-01
4 112 2 2.583861e-01
5 112 2 3.929197e-01
6 112 2 4.788190e-01
7 112 2 4.876643e-01
8 112 2 4.545535e-01
9 112 2 3.470016e-01
10 112 2 2.303651e-01
11 112 2 1.322055e-01
12 112 2 8.126540e-02
1 113 2 3.939536e-02
2 113 2 4.991025e-02
3 113 2 8.384953e-02
4 113 2 1.253893e-01
5 113 2 1.543036e-01
6 113 2 1.347298e-01
7 113 2 1.156062e-01
8 113 2 1.104133e-01
9 113 2 1.092040e-01
10 113 2 9.971364e-02
11 113 2 6.974344e-02
12 113 2 4.710541e-02
1 114 2 1.074344e-01
2 114 2 1.456864e-01
3 114 2 2.595653e-01
4 114 2 3.783642e-01
5 114 2 4.365210e-01
6 114 2 3.195580e-01
7 114 2 2.639333e-01
8 114 2 2.419268e-01
9 114 2 2.334680e-01
10 114 2 2.089581e-01
11 114 2 1.592933e-01
12 114 2 1.179944e-01
1 115 2 3.788590e-02
2 115 2 5.512059e-02
3 115 2 8.737511e-02
4 115 2 1.083091e-01
5 115 2 9.672514e-02
6 115 2 8.980612e-02
7 115 2 8.661634e-02
8 115 2 8.310224e-02
9 115 2 7.642927e-02
10 115 2 6.830126e-02
11 115 2 5.188455e-02
12 115 2 3.722326e-02
1 116 2 3.238827e-02
2 116 2 4.146094e-02
3 116 2 6.340366e-02
4 116 2 8.974556e-02
5 116 2 1.043797e-01
6 116 2 1.188621e-01
7 116 2 1.246130e-01
8 116 2 1.192823e-01
9 116 2 9.663192e-02
10 116 2 7.725506e-02
11 116 2 5.612429e-02
12 116 2 3.697227e-02
1 117 2 7.692637e-03
2 117 2 8.033036e-03
3 117 2 1.014499e-02
4 117 2 1.388718e-02
5 117 2 1.768420e-02
6 117 2 2.095186e-02
7 117 2 2.230544e-02
8 117 2 2.227619e-02
9 117 2 2.032567e-02
10 117 2 1.740000e-02
11 117 2 1.404637e-02
12 117 2 1.014691e-02
1 126 2 4.718097e-04
2 126 2 4.903979e-04
3 126 2 5.315243e-04
4 126 2 5.612573e-04
5 126 2 5.545274e-04
6 126 2 5.153710e-04
7 126 2 4.967877e-04
8 126 2 5.016413e-04
9 126 2 4.989857e-04
10 126 2 4.903332e-04
11 126 2 4.791164e-04
12 126 2 4.718623e-04
1 127 2 4.746489e-02
2 127 2 4.827277e-02
3 127 2 5.095087e-02
4 127 2 5.289783e-02
5 127 2 5.361849e-02
6 127 2 5.193630e-02
7 127 2 5.195063e-02
8 127 2 5.314281e-02
9 127 2 5.257631e-02
10 127 2 5.046916e-02
11 127 2 4.891087e-02
12 127 2 4.830545e-02
1 128 2 2.150174e-01
2 128 2 2.208209e-01
3 128 2 2.266867e-01
4 128 2 2.212848e-01
5 128 2 2.152555e-01
6 128 2 2.087895e-01
7 128 2 2.225310e-01
8 128 2 2.530187e-01
9 128 2 2.660468e-01
10 128 2 2.512938e-01
11 128 2 2.285150e-01
12 128 2 2.153066e-01
1 129 2 6.130716e-03
2 129 2 6.046540e-03
3 129 2 6.199040e-03
4 129 2 6.378813e-03
5 129 2 6.477237e-03
6 129 2 6.652462e-03
7 129 2 6.951165e-03
8 129 2 7.576759e-03
9 129 2 7.916117e-03
10 129 2 7.950992e-03
11 129 2 7.259528e-03
12 129 2 6.449206e-03
1 133 2 1.316992e-01
2 133 2 1.531198e-01
3 133 2 1.838120e-01
4 133 2 1.887263e-01
5 133 2 1.800256e-01
6 133 2 1.654678e-01
7 133 2 1.476816e-01
8 133 2 1.382870e-01
9 133 2 1.442026e-01
10 133 2 1.535813e-01
11 133 2 1.465190e-01
12 133 2 1.282042e-01
1 135 2 5.693253e-03
2 135 2 6.414303e-03
3 135 2 7.628073e-03
4 135 2 8.215080e-03
5 135 2 7.893904e-03
6 135 2 7.042170e-03
7 135 2 6.083737e-03
8 135 2 6.144622e-03
9 135 2 6.529363e-03
10 135 2 6.140486e-03
11 135 2 5.885602e-03
12 135 2 5.528719e-03
1 136 2 6.371824e-03
2 136 2 6.557896e-03
3 136 2 8.110062e-03
4 136 2 9.859367e-03
5 136 2 1.079645e-02
6 136 2 9.850481e-03
7 136 2 8.716525e-03
8 136 2 8.696532e-03
9 136 2 8.741482e-03
10 136 2 8.223094e-03
11 136 2 7.774893e-03
12 136 2 6.904201e-03
1 137 2 1.549676e-03
2 137 2 1.625770e-03
3 137 2 1.863979e-03
4 137 2 2.048239e-03
5 137 2 2.021736e-03
6 137 2 1.860200e-03
7 137 2 1.720883e-03
8 137 2 1.660480e-03
9 137 2 1.661524e-03
10 137 2 1.730924e-03
11 137 2 1.711344e-03
12 137 2 1.613644e-03
1 138 2 6.195738e-02
2 138 2 6.813201e-02
3 138 2 7.904320e-02
4 138 2 8.797017e-02
5 138 2 8.875651e-02
6 138 2 7.800805e-02
7 138 2 7.226698e-02
8 138 2 6.969255e-02
9 138 2 6.988270e-02
10 138 2 7.028991e-02
11 138 2 6.818255e-02
12 138 2 6.323361e-02
1 139 2 1.053913e-01
2 139 2 1.200212e-01
3 139 2 1.341118e-01
4 139 2 1.407599e-01
5 139 2 1.387763e-01
6 139 2 1.292384e-01
7 139 2 1.222791e-01
8 139 2 1.177138e-01
9 139 2 1.161880e-01
10 139 2 1.170900e-01
11 139 2 1.114201e-01
12 139 2 1.019903e-01
1 140 2 3.513725e-02
2 140 2 3.633322e-02
3 140 2 3.946070e-02
4 140 2 4.470832e-02
5 140 2 4.747384e-02
6 140 2 4.559871e-02
7 140 2 4.317457e-02
8 140 2 4.164150e-02
9 140 2 4.103444e-02
10 140 2 4.126123e-02
11 140 2 4.038977e-02
12 140 2 3.765559e-02
1 141 2 5.432987e-02
2 141 2 5.376772e-02
3 141 2 5.530777e-02
4 141 2 6.069981e-02
5 141 2 6.550315e-02
6 141 2 6.477192e-02
7 141 2 6.302040e-02
8 141 2 6.111063e-02
9 141 2 6.059272e-02
10 141 2 6.073517e-02
11 141 2 6.134138e-02
12 141 2 5.955769e-02
1 150 2 6.269580e-05
2 150 2 6.863041e-05
3 150 2 7.346105e-05
4 150 2 7.511993e-05
5 150 2 7.028935e-05
6 150 2 6.199205e-05
7 150 2 5.655404e-05
8 150 2 5.518838e-05
9 150 2 5.340416e-05
10 150 2 5.218913e-05
11 150 2 5.320381e-05
12 150 2 5.660733e-05
1 151 2 4.078534e-02
2 151 2 4.337996e-02
3 151 2 4.599562e-02
4 151 2 4.708018e-02
5 151 2 4.555335e-02
6 151 2 4.287981e-02
7 151 2 4.193235e-02
8 151 2 4.355127e-02
9 151 2 4.146468e-02
10 151 2 3.891032e-02
11 151 2 3.776936e-02
12 151 2 3.871161e-02
1 152 2 3.232323e-02
2 152 2 3.274106e-02
3 152 2 3.304415e-02
4 152 2 3.140048e-02
5 152 2 3.018427e-02
6 152 2 2.964519e-02
7 152 2 3.389238e-02
8 152 2 4.519141e-02
9 152 2 4.797563e-02
10 152 2 4.089007e-02
11 152 2 3.506493e-02
12 152 2 3.242786e-02
1 153 2 3.746740e-02
2 153 2 3.837623e-02
3 153 2 4.048957e-02
4 153 2 3.971493e-02
5 153 2 3.835277e-02
6 153 2 3.765473e-02
7 153 2 4.395503e-02
8 153 2 5.744131e-02
9 153 2 6.986465e-02
10 153 2 6.244464e-02
11 153 2 4.723617e-02
12 153 2 3.941219e-02
1 154 2 1.019082e-01
2 154 2 1.013553e-01
3 154 2 1.054732e-01
4 154 2 1.010629e-01
5 154 2 9.450300e-02
6 154 2 8.500655e-02
7 154 2 8.026851e-02
8 154 2 8.361826e-02
9 154 2 9.427849e-02
10 154 2 1.059522e-01
11 154 2 1.116618e-01
12 154 2 1.079716e-01
1 157 2 4.062992e-03
2 157 2 4.219011e-03
3 157 2 4.517056e-03
4 157 2 4.453423e-03
5 157 2 4.340808e-03
6 157 2 4.081105e-03
7 157 2 3.893956e-03
8 157 2 3.854706e-03
9 157 2 3.826845e-03
10 157 2 3.893571e-03
11 157 2 3.921485e-03
12 157 2 3.972661e-03
1 163 2 1.889402e-02
2 163 2 1.914717e-02
3 163 2 1.971536e-02
4 163 2 2.089841e-02
5 163 2 2.091880e-02
6 163 2 1.934026e-02
7 163 2 1.788000e-02
8 163 2 1.678967e-02
9 163 2 1.703010e-02
10 163 2 1.801719e-02
11 163 2 1.872151e-02
12 163 2 1.886820e-02
1 164 2 7.151190e-02
2 164 2 7.090045e-02
3 164 2 7.287408e-02
4 164 2 7.627375e-02
5 164 2 7.537653e-02
6 164 2 6.971748e-02
7 164 2 6.452968e-02
8 164 2 6.303361e-02
9 164 2 6.749615e-02
10 164 2 7.394502e-02
11 164 2 7.543837e-02
12 164 2 7.418215e-02
1 165 2 3.171896e-02
2 165 2 3.108682e-02
3 165 2 3.147763e-02
4 165 2 3.217388e-02
5 165 2 3.182074e-02
6 165 2 2.927958e-02
7 165 2 2.760664e-02
8 165 2 2.794293e-02
9 165 2 2.978415e-02
10 165 2 3.184570e-02
11 165 2 3.350035e-02
12 165 2 3.353982e-02
1 166 2 1.387202e-02
2 166 2 1.373354e-02
3 166 2 1.350664e-02
4 166 2 1.344327e-02
5 166 2 1.300309e-02
6 166 2 1.202569e-02
7 166 2 1.135589e-02
8 166 2 1.144062e-02
9 166 2 1.186879e-02
10 166 2 1.248510e-02
11 166 2 1.346077e-02
12 166 2 1.413899e-02
1 170 2 6.256396e-04
2 170 2 6.880796e-04
3 170 2 6.760344e-04
4 170 2 6.144792e-04
5 170 2 5.120447e-04
6 170 2 4.305401e-04
7 170 2 4.072236e-04
8 170 2 3.887674e-04
9 170 2 3.953061e-04
10 170 2 4.401705e-04
11 170 2 4.856463e-04
12 170 2 5.592517e-04
1 171 2 2.246733e-03
2 171 2 2.466267e-03
3 171 2 2.496125e-03
4 171 2 2.220761e-03
5 171 2 1.847424e-03
6 171 2 1.583155e-03
7 171 2 1.437334e-03
8 171 2 1.361920e-03
9 171 2 1.381763e-03
10 171 2 1.502972e-03
11 171 2 1.715404e-03
12 171 2 2.026584e-03
1 175 2 6.477340e-05
2 175 2 6.848057e-05
3 175 2 6.867700e-05
4 175 2 6.432419e-05
5 175 2 5.588759e-05
6 175 2 5.092776e-05
7 175 2 4.987105e-05
8 175 2 4.944999e-05
9 175 2 4.599388e-05
10 175 2 4.649331e-05
11 175 2 4.860832e-05
12 175 2 5.670188e-05
1 176 2 4.641603e-02
2 176 2 4.676403e-02
3 176 2 4.578184e-02
4 176 2 4.043531e-02
5 176 2 3.271036e-02
6 176 2 2.964172e-02
7 176 2 2.958766e-02
8 176 2 3.375559e-02
9 176 2 3.676333e-02
10 176 2 3.923543e-02
11 176 2 4.188090e-02
12 176 2 4.448779e-02
1 177 2 2.052637e-01
2 177 2 1.994602e-01
3 177 2 1.883276e-01
4 177 2 1.646800e-01
5 177 2 1.346633e-01
6 177 2 1.149911e-01
7 177 2 1.196465e-01
8 177 2 1.433585e-01
9 177 2 1.801792e-01
10 177 2 1.873795e-01
11 177 2 1.911802e-01
12 177 2 1.915708e-01
1 178 2 7.473505e-02
2 178 2 7.386159e-02
3 178 2 7.080174e-02
4 178 2 5.934324e-02
5 178 2 5.167043e-02
6 178 2 4.367301e-02
7 178 2 4.159578e-02
8 178 2 4.190191e-02
9 178 2 4.778808e-02
10 178 2 5.141861e-02
11 178 2 5.807440e-02
12 178 2 6.447479e-02
1 181 2 9.130527e-04
2 181 2 9.643853e-04
3 181 2 9.776657e-04
4 181 2 9.347793e-04
5 181 2 7.709015e-04
6 181 2 6.665960e-04
7 181 2 5.894082e-04
8 181 2 6.032112e-04
9 181 2 6.535181e-04
10 181 2 7.076381e-04
11 181 2 8.014094e-04
12 181 2 8.532692e-04
1 182 2 1.089787e-01
2 182 2 1.007299e-01
3 182 2 9.498382e-02
4 182 2 7.934354e-02
5 182 2 6.213306e-02
6 182 2 4.647181e-02
7 182 2 4.607670e-02
8 182 2 6.402928e-02
9 182 2 8.884751e-02
10 182 2 1.089683e-01
11 182 2 1.204324e-01
12 182 2 1.155973e-01
1 183 2 2.315884e-02
2 183 2 2.224795e-02
3 183 2 2.123984e-02
4 183 2 1.925873e-02
5 183 2 1.620397e-02
6 183 2 1.315144e-02
7 183 2 1.223603e-02
8 183 2 1.452982e-02
9 183 2 1.689422e-02
10 183 2 1.998585e-02
11 183 2 2.175852e-02
12 183 2 2.238004e-02
1 184 2 7.233084e-03
2 184 2 7.328978e-03
3 184 2 7.098000e-03
4 184 2 6.387741e-03
5 184 2 5.310430e-03
6 184 2 4.291828e-03
7 184 2 3.870150e-03
8 184 2 4.041993e-03
9 184 2 4.281816e-03
10 184 2 4.917127e-03
11 184 2 5.753369e-03
12 184 2 6.557568e-03
1 188 2 4.402172e-03
2 188 2 4.363790e-03
3 188 2 4.044842e-03
4 188 2 3.302890e-03
5 188 2 2.334350e-03
6 188 2 1.775589e-03
7 188 2 1.527880e-03
8 188 2 1.554201e-03
9 188 2 2.105157e-03
10 188 2 2.766472e-03
11 188 2 3.294594e-03
12 188 2 4.109245e-03
1 189 2 3.836546e-03
2 189 2 3.545743e-03
3 189 2 3.216304e-03
4 189 2 2.377327e-03
5 189 2 1.574003e-03
6 189 2 1.113076e-03
7 189 2 1.058297e-03
8 189 2 1.299939e-03
9 189 2 2.091180e-03
10 189 2 2.977534e-03
11 189 2 3.621675e-03
12 189 2 3.784632e-03
1 190 2 1.570530e-02
2 190 2 1.488106e-02
3 190 2 1.291680e-02
4 190 2 9.148696e-03
5 190 2 6.383044e-03
6 190 2 4.630534e-03
7 190 2 4.350906e-03
8 190 2 5.245005e-03
9 190 2 7.367195e-03
10 190 2 1.004327e-02
11 190 2 1.315989e-02
12 190 2 1.476515e-02
1 191 2 1.064343e-02
2 191 2 1.102941e-02
3 191 2 1.072063e-02
4 191 2 8.856448e-03
5 191 2 7.282823e-03
6 191 2 5.982712e-03
7 191 2 5.259811e-03
8 191 2 5.341795e-03
9 191 2 5.828007e-03
10 191 2 6.541339e-03
11 191 2 8.045161e-03
12 191 2 9.465058e-03
1 192 2 4.317280e-03
2 192 2 4.665779e-03
3 192 2 4.545910e-03
4 192 2 3.936077e-03
5 192 2 3.326579e-03
6 192 2 2.832448e-03
7 192 2 2.489158e-03
8 192 2 2.313013e-03
9 192 2 2.381585e-03
10 192 2 2.615253e-03
11 192 2 3.121936e-03
12 192 2 3.748763e-03
1 200 2 2.012389e-01
2 200 2 2.070247e-01
3 200 2 1.693008e-01
4 200 2 1.119199e-01
5 200 2 7.325719e-02
6 200 2 5.966121e-02
7 200 2 5.668124e-02
8 200 2 6.112590e-02
9 200 2 6.770775e-02
10 200 2 8.656766e-02
11 200 2 1.202985e-01
12 200 2 1.657469e-01
1 201 2 1.376421e-01
2 201 2 1.420182e-01
3 201 2 1.300092e-01
4 201 2 1.000718e-01
5 201 2 7.541366e-02
6 201 2 6.239180e-02
7 201 2 5.896375e-02
8 201 2 6.099264e-02
9 201 2 6.036445e-02
10 201 2 7.182588e-02
11 201 2 9.155870e-02
12 201 2 1.140335e-01
1 206 2 7.240618e-02
2 206 2 7.820811e-02
3 206 2 7.075741e-02
4 206 2 6.038053e-02
5 206 2 4.993438e-02
6 206 2 4.353856e-02
7 206 2 3.734281e-02
8 206 2 3.666591e-02
9 206 2 3.969046e-02
10 206 2 4.492736e-02
11 206 2 5.266523e-02
12 206 2 6.204511e-02
1 207 2 2.747471e-03
2 207 2 2.999894e-03
3 207 2 2.845035e-03
4 207 2 2.579738e-03
5 207 2 2.287847e-03
6 207 2 1.962276e-03
7 207 2 1.729571e-03
8 207 2 1.703186e-03
9 207 2 1.718406e-03
10 207 2 1.892763e-03
11 207 2 2.039837e-03
12 207 2 2.333447e-03
1 212 2 6.190679e-03
2 212 2 6.608167e-03
3 212 2 5.865395e-03
4 212 2 4.930983e-03
5 212 2 3.843311e-03
6 212 2 3.101872e-03
7 212 2 2.574729e-03
8 212 2 2.488452e-03
9 212 2 2.826201e-03
10 212 2 3.334785e-03
11 212 2 3.955636e-03
12 212 2 5.230106e-03
1 213 2 1.348041e-03
2 213 2 1.473308e-03
3 213 2 1.248570e-03
4 213 2 1.056558e-03
5 213 2 8.152755e-04
6 213 2 6.284627e-04
7 213 2 5.333807e-04
8 213 2 5.207088e-04
9 213 2 6.272158e-04
10 213 2 7.729711e-04
11 213 2 9.491988e-04
12 213 2 1.161551e-03
1 214 2 4.794970e-02
2 214 2 5.083269e-02
3 214 2 4.084091e-02
4 214 2 3.033397e-02
5 214 2 2.242237e-02
6 214 2 1.652426e-02
7 214 2 1.431026e-02
8 214 2 1.475280e-02
9 214 2 1.862226e-02
10 214 2 2.496609e-02
11 214 2 3.417628e-02
12 214 2 4.144988e-02
1 215 2 1.775658e-02
2 215 2 1.826500e-02
3 215 2 1.702932e-02
4 215 2 1.357165e-02
5 215 2 1.102364e-02
6 215 2 8.857265e-03
7 215 2 7.653904e-03
8 215 2 7.672724e-03
9 215 2 8.628494e-03
10 215 2 1.026514e-02
11 215 2 1.292522e-02
12 215 2 1.561438e-02
1 216 2 7.911040e-03
2 216 2 8.259707e-03
3 216 2 7.745569e-03
4 216 2 6.296698e-03
5 216 2 5.042034e-03
6 216 2 4.337500e-03
7 216 2 3.811532e-03
8 216 2 3.644531e-03
9 216 2 3.781847e-03
10 216 2 4.298424e-03
11 216 2 5.170276e-03
12 216 2 6.644739e-03
1 224 2 5.883861e-03
2 224 2 6.432453e-03
3 224 2 5.613100e-03
4 224 2 4.833721e-03
5 224 2 3.903320e-03
6 224 2 3.317065e-03
7 224 2 3.013522e-03
8 224 2 3.147589e-03
9 224 2 3.236936e-03
10 224 2 3.817811e-03
11 224 2 4.559220e-03
12 224 2 5.439509e-03
1 240 2 4.887129e-04
2 240 2 4.984841e-04
3 240 2 4.558515e-04
4 240 2 4.025883e-04
5 240 2 3.499011e-04
6 240 2 3.018019e-04
7 240 2 2.956796e-04
8 240 2 3.048285e-04
9 240 2 2.967323e-04
10 240 2 3.195497e-04
11 240 2 3.511066e-04
12 240 2 4.351355e-04
