1 7 2 2.820937e-07
2 7 2 2.409895e-07
3 7 2 2.635570e-07
4 7 2 6.811867e-07
5 7 2 2.343770e-06
6 7 2 6.312654e-06
7 7 2 8.541206e-06
8 7 2 5.823475e-06
9 7 2 2.518457e-06
10 7 2 1.104085e-06
11 7 2 5.849591e-07
12 7 2 3.450878e-07
1 25 2 2.566497e-04
2 25 2 2.436879e-04
3 25 2 3.433159e-04
4 25 2 6.264753e-04
5 25 2 1.752576e-03
6 25 2 3.178074e-03
7 25 2 3.852756e-03
8 25 2 2.954383e-03
9 25 2 1.669383e-03
10 25 2 7.812106e-04
11 25 2 3.724903e-04
12 25 2 2.157079e-04
1 26 2 1.767181e-04
2 26 2 1.454406e-04
3 26 2 2.404980e-04
4 26 2 5.368113e-04
5 26 2 1.512115e-03
6 26 2 2.888097e-03
7 26 2 3.133576e-03
8 26 2 2.344552e-03
9 26 2 1.282346e-03
10 26 2 5.161945e-04
11 26 2 2.696905e-04
12 26 2 1.667360e-04
1 27 2 7.736541e-04
2 27 2 6.830672e-04
3 27 2 1.197413e-03
4 27 2 3.049664e-03
5 27 2 8.588082e-03
6 27 2 1.775261e-02
7 27 2 2.002194e-02
8 27 2 1.506999e-02
9 27 2 7.787636e-03
10 27 2 2.924445e-03
11 27 2 1.549852e-03
12 27 2 9.586898e-04
1 28 2 2.931924e-05
2 28 2 2.668130e-05
3 28 2 4.487331e-05
4 28 2 1.219764e-04
5 28 2 3.483172e-04
6 28 2 7.457414e-04
7 28 2 8.890971e-04
8 28 2 6.699446e-04
9 28 2 3.446337e-04
10 28 2 1.342181e-04
11 28 2 6.700363e-05
12 28 2 4.177304e-05
1 29 2 3.930453e-05
2 29 2 3.718221e-05
3 29 2 5.923310e-05
4 29 2 1.781041e-04
5 29 2 5.326095e-04
6 29 2 1.310800e-03
7 29 2 1.785612e-03
8 29 2 1.328508e-03
9 29 2 6.101170e-04
10 29 2 2.261321e-04
11 29 2 1.068935e-04
12 29 2 6.672762e-05
1 30 2 8.910555e-06
2 30 2 7.792836e-06
3 30 2 1.238554e-05
4 30 2 3.790865e-05
5 30 2 1.050129e-04
6 30 2 2.855941e-04
7 30 2 4.139550e-04
8 30 2 3.170095e-04
9 30 2 1.434359e-04
10 30 2 5.614339e-05
11 30 2 2.589740e-05
12 30 2 1.550991e-05
1 31 2 1.590990e-05
2 31 2 1.225992e-05
3 31 2 1.862430e-05
4 31 2 5.183761e-05
5 31 2 1.338699e-04
6 31 2 3.524726e-04
7 31 2 4.970646e-04
8 31 2 4.012182e-04
9 31 2 2.007160e-04
10 31 2 9.191805e-05
11 31 2 4.413189e-05
12 31 2 2.459234e-05
1 32 2 1.880630e-05
2 32 2 1.556800e-05
3 32 2 2.176137e-05
4 32 2 4.835464e-05
5 32 2 1.291487e-04
6 32 2 3.059279e-04
7 32 2 3.946834e-04
8 32 2 3.260262e-04
9 32 2 1.820568e-04
10 32 2 9.385209e-05
11 32 2 4.849892e-05
12 32 2 2.515204e-05
1 35 2 1.425929e-03
2 35 2 1.358696e-03
3 35 2 1.475945e-03
4 35 2 1.966831e-03
5 35 2 3.083269e-03
6 35 2 4.708825e-03
7 35 2 5.666163e-03
8 35 2 5.203038e-03
9 35 2 3.536186e-03
10 35 2 2.556657e-03
11 35 2 1.936532e-03
12 35 2 1.573256e-03
1 36 2 1.708966e-04
2 36 2 1.604386e-04
3 36 2 1.778134e-04
4 36 2 2.135695e-04
5 36 2 2.920918e-04
6 36 2 4.213665e-04
7 36 2 4.962507e-04
8 36 2 5.055440e-04
9 36 2 3.858968e-04
10 36 2 3.023346e-04
11 36 2 2.314026e-04
12 36 2 1.917367e-04
1 37 2 3.793166e-03
2 37 2 3.671258e-03
3 37 2 4.625956e-03
4 37 2 5.948358e-03
5 37 2 8.992781e-03
6 37 2 1.363950e-02
7 37 2 1.586344e-02
8 37 2 1.559414e-02
9 37 2 1.147584e-02
10 37 2 8.604870e-03
11 37 2 6.064809e-03
12 37 2 4.646161e-03
1 38 2 1.691711e-02
2 38 2 1.690194e-02
3 38 2 2.574788e-02
4 38 2 3.817547e-02
5 38 2 6.969852e-02
6 38 2 1.236747e-01
7 38 2 1.466115e-01
8 38 2 1.271548e-01
9 38 2 8.213231e-02
10 38 2 5.613735e-02
11 38 2 3.207799e-02
12 38 2 2.314872e-02
1 39 2 2.913874e-02
2 39 2 3.035670e-02
3 39 2 4.917158e-02
4 39 2 7.592502e-02
5 39 2 1.473197e-01
6 39 2 2.848061e-01
7 39 2 3.536495e-01
8 39 2 2.863209e-01
9 39 2 1.804715e-01
10 39 2 1.139656e-01
11 39 2 5.768694e-02
12 39 2 4.210729e-02
1 40 2 7.245803e-03
2 40 2 7.949902e-03
3 40 2 1.417854e-02
4 40 2 2.384233e-02
5 40 2 5.212054e-02
6 40 2 1.183366e-01
7 40 2 1.480573e-01
8 40 2 1.086111e-01
9 40 2 6.690336e-02
10 40 2 3.604816e-02
11 40 2 1.544199e-02
12 40 2 1.150380e-02
1 41 2 3.856505e-03
2 41 2 4.122796e-03
3 41 2 8.261946e-03
4 41 2 1.471511e-02
5 41 2 3.690765e-02
6 41 2 9.365696e-02
7 41 2 1.210929e-01
8 41 2 8.493399e-02
9 41 2 4.746505e-02
10 41 2 2.057179e-02
11 41 2 7.903131e-03
12 41 2 6.587158e-03
1 42 2 2.088252e-03
2 42 2 2.184353e-03
3 42 2 4.710527e-03
4 42 2 9.292419e-03
5 42 2 2.641679e-02
6 42 2 7.327225e-02
7 42 2 1.025726e-01
8 42 2 6.849957e-02
9 42 2 3.243813e-02
10 42 2 1.160926e-02
11 42 2 4.328154e-03
12 42 2 3.550621e-03
1 43 2 5.856563e-05
2 43 2 6.072500e-05
3 43 2 1.432795e-04
4 43 2 3.496063e-04
5 43 2 1.170196e-03
6 43 2 3.451091e-03
7 43 2 5.045017e-03
8 43 2 3.166912e-03
9 43 2 1.295009e-03
10 43 2 3.976008e-04
11 43 2 1.355904e-04
12 43 2 9.500922e-05
1 44 2 2.417011e-04
2 44 2 2.428551e-04
3 44 2 5.282473e-04
4 44 2 1.428103e-03
5 44 2 5.335350e-03
6 44 2 1.681346e-02
7 44 2 2.457379e-02
8 44 2 1.481784e-02
9 44 2 5.341610e-03
10 44 2 1.582611e-03
11 44 2 5.194174e-04
12 44 2 3.511845e-04
1 45 2 5.562677e-04
2 45 2 6.234135e-04
3 45 2 1.135967e-03
4 45 2 3.350059e-03
5 45 2 1.402939e-02
6 45 2 4.655098e-02
7 45 2 6.512422e-02
8 45 2 3.965406e-02
9 45 2 1.363614e-02
10 45 2 3.481591e-03
11 45 2 1.009163e-03
12 45 2 6.595394e-04
1 46 2 2.522234e-04
2 46 2 3.173033e-04
3 46 2 4.987767e-04
4 46 2 1.385052e-03
5 46 2 5.439043e-03
6 46 2 1.687131e-02
7 46 2 2.360176e-02
8 46 2 1.478914e-02
9 46 2 5.555222e-03
10 46 2 1.346520e-03
11 46 2 3.702114e-04
12 46 2 2.640125e-04
1 47 2 3.311120e-04
2 47 2 4.213856e-04
3 47 2 5.937982e-04
4 47 2 1.330421e-03
5 47 2 4.534740e-03
6 47 2 1.249320e-02
7 47 2 1.694345e-02
8 47 2 1.148887e-02
9 47 2 4.867037e-03
10 47 2 1.501181e-03
11 47 2 4.428876e-04
12 47 2 3.366534e-04
1 48 2 4.485306e-04
2 48 2 5.152441e-04
3 48 2 7.086894e-04
4 48 2 1.383921e-03
5 48 2 4.294572e-03
6 48 2 9.878252e-03
7 48 2 1.312728e-02
8 48 2 9.235793e-03
9 48 2 4.396610e-03
10 48 2 1.639212e-03
11 48 2 5.900957e-04
12 48 2 3.913156e-04
1 49 2 9.193176e-05
2 49 2 8.364979e-05
3 49 2 9.488340e-05
4 49 2 1.110526e-04
5 49 2 1.588289e-04
6 49 2 2.416490e-04
7 49 2 3.603796e-04
8 49 2 3.388864e-04
9 49 2 2.363694e-04
10 49 2 1.691450e-04
11 49 2 1.234896e-04
12 49 2 9.008542e-05
1 50 2 3.747138e-04
2 50 2 3.234526e-04
3 50 2 3.791365e-04
4 50 2 4.321763e-04
5 50 2 6.082580e-04
6 50 2 8.926102e-04
7 50 2 1.231933e-03
8 50 2 1.184705e-03
9 50 2 8.578339e-04
10 50 2 6.115000e-04
11 50 2 4.578183e-04
12 50 2 3.604820e-04
1 51 2 1.440129e-04
2 51 2 1.314344e-04
3 51 2 1.428180e-04
4 51 2 1.648592e-04
5 51 2 2.247072e-04
6 51 2 3.151340e-04
7 51 2 4.106656e-04
8 51 2 4.072556e-04
9 51 2 3.383697e-04
10 51 2 2.380006e-04
11 51 2 1.783727e-04
12 51 2 1.494818e-04
1 52 2 5.334901e-02
2 52 2 5.607438e-02
3 52 2 7.044217e-02
4 52 2 1.026951e-01
5 52 2 1.736709e-01
6 52 2 2.390101e-01
7 52 2 3.065748e-01
8 52 2 2.867524e-01
9 52 2 2.314772e-01
10 52 2 1.322348e-01
11 52 2 7.959243e-02
12 52 2 6.137789e-02
1 53 2 1.411509e-02
2 53 2 1.770928e-02
3 53 2 3.000325e-02
4 53 2 6.548813e-02
5 53 2 1.247094e-01
6 53 2 1.862229e-01
7 53 2 2.584995e-01
8 53 2 2.202717e-01
9 53 2 1.490816e-01
10 53 2 6.575124e-02
11 53 2 2.932683e-02
12 53 2 1.857974e-02
1 54 2 7.444175e-03
2 54 2 9.657000e-03
3 54 2 1.805898e-02
4 54 2 4.487479e-02
5 54 2 8.838935e-02
6 54 2 1.707279e-01
7 54 2 2.425271e-01
8 54 2 2.033652e-01
9 54 2 1.233378e-01
10 54 2 5.245524e-02
11 54 2 2.248471e-02
12 54 2 1.240301e-02
1 55 2 4.939031e-03
2 55 2 5.508337e-03
3 55 2 1.027565e-02
4 55 2 2.406095e-02
5 55 2 4.774669e-02
6 55 2 1.019678e-01
7 55 2 1.417429e-01
8 55 2 1.222409e-01
9 55 2 7.751729e-02
10 55 2 3.716830e-02
11 55 2 1.738963e-02
12 55 2 9.957350e-03
1 56 2 1.733677e-02
2 56 2 1.799178e-02
3 56 2 3.116224e-02
4 56 2 6.948735e-02
5 56 2 1.518901e-01
6 56 2 2.994087e-01
7 56 2 4.139588e-01
8 56 2 3.435648e-01
9 56 2 2.245621e-01
10 56 2 1.157025e-01
11 56 2 5.216300e-02
12 56 2 2.991598e-02
1 57 2 3.504230e-03
2 57 2 3.343383e-03
3 57 2 4.112171e-03
4 57 2 6.241632e-03
5 57 2 1.044323e-02
6 57 2 1.699243e-02
7 57 2 2.419742e-02
8 57 2 2.180779e-02
9 57 2 1.622501e-02
10 57 2 1.042210e-02
11 57 2 6.373169e-03
12 57 2 4.580109e-03
1 60 2 4.282913e-01
2 60 2 4.147614e-01
3 60 2 4.756490e-01
4 60 2 5.641127e-01
5 60 2 6.955062e-01
6 60 2 9.152814e-01
7 60 2 1.065571e+00
8 60 2 1.066019e+00
9 60 2 9.046702e-01
10 60 2 7.385114e-01
11 60 2 5.906364e-01
12 60 2 4.895771e-01
1 61 2 9.755665e-01
2 61 2 9.814345e-01
3 61 2 1.380371e+00
4 61 2 2.079130e+00
5 61 2 3.032816e+00
6 61 2 4.272747e+00
7 61 2 5.056383e+00
8 61 2 4.864659e+00
9 61 2 3.779967e+00
10 61 2 2.571157e+00
11 61 2 1.677322e+00
12 61 2 1.176459e+00
1 62 2 3.490975e-01
2 62 2 3.823439e-01
3 62 2 6.018792e-01
4 62 2 1.089585e+00
5 62 2 1.868873e+00
6 62 2 2.651146e+00
7 62 2 3.241815e+00
8 62 2 3.026117e+00
9 62 2 2.108666e+00
10 62 2 1.257479e+00
11 62 2 6.828670e-01
12 62 2 4.443903e-01
1 63 2 4.471807e-01
2 63 2 5.428583e-01
3 63 2 9.083445e-01
4 63 2 1.910478e+00
5 63 2 3.666522e+00
6 63 2 5.450870e+00
7 63 2 6.970345e+00
8 63 2 6.065566e+00
9 63 2 3.704658e+00
10 63 2 2.023153e+00
11 63 2 9.345095e-01
12 63 2 6.117694e-01
1 64 2 1.069534e-01
2 64 2 1.370184e-01
3 64 2 2.609161e-01
4 64 2 6.180231e-01
5 64 2 1.323611e+00
6 64 2 2.120122e+00
7 64 2 2.687300e+00
8 64 2 2.100869e+00
9 64 2 1.202926e+00
10 64 2 5.317871e-01
11 64 2 2.430006e-01
12 64 2 1.662993e-01
1 65 2 3.617132e-02
2 65 2 4.485267e-02
3 65 2 9.826377e-02
4 65 2 2.771073e-01
5 65 2 5.810057e-01
6 65 2 9.874409e-01
7 65 2 1.279864e+00
8 65 2 9.552208e-01
9 65 2 5.417711e-01
10 65 2 1.922509e-01
11 65 2 8.463260e-02
12 65 2 6.133313e-02
1 66 2 2.395434e-02
2 66 2 2.961503e-02
3 66 2 7.040341e-02
4 66 2 2.309702e-01
5 66 2 4.802531e-01
6 66 2 8.258169e-01
7 66 2 1.138939e+00
8 66 2 8.610392e-01
9 66 2 4.870759e-01
10 66 2 1.613738e-01
11 66 2 6.184086e-02
12 66 2 3.835868e-02
1 67 2 8.159745e-03
2 67 2 1.088064e-02
3 67 2 2.766954e-02
4 67 2 1.022137e-01
5 67 2 2.319169e-01
6 67 2 3.955360e-01
7 67 2 5.530030e-01
8 67 2 4.255811e-01
9 67 2 2.327633e-01
10 67 2 8.559791e-02
11 67 2 2.706670e-02
12 67 2 1.218258e-02
1 68 2 2.011261e-03
2 68 2 2.700583e-03
3 68 2 8.020580e-03
4 68 2 3.686682e-02
5 68 2 1.004668e-01
6 68 2 1.925255e-01
7 68 2 2.760451e-01
8 68 2 2.053041e-01
9 68 2 9.852745e-02
10 68 2 3.619780e-02
11 68 2 8.254381e-03
12 68 2 2.872238e-03
1 69 2 1.229303e-03
2 69 2 1.742923e-03
3 69 2 4.168082e-03
4 69 2 1.827729e-02
5 69 2 5.860698e-02
6 69 2 1.387000e-01
7 69 2 2.031944e-01
8 69 2 1.564186e-01
9 69 2 6.719639e-02
10 69 2 2.184967e-02
11 69 2 4.233678e-03
12 69 2 1.592138e-03
1 70 2 5.051515e-03
2 70 2 5.904255e-03
3 70 2 8.460626e-03
4 70 2 2.207334e-02
5 70 2 5.535291e-02
6 70 2 1.344126e-01
7 70 2 2.175714e-01
8 70 2 1.982954e-01
9 70 2 1.023865e-01
10 70 2 3.649556e-02
11 70 2 1.109977e-02
12 70 2 6.248368e-03
1 71 2 4.199294e-03
2 71 2 4.261301e-03
3 71 2 4.821986e-03
4 71 2 7.737830e-03
5 71 2 1.498530e-02
6 71 2 3.126075e-02
7 71 2 4.797544e-02
8 71 2 4.769961e-02
9 71 2 3.060362e-02
10 71 2 1.457610e-02
11 71 2 6.963372e-03
12 71 2 4.836298e-03
1 72 2 1.766261e-05
2 72 2 1.686933e-05
3 72 2 1.827617e-05
4 72 2 2.330229e-05
5 72 2 3.625664e-05
6 72 2 6.308777e-05
7 72 2 9.771572e-05
8 72 2 9.397961e-05
9 72 2 6.575128e-05
10 72 2 3.986785e-05
11 72 2 2.456409e-05
12 72 2 1.754199e-05
1 76 2 1.309802e-01
2 76 2 1.198334e-01
3 76 2 1.210395e-01
4 76 2 1.316622e-01
5 76 2 1.789969e-01
6 76 2 2.552382e-01
7 76 2 3.422603e-01
8 76 2 3.652545e-01
9 76 2 3.480165e-01
10 76 2 2.324055e-01
11 76 2 1.500275e-01
12 76 2 1.312121e-01
1 77 2 1.276836e-01
2 77 2 1.657962e-01
3 77 2 2.171831e-01
4 77 2 3.510156e-01
5 77 2 5.893693e-01
6 77 2 9.099248e-01
7 77 2 1.236342e+00
8 77 2 1.173489e+00
9 77 2 8.692711e-01
10 77 2 4.391660e-01
11 77 2 1.927074e-01
12 77 2 1.214625e-01
1 78 2 1.459806e-01
2 78 2 1.994618e-01
3 78 2 2.777626e-01
4 78 2 4.981964e-01
5 78 2 7.790352e-01
6 78 2 1.236838e+00
7 78 2 1.526739e+00
8 78 2 1.429606e+00
9 78 2 9.269410e-01
10 78 2 4.915749e-01
11 78 2 2.654611e-01
12 78 2 1.532597e-01
1 79 2 4.700307e-01
2 79 2 5.767355e-01
3 79 2 8.468141e-01
4 79 2 1.404582e+00
5 79 2 2.133949e+00
6 79 2 3.486170e+00
7 79 2 4.271865e+00
8 79 2 4.046835e+00
9 79 2 2.794364e+00
10 79 2 1.686805e+00
11 79 2 9.610543e-01
12 79 2 5.887242e-01
1 80 2 2.294327e-01
2 80 2 2.298807e-01
3 80 2 2.888595e-01
4 80 2 3.905712e-01
5 80 2 5.825022e-01
6 80 2 8.862561e-01
7 80 2 1.141189e+00
8 80 2 1.129758e+00
9 80 2 9.376789e-01
10 80 2 6.574108e-01
11 80 2 3.835073e-01
12 80 2 2.834757e-01
1 81 2 5.298434e-08
2 81 2 4.801658e-08
3 81 2 5.057450e-08
4 81 2 5.996896e-08
5 81 2 8.635476e-08
6 81 2 1.163606e-07
7 81 2 1.552631e-07
8 81 2 1.665939e-07
9 81 2 1.514858e-07
10 81 2 1.162341e-07
11 81 2 7.683514e-08
12 81 2 6.290464e-08
1 84 2 3.906463e-01
2 84 2 4.130114e-01
3 84 2 5.108125e-01
4 84 2 6.455073e-01
5 84 2 8.654305e-01
6 84 2 1.418071e+00
7 84 2 1.899255e+00
8 84 2 1.819958e+00
9 84 2 1.365600e+00
10 84 2 8.618304e-01
11 84 2 5.789578e-01
12 84 2 4.422612e-01
1 85 2 3.348385e-01
2 85 2 3.770546e-01
3 85 2 4.902318e-01
4 85 2 7.122611e-01
5 85 2 1.140175e+00
6 85 2 1.741796e+00
7 85 2 2.409936e+00
8 85 2 2.292593e+00
9 85 2 1.650823e+00
10 85 2 9.106036e-01
11 85 2 5.135421e-01
12 85 2 3.726266e-01
1 86 2 1.060877e-01
2 86 2 1.201135e-01
3 86 2 1.534962e-01
4 86 2 2.229571e-01
5 86 2 3.583361e-01
6 86 2 5.199378e-01
7 86 2 7.142565e-01
8 86 2 7.165930e-01
9 86 2 5.304153e-01
10 86 2 3.075820e-01
11 86 2 1.694313e-01
12 86 2 1.210914e-01
1 87 2 1.301627e-01
2 87 2 1.760952e-01
3 87 2 2.514317e-01
4 87 2 3.974561e-01
5 87 2 6.972839e-01
6 87 2 1.048106e+00
7 87 2 1.420908e+00
8 87 2 1.447857e+00
9 87 2 1.049703e+00
10 87 2 5.910108e-01
11 87 2 2.596746e-01
12 87 2 1.578427e-01
1 88 2 5.839262e-02
2 88 2 8.292222e-02
3 88 2 1.300343e-01
4 88 2 2.467262e-01
5 88 2 5.063547e-01
6 88 2 7.958506e-01
7 88 2 1.019197e+00
8 88 2 8.939158e-01
9 88 2 5.776486e-01
10 88 2 2.729860e-01
11 88 2 1.399514e-01
12 88 2 7.773790e-02
1 89 2 7.299025e-02
2 89 2 1.015565e-01
3 89 2 1.927510e-01
4 89 2 3.625318e-01
5 89 2 7.234738e-01
6 89 2 1.080786e+00
7 89 2 1.260806e+00
8 89 2 1.104166e+00
9 89 2 7.205846e-01
10 89 2 3.429049e-01
11 89 2 1.886834e-01
12 89 2 1.044371e-01
1 90 2 1.442897e-02
2 90 2 1.901691e-02
3 90 2 3.773702e-02
4 90 2 6.772992e-02
5 90 2 1.039953e-01
6 90 2 1.376553e-01
7 90 2 1.545954e-01
8 90 2 1.430435e-01
9 90 2 1.042440e-01
10 90 2 6.217711e-02
11 90 2 3.428156e-02
12 90 2 1.951574e-02
1 91 2 4.755747e-04
2 91 2 6.729172e-04
3 91 2 1.405873e-03
4 91 2 2.656658e-03
5 91 2 3.920813e-03
6 91 2 4.983718e-03
7 91 2 5.595990e-03
8 91 2 5.132060e-03
9 91 2 3.690057e-03
10 91 2 2.284154e-03
11 91 2 1.183830e-03
12 91 2 6.077268e-04
1 92 2 2.694629e-03
2 92 2 3.849114e-03
3 92 2 9.648758e-03
4 92 2 2.301970e-02
5 92 2 4.341181e-02
6 92 2 6.652218e-02
7 92 2 7.985091e-02
8 92 2 7.267713e-02
9 92 2 4.546752e-02
10 92 2 2.416453e-02
11 92 2 9.477343e-03
12 92 2 4.068391e-03
1 93 2 5.359523e-02
2 93 2 6.466743e-02
3 93 2 1.329597e-01
4 93 2 3.098773e-01
5 93 2 5.528037e-01
6 93 2 8.772606e-01
7 93 2 1.176799e+00
8 93 2 1.156894e+00
9 93 2 7.781326e-01
10 93 2 4.481098e-01
11 93 2 1.919050e-01
12 93 2 7.993229e-02
1 94 2 1.078824e-01
2 94 2 1.073386e-01
3 94 2 1.433229e-01
4 94 2 2.539947e-01
5 94 2 4.335534e-01
6 94 2 6.826830e-01
7 94 2 9.431238e-01
8 94 2 1.027796e+00
9 94 2 8.466112e-01
10 94 2 5.110130e-01
11 94 2 2.742733e-01
12 94 2 1.498564e-01
1 98 2 1.656439e-02
2 98 2 1.541925e-02
3 98 2 1.451961e-02
4 98 2 1.545920e-02
5 98 2 1.754514e-02
6 98 2 2.007682e-02
7 98 2 2.258230e-02
8 98 2 2.380065e-02
9 98 2 2.348591e-02
10 98 2 2.220046e-02
11 98 2 1.996915e-02
12 98 2 1.817214e-02
1 101 2 2.332058e-02
2 101 2 2.396269e-02
3 101 2 2.455555e-02
4 101 2 3.028072e-02
5 101 2 3.894160e-02
6 101 2 4.546838e-02
7 101 2 4.853490e-02
8 101 2 4.863367e-02
9 101 2 4.675479e-02
10 101 2 4.008744e-02
11 101 2 3.082614e-02
12 101 2 2.472477e-02
1 102 2 2.000083e-01
2 102 2 2.260818e-01
3 102 2 2.778587e-01
4 102 2 3.475454e-01
5 102 2 4.021923e-01
6 102 2 4.390650e-01
7 102 2 4.514288e-01
8 102 2 4.571330e-01
9 102 2 4.120045e-01
10 102 2 3.174087e-01
11 102 2 2.547602e-01
12 102 2 2.088076e-01
1 103 2 1.693321e-01
2 103 2 1.728048e-01
3 103 2 1.883356e-01
4 103 2 2.128121e-01
5 103 2 2.478366e-01
6 103 2 2.836173e-01
7 103 2 3.068379e-01
8 103 2 3.220195e-01
9 103 2 3.158346e-01
10 103 2 2.760120e-01
11 103 2 2.270632e-01
12 103 2 1.887955e-01
1 104 2 3.919806e-02
2 104 2 3.761347e-02
3 104 2 3.802216e-02
4 104 2 4.168581e-02
5 104 2 4.874369e-02
6 104 2 5.593575e-02
7 104 2 6.277812e-02
8 104 2 6.781567e-02
9 104 2 6.836154e-02
10 104 2 6.386321e-02
11 104 2 5.253324e-02
12 104 2 4.349746e-02
1 107 2 2.073207e-02
2 107 2 2.187196e-02
3 107 2 2.553629e-02
4 107 2 2.926178e-02
5 107 2 3.281525e-02
6 107 2 4.201140e-02
7 107 2 4.592024e-02
8 107 2 4.573444e-02
9 107 2 4.281428e-02
10 107 2 3.662129e-02
11 107 2 2.911258e-02
12 107 2 2.276714e-02
1 108 2 1.898557e-03
2 108 2 2.426359e-03
3 108 2 3.524546e-03
4 108 2 5.458751e-03
5 108 2 8.473439e-03
6 108 2 1.163006e-02
7 108 2 1.244963e-02
8 108 2 1.100285e-02
9 108 2 8.903043e-03
10 108 2 6.142483e-03
11 108 2 3.199610e-03
12 108 2 2.036864e-03
1 109 2 3.604271e-03
2 109 2 4.760716e-03
3 109 2 7.446068e-03
4 109 2 1.292202e-02
5 109 2 2.201632e-02
6 109 2 2.775268e-02
7 109 2 2.819923e-02
8 109 2 2.592301e-02
9 109 2 2.081692e-02
10 109 2 1.460649e-02
11 109 2 6.496603e-03
12 109 2 3.795074e-03
1 110 2 1.588360e-03
2 110 2 2.023266e-03
3 110 2 3.249468e-03
4 110 2 5.030051e-03
5 110 2 7.801406e-03
6 110 2 9.034403e-03
7 110 2 9.712855e-03
8 110 2 9.605938e-03
9 110 2 8.087976e-03
10 110 2 5.896647e-03
11 110 2 2.852236e-03
12 110 2 1.678857e-03
1 111 2 5.453085e-02
2 111 2 6.820219e-02
3 111 2 1.104179e-01
4 111 2 1.673475e-01
5 111 2 2.529212e-01
6 111 2 3.243661e-01
7 111 2 3.428792e-01
8 111 2 3.396087e-01
9 111 2 2.892065e-01
10 111 2 1.882594e-01
11 111 2 1.014140e-01
12 111 2 6.194552e-02
1 112 2 6.274431e-02
2 112 2 8.090112e-02
3 112 2 1.419236e-01
4 112 2 2.360107e-01
5 112 2 3.588940e-01
6 112 2 4.373547e-01
7 112 2 4.454340e-01
8 112 2 4.151905e-01
9 112 2 3.169523e-01
10 112 2 2.104162e-01
11 112 2 1.207569e-01
12 112 2 7.422806e-02
1 113 2 3.598600e-02
2 113 2 4.559092e-02
3 113 2 7.659302e-02
4 113 2 1.145379e-01
5 113 2 1.409498e-01
6 113 2 1.230700e-01
7 113 2 1.056014e-01
8 113 2 1.008579e-01
9 113 2 9.975322e-02
10 113 2 9.108421e-02
11 113 2 6.370770e-02
12 113 2 4.302881e-02
1 114 2 9.810579e-02
2 114 2 1.330364e-01
3 114 2 2.370271e-01
4 114 2 3.455107e-01
5 114 2 3.986177e-01
6 114 2 2.918106e-01
7 114 2 2.410158e-01
8 114 2 2.209202e-01
9 114 2 2.131959e-01
10 114 2 1.908142e-01
11 114 2 1.454618e-01
12 114 2 1.077489e-01
1 115 2 3.455690e-02
2 115 2 5.027720e-02
3 115 2 7.969754e-02
4 115 2 9.879207e-02
5 115 2 8.822600e-02
6 115 2 8.191494e-02
7 115 2 7.900544e-02
8 115 2 7.580013e-02
9 115 2 6.971350e-02
10 115 2 6.229969e-02
11 115 2 4.732550e-02
12 115 2 3.395249e-02
1 116 2 2.946178e-02
2 116 2 3.771468e-02
3 116 2 5.767474e-02
4 116 2 8.163648e-02
5 116 2 9.494838e-02
6 116 2 1.081221e-01
7 116 2 1.133534e-01
8 116 2 1.085044e-01
9 116 2 8.790062e-02
10 116 2 7.027458e-02
11 116 2 5.105311e-02
12 116 2 3.363159e-02
1 117 2 6.924954e-03
2 117 2 7.231383e-03
3 117 2 9.132572e-03
4 117 2 1.250131e-02
5 117 2 1.591941e-02
6 117 2 1.886098e-02
7 117 2 2.007948e-02
8 117 2 2.005315e-02
9 117 2 1.829728e-02
10 117 2 1.566358e-02
11 117 2 1.264461e-02
12 117 2 9.134307e-03
1 126 2 4.304229e-04
2 126 2 4.473806e-04
3 126 2 4.848994e-04
4 126 2 5.120242e-04
5 126 2 5.058846e-04
6 126 2 4.701630e-04
7 126 2 4.532099e-04
8 126 2 4.576377e-04
9 126 2 4.552150e-04
10 126 2 4.473216e-04
11 126 2 4.370887e-04
12 126 2 4.304708e-04
1 127 2 4.333538e-02
2 127 2 4.407297e-02
3 127 2 4.651807e-02
4 127 2 4.829564e-02
5 127 2 4.895361e-02
6 127 2 4.741776e-02
7 127 2 4.743085e-02
8 127 2 4.851931e-02
9 127 2 4.800210e-02
10 127 2 4.607827e-02
11 127 2 4.465556e-02
12 127 2 4.410280e-02
1 128 2 1.963857e-01
2 128 2 2.016864e-01
3 128 2 2.070439e-01
4 128 2 2.021100e-01
5 128 2 1.966032e-01
6 128 2 1.906975e-01
7 128 2 2.032483e-01
8 128 2 2.310942e-01
9 128 2 2.429934e-01
10 128 2 2.295187e-01
11 128 2 2.087137e-01
12 128 2 1.966499e-01
1 129 2 5.599115e-03
2 129 2 5.522238e-03
3 129 2 5.661515e-03
4 129 2 5.825699e-03
5 129 2 5.915588e-03
6 129 2 6.075620e-03
7 129 2 6.348422e-03
8 129 2 6.919769e-03
9 129 2 7.229702e-03
10 129 2 7.261552e-03
11 129 2 6.630046e-03
12 129 2 5.889988e-03
1 133 2 1.202520e-01
2 133 2 1.398107e-01
3 133 2 1.678352e-01
4 133 2 1.723224e-01
5 133 2 1.643779e-01
6 133 2 1.510855e-01
7 133 2 1.348453e-01
8 133 2 1.262673e-01
9 133 2 1.316686e-01
10 133 2 1.402322e-01
11 133 2 1.337837e-01
12 133 2 1.170608e-01
1 135 2 5.201545e-03
2 135 2 5.860321e-03
3 135 2 6.969262e-03
4 135 2 7.505570e-03
5 135 2 7.212134e-03
6 135 2 6.433961e-03
7 135 2 5.558305e-03
8 135 2 5.613931e-03
9 135 2 5.965444e-03
10 135 2 5.610153e-03
11 135 2 5.377282e-03
12 135 2 5.051222e-03
1 136 2 5.820008e-03
2 136 2 5.989966e-03
3 136 2 7.407710e-03
4 136 2 9.005521e-03
5 136 2 9.861450e-03
6 136 2 8.997404e-03
7 136 2 7.961652e-03
8 136 2 7.943391e-03
9 136 2 7.984448e-03
10 136 2 7.510953e-03
11 136 2 7.101567e-03
12 136 2 6.306280e-03
1 137 2 1.417048e-03
2 137 2 1.486629e-03
3 137 2 1.704451e-03
4 137 2 1.872942e-03
5 137 2 1.848707e-03
6 137 2 1.700996e-03
7 137 2 1.573602e-03
8 137 2 1.518369e-03
9 137 2 1.519323e-03
10 137 2 1.582784e-03
11 137 2 1.564879e-03
12 137 2 1.475541e-03
1 138 2 5.657742e-02
2 138 2 6.221589e-02
3 138 2 7.217963e-02
4 138 2 8.033144e-02
5 138 2 8.104950e-02
6 138 2 7.123436e-02
7 138 2 6.599181e-02
8 138 2 6.364092e-02
9 138 2 6.381456e-02
10 138 2 6.418641e-02
11 138 2 6.226205e-02
12 138 2 5.774283e-02
1 139 2 9.635340e-02
2 139 2 1.097287e-01
3 139 2 1.226111e-01
4 139 2 1.286890e-01
5 139 2 1.268755e-01
6 139 2 1.181555e-01
7 139 2 1.117930e-01
8 139 2 1.076192e-01
9 139 2 1.062243e-01
10 139 2 1.070490e-01
11 139 2 1.018653e-01
12 139 2 9.324406e-02
1 140 2 3.213897e-02
2 140 2 3.323289e-02
3 140 2 3.609350e-02
4 140 2 4.089334e-02
5 140 2 4.342287e-02
6 140 2 4.170775e-02
7 140 2 3.949046e-02
8 140 2 3.808821e-02
9 140 2 3.753295e-02
10 140 2 3.774038e-02
11 140 2 3.694329e-02
12 140 2 3.444242e-02
1 141 2 4.966809e-02
2 141 2 4.915417e-02
3 141 2 5.056208e-02
4 141 2 5.549146e-02
5 141 2 5.988264e-02
6 141 2 5.921415e-02
7 141 2 5.761293e-02
8 141 2 5.586703e-02
9 141 2 5.539355e-02
10 141 2 5.552378e-02
11 141 2 5.607798e-02
12 141 2 5.444734e-02
1 150 2 5.728321e-05
2 150 2 6.270548e-05
3 150 2 6.711909e-05
4 150 2 6.863476e-05
5 150 2 6.422121e-05
6 150 2 5.664022e-05
7 150 2 5.167168e-05
8 150 2 5.042392e-05
9 150 2 4.879373e-05
10 150 2 4.768359e-05
11 150 2 4.861067e-05
12 150 2 5.172036e-05
1 151 2 3.723486e-02
2 151 2 3.960362e-02
3 151 2 4.199158e-02
4 151 2 4.298173e-02
5 151 2 4.158781e-02
6 151 2 3.914701e-02
7 151 2 3.828203e-02
8 151 2 3.976002e-02
9 151 2 3.785507e-02
10 151 2 3.552307e-02
11 151 2 3.448144e-02
12 151 2 3.534166e-02
1 152 2 2.952744e-02
2 152 2 2.990913e-02
3 152 2 3.018601e-02
4 152 2 2.868450e-02
5 152 2 2.757349e-02
6 152 2 2.708104e-02
7 152 2 3.096087e-02
8 152 2 4.128260e-02
9 152 2 4.382599e-02
10 152 2 3.735330e-02
11 152 2 3.203200e-02
12 152 2 2.962302e-02
1 153 2 3.422074e-02
2 153 2 3.505082e-02
3 153 2 3.698102e-02
4 153 2 3.627351e-02
5 153 2 3.502939e-02
6 153 2 3.439183e-02
7 153 2 4.014619e-02
8 153 2 5.246384e-02
9 153 2 6.381066e-02
10 153 2 5.703362e-02
11 153 2 4.314301e-02
12 153 2 3.599701e-02
1 154 2 9.311000e-02
2 154 2 9.260481e-02
3 154 2 9.636720e-02
4 154 2 9.233765e-02
5 154 2 8.634412e-02
6 154 2 7.766754e-02
7 154 2 7.333856e-02
8 154 2 7.639911e-02
9 154 2 8.613899e-02
10 154 2 9.680484e-02
11 154 2 1.020215e-01
12 154 2 9.864993e-02
1 157 2 3.710520e-03
2 157 2 3.853004e-03
3 157 2 4.125193e-03
4 157 2 4.067080e-03
5 157 2 3.964234e-03
6 157 2 3.727062e-03
7 157 2 3.556148e-03
8 157 2 3.520303e-03
9 157 2 3.494859e-03
10 157 2 3.555796e-03
11 157 2 3.581289e-03
12 157 2 3.628025e-03
1 163 2 1.725388e-02
2 163 2 1.748506e-02
3 163 2 1.800392e-02
4 163 2 1.908428e-02
5 163 2 1.910290e-02
6 163 2 1.766138e-02
7 163 2 1.632789e-02
8 163 2 1.533221e-02
9 163 2 1.555176e-02
10 163 2 1.645316e-02
11 163 2 1.709634e-02
12 163 2 1.723030e-02
1 164 2 6.530733e-02
2 164 2 6.474893e-02
3 164 2 6.655133e-02
4 164 2 6.965602e-02
5 164 2 6.883665e-02
6 164 2 6.366860e-02
7 164 2 5.893090e-02
8 164 2 5.756464e-02
9 164 2 6.164000e-02
10 164 2 6.752935e-02
11 164 2 6.889313e-02
12 164 2 6.774590e-02
1 165 2 2.893019e-02
2 165 2 2.835363e-02
3 165 2 2.871008e-02
4 165 2 2.934511e-02
5 165 2 2.902302e-02
6 165 2 2.670529e-02
7 165 2 2.517943e-02
8 165 2 2.548615e-02
9 165 2 2.716549e-02
10 165 2 2.904579e-02
11 165 2 3.055496e-02
12 165 2 3.059096e-02
1 166 2 1.264660e-02
2 166 2 1.252035e-02
3 166 2 1.231349e-02
4 166 2 1.225572e-02
5 166 2 1.185443e-02
6 166 2 1.096337e-02
7 166 2 1.035274e-02
8 166 2 1.042998e-02
9 166 2 1.082033e-02
10 166 2 1.138219e-02
11 166 2 1.227167e-02
12 166 2 1.288999e-02
1 170 2 5.721661e-04
2 170 2 6.292693e-04
3 170 2 6.182537e-04
4 170 2 5.619596e-04
5 170 2 4.682802e-04
6 170 2 3.937418e-04
7 170 2 3.724181e-04
8 170 2 3.555394e-04
9 170 2 3.615192e-04
10 170 2 4.025491e-04
11 170 2 4.441380e-04
12 170 2 5.114524e-04
1 171 2 2.053696e-03
2 171 2 2.254368e-03
3 171 2 2.281660e-03
4 171 2 2.029956e-03
5 171 2 1.688695e-03
6 171 2 1.447132e-03
7 171 2 1.313840e-03
8 171 2 1.244905e-03
9 171 2 1.263043e-03
10 171 2 1.373839e-03
11 171 2 1.568018e-03
12 171 2 1.852462e-03
1 175 2 5.911858e-05
2 175 2 6.250211e-05
3 175 2 6.268139e-05
4 175 2 5.870858e-05
5 175 2 5.100851e-05
6 175 2 4.648168e-05
7 175 2 4.551723e-05
8 175 2 4.513293e-05
9 175 2 4.197855e-05
10 175 2 4.243437e-05
11 175 2 4.436474e-05
12 175 2 5.175172e-05
1 176 2 4.235235e-02
2 176 2 4.266989e-02
3 176 2 4.177368e-02
4 176 2 3.689523e-02
5 176 2 2.984660e-02
6 176 2 2.704662e-02
7 176 2 2.699729e-02
8 176 2 3.080032e-02
9 176 2 3.354474e-02
10 176 2 3.580041e-02
11 176 2 3.821426e-02
12 176 2 4.059293e-02
1 177 2 1.872885e-01
2 177 2 1.819933e-01
3 177 2 1.718356e-01
4 177 2 1.502588e-01
5 177 2 1.228707e-01
6 177 2 1.049212e-01
7 177 2 1.091689e-01
8 177 2 1.308044e-01
9 177 2 1.644007e-01
10 177 2 1.709705e-01
11 177 2 1.744383e-01
12 177 2 1.747947e-01
1 178 2 6.819369e-02
2 178 2 6.739669e-02
3 178 2 6.460466e-02
4 178 2 5.414908e-02
5 178 2 4.714786e-02
6 178 2 3.985043e-02
7 178 2 3.795501e-02
8 178 2 3.823435e-02
9 178 2 4.360532e-02
10 178 2 4.691808e-02
11 178 2 5.299131e-02
12 178 2 5.883149e-02
1 181 2 8.333794e-04
2 181 2 8.802326e-04
3 181 2 8.923542e-04
4 181 2 8.532101e-04
5 181 2 7.036323e-04
6 181 2 6.084286e-04
7 181 2 5.379762e-04
8 181 2 5.505747e-04
9 181 2 5.964919e-04
10 181 2 6.458893e-04
11 181 2 7.314781e-04
12 181 2 7.788125e-04
1 182 2 9.948299e-02
2 182 2 9.195296e-02
3 182 2 8.670751e-02
4 182 2 7.243003e-02
5 182 2 5.671916e-02
6 182 2 4.242254e-02
7 182 2 4.206186e-02
8 182 2 5.845016e-02
9 182 2 8.110589e-02
10 182 2 9.947347e-02
11 182 2 1.099387e-01
12 182 2 1.055249e-01
1 183 2 2.116736e-02
2 183 2 2.033480e-02
3 183 2 1.941338e-02
4 183 2 1.760263e-02
5 183 2 1.481055e-02
6 183 2 1.202052e-02
7 183 2 1.118383e-02
8 183 2 1.328037e-02
9 183 2 1.544145e-02
10 183 2 1.826722e-02
11 183 2 1.988745e-02
12 183 2 2.045553e-02
1 184 2 6.602125e-03
2 184 2 6.689654e-03
3 184 2 6.478825e-03
4 184 2 5.830523e-03
5 184 2 4.847188e-03
6 184 2 3.917442e-03
7 184 2 3.532548e-03
8 184 2 3.689401e-03
9 184 2 3.908303e-03
10 184 2 4.488194e-03
11 184 2 5.251489e-03
12 184 2 5.985536e-03
1 188 2 3.711657e-03
2 188 2 3.679296e-03
3 188 2 3.410377e-03
4 188 2 2.784806e-03
5 188 2 1.968189e-03
6 188 2 1.497074e-03
7 188 2 1.288220e-03
8 188 2 1.310412e-03
9 188 2 1.774946e-03
10 188 2 2.332530e-03
11 188 2 2.777811e-03
12 188 2 3.464678e-03
1 189 2 3.237393e-03
2 189 2 2.992004e-03
3 189 2 2.714014e-03
4 189 2 2.006060e-03
5 189 2 1.328191e-03
6 189 2 9.392470e-04
7 189 2 8.930231e-04
8 189 2 1.096928e-03
9 189 2 1.764601e-03
10 189 2 2.512533e-03
11 189 2 3.056078e-03
12 189 2 3.193587e-03
1 190 2 1.324551e-02
2 190 2 1.255036e-02
3 190 2 1.089374e-02
4 190 2 7.715810e-03
5 190 2 5.383319e-03
6 190 2 3.905291e-03
7 190 2 3.669459e-03
8 190 2 4.423522e-03
9 190 2 6.213331e-03
10 190 2 8.470272e-03
11 190 2 1.109876e-02
12 190 2 1.245260e-02
1 191 2 9.010086e-03
2 191 2 9.336830e-03
3 191 2 9.075444e-03
4 191 2 7.497335e-03
5 191 2 6.165199e-03
6 191 2 5.064603e-03
7 191 2 4.452639e-03
8 191 2 4.522042e-03
9 191 2 4.933639e-03
10 191 2 5.537504e-03
11 191 2 6.810549e-03
12 191 2 8.012548e-03
1 192 2 3.948839e-03
2 192 2 4.267597e-03
3 192 2 4.157958e-03
4 192 2 3.600169e-03
5 192 2 3.042685e-03
6 192 2 2.590725e-03
7 192 2 2.276731e-03
8 192 2 2.115618e-03
9 192 2 2.178339e-03
10 192 2 2.392065e-03
11 192 2 2.855507e-03
12 192 2 3.428840e-03
1 200 2 1.835040e-01
2 200 2 1.887799e-01
3 200 2 1.543805e-01
4 200 2 1.020566e-01
5 200 2 6.680114e-02
6 200 2 5.440335e-02
7 200 2 5.168600e-02
8 200 2 5.573896e-02
9 200 2 6.174076e-02
10 200 2 7.893857e-02
11 200 2 1.096968e-01
12 200 2 1.511399e-01
1 201 2 1.252846e-01
2 201 2 1.292677e-01
3 201 2 1.183369e-01
4 201 2 9.108729e-02
5 201 2 6.864298e-02
6 201 2 5.679023e-02
7 201 2 5.366995e-02
8 201 2 5.551668e-02
9 201 2 5.494490e-02
10 201 2 6.537731e-02
11 201 2 8.333851e-02
12 201 2 1.037955e-01
1 206 2 6.610700e-02
2 206 2 7.140417e-02
3 206 2 6.460167e-02
4 206 2 5.512755e-02
5 206 2 4.559019e-02
6 206 2 3.975080e-02
7 206 2 3.409406e-02
8 206 2 3.347605e-02
9 206 2 3.623748e-02
10 206 2 4.101878e-02
11 206 2 4.808347e-02
12 206 2 5.664731e-02
1 207 2 2.508442e-03
2 207 2 2.738904e-03
3 207 2 2.597518e-03
4 207 2 2.355302e-03
5 207 2 2.088806e-03
6 207 2 1.791559e-03
7 207 2 1.579099e-03
8 207 2 1.555010e-03
9 207 2 1.568906e-03
10 207 2 1.728093e-03
11 207 2 1.862372e-03
12 207 2 2.130438e-03
1 212 2 5.222105e-03
2 212 2 5.574274e-03
3 212 2 4.947714e-03
4 212 2 4.159497e-03
5 212 2 3.241999e-03
6 212 2 2.616563e-03
7 212 2 2.171895e-03
8 212 2 2.099117e-03
9 212 2 2.384023e-03
10 212 2 2.813035e-03
11 212 2 3.336750e-03
12 212 2 4.411820e-03
1 213 2 1.137287e-03
2 213 2 1.242969e-03
3 213 2 1.053368e-03
4 213 2 8.913746e-04
5 213 2 6.878144e-04
6 213 2 5.302082e-04
7 213 2 4.499914e-04
8 213 2 4.393006e-04
9 213 2 5.291563e-04
10 213 2 6.521240e-04
11 213 2 8.008000e-04
12 213 2 9.799532e-04
1 214 2 4.044962e-02
2 214 2 4.288167e-02
3 214 2 3.445275e-02
4 214 2 2.558926e-02
5 214 2 1.891516e-02
6 214 2 1.393961e-02
7 214 2 1.207191e-02
8 214 2 1.244523e-02
9 214 2 1.570944e-02
10 214 2 2.106100e-02
11 214 2 2.883058e-02
12 214 2 3.496647e-02
1 215 2 1.495975e-02
2 215 2 1.538810e-02
3 215 2 1.434705e-02
4 215 2 1.143399e-02
5 215 2 9.287318e-03
6 215 2 7.462165e-03
7 215 2 6.448344e-03
8 215 2 6.464200e-03
9 215 2 7.269427e-03
10 215 2 8.648283e-03
11 215 2 1.088938e-02
12 215 2 1.315497e-02
1 216 2 7.188946e-03
2 216 2 7.505787e-03
3 216 2 7.038579e-03
4 216 2 5.721956e-03
5 216 2 4.581813e-03
6 216 2 3.941587e-03
7 216 2 3.463628e-03
8 216 2 3.311870e-03
9 216 2 3.436653e-03
10 216 2 3.906078e-03
11 216 2 4.698350e-03
12 216 2 6.038229e-03
1 224 2 5.368635e-03
2 224 2 5.869189e-03
3 224 2 5.121583e-03
4 224 2 4.410452e-03
5 224 2 3.561522e-03
6 224 2 3.026603e-03
7 224 2 2.749640e-03
8 224 2 2.871967e-03
9 224 2 2.953491e-03
10 224 2 3.483501e-03
11 224 2 4.159988e-03
12 224 2 4.963193e-03
1 240 2 4.442949e-04
2 240 2 4.531780e-04
3 240 2 4.144203e-04
4 240 2 3.659980e-04
5 240 2 3.180994e-04
6 240 2 2.743718e-04
7 240 2 2.688060e-04
8 240 2 2.771234e-04
9 240 2 2.697630e-04
10 240 2 2.905066e-04
11 240 2 3.191954e-04
12 240 2 3.955871e-04
