1 7 2 2.474778e-07
2 7 2 2.114175e-07
3 7 2 2.312158e-07
4 7 2 5.975978e-07
5 7 2 2.056165e-06
6 7 2 5.538024e-06
7 7 2 7.493109e-06
8 7 2 5.108873e-06
9 7 2 2.209416e-06
10 7 2 9.686017e-07
11 7 2 5.131784e-07
12 7 2 3.027419e-07
1 25 2 2.327256e-04
2 25 2 2.209720e-04
3 25 2 3.113131e-04
4 25 2 5.680772e-04
5 25 2 1.589207e-03
6 25 2 2.881824e-03
7 25 2 3.493614e-03
8 25 2 2.678985e-03
9 25 2 1.513768e-03
10 25 2 7.083886e-04
11 25 2 3.377679e-04
12 25 2 1.956003e-04
1 26 2 1.657013e-04
2 26 2 1.363738e-04
3 26 2 2.255052e-04
4 26 2 5.033461e-04
5 26 2 1.417848e-03
6 26 2 2.708051e-03
7 26 2 2.938227e-03
8 26 2 2.198391e-03
9 26 2 1.202404e-03
10 26 2 4.840146e-04
11 26 2 2.528778e-04
12 26 2 1.563416e-04
1 27 2 7.229276e-04
2 27 2 6.382802e-04
3 27 2 1.118902e-03
4 27 2 2.849706e-03
5 27 2 8.024984e-03
6 27 2 1.658862e-02
7 27 2 1.870915e-02
8 27 2 1.408189e-02
9 27 2 7.277021e-03
10 27 2 2.732697e-03
11 27 2 1.448232e-03
12 27 2 8.958310e-04
1 28 2 2.569824e-05
2 28 2 2.338609e-05
3 28 2 3.933134e-05
4 28 2 1.069120e-04
5 28 2 3.052990e-04
6 28 2 6.536403e-04
7 28 2 7.792912e-04
8 28 2 5.872046e-04
9 28 2 3.020705e-04
10 28 2 1.176418e-04
11 28 2 5.872850e-05
12 28 2 3.661396e-05
1 29 2 3.445673e-05
2 29 2 3.259617e-05
3 29 2 5.192732e-05
4 29 2 1.561368e-04
5 29 2 4.669178e-04
6 29 2 1.149127e-03
7 29 2 1.565376e-03
8 29 2 1.164650e-03
9 29 2 5.348655e-04
10 29 2 1.982411e-04
11 29 2 9.370934e-05
12 29 2 5.849747e-05
1 30 2 7.812489e-06
2 30 2 6.832508e-06
3 30 2 1.085925e-05
4 30 2 3.323709e-05
5 30 2 9.207190e-05
6 30 2 2.503997e-04
7 30 2 3.629425e-04
8 30 2 2.779437e-04
9 30 2 1.257599e-04
10 30 2 4.922472e-05
11 30 2 2.270601e-05
12 30 2 1.359859e-05
1 31 2 1.395511e-05
2 31 2 1.075359e-05
3 31 2 1.633600e-05
4 31 2 4.546852e-05
5 31 2 1.174218e-04
6 31 2 3.091656e-04
7 31 2 4.359922e-04
8 31 2 3.519221e-04
9 31 2 1.760548e-04
10 31 2 8.062443e-05
11 31 2 3.870957e-05
12 31 2 2.157077e-05
1 32 2 1.651494e-05
2 32 2 1.367120e-05
3 32 2 1.910997e-05
4 32 2 4.246312e-05
5 32 2 1.134133e-04
6 32 2 2.686538e-04
7 32 2 3.465953e-04
8 32 2 2.863033e-04
9 32 2 1.598750e-04
10 32 2 8.241718e-05
11 32 2 4.258983e-05
12 32 2 2.208752e-05
1 35 2 1.303360e-03
2 35 2 1.241906e-03
3 35 2 1.349077e-03
4 35 2 1.797767e-03
5 35 2 2.818239e-03
6 35 2 4.304067e-03
7 35 2 5.179113e-03
8 35 2 4.755798e-03
9 35 2 3.232224e-03
10 35 2 2.336894e-03
11 35 2 1.770072e-03
12 35 2 1.438023e-03
1 36 2 1.564268e-04
2 36 2 1.468544e-04
3 36 2 1.627580e-04
4 36 2 1.954867e-04
5 36 2 2.673605e-04
6 36 2 3.856896e-04
7 36 2 4.542334e-04
8 36 2 4.627399e-04
9 36 2 3.532231e-04
10 36 2 2.767361e-04
11 36 2 2.118099e-04
12 36 2 1.755024e-04
1 37 2 3.445326e-03
2 37 2 3.334597e-03
3 37 2 4.201748e-03
4 37 2 5.402884e-03
5 37 2 8.168128e-03
6 37 2 1.238874e-02
7 37 2 1.440874e-02
8 37 2 1.416413e-02
9 37 2 1.042348e-02
10 37 2 7.815789e-03
11 37 2 5.508656e-03
12 37 2 4.220100e-03
1 38 2 1.573058e-02
2 38 2 1.571647e-02
3 38 2 2.394197e-02
4 38 2 3.549792e-02
5 38 2 6.481000e-02
6 38 2 1.150004e-01
7 38 2 1.363285e-01
8 38 2 1.182364e-01
9 38 2 7.637171e-02
10 38 2 5.219999e-02
11 38 2 2.982810e-02
12 38 2 2.152511e-02
1 39 2 2.628911e-02
2 39 2 2.738797e-02
3 39 2 4.436285e-02
4 39 2 6.849993e-02
5 39 2 1.329125e-01
6 39 2 2.569534e-01
7 39 2 3.190643e-01
8 39 2 2.583201e-01
9 39 2 1.628223e-01
10 39 2 1.028204e-01
11 39 2 5.204544e-02
12 39 2 3.798940e-02
1 40 2 6.534878e-03
2 40 2 7.169894e-03
3 40 2 1.278740e-02
4 40 2 2.150303e-02
5 40 2 4.700671e-02
6 40 2 1.067259e-01
7 40 2 1.335306e-01
8 40 2 9.795471e-02
9 40 2 6.033910e-02
10 40 2 3.251128e-02
11 40 2 1.392689e-02
12 40 2 1.037510e-02
1 41 2 3.478484e-03
2 41 2 3.718673e-03
3 41 2 7.452097e-03
4 41 2 1.327271e-02
5 41 2 3.328991e-02
6 41 2 8.447656e-02
7 41 2 1.092232e-01
8 41 2 7.660862e-02
9 41 2 4.281245e-02
10 41 2 1.855531e-02
11 41 2 7.128454e-03
12 41 2 5.941474e-03
1 42 2 1.884089e-03
2 42 2 1.970795e-03
3 42 2 4.249992e-03
4 42 2 8.383925e-03
5 42 2 2.383409e-02
6 42 2 6.610863e-02
7 42 2 9.254432e-02
8 42 2 6.180256e-02
9 42 2 2.926675e-02
10 42 2 1.047426e-02
11 42 2 3.905002e-03
12 42 2 3.203486e-03
1 43 2 5.286190e-05
2 43 2 5.481097e-05
3 43 2 1.293255e-04
4 43 2 3.155579e-04
5 43 2 1.056230e-03
6 43 2 3.114988e-03
7 43 2 4.553681e-03
8 43 2 2.858485e-03
9 43 2 1.168888e-03
10 43 2 3.588782e-04
11 43 2 1.223852e-04
12 43 2 8.575623e-05
1 44 2 2.184022e-04
2 44 2 2.194450e-04
3 44 2 4.773266e-04
4 44 2 1.290441e-03
5 44 2 4.821046e-03
6 44 2 1.519271e-02
7 44 2 2.220499e-02
8 44 2 1.338947e-02
9 44 2 4.826702e-03
10 44 2 1.430054e-03
11 44 2 4.693478e-04
12 44 2 3.173319e-04
1 45 2 5.010411e-04
2 45 2 5.615206e-04
3 45 2 1.023188e-03
4 45 2 3.017463e-03
5 45 2 1.263655e-02
6 45 2 4.192937e-02
7 45 2 5.865865e-02
8 45 2 3.571718e-02
9 45 2 1.228234e-02
10 45 2 3.135936e-03
11 45 2 9.089730e-04
12 45 2 5.940599e-04
1 46 2 2.274325e-04
2 46 2 2.861156e-04
3 46 2 4.497521e-04
4 46 2 1.248916e-03
5 46 2 4.904441e-03
6 46 2 1.521303e-02
7 46 2 2.128195e-02
8 46 2 1.333552e-02
9 46 2 5.009201e-03
10 46 2 1.214171e-03
11 46 2 3.338235e-04
12 46 2 2.380628e-04
1 47 2 2.987937e-04
2 47 2 3.802561e-04
3 47 2 5.358403e-04
4 47 2 1.200565e-03
5 47 2 4.092125e-03
6 47 2 1.127380e-02
7 47 2 1.528968e-02
8 47 2 1.036750e-02
9 47 2 4.391988e-03
10 47 2 1.354657e-03
11 47 2 3.996594e-04
12 47 2 3.037943e-04
1 48 2 4.047826e-04
2 48 2 4.649892e-04
3 48 2 6.395666e-04
4 48 2 1.248938e-03
5 48 2 3.875696e-03
6 48 2 8.914765e-03
7 48 2 1.184689e-02
8 48 2 8.334969e-03
9 48 2 3.967782e-03
10 48 2 1.479329e-03
11 48 2 5.325400e-04
12 48 2 3.531481e-04
1 49 2 8.616041e-05
2 49 2 7.839837e-05
3 49 2 8.892675e-05
4 49 2 1.040809e-04
5 49 2 1.488578e-04
6 49 2 2.264786e-04
7 49 2 3.377555e-04
8 49 2 3.176116e-04
9 49 2 2.215305e-04
10 49 2 1.585264e-04
11 49 2 1.157371e-04
12 49 2 8.442998e-05
1 50 2 3.517127e-04
2 50 2 3.035981e-04
3 50 2 3.558639e-04
4 50 2 4.056480e-04
5 50 2 5.709212e-04
6 50 2 8.378190e-04
7 50 2 1.156313e-03
8 50 2 1.111984e-03
9 50 2 8.051774e-04
10 50 2 5.739643e-04
11 50 2 4.297160e-04
12 50 2 3.383545e-04
1 51 2 1.348644e-04
2 51 2 1.230849e-04
3 51 2 1.337453e-04
4 51 2 1.543863e-04
5 51 2 2.104325e-04
6 51 2 2.951148e-04
7 51 2 3.845777e-04
8 51 2 3.813843e-04
9 51 2 3.168745e-04
10 51 2 2.228814e-04
11 51 2 1.670414e-04
12 51 2 1.399858e-04
1 52 2 4.883915e-02
2 52 2 5.133414e-02
3 52 2 6.448734e-02
4 52 2 9.401376e-02
5 52 2 1.589896e-01
6 52 2 2.188053e-01
7 52 2 2.806585e-01
8 52 2 2.625118e-01
9 52 2 2.119093e-01
10 52 2 1.210564e-01
11 52 2 7.286408e-02
12 52 2 5.618931e-02
1 53 2 1.266749e-02
2 53 2 1.589307e-02
3 53 2 2.692622e-02
4 53 2 5.877189e-02
5 53 2 1.119196e-01
6 53 2 1.671245e-01
7 53 2 2.319887e-01
8 53 2 1.976814e-01
9 53 2 1.337923e-01
10 53 2 5.900802e-02
11 53 2 2.631917e-02
12 53 2 1.667426e-02
1 54 2 6.824799e-03
2 54 2 8.853511e-03
3 54 2 1.655642e-02
4 54 2 4.114108e-02
5 54 2 8.103512e-02
6 54 2 1.565229e-01
7 54 2 2.223482e-01
8 54 2 1.864447e-01
9 54 2 1.130758e-01
10 54 2 4.809082e-02
11 54 2 2.061392e-02
12 54 2 1.137104e-02
1 55 2 4.392198e-03
2 55 2 4.898472e-03
3 55 2 9.137965e-03
4 55 2 2.139701e-02
5 55 2 4.246034e-02
6 55 2 9.067822e-02
7 55 2 1.260496e-01
8 55 2 1.087068e-01
9 55 2 6.893483e-02
10 55 2 3.305315e-02
11 55 2 1.546430e-02
12 55 2 8.854905e-03
1 56 2 1.523493e-02
2 56 2 1.581053e-02
3 56 2 2.738426e-02
4 56 2 6.106299e-02
5 56 2 1.334755e-01
6 56 2 2.631096e-01
7 56 2 3.637721e-01
8 56 2 3.019124e-01
9 56 2 1.973371e-01
10 56 2 1.016752e-01
11 56 2 4.583897e-02
12 56 2 2.628909e-02
1 57 2 3.074881e-03
2 57 2 2.933742e-03
3 57 2 3.608335e-03
4 57 2 5.476888e-03
5 57 2 9.163691e-03
6 57 2 1.491047e-02
7 57 2 2.123268e-02
8 57 2 1.913583e-02
9 57 2 1.423707e-02
10 57 2 9.145153e-03
11 57 2 5.592309e-03
12 57 2 4.018940e-03
1 60 2 3.827441e-01
2 60 2 3.706531e-01
3 60 2 4.250655e-01
4 60 2 5.041215e-01
5 60 2 6.215417e-01
6 60 2 8.179447e-01
7 60 2 9.522511e-01
8 60 2 9.526516e-01
9 60 2 8.084619e-01
10 60 2 6.599735e-01
11 60 2 5.278244e-01
12 60 2 4.375124e-01
1 61 2 9.041749e-01
2 61 2 9.096136e-01
3 61 2 1.279356e+00
4 61 2 1.926980e+00
5 61 2 2.810876e+00
6 61 2 3.960069e+00
7 61 2 4.686359e+00
8 61 2 4.508665e+00
9 61 2 3.503351e+00
10 61 2 2.383001e+00
11 61 2 1.554576e+00
12 61 2 1.090366e+00
1 62 2 3.165997e-01
2 62 2 3.467512e-01
3 62 2 5.458497e-01
4 62 2 9.881545e-01
5 62 2 1.694898e+00
6 62 2 2.404348e+00
7 62 2 2.940032e+00
8 62 2 2.744413e+00
9 62 2 1.912368e+00
10 62 2 1.140419e+00
11 62 2 6.192982e-01
12 62 2 4.030216e-01
1 63 2 4.034523e-01
2 63 2 4.897739e-01
3 63 2 8.195203e-01
4 63 2 1.723659e+00
5 63 2 3.307984e+00
6 63 2 4.917846e+00
7 63 2 6.288736e+00
8 63 2 5.472433e+00
9 63 2 3.342391e+00
10 63 2 1.825316e+00
11 63 2 8.431267e-01
12 63 2 5.519464e-01
1 64 2 9.650137e-02
2 64 2 1.236283e-01
3 64 2 2.354181e-01
4 64 2 5.576269e-01
5 64 2 1.194261e+00
6 64 2 1.912933e+00
7 64 2 2.424684e+00
8 64 2 1.895562e+00
9 64 2 1.085370e+00
10 64 2 4.798183e-01
11 64 2 2.192534e-01
12 64 2 1.500478e-01
1 65 2 3.262004e-02
2 65 2 4.044905e-02
3 65 2 8.861627e-02
4 65 2 2.499010e-01
5 65 2 5.239628e-01
6 65 2 8.904943e-01
7 65 2 1.154207e+00
8 65 2 8.614376e-01
9 65 2 4.885802e-01
10 65 2 1.733757e-01
11 65 2 7.632340e-02
12 65 2 5.531146e-02
1 66 2 2.161629e-02
2 66 2 2.672448e-02
3 66 2 6.353174e-02
4 66 2 2.084266e-01
5 66 2 4.333784e-01
6 66 2 7.452136e-01
7 66 2 1.027774e+00
8 66 2 7.769981e-01
9 66 2 4.395352e-01
10 66 2 1.456231e-01
11 66 2 5.580493e-02
12 66 2 3.461471e-02
1 67 2 7.364398e-03
2 67 2 9.820083e-03
3 67 2 2.497254e-02
4 67 2 9.225071e-02
5 67 2 2.093115e-01
6 67 2 3.569823e-01
7 67 2 4.991007e-01
8 67 2 3.840989e-01
9 67 2 2.100754e-01
10 67 2 7.725450e-02
11 67 2 2.442846e-02
12 67 2 1.099512e-02
1 68 2 1.815010e-03
2 68 2 2.437071e-03
3 68 2 7.237963e-03
4 68 2 3.326950e-02
5 68 2 9.066363e-02
6 68 2 1.737396e-01
7 68 2 2.491097e-01
8 68 2 1.852713e-01
9 68 2 8.891353e-02
10 68 2 3.266576e-02
11 68 2 7.448951e-03
12 68 2 2.591976e-03
1 69 2 1.108761e-03
2 69 2 1.572017e-03
3 69 2 3.759372e-03
4 69 2 1.648507e-02
5 69 2 5.286016e-02
6 69 2 1.250995e-01
7 69 2 1.832698e-01
8 69 2 1.410806e-01
9 69 2 6.060732e-02
10 69 2 1.970716e-02
11 69 2 3.818537e-03
12 69 2 1.436017e-03
1 70 2 4.563021e-03
2 70 2 5.333299e-03
3 70 2 7.642463e-03
4 70 2 1.993879e-02
5 70 2 5.000015e-02
6 70 2 1.214146e-01
7 70 2 1.965317e-01
8 70 2 1.791198e-01
9 70 2 9.248547e-02
10 70 2 3.296636e-02
11 70 2 1.002640e-02
12 70 2 5.644136e-03
1 71 2 3.787557e-03
2 71 2 3.843484e-03
3 71 2 4.349195e-03
4 71 2 6.979142e-03
5 71 2 1.351601e-02
6 71 2 2.819566e-02
7 71 2 4.327149e-02
8 71 2 4.302271e-02
9 71 2 2.760296e-02
10 71 2 1.314692e-02
11 71 2 6.280619e-03
12 71 2 4.362103e-03
1 72 2 1.592919e-05
2 72 2 1.521376e-05
3 72 2 1.648253e-05
4 72 2 2.101539e-05
5 72 2 3.269840e-05
6 72 2 5.689630e-05
7 72 2 8.812585e-05
8 72 2 8.475640e-05
9 72 2 5.929841e-05
10 72 2 3.595520e-05
11 72 2 2.215336e-05
12 72 2 1.582041e-05
1 76 2 1.228063e-01
2 76 2 1.123552e-01
3 76 2 1.134860e-01
4 76 2 1.234457e-01
5 76 2 1.678265e-01
6 76 2 2.393099e-01
7 76 2 3.209013e-01
8 76 2 3.424605e-01
9 76 2 3.262983e-01
10 76 2 2.179020e-01
11 76 2 1.406649e-01
12 76 2 1.230237e-01
1 77 2 1.198601e-01
2 77 2 1.556374e-01
3 77 2 2.038757e-01
4 77 2 3.295079e-01
5 77 2 5.532571e-01
6 77 2 8.541713e-01
7 77 2 1.160588e+00
8 77 2 1.101586e+00
9 77 2 8.160085e-01
10 77 2 4.122571e-01
11 77 2 1.808997e-01
12 77 2 1.140201e-01
1 78 2 1.369669e-01
2 78 2 1.871460e-01
3 78 2 2.606120e-01
4 78 2 4.674350e-01
5 78 2 7.309333e-01
6 78 2 1.160469e+00
7 78 2 1.432470e+00
8 78 2 1.341334e+00
9 78 2 8.697064e-01
10 78 2 4.612223e-01
11 78 2 2.490700e-01
12 78 2 1.437965e-01
1 79 2 4.390295e-01
2 79 2 5.386965e-01
3 79 2 7.909618e-01
4 79 2 1.311941e+00
5 79 2 1.993203e+00
6 79 2 3.256237e+00
7 79 2 3.990112e+00
8 79 2 3.779923e+00
9 79 2 2.610059e+00
10 79 2 1.575550e+00
11 79 2 8.976673e-01
12 79 2 5.498945e-01
1 80 2 2.150589e-01
2 80 2 2.154788e-01
3 80 2 2.707625e-01
4 80 2 3.661020e-01
5 80 2 5.460087e-01
6 80 2 8.307325e-01
7 80 2 1.069694e+00
8 80 2 1.058979e+00
9 80 2 8.789336e-01
10 80 2 6.162242e-01
11 80 2 3.594807e-01
12 80 2 2.657161e-01
1 81 2 4.657693e-08
2 81 2 4.220993e-08
3 81 2 4.445851e-08
4 81 2 5.271690e-08
5 81 2 7.591186e-08
6 81 2 1.022890e-07
7 81 2 1.364871e-07
8 81 2 1.464476e-07
9 81 2 1.331666e-07
10 81 2 1.021778e-07
11 81 2 6.754345e-08
12 81 2 5.529757e-08
1 84 2 3.507864e-01
2 84 2 3.708694e-01
3 84 2 4.586913e-01
4 84 2 5.796424e-01
5 84 2 7.771255e-01
6 84 2 1.273376e+00
7 84 2 1.705463e+00
8 84 2 1.634257e+00
9 84 2 1.226259e+00
10 84 2 7.738928e-01
11 84 2 5.198833e-01
12 84 2 3.971347e-01
1 85 2 3.091864e-01
2 85 2 3.481683e-01
3 85 2 4.526749e-01
4 85 2 6.576944e-01
5 85 2 1.052825e+00
6 85 2 1.608356e+00
7 85 2 2.225310e+00
8 85 2 2.116956e+00
9 85 2 1.524352e+00
10 85 2 8.408418e-01
11 85 2 4.741993e-01
12 85 2 3.440794e-01
1 86 2 9.758526e-02
2 86 2 1.104869e-01
3 86 2 1.411941e-01
4 86 2 2.050880e-01
5 86 2 3.296170e-01
6 86 2 4.782670e-01
7 86 2 6.570118e-01
8 86 2 6.591610e-01
9 86 2 4.879047e-01
10 86 2 2.829306e-01
11 86 2 1.558521e-01
12 86 2 1.113864e-01
1 87 2 1.179255e-01
2 87 2 1.595396e-01
3 87 2 2.277933e-01
4 87 2 3.600893e-01
5 87 2 6.317288e-01
6 87 2 9.495685e-01
7 87 2 1.287321e+00
8 87 2 1.311737e+00
9 87 2 9.510155e-01
10 87 2 5.354469e-01
11 87 2 2.352613e-01
12 87 2 1.430031e-01
1 88 2 5.298125e-02
2 88 2 7.523765e-02
3 88 2 1.179837e-01
4 88 2 2.238615e-01
5 88 2 4.594297e-01
6 88 2 7.220975e-01
7 88 2 9.247462e-01
8 88 2 8.110747e-01
9 88 2 5.241167e-01
10 88 2 2.476878e-01
11 88 2 1.269818e-01
12 88 2 7.053376e-02
1 89 2 6.587013e-02
2 89 2 9.164975e-02
3 89 2 1.739484e-01
4 89 2 3.271672e-01
5 89 2 6.528998e-01
6 89 2 9.753564e-01
7 89 2 1.137816e+00
8 89 2 9.964557e-01
9 89 2 6.502924e-01
10 89 2 3.094549e-01
11 89 2 1.702776e-01
12 89 2 9.424935e-02
1 90 2 1.305262e-02
2 90 2 1.720293e-02
3 90 2 3.413736e-02
4 90 2 6.126930e-02
5 90 2 9.407543e-02
6 90 2 1.245246e-01
7 90 2 1.398488e-01
8 90 2 1.293989e-01
9 90 2 9.430036e-02
10 90 2 5.624616e-02
11 90 2 3.101151e-02
12 90 2 1.765417e-02
1 91 2 4.252152e-04
2 91 2 6.016607e-04
3 91 2 1.257002e-03
4 91 2 2.375340e-03
5 91 2 3.505630e-03
6 91 2 4.455983e-03
7 91 2 5.003420e-03
8 91 2 4.588616e-03
9 91 2 3.299310e-03
10 91 2 2.042281e-03
11 91 2 1.058472e-03
12 91 2 5.433735e-04
1 92 2 2.408310e-03
2 92 2 3.440125e-03
3 92 2 8.623525e-03
4 92 2 2.057373e-02
5 92 2 3.879907e-02
6 92 2 5.945383e-02
7 92 2 7.136632e-02
8 92 2 6.495479e-02
9 92 2 4.063634e-02
10 92 2 2.159691e-02
11 92 2 8.470324e-03
12 92 2 3.636102e-03
1 93 2 4.941884e-02
2 93 2 5.962825e-02
3 93 2 1.225988e-01
4 93 2 2.857303e-01
5 93 2 5.097267e-01
6 93 2 8.089004e-01
7 93 2 1.085098e+00
8 93 2 1.066743e+00
9 93 2 7.174969e-01
10 93 2 4.131911e-01
11 93 2 1.769509e-01
12 93 2 7.370360e-02
1 94 2 1.026791e-01
2 94 2 1.021615e-01
3 94 2 1.364103e-01
4 94 2 2.417442e-01
5 94 2 4.126426e-01
6 94 2 6.497564e-01
7 94 2 8.976358e-01
8 94 2 9.782243e-01
9 94 2 8.057781e-01
10 94 2 4.863662e-01
11 94 2 2.610448e-01
12 94 2 1.426286e-01
1 98 2 1.556331e-02
2 98 2 1.448738e-02
3 98 2 1.364211e-02
4 98 2 1.452492e-02
5 98 2 1.648478e-02
6 98 2 1.886347e-02
7 98 2 2.121753e-02
8 98 2 2.236224e-02
9 98 2 2.206652e-02
10 98 2 2.085876e-02
11 98 2 1.876231e-02
12 98 2 1.707390e-02
1 101 2 2.124785e-02
2 101 2 2.183289e-02
3 101 2 2.237305e-02
4 101 2 2.758937e-02
5 101 2 3.548047e-02
6 101 2 4.142715e-02
7 101 2 4.422112e-02
8 101 2 4.431111e-02
9 101 2 4.259922e-02
10 101 2 3.652446e-02
11 101 2 2.808632e-02
12 101 2 2.252723e-02
1 102 2 1.842970e-01
2 102 2 2.083223e-01
3 102 2 2.560320e-01
4 102 2 3.202445e-01
5 102 2 3.705987e-01
6 102 2 4.045749e-01
7 102 2 4.159675e-01
8 102 2 4.212237e-01
9 102 2 3.796401e-01
10 102 2 2.924751e-01
11 102 2 2.347479e-01
12 102 2 1.924051e-01
1 103 2 1.578556e-01
2 103 2 1.610929e-01
3 103 2 1.755711e-01
4 103 2 1.983887e-01
5 103 2 2.310394e-01
6 103 2 2.643951e-01
7 103 2 2.860419e-01
8 103 2 3.001946e-01
9 103 2 2.944288e-01
10 103 2 2.573052e-01
11 103 2 2.116739e-01
12 103 2 1.759999e-01
1 104 2 3.565705e-02
2 104 2 3.421560e-02
3 104 2 3.458738e-02
4 104 2 3.792007e-02
5 104 2 4.434037e-02
6 104 2 5.088271e-02
7 104 2 5.710697e-02
8 104 2 6.168945e-02
9 104 2 6.218600e-02
10 104 2 5.809404e-02
11 104 2 4.778758e-02
12 104 2 3.956806e-02
1 107 2 1.855562e-02
2 107 2 1.957585e-02
3 107 2 2.285550e-02
4 107 2 2.618989e-02
5 107 2 2.937031e-02
6 107 2 3.760105e-02
7 107 2 4.109955e-02
8 107 2 4.093325e-02
9 107 2 3.831964e-02
10 107 2 3.277679e-02
11 107 2 2.605635e-02
12 107 2 2.037705e-02
1 108 2 1.729973e-03
2 108 2 2.210907e-03
3 108 2 3.211579e-03
4 108 2 4.974035e-03
5 108 2 7.721030e-03
6 108 2 1.059736e-02
7 108 2 1.134415e-02
8 108 2 1.002584e-02
9 108 2 8.112487e-03
10 108 2 5.597054e-03
11 108 2 2.915497e-03
12 108 2 1.855998e-03
1 109 2 3.282209e-03
2 109 2 4.335320e-03
3 109 2 6.780721e-03
4 109 2 1.176736e-02
5 109 2 2.004904e-02
6 109 2 2.527283e-02
7 109 2 2.567948e-02
8 109 2 2.360665e-02
9 109 2 1.895682e-02
10 109 2 1.330132e-02
11 109 2 5.916096e-03
12 109 2 3.455964e-03
1 110 2 1.445059e-03
2 110 2 1.840729e-03
3 110 2 2.956305e-03
4 110 2 4.576245e-03
5 110 2 7.097571e-03
6 110 2 8.219329e-03
7 110 2 8.836572e-03
8 110 2 8.739301e-03
9 110 2 7.358287e-03
10 110 2 5.364657e-03
11 110 2 2.594910e-03
12 110 2 1.527392e-03
1 111 2 4.961261e-02
2 111 2 6.205090e-02
3 111 2 1.004591e-01
4 111 2 1.522541e-01
5 111 2 2.301098e-01
6 111 2 2.951109e-01
7 111 2 3.119543e-01
8 111 2 3.089788e-01
9 111 2 2.631224e-01
10 111 2 1.712800e-01
11 111 2 9.226727e-02
12 111 2 5.635854e-02
1 112 2 5.714292e-02
2 112 2 7.367882e-02
3 112 2 1.292536e-01
4 112 2 2.149412e-01
5 112 2 3.268544e-01
6 112 2 3.983107e-01
7 112 2 4.056687e-01
8 112 2 3.781252e-01
9 112 2 2.886570e-01
10 112 2 1.916317e-01
11 112 2 1.099766e-01
12 112 2 6.760149e-02
1 113 2 3.275118e-02
2 113 2 4.149270e-02
3 113 2 6.970798e-02
4 113 2 1.042419e-01
5 113 2 1.282797e-01
6 113 2 1.120071e-01
7 113 2 9.610875e-02
8 113 2 9.179168e-02
9 113 2 9.078629e-02
10 113 2 8.289655e-02
11 113 2 5.798094e-02
12 113 2 3.916091e-02
1 114 2 8.933740e-02
2 114 2 1.211460e-01
3 114 2 2.158424e-01
4 114 2 3.146300e-01
5 114 2 3.629905e-01
6 114 2 2.657295e-01
7 114 2 2.194746e-01
8 114 2 2.011751e-01
9 114 2 1.941411e-01
10 114 2 1.737598e-01
11 114 2 1.324609e-01
12 114 2 9.811866e-02
1 115 2 3.145034e-02
2 115 2 4.575742e-02
3 115 2 7.253296e-02
4 115 2 8.991095e-02
5 115 2 8.029473e-02
6 115 2 7.455102e-02
7 115 2 7.190308e-02
8 115 2 6.898591e-02
9 115 2 6.344646e-02
10 115 2 5.669913e-02
11 115 2 4.307107e-02
12 115 2 3.090026e-02
1 116 2 2.681730e-02
2 116 2 3.432942e-02
3 116 2 5.249786e-02
4 116 2 7.430880e-02
5 116 2 8.642583e-02
6 116 2 9.841709e-02
7 116 2 1.031788e-01
8 116 2 9.876503e-02
9 116 2 8.001067e-02
10 116 2 6.396674e-02
11 116 2 4.647059e-02
12 116 2 3.061283e-02
1 117 2 6.394214e-03
2 117 2 6.677158e-03
3 117 2 8.432637e-03
4 117 2 1.154319e-02
5 117 2 1.469932e-02
6 117 2 1.741544e-02
7 117 2 1.854056e-02
8 117 2 1.851624e-02
9 117 2 1.689495e-02
10 117 2 1.446310e-02
11 117 2 1.167551e-02
12 117 2 8.434239e-03
1 126 2 3.915193e-04
2 126 2 4.069442e-04
3 126 2 4.410719e-04
4 126 2 4.657451e-04
5 126 2 4.601604e-04
6 126 2 4.276675e-04
7 126 2 4.122467e-04
8 126 2 4.162743e-04
9 126 2 4.140706e-04
10 126 2 4.068906e-04
11 126 2 3.975826e-04
12 126 2 3.915629e-04
1 127 2 3.945622e-02
2 127 2 4.012778e-02
3 127 2 4.235402e-02
4 127 2 4.397246e-02
5 127 2 4.457153e-02
6 127 2 4.317317e-02
7 127 2 4.318509e-02
8 127 2 4.417612e-02
9 127 2 4.370520e-02
10 127 2 4.195358e-02
11 127 2 4.065822e-02
12 127 2 4.015495e-02
1 128 2 1.788859e-01
2 128 2 1.837142e-01
3 128 2 1.885944e-01
4 128 2 1.841001e-01
5 128 2 1.790840e-01
6 128 2 1.737045e-01
7 128 2 1.851370e-01
8 128 2 2.105015e-01
9 128 2 2.213404e-01
10 128 2 2.090664e-01
11 128 2 1.901154e-01
12 128 2 1.791265e-01
1 129 2 5.101718e-03
2 129 2 5.031671e-03
3 129 2 5.158575e-03
4 129 2 5.308174e-03
5 129 2 5.390078e-03
6 129 2 5.535892e-03
7 129 2 5.784461e-03
8 129 2 6.305052e-03
9 129 2 6.587452e-03
10 129 2 6.616473e-03
11 129 2 6.041066e-03
12 129 2 5.366752e-03
1 133 2 1.095791e-01
2 133 2 1.274019e-01
3 133 2 1.529392e-01
4 133 2 1.570281e-01
5 133 2 1.497887e-01
6 133 2 1.376761e-01
7 133 2 1.228772e-01
8 133 2 1.150605e-01
9 133 2 1.199825e-01
10 133 2 1.277860e-01
11 133 2 1.219099e-01
12 133 2 1.066712e-01
1 135 2 4.737750e-03
2 135 2 5.337786e-03
3 135 2 6.347848e-03
4 135 2 6.836337e-03
5 135 2 6.569064e-03
6 135 2 5.860277e-03
7 135 2 5.062699e-03
8 135 2 5.113365e-03
9 135 2 5.433535e-03
10 135 2 5.109924e-03
11 135 2 4.897817e-03
12 135 2 4.600830e-03
1 136 2 5.300533e-03
2 136 2 5.455321e-03
3 136 2 6.746522e-03
4 136 2 8.201717e-03
5 136 2 8.981249e-03
6 136 2 8.194325e-03
7 136 2 7.251021e-03
8 136 2 7.234389e-03
9 136 2 7.271782e-03
10 136 2 6.840550e-03
11 136 2 6.467704e-03
12 136 2 5.743402e-03
1 137 2 1.289506e-03
2 137 2 1.352825e-03
3 137 2 1.551041e-03
4 137 2 1.704367e-03
5 137 2 1.682313e-03
6 137 2 1.547897e-03
7 137 2 1.431969e-03
8 137 2 1.381707e-03
9 137 2 1.382575e-03
10 137 2 1.440325e-03
11 137 2 1.424032e-03
12 137 2 1.342734e-03
1 138 2 5.152911e-02
2 138 2 5.666447e-02
3 138 2 6.573916e-02
4 138 2 7.316360e-02
5 138 2 7.381758e-02
6 138 2 6.487824e-02
7 138 2 6.010347e-02
8 138 2 5.796235e-02
9 138 2 5.812050e-02
10 138 2 5.845917e-02
11 138 2 5.670651e-02
12 138 2 5.259054e-02
1 139 2 8.779137e-02
2 139 2 9.997815e-02
3 139 2 1.117157e-01
4 139 2 1.172536e-01
5 139 2 1.156012e-01
6 139 2 1.076561e-01
7 139 2 1.018590e-01
8 139 2 9.805609e-02
9 139 2 9.678514e-02
10 139 2 9.753651e-02
11 139 2 9.281345e-02
12 139 2 8.495832e-02
1 140 2 2.932892e-02
2 140 2 3.032719e-02
3 140 2 3.293768e-02
4 140 2 3.731786e-02
5 140 2 3.962622e-02
6 140 2 3.806106e-02
7 140 2 3.603763e-02
8 140 2 3.475799e-02
9 140 2 3.425128e-02
10 140 2 3.444058e-02
11 140 2 3.371317e-02
12 140 2 3.143097e-02
1 141 2 4.521977e-02
2 141 2 4.475188e-02
3 141 2 4.603370e-02
4 141 2 5.052160e-02
5 141 2 5.451950e-02
6 141 2 5.391089e-02
7 141 2 5.245307e-02
8 141 2 5.086353e-02
9 141 2 5.043246e-02
10 141 2 5.055103e-02
11 141 2 5.105559e-02
12 141 2 4.957099e-02
1 150 2 5.232167e-05
2 150 2 5.727430e-05
3 150 2 6.130562e-05
4 150 2 6.269001e-05
5 150 2 5.865874e-05
6 150 2 5.173437e-05
7 150 2 4.719618e-05
8 150 2 4.605649e-05
9 150 2 4.456750e-05
10 150 2 4.355352e-05
11 150 2 4.440030e-05
12 150 2 4.724065e-05
1 151 2 3.394795e-02
2 151 2 3.610761e-02
3 151 2 3.828477e-02
4 151 2 3.918751e-02
5 151 2 3.791664e-02
6 151 2 3.569130e-02
7 151 2 3.490268e-02
8 151 2 3.625020e-02
9 151 2 3.451341e-02
10 151 2 3.238727e-02
11 151 2 3.143759e-02
12 151 2 3.222187e-02
1 152 2 2.688060e-02
2 152 2 2.722807e-02
3 152 2 2.748013e-02
4 152 2 2.611322e-02
5 152 2 2.510180e-02
6 152 2 2.465350e-02
7 152 2 2.818554e-02
8 152 2 3.758202e-02
9 152 2 3.989743e-02
10 152 2 3.400495e-02
11 152 2 2.916065e-02
12 152 2 2.696761e-02
1 153 2 3.115763e-02
2 153 2 3.191340e-02
3 153 2 3.367084e-02
4 153 2 3.302665e-02
5 153 2 3.189389e-02
6 153 2 3.131341e-02
7 153 2 3.655269e-02
8 153 2 4.776779e-02
9 153 2 5.809895e-02
10 153 2 5.192852e-02
11 153 2 3.928127e-02
12 153 2 3.277490e-02
1 154 2 8.477729e-02
2 154 2 8.431731e-02
3 154 2 8.774300e-02
4 154 2 8.407407e-02
5 154 2 7.861691e-02
6 154 2 7.071683e-02
7 154 2 6.677526e-02
8 154 2 6.956192e-02
9 154 2 7.843014e-02
10 154 2 8.814147e-02
11 154 2 9.289128e-02
12 154 2 8.982144e-02
1 157 2 3.383256e-03
2 157 2 3.513173e-03
3 157 2 3.761355e-03
4 157 2 3.708368e-03
5 157 2 3.614593e-03
6 157 2 3.398339e-03
7 157 2 3.242500e-03
8 157 2 3.209816e-03
9 157 2 3.186616e-03
10 157 2 3.242179e-03
11 157 2 3.265423e-03
12 157 2 3.308037e-03
1 163 2 1.571103e-02
2 163 2 1.592154e-02
3 163 2 1.639400e-02
4 163 2 1.737775e-02
5 163 2 1.739471e-02
6 163 2 1.608209e-02
7 163 2 1.486784e-02
8 163 2 1.396120e-02
9 163 2 1.416112e-02
10 163 2 1.498191e-02
11 163 2 1.556758e-02
12 163 2 1.568956e-02
1 164 2 5.949047e-02
2 164 2 5.898181e-02
3 164 2 6.062367e-02
4 164 2 6.345183e-02
5 164 2 6.270545e-02
6 164 2 5.799770e-02
7 164 2 5.368199e-02
8 164 2 5.243742e-02
9 164 2 5.614979e-02
10 164 2 6.151458e-02
11 164 2 6.275689e-02
12 164 2 6.171184e-02
1 165 2 2.631618e-02
2 165 2 2.579171e-02
3 165 2 2.611595e-02
4 165 2 2.669360e-02
5 165 2 2.640061e-02
6 165 2 2.429230e-02
7 165 2 2.290432e-02
8 165 2 2.318332e-02
9 165 2 2.471092e-02
10 165 2 2.642133e-02
11 165 2 2.779414e-02
12 165 2 2.782688e-02
1 166 2 1.150336e-02
2 166 2 1.138852e-02
3 166 2 1.120036e-02
4 166 2 1.114782e-02
5 166 2 1.078280e-02
6 166 2 9.972292e-03
7 166 2 9.416861e-03
8 166 2 9.487117e-03
9 166 2 9.842181e-03
10 166 2 1.035325e-02
11 166 2 1.116233e-02
12 166 2 1.172474e-02
1 170 2 5.202968e-04
2 170 2 5.722234e-04
3 170 2 5.622064e-04
4 170 2 5.110156e-04
5 170 2 4.258286e-04
6 170 2 3.580475e-04
7 170 2 3.386569e-04
8 170 2 3.233083e-04
9 170 2 3.287460e-04
10 170 2 3.660563e-04
11 170 2 4.038751e-04
12 170 2 4.650871e-04
1 171 2 1.871384e-03
2 171 2 2.054242e-03
3 171 2 2.079111e-03
4 171 2 1.849751e-03
5 171 2 1.538785e-03
6 171 2 1.318666e-03
7 171 2 1.197207e-03
8 171 2 1.134391e-03
9 171 2 1.150919e-03
10 171 2 1.251879e-03
11 171 2 1.428821e-03
12 171 2 1.688014e-03
1 175 2 5.397783e-05
2 175 2 5.706714e-05
3 175 2 5.723084e-05
4 175 2 5.360349e-05
5 175 2 4.657299e-05
6 175 2 4.243980e-05
7 175 2 4.155921e-05
8 175 2 4.120833e-05
9 175 2 3.832824e-05
10 175 2 3.874442e-05
11 175 2 4.050693e-05
12 175 2 4.725157e-05
1 176 2 3.855073e-02
2 176 2 3.883977e-02
3 176 2 3.802401e-02
4 176 2 3.358346e-02
5 176 2 2.716752e-02
6 176 2 2.461887e-02
7 176 2 2.457397e-02
8 176 2 2.803563e-02
9 176 2 3.053371e-02
10 176 2 3.258690e-02
11 176 2 3.478409e-02
12 176 2 3.694924e-02
1 177 2 1.705566e-01
2 177 2 1.657345e-01
3 177 2 1.564842e-01
4 177 2 1.368350e-01
5 177 2 1.118938e-01
6 177 2 9.554783e-02
7 177 2 9.941605e-02
8 177 2 1.191187e-01
9 177 2 1.497136e-01
10 177 2 1.556964e-01
11 177 2 1.588545e-01
12 177 2 1.591790e-01
1 178 2 6.215837e-02
2 178 2 6.143191e-02
3 178 2 5.888697e-02
4 178 2 4.935675e-02
5 178 2 4.297515e-02
6 178 2 3.632357e-02
7 178 2 3.459590e-02
8 178 2 3.485051e-02
9 178 2 3.974613e-02
10 178 2 4.276571e-02
11 178 2 4.830144e-02
12 178 2 5.362475e-02
1 181 2 7.590587e-04
2 181 2 8.017336e-04
3 181 2 8.127742e-04
4 181 2 7.771210e-04
5 181 2 6.408825e-04
6 181 2 5.541690e-04
7 181 2 4.899995e-04
8 181 2 5.014746e-04
9 181 2 5.432968e-04
10 181 2 5.882890e-04
11 181 2 6.662450e-04
12 181 2 7.093581e-04
1 182 2 9.065101e-02
2 182 2 8.378948e-02
3 182 2 7.900973e-02
4 182 2 6.599978e-02
5 182 2 5.168370e-02
6 182 2 3.865632e-02
7 182 2 3.832766e-02
8 182 2 5.326102e-02
9 182 2 7.390540e-02
10 182 2 9.064234e-02
11 182 2 1.001784e-01
12 182 2 9.615650e-02
1 183 2 1.930732e-02
2 183 2 1.854792e-02
3 183 2 1.770747e-02
4 183 2 1.605583e-02
5 183 2 1.350910e-02
6 183 2 1.096424e-02
7 183 2 1.020107e-02
8 183 2 1.211338e-02
9 183 2 1.408456e-02
10 183 2 1.666202e-02
11 183 2 1.813988e-02
12 183 2 1.865804e-02
1 184 2 6.011318e-03
2 184 2 6.091014e-03
3 184 2 5.899052e-03
4 184 2 5.308765e-03
5 184 2 4.413426e-03
6 184 2 3.566880e-03
7 184 2 3.216429e-03
8 184 2 3.359246e-03
9 184 2 3.558560e-03
10 184 2 4.086557e-03
11 184 2 4.781547e-03
12 184 2 5.449906e-03
1 188 2 3.193162e-03
2 188 2 3.165322e-03
3 188 2 2.933969e-03
4 188 2 2.395786e-03
5 188 2 1.693246e-03
6 188 2 1.287943e-03
7 188 2 1.108264e-03
8 188 2 1.127356e-03
9 188 2 1.526998e-03
10 188 2 2.006690e-03
11 188 2 2.389769e-03
12 188 2 2.980684e-03
1 189 2 2.785854e-03
2 189 2 2.574691e-03
3 189 2 2.335474e-03
4 189 2 1.726262e-03
5 189 2 1.142940e-03
6 189 2 8.082444e-04
7 189 2 7.684676e-04
8 189 2 9.439327e-04
9 189 2 1.518481e-03
10 189 2 2.162094e-03
11 189 2 2.629828e-03
12 189 2 2.748157e-03
1 190 2 1.140443e-02
2 190 2 1.080591e-02
3 190 2 9.379550e-03
4 190 2 6.643340e-03
5 190 2 4.635057e-03
6 190 2 3.362469e-03
7 190 2 3.159417e-03
8 190 2 3.808668e-03
9 190 2 5.349700e-03
10 190 2 7.292935e-03
11 190 2 9.556071e-03
12 190 2 1.072174e-02
1 191 2 7.781205e-03
2 191 2 8.063384e-03
3 191 2 7.837649e-03
4 191 2 6.474778e-03
5 191 2 5.324331e-03
6 191 2 4.373845e-03
7 191 2 3.845346e-03
8 191 2 3.905283e-03
9 191 2 4.260743e-03
10 191 2 4.782246e-03
11 191 2 5.881662e-03
12 191 2 6.919721e-03
1 192 2 3.598920e-03
2 192 2 3.889432e-03
3 192 2 3.789508e-03
4 192 2 3.281147e-03
5 192 2 2.773064e-03
6 192 2 2.361152e-03
7 192 2 2.074983e-03
8 192 2 1.928147e-03
9 192 2 1.985309e-03
10 192 2 2.180097e-03
11 192 2 2.602472e-03
12 192 2 3.125000e-03
1 200 2 1.669907e-01
2 200 2 1.717919e-01
3 200 2 1.404880e-01
4 200 2 9.287263e-02
5 200 2 6.078979e-02
6 200 2 4.950766e-02
7 200 2 4.703484e-02
8 200 2 5.072308e-02
9 200 2 5.618479e-02
10 200 2 7.183500e-02
11 200 2 9.982533e-02
12 200 2 1.375390e-01
1 201 2 1.143401e-01
2 201 2 1.179753e-01
3 201 2 1.079993e-01
4 201 2 8.313018e-02
5 201 2 6.264654e-02
6 201 2 5.182921e-02
7 201 2 4.898150e-02
8 201 2 5.066691e-02
9 201 2 5.014508e-02
10 201 2 5.966615e-02
11 201 2 7.605831e-02
12 201 2 9.472827e-02
1 206 2 6.027455e-02
2 206 2 6.510437e-02
3 206 2 5.890203e-02
4 206 2 5.026379e-02
5 206 2 4.156789e-02
6 206 2 3.624369e-02
7 206 2 3.108603e-02
8 206 2 3.052255e-02
9 206 2 3.304034e-02
10 206 2 3.739980e-02
11 206 2 4.384119e-02
12 206 2 5.164947e-02
1 207 2 2.281392e-03
2 207 2 2.490994e-03
3 207 2 2.362405e-03
4 207 2 2.142113e-03
5 207 2 1.899738e-03
6 207 2 1.629397e-03
7 207 2 1.436168e-03
8 207 2 1.414259e-03
9 207 2 1.426897e-03
10 207 2 1.571676e-03
11 207 2 1.693800e-03
12 207 2 1.937603e-03
1 212 2 4.492718e-03
2 212 2 4.795699e-03
3 212 2 4.256652e-03
4 212 2 3.578528e-03
5 212 2 2.789179e-03
6 212 2 2.251099e-03
7 212 2 1.868540e-03
8 212 2 1.805927e-03
9 212 2 2.051039e-03
10 212 2 2.420130e-03
11 212 2 2.870696e-03
12 212 2 3.795608e-03
1 213 2 9.790122e-04
2 213 2 1.069987e-03
3 213 2 9.067716e-04
4 213 2 7.673231e-04
5 213 2 5.920921e-04
6 213 2 4.564197e-04
7 213 2 3.873666e-04
8 213 2 3.781637e-04
9 213 2 4.555142e-04
10 213 2 5.613686e-04
11 213 2 6.893536e-04
12 213 2 8.435742e-04
1 214 2 3.482397e-02
2 214 2 3.691777e-02
3 214 2 2.966113e-02
4 214 2 2.203036e-02
5 214 2 1.628448e-02
6 214 2 1.200091e-02
7 214 2 1.039297e-02
8 214 2 1.071437e-02
9 214 2 1.352461e-02
10 214 2 1.813188e-02
11 214 2 2.482088e-02
12 214 2 3.010340e-02
1 215 2 1.290262e-02
2 215 2 1.327206e-02
3 215 2 1.237416e-02
4 215 2 9.861686e-03
5 215 2 8.010206e-03
6 215 2 6.436032e-03
7 215 2 5.561623e-03
8 215 2 5.575299e-03
9 215 2 6.269798e-03
10 215 2 7.459045e-03
11 215 2 9.391965e-03
12 215 2 1.134601e-02
1 216 2 6.541462e-03
2 216 2 6.829767e-03
3 216 2 6.404638e-03
4 216 2 5.206599e-03
5 216 2 4.169145e-03
6 216 2 3.586582e-03
7 216 2 3.151671e-03
8 216 2 3.013582e-03
9 216 2 3.127125e-03
10 216 2 3.554271e-03
11 216 2 4.275186e-03
12 216 2 5.494386e-03
1 224 2 4.889118e-03
2 224 2 5.344964e-03
3 224 2 4.664133e-03
4 224 2 4.016518e-03
5 224 2 3.243413e-03
6 224 2 2.756273e-03
7 224 2 2.504047e-03
8 224 2 2.615448e-03
9 224 2 2.689690e-03
10 224 2 3.172361e-03
11 224 2 3.788425e-03
12 224 2 4.519890e-03
1 240 2 4.037470e-04
2 240 2 4.118194e-04
3 240 2 3.765988e-04
4 240 2 3.325957e-04
5 240 2 2.890685e-04
6 240 2 2.493316e-04
7 240 2 2.442738e-04
8 240 2 2.518321e-04
9 240 2 2.451434e-04
10 240 2 2.639939e-04
11 240 2 2.900644e-04
12 240 2 3.594844e-04
