1 7 2 2.345614e-07
2 7 2 2.003832e-07
3 7 2 2.191481e-07
4 7 2 5.664080e-07
5 7 2 1.948849e-06
6 7 2 5.248983e-06
7 7 2 7.102029e-06
8 7 2 4.842230e-06
9 7 2 2.094102e-06
10 7 2 9.180484e-07
11 7 2 4.863946e-07
12 7 2 2.869411e-07
1 25 2 2.110450e-04
2 25 2 2.003863e-04
3 25 2 2.823113e-04
4 25 2 5.151553e-04
5 25 2 1.441157e-03
6 25 2 2.613354e-03
7 25 2 3.168150e-03
8 25 2 2.429411e-03
9 25 2 1.372746e-03
10 25 2 6.423954e-04
11 25 2 3.063016e-04
12 25 2 1.773783e-04
1 26 2 1.548923e-04
2 26 2 1.274779e-04
3 26 2 2.107951e-04
4 26 2 4.705119e-04
5 26 2 1.325359e-03
6 26 2 2.531399e-03
7 26 2 2.746561e-03
8 26 2 2.054986e-03
9 26 2 1.123969e-03
10 26 2 4.524414e-04
11 26 2 2.363821e-04
12 26 2 1.461431e-04
1 27 2 6.759906e-04
2 27 2 5.968391e-04
3 27 2 1.046256e-03
4 27 2 2.664685e-03
5 27 2 7.503951e-03
6 27 2 1.551158e-02
7 27 2 1.749444e-02
8 27 2 1.316760e-02
9 27 2 6.804551e-03
10 27 2 2.555273e-03
11 27 2 1.354204e-03
12 27 2 8.376681e-04
1 28 2 2.436266e-05
2 28 2 2.217067e-05
3 28 2 3.728723e-05
4 28 2 1.013556e-04
5 28 2 2.894322e-04
6 28 2 6.196696e-04
7 28 2 7.387902e-04
8 28 2 5.566867e-04
9 28 2 2.863714e-04
10 28 2 1.115278e-04
11 28 2 5.567628e-05
12 28 2 3.471107e-05
1 29 2 3.267285e-05
2 29 2 3.090862e-05
3 29 2 4.923896e-05
4 29 2 1.480534e-04
5 29 2 4.427447e-04
6 29 2 1.089635e-03
7 29 2 1.484334e-03
8 29 2 1.104355e-03
9 29 2 5.071746e-04
10 29 2 1.879778e-04
11 29 2 8.885786e-05
12 29 2 5.546897e-05
1 30 2 7.403576e-06
2 30 2 6.474888e-06
3 30 2 1.029086e-05
4 30 2 3.149743e-05
5 30 2 8.725277e-05
6 30 2 2.372936e-04
7 30 2 3.439457e-04
8 30 2 2.633959e-04
9 30 2 1.191776e-04
10 30 2 4.664826e-05
11 30 2 2.151756e-05
12 30 2 1.288683e-05
1 31 2 1.322568e-05
2 31 2 1.019150e-05
3 31 2 1.548212e-05
4 31 2 4.309188e-05
5 31 2 1.112841e-04
6 31 2 2.930055e-04
7 31 2 4.132029e-04
8 31 2 3.335271e-04
9 31 2 1.668524e-04
10 31 2 7.641019e-05
11 31 2 3.668622e-05
12 31 2 2.044327e-05
1 32 2 1.563826e-05
2 32 2 1.294547e-05
3 32 2 1.809553e-05
4 32 2 4.020899e-05
5 32 2 1.073928e-04
6 32 2 2.543924e-04
7 32 2 3.281964e-04
8 32 2 2.711050e-04
9 32 2 1.513882e-04
10 32 2 7.804211e-05
11 32 2 4.032897e-05
12 32 2 2.091502e-05
1 35 2 1.190906e-03
2 35 2 1.134754e-03
3 35 2 1.232678e-03
4 35 2 1.642655e-03
5 35 2 2.575081e-03
6 35 2 3.932711e-03
7 35 2 4.732258e-03
8 35 2 4.345467e-03
9 35 2 2.953347e-03
10 35 2 2.135266e-03
11 35 2 1.617350e-03
12 35 2 1.313950e-03
1 36 2 1.428791e-04
2 36 2 1.341356e-04
3 36 2 1.486619e-04
4 36 2 1.785560e-04
5 36 2 2.442050e-04
6 36 2 3.522859e-04
7 36 2 4.148932e-04
8 36 2 4.226630e-04
9 36 2 3.226313e-04
10 36 2 2.527686e-04
11 36 2 1.934655e-04
12 36 2 1.603026e-04
1 37 2 3.178977e-03
2 37 2 3.076808e-03
3 37 2 3.876922e-03
4 37 2 4.985201e-03
5 37 2 7.536672e-03
6 37 2 1.143100e-02
7 37 2 1.329484e-02
8 37 2 1.306914e-02
9 37 2 9.617670e-03
10 37 2 7.211571e-03
11 37 2 5.082796e-03
12 37 2 3.893855e-03
1 38 2 1.460159e-02
2 38 2 1.458850e-02
3 38 2 2.222365e-02
4 38 2 3.295022e-02
5 38 2 6.015857e-02
6 38 2 1.067468e-01
7 38 2 1.265441e-01
8 38 2 1.097506e-01
9 38 2 7.089049e-02
10 38 2 4.845358e-02
11 38 2 2.768733e-02
12 38 2 1.998025e-02
1 39 2 2.372289e-02
2 39 2 2.471448e-02
3 39 2 4.003236e-02
4 39 2 6.181329e-02
5 39 2 1.199382e-01
6 39 2 2.318709e-01
7 39 2 2.879188e-01
8 39 2 2.331041e-01
9 39 2 1.469284e-01
10 39 2 9.278352e-02
11 39 2 4.696501e-02
12 39 2 3.428106e-02
1 40 2 5.894409e-03
2 40 2 6.467188e-03
3 40 2 1.153414e-02
4 40 2 1.939557e-02
5 40 2 4.239969e-02
6 40 2 9.626596e-02
7 40 2 1.204436e-01
8 40 2 8.835439e-02
9 40 2 5.442540e-02
10 40 2 2.932492e-02
11 40 2 1.256195e-02
12 40 2 9.358258e-03
1 41 2 3.138410e-03
2 41 2 3.355117e-03
3 41 2 6.723542e-03
4 41 2 1.197511e-02
5 41 2 3.003532e-02
6 41 2 7.621771e-02
7 41 2 9.854496e-02
8 41 2 6.911898e-02
9 41 2 3.862689e-02
10 41 2 1.674125e-02
11 41 2 6.431540e-03
12 41 2 5.360606e-03
1 42 2 1.700424e-03
2 42 2 1.778677e-03
3 42 2 3.835693e-03
4 42 2 7.566640e-03
5 42 2 2.151069e-02
6 42 2 5.966420e-02
7 42 2 8.352288e-02
8 42 2 5.577790e-02
9 42 2 2.641375e-02
10 42 2 9.453201e-03
11 42 2 3.524333e-03
12 42 2 2.891203e-03
1 43 2 4.770948e-05
2 43 2 4.946858e-05
3 43 2 1.167202e-04
4 43 2 2.848007e-04
5 43 2 9.532803e-04
6 43 2 2.811372e-03
7 43 2 4.109837e-03
8 43 2 2.579870e-03
9 43 2 1.054957e-03
10 43 2 3.238986e-04
11 43 2 1.104564e-04
12 43 2 7.739763e-05
1 44 2 1.968030e-04
2 44 2 1.977427e-04
3 44 2 4.301208e-04
4 44 2 1.162821e-03
5 44 2 4.344263e-03
6 44 2 1.369021e-02
7 44 2 2.000900e-02
8 44 2 1.206530e-02
9 44 2 4.349360e-03
10 44 2 1.288627e-03
11 44 2 4.229312e-04
12 44 2 2.859490e-04
1 45 2 4.519358e-04
2 45 2 5.064880e-04
3 45 2 9.229089e-04
4 45 2 2.721732e-03
5 45 2 1.139808e-02
6 45 2 3.782003e-02
7 45 2 5.290973e-02
8 45 2 3.221667e-02
9 45 2 1.107859e-02
10 45 2 2.828595e-03
11 45 2 8.198879e-04
12 45 2 5.358382e-04
1 46 2 2.051428e-04
2 46 2 2.580747e-04
3 46 2 4.056738e-04
4 46 2 1.126515e-03
5 46 2 4.423778e-03
6 46 2 1.372207e-02
7 46 2 1.919620e-02
8 46 2 1.202856e-02
9 46 2 4.518271e-03
10 46 2 1.095175e-03
11 46 2 3.011069e-04
12 46 2 2.147313e-04
1 47 2 2.694508e-04
2 47 2 3.429132e-04
3 47 2 4.832184e-04
4 47 2 1.082664e-03
5 47 2 3.690260e-03
6 47 2 1.016666e-02
7 47 2 1.378816e-02
8 47 2 9.349361e-03
9 47 2 3.960675e-03
10 47 2 1.221624e-03
11 47 2 3.604110e-04
12 47 2 2.739603e-04
1 48 2 3.651090e-04
2 48 2 4.194146e-04
3 48 2 5.768812e-04
4 48 2 1.126527e-03
5 48 2 3.495830e-03
6 48 2 8.041009e-03
7 48 2 1.068575e-02
8 48 2 7.518040e-03
9 48 2 3.578891e-03
10 48 2 1.334337e-03
11 48 2 4.803446e-04
12 48 2 3.185353e-04
1 49 2 8.039140e-05
2 49 2 7.314908e-05
3 49 2 8.297251e-05
4 49 2 9.711197e-05
5 49 2 1.388908e-04
6 49 2 2.113143e-04
7 49 2 3.151405e-04
8 49 2 2.963454e-04
9 49 2 2.066975e-04
10 49 2 1.479120e-04
11 49 2 1.079877e-04
12 49 2 7.877683e-05
1 50 2 3.284739e-04
2 50 2 2.835384e-04
3 50 2 3.323509e-04
4 50 2 3.788455e-04
5 50 2 5.331987e-04
6 50 2 7.824617e-04
7 50 2 1.079912e-03
8 50 2 1.038512e-03
9 50 2 7.519768e-04
10 50 2 5.360406e-04
11 50 2 4.013233e-04
12 50 2 3.159983e-04
1 51 2 1.260147e-04
2 51 2 1.150081e-04
3 51 2 1.249690e-04
4 51 2 1.442556e-04
5 51 2 1.966241e-04
6 51 2 2.757496e-04
7 51 2 3.593420e-04
8 51 2 3.563582e-04
9 51 2 2.960814e-04
10 51 2 2.082561e-04
11 51 2 1.560803e-04
12 51 2 1.308000e-04
1 52 2 4.585692e-02
2 52 2 4.819956e-02
3 52 2 6.054961e-02
4 52 2 8.827308e-02
5 52 2 1.492814e-01
6 52 2 2.054446e-01
7 52 2 2.635209e-01
8 52 2 2.464823e-01
9 52 2 1.989696e-01
10 52 2 1.136644e-01
11 52 2 6.841484e-02
12 52 2 5.275827e-02
1 53 2 1.194512e-02
2 53 2 1.498677e-02
3 53 2 2.539074e-02
4 53 2 5.542040e-02
5 53 2 1.055374e-01
6 53 2 1.575942e-01
7 53 2 2.187594e-01
8 53 2 1.864085e-01
9 53 2 1.261627e-01
10 53 2 5.564307e-02
11 53 2 2.481831e-02
12 53 2 1.572341e-02
1 54 2 6.406238e-03
2 54 2 8.310530e-03
3 54 2 1.554103e-02
4 54 2 3.861792e-02
5 54 2 7.606528e-02
6 54 2 1.469234e-01
7 54 2 2.087117e-01
8 54 2 1.750101e-01
9 54 2 1.061409e-01
10 54 2 4.514144e-02
11 54 2 1.934968e-02
12 54 2 1.067366e-02
1 55 2 4.149009e-03
2 55 2 4.627251e-03
3 55 2 8.632011e-03
4 55 2 2.021229e-02
5 55 2 4.010938e-02
6 55 2 8.565751e-02
7 55 2 1.190704e-01
8 55 2 1.026879e-01
9 55 2 6.511802e-02
10 55 2 3.122305e-02
11 55 2 1.460807e-02
12 55 2 8.364623e-03
1 56 2 1.446297e-02
2 56 2 1.500941e-02
3 56 2 2.599669e-02
4 56 2 5.796891e-02
5 56 2 1.267123e-01
6 56 2 2.497778e-01
7 56 2 3.453397e-01
8 56 2 2.866144e-01
9 56 2 1.873380e-01
10 56 2 9.652332e-02
11 56 2 4.351630e-02
12 56 2 2.495702e-02
1 57 2 2.912194e-03
2 57 2 2.778522e-03
3 57 2 3.417424e-03
4 57 2 5.187115e-03
5 57 2 8.678856e-03
6 57 2 1.412158e-02
7 57 2 2.010929e-02
8 57 2 1.812338e-02
9 57 2 1.348381e-02
10 57 2 8.661297e-03
11 57 2 5.296429e-03
12 57 2 3.806304e-03
1 60 2 3.468237e-01
2 60 2 3.358675e-01
3 60 2 3.851733e-01
4 60 2 4.568099e-01
5 60 2 5.632103e-01
6 60 2 7.411809e-01
7 60 2 8.628827e-01
8 60 2 8.632457e-01
9 60 2 7.325881e-01
10 60 2 5.980352e-01
11 60 2 4.782883e-01
12 60 2 3.964520e-01
1 61 2 8.544415e-01
2 61 2 8.595810e-01
3 61 2 1.208986e+00
4 61 2 1.820988e+00
5 61 2 2.656266e+00
6 61 2 3.742249e+00
7 61 2 4.428589e+00
8 61 2 4.260669e+00
9 61 2 3.310652e+00
10 61 2 2.251925e+00
11 61 2 1.469068e+00
12 61 2 1.030392e+00
1 62 2 2.874829e-01
2 62 2 3.148614e-01
3 62 2 4.956495e-01
4 62 2 8.972767e-01
5 62 2 1.539023e+00
6 62 2 2.183227e+00
7 62 2 2.669645e+00
8 62 2 2.492017e+00
9 62 2 1.736493e+00
10 62 2 1.035538e+00
11 62 2 5.623431e-01
12 62 2 3.659568e-01
1 63 2 3.640356e-01
2 63 2 4.419237e-01
3 63 2 7.394544e-01
4 63 2 1.555260e+00
5 63 2 2.984800e+00
6 63 2 4.437380e+00
7 63 2 5.674337e+00
8 63 2 4.937785e+00
9 63 2 3.015844e+00
10 63 2 1.646985e+00
11 63 2 7.607546e-01
12 63 2 4.980221e-01
1 64 2 8.705372e-02
2 64 2 1.115249e-01
3 64 2 2.123703e-01
4 64 2 5.030343e-01
5 64 2 1.077341e+00
6 64 2 1.725654e+00
7 64 2 2.187304e+00
8 64 2 1.709983e+00
9 64 2 9.791108e-01
10 64 2 4.328433e-01
11 64 2 1.977881e-01
12 64 2 1.353578e-01
1 65 2 2.943934e-02
2 65 2 3.650497e-02
3 65 2 7.997553e-02
4 65 2 2.255338e-01
5 65 2 4.728725e-01
6 65 2 8.036645e-01
7 65 2 1.041663e+00
8 65 2 7.774411e-01
9 65 2 4.409400e-01
10 65 2 1.564703e-01
11 65 2 6.888131e-02
12 65 2 4.991819e-02
1 66 2 1.949867e-02
2 66 2 2.410644e-02
3 66 2 5.730790e-02
4 66 2 1.880082e-01
5 66 2 3.909228e-01
6 66 2 6.722093e-01
7 66 2 9.270888e-01
8 66 2 7.008801e-01
9 66 2 3.964765e-01
10 66 2 1.313572e-01
11 66 2 5.033805e-02
12 66 2 3.122371e-02
1 67 2 6.643393e-03
2 67 2 8.858656e-03
3 67 2 2.252762e-02
4 67 2 8.321898e-02
5 67 2 1.888191e-01
6 67 2 3.220323e-01
7 67 2 4.502366e-01
8 67 2 3.464940e-01
9 67 2 1.895081e-01
10 67 2 6.969097e-02
11 67 2 2.203681e-02
12 67 2 9.918652e-03
1 68 2 1.637778e-03
2 68 2 2.199095e-03
3 68 2 6.531190e-03
4 68 2 3.002079e-02
5 68 2 8.181050e-02
6 68 2 1.567743e-01
7 68 2 2.247846e-01
8 68 2 1.671799e-01
9 68 2 8.023129e-02
10 68 2 2.947601e-02
11 68 2 6.721575e-03
12 68 2 2.338875e-03
1 69 2 1.000205e-03
2 69 2 1.418106e-03
3 69 2 3.391303e-03
4 69 2 1.487107e-02
5 69 2 4.768477e-02
6 69 2 1.128514e-01
7 69 2 1.653263e-01
8 69 2 1.272678e-01
9 69 2 5.467343e-02
10 69 2 1.777769e-02
11 69 2 3.444675e-03
12 69 2 1.295421e-03
1 70 2 4.125633e-03
2 70 2 4.822076e-03
3 70 2 6.909895e-03
4 70 2 1.802756e-02
5 70 2 4.520739e-02
6 70 2 1.097764e-01
7 70 2 1.776932e-01
8 70 2 1.619503e-01
9 70 2 8.362028e-02
10 70 2 2.980637e-02
11 70 2 9.065320e-03
12 70 2 5.103118e-03
1 71 2 3.420416e-03
2 71 2 3.470922e-03
3 71 2 3.927612e-03
4 71 2 6.302630e-03
5 71 2 1.220585e-02
6 71 2 2.546256e-02
7 71 2 3.907703e-02
8 71 2 3.885237e-02
9 71 2 2.492731e-02
10 71 2 1.187255e-02
11 71 2 5.671817e-03
12 71 2 3.939269e-03
1 72 2 1.437824e-05
2 72 2 1.373247e-05
3 72 2 1.487771e-05
4 72 2 1.896922e-05
5 72 2 2.951470e-05
6 72 2 5.135657e-05
7 72 2 7.954544e-05
8 72 2 7.650406e-05
9 72 2 5.352480e-05
10 72 2 3.245441e-05
11 72 2 1.999639e-05
12 72 2 1.428005e-05
1 76 2 1.147276e-01
2 76 2 1.049640e-01
3 76 2 1.060204e-01
4 76 2 1.153249e-01
5 76 2 1.567862e-01
6 76 2 2.235672e-01
7 76 2 2.997912e-01
8 76 2 3.199321e-01
9 76 2 3.048331e-01
10 76 2 2.035676e-01
11 76 2 1.314114e-01
12 76 2 1.149307e-01
1 77 2 1.118187e-01
2 77 2 1.451957e-01
3 77 2 1.901977e-01
4 77 2 3.074013e-01
5 77 2 5.161392e-01
6 77 2 7.968651e-01
7 77 2 1.082725e+00
8 77 2 1.027681e+00
9 77 2 7.612627e-01
10 77 2 3.845989e-01
11 77 2 1.687631e-01
12 77 2 1.063706e-01
1 78 2 1.279901e-01
2 78 2 1.748804e-01
3 78 2 2.435314e-01
4 78 2 4.367992e-01
5 78 2 6.830277e-01
6 78 2 1.084411e+00
7 78 2 1.338586e+00
8 78 2 1.253423e+00
9 78 2 8.127057e-01
10 78 2 4.309937e-01
11 78 2 2.327459e-01
12 78 2 1.343721e-01
1 79 2 4.105091e-01
2 79 2 5.037015e-01
3 79 2 7.395791e-01
4 79 2 1.226715e+00
5 79 2 1.863720e+00
6 79 2 3.044704e+00
7 79 2 3.730905e+00
8 79 2 3.534371e+00
9 79 2 2.440504e+00
10 79 2 1.473199e+00
11 79 2 8.393528e-01
12 79 2 5.141721e-01
1 80 2 2.009806e-01
2 80 2 2.013731e-01
3 80 2 2.530378e-01
4 80 2 3.421362e-01
5 80 2 5.102658e-01
6 80 2 7.763510e-01
7 80 2 9.996697e-01
8 80 2 9.896564e-01
9 80 2 8.213968e-01
10 80 2 5.758849e-01
11 80 2 3.359483e-01
12 80 2 2.483217e-01
1 81 2 4.411254e-08
2 81 2 3.997660e-08
3 81 2 4.210621e-08
4 81 2 4.992765e-08
5 81 2 7.189536e-08
6 81 2 9.687692e-08
7 81 2 1.292656e-07
8 81 2 1.386991e-07
9 81 2 1.261208e-07
10 81 2 9.677161e-08
11 81 2 6.396972e-08
12 81 2 5.237177e-08
1 84 2 3.163998e-01
2 84 2 3.345142e-01
3 84 2 4.137272e-01
4 84 2 5.228218e-01
5 84 2 7.009463e-01
6 84 2 1.148551e+00
7 84 2 1.538282e+00
8 84 2 1.474056e+00
9 84 2 1.106053e+00
10 84 2 6.980304e-01
11 84 2 4.689208e-01
12 84 2 3.582048e-01
1 85 2 2.865462e-01
2 85 2 3.226737e-01
3 85 2 4.195278e-01
4 85 2 6.095348e-01
5 85 2 9.757324e-01
6 85 2 1.490584e+00
7 85 2 2.062362e+00
8 85 2 1.961942e+00
9 85 2 1.412732e+00
10 85 2 7.792711e-01
11 85 2 4.394761e-01
12 85 2 3.188842e-01
1 86 2 8.992800e-02
2 86 2 1.018173e-01
3 86 2 1.301150e-01
4 86 2 1.889953e-01
5 86 2 3.037528e-01
6 86 2 4.407387e-01
7 86 2 6.054579e-01
8 86 2 6.074384e-01
9 86 2 4.496201e-01
10 86 2 2.607298e-01
11 86 2 1.436228e-01
12 86 2 1.026462e-01
1 87 2 1.067156e-01
2 87 2 1.443740e-01
3 87 2 2.061396e-01
4 87 2 3.258597e-01
5 87 2 5.716774e-01
6 87 2 8.593037e-01
7 87 2 1.164950e+00
8 87 2 1.187045e+00
9 87 2 8.606131e-01
10 87 2 4.845480e-01
11 87 2 2.128976e-01
12 87 2 1.294094e-01
1 88 2 4.802771e-02
2 88 2 6.820322e-02
3 88 2 1.069527e-01
4 88 2 2.029313e-01
5 88 2 4.164748e-01
6 88 2 6.545841e-01
7 88 2 8.382860e-01
8 88 2 7.352424e-01
9 88 2 4.751138e-01
10 88 2 2.245299e-01
11 88 2 1.151095e-01
12 88 2 6.393913e-02
1 89 2 5.946688e-02
2 89 2 8.274046e-02
3 89 2 1.570388e-01
4 89 2 2.953632e-01
5 89 2 5.894313e-01
6 89 2 8.805418e-01
7 89 2 1.027209e+00
8 89 2 8.995900e-01
9 89 2 5.870773e-01
10 89 2 2.793727e-01
11 89 2 1.537249e-01
12 89 2 8.508734e-02
1 90 2 1.180022e-02
2 90 2 1.555230e-02
3 90 2 3.086188e-02
4 90 2 5.539051e-02
5 90 2 8.504889e-02
6 90 2 1.125765e-01
7 90 2 1.264303e-01
8 90 2 1.169831e-01
9 90 2 8.525224e-02
10 90 2 5.084934e-02
11 90 2 2.803595e-02
12 90 2 1.596025e-02
1 91 2 3.825849e-04
2 91 2 5.413407e-04
3 91 2 1.130981e-03
4 91 2 2.137198e-03
5 91 2 3.154171e-03
6 91 2 4.009245e-03
7 91 2 4.501798e-03
8 91 2 4.128581e-03
9 91 2 2.968535e-03
10 91 2 1.837530e-03
11 91 2 9.523540e-04
12 91 2 4.888971e-04
1 92 2 2.163830e-03
2 92 2 3.090900e-03
3 92 2 7.748107e-03
4 92 2 1.848519e-02
5 92 2 3.486038e-02
6 92 2 5.341837e-02
7 92 2 6.412156e-02
8 92 2 5.836090e-02
9 92 2 3.651114e-02
10 92 2 1.940450e-02
11 92 2 7.610458e-03
12 92 2 3.266983e-03
1 93 2 4.567551e-02
2 93 2 5.511158e-02
3 93 2 1.133123e-01
4 93 2 2.640870e-01
5 93 2 4.711164e-01
6 93 2 7.476286e-01
7 93 2 1.002905e+00
8 93 2 9.859407e-01
9 93 2 6.631486e-01
10 93 2 3.818930e-01
11 93 2 1.635474e-01
12 93 2 6.812077e-02
1 94 2 9.849626e-02
2 94 2 9.799971e-02
3 94 2 1.308533e-01
4 94 2 2.318962e-01
5 94 2 3.958326e-01
6 94 2 6.232870e-01
7 94 2 8.610684e-01
8 94 2 9.383739e-01
9 94 2 7.729528e-01
10 94 2 4.665529e-01
11 94 2 2.504105e-01
12 94 2 1.368183e-01
1 98 2 1.455878e-02
2 98 2 1.355229e-02
3 98 2 1.276158e-02
4 98 2 1.358741e-02
5 98 2 1.542078e-02
6 98 2 1.764593e-02
7 98 2 1.984805e-02
8 98 2 2.091887e-02
9 98 2 2.064225e-02
10 98 2 1.951244e-02
11 98 2 1.755130e-02
12 98 2 1.597187e-02
1 101 2 1.934047e-02
2 101 2 1.987299e-02
3 101 2 2.036467e-02
4 101 2 2.511272e-02
5 101 2 3.229546e-02
6 101 2 3.770831e-02
7 101 2 4.025147e-02
8 101 2 4.033338e-02
9 101 2 3.877517e-02
10 101 2 3.324573e-02
11 101 2 2.556506e-02
12 101 2 2.050500e-02
1 102 2 1.695852e-01
2 102 2 1.916927e-01
3 102 2 2.355938e-01
4 102 2 2.946805e-01
5 102 2 3.410151e-01
6 102 2 3.722792e-01
7 102 2 3.827623e-01
8 102 2 3.875989e-01
9 102 2 3.493348e-01
10 102 2 2.691279e-01
11 102 2 2.160088e-01
12 102 2 1.770461e-01
1 103 2 1.466670e-01
2 103 2 1.496748e-01
3 103 2 1.631268e-01
4 103 2 1.843271e-01
5 103 2 2.146636e-01
6 103 2 2.456550e-01
7 103 2 2.657675e-01
8 103 2 2.789171e-01
9 103 2 2.735600e-01
10 103 2 2.390677e-01
11 103 2 1.966707e-01
12 103 2 1.635252e-01
1 104 2 3.247105e-02
2 104 2 3.115840e-02
3 104 2 3.149696e-02
4 104 2 3.453187e-02
5 104 2 4.037851e-02
6 104 2 4.633629e-02
7 104 2 5.200440e-02
8 104 2 5.617743e-02
9 104 2 5.662962e-02
10 104 2 5.290327e-02
11 104 2 4.351771e-02
12 104 2 3.603261e-02
1 107 2 1.668611e-02
2 107 2 1.760354e-02
3 107 2 2.055276e-02
4 107 2 2.355120e-02
5 107 2 2.641120e-02
6 107 2 3.381268e-02
7 107 2 3.695869e-02
8 107 2 3.680914e-02
9 107 2 3.445887e-02
10 107 2 2.947447e-02
11 107 2 2.343112e-02
12 107 2 1.832402e-02
1 108 2 1.574098e-03
2 108 2 2.011700e-03
3 108 2 2.922209e-03
4 108 2 4.525863e-03
5 108 2 7.025348e-03
6 108 2 9.642511e-03
7 108 2 1.032202e-02
8 108 2 9.122489e-03
9 108 2 7.381533e-03
10 108 2 5.092747e-03
11 108 2 2.652804e-03
12 108 2 1.688769e-03
1 109 2 2.986270e-03
2 109 2 3.944427e-03
3 109 2 6.169339e-03
4 109 2 1.070636e-02
5 109 2 1.824132e-02
6 109 2 2.299411e-02
7 109 2 2.336409e-02
8 109 2 2.147816e-02
9 109 2 1.724758e-02
10 109 2 1.210201e-02
11 109 2 5.382672e-03
12 109 2 3.144358e-03
1 110 2 1.314198e-03
2 110 2 1.674037e-03
3 110 2 2.688588e-03
4 110 2 4.161830e-03
5 110 2 6.454831e-03
6 110 2 7.475005e-03
7 110 2 8.036352e-03
8 110 2 7.947889e-03
9 110 2 6.691937e-03
10 110 2 4.878846e-03
11 110 2 2.359921e-03
12 110 2 1.389075e-03
1 111 2 4.514688e-02
2 111 2 5.646558e-02
3 111 2 9.141654e-02
4 111 2 1.385494e-01
5 111 2 2.093972e-01
6 111 2 2.685474e-01
7 111 2 2.838747e-01
8 111 2 2.811670e-01
9 111 2 2.394382e-01
10 111 2 1.558627e-01
11 111 2 8.396211e-02
12 111 2 5.128559e-02
1 112 2 5.199092e-02
2 112 2 6.703594e-02
3 112 2 1.176001e-01
4 112 2 1.955622e-01
5 112 2 2.973852e-01
6 112 2 3.623990e-01
7 112 2 3.690936e-01
8 112 2 3.440334e-01
9 112 2 2.626317e-01
10 112 2 1.743542e-01
11 112 2 1.000611e-01
12 112 2 6.150654e-02
1 113 2 2.980399e-02
2 113 2 3.775889e-02
3 113 2 6.343516e-02
4 113 2 9.486150e-02
5 113 2 1.167361e-01
6 113 2 1.019279e-01
7 113 2 8.746020e-02
8 113 2 8.353161e-02
9 113 2 8.261669e-02
10 113 2 7.543693e-02
11 113 2 5.276341e-02
12 113 2 3.563693e-02
1 114 2 8.128531e-02
2 114 2 1.102270e-01
3 114 2 1.963882e-01
4 114 2 2.862720e-01
5 114 2 3.302737e-01
6 114 2 2.417790e-01
7 114 2 1.996931e-01
8 114 2 1.830429e-01
9 114 2 1.766429e-01
10 114 2 1.580986e-01
11 114 2 1.205220e-01
12 114 2 8.927510e-02
1 115 2 2.859282e-02
2 115 2 4.160000e-02
3 115 2 6.594277e-02
4 115 2 8.174183e-02
5 115 2 7.299932e-02
6 115 2 6.777747e-02
7 115 2 6.537011e-02
8 115 2 6.271800e-02
9 115 2 5.768185e-02
10 115 2 5.154756e-02
11 115 2 3.915773e-02
12 115 2 2.809273e-02
1 116 2 2.428812e-02
2 116 2 3.109176e-02
3 116 2 4.754671e-02
4 116 2 6.730063e-02
5 116 2 7.827488e-02
6 116 2 8.913523e-02
7 116 2 9.344787e-02
8 116 2 8.945035e-02
9 116 2 7.246474e-02
10 116 2 5.793394e-02
11 116 2 4.208788e-02
12 116 2 2.772569e-02
1 117 2 5.926235e-03
2 117 2 6.188470e-03
3 117 2 7.815469e-03
4 117 2 1.069837e-02
5 117 2 1.362351e-02
6 117 2 1.614084e-02
7 117 2 1.718361e-02
8 117 2 1.716108e-02
9 117 2 1.565844e-02
10 117 2 1.340457e-02
11 117 2 1.082100e-02
12 117 2 7.816954e-03
1 126 2 3.563405e-04
2 126 2 3.703795e-04
3 126 2 4.014407e-04
4 126 2 4.238969e-04
5 126 2 4.188141e-04
6 126 2 3.892407e-04
7 126 2 3.752055e-04
8 126 2 3.788712e-04
9 126 2 3.768655e-04
10 126 2 3.703306e-04
11 126 2 3.618590e-04
12 126 2 3.563802e-04
1 127 2 3.588010e-02
2 127 2 3.649080e-02
3 127 2 3.851526e-02
4 127 2 3.998702e-02
5 127 2 4.053179e-02
6 127 2 3.926017e-02
7 127 2 3.927100e-02
8 127 2 4.017221e-02
9 127 2 3.974397e-02
10 127 2 3.815112e-02
11 127 2 3.697316e-02
12 127 2 3.651550e-02
1 128 2 1.626806e-01
2 128 2 1.670715e-01
3 128 2 1.715096e-01
4 128 2 1.674225e-01
5 128 2 1.628608e-01
6 128 2 1.579686e-01
7 128 2 1.683654e-01
8 128 2 1.914322e-01
9 128 2 2.012892e-01
10 128 2 1.901271e-01
11 128 2 1.728928e-01
12 128 2 1.628995e-01
1 129 2 4.642503e-03
2 129 2 4.578761e-03
3 129 2 4.694242e-03
4 129 2 4.830375e-03
5 129 2 4.904907e-03
6 129 2 5.037597e-03
7 129 2 5.263791e-03
8 129 2 5.737523e-03
9 129 2 5.994503e-03
10 129 2 6.020912e-03
11 129 2 5.497299e-03
12 129 2 4.883680e-03
1 133 2 9.969147e-02
2 133 2 1.159061e-01
3 133 2 1.391390e-01
4 133 2 1.428590e-01
5 133 2 1.362728e-01
6 133 2 1.252531e-01
7 133 2 1.117896e-01
8 133 2 1.046782e-01
9 133 2 1.091561e-01
10 133 2 1.162554e-01
11 133 2 1.109096e-01
12 133 2 9.704593e-02
1 135 2 4.310278e-03
2 135 2 4.856175e-03
3 135 2 5.775102e-03
4 135 2 6.219516e-03
5 135 2 5.976359e-03
6 135 2 5.331523e-03
7 135 2 4.605908e-03
8 135 2 4.652003e-03
9 135 2 4.943285e-03
10 135 2 4.648872e-03
11 135 2 4.455903e-03
12 135 2 4.185712e-03
1 136 2 4.821821e-03
2 136 2 4.962629e-03
3 136 2 6.137217e-03
4 136 2 7.460988e-03
5 136 2 8.170117e-03
6 136 2 7.454263e-03
7 136 2 6.596152e-03
8 136 2 6.581023e-03
9 136 2 6.615038e-03
10 136 2 6.222753e-03
11 136 2 5.883580e-03
12 136 2 5.224693e-03
1 137 2 1.172527e-03
2 137 2 1.230102e-03
3 137 2 1.410337e-03
4 137 2 1.549753e-03
5 137 2 1.529701e-03
6 137 2 1.407478e-03
7 137 2 1.302067e-03
8 137 2 1.256364e-03
9 137 2 1.257154e-03
10 137 2 1.309664e-03
11 137 2 1.294849e-03
12 137 2 1.220927e-03
1 138 2 4.688419e-02
2 138 2 5.155664e-02
3 138 2 5.981332e-02
4 138 2 6.656851e-02
5 138 2 6.716354e-02
6 138 2 5.903000e-02
7 138 2 5.468564e-02
8 138 2 5.273752e-02
9 138 2 5.288141e-02
10 138 2 5.318955e-02
11 138 2 5.159488e-02
12 138 2 4.784993e-02
1 139 2 7.991475e-02
2 139 2 9.100814e-02
3 139 2 1.016926e-01
4 139 2 1.067337e-01
5 139 2 1.052295e-01
6 139 2 9.799726e-02
7 139 2 9.272023e-02
8 139 2 8.925852e-02
9 139 2 8.810159e-02
10 139 2 8.878555e-02
11 139 2 8.448624e-02
12 139 2 7.733588e-02
1 140 2 2.672227e-02
2 140 2 2.763182e-02
3 140 2 3.001031e-02
4 140 2 3.400118e-02
5 140 2 3.610439e-02
6 140 2 3.467833e-02
7 140 2 3.283474e-02
8 140 2 3.166883e-02
9 140 2 3.120715e-02
10 140 2 3.137963e-02
11 140 2 3.071687e-02
12 140 2 2.863750e-02
1 141 2 4.111250e-02
2 141 2 4.068711e-02
3 141 2 4.185250e-02
4 141 2 4.593277e-02
5 141 2 4.956755e-02
6 141 2 4.901421e-02
7 141 2 4.768881e-02
8 141 2 4.624364e-02
9 141 2 4.585173e-02
10 141 2 4.595952e-02
11 141 2 4.641826e-02
12 141 2 4.506850e-02
1 150 2 4.781118e-05
2 150 2 5.233686e-05
3 150 2 5.602066e-05
4 150 2 5.728570e-05
5 150 2 5.360195e-05
6 150 2 4.727451e-05
7 150 2 4.312754e-05
8 150 2 4.208610e-05
9 150 2 4.072547e-05
10 150 2 3.979890e-05
11 150 2 4.057269e-05
12 150 2 4.316818e-05
1 151 2 3.086721e-02
2 151 2 3.283088e-02
3 151 2 3.481047e-02
4 151 2 3.563128e-02
5 151 2 3.447574e-02
6 151 2 3.245235e-02
7 151 2 3.173529e-02
8 151 2 3.296053e-02
9 151 2 3.138135e-02
10 151 2 2.944816e-02
11 151 2 2.858466e-02
12 151 2 2.929777e-02
1 152 2 2.446175e-02
2 152 2 2.477796e-02
3 152 2 2.500733e-02
4 152 2 2.376342e-02
5 152 2 2.284302e-02
6 152 2 2.243505e-02
7 152 2 2.564926e-02
8 152 2 3.420020e-02
9 152 2 3.630726e-02
10 152 2 3.094501e-02
11 152 2 2.653663e-02
12 152 2 2.454093e-02
1 153 2 2.835419e-02
2 153 2 2.904197e-02
3 153 2 3.064128e-02
4 153 2 3.005505e-02
5 153 2 2.902421e-02
6 153 2 2.849596e-02
7 153 2 3.326383e-02
8 153 2 4.346984e-02
9 153 2 5.287144e-02
10 153 2 4.725621e-02
11 153 2 3.574690e-02
12 153 2 2.982595e-02
1 154 2 7.713927e-02
2 154 2 7.672074e-02
3 154 2 7.983778e-02
4 154 2 7.649941e-02
5 154 2 7.153391e-02
6 154 2 6.434559e-02
7 154 2 6.075914e-02
8 154 2 6.329473e-02
9 154 2 7.136397e-02
10 154 2 8.020035e-02
11 154 2 8.452223e-02
12 154 2 8.172897e-02
1 157 2 3.073708e-03
2 157 2 3.191739e-03
3 157 2 3.417214e-03
4 157 2 3.369074e-03
5 157 2 3.283879e-03
6 157 2 3.087411e-03
7 157 2 2.945830e-03
8 157 2 2.916137e-03
9 157 2 2.895060e-03
10 157 2 2.945539e-03
11 157 2 2.966656e-03
12 157 2 3.005371e-03
1 163 2 1.430901e-02
2 163 2 1.450073e-02
3 163 2 1.493103e-02
4 163 2 1.582699e-02
5 163 2 1.584244e-02
6 163 2 1.464696e-02
7 163 2 1.354106e-02
8 163 2 1.271532e-02
9 163 2 1.289740e-02
10 163 2 1.364495e-02
11 163 2 1.417836e-02
12 163 2 1.428945e-02
1 164 2 5.411354e-02
2 164 2 5.365086e-02
3 164 2 5.514432e-02
4 164 2 5.771687e-02
5 164 2 5.703794e-02
6 164 2 5.275569e-02
7 164 2 4.883005e-02
8 164 2 4.769797e-02
9 164 2 5.107480e-02
10 164 2 5.595470e-02
11 164 2 5.708473e-02
12 164 2 5.613414e-02
1 165 2 2.394009e-02
2 165 2 2.346298e-02
3 165 2 2.375794e-02
4 165 2 2.428344e-02
5 165 2 2.401690e-02
6 165 2 2.209895e-02
7 165 2 2.083629e-02
8 165 2 2.109010e-02
9 165 2 2.247977e-02
10 165 2 2.403575e-02
11 165 2 2.528460e-02
12 165 2 2.531439e-02
1 166 2 1.046611e-02
2 166 2 1.036162e-02
3 166 2 1.019043e-02
4 166 2 1.014262e-02
5 166 2 9.810519e-03
6 166 2 9.073097e-03
7 166 2 8.567749e-03
8 166 2 8.631670e-03
9 166 2 8.954718e-03
10 166 2 9.419706e-03
11 166 2 1.015583e-02
12 166 2 1.066753e-02
1 170 2 4.732402e-04
2 170 2 5.204704e-04
3 170 2 5.113593e-04
4 170 2 4.647983e-04
5 170 2 3.873158e-04
6 170 2 3.256650e-04
7 170 2 3.080281e-04
8 170 2 2.940676e-04
9 170 2 2.990136e-04
10 170 2 3.329495e-04
11 170 2 3.673478e-04
12 170 2 4.230238e-04
1 171 2 1.699796e-03
2 171 2 1.865887e-03
3 171 2 1.888476e-03
4 171 2 1.680146e-03
5 171 2 1.397693e-03
6 171 2 1.197757e-03
7 171 2 1.087434e-03
8 171 2 1.030378e-03
9 171 2 1.045391e-03
10 171 2 1.137094e-03
11 171 2 1.297811e-03
12 171 2 1.533239e-03
1 175 2 4.904271e-05
2 175 2 5.184958e-05
3 175 2 5.199830e-05
4 175 2 4.870260e-05
5 175 2 4.231489e-05
6 175 2 3.855959e-05
7 175 2 3.775951e-05
8 175 2 3.744071e-05
9 175 2 3.482394e-05
10 175 2 3.520207e-05
11 175 2 3.680344e-05
12 175 2 4.293142e-05
1 176 2 3.503020e-02
2 176 2 3.529284e-02
3 176 2 3.455157e-02
4 176 2 3.051654e-02
5 176 2 2.468652e-02
6 176 2 2.237062e-02
7 176 2 2.232982e-02
8 176 2 2.547536e-02
9 176 2 2.774530e-02
10 176 2 2.961100e-02
11 176 2 3.160753e-02
12 176 2 3.357495e-02
1 177 2 1.551660e-01
2 177 2 1.507790e-01
3 177 2 1.423635e-01
4 177 2 1.244874e-01
5 177 2 1.017968e-01
6 177 2 8.692582e-02
7 177 2 9.044498e-02
8 177 2 1.083697e-01
9 177 2 1.362038e-01
10 177 2 1.416467e-01
11 177 2 1.445198e-01
12 177 2 1.448151e-01
1 178 2 5.653839e-02
2 178 2 5.587761e-02
3 178 2 5.356277e-02
4 178 2 4.489421e-02
5 178 2 3.908960e-02
6 178 2 3.303941e-02
7 178 2 3.146794e-02
8 178 2 3.169954e-02
9 178 2 3.615253e-02
10 178 2 3.889909e-02
11 178 2 4.393432e-02
12 178 2 4.877632e-02
1 181 2 6.907084e-04
2 181 2 7.295406e-04
3 181 2 7.395871e-04
4 181 2 7.071442e-04
5 181 2 5.831735e-04
6 181 2 5.042683e-04
7 181 2 4.458770e-04
8 181 2 4.563187e-04
9 181 2 4.943750e-04
10 181 2 5.353159e-04
11 181 2 6.062522e-04
12 181 2 6.454832e-04
1 182 2 8.245349e-02
2 182 2 7.621245e-02
3 182 2 7.186492e-02
4 182 2 6.003145e-02
5 182 2 4.700998e-02
6 182 2 3.516065e-02
7 182 2 3.486171e-02
8 182 2 4.844466e-02
9 182 2 6.722218e-02
10 182 2 8.244560e-02
11 182 2 9.111935e-02
12 182 2 8.746112e-02
1 183 2 1.754337e-02
2 183 2 1.685335e-02
3 183 2 1.608969e-02
4 183 2 1.458895e-02
5 183 2 1.227489e-02
6 183 2 9.962528e-03
7 183 2 9.269086e-03
8 183 2 1.100669e-02
9 183 2 1.279778e-02
10 183 2 1.513975e-02
11 183 2 1.648259e-02
12 183 2 1.695341e-02
1 184 2 5.472135e-03
2 184 2 5.544683e-03
3 184 2 5.369938e-03
4 184 2 4.832597e-03
5 184 2 4.017565e-03
6 184 2 3.246950e-03
7 184 2 2.927933e-03
8 184 2 3.057939e-03
9 184 2 3.239376e-03
10 184 2 3.720015e-03
11 184 2 4.352668e-03
12 184 2 4.961078e-03
1 188 2 2.841620e-03
2 188 2 2.816845e-03
3 188 2 2.610962e-03
4 188 2 2.132029e-03
5 188 2 1.506833e-03
6 188 2 1.146150e-03
7 188 2 9.862529e-04
8 188 2 1.003243e-03
9 188 2 1.358887e-03
10 188 2 1.785769e-03
11 188 2 2.126674e-03
12 188 2 2.652534e-03
1 189 2 2.481326e-03
2 189 2 2.293245e-03
3 189 2 2.080178e-03
4 189 2 1.537561e-03
5 189 2 1.018003e-03
6 189 2 7.198933e-04
7 189 2 6.844646e-04
8 189 2 8.407492e-04
9 189 2 1.352492e-03
10 189 2 1.925751e-03
11 189 2 2.342355e-03
12 189 2 2.447750e-03
1 190 2 1.015770e-02
2 190 2 9.624605e-03
3 190 2 8.354178e-03
4 190 2 5.917090e-03
5 190 2 4.128353e-03
6 190 2 2.994884e-03
7 190 2 2.814030e-03
8 190 2 3.392304e-03
9 190 2 4.764871e-03
10 190 2 6.495671e-03
11 190 2 8.511402e-03
12 190 2 9.549637e-03
1 191 2 6.940338e-03
2 191 2 7.192024e-03
3 191 2 6.990682e-03
4 191 2 5.775088e-03
5 191 2 4.748963e-03
6 191 2 3.901190e-03
7 191 2 3.429803e-03
8 191 2 3.483263e-03
9 191 2 3.800311e-03
10 191 2 4.265459e-03
11 191 2 5.246067e-03
12 191 2 6.171949e-03
1 192 2 3.270829e-03
2 192 2 3.534857e-03
3 192 2 3.444042e-03
4 192 2 2.982025e-03
5 192 2 2.520260e-03
6 192 2 2.145901e-03
7 192 2 1.885820e-03
8 192 2 1.752369e-03
9 192 2 1.804321e-03
10 192 2 1.981351e-03
11 192 2 2.365221e-03
12 192 2 2.840113e-03
1 200 2 1.516497e-01
2 200 2 1.560098e-01
3 200 2 1.275818e-01
4 200 2 8.434068e-02
5 200 2 5.520520e-02
6 200 2 4.495953e-02
7 200 2 4.271388e-02
8 200 2 4.606330e-02
9 200 2 5.102325e-02
10 200 2 6.523572e-02
11 200 2 9.065465e-02
12 200 2 1.249037e-01
1 201 2 1.039872e-01
2 201 2 1.072933e-01
3 201 2 9.822062e-02
4 201 2 7.560321e-02
5 201 2 5.697425e-02
6 201 2 4.713637e-02
7 201 2 4.454651e-02
8 201 2 4.607931e-02
9 201 2 4.560473e-02
10 201 2 5.426371e-02
11 201 2 6.917166e-02
12 201 2 8.615116e-02
1 206 2 5.480790e-02
2 206 2 5.919967e-02
3 206 2 5.355986e-02
4 206 2 4.570507e-02
5 206 2 3.779785e-02
6 206 2 3.295654e-02
7 206 2 2.826665e-02
8 206 2 2.775428e-02
9 206 2 3.004371e-02
10 206 2 3.400779e-02
11 206 2 3.986497e-02
12 206 2 4.696507e-02
1 207 2 2.076666e-03
2 207 2 2.267458e-03
3 207 2 2.150409e-03
4 207 2 1.949885e-03
5 207 2 1.729261e-03
6 207 2 1.483179e-03
7 207 2 1.307289e-03
8 207 2 1.287347e-03
9 207 2 1.298851e-03
10 207 2 1.430637e-03
11 207 2 1.541803e-03
12 207 2 1.763727e-03
1 212 2 4.006524e-03
2 212 2 4.276717e-03
3 212 2 3.796005e-03
4 212 2 3.191266e-03
5 212 2 2.487339e-03
6 212 2 2.007490e-03
7 212 2 1.666330e-03
8 212 2 1.610493e-03
9 212 2 1.829079e-03
10 212 2 2.158228e-03
11 212 2 2.560034e-03
12 212 2 3.384854e-03
1 213 2 8.723151e-04
2 213 2 9.533748e-04
3 213 2 8.079476e-04
4 213 2 6.836968e-04
5 213 2 5.275633e-04
6 213 2 4.066771e-04
7 213 2 3.451497e-04
8 213 2 3.369497e-04
9 213 2 4.058702e-04
10 213 2 5.001882e-04
11 213 2 6.142248e-04
12 213 2 7.516377e-04
1 214 2 3.101634e-02
2 214 2 3.288121e-02
3 214 2 2.641801e-02
4 214 2 1.962158e-02
5 214 2 1.450394e-02
6 214 2 1.068874e-02
7 214 2 9.256614e-03
8 214 2 9.542869e-03
9 214 2 1.204584e-02
10 214 2 1.614935e-02
11 214 2 2.210698e-02
12 214 2 2.681192e-02
1 215 2 1.150607e-02
2 215 2 1.183553e-02
3 215 2 1.103482e-02
4 215 2 8.794283e-03
5 215 2 7.143203e-03
6 215 2 5.739413e-03
7 215 2 4.959648e-03
8 215 2 4.971843e-03
9 215 2 5.591172e-03
10 215 2 6.651698e-03
11 215 2 8.375404e-03
12 215 2 1.011795e-02
1 216 2 5.978332e-03
2 216 2 6.241818e-03
3 216 2 5.853287e-03
4 216 2 4.758382e-03
5 216 2 3.810239e-03
6 216 2 3.277826e-03
7 216 2 2.880355e-03
8 216 2 2.754154e-03
9 216 2 2.857923e-03
10 216 2 3.248297e-03
11 216 2 3.907151e-03
12 216 2 5.021395e-03
1 224 2 4.435251e-03
2 224 2 4.848779e-03
3 224 2 4.231151e-03
4 224 2 3.643656e-03
5 224 2 2.942320e-03
6 224 2 2.500402e-03
7 224 2 2.271591e-03
8 224 2 2.372651e-03
9 224 2 2.440001e-03
10 224 2 2.877864e-03
11 224 2 3.436737e-03
12 224 2 4.100299e-03
1 240 2 3.693794e-04
2 240 2 3.767646e-04
3 240 2 3.445421e-04
4 240 2 3.042846e-04
5 240 2 2.644625e-04
6 240 2 2.281081e-04
7 240 2 2.234808e-04
8 240 2 2.303958e-04
9 240 2 2.242764e-04
10 240 2 2.415223e-04
11 240 2 2.653737e-04
12 240 2 3.288845e-04
