1 7 2 2.107953e-07
2 7 2 1.800801e-07
3 7 2 1.969437e-07
4 7 2 5.090186e-07
5 7 2 1.751389e-06
6 7 2 4.717148e-06
7 7 2 6.382440e-06
8 7 2 4.351608e-06
9 7 2 1.881924e-06
10 7 2 8.250303e-07
11 7 2 4.371123e-07
12 7 2 2.578678e-07
1 25 2 1.733771e-04
2 25 2 1.646209e-04
3 25 2 2.319236e-04
4 25 2 4.232091e-04
5 25 2 1.183935e-03
6 25 2 2.146916e-03
7 25 2 2.602691e-03
8 25 2 1.995804e-03
9 25 2 1.127735e-03
10 25 2 5.277390e-04
11 25 2 2.516321e-04
12 25 2 1.457193e-04
1 26 2 1.372105e-04
2 26 2 1.129255e-04
3 26 2 1.867316e-04
4 26 2 4.168003e-04
5 26 2 1.174062e-03
6 26 2 2.242426e-03
7 26 2 2.433025e-03
8 26 2 1.820397e-03
9 26 2 9.956616e-04
10 26 2 4.007927e-04
11 26 2 2.093978e-04
12 26 2 1.294600e-04
1 27 2 5.993440e-04
2 27 2 5.291670e-04
3 27 2 9.276269e-04
4 27 2 2.362552e-03
5 27 2 6.653122e-03
6 27 2 1.375281e-02
7 27 2 1.551084e-02
8 27 2 1.167460e-02
9 27 2 6.033023e-03
10 27 2 2.265546e-03
11 27 2 1.200658e-03
12 27 2 7.426898e-04
1 28 2 2.184968e-05
2 28 2 1.988379e-05
3 28 2 3.344109e-05
4 28 2 9.090086e-05
5 28 2 2.595775e-04
6 28 2 5.557513e-04
7 28 2 6.625847e-04
8 28 2 4.992650e-04
9 28 2 2.568325e-04
10 28 2 1.000238e-04
11 28 2 4.993333e-05
12 28 2 3.113066e-05
1 29 2 2.932393e-05
2 29 2 2.774053e-05
3 29 2 4.419204e-05
4 29 2 1.328781e-04
5 29 2 3.973640e-04
6 29 2 9.779487e-04
7 29 2 1.332191e-03
8 29 2 9.911598e-04
9 29 2 4.551899e-04
10 29 2 1.687103e-04
11 29 2 7.975005e-05
12 29 2 4.978347e-05
1 30 2 6.651411e-06
2 30 2 5.817073e-06
3 30 2 9.245364e-06
4 30 2 2.829745e-05
5 30 2 7.838833e-05
6 30 2 2.131857e-04
7 30 2 3.090026e-04
8 30 2 2.366362e-04
9 30 2 1.070697e-04
10 30 2 4.190903e-05
11 30 2 1.933148e-05
12 30 2 1.157759e-05
1 31 2 1.187095e-05
2 31 2 9.147565e-06
3 31 2 1.389626e-05
4 31 2 3.867791e-05
5 31 2 9.988513e-05
6 31 2 2.629925e-04
7 31 2 3.708778e-04
8 31 2 2.993634e-04
9 31 2 1.497615e-04
10 31 2 6.858337e-05
11 31 2 3.292840e-05
12 31 2 1.834923e-05
1 32 2 1.401755e-05
2 32 2 1.160383e-05
3 32 2 1.622015e-05
4 32 2 3.604183e-05
5 32 2 9.626288e-05
6 32 2 2.280278e-04
7 32 2 2.941829e-04
8 32 2 2.430083e-04
9 32 2 1.356986e-04
10 32 2 6.995401e-05
11 32 2 3.614937e-05
12 32 2 1.874743e-05
1 35 2 8.526636e-04
2 35 2 8.124601e-04
3 35 2 8.825720e-04
4 35 2 1.176107e-03
5 35 2 1.843704e-03
6 35 2 2.815739e-03
7 35 2 3.388198e-03
8 35 2 3.111264e-03
9 35 2 2.114535e-03
10 35 2 1.528806e-03
11 35 2 1.157989e-03
12 35 2 9.407611e-04
1 36 2 1.021845e-04
2 36 2 9.593138e-05
3 36 2 1.063203e-04
4 36 2 1.277000e-04
5 36 2 1.746510e-04
6 36 2 2.519485e-04
7 36 2 2.967242e-04
8 36 2 3.022809e-04
9 36 2 2.307400e-04
10 36 2 1.807755e-04
11 36 2 1.383630e-04
12 36 2 1.146455e-04
1 37 2 2.725986e-03
2 37 2 2.638376e-03
3 37 2 3.324476e-03
4 37 2 4.274830e-03
5 37 2 6.462727e-03
6 37 2 9.802126e-03
7 37 2 1.140038e-02
8 37 2 1.120684e-02
9 37 2 8.247191e-03
10 37 2 6.183951e-03
11 37 2 4.358518e-03
12 37 2 3.338997e-03
1 38 2 1.249922e-02
2 38 2 1.248801e-02
3 38 2 1.902384e-02
4 38 2 2.820598e-02
5 38 2 5.149681e-02
6 38 2 9.137716e-02
7 38 2 1.083241e-01
8 38 2 9.394845e-02
9 38 2 6.068353e-02
10 38 2 4.147713e-02
11 38 2 2.370085e-02
12 38 2 1.710345e-02
1 39 2 1.930119e-02
2 39 2 2.010796e-02
3 39 2 3.257074e-02
4 39 2 5.029193e-02
5 39 2 9.758299e-02
6 39 2 1.886525e-01
7 39 2 2.342537e-01
8 39 2 1.896559e-01
9 39 2 1.195424e-01
10 39 2 7.548963e-02
11 39 2 3.821121e-02
12 39 2 2.789142e-02
1 40 2 4.796320e-03
2 40 2 5.262394e-03
3 40 2 9.385404e-03
4 40 2 1.578230e-02
5 40 2 3.450091e-02
6 40 2 7.833225e-02
7 40 2 9.800574e-02
8 40 2 7.189455e-02
9 40 2 4.428631e-02
10 40 2 2.386188e-02
11 40 2 1.022174e-02
12 40 2 7.614877e-03
1 41 2 2.554122e-03
2 41 2 2.730484e-03
3 41 2 5.471798e-03
4 41 2 9.745660e-03
5 41 2 2.444354e-02
6 41 2 6.202800e-02
7 41 2 8.019851e-02
8 41 2 5.625087e-02
9 41 2 3.143559e-02
10 41 2 1.362448e-02
11 41 2 5.234159e-03
12 41 2 4.362604e-03
1 42 2 1.382726e-03
2 42 2 1.446359e-03
3 42 2 3.119053e-03
4 42 2 6.152932e-03
5 42 2 1.749175e-02
6 42 2 4.851688e-02
7 42 2 6.791794e-02
8 42 2 4.535667e-02
9 42 2 2.147876e-02
10 42 2 7.687018e-03
11 42 2 2.865867e-03
12 42 2 2.351027e-03
1 43 2 3.879715e-05
2 43 2 4.022764e-05
3 43 2 9.491635e-05
4 43 2 2.315987e-04
5 43 2 7.752034e-04
6 43 2 2.286196e-03
7 43 2 3.342101e-03
8 43 2 2.097939e-03
9 43 2 8.578866e-04
10 43 2 2.633930e-04
11 43 2 8.982266e-05
12 43 2 6.293942e-05
1 44 2 1.600725e-04
2 44 2 1.608368e-04
3 44 2 3.498448e-04
4 44 2 9.457968e-04
5 44 2 3.533468e-03
6 44 2 1.113513e-02
7 44 2 1.627460e-02
8 44 2 9.813484e-03
9 44 2 3.537613e-03
10 44 2 1.048123e-03
11 44 2 3.439970e-04
12 44 2 2.325806e-04
1 45 2 3.672737e-04
2 45 2 4.116064e-04
3 45 2 7.500182e-04
4 45 2 2.211864e-03
5 45 2 9.262854e-03
6 45 2 3.073511e-02
7 45 2 4.299803e-02
8 45 2 2.618145e-02
9 45 2 9.003211e-03
10 45 2 2.298708e-03
11 45 2 6.662964e-04
12 45 2 4.354584e-04
1 46 2 1.667655e-04
2 46 2 2.097950e-04
3 46 2 3.297819e-04
4 46 2 9.157710e-04
5 46 2 3.596195e-03
6 46 2 1.115499e-02
7 46 2 1.560505e-02
8 46 2 9.778304e-03
9 46 2 3.673010e-03
10 46 2 8.902939e-04
11 46 2 2.447769e-04
12 46 2 1.745602e-04
1 47 2 2.192260e-04
2 47 2 2.789953e-04
3 47 2 3.931480e-04
4 47 2 8.808590e-04
5 47 2 3.002407e-03
6 47 2 8.271627e-03
7 47 2 1.121809e-02
8 47 2 7.606670e-03
9 47 2 3.222418e-03
10 47 2 9.939171e-04
11 47 2 2.932316e-04
12 47 2 2.228950e-04
1 48 2 2.965669e-04
2 48 2 3.406777e-04
3 48 2 4.685831e-04
4 48 2 9.150438e-04
5 48 2 2.839557e-03
6 48 2 6.531467e-03
7 48 2 8.679712e-03
8 48 2 6.106675e-03
9 48 2 2.907024e-03
10 48 2 1.083841e-03
11 48 2 3.901693e-04
12 48 2 2.587365e-04
1 49 2 7.124432e-05
2 49 2 6.482604e-05
3 49 2 7.353175e-05
4 49 2 8.606239e-05
5 49 2 1.230876e-04
6 49 2 1.872706e-04
7 49 2 2.792833e-04
8 49 2 2.626267e-04
9 49 2 1.831791e-04
10 49 2 1.310823e-04
11 49 2 9.570067e-05
12 49 2 6.981346e-05
1 50 2 2.909638e-04
2 50 2 2.511597e-04
3 50 2 2.943980e-04
4 50 2 3.355832e-04
5 50 2 4.723100e-04
6 50 2 6.931083e-04
7 50 2 9.565915e-04
8 50 2 9.199186e-04
9 50 2 6.661047e-04
10 50 2 4.748274e-04
11 50 2 3.554942e-04
12 50 2 2.799129e-04
1 51 2 1.116942e-04
2 51 2 1.019384e-04
3 51 2 1.107674e-04
4 51 2 1.278622e-04
5 51 2 1.742794e-04
6 51 2 2.444130e-04
7 51 2 3.185058e-04
8 51 2 3.158610e-04
9 51 2 2.624342e-04
10 51 2 1.845895e-04
11 51 2 1.383431e-04
12 51 2 1.159357e-04
1 52 2 4.082793e-02
2 52 2 4.291366e-02
3 52 2 5.390931e-02
4 52 2 7.859243e-02
5 52 2 1.329101e-01
6 52 2 1.829141e-01
7 52 2 2.346213e-01
8 52 2 2.194513e-01
9 52 2 1.771492e-01
10 52 2 1.011992e-01
11 52 2 6.091199e-02
12 52 2 4.697243e-02
1 53 2 1.068534e-02
2 53 2 1.340620e-02
3 53 2 2.271293e-02
4 53 2 4.957555e-02
5 53 2 9.440700e-02
6 53 2 1.409737e-01
7 53 2 1.956882e-01
8 53 2 1.667491e-01
9 53 2 1.128571e-01
10 53 2 4.977473e-02
11 53 2 2.220087e-02
12 53 2 1.406515e-02
1 54 2 5.703598e-03
2 54 2 7.399026e-03
3 54 2 1.383648e-02
4 54 2 3.438229e-02
5 54 2 6.772239e-02
6 54 2 1.308088e-01
7 54 2 1.858201e-01
8 54 2 1.558149e-01
9 54 2 9.449928e-02
10 54 2 4.019030e-02
11 54 2 1.722740e-02
12 54 2 9.502968e-03
1 55 2 3.717145e-03
2 55 2 4.145608e-03
3 55 2 7.733518e-03
4 55 2 1.810842e-02
5 55 2 3.593446e-02
6 55 2 7.674156e-02
7 55 2 1.066766e-01
8 55 2 9.199929e-02
9 55 2 5.833999e-02
10 55 2 2.797309e-02
11 55 2 1.308754e-02
12 55 2 7.493963e-03
1 56 2 1.298475e-02
2 56 2 1.347534e-02
3 56 2 2.333964e-02
4 56 2 5.204407e-02
5 56 2 1.137614e-01
6 56 2 2.242487e-01
7 56 2 3.100435e-01
8 56 2 2.573204e-01
9 56 2 1.681907e-01
10 56 2 8.665795e-02
11 56 2 3.906862e-02
12 56 2 2.240623e-02
1 57 2 2.615842e-03
2 57 2 2.495773e-03
3 57 2 3.069658e-03
4 57 2 4.659261e-03
5 57 2 7.795673e-03
6 57 2 1.268453e-02
7 57 2 1.806292e-02
8 57 2 1.627910e-02
9 57 2 1.211166e-02
10 57 2 7.779902e-03
11 57 2 4.757451e-03
12 57 2 3.418965e-03
1 60 2 2.904410e-01
2 60 2 2.812658e-01
3 60 2 3.225561e-01
4 60 2 3.825468e-01
5 60 2 4.716498e-01
6 60 2 6.206879e-01
7 60 2 7.226048e-01
8 60 2 7.229087e-01
9 60 2 6.134920e-01
10 60 2 5.008133e-01
11 60 2 4.005335e-01
12 60 2 3.320012e-01
1 61 2 7.662386e-01
2 61 2 7.708476e-01
3 61 2 1.084184e+00
4 61 2 1.633010e+00
5 61 2 2.382063e+00
6 61 2 3.355942e+00
7 61 2 3.971432e+00
8 61 2 3.820846e+00
9 61 2 2.968898e+00
10 61 2 2.019462e+00
11 61 2 1.317418e+00
12 61 2 9.240257e-01
1 62 2 2.363099e-01
2 62 2 2.588150e-01
3 62 2 4.074221e-01
4 62 2 7.375582e-01
5 62 2 1.265071e+00
6 62 2 1.794605e+00
7 62 2 2.194439e+00
8 62 2 2.048429e+00
9 62 2 1.427391e+00
10 62 2 8.512088e-01
11 62 2 4.622440e-01
12 62 2 3.008152e-01
1 63 2 2.960554e-01
2 63 2 3.593987e-01
3 63 2 6.013683e-01
4 63 2 1.264830e+00
5 63 2 2.427417e+00
6 63 2 3.608742e+00
7 63 2 4.614708e+00
8 63 2 4.015700e+00
9 63 2 2.452664e+00
10 63 2 1.339426e+00
11 63 2 6.186909e-01
12 63 2 4.050212e-01
1 64 2 7.079374e-02
2 64 2 9.069416e-02
3 64 2 1.727036e-01
4 64 2 4.090771e-01
5 64 2 8.761142e-01
6 64 2 1.403334e+00
7 64 2 1.778757e+00
8 64 2 1.390591e+00
9 64 2 7.962316e-01
10 64 2 3.519964e-01
11 64 2 1.608451e-01
12 64 2 1.100756e-01
1 65 2 2.393928e-02
2 65 2 2.968485e-02
3 65 2 6.503393e-02
4 65 2 1.833980e-01
5 65 2 3.845271e-01
6 65 2 6.535182e-01
7 65 2 8.470525e-01
8 65 2 6.321940e-01
9 65 2 3.585605e-01
10 65 2 1.272374e-01
11 65 2 5.601242e-02
12 65 2 4.059212e-02
1 66 2 1.585821e-02
2 66 2 1.960569e-02
3 66 2 4.660835e-02
4 66 2 1.529065e-01
5 66 2 3.179364e-01
6 66 2 5.467059e-01
7 66 2 7.539986e-01
8 66 2 5.700237e-01
9 66 2 3.224531e-01
10 66 2 1.068324e-01
11 66 2 4.093978e-02
12 66 2 2.539415e-02
1 67 2 5.405690e-03
2 67 2 7.208236e-03
3 67 2 1.833059e-02
4 67 2 6.771480e-02
5 67 2 1.536410e-01
6 67 2 2.620358e-01
7 67 2 3.663549e-01
8 67 2 2.819401e-01
9 67 2 1.542016e-01
10 67 2 5.670713e-02
11 67 2 1.793122e-02
12 67 2 8.070748e-03
1 68 2 1.333276e-03
2 68 2 1.790231e-03
3 68 2 5.316886e-03
4 68 2 2.443921e-02
5 68 2 6.659998e-02
6 68 2 1.276262e-01
7 68 2 1.829918e-01
8 68 2 1.360972e-01
9 68 2 6.531439e-02
10 68 2 2.399572e-02
11 68 2 5.471875e-03
12 68 2 1.904022e-03
1 69 2 8.135798e-04
2 69 2 1.153505e-03
3 69 2 2.758529e-03
4 69 2 1.209631e-02
5 69 2 3.878740e-02
6 69 2 9.179474e-02
7 69 2 1.344786e-01
8 69 2 1.035213e-01
9 69 2 4.447206e-02
10 69 2 1.446060e-02
11 69 2 2.801942e-03
12 69 2 1.053712e-03
1 70 2 3.370386e-03
2 70 2 3.939336e-03
3 70 2 5.644955e-03
4 70 2 1.472740e-02
5 70 2 3.693163e-02
6 70 2 8.968050e-02
7 70 2 1.451643e-01
8 70 2 1.323033e-01
9 70 2 6.831256e-02
10 70 2 2.434995e-02
11 70 2 7.405802e-03
12 70 2 4.168930e-03
1 71 2 2.778729e-03
2 71 2 2.819760e-03
3 71 2 3.190773e-03
4 71 2 5.120226e-03
5 71 2 9.915975e-03
6 71 2 2.068566e-02
7 71 2 3.174599e-02
8 71 2 3.156348e-02
9 71 2 2.025083e-02
10 71 2 9.645199e-03
11 71 2 4.607757e-03
12 71 2 3.200243e-03
1 72 2 1.169600e-05
2 72 2 1.117070e-05
3 72 2 1.210230e-05
4 72 2 1.543054e-05
5 72 2 2.400879e-05
6 72 2 4.177609e-05
7 72 2 6.470638e-05
8 72 2 6.223236e-05
9 72 2 4.353984e-05
10 72 2 2.640010e-05
11 72 2 1.626610e-05
12 72 2 1.161613e-05
1 76 2 1.017426e-01
2 76 2 9.308403e-02
3 76 2 9.402088e-02
4 76 2 1.022723e-01
5 76 2 1.390409e-01
6 76 2 1.982635e-01
7 76 2 2.658604e-01
8 76 2 2.837218e-01
9 76 2 2.703317e-01
10 76 2 1.805275e-01
11 76 2 1.165381e-01
12 76 2 1.019227e-01
1 77 2 9.889900e-02
2 77 2 1.284196e-01
3 77 2 1.682219e-01
4 77 2 2.718836e-01
5 77 2 4.565036e-01
6 77 2 7.047939e-01
7 77 2 9.576247e-01
8 77 2 9.089412e-01
9 77 2 6.733050e-01
10 77 2 3.401617e-01
11 77 2 1.492639e-01
12 77 2 9.408032e-02
1 78 2 1.134247e-01
2 78 2 1.549789e-01
3 78 2 2.158174e-01
4 78 2 3.870912e-01
5 78 2 6.052989e-01
6 78 2 9.610048e-01
7 78 2 1.186254e+00
8 78 2 1.110783e+00
9 78 2 7.202195e-01
10 78 2 3.819465e-01
11 78 2 2.062593e-01
12 78 2 1.190805e-01
1 79 2 3.641418e-01
2 79 2 4.468080e-01
3 79 2 6.560431e-01
4 79 2 1.088156e+00
5 79 2 1.653211e+00
6 79 2 2.700802e+00
7 79 2 3.309496e+00
8 79 2 3.135160e+00
9 79 2 2.164847e+00
10 79 2 1.306800e+00
11 79 2 7.445472e-01
12 79 2 4.560959e-01
1 80 2 1.779233e-01
2 80 2 1.782707e-01
3 80 2 2.240083e-01
4 80 2 3.028849e-01
5 80 2 4.517260e-01
6 80 2 6.872848e-01
7 80 2 8.849835e-01
8 80 2 8.761189e-01
9 80 2 7.271627e-01
10 80 2 5.098170e-01
11 80 2 2.974069e-01
12 80 2 2.198332e-01
1 81 2 3.967665e-08
2 81 2 3.595660e-08
3 81 2 3.787207e-08
4 81 2 4.490699e-08
5 81 2 6.466566e-08
6 81 2 8.713511e-08
7 81 2 1.162668e-07
8 81 2 1.247517e-07
9 81 2 1.134382e-07
10 81 2 8.704038e-08
11 81 2 5.753701e-08
12 81 2 4.710533e-08
1 84 2 2.589670e-01
2 84 2 2.737933e-01
3 84 2 3.386275e-01
4 84 2 4.279193e-01
5 84 2 5.737106e-01
6 84 2 9.400664e-01
7 84 2 1.259053e+00
8 84 2 1.206485e+00
9 84 2 9.052824e-01
10 84 2 5.713240e-01
11 84 2 3.838023e-01
12 84 2 2.931835e-01
1 85 2 2.524196e-01
2 85 2 2.842444e-01
3 85 2 3.695635e-01
4 85 2 5.369414e-01
5 85 2 8.595261e-01
6 85 2 1.313061e+00
7 85 2 1.816742e+00
8 85 2 1.728282e+00
9 85 2 1.244480e+00
10 85 2 6.864627e-01
11 85 2 3.871361e-01
12 85 2 2.809063e-01
1 86 2 7.579525e-02
2 86 2 8.581607e-02
3 86 2 1.096666e-01
4 86 2 1.592935e-01
5 86 2 2.560161e-01
6 86 2 3.714738e-01
7 86 2 5.103063e-01
8 86 2 5.119756e-01
9 86 2 3.789595e-01
10 86 2 2.197544e-01
11 86 2 1.210516e-01
12 86 2 8.651472e-02
1 87 2 8.678750e-02
2 87 2 1.174135e-01
3 87 2 1.676450e-01
4 87 2 2.650085e-01
5 87 2 4.649221e-01
6 87 2 6.988369e-01
7 87 2 9.474066e-01
8 87 2 9.653757e-01
9 87 2 6.999018e-01
10 87 2 3.940633e-01
11 87 2 1.731410e-01
12 87 2 1.052434e-01
1 88 2 3.970121e-02
2 88 2 5.637892e-02
3 88 2 8.841047e-02
4 88 2 1.677494e-01
5 88 2 3.442712e-01
6 88 2 5.410998e-01
7 88 2 6.929535e-01
8 88 2 6.077744e-01
9 88 2 3.927440e-01
10 88 2 1.856035e-01
11 88 2 9.515314e-02
12 88 2 5.285409e-02
1 89 2 4.848601e-02
2 89 2 6.746200e-02
3 89 2 1.280408e-01
4 89 2 2.408228e-01
5 89 2 4.805897e-01
6 89 2 7.179451e-01
7 89 2 8.375293e-01
8 89 2 7.334760e-01
9 89 2 4.786704e-01
10 89 2 2.277851e-01
11 89 2 1.253388e-01
12 89 2 6.937552e-02
1 90 2 9.662835e-03
2 90 2 1.273530e-02
3 90 2 2.527183e-02
4 90 2 4.535755e-02
5 90 2 6.964388e-02
6 90 2 9.218536e-02
7 90 2 1.035298e-01
8 90 2 9.579378e-02
9 90 2 6.981039e-02
10 90 2 4.163893e-02
11 90 2 2.295776e-02
12 90 2 1.306935e-02
1 91 2 3.139368e-04
2 91 2 4.442067e-04
3 91 2 9.280461e-04
4 91 2 1.753716e-03
5 91 2 2.588210e-03
6 91 2 3.289857e-03
7 91 2 3.694030e-03
8 91 2 3.387780e-03
9 91 2 2.435884e-03
10 91 2 1.507818e-03
11 91 2 7.814709e-04
12 91 2 4.011732e-04
1 92 2 1.773604e-03
2 92 2 2.533485e-03
3 92 2 6.350808e-03
4 92 2 1.515156e-02
5 92 2 2.857363e-02
6 92 2 4.378486e-02
7 92 2 5.255783e-02
8 92 2 4.783605e-02
9 92 2 2.992670e-02
10 92 2 1.590508e-02
11 92 2 6.237983e-03
12 92 2 2.677813e-03
1 93 2 3.918807e-02
2 93 2 4.728391e-02
3 93 2 9.721822e-02
4 93 2 2.265779e-01
5 93 2 4.042022e-01
6 93 2 6.414405e-01
7 93 2 8.604588e-01
8 93 2 8.459044e-01
9 93 2 5.689595e-01
10 93 2 3.276515e-01
11 93 2 1.403182e-01
12 93 2 5.844536e-02
1 94 2 8.997845e-02
2 94 2 8.952484e-02
3 94 2 1.195373e-01
4 94 2 2.118421e-01
5 94 2 3.616016e-01
6 94 2 5.693861e-01
7 94 2 7.866046e-01
8 94 2 8.572248e-01
9 94 2 7.061090e-01
10 94 2 4.262061e-01
11 94 2 2.287554e-01
12 94 2 1.249865e-01
1 98 2 1.287753e-02
2 98 2 1.198728e-02
3 98 2 1.128788e-02
4 98 2 1.201834e-02
5 98 2 1.363999e-02
6 98 2 1.560818e-02
7 98 2 1.755600e-02
8 98 2 1.850317e-02
9 98 2 1.825848e-02
10 98 2 1.725914e-02
11 98 2 1.552448e-02
12 98 2 1.412744e-02
1 101 2 1.617029e-02
2 101 2 1.661553e-02
3 101 2 1.702661e-02
4 101 2 2.099639e-02
5 101 2 2.700177e-02
6 101 2 3.152739e-02
7 101 2 3.365368e-02
8 101 2 3.372217e-02
9 101 2 3.241937e-02
10 101 2 2.779628e-02
11 101 2 2.137458e-02
12 101 2 1.714394e-02
1 102 2 1.452427e-01
2 102 2 1.641768e-01
3 102 2 2.017763e-01
4 102 2 2.523816e-01
5 102 2 2.920653e-01
6 102 2 3.188416e-01
7 102 2 3.278200e-01
8 102 2 3.319623e-01
9 102 2 2.991907e-01
10 102 2 2.304968e-01
11 102 2 1.850026e-01
12 102 2 1.516326e-01
1 103 2 1.284908e-01
2 103 2 1.311259e-01
3 103 2 1.429108e-01
4 103 2 1.614838e-01
5 103 2 1.880608e-01
6 103 2 2.152115e-01
7 103 2 2.328315e-01
8 103 2 2.443515e-01
9 103 2 2.396583e-01
10 103 2 2.094405e-01
11 103 2 1.722977e-01
12 103 2 1.432598e-01
1 104 2 2.716098e-02
2 104 2 2.606299e-02
3 104 2 2.634618e-02
4 104 2 2.888479e-02
5 104 2 3.377531e-02
6 104 2 3.875880e-02
7 104 2 4.350000e-02
8 104 2 4.699060e-02
9 104 2 4.736884e-02
10 104 2 4.425187e-02
11 104 2 3.640115e-02
12 104 2 3.014011e-02
1 107 2 1.356095e-02
2 107 2 1.430656e-02
3 107 2 1.670342e-02
4 107 2 1.914028e-02
5 107 2 2.146462e-02
6 107 2 2.747987e-02
7 107 2 3.003666e-02
8 107 2 2.991512e-02
9 107 2 2.800503e-02
10 107 2 2.395417e-02
11 107 2 1.904268e-02
12 107 2 1.489210e-02
1 108 2 1.315494e-03
2 108 2 1.681204e-03
3 108 2 2.442128e-03
4 108 2 3.782323e-03
5 108 2 5.871175e-03
6 108 2 8.058372e-03
7 108 2 8.626244e-03
8 108 2 7.623783e-03
9 108 2 6.168844e-03
10 108 2 4.256075e-03
11 108 2 2.216983e-03
12 108 2 1.411326e-03
1 109 2 2.496620e-03
2 109 2 3.297672e-03
3 109 2 5.157772e-03
4 109 2 8.950873e-03
5 109 2 1.525035e-02
6 109 2 1.922384e-02
7 109 2 1.953316e-02
8 109 2 1.795646e-02
9 109 2 1.441955e-02
10 109 2 1.011768e-02
11 109 2 4.500092e-03
12 109 2 2.628787e-03
1 110 2 1.100073e-03
2 110 2 1.401282e-03
3 110 2 2.250531e-03
4 110 2 3.483734e-03
5 110 2 5.403131e-03
6 110 2 6.257086e-03
7 110 2 6.726971e-03
8 110 2 6.652922e-03
9 110 2 5.601605e-03
10 110 2 4.083925e-03
11 110 2 1.975414e-03
12 110 2 1.162750e-03
1 111 2 3.776441e-02
2 111 2 4.723226e-02
3 111 2 7.646800e-02
4 111 2 1.158936e-01
5 111 2 1.751563e-01
6 111 2 2.246342e-01
7 111 2 2.374552e-01
8 111 2 2.351902e-01
9 111 2 2.002850e-01
10 111 2 1.303759e-01
11 111 2 7.023253e-02
12 111 2 4.289932e-02
1 112 2 4.348501e-02
2 112 2 5.606861e-02
3 112 2 9.836031e-02
4 112 2 1.635675e-01
5 112 2 2.487319e-01
6 112 2 3.031092e-01
7 112 2 3.087086e-01
8 112 2 2.877483e-01
9 112 2 2.196642e-01
10 112 2 1.458292e-01
11 112 2 8.369073e-02
12 112 2 5.144384e-02
1 113 2 2.494006e-02
2 113 2 3.159674e-02
3 113 2 5.308271e-02
4 113 2 7.938036e-02
5 113 2 9.768512e-02
6 113 2 8.529357e-02
7 113 2 7.318693e-02
8 113 2 6.989948e-02
9 113 2 6.913387e-02
10 113 2 6.312582e-02
11 113 2 4.415256e-02
12 113 2 2.982108e-02
1 114 2 6.799399e-02
2 114 2 9.220329e-02
3 114 2 1.642759e-01
4 114 2 2.394624e-01
5 114 2 2.762692e-01
6 114 2 2.022446e-01
7 114 2 1.670404e-01
8 114 2 1.531128e-01
9 114 2 1.477592e-01
10 114 2 1.322472e-01
11 114 2 1.008149e-01
12 114 2 7.467734e-02
1 115 2 2.388920e-02
2 115 2 3.475664e-02
3 115 2 5.509494e-02
4 115 2 6.829499e-02
5 115 2 6.099066e-02
6 115 2 5.662783e-02
7 115 2 5.461649e-02
8 115 2 5.240065e-02
9 115 2 4.819297e-02
10 115 2 4.306780e-02
11 115 2 3.271613e-02
12 115 2 2.347137e-02
1 116 2 2.026411e-02
2 116 2 2.594053e-02
3 116 2 3.966926e-02
4 116 2 5.615038e-02
5 116 2 6.530643e-02
6 116 2 7.436746e-02
7 116 2 7.796559e-02
8 116 2 7.463037e-02
9 116 2 6.045891e-02
10 116 2 4.833555e-02
11 116 2 3.511483e-02
12 116 2 2.313214e-02
1 117 2 5.122037e-03
2 117 2 5.348687e-03
3 117 2 6.754900e-03
4 117 2 9.246588e-03
5 117 2 1.177478e-02
6 117 2 1.395051e-02
7 117 2 1.485177e-02
8 117 2 1.483230e-02
9 117 2 1.353357e-02
10 117 2 1.158555e-02
11 117 2 9.352579e-03
12 117 2 6.756183e-03
1 126 2 2.979851e-04
2 126 2 3.097250e-04
3 126 2 3.356996e-04
4 126 2 3.544783e-04
5 126 2 3.502278e-04
6 126 2 3.254975e-04
7 126 2 3.137607e-04
8 126 2 3.168261e-04
9 126 2 3.151488e-04
10 126 2 3.096842e-04
11 126 2 3.025999e-04
12 126 2 2.980183e-04
1 127 2 3.004102e-02
2 127 2 3.055233e-02
3 127 2 3.224733e-02
4 127 2 3.347958e-02
5 127 2 3.393570e-02
6 127 2 3.287102e-02
7 127 2 3.288009e-02
8 127 2 3.363463e-02
9 127 2 3.327609e-02
10 127 2 3.194245e-02
11 127 2 3.095620e-02
12 127 2 3.057301e-02
1 128 2 1.361251e-01
2 128 2 1.397993e-01
3 128 2 1.435129e-01
4 128 2 1.400929e-01
5 128 2 1.362759e-01
6 128 2 1.321823e-01
7 128 2 1.408819e-01
8 128 2 1.601833e-01
9 128 2 1.684313e-01
10 128 2 1.590913e-01
11 128 2 1.446703e-01
12 128 2 1.363082e-01
1 129 2 3.882606e-03
2 129 2 3.829298e-03
3 129 2 3.925877e-03
4 129 2 4.039728e-03
5 129 2 4.102059e-03
6 129 2 4.213030e-03
7 129 2 4.402200e-03
8 129 2 4.798391e-03
9 129 2 5.013308e-03
10 129 2 5.035394e-03
11 129 2 4.597487e-03
12 129 2 4.084307e-03
1 133 2 8.339328e-02
2 133 2 9.695703e-02
3 133 2 1.163917e-01
4 133 2 1.195035e-01
5 133 2 1.139941e-01
6 133 2 1.047760e-01
7 133 2 9.351353e-02
8 133 2 8.756479e-02
9 133 2 9.131057e-02
10 133 2 9.724927e-02
11 133 2 9.277737e-02
12 133 2 8.118025e-02
1 135 2 3.605217e-03
2 135 2 4.061818e-03
3 135 2 4.830430e-03
4 135 2 5.202148e-03
5 135 2 4.998766e-03
6 135 2 4.459410e-03
7 135 2 3.852489e-03
8 135 2 3.891044e-03
9 135 2 4.134679e-03
10 135 2 3.888425e-03
11 135 2 3.727021e-03
12 135 2 3.501027e-03
1 136 2 4.032501e-03
2 136 2 4.150260e-03
3 136 2 5.132571e-03
4 136 2 6.239644e-03
5 136 2 6.832690e-03
6 136 2 6.234020e-03
7 136 2 5.516380e-03
8 136 2 5.503727e-03
9 136 2 5.532174e-03
10 136 2 5.204105e-03
11 136 2 4.920454e-03
12 136 2 4.369424e-03
1 137 2 9.792576e-04
2 137 2 1.027342e-03
3 137 2 1.177869e-03
4 137 2 1.294305e-03
5 137 2 1.277558e-03
6 137 2 1.175481e-03
7 137 2 1.087445e-03
8 137 2 1.049276e-03
9 137 2 1.049935e-03
10 137 2 1.093790e-03
11 137 2 1.081417e-03
12 137 2 1.019680e-03
1 138 2 3.921050e-02
2 138 2 4.311820e-02
3 138 2 5.002348e-02
4 138 2 5.567302e-02
5 138 2 5.617066e-02
6 138 2 4.936837e-02
7 138 2 4.573507e-02
8 138 2 4.410580e-02
9 138 2 4.422614e-02
10 138 2 4.448385e-02
11 138 2 4.315018e-02
12 138 2 4.001818e-02
1 139 2 6.684034e-02
2 139 2 7.611880e-02
3 139 2 8.505527e-02
4 139 2 8.927156e-02
5 139 2 8.801350e-02
6 139 2 8.196447e-02
7 139 2 7.755079e-02
8 139 2 7.465543e-02
9 139 2 7.368778e-02
10 139 2 7.425984e-02
11 139 2 7.066392e-02
12 139 2 6.468339e-02
1 140 2 2.235537e-02
2 140 2 2.311629e-02
3 140 2 2.510608e-02
4 140 2 2.844478e-02
5 140 2 3.020428e-02
6 140 2 2.901127e-02
7 140 2 2.746895e-02
8 140 2 2.649357e-02
9 140 2 2.610734e-02
10 140 2 2.625163e-02
11 140 2 2.569718e-02
12 140 2 2.395762e-02
1 141 2 3.439238e-02
2 141 2 3.403652e-02
3 141 2 3.501142e-02
4 141 2 3.842474e-02
5 141 2 4.146539e-02
6 141 2 4.100250e-02
7 141 2 3.989374e-02
8 141 2 3.868480e-02
9 141 2 3.835694e-02
10 141 2 3.844712e-02
11 141 2 3.883087e-02
12 141 2 3.770174e-02
1 150 2 3.978251e-05
2 150 2 4.354822e-05
3 150 2 4.661341e-05
4 150 2 4.766603e-05
5 150 2 4.460087e-05
6 150 2 3.933596e-05
7 150 2 3.588537e-05
8 150 2 3.501881e-05
9 150 2 3.388667e-05
10 150 2 3.311569e-05
11 150 2 3.375954e-05
12 150 2 3.591918e-05
1 151 2 2.581377e-02
2 151 2 2.745596e-02
3 151 2 2.911146e-02
4 151 2 2.979790e-02
5 151 2 2.883154e-02
6 151 2 2.713940e-02
7 151 2 2.653974e-02
8 151 2 2.756439e-02
9 151 2 2.624374e-02
10 151 2 2.462704e-02
11 151 2 2.390491e-02
12 151 2 2.450128e-02
1 152 2 2.046239e-02
2 152 2 2.072689e-02
3 152 2 2.091877e-02
4 152 2 1.987823e-02
5 152 2 1.910831e-02
6 152 2 1.876704e-02
7 152 2 2.145575e-02
8 152 2 2.860866e-02
9 152 2 3.037122e-02
10 152 2 2.588567e-02
11 152 2 2.219803e-02
12 152 2 2.052862e-02
1 153 2 2.370832e-02
2 153 2 2.428340e-02
3 153 2 2.562066e-02
4 153 2 2.513049e-02
5 153 2 2.426856e-02
6 153 2 2.382685e-02
7 153 2 2.781351e-02
8 153 2 3.634725e-02
9 153 2 4.420838e-02
10 153 2 3.951321e-02
11 153 2 2.988972e-02
12 153 2 2.493893e-02
1 154 2 6.450323e-02
2 154 2 6.415326e-02
3 154 2 6.675970e-02
4 154 2 6.396818e-02
5 154 2 5.981608e-02
6 154 2 5.380526e-02
7 154 2 5.080630e-02
8 154 2 5.292654e-02
9 154 2 5.967397e-02
10 154 2 6.706288e-02
11 154 2 7.067680e-02
12 154 2 6.834110e-02
1 157 2 2.569767e-03
2 157 2 2.668447e-03
3 157 2 2.856954e-03
4 157 2 2.816708e-03
5 157 2 2.745481e-03
6 157 2 2.581224e-03
7 157 2 2.462855e-03
8 157 2 2.438030e-03
9 157 2 2.420409e-03
10 157 2 2.462612e-03
11 157 2 2.480266e-03
12 157 2 2.512634e-03
1 163 2 1.195897e-02
2 163 2 1.211920e-02
3 163 2 1.247884e-02
4 163 2 1.322765e-02
5 163 2 1.324056e-02
6 163 2 1.224142e-02
7 163 2 1.131715e-02
8 163 2 1.062703e-02
9 163 2 1.077920e-02
10 163 2 1.140398e-02
11 163 2 1.184978e-02
12 163 2 1.194263e-02
1 164 2 4.526958e-02
2 164 2 4.488252e-02
3 164 2 4.613190e-02
4 164 2 4.828400e-02
5 164 2 4.771604e-02
6 164 2 4.413365e-02
7 164 2 4.084959e-02
8 164 2 3.990253e-02
9 164 2 4.272747e-02
10 164 2 4.680984e-02
11 164 2 4.775518e-02
12 164 2 4.695995e-02
1 165 2 1.998841e-02
2 165 2 1.959006e-02
3 165 2 1.983633e-02
4 165 2 2.027509e-02
5 165 2 2.005255e-02
6 165 2 1.845118e-02
7 165 2 1.739694e-02
8 165 2 1.760886e-02
9 165 2 1.876914e-02
10 165 2 2.006828e-02
11 165 2 2.111099e-02
12 165 2 2.113586e-02
1 166 2 8.738797e-03
2 166 2 8.651557e-03
3 166 2 8.508620e-03
4 166 2 8.468701e-03
5 166 2 8.191406e-03
6 166 2 7.575687e-03
7 166 2 7.153740e-03
8 166 2 7.207112e-03
9 166 2 7.476845e-03
10 166 2 7.865092e-03
11 166 2 8.479724e-03
12 166 2 8.906977e-03
1 170 2 3.962384e-04
2 170 2 4.357837e-04
3 170 2 4.281551e-04
4 170 2 3.891701e-04
5 170 2 3.242950e-04
6 170 2 2.726754e-04
7 170 2 2.579083e-04
8 170 2 2.462194e-04
9 170 2 2.503605e-04
10 170 2 2.787747e-04
11 170 2 3.075760e-04
12 170 2 3.541928e-04
1 171 2 1.420965e-03
2 171 2 1.559811e-03
3 171 2 1.578695e-03
4 171 2 1.404539e-03
5 171 2 1.168418e-03
6 171 2 1.001279e-03
7 171 2 9.090540e-04
8 171 2 8.613572e-04
9 171 2 8.739073e-04
10 171 2 9.505672e-04
11 171 2 1.084921e-03
12 171 2 1.281730e-03
1 175 2 4.102315e-05
2 175 2 4.337103e-05
3 175 2 4.349544e-05
4 175 2 4.073865e-05
5 175 2 3.539547e-05
6 175 2 3.225425e-05
7 175 2 3.158500e-05
8 175 2 3.131833e-05
9 175 2 2.912946e-05
10 175 2 2.944576e-05
11 175 2 3.078527e-05
12 175 2 3.591119e-05
1 176 2 2.926157e-02
2 176 2 2.948096e-02
3 176 2 2.886176e-02
4 176 2 2.549121e-02
5 176 2 2.062125e-02
6 176 2 1.868672e-02
7 176 2 1.865264e-02
8 176 2 2.128018e-02
9 176 2 2.317632e-02
10 176 2 2.473478e-02
11 176 2 2.640253e-02
12 176 2 2.804597e-02
1 177 2 1.297853e-01
2 177 2 1.261158e-01
3 177 2 1.190768e-01
4 177 2 1.041248e-01
5 177 2 8.514569e-02
6 177 2 7.270722e-02
7 177 2 7.565075e-02
8 177 2 9.064352e-02
9 177 2 1.139247e-01
10 177 2 1.184773e-01
11 177 2 1.208805e-01
12 177 2 1.211275e-01
1 178 2 4.728582e-02
2 178 2 4.673317e-02
3 178 2 4.479716e-02
4 178 2 3.754722e-02
5 178 2 3.269254e-02
6 178 2 2.763247e-02
7 178 2 2.631818e-02
8 178 2 2.651188e-02
9 178 2 3.023613e-02
10 178 2 3.253321e-02
11 178 2 3.674441e-02
12 178 2 4.079402e-02
1 181 2 5.778893e-04
2 181 2 6.103787e-04
3 181 2 6.187842e-04
4 181 2 5.916405e-04
5 181 2 4.879190e-04
6 181 2 4.219019e-04
7 181 2 3.730482e-04
8 181 2 3.817844e-04
9 181 2 4.136247e-04
10 181 2 4.478783e-04
11 181 2 5.072280e-04
12 181 2 5.400511e-04
1 182 2 6.898962e-02
2 182 2 6.376768e-02
3 182 2 6.013006e-02
4 182 2 5.022889e-02
5 182 2 3.933369e-02
6 182 2 2.941925e-02
7 182 2 2.916912e-02
8 182 2 4.053411e-02
9 182 2 5.624543e-02
10 182 2 6.898302e-02
11 182 2 7.624042e-02
12 182 2 7.317955e-02
1 183 2 1.468649e-02
2 183 2 1.410883e-02
3 183 2 1.346953e-02
4 183 2 1.221318e-02
5 183 2 1.027596e-02
6 183 2 8.340159e-03
7 183 2 7.759642e-03
8 183 2 9.214279e-03
9 183 2 1.071369e-02
10 183 2 1.267429e-02
11 183 2 1.379845e-02
12 183 2 1.419260e-02
1 184 2 4.577320e-03
2 184 2 4.638005e-03
3 184 2 4.491835e-03
4 184 2 4.042361e-03
5 184 2 3.360605e-03
6 184 2 2.716002e-03
7 184 2 2.449151e-03
8 184 2 2.557899e-03
9 184 2 2.709666e-03
10 184 2 3.111711e-03
11 184 2 3.640911e-03
12 184 2 4.149833e-03
1 188 2 2.211938e-03
2 188 2 2.192652e-03
3 188 2 2.032392e-03
4 188 2 1.659587e-03
5 188 2 1.172929e-03
6 188 2 8.921716e-04
7 188 2 7.677064e-04
8 188 2 7.809316e-04
9 188 2 1.057768e-03
10 188 2 1.390056e-03
11 188 2 1.655418e-03
12 188 2 2.064752e-03
1 189 2 1.929950e-03
2 189 2 1.783663e-03
3 189 2 1.617941e-03
4 189 2 1.195899e-03
5 189 2 7.917921e-04
6 189 2 5.599256e-04
7 189 2 5.323696e-04
8 189 2 6.539261e-04
9 189 2 1.051955e-03
10 189 2 1.497829e-03
11 189 2 1.821860e-03
12 189 2 1.903835e-03
1 190 2 7.901985e-03
2 190 2 7.487276e-03
3 190 2 6.498972e-03
4 190 2 4.603086e-03
5 190 2 3.211573e-03
6 190 2 2.329813e-03
7 190 2 2.189120e-03
8 190 2 2.638978e-03
9 190 2 3.706740e-03
10 190 2 5.053182e-03
11 190 2 6.621281e-03
12 190 2 7.428956e-03
1 191 2 5.425765e-03
2 191 2 5.622526e-03
3 191 2 5.465123e-03
4 191 2 4.514805e-03
5 191 2 3.712608e-03
6 191 2 3.049843e-03
7 191 2 2.681325e-03
8 191 2 2.723119e-03
9 191 2 2.970978e-03
10 191 2 3.334618e-03
11 191 2 4.101230e-03
12 191 2 4.825060e-03
1 192 2 2.734667e-03
2 192 2 2.955414e-03
3 192 2 2.879486e-03
4 192 2 2.493204e-03
5 192 2 2.107133e-03
6 192 2 1.794139e-03
7 192 2 1.576692e-03
8 192 2 1.465117e-03
9 192 2 1.508552e-03
10 192 2 1.656563e-03
11 192 2 1.977508e-03
12 192 2 2.374554e-03
1 200 2 1.266444e-01
2 200 2 1.302855e-01
3 200 2 1.065450e-01
4 200 2 7.043384e-02
5 200 2 4.610248e-02
6 200 2 3.754620e-02
7 200 2 3.567084e-02
8 200 2 3.846797e-02
9 200 2 4.261009e-02
10 200 2 5.447907e-02
11 200 2 7.570671e-02
12 200 2 1.043084e-01
1 201 2 8.699169e-02
2 201 2 8.975740e-02
3 201 2 8.216757e-02
4 201 2 6.324672e-02
5 201 2 4.766245e-02
6 201 2 3.943246e-02
7 201 2 3.726588e-02
8 201 2 3.854817e-02
9 201 2 3.815115e-02
10 201 2 4.539492e-02
11 201 2 5.786634e-02
12 201 2 7.207073e-02
1 206 2 4.584545e-02
2 206 2 4.951906e-02
3 206 2 4.480150e-02
4 206 2 3.823116e-02
5 206 2 3.161697e-02
6 206 2 2.756733e-02
7 206 2 2.364436e-02
8 206 2 2.321577e-02
9 206 2 2.513083e-02
10 206 2 2.844668e-02
11 206 2 3.334607e-02
12 206 2 3.928512e-02
1 207 2 1.738541e-03
2 207 2 1.898268e-03
3 207 2 1.800277e-03
4 207 2 1.632403e-03
5 207 2 1.447700e-03
6 207 2 1.241686e-03
7 207 2 1.094435e-03
8 207 2 1.077740e-03
9 207 2 1.087370e-03
10 207 2 1.197699e-03
11 207 2 1.290765e-03
12 207 2 1.476555e-03
1 212 2 3.115180e-03
2 212 2 3.325262e-03
3 212 2 2.951496e-03
4 212 2 2.481295e-03
5 212 2 1.933973e-03
6 212 2 1.560877e-03
7 212 2 1.295616e-03
8 212 2 1.252201e-03
9 212 2 1.422158e-03
10 212 2 1.678080e-03
11 212 2 1.990495e-03
12 212 2 2.631815e-03
1 213 2 6.777232e-04
2 213 2 7.407005e-04
3 213 2 6.277145e-04
4 213 2 5.311810e-04
5 213 2 4.098770e-04
6 213 2 3.159575e-04
7 213 2 2.681554e-04
8 213 2 2.617846e-04
9 213 2 3.153306e-04
10 213 2 3.886086e-04
11 213 2 4.772065e-04
12 213 2 5.839660e-04
1 214 2 2.411552e-02
2 214 2 2.556548e-02
3 214 2 2.054027e-02
4 214 2 1.525598e-02
5 214 2 1.127697e-02
6 214 2 8.310608e-03
7 214 2 7.197113e-03
8 214 2 7.419679e-03
9 214 2 9.365761e-03
10 214 2 1.255629e-02
11 214 2 1.718841e-02
12 214 2 2.084654e-02
1 215 2 8.935710e-03
2 215 2 9.191569e-03
3 215 2 8.569731e-03
4 215 2 6.829713e-03
5 215 2 5.547470e-03
6 215 2 4.457276e-03
7 215 2 3.851703e-03
8 215 2 3.861175e-03
9 215 2 4.342150e-03
10 215 2 5.165764e-03
11 215 2 6.504408e-03
12 215 2 7.857683e-03
1 216 2 5.304260e-03
2 216 2 5.538037e-03
3 216 2 5.193314e-03
4 216 2 4.221863e-03
5 216 2 3.380625e-03
6 216 2 2.908243e-03
7 216 2 2.555588e-03
8 216 2 2.443616e-03
9 216 2 2.535685e-03
10 216 2 2.882044e-03
11 216 2 3.466610e-03
12 216 2 4.455220e-03
1 224 2 3.701533e-03
2 224 2 4.046652e-03
3 224 2 3.531198e-03
4 224 2 3.040891e-03
5 224 2 2.455576e-03
6 224 2 2.086764e-03
7 224 2 1.895805e-03
8 224 2 1.980146e-03
9 224 2 2.036355e-03
10 224 2 2.401782e-03
11 224 2 2.868202e-03
12 224 2 3.421992e-03
1 240 2 3.277339e-04
2 240 2 3.342866e-04
3 240 2 3.056969e-04
4 240 2 2.699783e-04
5 240 2 2.346459e-04
6 240 2 2.023902e-04
7 240 2 1.982846e-04
8 240 2 2.044199e-04
9 240 2 1.989905e-04
10 240 2 2.142920e-04
11 240 2 2.354543e-04
12 240 2 2.918046e-04
