1 7 2 1.994289e-07
2 7 2 1.703699e-07
3 7 2 1.863242e-07
4 7 2 4.815715e-07
5 7 2 1.656951e-06
6 7 2 4.462792e-06
7 7 2 6.038289e-06
8 7 2 4.116962e-06
9 7 2 1.780448e-06
10 7 2 7.805434e-07
11 7 2 4.135425e-07
12 7 2 2.439632e-07
1 25 2 1.573773e-04
2 25 2 1.494291e-04
3 25 2 2.105210e-04
4 25 2 3.841540e-04
5 25 2 1.074678e-03
6 25 2 1.948791e-03
7 25 2 2.362506e-03
8 25 2 1.811625e-03
9 25 2 1.023664e-03
10 25 2 4.790375e-04
11 25 2 2.284107e-04
12 25 2 1.322719e-04
1 26 2 1.291911e-04
2 26 2 1.063255e-04
3 26 2 1.758179e-04
4 26 2 3.924400e-04
5 26 2 1.105443e-03
6 26 2 2.111365e-03
7 26 2 2.290825e-03
8 26 2 1.714002e-03
9 26 2 9.374692e-04
10 26 2 3.773680e-04
11 26 2 1.971593e-04
12 26 2 1.218936e-04
1 27 2 5.645661e-04
2 27 2 4.984613e-04
3 27 2 8.738000e-04
4 27 2 2.225461e-03
5 27 2 6.267065e-03
6 27 2 1.295478e-02
7 27 2 1.461080e-02
8 27 2 1.099717e-02
9 27 2 5.682947e-03
10 27 2 2.134084e-03
11 27 2 1.130988e-03
12 27 2 6.995941e-04
1 28 2 2.072180e-05
2 28 2 1.885739e-05
3 28 2 3.171486e-05
4 28 2 8.620856e-05
5 28 2 2.461782e-04
6 28 2 5.270635e-04
7 28 2 6.283821e-04
8 28 2 4.734930e-04
9 28 2 2.435748e-04
10 28 2 9.486059e-05
11 28 2 4.735578e-05
12 28 2 2.952370e-05
1 29 2 2.779876e-05
2 29 2 2.629771e-05
3 29 2 4.189356e-05
4 29 2 1.259670e-04
5 29 2 3.766966e-04
6 29 2 9.270845e-04
7 29 2 1.262903e-03
8 29 2 9.396085e-04
9 29 2 4.315150e-04
10 29 2 1.599355e-04
11 29 2 7.560216e-05
12 29 2 4.719418e-05
1 30 2 6.300865e-06
2 30 2 5.510499e-06
3 30 2 8.758110e-06
4 30 2 2.680610e-05
5 30 2 7.425707e-05
6 30 2 2.019503e-04
7 30 2 2.927174e-04
8 30 2 2.241649e-04
9 30 2 1.014269e-04
10 30 2 3.970032e-05
11 30 2 1.831267e-05
12 30 2 1.096742e-05
1 31 2 1.124657e-05
2 31 2 8.666431e-06
3 31 2 1.316536e-05
4 31 2 3.664357e-05
5 31 2 9.463147e-05
6 31 2 2.491599e-04
7 31 2 3.513708e-04
8 31 2 2.836178e-04
9 31 2 1.418845e-04
10 31 2 6.497609e-05
11 31 2 3.119646e-05
12 31 2 1.738412e-05
1 32 2 1.327787e-05
2 32 2 1.099152e-05
3 32 2 1.536425e-05
4 32 2 3.413998e-05
5 32 2 9.118329e-05
6 32 2 2.159953e-04
7 32 2 2.786595e-04
8 32 2 2.301853e-04
9 32 2 1.285381e-04
10 32 2 6.626269e-05
11 32 2 3.424185e-05
12 32 2 1.775817e-05
1 35 2 7.747549e-04
2 35 2 7.382248e-04
3 35 2 8.019305e-04
4 35 2 1.068645e-03
5 35 2 1.675243e-03
6 35 2 2.558462e-03
7 35 2 3.078616e-03
8 35 2 2.826985e-03
9 35 2 1.921328e-03
10 35 2 1.389117e-03
11 35 2 1.052182e-03
12 35 2 8.548028e-04
1 36 2 9.304169e-05
2 36 2 8.734805e-05
3 36 2 9.680746e-05
4 36 2 1.162742e-04
5 36 2 1.590243e-04
6 36 2 2.294057e-04
7 36 2 2.701752e-04
8 36 2 2.752348e-04
9 36 2 2.100949e-04
10 36 2 1.646009e-04
11 36 2 1.259832e-04
12 36 2 1.043877e-04
1 37 2 2.535933e-03
2 37 2 2.454430e-03
3 37 2 3.092697e-03
4 37 2 3.976793e-03
5 37 2 6.012151e-03
6 37 2 9.118731e-03
7 37 2 1.060555e-02
8 37 2 1.042551e-02
9 37 2 7.672204e-03
10 37 2 5.752812e-03
11 37 2 4.054646e-03
12 37 2 3.106205e-03
1 38 2 1.160907e-02
2 38 2 1.159867e-02
3 38 2 1.766904e-02
4 38 2 2.619726e-02
5 38 2 4.782941e-02
6 38 2 8.486963e-02
7 38 2 1.006096e-01
8 38 2 8.725780e-02
9 38 2 5.636188e-02
10 38 2 3.852329e-02
11 38 2 2.201297e-02
12 38 2 1.588541e-02
1 39 2 1.740037e-02
2 39 2 1.812768e-02
3 39 2 2.936311e-02
4 39 2 4.533908e-02
5 39 2 8.797283e-02
6 39 2 1.700736e-01
7 39 2 2.111839e-01
8 39 2 1.709782e-01
9 39 2 1.077697e-01
10 39 2 6.805526e-02
11 39 2 3.444810e-02
12 39 2 2.514462e-02
1 40 2 4.324704e-03
2 40 2 4.744950e-03
3 40 2 8.462550e-03
4 40 2 1.423045e-02
5 40 2 3.110848e-02
6 40 2 7.062995e-02
7 40 2 8.836897e-02
8 40 2 6.482526e-02
9 40 2 3.993170e-02
10 40 2 2.151558e-02
11 40 2 9.216650e-03
12 40 2 6.866116e-03
1 41 2 2.304302e-03
2 41 2 2.463414e-03
3 41 2 4.936599e-03
4 41 2 8.792432e-03
5 41 2 2.205271e-02
6 41 2 5.596101e-02
7 41 2 7.235425e-02
8 41 2 5.074894e-02
9 41 2 2.836086e-02
10 41 2 1.229186e-02
11 41 2 4.722203e-03
12 41 2 3.935895e-03
1 42 2 1.246228e-03
2 42 2 1.303579e-03
3 42 2 2.811151e-03
4 42 2 5.545535e-03
5 42 2 1.576502e-02
6 42 2 4.372745e-02
7 42 2 6.121330e-02
8 42 2 4.087921e-02
9 42 2 1.935844e-02
10 42 2 6.928181e-03
11 42 2 2.582958e-03
12 42 2 2.118941e-03
1 43 2 3.499060e-05
2 43 2 3.628074e-05
3 43 2 8.560373e-05
4 43 2 2.088756e-04
5 43 2 6.991451e-04
6 43 2 2.061888e-03
7 43 2 3.014194e-03
8 43 2 1.892102e-03
9 43 2 7.737159e-04
10 43 2 2.375504e-04
11 43 2 8.100980e-05
12 43 2 5.676418e-05
1 44 2 1.444306e-04
2 44 2 1.451203e-04
3 44 2 3.156589e-04
4 44 2 8.533760e-04
5 44 2 3.188186e-03
6 44 2 1.004703e-02
7 44 2 1.468429e-02
8 44 2 8.854536e-03
9 44 2 3.191927e-03
10 44 2 9.457033e-04
11 44 2 3.103825e-04
12 44 2 2.098534e-04
1 45 2 3.316441e-04
2 45 2 3.716761e-04
3 45 2 6.772582e-04
4 45 2 1.997289e-03
5 45 2 8.364256e-03
6 45 2 2.775347e-02
7 45 2 3.882674e-02
8 45 2 2.364156e-02
9 45 2 8.129800e-03
10 45 2 2.075708e-03
11 45 2 6.016583e-04
12 45 2 3.932141e-04
1 46 2 1.504212e-04
2 46 2 1.892336e-04
3 46 2 2.974609e-04
4 46 2 8.260187e-04
5 46 2 3.243741e-03
6 46 2 1.006172e-02
7 46 2 1.407564e-02
8 46 2 8.819958e-03
9 46 2 3.313028e-03
10 46 2 8.030386e-04
11 46 2 2.207870e-04
12 46 2 1.574520e-04
1 47 2 1.977421e-04
2 47 2 2.516540e-04
3 47 2 3.546199e-04
4 47 2 7.945357e-04
5 47 2 2.708174e-03
6 47 2 7.461016e-03
7 47 2 1.011873e-02
8 47 2 6.861224e-03
9 47 2 2.906624e-03
10 47 2 8.965142e-04
11 47 2 2.644951e-04
12 47 2 2.010515e-04
1 48 2 2.675244e-04
2 48 2 3.073155e-04
3 48 2 4.226953e-04
4 48 2 8.254346e-04
5 48 2 2.561482e-03
6 48 2 5.891847e-03
7 48 2 7.829718e-03
8 48 2 5.508655e-03
9 48 2 2.622342e-03
10 48 2 9.777019e-04
11 48 2 3.519604e-04
12 48 2 2.333988e-04
1 49 2 6.717947e-05
2 49 2 6.112739e-05
3 49 2 6.933639e-05
4 49 2 8.115210e-05
5 49 2 1.160648e-04
6 49 2 1.765859e-04
7 49 2 2.633487e-04
8 49 2 2.476425e-04
9 49 2 1.727278e-04
10 49 2 1.236034e-04
11 49 2 9.024045e-05
12 49 2 6.583025e-05
1 50 2 2.739410e-04
2 50 2 2.364656e-04
3 50 2 2.771743e-04
4 50 2 3.159500e-04
5 50 2 4.446775e-04
6 50 2 6.525581e-04
7 50 2 9.006261e-04
8 50 2 8.660988e-04
9 50 2 6.271343e-04
10 50 2 4.470477e-04
11 50 2 3.346960e-04
12 50 2 2.635366e-04
1 51 2 1.052541e-04
2 51 2 9.606086e-05
3 51 2 1.043807e-04
4 51 2 1.204899e-04
5 51 2 1.642308e-04
6 51 2 2.303206e-04
7 51 2 3.001414e-04
8 51 2 2.976491e-04
9 51 2 2.473028e-04
10 51 2 1.739464e-04
11 51 2 1.303665e-04
12 51 2 1.092511e-04
1 52 2 3.849458e-02
2 52 2 4.046111e-02
3 52 2 5.082835e-02
4 52 2 7.410081e-02
5 52 2 1.253142e-01
6 52 2 1.724604e-01
7 52 2 2.212125e-01
8 52 2 2.069095e-01
9 52 2 1.670250e-01
10 52 2 9.541554e-02
11 52 2 5.743082e-02
12 52 2 4.428792e-02
1 53 2 1.009438e-02
2 53 2 1.266476e-02
3 53 2 2.145678e-02
4 53 2 4.683373e-02
5 53 2 8.918574e-02
6 53 2 1.331770e-01
7 53 2 1.848655e-01
8 53 2 1.575269e-01
9 53 2 1.066154e-01
10 53 2 4.702190e-02
11 53 2 2.097303e-02
12 53 2 1.328727e-02
1 54 2 5.377081e-03
2 54 2 6.975451e-03
3 54 2 1.304438e-02
4 54 2 3.241399e-02
5 54 2 6.384546e-02
6 54 2 1.233203e-01
7 54 2 1.751823e-01
8 54 2 1.468949e-01
9 54 2 8.908944e-02
10 54 2 3.788950e-02
11 54 2 1.624117e-02
12 54 2 8.958947e-03
1 55 2 3.515800e-03
2 55 2 3.921054e-03
3 55 2 7.314619e-03
4 55 2 1.712755e-02
5 55 2 3.398800e-02
6 55 2 7.258472e-02
7 55 2 1.008983e-01
8 55 2 8.701599e-02
9 55 2 5.517990e-02
10 55 2 2.645788e-02
11 55 2 1.237863e-02
12 55 2 7.088039e-03
1 56 2 1.228197e-02
2 56 2 1.274600e-02
3 56 2 2.207642e-02
4 56 2 4.922726e-02
5 56 2 1.076042e-01
6 56 2 2.121116e-01
7 56 2 2.932628e-01
8 56 2 2.433933e-01
9 56 2 1.590876e-01
10 56 2 8.196772e-02
11 56 2 3.695409e-02
12 56 2 2.119353e-02
1 57 2 2.480380e-03
2 57 2 2.366529e-03
3 57 2 2.910695e-03
4 57 2 4.417980e-03
5 57 2 7.391973e-03
6 57 2 1.202766e-02
7 57 2 1.712753e-02
8 57 2 1.543609e-02
9 57 2 1.148446e-02
10 57 2 7.377019e-03
11 57 2 4.511086e-03
12 57 2 3.241913e-03
1 60 2 2.713740e-01
2 60 2 2.628012e-01
3 60 2 3.013808e-01
4 60 2 3.574332e-01
5 60 2 4.406868e-01
6 60 2 5.799408e-01
7 60 2 6.751671e-01
8 60 2 6.754510e-01
9 60 2 5.732174e-01
10 60 2 4.679357e-01
11 60 2 3.742392e-01
12 60 2 3.102059e-01
1 61 2 7.300820e-01
2 61 2 7.344735e-01
3 61 2 1.033024e+00
4 61 2 1.555953e+00
5 61 2 2.269660e+00
6 61 2 3.197584e+00
7 61 2 3.784031e+00
8 61 2 3.640551e+00
9 61 2 2.828804e+00
10 61 2 1.924170e+00
11 61 2 1.255253e+00
12 61 2 8.804236e-01
1 62 2 2.152008e-01
2 62 2 2.356955e-01
3 62 2 3.710278e-01
4 62 2 6.716735e-01
5 62 2 1.152065e+00
6 62 2 1.634296e+00
7 62 2 1.998414e+00
8 62 2 1.865447e+00
9 62 2 1.299885e+00
10 62 2 7.751718e-01
11 62 2 4.209526e-01
12 62 2 2.739439e-01
1 63 2 2.668755e-01
2 63 2 3.239755e-01
3 63 2 5.420960e-01
4 63 2 1.140165e+00
5 63 2 2.188165e+00
6 63 2 3.253055e+00
7 63 2 4.159871e+00
8 63 2 3.619903e+00
9 63 2 2.210924e+00
10 63 2 1.207409e+00
11 63 2 5.577112e-01
12 63 2 3.651013e-01
1 64 2 6.381415e-02
2 64 2 8.175258e-02
3 64 2 1.556766e-01
4 64 2 3.687460e-01
5 64 2 7.897377e-01
6 64 2 1.264979e+00
7 64 2 1.603388e+00
8 64 2 1.253492e+00
9 64 2 7.177307e-01
10 64 2 3.172929e-01
11 64 2 1.449873e-01
12 64 2 9.922316e-02
1 65 2 2.158510e-02
2 65 2 2.676566e-02
3 65 2 5.863853e-02
4 65 2 1.653627e-01
5 65 2 3.467129e-01
6 65 2 5.892516e-01
7 65 2 7.637538e-01
8 65 2 5.700244e-01
9 65 2 3.232998e-01
10 65 2 1.147250e-01
11 65 2 5.050418e-02
12 65 2 3.660031e-02
1 66 2 1.430461e-02
2 66 2 1.768496e-02
3 66 2 4.204222e-02
4 66 2 1.379266e-01
5 66 2 2.867887e-01
6 66 2 4.931461e-01
7 66 2 6.801307e-01
8 66 2 5.141795e-01
9 66 2 2.908630e-01
10 66 2 9.636626e-02
11 66 2 3.692899e-02
12 66 2 2.290633e-02
1 67 2 4.875847e-03
2 67 2 6.501716e-03
3 67 2 1.653391e-02
4 67 2 6.107768e-02
5 67 2 1.385817e-01
6 67 2 2.363521e-01
7 67 2 3.304464e-01
8 67 2 2.543056e-01
9 67 2 1.390874e-01
10 67 2 5.114894e-02
11 67 2 1.617368e-02
12 67 2 7.279688e-03
1 68 2 1.202773e-03
2 68 2 1.615001e-03
3 68 2 4.796463e-03
4 68 2 2.204707e-02
5 68 2 6.008110e-02
6 68 2 1.151340e-01
7 68 2 1.650804e-01
8 68 2 1.227759e-01
9 68 2 5.892134e-02
10 68 2 2.164699e-02
11 68 2 4.936281e-03
12 68 2 1.717654e-03
1 69 2 7.334054e-04
2 69 2 1.039833e-03
3 69 2 2.486689e-03
4 69 2 1.090428e-02
5 69 2 3.496509e-02
6 69 2 8.274881e-02
7 69 2 1.212263e-01
8 69 2 9.331975e-02
9 69 2 4.008955e-02
10 69 2 1.303557e-02
11 69 2 2.525824e-03
12 69 2 9.498736e-04
1 70 2 3.046352e-03
2 70 2 3.560603e-03
3 70 2 5.102241e-03
4 70 2 1.331148e-02
5 70 2 3.338097e-02
6 70 2 8.105850e-02
7 70 2 1.312080e-01
8 70 2 1.195835e-01
9 70 2 6.174490e-02
10 70 2 2.200891e-02
11 70 2 6.693798e-03
12 70 2 3.768123e-03
1 71 2 2.504519e-03
2 71 2 2.541501e-03
3 71 2 2.875901e-03
4 71 2 4.614952e-03
5 71 2 8.937447e-03
6 71 2 1.864436e-02
7 71 2 2.861323e-02
8 71 2 2.844873e-02
9 71 2 1.825243e-02
10 71 2 8.693391e-03
11 71 2 4.153054e-03
12 71 2 2.884437e-03
1 72 2 1.054647e-05
2 72 2 1.007280e-05
3 72 2 1.091283e-05
4 72 2 1.391397e-05
5 72 2 2.164911e-05
6 72 2 3.767017e-05
7 72 2 5.834678e-05
8 72 2 5.611592e-05
9 72 2 3.926058e-05
10 72 2 2.380539e-05
11 72 2 1.466740e-05
12 72 2 1.047445e-05
1 76 2 9.571351e-02
2 76 2 8.756802e-02
3 76 2 8.844936e-02
4 76 2 9.621183e-02
5 76 2 1.308016e-01
6 76 2 1.865148e-01
7 76 2 2.501059e-01
8 76 2 2.669089e-01
9 76 2 2.543123e-01
10 76 2 1.698298e-01
11 76 2 1.096323e-01
12 76 2 9.588294e-02
1 77 2 9.305030e-02
2 77 2 1.208251e-01
3 77 2 1.582736e-01
4 77 2 2.558049e-01
5 77 2 4.295068e-01
6 77 2 6.631137e-01
7 77 2 9.009926e-01
8 77 2 8.551881e-01
9 77 2 6.334871e-01
10 77 2 3.200452e-01
11 77 2 1.404368e-01
12 77 2 8.851659e-02
1 78 2 1.066731e-01
2 78 2 1.457537e-01
3 78 2 2.029708e-01
4 78 2 3.640494e-01
5 78 2 5.692681e-01
6 78 2 9.038004e-01
7 78 2 1.115642e+00
8 78 2 1.044663e+00
9 78 2 6.773480e-01
10 78 2 3.592109e-01
11 78 2 1.939816e-01
12 78 2 1.119922e-01
1 79 2 3.426118e-01
2 79 2 4.203904e-01
3 79 2 6.172544e-01
4 79 2 1.023819e+00
5 79 2 1.555465e+00
6 79 2 2.541117e+00
7 79 2 3.113821e+00
8 79 2 2.949794e+00
9 79 2 2.036850e+00
10 79 2 1.229535e+00
11 79 2 7.005257e-01
12 79 2 4.291291e-01
1 80 2 1.675377e-01
2 80 2 1.678649e-01
3 80 2 2.109327e-01
4 80 2 2.852052e-01
5 80 2 4.253582e-01
6 80 2 6.471672e-01
7 80 2 8.333260e-01
8 80 2 8.249789e-01
9 80 2 6.847174e-01
10 80 2 4.800584e-01
11 80 2 2.800470e-01
12 80 2 2.070013e-01
1 81 2 3.745870e-08
2 81 2 3.394661e-08
3 81 2 3.575499e-08
4 81 2 4.239666e-08
5 81 2 6.105081e-08
6 81 2 8.226420e-08
7 81 2 1.097674e-07
8 81 2 1.177780e-07
9 81 2 1.070970e-07
10 81 2 8.217477e-08
11 81 2 5.432066e-08
12 81 2 4.447212e-08
1 84 2 2.380408e-01
2 84 2 2.516691e-01
3 84 2 3.112643e-01
4 84 2 3.933407e-01
5 84 2 5.273512e-01
6 84 2 8.641032e-01
7 84 2 1.157314e+00
8 84 2 1.108994e+00
9 84 2 8.321299e-01
10 84 2 5.251575e-01
11 84 2 3.527887e-01
12 84 2 2.694925e-01
1 85 2 2.390659e-01
2 85 2 2.692071e-01
3 85 2 3.500126e-01
4 85 2 5.085358e-01
5 85 2 8.140550e-01
6 85 2 1.243596e+00
7 85 2 1.720631e+00
8 85 2 1.636851e+00
9 85 2 1.178644e+00
10 85 2 6.501471e-01
11 85 2 3.666556e-01
12 85 2 2.660456e-01
1 86 2 7.096743e-02
2 86 2 8.034998e-02
3 86 2 1.026814e-01
4 86 2 1.491472e-01
5 86 2 2.397091e-01
6 86 2 3.478126e-01
7 86 2 4.778021e-01
8 86 2 4.793651e-01
9 86 2 3.548215e-01
10 86 2 2.057571e-01
11 86 2 1.133411e-01
12 86 2 8.100413e-02
1 87 2 7.889549e-02
2 87 2 1.067365e-01
3 87 2 1.524002e-01
4 87 2 2.409100e-01
5 87 2 4.226445e-01
6 87 2 6.352883e-01
7 87 2 8.612544e-01
8 87 2 8.775894e-01
9 87 2 6.362564e-01
10 87 2 3.582292e-01
11 87 2 1.573965e-01
12 87 2 9.567312e-02
1 88 2 3.631148e-02
2 88 2 5.156523e-02
3 88 2 8.086189e-02
4 88 2 1.534268e-01
5 88 2 3.148769e-01
6 88 2 4.949001e-01
7 88 2 6.337884e-01
8 88 2 5.558820e-01
9 88 2 3.592111e-01
10 88 2 1.697565e-01
11 88 2 8.702888e-02
12 88 2 4.834135e-02
1 89 2 4.379522e-02
2 89 2 6.093538e-02
3 89 2 1.156534e-01
4 89 2 2.175244e-01
5 89 2 4.340949e-01
6 89 2 6.484874e-01
7 89 2 7.565024e-01
8 89 2 6.625157e-01
9 89 2 4.323614e-01
10 89 2 2.057480e-01
11 89 2 1.132128e-01
12 89 2 6.266377e-02
1 90 2 8.766262e-03
2 90 2 1.155364e-02
3 90 2 2.292696e-02
4 90 2 4.114902e-02
5 90 2 6.318192e-02
6 90 2 8.363187e-02
7 90 2 9.392375e-02
8 90 2 8.690548e-02
9 90 2 6.333299e-02
10 90 2 3.777544e-02
11 90 2 2.082761e-02
12 90 2 1.185670e-02
1 91 2 2.872907e-04
2 91 2 4.065037e-04
3 91 2 8.492761e-04
4 91 2 1.604865e-03
5 91 2 2.368530e-03
6 91 2 3.010623e-03
7 91 2 3.380491e-03
8 91 2 3.100235e-03
9 91 2 2.229133e-03
10 91 2 1.379839e-03
11 91 2 7.151418e-04
12 91 2 3.671227e-04
1 92 2 1.622204e-03
2 92 2 2.317220e-03
3 92 2 5.808686e-03
4 92 2 1.385818e-02
5 92 2 2.613451e-02
6 92 2 4.004727e-02
7 92 2 4.807135e-02
8 92 2 4.375264e-02
9 92 2 2.737207e-02
10 92 2 1.454738e-02
11 92 2 5.705492e-03
12 92 2 2.449227e-03
1 93 2 3.645937e-02
2 93 2 4.399149e-02
3 93 2 9.044884e-02
4 93 2 2.108011e-01
5 93 2 3.760573e-01
6 93 2 5.967765e-01
7 93 2 8.005444e-01
8 93 2 7.870034e-01
9 93 2 5.293424e-01
10 93 2 3.048369e-01
11 93 2 1.305478e-01
12 93 2 5.437576e-02
1 94 2 8.542976e-02
2 94 2 8.499908e-02
3 94 2 1.134943e-01
4 94 2 2.011328e-01
5 94 2 3.433215e-01
6 94 2 5.406018e-01
7 94 2 7.468392e-01
8 94 2 8.138893e-01
9 94 2 6.704130e-01
10 94 2 4.046600e-01
11 94 2 2.171911e-01
12 94 2 1.186680e-01
1 98 2 1.210918e-02
2 98 2 1.127204e-02
3 98 2 1.061438e-02
4 98 2 1.130125e-02
5 98 2 1.282615e-02
6 98 2 1.467690e-02
7 98 2 1.650850e-02
8 98 2 1.739916e-02
9 98 2 1.716907e-02
10 98 2 1.622936e-02
11 98 2 1.459819e-02
12 98 2 1.328451e-02
1 101 2 1.494074e-02
2 101 2 1.535212e-02
3 101 2 1.573195e-02
4 101 2 1.939988e-02
5 101 2 2.494862e-02
6 101 2 2.913012e-02
7 101 2 3.109474e-02
8 101 2 3.115802e-02
9 101 2 2.995428e-02
10 101 2 2.568272e-02
11 101 2 1.974931e-02
12 101 2 1.584036e-02
1 102 2 1.352079e-01
2 102 2 1.528339e-01
3 102 2 1.878357e-01
4 102 2 2.349447e-01
5 102 2 2.718866e-01
6 102 2 2.968130e-01
7 102 2 3.051711e-01
8 102 2 3.090272e-01
9 102 2 2.785198e-01
10 102 2 2.145719e-01
11 102 2 1.722208e-01
12 102 2 1.411564e-01
1 103 2 1.204966e-01
2 103 2 1.229678e-01
3 103 2 1.340195e-01
4 103 2 1.514369e-01
5 103 2 1.763604e-01
6 103 2 2.018219e-01
7 103 2 2.183456e-01
8 103 2 2.291489e-01
9 103 2 2.247477e-01
10 103 2 1.964099e-01
11 103 2 1.615780e-01
12 103 2 1.343468e-01
1 104 2 2.507655e-02
2 104 2 2.406283e-02
3 104 2 2.432428e-02
4 104 2 2.666807e-02
5 104 2 3.118328e-02
6 104 2 3.578432e-02
7 104 2 4.016165e-02
8 104 2 4.338438e-02
9 104 2 4.373359e-02
10 104 2 4.085583e-02
11 104 2 3.360760e-02
12 104 2 2.782705e-02
1 107 2 1.238902e-02
2 107 2 1.307019e-02
3 107 2 1.525991e-02
4 107 2 1.748618e-02
5 107 2 1.960965e-02
6 107 2 2.510506e-02
7 107 2 2.744090e-02
8 107 2 2.732987e-02
9 107 2 2.558484e-02
10 107 2 2.188405e-02
11 107 2 1.739702e-02
12 107 2 1.360513e-02
1 108 2 1.215396e-03
2 108 2 1.553278e-03
3 108 2 2.256302e-03
4 108 2 3.494519e-03
5 108 2 5.424427e-03
6 108 2 7.445196e-03
7 108 2 7.969857e-03
8 108 2 7.043676e-03
9 108 2 5.699445e-03
10 108 2 3.932223e-03
11 108 2 2.048289e-03
12 108 2 1.303936e-03
1 109 2 2.306458e-03
2 109 2 3.046495e-03
3 109 2 4.764915e-03
4 109 2 8.269103e-03
5 109 2 1.408876e-02
6 109 2 1.775960e-02
7 109 2 1.804536e-02
8 109 2 1.658875e-02
9 109 2 1.332124e-02
10 109 2 9.347037e-03
11 109 2 4.157330e-03
12 109 2 2.428558e-03
1 110 2 1.016174e-03
2 110 2 1.294412e-03
3 110 2 2.078891e-03
4 110 2 3.218043e-03
5 110 2 4.991054e-03
6 110 2 5.779881e-03
7 110 2 6.213930e-03
8 110 2 6.145528e-03
9 110 2 5.174392e-03
10 110 2 3.772459e-03
11 110 2 1.824757e-03
12 110 2 1.074071e-03
1 111 2 3.489028e-02
2 111 2 4.363756e-02
3 111 2 7.064826e-02
4 111 2 1.070733e-01
5 111 2 1.618257e-01
6 111 2 2.075380e-01
7 111 2 2.193832e-01
8 111 2 2.172906e-01
9 111 2 1.850420e-01
10 111 2 1.204534e-01
11 111 2 6.488735e-02
12 111 2 3.963438e-02
1 112 2 4.018035e-02
2 112 2 5.180765e-02
3 112 2 9.088538e-02
4 112 2 1.511371e-01
5 112 2 2.298294e-01
6 112 2 2.800743e-01
7 112 2 2.852481e-01
8 112 2 2.658807e-01
9 112 2 2.029707e-01
10 112 2 1.347468e-01
11 112 2 7.733062e-02
12 112 2 4.753435e-02
1 113 2 2.305066e-02
2 113 2 2.920305e-02
3 113 2 4.906130e-02
4 113 2 7.336669e-02
5 113 2 9.028474e-02
6 113 2 7.883193e-02
7 113 2 6.764247e-02
8 113 2 6.460406e-02
9 113 2 6.389646e-02
10 113 2 5.834356e-02
11 113 2 4.080767e-02
12 113 2 2.756191e-02
1 114 2 6.281695e-02
2 114 2 8.518297e-02
3 114 2 1.517680e-01
4 114 2 2.212298e-01
5 114 2 2.552342e-01
6 114 2 1.868458e-01
7 114 2 1.543220e-01
8 114 2 1.414548e-01
9 114 2 1.365089e-01
10 114 2 1.221780e-01
11 114 2 9.313891e-02
12 114 2 6.899143e-02
1 115 2 2.206710e-02
2 115 2 3.210565e-02
3 115 2 5.089268e-02
4 115 2 6.308593e-02
5 115 2 5.633872e-02
6 115 2 5.230865e-02
7 115 2 5.045073e-02
8 115 2 4.840390e-02
9 115 2 4.451715e-02
10 115 2 3.978289e-02
11 115 2 3.022078e-02
12 115 2 2.168114e-02
1 116 2 1.867737e-02
2 116 2 2.390932e-02
3 116 2 3.656305e-02
4 116 2 5.175366e-02
5 116 2 6.019277e-02
6 116 2 6.854430e-02
7 116 2 7.186069e-02
8 116 2 6.878662e-02
9 116 2 5.572482e-02
10 116 2 4.455075e-02
11 116 2 3.236525e-02
12 116 2 2.132084e-02
1 117 2 4.783052e-03
2 117 2 4.994702e-03
3 117 2 6.307850e-03
4 117 2 8.634634e-03
5 117 2 1.099551e-02
6 117 2 1.302724e-02
7 117 2 1.386886e-02
8 117 2 1.385067e-02
9 117 2 1.263790e-02
10 117 2 1.081880e-02
11 117 2 8.733610e-03
12 117 2 6.309048e-03
1 126 2 2.752223e-04
2 126 2 2.860654e-04
3 126 2 3.100558e-04
4 126 2 3.274001e-04
5 126 2 3.234743e-04
6 126 2 3.006331e-04
7 126 2 2.897929e-04
8 126 2 2.926241e-04
9 126 2 2.910750e-04
10 126 2 2.860277e-04
11 126 2 2.794846e-04
12 126 2 2.752530e-04
1 127 2 2.775287e-02
2 127 2 2.822524e-02
3 127 2 2.979113e-02
4 127 2 3.092952e-02
5 127 2 3.135090e-02
6 127 2 3.036731e-02
7 127 2 3.037569e-02
8 127 2 3.107277e-02
9 127 2 3.074153e-02
10 127 2 2.950947e-02
11 127 2 2.859834e-02
12 127 2 2.824434e-02
1 128 2 1.257696e-01
2 128 2 1.291642e-01
3 128 2 1.325953e-01
4 128 2 1.294355e-01
5 128 2 1.259088e-01
6 128 2 1.221267e-01
7 128 2 1.301645e-01
8 128 2 1.479976e-01
9 128 2 1.556181e-01
10 128 2 1.469886e-01
11 128 2 1.336647e-01
12 128 2 1.259387e-01
1 129 2 3.583914e-03
2 129 2 3.534706e-03
3 129 2 3.623855e-03
4 129 2 3.728947e-03
5 129 2 3.786484e-03
6 129 2 3.888918e-03
7 129 2 4.063535e-03
8 129 2 4.429246e-03
9 129 2 4.627629e-03
10 129 2 4.648017e-03
11 129 2 4.243798e-03
12 129 2 3.770098e-03
1 133 2 7.706190e-02
2 133 2 8.959586e-02
3 133 2 1.075550e-01
4 133 2 1.104305e-01
5 133 2 1.053394e-01
6 133 2 9.682116e-02
7 133 2 8.641380e-02
8 133 2 8.091670e-02
9 133 2 8.437810e-02
10 133 2 8.986592e-02
11 133 2 8.573353e-02
12 133 2 7.501689e-02
1 135 2 3.331069e-03
2 135 2 3.752949e-03
3 135 2 4.463114e-03
4 135 2 4.806566e-03
5 135 2 4.618650e-03
6 135 2 4.120308e-03
7 135 2 3.559538e-03
8 135 2 3.595161e-03
9 135 2 3.820269e-03
10 135 2 3.592741e-03
11 135 2 3.443611e-03
12 135 2 3.234802e-03
1 136 2 3.727621e-03
2 136 2 3.836477e-03
3 136 2 4.744519e-03
4 136 2 5.767891e-03
5 136 2 6.316100e-03
6 136 2 5.762693e-03
7 136 2 5.099310e-03
8 136 2 5.087614e-03
9 136 2 5.113910e-03
10 136 2 4.810645e-03
11 136 2 4.548440e-03
12 136 2 4.039071e-03
1 137 2 9.072707e-04
2 137 2 9.518204e-04
3 137 2 1.091282e-03
4 137 2 1.199159e-03
5 137 2 1.183642e-03
6 137 2 1.089069e-03
7 137 2 1.007505e-03
8 137 2 9.721418e-04
9 137 2 9.727526e-04
10 137 2 1.013384e-03
11 137 2 1.001920e-03
12 137 2 9.447211e-04
1 138 2 3.623846e-02
2 138 2 3.984996e-02
3 138 2 4.623184e-02
4 138 2 5.145316e-02
5 138 2 5.191309e-02
6 138 2 4.562639e-02
7 138 2 4.226848e-02
8 138 2 4.076270e-02
9 138 2 4.087392e-02
10 138 2 4.111210e-02
11 138 2 3.987952e-02
12 138 2 3.698491e-02
1 139 2 6.183041e-02
2 139 2 7.041342e-02
3 139 2 7.868007e-02
4 139 2 8.258033e-02
5 139 2 8.141657e-02
6 139 2 7.582094e-02
7 139 2 7.173808e-02
8 139 2 6.905974e-02
9 139 2 6.816462e-02
10 139 2 6.869380e-02
11 139 2 6.536740e-02
12 139 2 5.983513e-02
1 140 2 2.065983e-02
2 140 2 2.136303e-02
3 140 2 2.320191e-02
4 140 2 2.628738e-02
5 140 2 2.791344e-02
6 140 2 2.681091e-02
7 140 2 2.538557e-02
8 140 2 2.448417e-02
9 140 2 2.412723e-02
10 140 2 2.426057e-02
11 140 2 2.374818e-02
12 140 2 2.214055e-02
1 141 2 3.181501e-02
2 141 2 3.148582e-02
3 141 2 3.238765e-02
4 141 2 3.554518e-02
5 141 2 3.835796e-02
6 141 2 3.792976e-02
7 141 2 3.690409e-02
8 141 2 3.578575e-02
9 141 2 3.548247e-02
10 141 2 3.556588e-02
11 141 2 3.592087e-02
12 141 2 3.487637e-02
1 150 2 3.676049e-05
2 150 2 4.024013e-05
3 150 2 4.307249e-05
4 150 2 4.404514e-05
5 150 2 4.121282e-05
6 150 2 3.634786e-05
7 150 2 3.315938e-05
8 150 2 3.235866e-05
9 150 2 3.131251e-05
10 150 2 3.060010e-05
11 150 2 3.119504e-05
12 150 2 3.319063e-05
1 151 2 2.385278e-02
2 151 2 2.537021e-02
3 151 2 2.689995e-02
4 151 2 2.753424e-02
5 151 2 2.664129e-02
6 151 2 2.507771e-02
7 151 2 2.452360e-02
8 151 2 2.547041e-02
9 151 2 2.425009e-02
10 151 2 2.275620e-02
11 151 2 2.208893e-02
12 151 2 2.263999e-02
1 152 2 1.891073e-02
2 152 2 1.915518e-02
3 152 2 1.933251e-02
4 152 2 1.837088e-02
5 152 2 1.765933e-02
6 152 2 1.734395e-02
7 152 2 1.982877e-02
8 152 2 2.643927e-02
9 152 2 2.806818e-02
10 152 2 2.392277e-02
11 152 2 2.051477e-02
12 152 2 1.897195e-02
1 153 2 2.191988e-02
2 153 2 2.245159e-02
3 153 2 2.368797e-02
4 153 2 2.323477e-02
5 153 2 2.243786e-02
6 153 2 2.202948e-02
7 153 2 2.571540e-02
8 153 2 3.360539e-02
9 153 2 4.087353e-02
10 153 2 3.653254e-02
11 153 2 2.763499e-02
12 153 2 2.305766e-02
1 154 2 5.962184e-02
2 154 2 5.929834e-02
3 154 2 6.170754e-02
4 154 2 5.912727e-02
5 154 2 5.528939e-02
6 154 2 4.973345e-02
7 154 2 4.696144e-02
8 154 2 4.892123e-02
9 154 2 5.515804e-02
10 154 2 6.198778e-02
11 154 2 6.532821e-02
12 154 2 6.316926e-02
1 157 2 2.377137e-03
2 157 2 2.468420e-03
3 157 2 2.642797e-03
4 157 2 2.605567e-03
5 157 2 2.539679e-03
6 157 2 2.387735e-03
7 157 2 2.278239e-03
8 157 2 2.255275e-03
9 157 2 2.238975e-03
10 157 2 2.278014e-03
11 157 2 2.294345e-03
12 157 2 2.324287e-03
1 163 2 1.105227e-02
2 163 2 1.120036e-02
3 163 2 1.153273e-02
4 163 2 1.222477e-02
5 163 2 1.223670e-02
6 163 2 1.131331e-02
7 163 2 1.045912e-02
8 163 2 9.821314e-03
9 163 2 9.961952e-03
10 163 2 1.053936e-02
11 163 2 1.095136e-02
12 163 2 1.103717e-02
1 164 2 4.183724e-02
2 164 2 4.147952e-02
3 164 2 4.263417e-02
4 164 2 4.462311e-02
5 164 2 4.409820e-02
6 164 2 4.078744e-02
7 164 2 3.775237e-02
8 164 2 3.687711e-02
9 164 2 3.948787e-02
10 164 2 4.326071e-02
11 164 2 4.413438e-02
12 164 2 4.339944e-02
1 165 2 1.848148e-02
2 165 2 1.811316e-02
3 165 2 1.834087e-02
4 165 2 1.874654e-02
5 165 2 1.854078e-02
6 165 2 1.706015e-02
7 165 2 1.608538e-02
8 165 2 1.628133e-02
9 165 2 1.735414e-02
10 165 2 1.855533e-02
11 165 2 1.951943e-02
12 165 2 1.954243e-02
1 166 2 8.077139e-03
2 166 2 7.996505e-03
3 166 2 7.864390e-03
4 166 2 7.827493e-03
5 166 2 7.571193e-03
6 166 2 7.002093e-03
7 166 2 6.612095e-03
8 166 2 6.661425e-03
9 166 2 6.910735e-03
10 166 2 7.269587e-03
11 166 2 7.837682e-03
12 166 2 8.232585e-03
1 170 2 3.657585e-04
2 170 2 4.022619e-04
3 170 2 3.952201e-04
4 170 2 3.592340e-04
5 170 2 2.993492e-04
6 170 2 2.517004e-04
7 170 2 2.380692e-04
8 170 2 2.272794e-04
9 170 2 2.311020e-04
10 170 2 2.573305e-04
11 170 2 2.839163e-04
12 170 2 3.269472e-04
1 171 2 1.313722e-03
2 171 2 1.442089e-03
3 171 2 1.459548e-03
4 171 2 1.298536e-03
5 171 2 1.080236e-03
6 171 2 9.257112e-04
7 171 2 8.404462e-04
8 171 2 7.963491e-04
9 171 2 8.079521e-04
10 171 2 8.788263e-04
11 171 2 1.003040e-03
12 171 2 1.184995e-03
1 175 2 3.788730e-05
2 175 2 4.005570e-05
3 175 2 4.017060e-05
4 175 2 3.762455e-05
5 175 2 3.268980e-05
6 175 2 2.978870e-05
7 175 2 2.917061e-05
8 175 2 2.892432e-05
9 175 2 2.690277e-05
10 175 2 2.719489e-05
11 175 2 2.843201e-05
12 175 2 3.316610e-05
1 176 2 2.702759e-02
2 176 2 2.723023e-02
3 176 2 2.665830e-02
4 176 2 2.354507e-02
5 176 2 1.904691e-02
6 176 2 1.726008e-02
7 176 2 1.722860e-02
8 176 2 1.965554e-02
9 176 2 2.140692e-02
10 176 2 2.284640e-02
11 176 2 2.438682e-02
12 176 2 2.590479e-02
1 177 2 1.199238e-01
2 177 2 1.165332e-01
3 177 2 1.100291e-01
4 177 2 9.621309e-02
5 177 2 7.867609e-02
6 177 2 6.718273e-02
7 177 2 6.990260e-02
8 177 2 8.375618e-02
9 177 2 1.052684e-01
10 177 2 1.094751e-01
11 177 2 1.116957e-01
12 177 2 1.119239e-01
1 178 2 4.368506e-02
2 178 2 4.317450e-02
3 178 2 4.138591e-02
4 178 2 3.468805e-02
5 178 2 3.020304e-02
6 178 2 2.552829e-02
7 178 2 2.431408e-02
8 178 2 2.449303e-02
9 178 2 2.793368e-02
10 178 2 3.005585e-02
11 178 2 3.394637e-02
12 178 2 3.768761e-02
1 181 2 5.334719e-04
2 181 2 5.634641e-04
3 181 2 5.712235e-04
4 181 2 5.461662e-04
5 181 2 4.504168e-04
6 181 2 3.894740e-04
7 181 2 3.443752e-04
8 181 2 3.524399e-04
9 181 2 3.818329e-04
10 181 2 4.134537e-04
11 181 2 4.682418e-04
12 181 2 4.985420e-04
1 182 2 6.375654e-02
2 182 2 5.893070e-02
3 182 2 5.556900e-02
4 182 2 4.641887e-02
5 182 2 3.635011e-02
6 182 2 2.718770e-02
7 182 2 2.695655e-02
8 182 2 3.745947e-02
9 182 2 5.197904e-02
10 182 2 6.375044e-02
11 182 2 7.045735e-02
12 182 2 6.762865e-02
1 183 2 1.353059e-02
2 183 2 1.299840e-02
3 183 2 1.240941e-02
4 183 2 1.125194e-02
5 183 2 9.467190e-03
6 183 2 7.683748e-03
7 183 2 7.148920e-03
8 183 2 8.489070e-03
9 183 2 9.870474e-03
10 183 2 1.167676e-02
11 183 2 1.271245e-02
12 183 2 1.307557e-02
1 184 2 4.233161e-03
2 184 2 4.289283e-03
3 184 2 4.154103e-03
4 184 2 3.738424e-03
5 184 2 3.107928e-03
6 184 2 2.511792e-03
7 184 2 2.265005e-03
8 184 2 2.365576e-03
9 184 2 2.505932e-03
10 184 2 2.877748e-03
11 184 2 3.367158e-03
12 184 2 3.837815e-03
1 188 2 2.079915e-03
2 188 2 2.061781e-03
3 188 2 1.911086e-03
4 188 2 1.560532e-03
5 188 2 1.102922e-03
6 188 2 8.389212e-04
7 188 2 7.218848e-04
8 188 2 7.343206e-04
9 188 2 9.946333e-04
10 188 2 1.307088e-03
11 188 2 1.556613e-03
12 188 2 1.941514e-03
1 189 2 1.814522e-03
2 189 2 1.676984e-03
3 189 2 1.521174e-03
4 189 2 1.124374e-03
5 189 2 7.444361e-04
6 189 2 5.264373e-04
7 189 2 5.005293e-04
8 189 2 6.148157e-04
9 189 2 9.890386e-04
10 189 2 1.408246e-03
11 189 2 1.712897e-03
12 189 2 1.789969e-03
1 190 2 7.424198e-03
2 190 2 7.034564e-03
3 190 2 6.106017e-03
4 190 2 4.324764e-03
5 190 2 3.017387e-03
6 190 2 2.188942e-03
7 190 2 2.056757e-03
8 190 2 2.479414e-03
9 190 2 3.482615e-03
10 190 2 4.747646e-03
11 190 2 6.220931e-03
12 190 2 6.979771e-03
1 191 2 5.092994e-03
2 191 2 5.277688e-03
3 191 2 5.129938e-03
4 191 2 4.237905e-03
5 191 2 3.484908e-03
6 191 2 2.862791e-03
7 191 2 2.516875e-03
8 191 2 2.556106e-03
9 191 2 2.788763e-03
10 191 2 3.130100e-03
11 191 2 3.849695e-03
12 191 2 4.529131e-03
1 192 2 2.528363e-03
2 192 2 2.732457e-03
3 192 2 2.662257e-03
4 192 2 2.305116e-03
5 192 2 1.948170e-03
6 192 2 1.658789e-03
7 192 2 1.457746e-03
8 192 2 1.354588e-03
9 192 2 1.394747e-03
10 192 2 1.531591e-03
11 192 2 1.828324e-03
12 192 2 2.195417e-03
1 200 2 1.169045e-01
2 200 2 1.202656e-01
3 200 2 9.835087e-02
4 200 2 6.501695e-02
5 200 2 4.255685e-02
6 200 2 3.465862e-02
7 200 2 3.292748e-02
8 200 2 3.550949e-02
9 200 2 3.933305e-02
10 200 2 5.028922e-02
11 200 2 6.988429e-02
12 200 2 9.628634e-02
1 201 2 8.035165e-02
2 201 2 8.290626e-02
3 201 2 7.589575e-02
4 201 2 5.841913e-02
5 201 2 4.402440e-02
6 201 2 3.642260e-02
7 201 2 3.442139e-02
8 201 2 3.560580e-02
9 201 2 3.523909e-02
10 201 2 4.192995e-02
11 201 2 5.344942e-02
12 201 2 6.656960e-02
1 206 2 4.237045e-02
2 206 2 4.576561e-02
3 206 2 4.140563e-02
4 206 2 3.533331e-02
5 206 2 2.922046e-02
6 206 2 2.547777e-02
7 206 2 2.185216e-02
8 206 2 2.145605e-02
9 206 2 2.322595e-02
10 206 2 2.629047e-02
11 206 2 3.081850e-02
12 206 2 3.630738e-02
1 207 2 1.604597e-03
2 207 2 1.752019e-03
3 207 2 1.661577e-03
4 207 2 1.506637e-03
5 207 2 1.336164e-03
6 207 2 1.146022e-03
7 207 2 1.010116e-03
8 207 2 9.947067e-04
9 207 2 1.003596e-03
10 207 2 1.105424e-03
11 207 2 1.191320e-03
12 207 2 1.362796e-03
1 212 2 2.926855e-03
2 212 2 3.124237e-03
3 212 2 2.773066e-03
4 212 2 2.331291e-03
5 212 2 1.817057e-03
6 212 2 1.466516e-03
7 212 2 1.217291e-03
8 212 2 1.176501e-03
9 212 2 1.336183e-03
10 212 2 1.576634e-03
11 212 2 1.870162e-03
12 212 2 2.472712e-03
1 213 2 6.372852e-04
2 213 2 6.965048e-04
3 213 2 5.902604e-04
4 213 2 4.994867e-04
5 213 2 3.854206e-04
6 213 2 2.971051e-04
7 213 2 2.521552e-04
8 213 2 2.461646e-04
9 213 2 2.965157e-04
10 213 2 3.654213e-04
11 213 2 4.487328e-04
12 213 2 5.491222e-04
1 214 2 2.266132e-02
2 214 2 2.402384e-02
3 214 2 1.930166e-02
4 214 2 1.433602e-02
5 214 2 1.059695e-02
6 214 2 7.809465e-03
7 214 2 6.763116e-03
8 214 2 6.972261e-03
9 214 2 8.800991e-03
10 214 2 1.179912e-02
11 214 2 1.615192e-02
12 214 2 1.958946e-02
1 215 2 8.396417e-03
2 215 2 8.636833e-03
3 215 2 8.052525e-03
4 215 2 6.417522e-03
5 215 2 5.212666e-03
6 215 2 4.188267e-03
7 215 2 3.619243e-03
8 215 2 3.628143e-03
9 215 2 4.080090e-03
10 215 2 4.853996e-03
11 215 2 6.111850e-03
12 215 2 7.383451e-03
1 216 2 5.005932e-03
2 216 2 5.226560e-03
3 216 2 4.901225e-03
4 216 2 3.984412e-03
5 216 2 3.190488e-03
6 216 2 2.744674e-03
7 216 2 2.411853e-03
8 216 2 2.306179e-03
9 216 2 2.393070e-03
10 216 2 2.719948e-03
11 216 2 3.271637e-03
12 216 2 4.204644e-03
1 224 2 3.417153e-03
2 224 2 3.735757e-03
3 224 2 3.259904e-03
4 224 2 2.807266e-03
5 224 2 2.266920e-03
6 224 2 1.926442e-03
7 224 2 1.750154e-03
8 224 2 1.828016e-03
9 224 2 1.879906e-03
10 224 2 2.217259e-03
11 224 2 2.647845e-03
12 224 2 3.159088e-03
1 240 2 3.090772e-04
2 240 2 3.152568e-04
3 240 2 2.882947e-04
4 240 2 2.546094e-04
5 240 2 2.212883e-04
6 240 2 1.908689e-04
7 240 2 1.869970e-04
8 240 2 1.927831e-04
9 240 2 1.876627e-04
10 240 2 2.020932e-04
11 240 2 2.220508e-04
12 240 2 2.751933e-04
