1 7 2 1.797960e-07
2 7 2 1.535977e-07
3 7 2 1.679814e-07
4 7 2 4.341629e-07
5 7 2 1.493832e-06
6 7 2 4.023450e-06
7 7 2 5.443846e-06
8 7 2 3.711665e-06
9 7 2 1.605171e-06
10 7 2 7.037023e-07
11 7 2 3.728311e-07
12 7 2 2.199461e-07
1 25 2 1.295587e-04
2 25 2 1.230155e-04
3 25 2 1.733085e-04
4 25 2 3.162495e-04
5 25 2 8.847139e-04
6 25 2 1.604316e-03
7 25 2 1.944901e-03
8 25 2 1.491395e-03
9 25 2 8.427173e-04
10 25 2 3.943611e-04
11 25 2 1.880360e-04
12 25 2 1.088910e-04
1 26 2 1.154727e-04
2 26 2 9.503511e-05
3 26 2 1.571483e-04
4 26 2 3.507680e-04
5 26 2 9.880593e-04
6 26 2 1.887166e-03
7 26 2 2.047569e-03
8 26 2 1.531998e-03
9 26 2 8.379222e-04
10 26 2 3.372964e-04
11 26 2 1.762236e-04
12 26 2 1.089501e-04
1 27 2 5.050731e-04
2 27 2 4.459343e-04
3 27 2 7.817204e-04
4 27 2 1.990946e-03
5 27 2 5.606652e-03
6 27 2 1.158963e-02
7 27 2 1.307114e-02
8 27 2 9.838305e-03
9 27 2 5.084088e-03
10 27 2 1.909198e-03
11 27 2 1.011807e-03
12 27 2 6.258720e-04
1 28 2 1.868099e-05
2 28 2 1.700020e-05
3 28 2 2.859139e-05
4 28 2 7.771823e-05
5 28 2 2.219331e-04
6 28 2 4.751551e-04
7 28 2 5.664953e-04
8 28 2 4.268606e-04
9 28 2 2.195861e-04
10 28 2 8.551815e-05
11 28 2 4.269190e-05
12 28 2 2.661603e-05
1 29 2 2.504584e-05
2 29 2 2.369344e-05
3 29 2 3.774483e-05
4 29 2 1.134924e-04
5 29 2 3.393923e-04
6 29 2 8.352751e-04
7 29 2 1.137837e-03
8 29 2 8.465588e-04
9 29 2 3.887820e-04
10 29 2 1.440971e-04
11 29 2 6.811526e-05
12 29 2 4.252053e-05
1 30 2 5.683346e-06
2 30 2 4.970440e-06
3 30 2 7.899768e-06
4 30 2 2.417896e-05
5 30 2 6.697948e-05
6 30 2 1.821581e-04
7 30 2 2.640295e-04
8 30 2 2.021955e-04
9 30 2 9.148651e-05
10 30 2 3.580948e-05
11 30 2 1.651793e-05
12 30 2 9.892558e-06
1 31 2 1.014417e-05
2 31 2 7.816933e-06
3 31 2 1.187487e-05
4 31 2 3.305171e-05
5 31 2 8.535554e-05
6 31 2 2.247368e-04
7 31 2 3.169288e-04
8 31 2 2.558171e-04
9 31 2 1.279767e-04
10 31 2 5.860703e-05
11 31 2 2.813853e-05
12 31 2 1.568010e-05
1 32 2 1.199288e-05
2 32 2 9.927800e-06
3 32 2 1.387735e-05
4 32 2 3.083603e-05
5 32 2 8.235888e-05
6 32 2 1.950920e-04
7 32 2 2.516918e-04
8 32 2 2.079088e-04
9 32 2 1.160986e-04
10 32 2 5.985001e-05
11 32 2 3.092804e-05
12 32 2 1.603960e-05
1 35 2 6.696013e-04
2 35 2 6.380292e-04
3 35 2 6.930885e-04
4 35 2 9.236030e-04
5 35 2 1.447871e-03
6 35 2 2.211215e-03
7 35 2 2.660770e-03
8 35 2 2.443292e-03
9 35 2 1.660556e-03
10 35 2 1.200579e-03
11 35 2 9.093748e-04
12 35 2 7.387847e-04
1 36 2 8.018539e-05
2 36 2 7.527849e-05
3 36 2 8.343082e-05
4 36 2 1.002077e-04
5 36 2 1.370507e-04
6 36 2 1.977070e-04
7 36 2 2.328429e-04
8 36 2 2.372034e-04
9 36 2 1.810644e-04
10 36 2 1.418567e-04
11 36 2 1.085751e-04
12 36 2 8.996368e-05
1 37 2 2.203109e-03
2 37 2 2.132303e-03
3 37 2 2.686801e-03
4 37 2 3.454866e-03
5 37 2 5.223098e-03
6 37 2 7.921960e-03
7 37 2 9.213647e-03
8 37 2 9.057232e-03
9 37 2 6.665281e-03
10 37 2 4.997795e-03
11 37 2 3.522502e-03
12 37 2 2.698537e-03
1 38 2 1.031361e-02
2 38 2 1.030436e-02
3 38 2 1.569734e-02
4 38 2 2.327389e-02
5 38 2 4.249208e-02
6 38 2 7.539896e-02
7 38 2 8.938253e-02
8 38 2 7.752064e-02
9 38 2 5.007241e-02
10 38 2 3.422444e-02
11 38 2 1.955652e-02
12 38 2 1.411274e-02
1 39 2 1.414873e-02
2 39 2 1.474013e-02
3 39 2 2.387596e-02
4 39 2 3.686647e-02
5 39 2 7.153316e-02
6 39 2 1.382916e-01
7 39 2 1.717195e-01
8 39 2 1.390272e-01
9 39 2 8.763051e-02
10 39 2 5.533763e-02
11 39 2 2.801071e-02
12 39 2 2.044579e-02
1 40 2 3.512439e-03
2 40 2 3.853755e-03
3 40 2 6.873116e-03
4 40 2 1.155769e-02
5 40 2 2.526569e-02
6 40 2 5.736424e-02
7 40 2 7.177153e-02
8 40 2 5.264979e-02
9 40 2 3.243173e-02
10 40 2 1.747452e-02
11 40 2 7.485581e-03
12 40 2 5.576524e-03
1 41 2 1.869689e-03
2 41 2 1.998791e-03
3 41 2 4.005511e-03
4 41 2 7.134099e-03
5 41 2 1.789337e-02
6 41 2 4.540626e-02
7 41 2 5.870758e-02
8 41 2 4.117723e-02
9 41 2 2.301175e-02
10 41 2 9.973505e-03
11 41 2 3.831553e-03
12 41 2 3.193550e-03
1 42 2 1.012414e-03
2 42 2 1.059006e-03
3 42 2 2.283731e-03
4 42 2 4.505098e-03
5 42 2 1.280724e-02
6 42 2 3.552344e-02
7 42 2 4.972865e-02
8 42 2 3.320958e-02
9 42 2 1.572647e-02
10 42 2 5.628336e-03
11 42 2 2.098351e-03
12 42 2 1.721392e-03
1 43 2 2.840516e-05
2 43 2 2.945249e-05
3 43 2 6.949260e-05
4 43 2 1.695640e-04
5 43 2 5.675618e-04
6 43 2 1.673828e-03
7 43 2 2.446905e-03
8 43 2 1.535997e-03
9 43 2 6.280979e-04
10 43 2 1.928420e-04
11 43 2 6.576327e-05
12 43 2 4.608082e-05
1 44 2 1.172952e-04
2 44 2 1.178552e-04
3 44 2 2.563532e-04
4 44 2 6.930446e-04
5 44 2 2.589193e-03
6 44 2 8.159405e-03
7 44 2 1.192542e-02
8 44 2 7.190955e-03
9 44 2 2.592231e-03
10 44 2 7.680255e-04
11 44 2 2.520682e-04
12 44 2 1.704264e-04
1 45 2 2.694677e-04
2 45 2 3.019946e-04
3 45 2 5.502864e-04
4 45 2 1.622838e-03
5 45 2 6.796132e-03
6 45 2 2.255027e-02
7 45 2 3.154754e-02
8 45 2 1.920926e-02
9 45 2 6.605632e-03
10 45 2 1.686556e-03
11 45 2 4.888599e-04
12 45 2 3.194947e-04
1 46 2 1.222108e-04
2 46 2 1.537442e-04
3 46 2 2.416742e-04
4 46 2 6.711048e-04
5 46 2 2.635400e-03
6 46 2 8.174718e-03
7 46 2 1.143585e-02
8 46 2 7.165838e-03
9 46 2 2.691693e-03
10 46 2 6.524344e-04
11 46 2 1.793800e-04
12 46 2 1.279230e-04
1 47 2 1.606390e-04
2 47 2 2.044352e-04
3 47 2 2.880812e-04
4 47 2 6.454538e-04
5 47 2 2.200029e-03
6 47 2 6.061076e-03
7 47 2 8.220113e-03
8 47 2 5.573826e-03
9 47 2 2.361243e-03
10 47 2 7.282977e-04
11 47 2 2.148669e-04
12 47 2 1.633274e-04
1 48 2 2.172760e-04
2 48 2 2.495932e-04
3 48 2 3.433014e-04
4 48 2 6.703952e-04
5 48 2 2.080365e-03
6 48 2 4.785196e-03
7 48 2 6.359080e-03
8 48 2 4.473978e-03
9 48 2 2.129794e-03
10 48 2 7.940625e-04
11 48 2 2.858525e-04
12 48 2 1.895600e-04
1 49 2 6.000661e-05
2 49 2 5.460072e-05
3 49 2 6.193323e-05
4 49 2 7.248736e-05
5 49 2 1.036724e-04
6 49 2 1.577315e-04
7 49 2 2.352306e-04
8 49 2 2.212013e-04
9 49 2 1.542854e-04
10 49 2 1.104060e-04
11 49 2 8.060534e-05
12 49 2 5.880145e-05
1 50 2 2.447446e-04
2 50 2 2.112634e-04
3 50 2 2.476333e-04
4 50 2 2.822763e-04
5 50 2 3.972842e-04
6 50 2 5.830091e-04
7 50 2 8.046383e-04
8 50 2 7.737908e-04
9 50 2 5.602949e-04
10 50 2 3.994018e-04
11 50 2 2.990244e-04
12 50 2 2.354491e-04
1 51 2 9.396245e-05
2 51 2 8.575546e-05
3 51 2 9.318278e-05
4 51 2 1.075637e-04
5 51 2 1.466121e-04
6 51 2 2.056118e-04
7 51 2 2.679422e-04
8 51 2 2.657173e-04
9 51 2 2.207722e-04
10 51 2 1.552855e-04
11 51 2 1.163808e-04
12 51 2 9.753064e-05
1 52 2 3.453144e-02
2 52 2 3.629550e-02
3 52 2 4.559540e-02
4 52 2 6.647188e-02
5 52 2 1.124127e-01
6 52 2 1.547050e-01
7 52 2 1.984380e-01
8 52 2 1.856074e-01
9 52 2 1.498292e-01
10 52 2 8.559220e-02
11 52 2 5.151812e-02
12 52 2 3.972833e-02
1 53 2 9.071857e-03
2 53 2 1.138187e-02
3 53 2 1.928328e-02
4 53 2 4.208964e-02
5 53 2 8.015155e-02
6 53 2 1.196867e-01
7 53 2 1.661393e-01
8 53 2 1.415700e-01
9 53 2 9.581569e-02
10 53 2 4.225875e-02
11 53 2 1.884854e-02
12 53 2 1.194132e-02
1 54 2 4.824030e-03
2 54 2 6.258002e-03
3 54 2 1.170272e-02
4 54 2 2.908010e-02
5 54 2 5.727874e-02
6 54 2 1.106364e-01
7 54 2 1.571642e-01
8 54 2 1.317862e-01
9 54 2 7.992629e-02
10 54 2 3.399244e-02
11 54 2 1.457071e-02
12 54 2 8.037489e-03
1 55 2 3.165682e-03
2 55 2 3.530580e-03
3 55 2 6.586200e-03
4 55 2 1.542192e-02
5 55 2 3.060334e-02
6 55 2 6.535644e-02
7 55 2 9.085041e-02
8 55 2 7.835058e-02
9 55 2 4.968486e-02
10 55 2 2.382310e-02
11 55 2 1.114592e-02
12 55 2 6.382184e-03
1 56 2 1.106986e-02
2 56 2 1.148810e-02
3 56 2 1.989769e-02
4 56 2 4.436902e-02
5 56 2 9.698473e-02
6 56 2 1.911782e-01
7 56 2 2.643207e-01
8 56 2 2.193728e-01
9 56 2 1.433872e-01
10 56 2 7.387831e-02
11 56 2 3.330708e-02
12 56 2 1.910193e-02
1 57 2 2.234274e-03
2 57 2 2.131719e-03
3 57 2 2.621892e-03
4 57 2 3.979623e-03
5 57 2 6.658532e-03
6 57 2 1.083426e-02
7 57 2 1.542811e-02
8 57 2 1.390450e-02
9 57 2 1.034496e-02
10 57 2 6.645061e-03
11 57 2 4.063490e-03
12 57 2 2.920246e-03
1 60 2 2.299805e-01
2 60 2 2.227153e-01
3 60 2 2.554102e-01
4 60 2 3.029128e-01
5 60 2 3.734674e-01
6 60 2 4.914806e-01
7 60 2 5.721816e-01
8 60 2 5.724223e-01
9 60 2 4.857826e-01
10 60 2 3.965600e-01
11 60 2 3.171553e-01
12 60 2 2.628892e-01
1 61 2 6.572593e-01
2 61 2 6.612127e-01
3 61 2 9.299844e-01
4 61 2 1.400753e+00
5 61 2 2.043271e+00
6 61 2 2.878638e+00
7 61 2 3.406589e+00
8 61 2 3.277421e+00
9 61 2 2.546642e+00
10 61 2 1.732241e+00
11 61 2 1.130046e+00
12 61 2 7.926049e-01
1 62 2 1.795883e-01
2 62 2 1.966915e-01
3 62 2 3.096283e-01
4 62 2 5.605217e-01
5 62 2 9.614156e-01
6 62 2 1.363845e+00
7 62 2 1.667706e+00
8 62 2 1.556744e+00
9 62 2 1.084774e+00
10 62 2 6.468927e-01
11 62 2 3.512914e-01
12 62 2 2.286104e-01
1 63 2 2.167814e-01
2 63 2 2.631634e-01
3 63 2 4.403415e-01
4 63 2 9.261495e-01
5 63 2 1.777433e+00
6 63 2 2.642438e+00
7 63 2 3.379039e+00
8 63 2 2.940427e+00
9 63 2 1.795920e+00
10 63 2 9.807715e-01
11 63 2 4.530256e-01
12 63 2 2.965697e-01
1 64 2 5.185056e-02
2 64 2 6.642596e-02
3 64 2 1.264911e-01
4 64 2 2.996151e-01
5 64 2 6.416811e-01
6 64 2 1.027826e+00
7 64 2 1.302792e+00
8 64 2 1.018493e+00
9 64 2 5.831737e-01
10 64 2 2.578082e-01
11 64 2 1.178057e-01
12 64 2 8.062124e-02
1 65 2 1.752599e-02
2 65 2 2.173234e-02
3 65 2 4.761148e-02
4 65 2 1.342660e-01
5 65 2 2.815131e-01
6 65 2 4.784421e-01
7 65 2 6.201289e-01
8 65 2 4.628306e-01
9 65 2 2.625029e-01
10 65 2 9.315079e-02
11 65 2 4.100681e-02
12 65 2 2.971757e-02
1 66 2 1.161162e-02
2 66 2 1.435559e-02
3 66 2 3.412734e-02
4 66 2 1.119605e-01
5 66 2 2.327979e-01
6 66 2 4.003064e-01
7 66 2 5.520893e-01
8 66 2 4.173801e-01
9 66 2 2.361051e-01
10 66 2 7.822434e-02
11 66 2 2.997674e-02
12 66 2 1.859398e-02
1 67 2 3.961216e-03
2 67 2 5.282097e-03
3 67 2 1.343241e-02
4 67 2 4.962048e-02
5 67 2 1.125860e-01
6 67 2 1.920162e-01
7 67 2 2.684599e-01
8 67 2 2.066019e-01
9 67 2 1.129969e-01
10 67 2 4.155421e-02
11 67 2 1.313976e-02
12 67 2 5.914135e-03
1 68 2 9.795703e-04
2 68 2 1.315299e-03
3 68 2 3.906365e-03
4 68 2 1.795572e-02
5 68 2 4.893162e-02
6 68 2 9.376815e-02
7 68 2 1.344458e-01
8 68 2 9.999188e-02
9 68 2 4.798708e-02
10 68 2 1.762988e-02
11 68 2 4.020237e-03
12 68 2 1.398903e-03
1 69 2 5.973544e-04
2 69 2 8.469375e-04
3 69 2 2.025393e-03
4 69 2 8.881471e-03
5 69 2 2.847886e-02
6 69 2 6.739841e-02
7 69 2 9.873813e-02
8 69 2 7.600838e-02
9 69 2 3.265270e-02
10 69 2 1.061740e-02
11 69 2 2.057269e-03
12 69 2 7.736664e-04
1 70 2 2.484726e-03
2 70 2 2.904169e-03
3 70 2 4.161591e-03
4 70 2 1.085738e-02
5 70 2 2.722685e-02
6 70 2 6.611454e-02
7 70 2 1.070185e-01
8 70 2 9.753705e-02
9 70 2 5.036160e-02
10 70 2 1.795134e-02
11 70 2 5.459728e-03
12 70 2 3.073431e-03
1 71 2 2.035439e-03
2 71 2 2.065494e-03
3 71 2 2.337264e-03
4 71 2 3.750602e-03
5 71 2 7.263522e-03
6 71 2 1.515239e-02
7 71 2 2.325416e-02
8 71 2 2.312047e-02
9 71 2 1.483387e-02
10 71 2 7.065176e-03
11 71 2 3.375214e-03
12 71 2 2.344201e-03
1 72 2 8.557606e-06
2 72 2 8.173258e-06
3 72 2 8.854878e-06
4 72 2 1.129005e-05
5 72 2 1.756649e-05
6 72 2 3.056628e-05
7 72 2 4.734367e-05
8 72 2 4.553351e-05
9 72 2 3.185677e-05
10 72 2 1.931614e-05
11 72 2 1.190140e-05
12 72 2 8.499165e-06
1 76 2 8.565356e-02
2 76 2 7.836420e-02
3 76 2 7.915291e-02
4 76 2 8.609950e-02
5 76 2 1.170537e-01
6 76 2 1.669112e-01
7 76 2 2.238186e-01
8 76 2 2.388555e-01
9 76 2 2.275828e-01
10 76 2 1.519799e-01
11 76 2 9.810938e-02
12 76 2 8.580518e-02
1 77 2 8.322330e-02
2 77 2 1.080648e-01
3 77 2 1.415584e-01
4 77 2 2.287895e-01
5 77 2 3.841468e-01
6 77 2 5.930826e-01
7 77 2 8.058392e-01
8 77 2 7.648721e-01
9 77 2 5.665848e-01
10 77 2 2.862453e-01
11 77 2 1.256053e-01
12 77 2 7.916839e-02
1 78 2 9.539544e-02
2 78 2 1.303444e-01
3 78 2 1.815124e-01
4 78 2 3.255616e-01
5 78 2 5.090843e-01
6 78 2 8.082494e-01
7 78 2 9.976944e-01
8 78 2 9.342197e-01
9 78 2 6.057378e-01
10 78 2 3.212346e-01
11 78 2 1.734736e-01
12 78 2 1.001522e-01
1 79 2 3.068248e-01
2 79 2 3.764791e-01
3 79 2 5.527800e-01
4 79 2 9.168773e-01
5 79 2 1.392991e+00
6 79 2 2.275688e+00
7 79 2 2.788572e+00
8 79 2 2.641677e+00
9 79 2 1.824094e+00
10 79 2 1.101106e+00
11 79 2 6.273533e-01
12 79 2 3.843051e-01
1 80 2 1.498898e-01
2 80 2 1.501825e-01
3 80 2 1.887137e-01
4 80 2 2.551625e-01
5 80 2 3.805522e-01
6 80 2 5.789965e-01
7 80 2 7.455459e-01
8 80 2 7.380781e-01
9 80 2 6.125913e-01
10 80 2 4.294904e-01
11 80 2 2.505476e-01
12 80 2 1.851964e-01
1 81 2 3.376211e-08
2 81 2 3.059661e-08
3 81 2 3.222654e-08
4 81 2 3.821278e-08
5 81 2 5.502606e-08
6 81 2 7.414603e-08
7 81 2 9.893511e-08
8 81 2 1.061552e-07
9 81 2 9.652818e-08
10 81 2 7.406542e-08
11 81 2 4.896007e-08
12 81 2 4.008342e-08
1 84 2 2.073319e-01
2 84 2 2.192020e-01
3 84 2 2.711090e-01
4 84 2 3.425970e-01
5 84 2 4.593192e-01
6 84 2 7.526278e-01
7 84 2 1.008012e+00
8 84 2 9.659259e-01
9 84 2 7.247793e-01
10 84 2 4.574085e-01
11 84 2 3.072765e-01
12 84 2 2.347260e-01
1 85 2 2.136480e-01
2 85 2 2.405846e-01
3 85 2 3.127987e-01
4 85 2 4.544674e-01
5 85 2 7.275033e-01
6 85 2 1.111375e+00
7 85 2 1.537691e+00
8 85 2 1.462819e+00
9 85 2 1.053329e+00
10 85 2 5.810224e-01
11 85 2 3.276721e-01
12 85 2 2.377592e-01
1 86 2 6.316478e-02
2 86 2 7.151574e-02
3 86 2 9.139185e-02
4 86 2 1.327489e-01
5 86 2 2.133538e-01
6 86 2 3.095717e-01
7 86 2 4.252692e-01
8 86 2 4.266604e-01
9 86 2 3.158099e-01
10 86 2 1.831347e-01
11 86 2 1.008796e-01
12 86 2 7.209797e-02
1 87 2 6.578281e-02
2 87 2 8.899658e-02
3 87 2 1.270708e-01
4 87 2 2.008700e-01
5 87 2 3.523996e-01
6 87 2 5.297013e-01
7 87 2 7.181111e-01
8 87 2 7.317312e-01
9 87 2 5.305085e-01
10 87 2 2.986904e-01
11 87 2 1.312367e-01
12 87 2 7.977194e-02
1 88 2 3.075785e-02
2 88 2 4.367863e-02
3 88 2 6.849454e-02
4 88 2 1.299611e-01
5 88 2 2.667184e-01
6 88 2 4.192081e-01
7 88 2 5.368542e-01
8 88 2 4.708631e-01
9 88 2 3.042719e-01
10 88 2 1.437932e-01
11 88 2 7.371832e-02
12 88 2 4.094783e-02
1 89 2 3.577112e-02
2 89 2 4.977088e-02
3 89 2 9.446358e-02
4 89 2 1.776699e-01
5 89 2 3.545607e-01
6 89 2 5.296724e-01
7 89 2 6.178971e-01
8 89 2 5.411305e-01
9 89 2 3.531447e-01
10 89 2 1.680511e-01
11 89 2 9.247014e-02
12 89 2 5.118260e-02
1 90 2 7.267121e-03
2 90 2 9.577824e-03
3 90 2 1.900616e-02
4 90 2 3.411202e-02
5 90 2 5.237702e-02
6 90 2 6.932977e-02
7 90 2 7.786161e-02
8 90 2 7.204355e-02
9 90 2 5.250225e-02
10 90 2 3.131536e-02
11 90 2 1.726583e-02
12 90 2 9.829056e-03
1 91 2 2.459871e-04
2 91 2 3.480609e-04
3 91 2 7.271763e-04
4 91 2 1.374135e-03
5 91 2 2.028008e-03
6 91 2 2.577788e-03
7 91 2 2.894480e-03
8 91 2 2.654516e-03
9 91 2 1.908652e-03
10 91 2 1.181460e-03
11 91 2 6.123264e-04
12 91 2 3.143417e-04
1 92 2 1.387441e-03
2 92 2 1.981875e-03
3 92 2 4.968062e-03
4 92 2 1.185264e-02
5 92 2 2.235236e-02
6 92 2 3.425169e-02
7 92 2 4.111454e-02
8 92 2 3.742082e-02
9 92 2 2.341083e-02
10 92 2 1.244210e-02
11 92 2 4.879801e-03
12 92 2 2.094779e-03
1 93 2 3.184281e-02
2 93 2 3.842119e-02
3 93 2 7.899601e-02
4 93 2 1.841090e-01
5 93 2 3.284401e-01
6 93 2 5.212113e-01
7 93 2 6.991777e-01
8 93 2 6.873513e-01
9 93 2 4.623159e-01
10 93 2 2.662378e-01
11 93 2 1.140175e-01
12 93 2 4.749058e-02
1 94 2 7.660289e-02
2 94 2 7.621671e-02
3 94 2 1.017677e-01
4 94 2 1.803512e-01
5 94 2 3.078485e-01
6 94 2 4.847451e-01
7 94 2 6.696735e-01
8 94 2 7.297958e-01
9 94 2 6.011438e-01
10 94 2 3.628493e-01
11 94 2 1.947502e-01
12 94 2 1.064069e-01
1 98 2 1.083167e-02
2 98 2 1.008285e-02
3 98 2 9.494562e-03
4 98 2 1.010897e-02
5 98 2 1.147299e-02
6 98 2 1.312849e-02
7 98 2 1.476686e-02
8 98 2 1.556355e-02
9 98 2 1.535774e-02
10 98 2 1.451717e-02
11 98 2 1.305809e-02
12 98 2 1.188300e-02
1 101 2 1.300757e-02
2 101 2 1.336572e-02
3 101 2 1.369640e-02
4 101 2 1.688974e-02
5 101 2 2.172054e-02
6 101 2 2.536099e-02
7 101 2 2.707141e-02
8 101 2 2.712650e-02
9 101 2 2.607851e-02
10 101 2 2.235965e-02
11 101 2 1.719396e-02
12 101 2 1.379078e-02
1 102 2 1.190154e-01
2 102 2 1.345305e-01
3 102 2 1.653405e-01
4 102 2 2.068077e-01
5 102 2 2.393255e-01
6 102 2 2.612667e-01
7 102 2 2.686238e-01
8 102 2 2.720181e-01
9 102 2 2.451643e-01
10 102 2 1.888748e-01
11 102 2 1.515957e-01
12 102 2 1.242515e-01
1 103 2 1.071700e-01
2 103 2 1.093679e-01
3 103 2 1.191973e-01
4 103 2 1.346884e-01
5 103 2 1.568554e-01
6 103 2 1.795009e-01
7 103 2 1.941971e-01
8 103 2 2.038056e-01
9 103 2 1.998911e-01
10 103 2 1.746875e-01
11 103 2 1.437079e-01
12 103 2 1.194884e-01
1 104 2 2.182250e-02
2 104 2 2.094032e-02
3 104 2 2.116785e-02
4 104 2 2.320749e-02
5 104 2 2.713679e-02
6 104 2 3.114077e-02
7 104 2 3.495009e-02
8 104 2 3.775461e-02
9 104 2 3.805851e-02
10 104 2 3.555418e-02
11 104 2 2.924652e-02
12 104 2 2.421608e-02
1 107 2 1.077063e-02
2 107 2 1.136282e-02
3 107 2 1.326650e-02
4 107 2 1.520195e-02
5 107 2 1.704803e-02
6 107 2 2.182557e-02
7 107 2 2.385628e-02
8 107 2 2.375975e-02
9 107 2 2.224268e-02
10 107 2 1.902532e-02
11 107 2 1.512444e-02
12 107 2 1.182788e-02
1 108 2 1.057925e-03
2 108 2 1.352029e-03
3 108 2 1.963967e-03
4 108 2 3.041756e-03
5 108 2 4.721617e-03
6 108 2 6.480568e-03
7 108 2 6.937252e-03
8 108 2 6.131070e-03
9 108 2 4.961003e-03
10 108 2 3.422749e-03
11 108 2 1.782905e-03
12 108 2 1.134993e-03
1 109 2 2.006756e-03
2 109 2 2.650632e-03
3 109 2 4.145760e-03
4 109 2 7.194613e-03
5 109 2 1.225806e-02
6 109 2 1.545191e-02
7 109 2 1.570054e-02
8 109 2 1.443320e-02
9 109 2 1.159027e-02
10 109 2 8.132480e-03
11 109 2 3.617125e-03
12 109 2 2.112990e-03
1 110 2 8.837900e-04
2 110 2 1.125779e-03
3 110 2 1.808059e-03
4 110 2 2.798805e-03
5 110 2 4.340833e-03
6 110 2 5.026894e-03
7 110 2 5.404396e-03
8 110 2 5.344906e-03
9 110 2 4.500286e-03
10 110 2 3.280993e-03
11 110 2 1.587032e-03
12 110 2 9.341443e-04
1 111 2 3.034816e-02
2 111 2 3.795670e-02
3 111 2 6.145107e-02
4 111 2 9.313423e-02
5 111 2 1.407588e-01
6 111 2 1.805201e-01
7 111 2 1.908233e-01
8 111 2 1.890031e-01
9 111 2 1.609527e-01
10 111 2 1.047724e-01
11 111 2 5.644013e-02
12 111 2 3.447467e-02
1 112 2 3.494471e-02
2 112 2 4.505693e-02
3 112 2 7.904269e-02
4 112 2 1.314434e-01
5 112 2 1.998818e-01
6 112 2 2.435796e-01
7 112 2 2.480793e-01
8 112 2 2.312355e-01
9 112 2 1.765229e-01
10 112 2 1.171888e-01
11 112 2 6.725416e-02
12 112 2 4.134045e-02
1 113 2 2.004845e-02
2 113 2 2.539953e-02
3 113 2 4.267136e-02
4 113 2 6.381112e-02
5 113 2 7.852569e-02
6 113 2 6.856454e-02
7 113 2 5.883244e-02
8 113 2 5.618977e-02
9 113 2 5.557433e-02
10 113 2 5.074466e-02
11 113 2 3.549272e-02
12 113 2 2.397213e-02
1 114 2 5.466513e-02
2 114 2 7.412869e-02
3 114 2 1.320729e-01
4 114 2 1.925206e-01
5 114 2 2.221122e-01
6 114 2 1.625986e-01
7 114 2 1.342955e-01
8 114 2 1.230981e-01
9 114 2 1.187940e-01
10 114 2 1.063228e-01
11 114 2 8.105219e-02
12 114 2 6.003834e-02
1 115 2 1.917504e-02
2 115 2 2.789796e-02
3 115 2 4.422281e-02
4 115 2 5.481804e-02
5 115 2 4.895510e-02
6 115 2 4.545320e-02
7 115 2 4.383877e-02
8 115 2 4.206020e-02
9 115 2 3.868284e-02
10 115 2 3.456904e-02
11 115 2 2.626011e-02
12 115 2 1.883966e-02
1 116 2 1.617985e-02
2 116 2 2.071218e-02
3 116 2 3.167387e-02
4 116 2 4.483320e-02
5 116 2 5.214384e-02
6 116 2 5.937860e-02
7 116 2 6.225153e-02
8 116 2 5.958852e-02
9 116 2 4.827334e-02
10 116 2 3.859346e-02
11 116 2 2.803739e-02
12 116 2 1.846983e-02
1 117 2 4.207856e-03
2 117 2 4.394053e-03
3 117 2 5.549286e-03
4 117 2 7.596257e-03
5 117 2 9.673217e-03
6 117 2 1.146062e-02
7 117 2 1.220103e-02
8 117 2 1.218503e-02
9 117 2 1.111810e-02
10 117 2 9.517765e-03
11 117 2 7.683331e-03
12 117 2 5.550340e-03
1 126 2 2.396297e-04
2 126 2 2.490705e-04
3 126 2 2.699584e-04
4 126 2 2.850596e-04
5 126 2 2.816415e-04
6 126 2 2.617542e-04
7 126 2 2.523159e-04
8 126 2 2.547810e-04
9 126 2 2.534322e-04
10 126 2 2.490377e-04
11 126 2 2.433407e-04
12 126 2 2.396564e-04
1 127 2 2.414073e-02
2 127 2 2.455162e-02
3 127 2 2.591371e-02
4 127 2 2.690393e-02
5 127 2 2.727047e-02
6 127 2 2.641490e-02
7 127 2 2.642219e-02
8 127 2 2.702853e-02
9 127 2 2.674041e-02
10 127 2 2.566871e-02
11 127 2 2.487616e-02
12 127 2 2.456824e-02
1 128 2 1.093679e-01
2 128 2 1.123199e-01
3 128 2 1.153035e-01
4 128 2 1.125558e-01
5 128 2 1.094890e-01
6 128 2 1.062001e-01
7 128 2 1.131897e-01
8 128 2 1.286972e-01
9 128 2 1.353239e-01
10 128 2 1.278198e-01
11 128 2 1.162334e-01
12 128 2 1.095150e-01
1 129 2 3.117858e-03
2 129 2 3.075049e-03
3 129 2 3.152605e-03
4 129 2 3.244031e-03
5 129 2 3.294086e-03
6 129 2 3.383199e-03
7 129 2 3.535109e-03
8 129 2 3.853262e-03
9 129 2 4.025848e-03
10 129 2 4.043584e-03
11 129 2 3.691930e-03
12 129 2 3.279830e-03
1 133 2 6.698430e-02
2 133 2 7.787916e-02
3 133 2 9.348973e-02
4 133 2 9.598923e-02
5 133 2 9.156390e-02
6 133 2 8.415958e-02
7 133 2 7.511322e-02
8 133 2 7.033500e-02
9 133 2 7.334373e-02
10 133 2 7.811390e-02
11 133 2 7.452192e-02
12 133 2 6.520672e-02
1 135 2 2.900156e-03
2 135 2 3.267461e-03
3 135 2 3.885758e-03
4 135 2 4.184780e-03
5 135 2 4.021173e-03
6 135 2 3.587297e-03
7 135 2 3.099070e-03
8 135 2 3.130084e-03
9 135 2 3.326073e-03
10 135 2 3.127978e-03
11 135 2 2.998139e-03
12 135 2 2.816342e-03
1 136 2 3.246214e-03
2 136 2 3.341011e-03
3 136 2 4.131784e-03
4 136 2 5.022992e-03
5 136 2 5.500401e-03
6 136 2 5.018464e-03
7 136 2 4.440755e-03
8 136 2 4.430569e-03
9 136 2 4.453469e-03
10 136 2 4.189369e-03
11 136 2 3.961027e-03
12 136 2 3.517441e-03
1 137 2 7.899006e-04
2 137 2 8.286871e-04
3 137 2 9.501070e-04
4 137 2 1.044028e-03
5 137 2 1.030519e-03
6 137 2 9.481808e-04
7 137 2 8.771682e-04
8 137 2 8.463796e-04
9 137 2 8.469114e-04
10 137 2 8.822862e-04
11 137 2 8.723058e-04
12 137 2 8.225062e-04
1 138 2 3.151954e-02
2 138 2 3.466076e-02
3 138 2 4.021160e-02
4 138 2 4.475301e-02
5 138 2 4.515304e-02
6 138 2 3.968499e-02
7 138 2 3.676434e-02
8 138 2 3.545465e-02
9 138 2 3.555138e-02
10 138 2 3.575854e-02
11 138 2 3.468647e-02
12 138 2 3.216880e-02
1 139 2 5.377949e-02
2 139 2 6.124491e-02
3 139 2 6.843516e-02
4 139 2 7.182757e-02
5 139 2 7.081534e-02
6 139 2 6.594831e-02
7 139 2 6.239708e-02
8 139 2 6.006748e-02
9 139 2 5.928892e-02
10 139 2 5.974920e-02
11 139 2 5.685593e-02
12 139 2 5.204402e-02
1 140 2 1.796955e-02
2 140 2 1.858118e-02
3 140 2 2.018061e-02
4 140 2 2.286430e-02
5 140 2 2.427861e-02
6 140 2 2.331965e-02
7 140 2 2.207992e-02
8 140 2 2.129589e-02
9 140 2 2.098543e-02
10 140 2 2.110141e-02
11 140 2 2.065574e-02
12 140 2 1.925746e-02
1 141 2 2.763906e-02
2 141 2 2.735307e-02
3 141 2 2.813654e-02
4 141 2 3.087961e-02
5 141 2 3.332320e-02
6 141 2 3.295120e-02
7 141 2 3.206016e-02
8 141 2 3.108861e-02
9 141 2 3.082513e-02
10 141 2 3.089760e-02
11 141 2 3.120600e-02
12 141 2 3.029859e-02
1 150 2 3.197937e-05
2 150 2 3.500645e-05
3 150 2 3.747042e-05
4 150 2 3.831657e-05
5 150 2 3.585263e-05
6 150 2 3.162040e-05
7 150 2 2.884663e-05
8 150 2 2.815004e-05
9 150 2 2.723996e-05
10 150 2 2.662021e-05
11 150 2 2.713777e-05
12 150 2 2.887381e-05
1 151 2 2.074599e-02
2 151 2 2.206578e-02
3 151 2 2.339627e-02
4 151 2 2.394794e-02
5 151 2 2.317130e-02
6 151 2 2.181137e-02
7 151 2 2.132943e-02
8 151 2 2.215292e-02
9 151 2 2.109155e-02
10 151 2 1.979224e-02
11 151 2 1.921188e-02
12 151 2 1.969116e-02
1 152 2 1.644315e-02
2 152 2 1.665570e-02
3 152 2 1.680989e-02
4 152 2 1.597374e-02
5 152 2 1.535504e-02
6 152 2 1.508081e-02
7 152 2 1.724140e-02
8 152 2 2.298933e-02
9 152 2 2.440568e-02
10 152 2 2.080119e-02
11 152 2 1.783788e-02
12 152 2 1.649638e-02
1 153 2 1.905819e-02
2 153 2 1.952047e-02
3 153 2 2.059544e-02
4 153 2 2.020141e-02
5 153 2 1.950854e-02
6 153 2 1.915347e-02
7 153 2 2.235819e-02
8 153 2 2.921812e-02
9 153 2 3.553739e-02
10 153 2 3.176312e-02
11 153 2 2.402717e-02
12 153 2 2.004743e-02
1 154 2 5.186044e-02
2 154 2 5.157906e-02
3 154 2 5.367464e-02
4 154 2 5.143026e-02
5 154 2 4.809198e-02
6 154 2 4.325930e-02
7 154 2 4.084814e-02
8 154 2 4.255281e-02
9 154 2 4.797773e-02
10 154 2 5.391840e-02
11 154 2 5.682398e-02
12 154 2 5.494608e-02
1 157 2 2.064240e-03
2 157 2 2.143507e-03
3 157 2 2.294931e-03
4 157 2 2.262602e-03
5 157 2 2.205387e-03
6 157 2 2.073443e-03
7 157 2 1.978360e-03
8 157 2 1.958418e-03
9 157 2 1.944263e-03
10 157 2 1.978164e-03
11 157 2 1.992346e-03
12 157 2 2.018346e-03
1 163 2 9.618086e-03
2 163 2 9.746955e-03
3 163 2 1.003619e-02
4 163 2 1.063843e-02
5 163 2 1.064881e-02
6 163 2 9.845246e-03
7 163 2 9.101898e-03
8 163 2 8.546860e-03
9 163 2 8.669249e-03
10 163 2 9.171731e-03
11 163 2 9.530269e-03
12 163 2 9.604941e-03
1 164 2 3.639649e-02
2 164 2 3.608529e-02
3 164 2 3.708979e-02
4 164 2 3.882007e-02
5 164 2 3.836343e-02
6 164 2 3.548321e-02
7 164 2 3.284284e-02
8 164 2 3.208141e-02
9 164 2 3.435265e-02
10 164 2 3.763485e-02
11 164 2 3.839490e-02
12 164 2 3.775554e-02
1 165 2 1.609496e-02
2 165 2 1.577420e-02
3 165 2 1.597250e-02
4 165 2 1.632579e-02
5 165 2 1.614660e-02
6 165 2 1.485716e-02
7 165 2 1.400827e-02
8 165 2 1.417891e-02
9 165 2 1.511319e-02
10 165 2 1.615927e-02
11 165 2 1.699888e-02
12 165 2 1.701890e-02
1 166 2 7.036002e-03
2 166 2 6.965762e-03
3 166 2 6.850677e-03
4 166 2 6.818536e-03
5 166 2 6.595273e-03
6 166 2 6.099529e-03
7 166 2 5.759801e-03
8 166 2 5.802773e-03
9 166 2 6.019947e-03
10 166 2 6.332543e-03
11 166 2 6.827411e-03
12 166 2 7.171412e-03
1 170 2 3.181671e-04
2 170 2 3.499208e-04
3 170 2 3.437953e-04
4 170 2 3.124915e-04
5 170 2 2.603988e-04
6 170 2 2.189499e-04
7 170 2 2.070923e-04
8 170 2 1.977065e-04
9 170 2 2.010317e-04
10 170 2 2.238474e-04
11 170 2 2.469740e-04
12 170 2 2.844058e-04
1 171 2 1.142134e-03
2 171 2 1.253735e-03
3 171 2 1.268913e-03
4 171 2 1.128931e-03
5 171 2 9.391438e-04
6 171 2 8.048020e-04
7 171 2 7.306736e-04
8 171 2 6.923362e-04
9 171 2 7.024236e-04
10 171 2 7.640408e-04
11 171 2 8.720310e-04
12 171 2 1.030221e-03
1 175 2 3.295218e-05
2 175 2 3.483813e-05
3 175 2 3.493806e-05
4 175 2 3.272365e-05
5 175 2 2.843170e-05
6 175 2 2.590849e-05
7 175 2 2.537091e-05
8 175 2 2.515670e-05
9 175 2 2.339848e-05
10 175 2 2.365255e-05
11 175 2 2.472852e-05
12 175 2 2.884596e-05
1 176 2 2.346654e-02
2 176 2 2.364248e-02
3 176 2 2.314591e-02
4 176 2 2.044287e-02
5 176 2 1.653737e-02
6 176 2 1.498596e-02
7 176 2 1.495863e-02
8 176 2 1.706580e-02
9 176 2 1.858643e-02
10 176 2 1.983625e-02
11 176 2 2.117371e-02
12 176 2 2.249168e-02
1 177 2 1.042833e-01
2 177 2 1.013349e-01
3 177 2 9.567899e-02
4 177 2 8.366490e-02
5 177 2 6.841509e-02
6 177 2 5.842071e-02
7 177 2 6.078585e-02
8 177 2 7.283263e-02
9 177 2 9.153923e-02
10 177 2 9.519728e-02
11 177 2 9.712821e-02
12 177 2 9.732666e-02
1 178 2 3.799193e-02
2 178 2 3.754791e-02
3 178 2 3.599242e-02
4 178 2 3.016743e-02
5 178 2 2.626692e-02
6 178 2 2.220139e-02
7 178 2 2.114542e-02
8 178 2 2.130105e-02
9 178 2 2.429331e-02
10 178 2 2.613891e-02
11 178 2 2.952241e-02
12 178 2 3.277608e-02
1 181 2 4.642981e-04
2 181 2 4.904013e-04
3 181 2 4.971546e-04
4 181 2 4.753464e-04
5 181 2 3.920126e-04
6 181 2 3.389720e-04
7 181 2 2.997210e-04
8 181 2 3.067400e-04
9 181 2 3.323217e-04
10 181 2 3.598424e-04
11 181 2 4.075262e-04
12 181 2 4.338975e-04
1 182 2 5.541033e-02
2 182 2 5.121623e-02
3 182 2 4.829460e-02
4 182 2 4.034229e-02
5 182 2 3.159160e-02
6 182 2 2.362863e-02
7 182 2 2.342774e-02
8 182 2 3.255574e-02
9 182 2 4.517459e-02
10 182 2 5.540503e-02
11 182 2 6.123395e-02
12 182 2 5.877555e-02
1 183 2 1.177327e-02
2 183 2 1.131020e-02
3 183 2 1.079771e-02
4 183 2 9.790568e-03
5 183 2 8.237614e-03
6 183 2 6.685801e-03
7 183 2 6.220436e-03
8 183 2 7.386530e-03
9 183 2 8.588521e-03
10 183 2 1.016021e-02
11 183 2 1.106138e-02
12 183 2 1.137735e-02
1 184 2 3.676770e-03
2 184 2 3.725516e-03
3 184 2 3.608103e-03
4 184 2 3.247059e-03
5 184 2 2.699433e-03
6 184 2 2.181651e-03
7 184 2 1.967301e-03
8 184 2 2.054653e-03
9 184 2 2.176562e-03
10 184 2 2.499507e-03
11 184 2 2.924591e-03
12 184 2 3.333387e-03
1 188 2 1.872280e-03
2 188 2 1.855956e-03
3 188 2 1.720305e-03
4 188 2 1.404746e-03
5 188 2 9.928186e-04
6 188 2 7.551729e-04
7 188 2 6.498201e-04
8 188 2 6.610145e-04
9 188 2 8.953406e-04
10 188 2 1.176604e-03
11 188 2 1.401218e-03
12 188 2 1.747696e-03
1 189 2 1.633251e-03
2 189 2 1.509453e-03
3 189 2 1.369208e-03
4 189 2 1.012048e-03
5 189 2 6.700666e-04
6 189 2 4.738459e-04
7 189 2 4.505262e-04
8 189 2 5.533953e-04
9 189 2 8.902332e-04
10 189 2 1.267562e-03
11 189 2 1.541778e-03
12 189 2 1.611150e-03
1 190 2 6.685724e-03
2 190 2 6.334847e-03
3 190 2 5.498661e-03
4 190 2 3.894587e-03
5 190 2 2.717252e-03
6 190 2 1.971211e-03
7 190 2 1.852174e-03
8 190 2 2.232791e-03
9 190 2 3.136204e-03
10 190 2 4.275405e-03
11 190 2 5.602144e-03
12 190 2 6.285503e-03
1 191 2 4.574827e-03
2 191 2 4.740730e-03
3 191 2 4.608012e-03
4 191 2 3.806735e-03
5 191 2 3.130350e-03
6 191 2 2.571528e-03
7 191 2 2.260806e-03
8 191 2 2.296045e-03
9 191 2 2.505031e-03
10 191 2 2.811641e-03
11 191 2 3.458023e-03
12 191 2 4.068332e-03
1 192 2 2.199701e-03
2 192 2 2.377265e-03
3 192 2 2.316191e-03
4 192 2 2.005474e-03
5 192 2 1.694928e-03
6 192 2 1.443163e-03
7 192 2 1.268253e-03
8 192 2 1.178505e-03
9 192 2 1.213444e-03
10 192 2 1.332500e-03
11 192 2 1.590661e-03
12 192 2 1.910035e-03
1 200 2 1.014375e-01
2 200 2 1.043539e-01
3 200 2 8.533863e-02
4 200 2 5.641493e-02
5 200 2 3.692640e-02
6 200 2 3.007313e-02
7 200 2 2.857104e-02
8 200 2 3.081144e-02
9 200 2 3.412912e-02
10 200 2 4.363574e-02
11 200 2 6.063830e-02
12 200 2 8.354724e-02
1 201 2 6.991098e-02
2 201 2 7.213364e-02
3 201 2 6.603406e-02
4 201 2 5.082830e-02
5 201 2 3.830399e-02
6 201 2 3.168994e-02
7 201 2 2.994877e-02
8 201 2 3.097928e-02
9 201 2 3.066022e-02
10 201 2 3.648168e-02
11 201 2 4.650435e-02
12 201 2 5.791972e-02
1 206 2 3.683966e-02
2 206 2 3.979163e-02
3 206 2 3.600078e-02
4 206 2 3.072111e-02
5 206 2 2.540619e-02
6 206 2 2.215206e-02
7 206 2 1.899971e-02
8 206 2 1.865531e-02
9 206 2 2.019417e-02
10 206 2 2.285867e-02
11 206 2 2.679563e-02
12 206 2 3.156803e-02
1 207 2 1.394426e-03
2 207 2 1.522538e-03
3 207 2 1.443943e-03
4 207 2 1.309296e-03
5 207 2 1.161153e-03
6 207 2 9.959156e-04
7 207 2 8.778103e-04
8 207 2 8.644194e-04
9 207 2 8.721439e-04
10 207 2 9.606351e-04
11 207 2 1.035280e-03
12 207 2 1.184296e-03
1 212 2 2.636031e-03
2 212 2 2.813800e-03
3 212 2 2.497523e-03
4 212 2 2.099644e-03
5 212 2 1.636507e-03
6 212 2 1.320797e-03
7 212 2 1.096336e-03
8 212 2 1.059599e-03
9 212 2 1.203415e-03
10 212 2 1.419973e-03
11 212 2 1.684335e-03
12 212 2 2.227013e-03
1 213 2 5.736017e-04
2 213 2 6.269036e-04
3 213 2 5.312761e-04
4 213 2 4.495734e-04
5 213 2 3.469058e-04
6 213 2 2.674156e-04
7 213 2 2.269575e-04
8 213 2 2.215655e-04
9 213 2 2.668851e-04
10 213 2 3.289050e-04
11 213 2 4.038912e-04
12 213 2 4.942488e-04
1 214 2 2.041417e-02
2 214 2 2.164158e-02
3 214 2 1.738767e-02
4 214 2 1.291443e-02
5 214 2 9.546130e-03
6 214 2 7.035061e-03
7 214 2 6.092470e-03
8 214 2 6.280876e-03
9 214 2 7.928265e-03
10 214 2 1.062910e-02
11 214 2 1.455026e-02
12 214 2 1.764693e-02
1 215 2 7.563210e-03
2 215 2 7.779769e-03
3 215 2 7.253444e-03
4 215 2 5.780688e-03
5 215 2 4.695394e-03
6 215 2 3.772651e-03
7 215 2 3.260092e-03
8 215 2 3.268109e-03
9 215 2 3.675208e-03
10 215 2 4.372317e-03
11 215 2 5.505349e-03
12 215 2 6.650765e-03
1 216 2 3.971498e-03
2 216 2 4.146536e-03
3 216 2 3.888428e-03
4 216 2 3.161067e-03
5 216 2 2.531200e-03
6 216 2 2.177511e-03
7 216 2 1.913464e-03
8 216 2 1.829627e-03
9 216 2 1.898562e-03
10 216 2 2.157894e-03
11 216 2 2.595580e-03
12 216 2 3.335790e-03
1 224 2 2.965403e-03
2 224 2 3.241888e-03
3 224 2 2.828943e-03
4 224 2 2.436144e-03
5 224 2 1.967232e-03
6 224 2 1.671766e-03
7 224 2 1.518783e-03
8 224 2 1.586351e-03
9 224 2 1.631381e-03
10 224 2 1.924136e-03
11 224 2 2.297798e-03
12 224 2 2.741455e-03
1 240 2 2.454250e-04
2 240 2 2.503320e-04
3 240 2 2.289225e-04
4 240 2 2.021744e-04
5 240 2 1.757156e-04
6 240 2 1.515608e-04
7 240 2 1.484863e-04
8 240 2 1.530808e-04
9 240 2 1.490149e-04
10 240 2 1.604735e-04
11 240 2 1.763210e-04
12 240 2 2.185192e-04
