1 7 2 1.710128e-07
2 7 2 1.460944e-07
3 7 2 1.597754e-07
4 7 2 4.129538e-07
5 7 2 1.420857e-06
6 7 2 3.826902e-06
7 7 2 5.177911e-06
8 7 2 3.530349e-06
9 7 2 1.526757e-06
10 7 2 6.693260e-07
11 7 2 3.546181e-07
12 7 2 2.092016e-07
1 25 2 1.175249e-04
2 25 2 1.115894e-04
3 25 2 1.572110e-04
4 25 2 2.868751e-04
5 25 2 8.025385e-04
6 25 2 1.455301e-03
7 25 2 1.764252e-03
8 25 2 1.352869e-03
9 25 2 7.644427e-04
10 25 2 3.577314e-04
11 25 2 1.705705e-04
12 25 2 9.877683e-05
1 26 2 1.095351e-04
2 26 2 9.014845e-05
3 26 2 1.490678e-04
4 26 2 3.327316e-04
5 26 2 9.372537e-04
6 26 2 1.790128e-03
7 26 2 1.942284e-03
8 26 2 1.453223e-03
9 26 2 7.948366e-04
10 26 2 3.199528e-04
11 26 2 1.671622e-04
12 26 2 1.033479e-04
1 27 2 4.786858e-04
2 27 2 4.226366e-04
3 27 2 7.408798e-04
4 27 2 1.886930e-03
5 27 2 5.313735e-03
6 27 2 1.098414e-02
7 27 2 1.238825e-02
8 27 2 9.324307e-03
9 27 2 4.818472e-03
10 27 2 1.809453e-03
11 27 2 9.589453e-04
12 27 2 5.931736e-04
1 28 2 1.776847e-05
2 28 2 1.616978e-05
3 28 2 2.719477e-05
4 28 2 7.392187e-05
5 28 2 2.110921e-04
6 28 2 4.519449e-04
7 28 2 5.388233e-04
8 28 2 4.060094e-04
9 28 2 2.088599e-04
10 28 2 8.134079e-05
11 28 2 4.060650e-05
12 28 2 2.531590e-05
1 29 2 2.382245e-05
2 29 2 2.253611e-05
3 29 2 3.590114e-05
4 29 2 1.079488e-04
5 29 2 3.228143e-04
6 29 2 7.944752e-04
7 29 2 1.082258e-03
8 29 2 8.052077e-04
9 29 2 3.697915e-04
10 29 2 1.370585e-04
11 29 2 6.478810e-05
12 29 2 4.044357e-05
1 30 2 5.405764e-06
2 30 2 4.727678e-06
3 30 2 7.513934e-06
4 30 2 2.299803e-05
5 30 2 6.370812e-05
6 30 2 1.732613e-04
7 30 2 2.511340e-04
8 30 2 1.923201e-04
9 30 2 8.701819e-05
10 30 2 3.406050e-05
11 30 2 1.571117e-05
12 30 2 9.409393e-06
1 31 2 9.645032e-06
2 31 2 7.432309e-06
3 31 2 1.129058e-05
4 31 2 3.142543e-05
5 31 2 8.115571e-05
6 31 2 2.136789e-04
7 31 2 3.013347e-04
8 31 2 2.432299e-04
9 31 2 1.216798e-04
10 31 2 5.572333e-05
11 31 2 2.675400e-05
12 31 2 1.490857e-05
1 32 2 1.141340e-05
2 32 2 9.448096e-06
3 32 2 1.320681e-05
4 32 2 2.934605e-05
5 32 2 7.837937e-05
6 32 2 1.856653e-04
7 32 2 2.395303e-04
8 32 2 1.978628e-04
9 32 2 1.104888e-04
10 32 2 5.695810e-05
11 32 2 2.943362e-05
12 32 2 1.526458e-05
1 35 2 6.185197e-04
2 35 2 5.893562e-04
3 35 2 6.402152e-04
4 35 2 8.531446e-04
5 35 2 1.337418e-03
6 35 2 2.042529e-03
7 35 2 2.457790e-03
8 35 2 2.256902e-03
9 35 2 1.533878e-03
10 35 2 1.108991e-03
11 35 2 8.400018e-04
12 35 2 6.824254e-04
1 36 2 7.414140e-05
2 36 2 6.960435e-05
3 36 2 7.714220e-05
4 36 2 9.265454e-05
5 36 2 1.267205e-04
6 36 2 1.828047e-04
7 36 2 2.152923e-04
8 36 2 2.193241e-04
9 36 2 1.674166e-04
10 36 2 1.311642e-04
11 36 2 1.003912e-04
12 36 2 8.318264e-05
1 37 2 2.087999e-03
2 37 2 2.020893e-03
3 37 2 2.546419e-03
4 37 2 3.274353e-03
5 37 2 4.950196e-03
6 37 2 7.508046e-03
7 37 2 8.732243e-03
8 37 2 8.584001e-03
9 37 2 6.317027e-03
10 37 2 4.736665e-03
11 37 2 3.338455e-03
12 37 2 2.557541e-03
1 38 2 9.818590e-03
2 38 2 9.809787e-03
3 38 2 1.494392e-02
4 38 2 2.215682e-02
5 38 2 4.045261e-02
6 38 2 7.178007e-02
7 38 2 8.509246e-02
8 38 2 7.379991e-02
9 38 2 4.766910e-02
10 38 2 3.258179e-02
11 38 2 1.861787e-02
12 38 2 1.343538e-02
1 39 2 1.275835e-02
2 39 2 1.329163e-02
3 39 2 2.152970e-02
4 39 2 3.324365e-02
5 39 2 6.450369e-02
6 39 2 1.247019e-01
7 39 2 1.548449e-01
8 39 2 1.253651e-01
9 39 2 7.901918e-02
10 39 2 4.989967e-02
11 39 2 2.525813e-02
12 39 2 1.843661e-02
1 40 2 3.164432e-03
2 40 2 3.471930e-03
3 40 2 6.192138e-03
4 40 2 1.041257e-02
5 40 2 2.276240e-02
6 40 2 5.168068e-02
7 40 2 6.466051e-02
8 40 2 4.743333e-02
9 40 2 2.921845e-02
10 40 2 1.574317e-02
11 40 2 6.743921e-03
12 40 2 5.024010e-03
1 41 2 1.684934e-03
2 41 2 1.801278e-03
3 41 2 3.609702e-03
4 41 2 6.429134e-03
5 41 2 1.612521e-02
6 41 2 4.091938e-02
7 41 2 5.290632e-02
8 41 2 3.710825e-02
9 41 2 2.073781e-02
10 41 2 8.987960e-03
11 41 2 3.452933e-03
12 41 2 2.877975e-03
1 42 2 9.122861e-04
2 42 2 9.542695e-04
3 42 2 2.057869e-03
4 42 2 4.059542e-03
5 42 2 1.154059e-02
6 42 2 3.201015e-02
7 42 2 4.481046e-02
8 42 2 2.992513e-02
9 42 2 1.417112e-02
10 42 2 5.071691e-03
11 42 2 1.890823e-03
12 42 2 1.551145e-03
1 43 2 2.560194e-05
2 43 2 2.654591e-05
3 43 2 6.263458e-05
4 43 2 1.528302e-04
5 43 2 5.115508e-04
6 43 2 1.508643e-03
7 43 2 2.205427e-03
8 43 2 1.384414e-03
9 43 2 5.661128e-04
10 43 2 1.738110e-04
11 43 2 5.927329e-05
12 43 2 4.153324e-05
1 44 2 1.056815e-04
2 44 2 1.061861e-04
3 44 2 2.309712e-04
4 44 2 6.244248e-04
5 44 2 2.332832e-03
6 44 2 7.351526e-03
7 44 2 1.074466e-02
8 44 2 6.478964e-03
9 44 2 2.335569e-03
10 44 2 6.919817e-04
11 44 2 2.271104e-04
12 44 2 1.535521e-04
1 45 2 2.428379e-04
2 45 2 2.721503e-04
3 45 2 4.959049e-04
4 45 2 1.462463e-03
5 45 2 6.124511e-03
6 45 2 2.032176e-02
7 45 2 2.842988e-02
8 45 2 1.731092e-02
9 45 2 5.952837e-03
10 45 2 1.519883e-03
11 45 2 4.405488e-04
12 45 2 2.879209e-04
1 46 2 1.101129e-04
2 46 2 1.385247e-04
3 46 2 2.177503e-04
4 46 2 6.046706e-04
5 46 2 2.374516e-03
6 46 2 7.365485e-03
7 46 2 1.030379e-02
8 46 2 6.456476e-03
9 46 2 2.425236e-03
10 46 2 5.878485e-04
11 46 2 1.616228e-04
12 46 2 1.152596e-04
1 47 2 1.446980e-04
2 47 2 1.841482e-04
3 47 2 2.594936e-04
4 47 2 5.814025e-04
5 47 2 1.981710e-03
6 47 2 5.459608e-03
7 47 2 7.404394e-03
8 47 2 5.020710e-03
9 47 2 2.126926e-03
10 47 2 6.560254e-04
11 47 2 1.935447e-04
12 47 2 1.471197e-04
1 48 2 1.959113e-04
2 48 2 2.250507e-04
3 48 2 3.095447e-04
4 48 2 6.044754e-04
5 48 2 1.875803e-03
6 48 2 4.314668e-03
7 48 2 5.733793e-03
8 48 2 4.034052e-03
9 48 2 1.920372e-03
10 48 2 7.159825e-04
11 48 2 2.577447e-04
12 48 2 1.709206e-04
1 49 2 5.697543e-05
2 49 2 5.184262e-05
3 49 2 5.880473e-05
4 49 2 6.882573e-05
5 49 2 9.843547e-05
6 49 2 1.497639e-04
7 49 2 2.233481e-04
8 49 2 2.100275e-04
9 49 2 1.464918e-04
10 49 2 1.048290e-04
11 49 2 7.653364e-05
12 49 2 5.583115e-05
1 50 2 2.321112e-04
2 50 2 2.003582e-04
3 50 2 2.348508e-04
4 50 2 2.677056e-04
5 50 2 3.767769e-04
6 50 2 5.529149e-04
7 50 2 7.631039e-04
8 50 2 7.338487e-04
9 50 2 5.313732e-04
10 50 2 3.787851e-04
11 50 2 2.835892e-04
12 50 2 2.232955e-04
1 51 2 8.925086e-05
2 51 2 8.145540e-05
3 51 2 8.851029e-05
4 51 2 1.021701e-04
5 51 2 1.392605e-04
6 51 2 1.953018e-04
7 51 2 2.545067e-04
8 51 2 2.523934e-04
9 51 2 2.097019e-04
10 51 2 1.474990e-04
11 51 2 1.105451e-04
12 51 2 9.264013e-05
1 52 2 3.278670e-02
2 52 2 3.446163e-02
3 52 2 4.329165e-02
4 52 2 6.311332e-02
5 52 2 1.067329e-01
6 52 2 1.468884e-01
7 52 2 1.884117e-01
8 52 2 1.762294e-01
9 52 2 1.422589e-01
10 52 2 8.126756e-02
11 52 2 4.891512e-02
12 52 2 3.772101e-02
1 53 2 8.620536e-03
2 53 2 1.081562e-02
3 53 2 1.832395e-02
4 53 2 3.999570e-02
5 53 2 7.616404e-02
6 53 2 1.137323e-01
7 53 2 1.578739e-01
8 53 2 1.345270e-01
9 53 2 9.104890e-02
10 53 2 4.015639e-02
11 53 2 1.791083e-02
12 53 2 1.134724e-02
1 54 2 4.580703e-03
2 54 2 5.942344e-03
3 54 2 1.111242e-02
4 54 2 2.761328e-02
5 54 2 5.438955e-02
6 54 2 1.050558e-01
7 54 2 1.492368e-01
8 54 2 1.251389e-01
9 54 2 7.589475e-02
10 54 2 3.227784e-02
11 54 2 1.383576e-02
12 54 2 7.632072e-03
1 55 2 3.007910e-03
2 55 2 3.354622e-03
3 55 2 6.257955e-03
4 55 2 1.465332e-02
5 55 2 2.907813e-02
6 55 2 6.209919e-02
7 55 2 8.632259e-02
8 55 2 7.444573e-02
9 55 2 4.720866e-02
10 55 2 2.263580e-02
11 55 2 1.059042e-02
12 55 2 6.064107e-03
1 56 2 1.053102e-02
2 56 2 1.092890e-02
3 56 2 1.892914e-02
4 56 2 4.220928e-02
5 56 2 9.226383e-02
6 56 2 1.818723e-01
7 56 2 2.514544e-01
8 56 2 2.086944e-01
9 56 2 1.364076e-01
10 56 2 7.028215e-02
11 56 2 3.168580e-02
12 56 2 1.817211e-02
1 57 2 2.126396e-03
2 57 2 2.028793e-03
3 57 2 2.495299e-03
4 57 2 3.787474e-03
5 57 2 6.337038e-03
6 57 2 1.031115e-02
7 57 2 1.468320e-02
8 57 2 1.323315e-02
9 57 2 9.845471e-03
10 57 2 6.324217e-03
11 57 2 3.867292e-03
12 57 2 2.779248e-03
1 60 2 2.178580e-01
2 60 2 2.109758e-01
3 60 2 2.419474e-01
4 60 2 2.869460e-01
5 60 2 3.537816e-01
6 60 2 4.655742e-01
7 60 2 5.420215e-01
8 60 2 5.422495e-01
9 60 2 4.601767e-01
10 60 2 3.756570e-01
11 60 2 3.004378e-01
12 60 2 2.490321e-01
1 61 2 6.236201e-01
2 61 2 6.273712e-01
3 61 2 8.823869e-01
4 61 2 1.329061e+00
5 61 2 1.938694e+00
6 61 2 2.731306e+00
7 61 2 3.232237e+00
8 61 2 3.109679e+00
9 61 2 2.416302e+00
10 61 2 1.643583e+00
11 61 2 1.072209e+00
12 61 2 7.520385e-01
1 62 2 1.645712e-01
2 62 2 1.802442e-01
3 62 2 2.837373e-01
4 62 2 5.136510e-01
5 62 2 8.810222e-01
6 62 2 1.249800e+00
7 62 2 1.528253e+00
8 62 2 1.426569e+00
9 62 2 9.940651e-01
10 62 2 5.927996e-01
11 62 2 3.219164e-01
12 62 2 2.094940e-01
1 63 2 1.953876e-01
2 63 2 2.371922e-01
3 63 2 3.968848e-01
4 63 2 8.347492e-01
5 63 2 1.602021e+00
6 63 2 2.381660e+00
7 63 2 3.045567e+00
8 63 2 2.650240e+00
9 63 2 1.618684e+00
10 63 2 8.839805e-01
11 63 2 4.083171e-01
12 63 2 2.673017e-01
1 64 2 4.671337e-02
2 64 2 5.984469e-02
3 64 2 1.139587e-01
4 64 2 2.699302e-01
5 64 2 5.781054e-01
6 64 2 9.259925e-01
7 64 2 1.173716e+00
8 64 2 9.175835e-01
9 64 2 5.253947e-01
10 64 2 2.322654e-01
11 64 2 1.061339e-01
12 64 2 7.263354e-02
1 65 2 1.579768e-02
2 65 2 1.958922e-02
3 65 2 4.291630e-02
4 65 2 1.210255e-01
5 65 2 2.537518e-01
6 65 2 4.312607e-01
7 65 2 5.589752e-01
8 65 2 4.171888e-01
9 65 2 2.366163e-01
10 65 2 8.396477e-02
11 65 2 3.696294e-02
12 65 2 2.678699e-02
1 66 2 1.046623e-02
2 66 2 1.293952e-02
3 66 2 3.076094e-02
4 66 2 1.009164e-01
5 66 2 2.098341e-01
6 66 2 3.608192e-01
7 66 2 4.976298e-01
8 66 2 3.762087e-01
9 66 2 2.128151e-01
10 66 2 7.050810e-02
11 66 2 2.701976e-02
12 66 2 1.675983e-02
1 67 2 3.573719e-03
2 67 2 4.765388e-03
3 67 2 1.211841e-02
4 67 2 4.476647e-02
5 67 2 1.015725e-01
6 67 2 1.732327e-01
7 67 2 2.421984e-01
8 67 2 1.863915e-01
9 67 2 1.019432e-01
10 67 2 3.748927e-02
11 67 2 1.185439e-02
12 67 2 5.335598e-03
1 68 2 8.854270e-04
2 68 2 1.188890e-03
3 68 2 3.530937e-03
4 68 2 1.623005e-02
5 68 2 4.422896e-02
6 68 2 8.475641e-02
7 68 2 1.215246e-01
8 68 2 9.038199e-02
9 68 2 4.337520e-02
10 68 2 1.593553e-02
11 68 2 3.633865e-03
12 68 2 1.264459e-03
1 69 2 5.393572e-04
2 69 2 7.647084e-04
3 69 2 1.828748e-03
4 69 2 8.019169e-03
5 69 2 2.571384e-02
6 69 2 6.085470e-02
7 69 2 8.915164e-02
8 69 2 6.862873e-02
9 69 2 2.948245e-02
10 69 2 9.586555e-03
11 69 2 1.857528e-03
12 69 2 6.985512e-04
1 70 2 2.243028e-03
2 70 2 2.621671e-03
3 70 2 3.756778e-03
4 70 2 9.801240e-03
5 70 2 2.457839e-02
6 70 2 5.968334e-02
7 70 2 9.660839e-02
8 70 2 8.804928e-02
9 70 2 4.546275e-02
10 70 2 1.620515e-02
11 70 2 4.928641e-03
12 70 2 2.774468e-03
1 71 2 1.835410e-03
2 71 2 1.862512e-03
3 71 2 2.107574e-03
4 71 2 3.382019e-03
5 71 2 6.549713e-03
6 71 2 1.366332e-02
7 71 2 2.096891e-02
8 71 2 2.084835e-02
9 71 2 1.337610e-02
10 71 2 6.370860e-03
11 71 2 3.043522e-03
12 71 2 2.113829e-03
1 72 2 7.718267e-06
2 72 2 7.371617e-06
3 72 2 7.986382e-06
4 72 2 1.018271e-05
5 72 2 1.584355e-05
6 72 2 2.756831e-05
7 72 2 4.270015e-05
8 72 2 4.106753e-05
9 72 2 2.873222e-05
10 72 2 1.742159e-05
11 72 2 1.073410e-05
12 72 2 7.665559e-06
1 76 2 8.117329e-02
2 76 2 7.426522e-02
3 76 2 7.501266e-02
4 76 2 8.159590e-02
5 76 2 1.109310e-01
6 76 2 1.581806e-01
7 76 2 2.121114e-01
8 76 2 2.263617e-01
9 76 2 2.156787e-01
10 76 2 1.440303e-01
11 76 2 9.297759e-02
12 76 2 8.131698e-02
1 77 2 7.883974e-02
2 77 2 1.023728e-01
3 77 2 1.341022e-01
4 77 2 2.167386e-01
5 77 2 3.639129e-01
6 77 2 5.618436e-01
7 77 2 7.633938e-01
8 77 2 7.245846e-01
9 77 2 5.367415e-01
10 77 2 2.711681e-01
11 77 2 1.189894e-01
12 77 2 7.499842e-02
1 78 2 9.043816e-02
2 78 2 1.235710e-01
3 78 2 1.720800e-01
4 78 2 3.086436e-01
5 78 2 4.826294e-01
6 78 2 7.662482e-01
7 78 2 9.458485e-01
8 78 2 8.856724e-01
9 78 2 5.742603e-01
10 78 2 3.045415e-01
11 78 2 1.644590e-01
12 78 2 9.494772e-02
1 79 2 2.909083e-01
2 79 2 3.569494e-01
3 79 2 5.241046e-01
4 79 2 8.693144e-01
5 79 2 1.320730e+00
6 79 2 2.157637e+00
7 79 2 2.643915e+00
8 79 2 2.504641e+00
9 79 2 1.729469e+00
10 79 2 1.043986e+00
11 79 2 5.948095e-01
12 79 2 3.643693e-01
1 80 2 1.421523e-01
2 80 2 1.424299e-01
3 80 2 1.789720e-01
4 80 2 2.419907e-01
5 80 2 3.609077e-01
6 80 2 5.491080e-01
7 80 2 7.070600e-01
8 80 2 6.999776e-01
9 80 2 5.809686e-01
10 80 2 4.073196e-01
11 80 2 2.376141e-01
12 80 2 1.756364e-01
1 81 2 3.203704e-08
2 81 2 2.903328e-08
3 81 2 3.057993e-08
4 81 2 3.626030e-08
5 81 2 5.221451e-08
6 81 2 7.035754e-08
7 81 2 9.388004e-08
8 81 2 1.007312e-07
9 81 2 9.159608e-08
10 81 2 7.028105e-08
11 81 2 4.645846e-08
12 81 2 3.803536e-08
1 84 2 1.953366e-01
2 84 2 2.065199e-01
3 84 2 2.554238e-01
4 84 2 3.227758e-01
5 84 2 4.327450e-01
6 84 2 7.090841e-01
7 84 2 9.496929e-01
8 84 2 9.100417e-01
9 84 2 6.828468e-01
10 84 2 4.309449e-01
11 84 2 2.894988e-01
12 84 2 2.211458e-01
1 85 2 2.029958e-01
2 85 2 2.285893e-01
3 85 2 2.972029e-01
4 85 2 4.318081e-01
5 85 2 6.912307e-01
6 85 2 1.055963e+00
7 85 2 1.461023e+00
8 85 2 1.389884e+00
9 85 2 1.000811e+00
10 85 2 5.520532e-01
11 85 2 3.113348e-01
12 85 2 2.259048e-01
1 86 2 6.014385e-02
2 86 2 6.809541e-02
3 86 2 8.702092e-02
4 86 2 1.264001e-01
5 86 2 2.031499e-01
6 86 2 2.947660e-01
7 86 2 4.049302e-01
8 86 2 4.062548e-01
9 86 2 3.007059e-01
10 86 2 1.743761e-01
11 86 2 9.605492e-02
12 86 2 6.864979e-02
1 87 2 6.031375e-02
2 87 2 8.159757e-02
3 87 2 1.165064e-01
4 87 2 1.841700e-01
5 87 2 3.231018e-01
6 87 2 4.856630e-01
7 87 2 6.584088e-01
8 87 2 6.708965e-01
9 87 2 4.864031e-01
10 87 2 2.738578e-01
11 87 2 1.203259e-01
12 87 2 7.313986e-02
1 88 2 2.849586e-02
2 88 2 4.046642e-02
3 88 2 6.345732e-02
4 88 2 1.204035e-01
5 88 2 2.471034e-01
6 88 2 3.883787e-01
7 88 2 4.973729e-01
8 88 2 4.362349e-01
9 88 2 2.818951e-01
10 88 2 1.332184e-01
11 88 2 6.829693e-02
12 88 2 3.793644e-02
1 89 2 3.236495e-02
2 89 2 4.503163e-02
3 89 2 8.546863e-02
4 89 2 1.607519e-01
5 89 2 3.207990e-01
6 89 2 4.792363e-01
7 89 2 5.590601e-01
8 89 2 4.896034e-01
9 89 2 3.195178e-01
10 89 2 1.520491e-01
11 89 2 8.366501e-02
12 89 2 4.630893e-02
1 90 2 6.636460e-03
2 90 2 8.746634e-03
3 90 2 1.735676e-02
4 90 2 3.115169e-02
5 90 2 4.783160e-02
6 90 2 6.331314e-02
7 90 2 7.110456e-02
8 90 2 6.579142e-02
9 90 2 4.794596e-02
10 90 2 2.859773e-02
11 90 2 1.576745e-02
12 90 2 8.976064e-03
1 91 2 2.306095e-04
2 91 2 3.263022e-04
3 91 2 6.817176e-04
4 91 2 1.288232e-03
5 91 2 1.901229e-03
6 91 2 2.416640e-03
7 91 2 2.713535e-03
8 91 2 2.488572e-03
9 91 2 1.789335e-03
10 91 2 1.107602e-03
11 91 2 5.740474e-04
12 91 2 2.946910e-04
1 92 2 1.300568e-03
2 92 2 1.857782e-03
3 92 2 4.656991e-03
4 92 2 1.111050e-02
5 92 2 2.095279e-02
6 92 2 3.210705e-02
7 92 2 3.854019e-02
8 92 2 3.507775e-02
9 92 2 2.194498e-02
10 92 2 1.166305e-02
11 92 2 4.574257e-03
12 92 2 1.963616e-03
1 93 2 2.977518e-02
2 93 2 3.592642e-02
3 93 2 7.386662e-02
4 93 2 1.721544e-01
5 93 2 3.071137e-01
6 93 2 4.873679e-01
7 93 2 6.537785e-01
8 93 2 6.427200e-01
9 93 2 4.322967e-01
10 93 2 2.489504e-01
11 93 2 1.066141e-01
12 93 2 4.440691e-02
1 94 2 7.126444e-02
2 94 2 7.090517e-02
3 94 2 9.467554e-02
4 94 2 1.677825e-01
5 94 2 2.863945e-01
6 94 2 4.509632e-01
7 94 2 6.230039e-01
8 94 2 6.789363e-01
9 94 2 5.592501e-01
10 94 2 3.375623e-01
11 94 2 1.811781e-01
12 94 2 9.899136e-02
1 98 2 1.026959e-02
2 98 2 9.559627e-03
3 98 2 9.001870e-03
4 98 2 9.584398e-03
5 98 2 1.087763e-02
6 98 2 1.244723e-02
7 98 2 1.400058e-02
8 98 2 1.475593e-02
9 98 2 1.456080e-02
10 98 2 1.376384e-02
11 98 2 1.238048e-02
12 98 2 1.126637e-02
1 101 2 1.225812e-02
2 101 2 1.259564e-02
3 101 2 1.290727e-02
4 101 2 1.591662e-02
5 101 2 2.046909e-02
6 101 2 2.389979e-02
7 101 2 2.551166e-02
8 101 2 2.556358e-02
9 101 2 2.457597e-02
10 101 2 2.107138e-02
11 101 2 1.620331e-02
12 101 2 1.299621e-02
1 102 2 1.124418e-01
2 102 2 1.270999e-01
3 102 2 1.562082e-01
4 102 2 1.953850e-01
5 102 2 2.261067e-01
6 102 2 2.468360e-01
7 102 2 2.537868e-01
8 102 2 2.569936e-01
9 102 2 2.316230e-01
10 102 2 1.784426e-01
11 102 2 1.432225e-01
12 102 2 1.173887e-01
1 103 2 1.014758e-01
2 103 2 1.035569e-01
3 103 2 1.128641e-01
4 103 2 1.275321e-01
5 103 2 1.485213e-01
6 103 2 1.699636e-01
7 103 2 1.838790e-01
8 103 2 1.929769e-01
9 103 2 1.892705e-01
10 103 2 1.654060e-01
11 103 2 1.360724e-01
12 103 2 1.131397e-01
1 104 2 2.058553e-02
2 104 2 1.975335e-02
3 104 2 1.996798e-02
4 104 2 2.189201e-02
5 104 2 2.559858e-02
6 104 2 2.937561e-02
7 104 2 3.296900e-02
8 104 2 3.561455e-02
9 104 2 3.590122e-02
10 104 2 3.353885e-02
11 104 2 2.758873e-02
12 104 2 2.284343e-02
1 107 2 1.015676e-02
2 107 2 1.071520e-02
3 107 2 1.251038e-02
4 107 2 1.433552e-02
5 107 2 1.607638e-02
6 107 2 2.058163e-02
7 107 2 2.249659e-02
8 107 2 2.240557e-02
9 107 2 2.097496e-02
10 107 2 1.794098e-02
11 107 2 1.426242e-02
12 107 2 1.115375e-02
1 108 2 9.970044e-04
2 108 2 1.274173e-03
3 108 2 1.850872e-03
4 108 2 2.866597e-03
5 108 2 4.449724e-03
6 108 2 6.107386e-03
7 108 2 6.537772e-03
8 108 2 5.778014e-03
9 108 2 4.675325e-03
10 108 2 3.225651e-03
11 108 2 1.680236e-03
12 108 2 1.069635e-03
1 109 2 1.891842e-03
2 109 2 2.498847e-03
3 109 2 3.908359e-03
4 109 2 6.782623e-03
5 109 2 1.155612e-02
6 109 2 1.456708e-02
7 109 2 1.480146e-02
8 109 2 1.360670e-02
9 109 2 1.092657e-02
10 109 2 7.666784e-03
11 109 2 3.409995e-03
12 109 2 1.991992e-03
1 110 2 8.326386e-04
2 110 2 1.060622e-03
3 110 2 1.703413e-03
4 110 2 2.636817e-03
5 110 2 4.089597e-03
6 110 2 4.735951e-03
7 110 2 5.091604e-03
8 110 2 5.035557e-03
9 110 2 4.239821e-03
10 110 2 3.091098e-03
11 110 2 1.495179e-03
12 110 2 8.800785e-04
1 111 2 2.859913e-02
2 111 2 3.576917e-02
3 111 2 5.790951e-02
4 111 2 8.776669e-02
5 111 2 1.326465e-01
6 111 2 1.701163e-01
7 111 2 1.798257e-01
8 111 2 1.781104e-01
9 111 2 1.516766e-01
10 111 2 9.873413e-02
11 111 2 5.318736e-02
12 111 2 3.248782e-02
1 112 2 3.293469e-02
2 112 2 4.246526e-02
3 112 2 7.449615e-02
4 112 2 1.238828e-01
5 112 2 1.883846e-01
6 112 2 2.295689e-01
7 112 2 2.338098e-01
8 112 2 2.179349e-01
9 112 2 1.663693e-01
10 112 2 1.104481e-01
11 112 2 6.338570e-02
12 112 2 3.896255e-02
1 113 2 1.889209e-02
2 113 2 2.393452e-02
3 113 2 4.021014e-02
4 113 2 6.013060e-02
5 113 2 7.399645e-02
6 113 2 6.460985e-02
7 113 2 5.543908e-02
8 113 2 5.294883e-02
9 113 2 5.236889e-02
10 113 2 4.781779e-02
11 113 2 3.344555e-02
12 113 2 2.258946e-02
1 114 2 5.151416e-02
2 114 2 6.985581e-02
3 114 2 1.244600e-01
4 114 2 1.814235e-01
5 114 2 2.093093e-01
6 114 2 1.532262e-01
7 114 2 1.265545e-01
8 114 2 1.160025e-01
9 114 2 1.119466e-01
10 114 2 1.001942e-01
11 114 2 7.638022e-02
12 114 2 5.657765e-02
1 115 2 1.805963e-02
2 115 2 2.627515e-02
3 115 2 4.165039e-02
4 115 2 5.162930e-02
5 115 2 4.610741e-02
6 115 2 4.280921e-02
7 115 2 4.128869e-02
8 115 2 3.961358e-02
9 115 2 3.643267e-02
10 115 2 3.255817e-02
11 115 2 2.473257e-02
12 115 2 1.774376e-02
1 116 2 1.521797e-02
2 116 2 1.948086e-02
3 116 2 2.979088e-02
4 116 2 4.216790e-02
5 116 2 4.904393e-02
6 116 2 5.584859e-02
7 116 2 5.855072e-02
8 116 2 5.604604e-02
9 116 2 4.540353e-02
10 116 2 3.629911e-02
11 116 2 2.637059e-02
12 116 2 1.737181e-02
1 117 2 3.943506e-03
2 117 2 4.118006e-03
3 117 2 5.200664e-03
4 117 2 7.119039e-03
5 117 2 9.065518e-03
6 117 2 1.074063e-02
7 117 2 1.143452e-02
8 117 2 1.141953e-02
9 117 2 1.041963e-02
10 117 2 8.919831e-03
11 117 2 7.200642e-03
12 117 2 5.201651e-03
1 126 2 2.259720e-04
2 126 2 2.348748e-04
3 126 2 2.545722e-04
4 126 2 2.688127e-04
5 126 2 2.655894e-04
6 126 2 2.468356e-04
7 126 2 2.379352e-04
8 126 2 2.402598e-04
9 126 2 2.389879e-04
10 126 2 2.348438e-04
11 126 2 2.294716e-04
12 126 2 2.259972e-04
1 127 2 2.275596e-02
2 127 2 2.314327e-02
3 127 2 2.442723e-02
4 127 2 2.536065e-02
5 127 2 2.570616e-02
6 127 2 2.489967e-02
7 127 2 2.490654e-02
8 127 2 2.547811e-02
9 127 2 2.520651e-02
10 127 2 2.419629e-02
11 127 2 2.344920e-02
12 127 2 2.315894e-02
1 128 2 1.031168e-01
2 128 2 1.059000e-01
3 128 2 1.087131e-01
4 128 2 1.061225e-01
5 128 2 1.032310e-01
6 128 2 1.001300e-01
7 128 2 1.067201e-01
8 128 2 1.213413e-01
9 128 2 1.275892e-01
10 128 2 1.205140e-01
11 128 2 1.095899e-01
12 128 2 1.032555e-01
1 129 2 2.939994e-03
2 129 2 2.899628e-03
3 129 2 2.972760e-03
4 129 2 3.058970e-03
5 129 2 3.106169e-03
6 129 2 3.190199e-03
7 129 2 3.333442e-03
8 129 2 3.633447e-03
9 129 2 3.796187e-03
10 129 2 3.812911e-03
11 129 2 3.481318e-03
12 129 2 3.092727e-03
1 133 2 6.318170e-02
2 133 2 7.345808e-02
3 133 2 8.818246e-02
4 133 2 9.054006e-02
5 133 2 8.636595e-02
6 133 2 7.938197e-02
7 133 2 7.084916e-02
8 133 2 6.634218e-02
9 133 2 6.918012e-02
10 133 2 7.367949e-02
11 133 2 7.029142e-02
12 133 2 6.150503e-02
1 135 2 2.730773e-03
2 135 2 3.076626e-03
3 135 2 3.658811e-03
4 135 2 3.940369e-03
5 135 2 3.786317e-03
6 135 2 3.377782e-03
7 135 2 2.918069e-03
8 135 2 2.947273e-03
9 135 2 3.131814e-03
10 135 2 2.945289e-03
11 135 2 2.823034e-03
12 135 2 2.651854e-03
1 136 2 3.057222e-03
2 136 2 3.146500e-03
3 136 2 3.891235e-03
4 136 2 4.730557e-03
5 136 2 5.180173e-03
6 136 2 4.726293e-03
7 136 2 4.182218e-03
8 136 2 4.172625e-03
9 136 2 4.194192e-03
10 136 2 3.945468e-03
11 136 2 3.730419e-03
12 136 2 3.312659e-03
1 137 2 7.441263e-04
2 137 2 7.806652e-04
3 137 2 8.950488e-04
4 137 2 9.835272e-04
5 137 2 9.708010e-04
6 137 2 8.932342e-04
7 137 2 8.263367e-04
8 137 2 7.973324e-04
9 137 2 7.978333e-04
10 137 2 8.311582e-04
11 137 2 8.217561e-04
12 137 2 7.748424e-04
1 138 2 2.970168e-02
2 138 2 3.266173e-02
3 138 2 3.789244e-02
4 138 2 4.217193e-02
5 138 2 4.254889e-02
6 138 2 3.739620e-02
7 138 2 3.464399e-02
8 138 2 3.340984e-02
9 138 2 3.350099e-02
10 138 2 3.369621e-02
11 138 2 3.268596e-02
12 138 2 3.031349e-02
1 139 2 5.066922e-02
2 139 2 5.770288e-02
3 139 2 6.447729e-02
4 139 2 6.767351e-02
5 139 2 6.671982e-02
6 139 2 6.213427e-02
7 139 2 5.878842e-02
8 139 2 5.659355e-02
9 139 2 5.586001e-02
10 139 2 5.629367e-02
11 139 2 5.356774e-02
12 139 2 4.903411e-02
1 140 2 1.692191e-02
2 140 2 1.749789e-02
3 140 2 1.900406e-02
4 140 2 2.153129e-02
5 140 2 2.286315e-02
6 140 2 2.196009e-02
7 140 2 2.079264e-02
8 140 2 2.005433e-02
9 140 2 1.976197e-02
10 140 2 1.987119e-02
11 140 2 1.945149e-02
12 140 2 1.813473e-02
1 141 2 2.605086e-02
2 141 2 2.578131e-02
3 141 2 2.651976e-02
4 141 2 2.910521e-02
5 141 2 3.140838e-02
6 141 2 3.105776e-02
7 141 2 3.021792e-02
8 141 2 2.930220e-02
9 141 2 2.905386e-02
10 141 2 2.912217e-02
11 141 2 2.941284e-02
12 141 2 2.855757e-02
1 150 2 3.017517e-05
2 150 2 3.303147e-05
3 150 2 3.535643e-05
4 150 2 3.615484e-05
5 150 2 3.382991e-05
6 150 2 2.983646e-05
7 150 2 2.721918e-05
8 150 2 2.656189e-05
9 150 2 2.570315e-05
10 150 2 2.511836e-05
11 150 2 2.560672e-05
12 150 2 2.724482e-05
1 151 2 1.955617e-02
2 151 2 2.080026e-02
3 151 2 2.205445e-02
4 151 2 2.257448e-02
5 151 2 2.184238e-02
6 151 2 2.056044e-02
7 151 2 2.010615e-02
8 151 2 2.088241e-02
9 151 2 1.988191e-02
10 151 2 1.865711e-02
11 151 2 1.811004e-02
12 151 2 1.856184e-02
1 152 2 1.549586e-02
2 152 2 1.569616e-02
3 152 2 1.584147e-02
4 152 2 1.505349e-02
5 152 2 1.447043e-02
6 152 2 1.421200e-02
7 152 2 1.624811e-02
8 152 2 2.166490e-02
9 152 2 2.299966e-02
10 152 2 1.960283e-02
11 152 2 1.681024e-02
12 152 2 1.554602e-02
1 153 2 1.795902e-02
2 153 2 1.839465e-02
3 153 2 1.940762e-02
4 153 2 1.903631e-02
5 153 2 1.838340e-02
6 153 2 1.804881e-02
7 153 2 2.106870e-02
8 153 2 2.753299e-02
9 153 2 3.348780e-02
10 153 2 2.993121e-02
11 153 2 2.264143e-02
12 153 2 1.889121e-02
1 154 2 4.888651e-02
2 154 2 4.862126e-02
3 154 2 5.059667e-02
4 154 2 4.848100e-02
5 154 2 4.533415e-02
6 154 2 4.077859e-02
7 154 2 3.850571e-02
8 154 2 4.011262e-02
9 154 2 4.522645e-02
10 154 2 5.082645e-02
11 154 2 5.356541e-02
12 154 2 5.179519e-02
1 157 2 1.947455e-03
2 157 2 2.022237e-03
3 157 2 2.165094e-03
4 157 2 2.134594e-03
5 157 2 2.080616e-03
6 157 2 1.956136e-03
7 157 2 1.866433e-03
8 157 2 1.847620e-03
9 157 2 1.834266e-03
10 157 2 1.866248e-03
11 157 2 1.879628e-03
12 157 2 1.904157e-03
1 163 2 9.063762e-03
2 163 2 9.185204e-03
3 163 2 9.457772e-03
4 163 2 1.002530e-02
5 163 2 1.003508e-02
6 163 2 9.277830e-03
7 163 2 8.577324e-03
8 163 2 8.054275e-03
9 163 2 8.169610e-03
10 163 2 8.643132e-03
11 163 2 8.981006e-03
12 163 2 9.051375e-03
1 164 2 3.430693e-02
2 164 2 3.401359e-02
3 164 2 3.496042e-02
4 164 2 3.659136e-02
5 164 2 3.616094e-02
6 164 2 3.344608e-02
7 164 2 3.095730e-02
8 164 2 3.023958e-02
9 164 2 3.238042e-02
10 164 2 3.547419e-02
11 164 2 3.619060e-02
12 164 2 3.558795e-02
1 165 2 1.516685e-02
2 165 2 1.486458e-02
3 165 2 1.505145e-02
4 165 2 1.538437e-02
5 165 2 1.521551e-02
6 165 2 1.400043e-02
7 165 2 1.320049e-02
8 165 2 1.336129e-02
9 165 2 1.424169e-02
10 165 2 1.522745e-02
11 165 2 1.601864e-02
12 165 2 1.603752e-02
1 166 2 6.628756e-03
2 166 2 6.562581e-03
3 166 2 6.454157e-03
4 166 2 6.423877e-03
5 166 2 6.213536e-03
6 166 2 5.746487e-03
7 166 2 5.426422e-03
8 166 2 5.466907e-03
9 166 2 5.671511e-03
10 166 2 5.966013e-03
11 166 2 6.432238e-03
12 166 2 6.756328e-03
1 170 2 2.999861e-04
2 170 2 3.299253e-04
3 170 2 3.241498e-04
4 170 2 2.946349e-04
5 170 2 2.455189e-04
6 170 2 2.064385e-04
7 170 2 1.952585e-04
8 170 2 1.864090e-04
9 170 2 1.895442e-04
10 170 2 2.110561e-04
11 170 2 2.328612e-04
12 170 2 2.681540e-04
1 171 2 1.077788e-03
2 171 2 1.183102e-03
3 171 2 1.197425e-03
4 171 2 1.065329e-03
5 171 2 8.862343e-04
6 171 2 7.594610e-04
7 171 2 6.895089e-04
8 171 2 6.533313e-04
9 171 2 6.628505e-04
10 171 2 7.209962e-04
11 171 2 8.229025e-04
12 171 2 9.721799e-04
1 175 2 3.105010e-05
2 175 2 3.282720e-05
3 175 2 3.292136e-05
4 175 2 3.083477e-05
5 175 2 2.679056e-05
6 175 2 2.441299e-05
7 175 2 2.390644e-05
8 175 2 2.370460e-05
9 175 2 2.204786e-05
10 175 2 2.228727e-05
11 175 2 2.330113e-05
12 175 2 2.718090e-05
1 176 2 2.210958e-02
2 176 2 2.227535e-02
3 176 2 2.180750e-02
4 176 2 1.926076e-02
5 176 2 1.558109e-02
6 176 2 1.411939e-02
7 176 2 1.409364e-02
8 176 2 1.607897e-02
9 176 2 1.751167e-02
10 176 2 1.868921e-02
11 176 2 1.994934e-02
12 176 2 2.119110e-02
1 177 2 9.830206e-02
2 177 2 9.552276e-02
3 177 2 9.019129e-02
4 177 2 7.886627e-02
5 177 2 6.449112e-02
6 177 2 5.506997e-02
7 177 2 5.729946e-02
8 177 2 6.865529e-02
9 177 2 8.628897e-02
10 177 2 8.973721e-02
11 177 2 9.155739e-02
12 177 2 9.174446e-02
1 178 2 3.584608e-02
2 178 2 3.542714e-02
3 178 2 3.395950e-02
4 178 2 2.846352e-02
5 178 2 2.478332e-02
6 178 2 2.094742e-02
7 178 2 1.995109e-02
8 178 2 2.009793e-02
9 178 2 2.292118e-02
10 178 2 2.466254e-02
11 178 2 2.785493e-02
12 178 2 3.092483e-02
1 181 2 4.374315e-04
2 181 2 4.620243e-04
3 181 2 4.683868e-04
4 181 2 4.478405e-04
5 181 2 3.693288e-04
6 181 2 3.193574e-04
7 181 2 2.823777e-04
8 181 2 2.889905e-04
9 181 2 3.130919e-04
10 181 2 3.390201e-04
11 181 2 3.839447e-04
12 181 2 4.087900e-04
1 182 2 5.224251e-02
2 182 2 4.828818e-02
3 182 2 4.553359e-02
4 182 2 3.803591e-02
5 182 2 2.978551e-02
6 182 2 2.227777e-02
7 182 2 2.208837e-02
8 182 2 3.069452e-02
9 182 2 4.259195e-02
10 182 2 5.223751e-02
11 182 2 5.773319e-02
12 182 2 5.541534e-02
1 183 2 1.109784e-02
2 183 2 1.066134e-02
3 183 2 1.017825e-02
4 183 2 9.228889e-03
5 183 2 7.765028e-03
6 183 2 6.302241e-03
7 183 2 5.863574e-03
8 183 2 6.962770e-03
9 183 2 8.095803e-03
10 183 2 9.577327e-03
11 183 2 1.042680e-02
12 183 2 1.072464e-02
1 184 2 3.464538e-03
2 184 2 3.510470e-03
3 184 2 3.399835e-03
4 184 2 3.059632e-03
5 184 2 2.543616e-03
6 184 2 2.055721e-03
7 184 2 1.853744e-03
8 184 2 1.936054e-03
9 184 2 2.050926e-03
10 184 2 2.355230e-03
11 184 2 2.755777e-03
12 184 2 3.140976e-03
1 188 2 1.778426e-03
2 188 2 1.762920e-03
3 188 2 1.634069e-03
4 188 2 1.334329e-03
5 188 2 9.430503e-04
6 188 2 7.173174e-04
7 188 2 6.172457e-04
8 188 2 6.278790e-04
9 188 2 8.504587e-04
10 188 2 1.117623e-03
11 188 2 1.330978e-03
12 188 2 1.660087e-03
1 189 2 1.550879e-03
2 189 2 1.433325e-03
3 189 2 1.300153e-03
4 189 2 9.610064e-04
5 189 2 6.362723e-04
6 189 2 4.499479e-04
7 189 2 4.278042e-04
8 189 2 5.254853e-04
9 189 2 8.453349e-04
10 189 2 1.203633e-03
11 189 2 1.464019e-03
12 189 2 1.529893e-03
1 190 2 6.350572e-03
2 190 2 6.017283e-03
3 190 2 5.223015e-03
4 190 2 3.699353e-03
5 190 2 2.581038e-03
6 190 2 1.872395e-03
7 190 2 1.759326e-03
8 190 2 2.120862e-03
9 190 2 2.978988e-03
10 190 2 4.061080e-03
11 190 2 5.321311e-03
12 190 2 5.970414e-03
1 191 2 4.345928e-03
2 191 2 4.503530e-03
3 191 2 4.377453e-03
4 191 2 3.616267e-03
5 191 2 2.973724e-03
6 191 2 2.442863e-03
7 191 2 2.147687e-03
8 191 2 2.181163e-03
9 191 2 2.379693e-03
10 191 2 2.670961e-03
11 191 2 3.285002e-03
12 191 2 3.864775e-03
1 192 2 2.072727e-03
2 192 2 2.240042e-03
3 192 2 2.182493e-03
4 192 2 1.889712e-03
5 192 2 1.597091e-03
6 192 2 1.359859e-03
7 192 2 1.195046e-03
8 192 2 1.110478e-03
9 192 2 1.143400e-03
10 192 2 1.255584e-03
11 192 2 1.498843e-03
12 192 2 1.799782e-03
1 200 2 9.552715e-02
2 200 2 9.827367e-02
3 200 2 8.036630e-02
4 200 2 5.312786e-02
5 200 2 3.477485e-02
6 200 2 2.832090e-02
7 200 2 2.690632e-02
8 200 2 2.901618e-02
9 200 2 3.214056e-02
10 200 2 4.109327e-02
11 200 2 5.710516e-02
12 200 2 7.867929e-02
1 201 2 6.588288e-02
2 201 2 6.797748e-02
3 201 2 6.222934e-02
4 201 2 4.789970e-02
5 201 2 3.609700e-02
6 201 2 2.986405e-02
7 201 2 2.822320e-02
8 201 2 2.919433e-02
9 201 2 2.889365e-02
10 201 2 3.437970e-02
11 201 2 4.382488e-02
12 201 2 5.458253e-02
1 206 2 3.470905e-02
2 206 2 3.749030e-02
3 206 2 3.391869e-02
4 206 2 2.894436e-02
5 206 2 2.393684e-02
6 206 2 2.087090e-02
7 206 2 1.790087e-02
8 206 2 1.757639e-02
9 206 2 1.902625e-02
10 206 2 2.153665e-02
11 206 2 2.524592e-02
12 206 2 2.974231e-02
1 207 2 1.318198e-03
2 207 2 1.439307e-03
3 207 2 1.365008e-03
4 207 2 1.237722e-03
5 207 2 1.097677e-03
6 207 2 9.414727e-04
7 207 2 8.298238e-04
8 207 2 8.171649e-04
9 207 2 8.244672e-04
10 207 2 9.081209e-04
11 207 2 9.786852e-04
12 207 2 1.119555e-03
1 212 2 2.505742e-03
2 212 2 2.674725e-03
3 212 2 2.374080e-03
4 212 2 1.995867e-03
5 212 2 1.555620e-03
6 212 2 1.255515e-03
7 212 2 1.042148e-03
8 212 2 1.007227e-03
9 212 2 1.143934e-03
10 212 2 1.349789e-03
11 212 2 1.601085e-03
12 212 2 2.116940e-03
1 213 2 5.448186e-04
2 213 2 5.954458e-04
3 213 2 5.046169e-04
4 213 2 4.270140e-04
5 213 2 3.294982e-04
6 213 2 2.539968e-04
7 213 2 2.155689e-04
8 213 2 2.104474e-04
9 213 2 2.534929e-04
10 213 2 3.124007e-04
11 213 2 3.836241e-04
12 213 2 4.694476e-04
1 214 2 1.939446e-02
2 214 2 2.056056e-02
3 214 2 1.651913e-02
4 214 2 1.226934e-02
5 214 2 9.069291e-03
6 214 2 6.683653e-03
7 214 2 5.788145e-03
8 214 2 5.967140e-03
9 214 2 7.532240e-03
10 214 2 1.009816e-02
11 214 2 1.382346e-02
12 214 2 1.676545e-02
1 215 2 7.177358e-03
2 215 2 7.382870e-03
3 215 2 6.883396e-03
4 215 2 5.485775e-03
5 215 2 4.455850e-03
6 215 2 3.580182e-03
7 215 2 3.093773e-03
8 215 2 3.101380e-03
9 215 2 3.487710e-03
10 215 2 4.149255e-03
11 215 2 5.224483e-03
12 215 2 6.311463e-03
1 216 2 3.798253e-03
2 216 2 3.965655e-03
3 216 2 3.718807e-03
4 216 2 3.023175e-03
5 216 2 2.420784e-03
6 216 2 2.082523e-03
7 216 2 1.829995e-03
8 216 2 1.749815e-03
9 216 2 1.815743e-03
10 216 2 2.063762e-03
11 216 2 2.482356e-03
12 216 2 3.190276e-03
1 224 2 2.791504e-03
2 224 2 3.051775e-03
3 224 2 2.663046e-03
4 224 2 2.293282e-03
5 224 2 1.851868e-03
6 224 2 1.573729e-03
7 224 2 1.429718e-03
8 224 2 1.493324e-03
9 224 2 1.535713e-03
10 224 2 1.811300e-03
11 224 2 2.163050e-03
12 224 2 2.580689e-03
1 240 2 2.349126e-04
2 240 2 2.396093e-04
3 240 2 2.191169e-04
4 240 2 1.935146e-04
5 240 2 1.681891e-04
6 240 2 1.450689e-04
7 240 2 1.421261e-04
8 240 2 1.465238e-04
9 240 2 1.426321e-04
10 240 2 1.535999e-04
11 240 2 1.687685e-04
12 240 2 2.091592e-04
