1 7 2 1.544799e-07
2 7 2 1.319704e-07
3 7 2 1.443288e-07
4 7 2 3.730308e-07
5 7 2 1.283493e-06
6 7 2 3.456929e-06
7 7 2 4.677327e-06
8 7 2 3.189046e-06
9 7 2 1.379155e-06
10 7 2 6.046178e-07
11 7 2 3.203348e-07
12 7 2 1.889766e-07
1 25 2 9.720371e-05
2 25 2 9.229453e-05
3 25 2 1.300277e-04
4 25 2 2.372718e-04
5 25 2 6.637721e-04
6 25 2 1.203666e-03
7 25 2 1.459196e-03
8 25 2 1.118945e-03
9 25 2 6.322634e-04
10 25 2 2.958763e-04
11 25 2 1.410773e-04
12 25 2 8.169740e-05
1 26 2 9.872705e-05
2 26 2 8.125329e-05
3 26 2 1.343590e-04
4 26 2 2.999002e-04
5 26 2 8.447728e-04
6 26 2 1.613492e-03
7 26 2 1.750634e-03
8 26 2 1.309830e-03
9 26 2 7.164082e-04
10 26 2 2.883823e-04
11 26 2 1.506680e-04
12 26 2 9.315037e-05
1 27 2 4.316288e-04
2 27 2 3.810895e-04
3 27 2 6.680478e-04
4 27 2 1.701436e-03
5 27 2 4.791370e-03
6 27 2 9.904345e-03
7 27 2 1.117042e-02
8 27 2 8.407685e-03
9 27 2 4.344794e-03
10 27 2 1.631575e-03
11 27 2 8.646765e-04
12 27 2 5.348619e-04
1 28 2 1.601398e-05
2 28 2 1.457315e-05
3 28 2 2.450951e-05
4 28 2 6.662269e-05
5 28 2 1.902485e-04
6 28 2 4.073190e-04
7 28 2 4.856189e-04
8 28 2 3.659193e-04
9 28 2 1.882367e-04
10 28 2 7.330905e-05
11 28 2 3.659694e-05
12 28 2 2.281616e-05
1 29 2 2.148890e-05
2 29 2 2.032856e-05
3 29 2 3.238441e-05
4 29 2 9.737454e-05
5 29 2 2.911927e-04
6 29 2 7.166516e-04
7 29 2 9.762446e-04
8 29 2 7.263328e-04
9 29 2 3.335682e-04
10 29 2 1.236328e-04
11 29 2 5.844171e-05
12 29 2 3.648188e-05
1 30 2 4.872482e-06
2 30 2 4.261289e-06
3 30 2 6.772680e-06
4 30 2 2.072926e-05
5 30 2 5.742327e-05
6 30 2 1.561689e-04
7 30 2 2.263595e-04
8 30 2 1.733476e-04
9 30 2 7.843379e-05
10 30 2 3.070041e-05
11 30 2 1.416125e-05
12 30 2 8.481151e-06
1 31 2 8.706403e-06
2 31 2 6.709016e-06
3 31 2 1.019181e-05
4 31 2 2.836719e-05
5 31 2 7.325785e-05
6 31 2 1.928842e-04
7 31 2 2.720096e-04
8 31 2 2.195594e-04
9 31 2 1.098382e-04
10 31 2 5.030048e-05
11 31 2 2.415037e-05
12 31 2 1.345771e-05
1 32 2 1.028984e-05
2 32 2 8.518008e-06
3 32 2 1.190671e-05
4 32 2 2.645717e-05
5 32 2 7.066355e-05
6 32 2 1.673881e-04
7 32 2 2.159505e-04
8 32 2 1.783848e-04
9 32 2 9.961211e-05
10 32 2 5.135104e-05
11 32 2 2.653612e-05
12 32 2 1.376190e-05
1 35 2 5.626225e-04
2 35 2 5.360946e-04
3 35 2 5.823573e-04
4 35 2 7.760437e-04
5 35 2 1.216552e-03
6 35 2 1.857940e-03
7 35 2 2.235673e-03
8 35 2 2.052940e-03
9 35 2 1.395257e-03
10 35 2 1.008769e-03
11 35 2 7.640887e-04
12 35 2 6.207528e-04
1 36 2 6.743154e-05
2 36 2 6.330510e-05
3 36 2 7.016076e-05
4 36 2 8.426922e-05
5 36 2 1.152521e-04
6 36 2 1.662608e-04
7 36 2 1.958082e-04
8 36 2 1.994751e-04
9 36 2 1.522653e-04
10 36 2 1.192937e-04
11 36 2 9.130573e-05
12 36 2 7.565454e-05
1 37 2 1.879244e-03
2 37 2 1.818847e-03
3 37 2 2.291832e-03
4 37 2 2.946988e-03
5 37 2 4.455284e-03
6 37 2 6.757403e-03
7 37 2 7.859207e-03
8 37 2 7.725786e-03
9 37 2 5.685460e-03
10 37 2 4.263101e-03
11 37 2 3.004681e-03
12 37 2 2.301842e-03
1 38 2 8.933569e-03
2 38 2 8.925560e-03
3 38 2 1.359691e-02
4 38 2 2.015966e-02
5 38 2 3.680632e-02
6 38 2 6.531001e-02
7 38 2 7.742246e-02
8 38 2 6.714779e-02
9 38 2 4.337234e-02
10 38 2 2.964495e-02
11 38 2 1.693971e-02
12 38 2 1.222435e-02
1 39 2 1.036597e-02
2 39 2 1.079925e-02
3 39 2 1.749256e-02
4 39 2 2.700996e-02
5 39 2 5.240828e-02
6 39 2 1.013184e-01
7 39 2 1.258091e-01
8 39 2 1.018573e-01
9 39 2 6.420190e-02
10 39 2 4.054273e-02
11 39 2 2.052185e-02
12 39 2 1.497947e-02
1 40 2 2.567635e-03
2 40 2 2.817141e-03
3 40 2 5.024330e-03
4 40 2 8.448811e-03
5 40 2 1.846952e-02
6 40 2 4.193395e-02
7 40 2 5.246585e-02
8 40 2 3.848763e-02
9 40 2 2.370799e-02
10 40 2 1.277409e-02
11 40 2 5.472050e-03
12 40 2 4.076506e-03
1 41 2 1.367424e-03
2 41 2 1.461845e-03
3 41 2 2.929488e-03
4 41 2 5.217626e-03
5 41 2 1.308657e-02
6 41 2 3.320852e-02
7 41 2 4.293664e-02
8 41 2 3.011556e-02
9 41 2 1.682997e-02
10 41 2 7.294266e-03
11 41 2 2.802261e-03
12 41 2 2.335649e-03
1 42 2 7.404914e-04
2 42 2 7.745688e-04
3 42 2 1.670347e-03
4 42 2 3.295080e-03
5 42 2 9.367359e-03
6 42 2 2.598225e-02
7 42 2 3.637210e-02
8 42 2 2.428986e-02
9 42 2 1.150252e-02
10 42 2 4.116629e-03
11 42 2 1.534758e-03
12 42 2 1.259046e-03
1 43 2 2.077789e-05
2 43 2 2.154399e-05
3 43 2 5.083264e-05
4 43 2 1.240331e-04
5 43 2 4.151617e-04
6 43 2 1.224377e-03
7 43 2 1.789869e-03
8 43 2 1.123555e-03
9 43 2 4.594428e-04
10 43 2 1.410606e-04
11 43 2 4.810470e-05
12 43 2 3.370733e-05
1 44 2 8.579112e-05
2 44 2 8.620075e-05
3 44 2 1.874999e-04
4 44 2 5.069013e-04
5 44 2 1.893768e-03
6 44 2 5.967890e-03
7 44 2 8.722400e-03
8 44 2 5.259553e-03
9 44 2 1.895990e-03
10 44 2 5.617433e-04
11 44 2 1.843658e-04
12 44 2 1.246520e-04
1 45 2 1.970819e-04
2 45 2 2.208712e-04
3 45 2 4.024655e-04
4 45 2 1.186903e-03
5 45 2 4.970518e-03
6 45 2 1.649270e-02
7 45 2 2.307307e-02
8 45 2 1.404916e-02
9 45 2 4.831191e-03
10 45 2 1.233504e-03
11 45 2 3.575397e-04
12 45 2 2.336703e-04
1 46 2 8.939686e-05
2 46 2 1.124634e-04
3 46 2 1.767840e-04
4 46 2 4.909113e-04
5 46 2 1.927788e-03
6 46 2 5.979784e-03
7 46 2 8.365296e-03
8 46 2 5.241791e-03
9 46 2 1.968966e-03
10 46 2 4.772540e-04
11 46 2 1.312160e-04
12 46 2 9.357532e-05
1 47 2 1.174959e-04
2 47 2 1.495297e-04
3 47 2 2.107107e-04
4 47 2 4.721031e-04
5 47 2 1.609163e-03
6 47 2 4.433242e-03
7 47 2 6.012423e-03
8 47 2 4.076853e-03
9 47 2 1.727079e-03
10 47 2 5.326975e-04
11 47 2 1.571597e-04
12 47 2 1.194623e-04
1 48 2 1.590426e-04
2 48 2 1.826983e-04
3 48 2 2.512912e-04
4 48 2 4.907187e-04
5 48 2 1.522794e-03
6 48 2 3.502688e-03
7 48 2 4.654747e-03
8 48 2 3.274881e-03
9 48 2 1.558976e-03
10 48 2 5.812412e-04
11 48 2 2.092396e-04
12 48 2 1.387549e-04
1 49 2 5.123203e-05
2 49 2 4.661662e-05
3 49 2 5.287693e-05
4 49 2 6.188775e-05
5 49 2 8.851268e-05
6 49 2 1.346669e-04
7 49 2 2.008335e-04
8 49 2 1.888557e-04
9 49 2 1.317247e-04
10 49 2 9.426169e-05
11 49 2 6.881867e-05
12 49 2 5.020309e-05
1 50 2 2.092264e-04
2 50 2 1.806040e-04
3 50 2 2.116959e-04
4 50 2 2.413113e-04
5 50 2 3.396289e-04
6 50 2 4.984007e-04
7 50 2 6.878662e-04
8 50 2 6.614955e-04
9 50 2 4.789829e-04
10 50 2 3.414391e-04
11 50 2 2.556289e-04
12 50 2 2.012799e-04
1 51 2 8.043078e-05
2 51 2 7.340569e-05
3 51 2 7.976339e-05
4 51 2 9.207333e-05
5 51 2 1.254983e-04
6 51 2 1.760014e-04
7 51 2 2.293555e-04
8 51 2 2.274510e-04
9 51 2 1.889784e-04
10 51 2 1.329226e-04
11 51 2 9.962061e-05
12 51 2 8.348511e-05
1 52 2 2.954568e-02
2 52 2 3.105504e-02
3 52 2 3.901219e-02
4 52 2 5.687446e-02
5 52 2 9.618219e-02
6 52 2 1.323682e-01
7 52 2 1.697868e-01
8 52 2 1.588088e-01
9 52 2 1.281964e-01
10 52 2 7.323412e-02
11 52 2 4.407977e-02
12 52 2 3.399222e-02
1 53 2 7.775187e-03
2 53 2 9.755019e-03
3 53 2 1.652706e-02
4 53 2 3.607363e-02
5 53 2 6.869522e-02
6 53 2 1.025795e-01
7 53 2 1.423924e-01
8 53 2 1.213350e-01
9 53 2 8.212044e-02
10 53 2 3.621857e-02
11 53 2 1.615446e-02
12 53 2 1.023451e-02
1 54 2 4.127220e-03
2 54 2 5.354060e-03
3 54 2 1.001231e-02
4 54 2 2.487960e-02
5 54 2 4.900507e-02
6 54 2 9.465544e-02
7 54 2 1.344625e-01
8 54 2 1.127503e-01
9 54 2 6.838128e-02
10 54 2 2.908238e-02
11 54 2 1.246604e-02
12 54 2 6.876508e-03
1 55 2 2.713113e-03
2 55 2 3.025844e-03
3 55 2 5.644629e-03
4 55 2 1.321718e-02
5 55 2 2.622825e-02
6 55 2 5.601301e-02
7 55 2 7.786233e-02
8 55 2 6.714950e-02
9 55 2 4.258186e-02
10 55 2 2.041732e-02
11 55 2 9.552483e-03
12 55 2 5.469779e-03
1 56 2 9.490162e-03
2 56 2 9.848717e-03
3 56 2 1.705824e-02
4 56 2 3.803744e-02
5 56 2 8.314476e-02
6 56 2 1.638966e-01
7 56 2 2.266014e-01
8 56 2 1.880677e-01
9 56 2 1.229255e-01
10 56 2 6.333568e-02
11 56 2 2.855408e-02
12 56 2 1.637604e-02
1 57 2 1.916828e-03
2 57 2 1.828844e-03
3 57 2 2.249374e-03
4 57 2 3.414198e-03
5 57 2 5.712488e-03
6 57 2 9.294931e-03
7 57 2 1.323609e-02
8 57 2 1.192895e-02
9 57 2 8.875146e-03
10 57 2 5.700931e-03
11 57 2 3.486149e-03
12 57 2 2.505338e-03
1 60 2 1.956918e-01
2 60 2 1.895099e-01
3 60 2 2.173302e-01
4 60 2 2.577504e-01
5 60 2 3.177858e-01
6 60 2 4.182039e-01
7 60 2 4.868730e-01
8 60 2 4.870777e-01
9 60 2 4.133555e-01
10 60 2 3.374354e-01
11 60 2 2.698694e-01
12 60 2 2.236941e-01
1 61 2 5.609992e-01
2 61 2 5.643736e-01
3 61 2 7.937819e-01
4 61 2 1.195603e+00
5 61 2 1.744020e+00
6 61 2 2.457042e+00
7 61 2 2.907671e+00
8 61 2 2.797420e+00
9 61 2 2.173669e+00
10 61 2 1.478543e+00
11 61 2 9.645432e-01
12 61 2 6.765225e-01
1 62 2 1.391813e-01
2 62 2 1.524363e-01
3 62 2 2.399626e-01
4 62 2 4.344056e-01
5 62 2 7.450992e-01
6 62 2 1.056983e+00
7 62 2 1.292476e+00
8 62 2 1.206480e+00
9 62 2 8.407019e-01
10 62 2 5.013432e-01
11 62 2 2.722516e-01
12 62 2 1.771735e-01
1 63 2 1.586554e-01
2 63 2 1.926009e-01
3 63 2 3.222719e-01
4 63 2 6.778194e-01
5 63 2 1.300847e+00
6 63 2 1.933916e+00
7 63 2 2.473012e+00
8 63 2 2.152005e+00
9 63 2 1.314377e+00
10 63 2 7.177955e-01
11 63 2 3.315550e-01
12 63 2 2.170499e-01
1 64 2 3.791870e-02
2 64 2 4.857781e-02
3 64 2 9.250386e-02
4 64 2 2.191108e-01
5 64 2 4.692662e-01
6 64 2 7.516571e-01
7 64 2 9.527417e-01
8 64 2 7.448312e-01
9 64 2 4.264793e-01
10 64 2 1.885371e-01
11 64 2 8.615218e-02
12 64 2 5.895891e-02
1 65 2 1.282426e-02
2 65 2 1.590216e-02
3 65 2 3.483865e-02
4 65 2 9.824621e-02
5 65 2 2.059910e-01
6 65 2 3.500894e-01
7 65 2 4.537656e-01
8 65 2 3.386660e-01
9 65 2 1.920807e-01
10 65 2 6.816104e-02
11 65 2 3.000583e-02
12 65 2 2.174518e-02
1 66 2 8.494972e-03
2 66 2 1.050244e-02
3 66 2 2.496730e-02
4 66 2 8.190942e-02
5 66 2 1.703131e-01
6 66 2 2.928610e-01
7 66 2 4.039042e-01
8 66 2 3.053520e-01
9 66 2 1.727326e-01
10 66 2 5.722831e-02
11 66 2 2.193074e-02
12 66 2 1.360321e-02
1 67 2 2.902729e-03
2 67 2 3.870654e-03
3 67 2 9.843098e-03
4 67 2 3.636126e-02
5 67 2 8.250160e-02
6 67 2 1.407071e-01
7 67 2 1.967240e-01
8 67 2 1.513952e-01
9 67 2 8.280266e-02
10 67 2 3.045040e-02
11 67 2 9.628647e-03
12 67 2 4.333803e-03
1 68 2 7.211188e-04
2 68 2 9.682686e-04
3 68 2 2.875703e-03
4 68 2 1.321825e-02
5 68 2 3.602142e-02
6 68 2 6.902821e-02
7 68 2 9.897339e-02
8 68 2 7.360986e-02
9 68 2 3.532609e-02
10 68 2 1.297838e-02
11 68 2 2.959531e-03
12 68 2 1.029814e-03
1 69 2 4.403761e-04
2 69 2 6.243715e-04
3 69 2 1.493142e-03
4 69 2 6.547516e-03
5 69 2 2.099492e-02
6 69 2 4.968683e-02
7 69 2 7.279081e-02
8 69 2 5.603420e-02
9 69 2 2.407192e-02
10 69 2 7.827260e-03
11 69 2 1.516641e-03
12 69 2 5.703552e-04
1 70 2 1.821811e-03
2 70 2 2.129348e-03
3 70 2 3.051294e-03
4 70 2 7.960670e-03
5 70 2 1.996283e-02
6 70 2 4.847543e-02
7 70 2 7.846635e-02
8 70 2 7.151455e-02
9 70 2 3.692532e-02
10 70 2 1.316200e-02
11 70 2 4.003094e-03
12 70 2 2.253452e-03
1 71 2 1.491202e-03
2 71 2 1.513221e-03
3 71 2 1.712325e-03
4 71 2 2.747764e-03
5 71 2 5.321398e-03
6 71 2 1.110094e-02
7 71 2 1.703645e-02
8 71 2 1.693851e-02
9 71 2 1.086758e-02
10 71 2 5.176086e-03
11 71 2 2.472748e-03
12 71 2 1.717407e-03
1 72 2 6.258547e-06
2 72 2 5.977457e-06
3 72 2 6.475955e-06
4 72 2 8.256905e-06
5 72 2 1.284714e-05
6 72 2 2.235445e-05
7 72 2 3.462447e-05
8 72 2 3.330062e-05
9 72 2 2.329823e-05
10 72 2 1.412673e-05
11 72 2 8.704012e-06
12 72 2 6.215808e-06
1 76 2 7.321839e-02
2 76 2 6.698730e-02
3 76 2 6.766150e-02
4 76 2 7.359959e-02
5 76 2 1.000599e-01
6 76 2 1.426790e-01
7 76 2 1.913247e-01
8 76 2 2.041785e-01
9 76 2 1.945424e-01
10 76 2 1.299154e-01
11 76 2 8.386588e-02
12 76 2 7.334800e-02
1 77 2 7.109736e-02
2 77 2 9.231935e-02
3 77 2 1.209328e-01
4 77 2 1.954540e-01
5 77 2 3.281752e-01
6 77 2 5.066683e-01
7 77 2 6.884255e-01
8 77 2 6.534274e-01
9 77 2 4.840313e-01
10 77 2 2.445383e-01
11 77 2 1.073041e-01
12 77 2 6.763327e-02
1 78 2 8.152891e-02
2 78 2 1.113978e-01
3 78 2 1.551281e-01
4 78 2 2.782385e-01
5 78 2 4.350846e-01
6 78 2 6.907635e-01
7 78 2 8.526711e-01
8 78 2 7.984229e-01
9 78 2 5.176887e-01
10 78 2 2.745405e-01
11 78 2 1.482578e-01
12 78 2 8.559423e-02
1 79 2 2.621620e-01
2 79 2 3.216771e-01
3 79 2 4.723148e-01
4 79 2 7.834125e-01
5 79 2 1.190221e+00
6 79 2 1.944429e+00
7 79 2 2.382655e+00
8 79 2 2.257143e+00
9 79 2 1.558570e+00
10 79 2 9.408239e-01
11 79 2 5.360329e-01
12 79 2 3.283639e-01
1 80 2 1.280882e-01
2 80 2 1.283383e-01
3 80 2 1.612651e-01
4 80 2 2.180489e-01
5 80 2 3.252005e-01
6 80 2 4.947808e-01
7 80 2 6.371054e-01
8 80 2 6.307238e-01
9 80 2 5.234892e-01
10 80 2 3.670206e-01
11 80 2 2.141052e-01
12 80 2 1.582594e-01
1 81 2 2.907978e-08
2 81 2 2.635329e-08
3 81 2 2.775717e-08
4 81 2 3.291320e-08
5 81 2 4.739471e-08
6 81 2 6.386300e-08
7 81 2 8.521419e-08
8 81 2 9.143292e-08
9 81 2 8.314106e-08
10 81 2 6.379357e-08
11 81 2 4.216999e-08
12 81 2 3.452441e-08
1 84 2 1.759687e-01
2 84 2 1.860431e-01
3 84 2 2.300981e-01
4 84 2 2.907721e-01
5 84 2 3.898377e-01
6 84 2 6.387773e-01
7 84 2 8.555293e-01
8 84 2 8.198096e-01
9 84 2 6.151414e-01
10 84 2 3.882160e-01
11 84 2 2.607945e-01
12 84 2 1.992189e-01
1 85 2 1.835825e-01
2 85 2 2.067284e-01
3 85 2 2.687802e-01
4 85 2 3.905126e-01
5 85 2 6.251256e-01
6 85 2 9.549773e-01
7 85 2 1.321300e+00
8 85 2 1.256964e+00
9 85 2 9.050994e-01
10 85 2 4.992582e-01
11 85 2 2.815606e-01
12 85 2 2.043006e-01
1 86 2 5.486622e-02
2 86 2 6.212004e-02
3 86 2 7.938484e-02
4 86 2 1.153085e-01
5 86 2 1.853235e-01
6 86 2 2.689003e-01
7 86 2 3.693976e-01
8 86 2 3.706060e-01
9 86 2 2.743190e-01
10 86 2 1.590746e-01
11 86 2 8.762610e-02
12 86 2 6.262578e-02
1 87 2 5.111914e-02
2 87 2 6.915832e-02
3 87 2 9.874540e-02
4 87 2 1.560940e-01
5 87 2 2.738461e-01
6 87 2 4.116254e-01
7 87 2 5.580367e-01
8 87 2 5.686207e-01
9 87 2 4.122527e-01
10 87 2 2.321092e-01
11 87 2 1.019827e-01
12 87 2 6.198995e-02
1 88 2 2.466611e-02
2 88 2 3.502786e-02
3 88 2 5.492886e-02
4 88 2 1.042216e-01
5 88 2 2.138935e-01
6 88 2 3.361818e-01
7 88 2 4.305276e-01
8 88 2 3.776064e-01
9 88 2 2.440093e-01
10 88 2 1.153143e-01
11 88 2 5.911804e-02
12 88 2 3.283791e-02
1 89 2 2.651241e-02
2 89 2 3.688859e-02
3 89 2 7.001339e-02
4 89 2 1.316832e-01
5 89 2 2.627891e-01
6 89 2 3.925763e-01
7 89 2 4.579656e-01
8 89 2 4.010687e-01
9 89 2 2.617396e-01
10 89 2 1.245541e-01
11 89 2 6.853591e-02
12 89 2 3.793491e-02
1 90 2 5.556425e-03
2 90 2 7.323184e-03
3 90 2 1.453207e-02
4 90 2 2.608198e-02
5 90 2 4.004736e-02
6 90 2 5.300940e-02
7 90 2 5.953282e-02
8 90 2 5.508435e-02
9 90 2 4.014311e-02
10 90 2 2.394366e-02
11 90 2 1.320142e-02
12 90 2 7.515276e-03
1 91 2 2.096443e-04
2 91 2 2.966374e-04
3 91 2 6.197411e-04
4 91 2 1.171116e-03
5 91 2 1.728385e-03
6 91 2 2.196938e-03
7 91 2 2.466841e-03
8 91 2 2.262330e-03
9 91 2 1.626662e-03
10 91 2 1.006908e-03
11 91 2 5.218595e-04
12 91 2 2.679000e-04
1 92 2 1.183354e-03
2 92 2 1.690349e-03
3 92 2 4.237279e-03
4 92 2 1.010917e-02
5 92 2 1.906442e-02
6 92 2 2.921340e-02
7 92 2 3.506675e-02
8 92 2 3.191636e-02
9 92 2 1.996719e-02
10 92 2 1.061192e-02
11 92 2 4.162002e-03
12 92 2 1.786645e-03
1 93 2 2.576010e-02
2 93 2 3.108186e-02
3 93 2 6.390595e-02
4 93 2 1.489399e-01
5 93 2 2.657005e-01
6 93 2 4.216480e-01
7 93 2 5.656187e-01
8 93 2 5.560514e-01
9 93 2 3.740029e-01
10 93 2 2.153802e-01
11 93 2 9.223754e-02
12 93 2 3.841879e-02
1 94 2 5.937588e-02
2 94 2 5.907655e-02
3 94 2 7.888147e-02
4 94 2 1.397925e-01
5 94 2 2.386173e-01
6 94 2 3.757322e-01
7 94 2 5.190725e-01
8 94 2 5.656741e-01
9 94 2 4.659543e-01
10 94 2 2.812492e-01
11 94 2 1.509534e-01
12 94 2 8.247731e-02
1 98 2 9.264295e-03
2 98 2 8.623829e-03
3 98 2 8.120672e-03
4 98 2 8.646176e-03
5 98 2 9.812816e-03
6 98 2 1.122876e-02
7 98 2 1.263005e-02
8 98 2 1.331146e-02
9 98 2 1.313543e-02
10 98 2 1.241649e-02
11 98 2 1.116855e-02
12 98 2 1.016350e-02
1 101 2 1.099760e-02
2 101 2 1.130041e-02
3 101 2 1.157999e-02
4 101 2 1.427988e-02
5 101 2 1.836421e-02
6 101 2 2.144213e-02
7 101 2 2.288825e-02
8 101 2 2.293483e-02
9 101 2 2.204878e-02
10 101 2 1.890457e-02
11 101 2 1.453710e-02
12 101 2 1.165979e-02
1 102 2 1.011727e-01
2 102 2 1.143618e-01
3 102 2 1.405528e-01
4 102 2 1.758033e-01
5 102 2 2.034460e-01
6 102 2 2.220978e-01
7 102 2 2.283520e-01
8 102 2 2.312374e-01
9 102 2 2.084095e-01
10 102 2 1.605589e-01
11 102 2 1.288686e-01
12 102 2 1.056238e-01
1 103 2 9.143315e-02
2 103 2 9.330829e-02
3 103 2 1.016943e-01
4 103 2 1.149108e-01
5 103 2 1.338227e-01
6 103 2 1.531430e-01
7 103 2 1.656812e-01
8 103 2 1.738788e-01
9 103 2 1.705391e-01
10 103 2 1.490364e-01
11 103 2 1.226058e-01
12 103 2 1.019427e-01
1 104 2 1.844857e-02
2 104 2 1.770279e-02
3 104 2 1.789514e-02
4 104 2 1.961944e-02
5 104 2 2.294123e-02
6 104 2 2.632617e-02
7 104 2 2.954653e-02
8 104 2 3.191746e-02
9 104 2 3.217437e-02
10 104 2 3.005723e-02
11 104 2 2.472478e-02
12 104 2 2.047209e-02
1 107 2 9.152247e-03
2 107 2 9.655455e-03
3 107 2 1.127309e-02
4 107 2 1.291772e-02
5 107 2 1.448641e-02
6 107 2 1.854608e-02
7 107 2 2.027166e-02
8 107 2 2.018963e-02
9 107 2 1.890052e-02
10 107 2 1.616660e-02
11 107 2 1.285185e-02
12 107 2 1.005063e-02
1 108 2 8.950604e-04
2 108 2 1.143888e-03
3 108 2 1.661620e-03
4 108 2 2.573487e-03
5 108 2 3.994738e-03
6 108 2 5.482904e-03
7 108 2 5.869283e-03
8 108 2 5.187210e-03
9 108 2 4.197272e-03
10 108 2 2.895827e-03
11 108 2 1.508432e-03
12 108 2 9.602641e-04
1 109 2 1.697164e-03
2 109 2 2.241707e-03
3 109 2 3.506175e-03
4 109 2 6.084667e-03
5 109 2 1.036695e-02
6 109 2 1.306807e-02
7 109 2 1.327834e-02
8 109 2 1.220652e-02
9 109 2 9.802189e-03
10 109 2 6.877844e-03
11 109 2 3.059094e-03
12 109 2 1.787009e-03
1 110 2 7.483593e-04
2 110 2 9.532665e-04
3 110 2 1.530995e-03
4 110 2 2.369920e-03
5 110 2 3.675650e-03
6 110 2 4.256580e-03
7 110 2 4.576234e-03
8 110 2 4.525860e-03
9 110 2 3.810669e-03
10 110 2 2.778219e-03
11 110 2 1.343838e-03
12 110 2 7.909974e-04
1 111 2 2.566702e-02
2 111 2 3.210195e-02
3 111 2 5.197236e-02
4 111 2 7.876845e-02
5 111 2 1.190470e-01
6 111 2 1.526752e-01
7 111 2 1.613892e-01
8 111 2 1.598498e-01
9 111 2 1.361260e-01
10 111 2 8.861146e-02
11 111 2 4.773435e-02
12 111 2 2.915702e-02
1 112 2 2.957365e-02
2 112 2 3.813161e-02
3 112 2 6.689370e-02
4 112 2 1.112403e-01
5 112 2 1.691597e-01
6 112 2 2.061410e-01
7 112 2 2.099491e-01
8 112 2 1.956943e-01
9 112 2 1.493910e-01
10 112 2 9.917674e-02
11 112 2 5.691709e-02
12 112 2 3.498636e-02
1 113 2 1.695756e-02
2 113 2 2.148365e-02
3 113 2 3.609266e-02
4 113 2 5.397329e-02
5 113 2 6.641929e-02
6 113 2 5.799387e-02
7 113 2 4.976217e-02
8 113 2 4.752693e-02
9 113 2 4.700637e-02
10 113 2 4.292130e-02
11 113 2 3.002076e-02
12 113 2 2.027632e-02
1 114 2 4.622908e-02
2 114 2 6.268898e-02
3 114 2 1.116911e-01
4 114 2 1.628104e-01
5 114 2 1.878353e-01
6 114 2 1.375060e-01
7 114 2 1.135707e-01
8 114 2 1.041013e-01
9 114 2 1.004614e-01
10 114 2 8.991484e-02
11 114 2 6.854403e-02
12 114 2 5.077309e-02
1 115 2 1.622137e-02
2 115 2 2.360064e-02
3 115 2 3.741085e-02
4 115 2 4.637403e-02
5 115 2 4.141420e-02
6 115 2 3.845172e-02
7 115 2 3.708597e-02
8 115 2 3.558137e-02
9 115 2 3.272424e-02
10 115 2 2.924412e-02
11 115 2 2.221508e-02
12 115 2 1.593765e-02
1 116 2 1.356843e-02
2 116 2 1.736925e-02
3 116 2 2.656173e-02
4 116 2 3.759715e-02
5 116 2 4.372786e-02
6 116 2 4.979494e-02
7 116 2 5.220418e-02
8 116 2 4.997098e-02
9 116 2 4.048206e-02
10 116 2 3.236450e-02
11 116 2 2.351218e-02
12 116 2 1.548881e-02
1 117 2 3.440756e-03
2 117 2 3.593010e-03
3 117 2 4.537641e-03
4 117 2 6.211446e-03
5 117 2 7.909773e-03
6 117 2 9.371332e-03
7 117 2 9.976759e-03
8 117 2 9.963676e-03
9 117 2 9.091251e-03
10 117 2 7.782660e-03
11 117 2 6.282647e-03
12 117 2 4.538503e-03
1 126 2 2.027954e-04
2 126 2 2.107851e-04
3 126 2 2.284622e-04
4 126 2 2.412422e-04
5 126 2 2.383495e-04
6 126 2 2.215191e-04
7 126 2 2.135316e-04
8 126 2 2.156178e-04
9 126 2 2.144763e-04
10 126 2 2.107573e-04
11 126 2 2.059360e-04
12 126 2 2.028180e-04
1 127 2 2.042389e-02
2 127 2 2.077151e-02
3 127 2 2.192389e-02
4 127 2 2.276165e-02
5 127 2 2.307175e-02
6 127 2 2.234791e-02
7 127 2 2.235408e-02
8 127 2 2.286707e-02
9 127 2 2.262330e-02
10 127 2 2.171661e-02
11 127 2 2.104609e-02
12 127 2 2.078557e-02
1 128 2 9.256393e-02
2 128 2 9.506230e-02
3 128 2 9.758751e-02
4 128 2 9.526200e-02
5 128 2 9.266643e-02
6 128 2 8.988282e-02
7 128 2 9.579850e-02
8 128 2 1.089233e-01
9 128 2 1.145318e-01
10 128 2 1.081807e-01
11 128 2 9.837457e-02
12 128 2 9.268842e-02
1 129 2 2.639552e-03
2 129 2 2.603311e-03
3 129 2 2.668969e-03
4 129 2 2.746369e-03
5 129 2 2.788745e-03
6 129 2 2.864187e-03
7 129 2 2.992793e-03
8 129 2 3.262139e-03
9 129 2 3.408248e-03
10 129 2 3.423263e-03
11 129 2 3.125557e-03
12 129 2 2.776676e-03
1 133 2 5.665266e-02
2 133 2 6.586710e-02
3 133 2 7.906991e-02
4 133 2 8.118388e-02
5 133 2 7.744111e-02
6 133 2 7.117884e-02
7 133 2 6.352779e-02
8 133 2 5.948655e-02
9 133 2 6.203122e-02
10 133 2 6.606564e-02
11 133 2 6.302768e-02
12 133 2 5.514926e-02
1 135 2 2.453949e-03
2 135 2 2.764741e-03
3 135 2 3.287910e-03
4 135 2 3.540926e-03
5 135 2 3.402490e-03
6 135 2 3.035369e-03
7 135 2 2.622258e-03
8 135 2 2.648501e-03
9 135 2 2.814335e-03
10 135 2 2.646719e-03
11 135 2 2.536857e-03
12 135 2 2.383030e-03
1 136 2 2.743583e-03
2 136 2 2.823702e-03
3 136 2 3.492035e-03
4 136 2 4.245251e-03
5 136 2 4.648741e-03
6 136 2 4.241425e-03
7 136 2 3.753166e-03
8 136 2 3.744557e-03
9 136 2 3.763912e-03
10 136 2 3.540704e-03
11 136 2 3.347717e-03
12 136 2 2.972815e-03
1 137 2 6.674445e-04
2 137 2 7.002181e-04
3 137 2 8.028145e-04
4 137 2 8.821753e-04
5 137 2 8.707605e-04
6 137 2 8.011869e-04
7 137 2 7.411832e-04
8 137 2 7.151677e-04
9 137 2 7.156170e-04
10 137 2 7.455078e-04
11 137 2 7.370746e-04
12 137 2 6.949954e-04
1 138 2 2.666917e-02
2 138 2 2.932700e-02
3 138 2 3.402365e-02
4 138 2 3.786621e-02
5 138 2 3.820468e-02
6 138 2 3.357808e-02
7 138 2 3.110687e-02
8 138 2 2.999872e-02
9 138 2 3.008057e-02
10 138 2 3.025585e-02
11 138 2 2.934875e-02
12 138 2 2.721851e-02
1 139 2 4.538105e-02
2 139 2 5.168063e-02
3 139 2 5.774802e-02
4 139 2 6.061066e-02
5 139 2 5.975650e-02
6 139 2 5.564953e-02
7 139 2 5.265287e-02
8 139 2 5.068708e-02
9 139 2 5.003010e-02
10 139 2 5.041850e-02
11 139 2 4.797706e-02
12 139 2 4.391659e-02
1 140 2 1.513138e-02
2 140 2 1.564641e-02
3 140 2 1.699322e-02
4 140 2 1.925304e-02
5 140 2 2.044397e-02
6 140 2 1.963647e-02
7 140 2 1.859254e-02
8 140 2 1.793235e-02
9 140 2 1.767093e-02
10 140 2 1.776859e-02
11 140 2 1.739331e-02
12 140 2 1.621587e-02
1 141 2 2.336768e-02
2 141 2 2.312589e-02
3 141 2 2.378828e-02
4 141 2 2.610744e-02
5 141 2 2.817339e-02
6 141 2 2.785888e-02
7 141 2 2.710554e-02
8 141 2 2.628413e-02
9 141 2 2.606138e-02
10 141 2 2.612264e-02
11 141 2 2.638338e-02
12 141 2 2.561620e-02
1 150 2 2.706293e-05
2 150 2 2.962464e-05
3 150 2 3.170981e-05
4 150 2 3.242587e-05
5 150 2 3.034073e-05
6 150 2 2.675916e-05
7 150 2 2.441182e-05
8 150 2 2.382232e-05
9 150 2 2.305216e-05
10 150 2 2.252768e-05
11 150 2 2.296567e-05
12 150 2 2.443482e-05
1 151 2 1.756336e-02
2 151 2 1.868068e-02
3 151 2 1.980706e-02
4 151 2 2.027410e-02
5 151 2 1.961660e-02
6 151 2 1.846530e-02
7 151 2 1.805730e-02
8 151 2 1.875445e-02
9 151 2 1.785591e-02
10 151 2 1.675592e-02
11 151 2 1.626459e-02
12 151 2 1.667035e-02
1 152 2 1.391478e-02
2 152 2 1.409465e-02
3 152 2 1.422513e-02
4 152 2 1.351754e-02
5 152 2 1.299398e-02
6 152 2 1.276192e-02
7 152 2 1.459028e-02
8 152 2 1.945438e-02
9 152 2 2.065295e-02
10 152 2 1.760271e-02
11 152 2 1.509505e-02
12 152 2 1.395982e-02
1 153 2 1.612340e-02
2 153 2 1.651450e-02
3 153 2 1.742393e-02
4 153 2 1.709058e-02
5 153 2 1.650440e-02
6 153 2 1.620401e-02
7 153 2 1.891523e-02
8 153 2 2.471880e-02
9 153 2 3.006495e-02
10 153 2 2.687189e-02
11 153 2 2.032721e-02
12 153 2 1.696030e-02
1 154 2 4.387097e-02
2 154 2 4.363294e-02
3 154 2 4.540568e-02
4 154 2 4.350706e-02
5 154 2 4.068307e-02
6 154 2 3.659489e-02
7 154 2 3.455519e-02
8 154 2 3.599724e-02
9 154 2 4.058642e-02
10 154 2 4.561188e-02
11 154 2 4.806984e-02
12 154 2 4.648124e-02
1 157 2 1.748919e-03
2 157 2 1.816078e-03
3 157 2 1.944371e-03
4 157 2 1.916980e-03
5 157 2 1.868505e-03
6 157 2 1.756716e-03
7 157 2 1.676157e-03
8 157 2 1.659262e-03
9 157 2 1.647269e-03
10 157 2 1.675992e-03
11 157 2 1.688007e-03
12 157 2 1.710036e-03
1 163 2 8.135298e-03
2 163 2 8.244300e-03
3 163 2 8.488947e-03
4 163 2 8.998340e-03
5 163 2 9.007122e-03
6 163 2 8.327438e-03
7 163 2 7.698689e-03
8 163 2 7.229220e-03
9 163 2 7.332740e-03
10 163 2 7.757756e-03
11 163 2 8.061019e-03
12 163 2 8.124180e-03
1 164 2 3.078310e-02
2 164 2 3.051990e-02
3 164 2 3.136947e-02
4 164 2 3.283290e-02
5 164 2 3.244668e-02
6 164 2 3.001068e-02
7 164 2 2.777753e-02
8 164 2 2.713353e-02
9 164 2 2.905448e-02
10 164 2 3.183047e-02
11 164 2 3.247330e-02
12 164 2 3.193254e-02
1 165 2 1.361037e-02
2 165 2 1.333912e-02
3 165 2 1.350681e-02
4 165 2 1.380557e-02
5 165 2 1.365404e-02
6 165 2 1.256365e-02
7 165 2 1.184580e-02
8 165 2 1.199010e-02
9 165 2 1.278015e-02
10 165 2 1.366475e-02
11 165 2 1.437475e-02
12 165 2 1.439168e-02
1 166 2 5.943022e-03
2 166 2 5.883693e-03
3 166 2 5.786485e-03
4 166 2 5.759337e-03
5 166 2 5.570756e-03
6 166 2 5.152022e-03
7 166 2 4.865068e-03
8 166 2 4.901364e-03
9 166 2 5.084802e-03
10 166 2 5.348839e-03
11 166 2 5.766834e-03
12 166 2 6.057397e-03
1 170 2 2.695063e-04
2 170 2 2.964035e-04
3 170 2 2.912148e-04
4 170 2 2.646987e-04
5 170 2 2.205731e-04
6 170 2 1.854634e-04
7 170 2 1.754194e-04
8 170 2 1.674690e-04
9 170 2 1.702857e-04
10 170 2 1.896119e-04
11 170 2 2.092015e-04
12 170 2 2.409084e-04
1 171 2 9.651837e-04
2 171 2 1.059494e-03
3 171 2 1.072321e-03
4 171 2 9.540263e-04
5 171 2 7.936427e-04
6 171 2 6.801143e-04
7 171 2 6.174706e-04
8 171 2 5.850728e-04
9 171 2 5.935974e-04
10 171 2 6.456683e-04
11 171 2 7.369276e-04
12 171 2 8.706089e-04
1 175 2 2.791425e-05
2 175 2 2.951187e-05
3 175 2 2.959652e-05
4 175 2 2.772066e-05
5 175 2 2.408489e-05
6 175 2 2.194744e-05
7 175 2 2.149205e-05
8 175 2 2.131059e-05
9 175 2 1.982117e-05
10 175 2 2.003640e-05
11 175 2 2.094787e-05
12 175 2 2.443581e-05
1 176 2 1.983520e-02
2 176 2 1.998391e-02
3 176 2 1.956418e-02
4 176 2 1.727942e-02
5 176 2 1.397828e-02
6 176 2 1.266695e-02
7 176 2 1.264385e-02
8 176 2 1.442495e-02
9 176 2 1.571026e-02
10 176 2 1.676668e-02
11 176 2 1.789718e-02
12 176 2 1.901119e-02
1 177 2 8.824617e-02
2 177 2 8.575118e-02
3 177 2 8.096510e-02
4 177 2 7.079858e-02
5 177 2 5.789395e-02
6 177 2 4.943654e-02
7 177 2 5.143796e-02
8 177 2 6.163214e-02
9 177 2 7.746197e-02
10 177 2 8.055747e-02
11 177 2 8.219145e-02
12 177 2 8.235938e-02
1 178 2 3.211519e-02
2 178 2 3.173985e-02
3 178 2 3.042496e-02
4 178 2 2.550101e-02
5 178 2 2.220385e-02
6 178 2 1.876719e-02
7 178 2 1.787456e-02
8 178 2 1.800612e-02
9 178 2 2.053552e-02
10 178 2 2.209564e-02
11 178 2 2.495577e-02
12 178 2 2.770614e-02
1 181 2 3.929627e-04
2 181 2 4.150553e-04
3 181 2 4.207710e-04
4 181 2 4.023134e-04
5 181 2 3.317832e-04
6 181 2 2.868918e-04
7 181 2 2.536714e-04
8 181 2 2.596120e-04
9 181 2 2.812633e-04
10 181 2 3.045556e-04
11 181 2 3.449132e-04
12 181 2 3.672328e-04
1 182 2 4.688763e-02
2 182 2 4.333863e-02
3 182 2 4.086639e-02
4 182 2 3.413722e-02
5 182 2 2.673248e-02
6 182 2 1.999430e-02
7 182 2 1.982430e-02
8 182 2 2.754832e-02
9 182 2 3.822626e-02
10 182 2 4.688315e-02
11 182 2 5.181552e-02
12 182 2 4.973525e-02
1 183 2 9.975633e-03
2 183 2 9.583267e-03
3 183 2 9.149027e-03
4 183 2 8.295667e-03
5 183 2 6.979831e-03
6 183 2 5.664960e-03
7 183 2 5.270651e-03
8 183 2 6.258697e-03
9 183 2 7.277158e-03
10 183 2 8.608871e-03
11 183 2 9.372445e-03
12 183 2 9.640165e-03
1 184 2 3.108907e-03
2 184 2 3.150124e-03
3 184 2 3.050845e-03
4 184 2 2.745564e-03
5 184 2 2.282516e-03
6 184 2 1.844703e-03
7 184 2 1.663459e-03
8 184 2 1.737320e-03
9 184 2 1.840400e-03
10 184 2 2.113468e-03
11 184 2 2.472899e-03
12 184 2 2.818558e-03
1 188 2 1.596561e-03
2 188 2 1.582641e-03
3 188 2 1.466967e-03
4 188 2 1.197878e-03
5 188 2 8.466124e-04
6 188 2 6.439634e-04
7 188 2 5.541252e-04
8 188 2 5.636711e-04
9 188 2 7.634894e-04
10 188 2 1.003333e-03
11 188 2 1.194870e-03
12 188 2 1.490324e-03
1 189 2 1.393161e-03
2 189 2 1.287562e-03
3 189 2 1.167933e-03
4 189 2 8.632762e-04
5 189 2 5.715662e-04
6 189 2 4.041901e-04
7 189 2 3.842984e-04
8 189 2 4.720457e-04
9 189 2 7.593681e-04
10 189 2 1.081229e-03
11 189 2 1.315135e-03
12 189 2 1.374310e-03
1 190 2 5.701877e-03
2 190 2 5.402633e-03
3 190 2 4.689497e-03
4 190 2 3.321473e-03
5 190 2 2.317391e-03
6 190 2 1.681135e-03
7 190 2 1.579615e-03
8 190 2 1.904221e-03
9 190 2 2.674691e-03
10 190 2 3.646251e-03
11 190 2 4.777752e-03
12 190 2 5.360551e-03
1 191 2 3.896115e-03
2 191 2 4.037405e-03
3 191 2 3.924377e-03
4 191 2 3.241976e-03
5 191 2 2.665937e-03
6 191 2 2.190021e-03
7 191 2 1.925397e-03
8 191 2 1.955408e-03
9 191 2 2.133390e-03
10 191 2 2.394511e-03
11 191 2 2.944997e-03
12 191 2 3.464763e-03
1 192 2 1.859528e-03
2 192 2 2.009632e-03
3 192 2 1.958003e-03
4 192 2 1.695337e-03
5 192 2 1.432815e-03
6 192 2 1.219985e-03
7 192 2 1.072124e-03
8 192 2 9.962549e-04
9 192 2 1.025790e-03
10 192 2 1.126435e-03
11 192 2 1.344672e-03
12 192 2 1.614657e-03
1 200 2 8.566699e-02
2 200 2 8.813002e-02
3 200 2 7.207102e-02
4 200 2 4.764409e-02
5 200 2 3.118544e-02
6 200 2 2.539766e-02
7 200 2 2.412909e-02
8 200 2 2.602118e-02
9 200 2 2.882306e-02
10 200 2 3.685169e-02
11 200 2 5.121085e-02
12 200 2 7.055814e-02
1 201 2 5.912891e-02
2 201 2 6.100878e-02
3 201 2 5.584992e-02
4 201 2 4.298928e-02
5 201 2 3.239653e-02
6 201 2 2.680254e-02
7 201 2 2.532990e-02
8 201 2 2.620148e-02
9 201 2 2.593162e-02
10 201 2 3.085527e-02
11 201 2 3.933219e-02
12 201 2 4.898702e-02
1 206 2 3.117705e-02
2 206 2 3.367527e-02
3 206 2 3.046711e-02
4 206 2 2.599897e-02
5 206 2 2.150101e-02
6 206 2 1.874707e-02
7 206 2 1.607927e-02
8 206 2 1.578781e-02
9 206 2 1.709013e-02
10 206 2 1.934507e-02
11 206 2 2.267688e-02
12 206 2 2.671572e-02
1 207 2 1.184255e-03
2 207 2 1.293058e-03
3 207 2 1.226308e-03
4 207 2 1.111956e-03
5 207 2 9.861411e-04
6 207 2 8.458088e-04
7 207 2 7.455046e-04
8 207 2 7.341320e-04
9 207 2 7.406923e-04
10 207 2 8.158459e-04
11 207 2 8.792401e-04
12 207 2 1.005796e-03
1 212 2 2.243418e-03
2 212 2 2.394710e-03
3 212 2 2.125540e-03
4 212 2 1.786922e-03
5 212 2 1.392764e-03
6 212 2 1.124076e-03
7 212 2 9.330469e-04
8 212 2 9.017813e-04
9 212 2 1.024177e-03
10 212 2 1.208481e-03
11 212 2 1.433469e-03
12 212 2 1.895320e-03
1 213 2 4.894417e-04
2 213 2 5.349230e-04
3 213 2 4.533262e-04
4 213 2 3.836111e-04
5 213 2 2.960071e-04
6 213 2 2.281799e-04
7 213 2 1.936578e-04
8 213 2 1.890570e-04
9 213 2 2.277271e-04
10 213 2 2.806474e-04
11 213 2 3.446315e-04
12 213 2 4.217316e-04
1 214 2 1.739333e-02
2 214 2 1.843911e-02
3 214 2 1.481468e-02
4 214 2 1.100338e-02
5 214 2 8.133517e-03
6 214 2 5.994030e-03
7 214 2 5.190921e-03
8 214 2 5.351447e-03
9 214 2 6.755060e-03
10 214 2 9.056228e-03
11 214 2 1.239715e-02
12 214 2 1.503558e-02
1 215 2 6.444000e-03
2 215 2 6.628513e-03
3 215 2 6.180073e-03
4 215 2 4.925257e-03
5 215 2 4.000566e-03
6 215 2 3.214371e-03
7 215 2 2.777661e-03
8 215 2 2.784492e-03
9 215 2 3.131348e-03
10 215 2 3.725298e-03
11 215 2 4.690663e-03
12 215 2 5.666579e-03
1 216 2 3.444994e-03
2 216 2 3.596827e-03
3 216 2 3.372937e-03
4 216 2 2.742002e-03
5 216 2 2.195638e-03
6 216 2 1.888837e-03
7 216 2 1.659795e-03
8 216 2 1.587072e-03
9 216 2 1.646869e-03
10 216 2 1.871821e-03
11 216 2 2.251483e-03
12 216 2 2.893562e-03
1 224 2 2.504418e-03
2 224 2 2.737922e-03
3 224 2 2.389171e-03
4 224 2 2.057434e-03
5 224 2 1.661417e-03
6 224 2 1.411882e-03
7 224 2 1.282681e-03
8 224 2 1.339746e-03
9 224 2 1.377776e-03
10 224 2 1.625020e-03
11 224 2 1.940595e-03
12 224 2 2.315283e-03
1 240 2 2.127902e-04
2 240 2 2.170447e-04
3 240 2 1.984821e-04
4 240 2 1.752908e-04
5 240 2 1.523503e-04
6 240 2 1.314074e-04
7 240 2 1.287417e-04
8 240 2 1.327252e-04
9 240 2 1.292001e-04
10 240 2 1.391350e-04
11 240 2 1.528752e-04
12 240 2 1.894622e-04
