1 7 2 1.462134e-07
2 7 2 1.249085e-07
3 7 2 1.366056e-07
4 7 2 3.530693e-07
5 7 2 1.214811e-06
6 7 2 3.271943e-06
7 7 2 4.427035e-06
8 7 2 3.018395e-06
9 7 2 1.305354e-06
10 7 2 5.722637e-07
11 7 2 3.031931e-07
12 7 2 1.788642e-07
1 25 2 8.852490e-05
2 25 2 8.405404e-05
3 25 2 1.184182e-04
4 25 2 2.160870e-04
5 25 2 6.045074e-04
6 25 2 1.096197e-03
7 25 2 1.328912e-03
8 25 2 1.019041e-03
9 25 2 5.758119e-04
10 25 2 2.694591e-04
11 25 2 1.284812e-04
12 25 2 7.440306e-05
1 26 2 9.371837e-05
2 26 2 7.713110e-05
3 26 2 1.275426e-04
4 26 2 2.846855e-04
5 26 2 8.019152e-04
6 26 2 1.531636e-03
7 26 2 1.661820e-03
8 26 2 1.243379e-03
9 26 2 6.800630e-04
10 26 2 2.737519e-04
11 26 2 1.430242e-04
12 26 2 8.842460e-05
1 27 2 4.093072e-04
2 27 2 3.613815e-04
3 27 2 6.334999e-04
4 27 2 1.613447e-03
5 27 2 4.543586e-03
6 27 2 9.392144e-03
7 27 2 1.059275e-02
8 27 2 7.972884e-03
9 27 2 4.120104e-03
10 27 2 1.547199e-03
11 27 2 8.199600e-04
12 27 2 5.072017e-04
1 28 2 1.516872e-05
2 28 2 1.380394e-05
3 28 2 2.321584e-05
4 28 2 6.310619e-05
5 28 2 1.802067e-04
6 28 2 3.858197e-04
7 28 2 4.599868e-04
8 28 2 3.466052e-04
9 28 2 1.783011e-04
10 28 2 6.943962e-05
11 28 2 3.466526e-05
12 28 2 2.161187e-05
1 29 2 2.033424e-05
2 29 2 1.923625e-05
3 29 2 3.064430e-05
4 29 2 9.214233e-05
5 29 2 2.755461e-04
6 29 2 6.781438e-04
7 29 2 9.237881e-04
8 29 2 6.873048e-04
9 29 2 3.156446e-04
10 29 2 1.169896e-04
11 29 2 5.530147e-05
12 29 2 3.452160e-05
1 30 2 4.613470e-06
2 30 2 4.034767e-06
3 30 2 6.412656e-06
4 30 2 1.962733e-05
5 30 2 5.437076e-05
6 30 2 1.478673e-04
7 30 2 2.143266e-04
8 30 2 1.641327e-04
9 30 2 7.426439e-05
10 30 2 2.906843e-05
11 30 2 1.340847e-05
12 30 2 8.030308e-06
1 31 2 8.236630e-06
2 31 2 6.347016e-06
3 31 2 9.641889e-06
4 31 2 2.683658e-05
5 31 2 6.930506e-05
6 31 2 1.824767e-04
7 31 2 2.573327e-04
8 31 2 2.077126e-04
9 31 2 1.039116e-04
10 31 2 4.758641e-05
11 31 2 2.284729e-05
12 31 2 1.273157e-05
1 32 2 9.740862e-06
2 32 2 8.063560e-06
3 32 2 1.127147e-05
4 32 2 2.504565e-05
5 32 2 6.689355e-05
6 32 2 1.584577e-04
7 32 2 2.044292e-04
8 32 2 1.688677e-04
9 32 2 9.429766e-05
10 32 2 4.861139e-05
11 32 2 2.512038e-05
12 32 2 1.302769e-05
1 35 2 5.381262e-04
2 35 2 5.127533e-04
3 35 2 5.570018e-04
4 35 2 7.422552e-04
5 35 2 1.163584e-03
6 35 2 1.777047e-03
7 35 2 2.138333e-03
8 35 2 1.963556e-03
9 35 2 1.334508e-03
10 35 2 9.648478e-04
11 35 2 7.308207e-04
12 35 2 5.937256e-04
1 36 2 6.443515e-05
2 36 2 6.049207e-05
3 36 2 6.704310e-05
4 36 2 8.052463e-05
5 36 2 1.101308e-04
6 36 2 1.588728e-04
7 36 2 1.871073e-04
8 36 2 1.906112e-04
9 36 2 1.454992e-04
10 36 2 1.139928e-04
11 36 2 8.724847e-05
12 36 2 7.229275e-05
1 37 2 1.778581e-03
2 37 2 1.721420e-03
3 37 2 2.169069e-03
4 37 2 2.789131e-03
5 37 2 4.216634e-03
6 37 2 6.395440e-03
7 37 2 7.438225e-03
8 37 2 7.311951e-03
9 37 2 5.380916e-03
10 37 2 4.034746e-03
11 37 2 2.843734e-03
12 37 2 2.178543e-03
1 38 2 8.519102e-03
2 38 2 8.511464e-03
3 38 2 1.296609e-02
4 38 2 1.922437e-02
5 38 2 3.509871e-02
6 38 2 6.227999e-02
7 38 2 7.383050e-02
8 38 2 6.403251e-02
9 38 2 4.136011e-02
10 38 2 2.826959e-02
11 38 2 1.615380e-02
12 38 2 1.165721e-02
1 39 2 9.329663e-03
2 39 2 9.719631e-03
3 39 2 1.574379e-02
4 39 2 2.430973e-02
5 39 2 4.716892e-02
6 39 2 9.118942e-02
7 39 2 1.132318e-01
8 39 2 9.167443e-02
9 39 2 5.778351e-02
10 39 2 3.648960e-02
11 39 2 1.847025e-02
12 39 2 1.348194e-02
1 40 2 2.315833e-03
2 40 2 2.540871e-03
3 40 2 4.531606e-03
4 40 2 7.620255e-03
5 40 2 1.665826e-02
6 40 2 3.782159e-02
7 40 2 4.732065e-02
8 40 2 3.471324e-02
9 40 2 2.138300e-02
10 40 2 1.152136e-02
11 40 2 4.935418e-03
12 40 2 3.676733e-03
1 41 2 1.233126e-03
2 41 2 1.318273e-03
3 41 2 2.641775e-03
4 41 2 4.705188e-03
5 41 2 1.180130e-02
6 41 2 2.994702e-02
7 41 2 3.871971e-02
8 41 2 2.715783e-02
9 41 2 1.517705e-02
10 41 2 6.577875e-03
11 41 2 2.527043e-03
12 41 2 2.106258e-03
1 42 2 6.673754e-04
2 42 2 6.980880e-04
3 42 2 1.505417e-03
4 42 2 2.969725e-03
5 42 2 8.442428e-03
6 42 2 2.341677e-02
7 42 2 3.278073e-02
8 42 2 2.189149e-02
9 42 2 1.036676e-02
10 42 2 3.710154e-03
11 42 2 1.383216e-03
12 42 2 1.134728e-03
1 43 2 1.874125e-05
2 43 2 1.943225e-05
3 43 2 4.585004e-05
4 43 2 1.118755e-04
5 43 2 3.744677e-04
6 43 2 1.104364e-03
7 43 2 1.614427e-03
8 43 2 1.013425e-03
9 43 2 4.144084e-04
10 43 2 1.272339e-04
11 43 2 4.338949e-05
12 43 2 3.040335e-05
1 44 2 7.731625e-05
2 44 2 7.768542e-05
3 44 2 1.689777e-04
4 44 2 4.568271e-04
5 44 2 1.706692e-03
6 44 2 5.378352e-03
7 44 2 7.860758e-03
8 44 2 4.739989e-03
9 44 2 1.708694e-03
10 44 2 5.062515e-04
11 44 2 1.661532e-04
12 44 2 1.123382e-04
1 45 2 1.776502e-04
2 45 2 1.990940e-04
3 45 2 3.627837e-04
4 45 2 1.069878e-03
5 45 2 4.480441e-03
6 45 2 1.486657e-02
7 45 2 2.079814e-02
8 45 2 1.266396e-02
9 45 2 4.354851e-03
10 45 2 1.111884e-03
11 45 2 3.222874e-04
12 45 2 2.106311e-04
1 46 2 8.054571e-05
2 46 2 1.013285e-04
3 46 2 1.592807e-04
4 46 2 4.423064e-04
5 46 2 1.736919e-03
6 46 2 5.387728e-03
7 46 2 7.537051e-03
8 46 2 4.722803e-03
9 46 2 1.774019e-03
10 46 2 4.300012e-04
11 46 2 1.182243e-04
12 46 2 8.431046e-05
1 47 2 1.059339e-04
2 47 2 1.348155e-04
3 47 2 1.899761e-04
4 47 2 4.256468e-04
5 47 2 1.450817e-03
6 47 2 3.996998e-03
7 47 2 5.420782e-03
8 47 2 3.675679e-03
9 47 2 1.557130e-03
10 47 2 4.802784e-04
11 47 2 1.416947e-04
12 47 2 1.077068e-04
1 48 2 1.433850e-04
2 48 2 1.647118e-04
3 48 2 2.265519e-04
4 48 2 4.424081e-04
5 48 2 1.372877e-03
6 48 2 3.157853e-03
7 48 2 4.196493e-03
8 48 2 2.952473e-03
9 48 2 1.405496e-03
10 48 2 5.240188e-04
11 48 2 1.886402e-04
12 48 2 1.250947e-04
1 49 2 4.872001e-05
2 49 2 4.433091e-05
3 49 2 5.028426e-05
4 49 2 5.885327e-05
5 49 2 8.417272e-05
6 49 2 1.280639e-04
7 49 2 1.909862e-04
8 49 2 1.795957e-04
9 49 2 1.252660e-04
10 49 2 8.963984e-05
11 49 2 6.544434e-05
12 49 2 4.774153e-05
1 50 2 1.984970e-04
2 50 2 1.713425e-04
3 50 2 2.008399e-04
4 50 2 2.289366e-04
5 50 2 3.222123e-04
6 50 2 4.728421e-04
7 50 2 6.525917e-04
8 50 2 6.275733e-04
9 50 2 4.544201e-04
10 50 2 3.239297e-04
11 50 2 2.425200e-04
12 50 2 1.909580e-04
1 51 2 7.629266e-05
2 51 2 6.962901e-05
3 51 2 7.565961e-05
4 51 2 8.733621e-05
5 51 2 1.190415e-04
6 51 2 1.669462e-04
7 51 2 2.175553e-04
8 51 2 2.157488e-04
9 51 2 1.792556e-04
10 51 2 1.260838e-04
11 51 2 9.449518e-05
12 51 2 7.918985e-05
1 52 2 2.801342e-02
2 52 2 2.944451e-02
3 52 2 3.698900e-02
4 52 2 5.392492e-02
5 52 2 9.119413e-02
6 52 2 1.255035e-01
7 52 2 1.609816e-01
8 52 2 1.505729e-01
9 52 2 1.215481e-01
10 52 2 6.943616e-02
11 52 2 4.179377e-02
12 52 2 3.222937e-02
1 53 2 7.371161e-03
2 53 2 9.248115e-03
3 53 2 1.566826e-02
4 53 2 3.419912e-02
5 53 2 6.512558e-02
6 53 2 9.724908e-02
7 53 2 1.349932e-01
8 53 2 1.150300e-01
9 53 2 7.785318e-02
10 53 2 3.433653e-02
11 53 2 1.531502e-02
12 53 2 9.702685e-03
1 54 2 3.918660e-03
2 54 2 5.083506e-03
3 54 2 9.506361e-03
4 54 2 2.362237e-02
5 54 2 4.652871e-02
6 54 2 8.987225e-02
7 54 2 1.276678e-01
8 54 2 1.070527e-01
9 54 2 6.492579e-02
10 54 2 2.761277e-02
11 54 2 1.183609e-02
12 54 2 6.529020e-03
1 55 2 2.567785e-03
2 55 2 2.863765e-03
3 55 2 5.342275e-03
4 55 2 1.250921e-02
5 55 2 2.482334e-02
6 55 2 5.301268e-02
7 55 2 7.369164e-02
8 55 2 6.355264e-02
9 55 2 4.030096e-02
10 55 2 1.932367e-02
11 55 2 9.040805e-03
12 55 2 5.176791e-03
1 56 2 8.984537e-03
2 56 2 9.323988e-03
3 56 2 1.614940e-02
4 56 2 3.601085e-02
5 56 2 7.871490e-02
6 56 2 1.551644e-01
7 56 2 2.145283e-01
8 56 2 1.780477e-01
9 56 2 1.163762e-01
10 56 2 5.996123e-02
11 56 2 2.703275e-02
12 56 2 1.550354e-02
1 57 2 1.814430e-03
2 57 2 1.731146e-03
3 57 2 2.129211e-03
4 57 2 3.231809e-03
5 57 2 5.407323e-03
6 57 2 8.798389e-03
7 57 2 1.252901e-02
8 57 2 1.129170e-02
9 57 2 8.401030e-03
10 57 2 5.396383e-03
11 57 2 3.299917e-03
12 57 2 2.371501e-03
1 60 2 1.854555e-01
2 60 2 1.795969e-01
3 60 2 2.059619e-01
4 60 2 2.442678e-01
5 60 2 3.011628e-01
6 60 2 3.963282e-01
7 60 2 4.614053e-01
8 60 2 4.615994e-01
9 60 2 3.917335e-01
10 60 2 3.197846e-01
11 60 2 2.557529e-01
12 60 2 2.119930e-01
1 61 2 5.323589e-01
2 61 2 5.355610e-01
3 61 2 7.532575e-01
4 61 2 1.134565e+00
5 61 2 1.654984e+00
6 61 2 2.331604e+00
7 61 2 2.759228e+00
8 61 2 2.654606e+00
9 61 2 2.062698e+00
10 61 2 1.403060e+00
11 61 2 9.153010e-01
12 61 2 6.419844e-01
1 62 2 1.280550e-01
2 62 2 1.402503e-01
3 62 2 2.207796e-01
4 62 2 3.996785e-01
5 62 2 6.855348e-01
6 62 2 9.724858e-01
7 62 2 1.189154e+00
8 62 2 1.110032e+00
9 62 2 7.734949e-01
10 62 2 4.612651e-01
11 62 2 2.504873e-01
12 62 2 1.630100e-01
1 63 2 1.429445e-01
2 63 2 1.735286e-01
3 63 2 2.903588e-01
4 63 2 6.106981e-01
5 63 2 1.172030e+00
6 63 2 1.742410e+00
7 63 2 2.228121e+00
8 63 2 1.938902e+00
9 63 2 1.184220e+00
10 63 2 6.467155e-01
11 63 2 2.987227e-01
12 63 2 1.955565e-01
1 64 2 3.417365e-02
2 64 2 4.378001e-02
3 64 2 8.336770e-02
4 64 2 1.974703e-01
5 64 2 4.229191e-01
6 64 2 6.774195e-01
7 64 2 8.586440e-01
8 64 2 6.712678e-01
9 64 2 3.843580e-01
10 64 2 1.699162e-01
11 64 2 7.764335e-02
12 64 2 5.313583e-02
1 65 2 1.155348e-02
2 65 2 1.432639e-02
3 65 2 3.138643e-02
4 65 2 8.851084e-02
5 65 2 1.855790e-01
6 65 2 3.153985e-01
7 65 2 4.088013e-01
8 65 2 3.051071e-01
9 65 2 1.730471e-01
10 65 2 6.140686e-02
11 65 2 2.703250e-02
12 65 2 1.959042e-02
1 66 2 7.651733e-03
2 66 2 9.459928e-03
3 66 2 2.248896e-02
4 66 2 7.377881e-02
5 66 2 1.534072e-01
6 66 2 2.637906e-01
7 66 2 3.638113e-01
8 66 2 2.750417e-01
9 66 2 1.555866e-01
10 66 2 5.154763e-02
11 66 2 1.975382e-02
12 66 2 1.225291e-02
1 67 2 2.619016e-03
2 67 2 3.492336e-03
3 67 2 8.881033e-03
4 67 2 3.280731e-02
5 67 2 7.443788e-02
6 67 2 1.269543e-01
7 67 2 1.774962e-01
8 67 2 1.365978e-01
9 67 2 7.470952e-02
10 67 2 2.747417e-02
11 67 2 8.687541e-03
12 67 2 3.910217e-03
1 68 2 6.514465e-04
2 68 2 8.747174e-04
3 68 2 2.597861e-03
4 68 2 1.194114e-02
5 68 2 3.254114e-02
6 68 2 6.235891e-02
7 68 2 8.941087e-02
8 68 2 6.649789e-02
9 68 2 3.191299e-02
10 68 2 1.172445e-02
11 68 2 2.673590e-03
12 68 2 9.303164e-04
1 69 2 3.979196e-04
2 69 2 5.641761e-04
3 69 2 1.349189e-03
4 69 2 5.916273e-03
5 69 2 1.897081e-02
6 69 2 4.489655e-02
7 69 2 6.577308e-02
8 69 2 5.063196e-02
9 69 2 2.175116e-02
10 69 2 7.072637e-03
11 69 2 1.370422e-03
12 69 2 5.153675e-04
1 70 2 1.646831e-03
2 70 2 1.924831e-03
3 70 2 2.758226e-03
4 70 2 7.196071e-03
5 70 2 1.804546e-02
6 70 2 4.381951e-02
7 70 2 7.092988e-02
8 70 2 6.464578e-02
9 70 2 3.337875e-02
10 70 2 1.189782e-02
11 70 2 3.618608e-03
12 70 2 2.037014e-03
1 71 2 1.342920e-03
2 71 2 1.362749e-03
3 71 2 1.542055e-03
4 71 2 2.474531e-03
5 71 2 4.792248e-03
6 71 2 9.997080e-03
7 71 2 1.534238e-02
8 71 2 1.525417e-02
9 71 2 9.786932e-03
10 71 2 4.661386e-03
11 71 2 2.226862e-03
12 71 2 1.546631e-03
1 72 2 5.638167e-06
2 72 2 5.384940e-06
3 72 2 5.834024e-06
4 72 2 7.438436e-06
5 72 2 1.157366e-05
6 72 2 2.013855e-05
7 72 2 3.119231e-05
8 72 2 2.999969e-05
9 72 2 2.098879e-05
10 72 2 1.272641e-05
11 72 2 7.841223e-06
12 72 2 5.599663e-06
1 76 2 6.946111e-02
2 76 2 6.354977e-02
3 76 2 6.418937e-02
4 76 2 6.982274e-02
5 76 2 9.492520e-02
6 76 2 1.353573e-01
7 76 2 1.815066e-01
8 76 2 1.937008e-01
9 76 2 1.845592e-01
10 76 2 1.232487e-01
11 76 2 7.956221e-02
12 76 2 6.958406e-02
1 77 2 6.751799e-02
2 77 2 8.767157e-02
3 77 2 1.148445e-01
4 77 2 1.856140e-01
5 77 2 3.116534e-01
6 77 2 4.811603e-01
7 77 2 6.537670e-01
8 77 2 6.205309e-01
9 77 2 4.596629e-01
10 77 2 2.322272e-01
11 77 2 1.019020e-01
12 77 2 6.422830e-02
1 78 2 7.739633e-02
2 78 2 1.057512e-01
3 78 2 1.472648e-01
4 78 2 2.641350e-01
5 78 2 4.130308e-01
6 78 2 6.557497e-01
7 78 2 8.094504e-01
8 78 2 7.579521e-01
9 78 2 4.914479e-01
10 78 2 2.606244e-01
11 78 2 1.407428e-01
12 78 2 8.125558e-02
1 79 2 2.487731e-01
2 79 2 3.052487e-01
3 79 2 4.481932e-01
4 79 2 7.434028e-01
5 79 2 1.129435e+00
6 79 2 1.845125e+00
7 79 2 2.260970e+00
8 79 2 2.141868e+00
9 79 2 1.478973e+00
10 79 2 8.927750e-01
11 79 2 5.086571e-01
12 79 2 3.115940e-01
1 80 2 1.215865e-01
2 80 2 1.218239e-01
3 80 2 1.530794e-01
4 80 2 2.069809e-01
5 80 2 3.086936e-01
6 80 2 4.696662e-01
7 80 2 6.047665e-01
8 80 2 5.987088e-01
9 80 2 4.969174e-01
10 80 2 3.483909e-01
11 80 2 2.032374e-01
12 80 2 1.502263e-01
1 81 2 2.735471e-08
2 81 2 2.478996e-08
3 81 2 2.611055e-08
4 81 2 3.096072e-08
5 81 2 4.458316e-08
6 81 2 6.007452e-08
7 81 2 8.015911e-08
8 81 2 8.600894e-08
9 81 2 7.820896e-08
10 81 2 6.000921e-08
11 81 2 3.966838e-08
12 81 2 3.247635e-08
1 84 2 1.669628e-01
2 84 2 1.765217e-01
3 84 2 2.183220e-01
4 84 2 2.758907e-01
5 84 2 3.698862e-01
6 84 2 6.060854e-01
7 84 2 8.117443e-01
8 84 2 7.778527e-01
9 84 2 5.836592e-01
10 84 2 3.683475e-01
11 84 2 2.474474e-01
12 84 2 1.890231e-01
1 85 2 1.748956e-01
2 85 2 1.969463e-01
3 85 2 2.560619e-01
4 85 2 3.720341e-01
5 85 2 5.955456e-01
6 85 2 9.097891e-01
7 85 2 1.258778e+00
8 85 2 1.197486e+00
9 85 2 8.622714e-01
10 85 2 4.756340e-01
11 85 2 2.682375e-01
12 85 2 1.946334e-01
1 86 2 5.238704e-02
2 86 2 5.931309e-02
3 86 2 7.579776e-02
4 86 2 1.100981e-01
5 86 2 1.769495e-01
6 86 2 2.567498e-01
7 86 2 3.527060e-01
8 86 2 3.538598e-01
9 86 2 2.619236e-01
10 86 2 1.518866e-01
11 86 2 8.366663e-02
12 86 2 5.979597e-02
1 87 2 4.712841e-02
2 87 2 6.375932e-02
3 87 2 9.103662e-02
4 87 2 1.439081e-01
5 87 2 2.524677e-01
6 87 2 3.794910e-01
7 87 2 5.144723e-01
8 87 2 5.242301e-01
9 87 2 3.800693e-01
10 87 2 2.139891e-01
11 87 2 9.402115e-02
12 87 2 5.715057e-02
1 88 2 2.297863e-02
2 88 2 3.263150e-02
3 88 2 5.117101e-02
4 88 2 9.709152e-02
5 88 2 1.992604e-01
6 88 2 3.131827e-01
7 88 2 4.010739e-01
8 88 2 3.517732e-01
9 88 2 2.273159e-01
10 88 2 1.074253e-01
11 88 2 5.507360e-02
12 88 2 3.059137e-02
1 89 2 2.401003e-02
2 89 2 3.340684e-02
3 89 2 6.340514e-02
4 89 2 1.192543e-01
5 89 2 2.379856e-01
6 89 2 3.555228e-01
7 89 2 4.147403e-01
8 89 2 3.632136e-01
9 89 2 2.370352e-01
10 89 2 1.127980e-01
11 89 2 6.206712e-02
12 89 2 3.435441e-02
1 90 2 5.093196e-03
2 90 2 6.712663e-03
3 90 2 1.332056e-02
4 90 2 2.390757e-02
5 90 2 3.670868e-02
6 90 2 4.859009e-02
7 90 2 5.456967e-02
8 90 2 5.049206e-02
9 90 2 3.679645e-02
10 90 2 2.194752e-02
11 90 2 1.210084e-02
12 90 2 6.888740e-03
1 91 2 1.994593e-04
2 91 2 2.822261e-04
3 91 2 5.896327e-04
4 91 2 1.114221e-03
5 91 2 1.644416e-03
6 91 2 2.090206e-03
7 91 2 2.346997e-03
8 91 2 2.152421e-03
9 91 2 1.547635e-03
10 91 2 9.579899e-04
11 91 2 4.965064e-04
12 91 2 2.548848e-04
1 92 2 1.126199e-03
2 92 2 1.608706e-03
3 92 2 4.032621e-03
4 92 2 9.620900e-03
5 92 2 1.814362e-02
6 92 2 2.780241e-02
7 92 2 3.337305e-02
8 92 2 3.037483e-02
9 92 2 1.900279e-02
10 92 2 1.009937e-02
11 92 2 3.960980e-03
12 92 2 1.700351e-03
1 93 2 2.430028e-02
2 93 2 2.932045e-02
3 93 2 6.028441e-02
4 93 2 1.404995e-01
5 93 2 2.506433e-01
6 93 2 3.977532e-01
7 93 2 5.335651e-01
8 93 2 5.245400e-01
9 93 2 3.528082e-01
10 93 2 2.031747e-01
11 93 2 8.701045e-02
12 93 2 3.624160e-02
1 94 2 5.621626e-02
2 94 2 5.593285e-02
3 94 2 7.468387e-02
4 94 2 1.323536e-01
5 94 2 2.259195e-01
6 94 2 3.557380e-01
7 94 2 4.914506e-01
8 94 2 5.355723e-01
9 94 2 4.411590e-01
10 94 2 2.662828e-01
11 94 2 1.429206e-01
12 94 2 7.808837e-02
1 98 2 8.785034e-03
2 98 2 8.177701e-03
3 98 2 7.700573e-03
4 98 2 8.198892e-03
5 98 2 9.305180e-03
6 98 2 1.064788e-02
7 98 2 1.197668e-02
8 98 2 1.262283e-02
9 98 2 1.245591e-02
10 98 2 1.177416e-02
11 98 2 1.059077e-02
12 98 2 9.637718e-03
1 101 2 1.042853e-02
2 101 2 1.071567e-02
3 101 2 1.098078e-02
4 101 2 1.354097e-02
5 101 2 1.741396e-02
6 101 2 2.033261e-02
7 101 2 2.170390e-02
8 101 2 2.174807e-02
9 101 2 2.090787e-02
10 101 2 1.792635e-02
11 101 2 1.378487e-02
12 101 2 1.105645e-02
1 102 2 9.597066e-02
2 102 2 1.084816e-01
3 102 2 1.333259e-01
4 102 2 1.667639e-01
5 102 2 1.929853e-01
6 102 2 2.106780e-01
7 102 2 2.166106e-01
8 102 2 2.193477e-01
9 102 2 1.976935e-01
10 102 2 1.523033e-01
11 102 2 1.222424e-01
12 102 2 1.001929e-01
1 103 2 8.681914e-02
2 103 2 8.859965e-02
3 103 2 9.656251e-02
4 103 2 1.091120e-01
5 103 2 1.270696e-01
6 103 2 1.454149e-01
7 103 2 1.573204e-01
8 103 2 1.651043e-01
9 103 2 1.619332e-01
10 103 2 1.415155e-01
11 103 2 1.164187e-01
12 103 2 9.679833e-02
1 104 2 1.750639e-02
2 104 2 1.679869e-02
3 104 2 1.698122e-02
4 104 2 1.861746e-02
5 104 2 2.176961e-02
6 104 2 2.498168e-02
7 104 2 2.803757e-02
8 104 2 3.028742e-02
9 104 2 3.053121e-02
10 104 2 2.852219e-02
11 104 2 2.346207e-02
12 104 2 1.942657e-02
1 107 2 8.705796e-03
2 107 2 9.184457e-03
3 107 2 1.072318e-02
4 107 2 1.228759e-02
5 107 2 1.377975e-02
6 107 2 1.764140e-02
7 107 2 1.928279e-02
8 107 2 1.920477e-02
9 107 2 1.797854e-02
10 107 2 1.537798e-02
11 107 2 1.222493e-02
12 107 2 9.560358e-03
1 108 2 8.485520e-04
2 108 2 1.084450e-03
3 108 2 1.575280e-03
4 108 2 2.439765e-03
5 108 2 3.787167e-03
6 108 2 5.198005e-03
7 108 2 5.564308e-03
8 108 2 4.917677e-03
9 108 2 3.979176e-03
10 108 2 2.745356e-03
11 108 2 1.430052e-03
12 108 2 9.103677e-04
1 109 2 1.609984e-03
2 109 2 2.126555e-03
3 109 2 3.326069e-03
4 109 2 5.772109e-03
5 109 2 9.834423e-03
6 109 2 1.239679e-02
7 109 2 1.259626e-02
8 109 2 1.157950e-02
9 109 2 9.298668e-03
10 109 2 6.524542e-03
11 109 2 2.901954e-03
12 109 2 1.695214e-03
1 110 2 7.096467e-04
2 110 2 9.039540e-04
3 110 2 1.451796e-03
4 110 2 2.247324e-03
5 110 2 3.485509e-03
6 110 2 4.036387e-03
7 110 2 4.339506e-03
8 110 2 4.291737e-03
9 110 2 3.613543e-03
10 110 2 2.634502e-03
11 110 2 1.274321e-03
12 110 2 7.500791e-04
1 111 2 2.434365e-02
2 111 2 3.044680e-02
3 111 2 4.929271e-02
4 111 2 7.470722e-02
5 111 2 1.129090e-01
6 111 2 1.448034e-01
7 111 2 1.530681e-01
8 111 2 1.516080e-01
9 111 2 1.291075e-01
10 111 2 8.404272e-02
11 111 2 4.527321e-02
12 111 2 2.765370e-02
1 112 2 2.804373e-02
2 112 2 3.615897e-02
3 112 2 6.343312e-02
4 112 2 1.054856e-01
5 112 2 1.604086e-01
6 112 2 1.954768e-01
7 112 2 1.990879e-01
8 112 2 1.855705e-01
9 112 2 1.416627e-01
10 112 2 9.404607e-02
11 112 2 5.397263e-02
12 112 2 3.317643e-02
1 113 2 1.608477e-02
2 113 2 2.037791e-02
3 113 2 3.423501e-02
4 113 2 5.119533e-02
5 113 2 6.300075e-02
6 113 2 5.500898e-02
7 113 2 4.720096e-02
8 113 2 4.508076e-02
9 113 2 4.458699e-02
10 113 2 4.071218e-02
11 113 2 2.847562e-02
12 113 2 1.923272e-02
1 114 2 4.385363e-02
2 114 2 5.946775e-02
3 114 2 1.059520e-01
4 114 2 1.544445e-01
5 114 2 1.781835e-01
6 114 2 1.304404e-01
7 114 2 1.077349e-01
8 114 2 9.875212e-02
9 114 2 9.529931e-02
10 114 2 8.529463e-02
11 114 2 6.502194e-02
12 114 2 4.816415e-02
1 115 2 1.539578e-02
2 115 2 2.239949e-02
3 115 2 3.550683e-02
4 115 2 4.401382e-02
5 115 2 3.930643e-02
6 115 2 3.649473e-02
7 115 2 3.519849e-02
8 115 2 3.377046e-02
9 115 2 3.105874e-02
10 115 2 2.775574e-02
11 115 2 2.108445e-02
12 115 2 1.512651e-02
1 116 2 1.280386e-02
2 116 2 1.639051e-02
3 116 2 2.506500e-02
4 116 2 3.547858e-02
5 116 2 4.126383e-02
6 116 2 4.698903e-02
7 116 2 4.926251e-02
8 116 2 4.715516e-02
9 116 2 3.820093e-02
10 116 2 3.054079e-02
11 116 2 2.218728e-02
12 116 2 1.461603e-02
1 117 2 3.259301e-03
2 117 2 3.403525e-03
3 117 2 4.298339e-03
4 117 2 5.883872e-03
5 117 2 7.492634e-03
6 117 2 8.877115e-03
7 117 2 9.450613e-03
8 117 2 9.438220e-03
9 117 2 8.611804e-03
10 117 2 7.372224e-03
11 117 2 5.951318e-03
12 117 2 4.299155e-03
1 126 2 1.920348e-04
2 126 2 1.996006e-04
3 126 2 2.163397e-04
4 126 2 2.284416e-04
5 126 2 2.257024e-04
6 126 2 2.097650e-04
7 126 2 2.022013e-04
8 126 2 2.041768e-04
9 126 2 2.030959e-04
10 126 2 1.995742e-04
11 126 2 1.950088e-04
12 126 2 1.920562e-04
1 127 2 1.937433e-02
2 127 2 1.970409e-02
3 127 2 2.079724e-02
4 127 2 2.159196e-02
5 127 2 2.188612e-02
6 127 2 2.119948e-02
7 127 2 2.120533e-02
8 127 2 2.169195e-02
9 127 2 2.146072e-02
10 127 2 2.060062e-02
11 127 2 1.996455e-02
12 127 2 1.971743e-02
1 128 2 8.778918e-02
2 128 2 9.015868e-02
3 128 2 9.255363e-02
4 128 2 9.034807e-02
5 128 2 8.788639e-02
6 128 2 8.524638e-02
7 128 2 9.085690e-02
8 128 2 1.033047e-01
9 128 2 1.086239e-01
10 128 2 1.026004e-01
11 128 2 9.330009e-02
12 128 2 8.790725e-02
1 129 2 2.503768e-03
2 129 2 2.469391e-03
3 129 2 2.531672e-03
4 129 2 2.605090e-03
5 129 2 2.645286e-03
6 129 2 2.716848e-03
7 129 2 2.838838e-03
8 129 2 3.094328e-03
9 129 2 3.232921e-03
10 129 2 3.247164e-03
11 129 2 2.964772e-03
12 129 2 2.633839e-03
1 133 2 5.379176e-02
2 133 2 6.254088e-02
3 133 2 7.507695e-02
4 133 2 7.708417e-02
5 133 2 7.353041e-02
6 133 2 6.758437e-02
7 133 2 6.031969e-02
8 133 2 5.648254e-02
9 133 2 5.889870e-02
10 133 2 6.272939e-02
11 133 2 5.984484e-02
12 133 2 5.236427e-02
1 135 2 2.325095e-03
2 135 2 2.619569e-03
3 135 2 3.115266e-03
4 135 2 3.354997e-03
5 135 2 3.223830e-03
6 135 2 2.875986e-03
7 135 2 2.484567e-03
8 135 2 2.509432e-03
9 135 2 2.666559e-03
10 135 2 2.507743e-03
11 135 2 2.403650e-03
12 135 2 2.257901e-03
1 136 2 2.603103e-03
2 136 2 2.679119e-03
3 136 2 3.313231e-03
4 136 2 4.027880e-03
5 136 2 4.410710e-03
6 136 2 4.024250e-03
7 136 2 3.560991e-03
8 136 2 3.552824e-03
9 136 2 3.571187e-03
10 136 2 3.359408e-03
11 136 2 3.176303e-03
12 136 2 2.820597e-03
1 137 2 6.322335e-04
2 137 2 6.632781e-04
3 137 2 7.604620e-04
4 137 2 8.356361e-04
5 137 2 8.248235e-04
6 137 2 7.589203e-04
7 137 2 7.020821e-04
8 137 2 6.774391e-04
9 137 2 6.778647e-04
10 137 2 7.061786e-04
11 137 2 6.981903e-04
12 137 2 6.583309e-04
1 138 2 2.529375e-02
2 138 2 2.781451e-02
3 138 2 3.226895e-02
4 138 2 3.591333e-02
5 138 2 3.623435e-02
6 138 2 3.184635e-02
7 138 2 2.950259e-02
8 138 2 2.845159e-02
9 138 2 2.852922e-02
10 138 2 2.869546e-02
11 138 2 2.783515e-02
12 138 2 2.581477e-02
1 139 2 4.294825e-02
2 139 2 4.891012e-02
3 139 2 5.465225e-02
4 139 2 5.736142e-02
5 139 2 5.655306e-02
6 139 2 5.266626e-02
7 139 2 4.983025e-02
8 139 2 4.796983e-02
9 139 2 4.734807e-02
10 139 2 4.771565e-02
11 139 2 4.540509e-02
12 139 2 4.156230e-02
1 140 2 1.431398e-02
2 140 2 1.480119e-02
3 140 2 1.607524e-02
4 140 2 1.821298e-02
5 140 2 1.933958e-02
6 140 2 1.857570e-02
7 140 2 1.758817e-02
8 140 2 1.696364e-02
9 140 2 1.671634e-02
10 140 2 1.680872e-02
11 140 2 1.645371e-02
12 140 2 1.533989e-02
1 141 2 2.218280e-02
2 141 2 2.195327e-02
3 141 2 2.258207e-02
4 141 2 2.478363e-02
5 141 2 2.674483e-02
6 141 2 2.644627e-02
7 141 2 2.573113e-02
8 141 2 2.495137e-02
9 141 2 2.473991e-02
10 141 2 2.479807e-02
11 141 2 2.504559e-02
12 141 2 2.431731e-02
1 150 2 2.566468e-05
2 150 2 2.809403e-05
3 150 2 3.007147e-05
4 150 2 3.075053e-05
5 150 2 2.877312e-05
6 150 2 2.537660e-05
7 150 2 2.315054e-05
8 150 2 2.259150e-05
9 150 2 2.186113e-05
10 150 2 2.136375e-05
11 150 2 2.177911e-05
12 150 2 2.317235e-05
1 151 2 1.664448e-02
2 151 2 1.770335e-02
3 151 2 1.877080e-02
4 151 2 1.921341e-02
5 151 2 1.859031e-02
6 151 2 1.749924e-02
7 151 2 1.711258e-02
8 151 2 1.777326e-02
9 151 2 1.692172e-02
10 151 2 1.587929e-02
11 151 2 1.541366e-02
12 151 2 1.579820e-02
1 152 2 1.319612e-02
2 152 2 1.336670e-02
3 152 2 1.349044e-02
4 152 2 1.281940e-02
5 152 2 1.232288e-02
6 152 2 1.210280e-02
7 152 2 1.383673e-02
8 152 2 1.844962e-02
9 152 2 1.958629e-02
10 152 2 1.669358e-02
11 152 2 1.431543e-02
12 152 2 1.323884e-02
1 153 2 1.529740e-02
2 153 2 1.566847e-02
3 153 2 1.653131e-02
4 153 2 1.621503e-02
5 153 2 1.565889e-02
6 153 2 1.537389e-02
7 153 2 1.794621e-02
8 153 2 2.345246e-02
9 153 2 2.852473e-02
10 153 2 2.549525e-02
11 153 2 1.928585e-02
12 153 2 1.609143e-02
1 154 2 4.162231e-02
2 154 2 4.139648e-02
3 154 2 4.307836e-02
4 154 2 4.127706e-02
5 154 2 3.859781e-02
6 154 2 3.471918e-02
7 154 2 3.278403e-02
8 154 2 3.415216e-02
9 154 2 3.850611e-02
10 154 2 4.327399e-02
11 154 2 4.560596e-02
12 154 2 4.409879e-02
1 157 2 1.658487e-03
2 157 2 1.722173e-03
3 157 2 1.843833e-03
4 157 2 1.817859e-03
5 157 2 1.771890e-03
6 157 2 1.665881e-03
7 157 2 1.589488e-03
8 157 2 1.573466e-03
9 157 2 1.562094e-03
10 157 2 1.589331e-03
11 157 2 1.600725e-03
12 157 2 1.621615e-03
1 163 2 7.713624e-03
2 163 2 7.816976e-03
3 163 2 8.048943e-03
4 163 2 8.531933e-03
5 163 2 8.540259e-03
6 163 2 7.895805e-03
7 163 2 7.299646e-03
8 163 2 6.854511e-03
9 163 2 6.952665e-03
10 163 2 7.355651e-03
11 163 2 7.643196e-03
12 163 2 7.703082e-03
1 164 2 2.918723e-02
2 164 2 2.893767e-02
3 164 2 2.974320e-02
4 164 2 3.113076e-02
5 164 2 3.076456e-02
6 164 2 2.845485e-02
7 164 2 2.633747e-02
8 164 2 2.572686e-02
9 164 2 2.754823e-02
10 164 2 3.018030e-02
11 164 2 3.078980e-02
12 164 2 3.027708e-02
1 165 2 1.290907e-02
2 165 2 1.265180e-02
3 165 2 1.281085e-02
4 165 2 1.309421e-02
5 165 2 1.295049e-02
6 165 2 1.191628e-02
7 165 2 1.123542e-02
8 165 2 1.137229e-02
9 165 2 1.212163e-02
10 165 2 1.296065e-02
11 165 2 1.363406e-02
12 165 2 1.365012e-02
1 166 2 5.637092e-03
2 166 2 5.580816e-03
3 166 2 5.488613e-03
4 166 2 5.462862e-03
5 166 2 5.283989e-03
6 166 2 4.886810e-03
7 166 2 4.614627e-03
8 166 2 4.649055e-03
9 166 2 4.823051e-03
10 166 2 5.073495e-03
11 166 2 5.469973e-03
12 166 2 5.745579e-03
1 170 2 2.556032e-04
2 170 2 2.811128e-04
3 170 2 2.761918e-04
4 170 2 2.510436e-04
5 170 2 2.091943e-04
6 170 2 1.758959e-04
7 170 2 1.663700e-04
8 170 2 1.588298e-04
9 170 2 1.615011e-04
10 170 2 1.798304e-04
11 170 2 1.984093e-04
12 170 2 2.284806e-04
1 171 2 9.169245e-04
2 171 2 1.006520e-03
3 171 2 1.018705e-03
4 171 2 9.063250e-04
5 171 2 7.539606e-04
6 171 2 6.461086e-04
7 171 2 5.865971e-04
8 171 2 5.558192e-04
9 171 2 5.639176e-04
10 171 2 6.133849e-04
11 171 2 7.000812e-04
12 171 2 8.270785e-04
1 175 2 2.642343e-05
2 175 2 2.793573e-05
3 175 2 2.801586e-05
4 175 2 2.624018e-05
5 175 2 2.279859e-05
6 175 2 2.077529e-05
7 175 2 2.034422e-05
8 175 2 2.017246e-05
9 175 2 1.876258e-05
10 175 2 1.896632e-05
11 175 2 1.982911e-05
12 175 2 2.313077e-05
1 176 2 1.882940e-02
2 176 2 1.897058e-02
3 176 2 1.857213e-02
4 176 2 1.640323e-02
5 176 2 1.326948e-02
6 176 2 1.202464e-02
7 176 2 1.200271e-02
8 176 2 1.369350e-02
9 176 2 1.491363e-02
10 176 2 1.591648e-02
11 176 2 1.698966e-02
12 176 2 1.804718e-02
1 177 2 8.369083e-02
2 177 2 8.132463e-02
3 177 2 7.678561e-02
4 177 2 6.714390e-02
5 177 2 5.490541e-02
6 177 2 4.688458e-02
7 177 2 4.878269e-02
8 177 2 5.845063e-02
9 177 2 7.346331e-02
10 177 2 7.639902e-02
11 177 2 7.794866e-02
12 177 2 7.810792e-02
1 178 2 3.046683e-02
2 178 2 3.011075e-02
3 178 2 2.886336e-02
4 178 2 2.419213e-02
5 178 2 2.106420e-02
6 178 2 1.780394e-02
7 178 2 1.695712e-02
8 178 2 1.708193e-02
9 178 2 1.948151e-02
10 178 2 2.096155e-02
11 178 2 2.367488e-02
12 178 2 2.628409e-02
1 181 2 3.723752e-04
2 181 2 3.933104e-04
3 181 2 3.987267e-04
4 181 2 3.812361e-04
5 181 2 3.144009e-04
6 181 2 2.718615e-04
7 181 2 2.403815e-04
8 181 2 2.460109e-04
9 181 2 2.665278e-04
10 181 2 2.885999e-04
11 181 2 3.268431e-04
12 181 2 3.479934e-04
1 182 2 4.445241e-02
2 182 2 4.108773e-02
3 182 2 3.874389e-02
4 182 2 3.236422e-02
5 182 2 2.534407e-02
6 182 2 1.895584e-02
7 182 2 1.879468e-02
8 182 2 2.611754e-02
9 182 2 3.624089e-02
10 182 2 4.444816e-02
11 182 2 4.912436e-02
12 182 2 4.715213e-02
1 183 2 9.457605e-03
2 183 2 9.085614e-03
3 183 2 8.673924e-03
4 183 2 7.864878e-03
5 183 2 6.617373e-03
6 183 2 5.370783e-03
7 183 2 4.996949e-03
8 183 2 5.933687e-03
9 183 2 6.899260e-03
10 183 2 8.161818e-03
11 183 2 8.885740e-03
12 183 2 9.139558e-03
1 184 2 2.954035e-03
2 184 2 2.993199e-03
3 184 2 2.898866e-03
4 184 2 2.608792e-03
5 184 2 2.168811e-03
6 184 2 1.752809e-03
7 184 2 1.580593e-03
8 184 2 1.650774e-03
9 184 2 1.748720e-03
10 184 2 2.008184e-03
11 184 2 2.349711e-03
12 184 2 2.678150e-03
1 188 2 1.509735e-03
2 188 2 1.496572e-03
3 188 2 1.387188e-03
4 188 2 1.132734e-03
5 188 2 8.005710e-04
6 188 2 6.089426e-04
7 188 2 5.239901e-04
8 188 2 5.330169e-04
9 188 2 7.219685e-04
10 188 2 9.487683e-04
11 188 2 1.129889e-03
12 188 2 1.409275e-03
1 189 2 1.316276e-03
2 189 2 1.216505e-03
3 189 2 1.103478e-03
4 189 2 8.156343e-04
5 189 2 5.400230e-04
6 189 2 3.818840e-04
7 189 2 3.630900e-04
8 189 2 4.459948e-04
9 189 2 7.174606e-04
10 189 2 1.021559e-03
11 189 2 1.242556e-03
12 189 2 1.298465e-03
1 190 2 5.390729e-03
2 190 2 5.107815e-03
3 190 2 4.433594e-03
4 190 2 3.140222e-03
5 190 2 2.190933e-03
6 190 2 1.589396e-03
7 190 2 1.493416e-03
8 190 2 1.800309e-03
9 190 2 2.528735e-03
10 190 2 3.447277e-03
11 190 2 4.517033e-03
12 190 2 5.068029e-03
1 191 2 3.687418e-03
2 191 2 3.821139e-03
3 191 2 3.714166e-03
4 191 2 3.068318e-03
5 191 2 2.523135e-03
6 191 2 2.072712e-03
7 191 2 1.822262e-03
8 191 2 1.850666e-03
9 191 2 2.019114e-03
10 191 2 2.266248e-03
11 191 2 2.787247e-03
12 191 2 3.279171e-03
1 192 2 1.764240e-03
2 192 2 1.906653e-03
3 192 2 1.857669e-03
4 192 2 1.608463e-03
5 192 2 1.359394e-03
6 192 2 1.157469e-03
7 192 2 1.017185e-03
8 192 2 9.452040e-04
9 192 2 9.732260e-04
10 192 2 1.068713e-03
11 192 2 1.275768e-03
12 192 2 1.531918e-03
1 200 2 8.131787e-02
2 200 2 8.365586e-02
3 200 2 6.841213e-02
4 200 2 4.522531e-02
5 200 2 2.960223e-02
6 200 2 2.410828e-02
7 200 2 2.290411e-02
8 200 2 2.470014e-02
9 200 2 2.735978e-02
10 200 2 3.498081e-02
11 200 2 4.861100e-02
12 200 2 6.697606e-02
1 201 2 5.611040e-02
2 201 2 5.789431e-02
3 201 2 5.299880e-02
4 201 2 4.079469e-02
5 201 2 3.074270e-02
6 201 2 2.543428e-02
7 201 2 2.403682e-02
8 201 2 2.486391e-02
9 201 2 2.460783e-02
10 201 2 2.928012e-02
11 201 2 3.732429e-02
12 201 2 4.648625e-02
1 206 2 2.955059e-02
2 206 2 3.191848e-02
3 206 2 2.887769e-02
4 206 2 2.464265e-02
5 206 2 2.037934e-02
6 206 2 1.776906e-02
7 206 2 1.524044e-02
8 206 2 1.496418e-02
9 206 2 1.619857e-02
10 206 2 1.833586e-02
11 206 2 2.149386e-02
12 206 2 2.532200e-02
1 207 2 1.120006e-03
2 207 2 1.222905e-03
3 207 2 1.159778e-03
4 207 2 1.051629e-03
5 207 2 9.326401e-04
6 207 2 7.999213e-04
7 207 2 7.050588e-04
8 207 2 6.943032e-04
9 207 2 7.005076e-04
10 207 2 7.715839e-04
11 207 2 8.315388e-04
12 207 2 9.512289e-04
1 212 2 2.127283e-03
2 212 2 2.270743e-03
3 212 2 2.015506e-03
4 212 2 1.694417e-03
5 212 2 1.320664e-03
6 212 2 1.065886e-03
7 212 2 8.847456e-04
8 212 2 8.550985e-04
9 212 2 9.711582e-04
10 212 2 1.145921e-03
11 212 2 1.359262e-03
12 212 2 1.797204e-03
1 213 2 4.623328e-04
2 213 2 5.052950e-04
3 213 2 4.282176e-04
4 213 2 3.623638e-04
5 213 2 2.796120e-04
6 213 2 2.155416e-04
7 213 2 1.829316e-04
8 213 2 1.785856e-04
9 213 2 2.151139e-04
10 213 2 2.651031e-04
11 213 2 3.255432e-04
12 213 2 3.983730e-04
1 214 2 1.645018e-02
2 214 2 1.743926e-02
3 214 2 1.401136e-02
4 214 2 1.040673e-02
5 214 2 7.692479e-03
6 214 2 5.669005e-03
7 214 2 4.909445e-03
8 214 2 5.061266e-03
9 214 2 6.388768e-03
10 214 2 8.565156e-03
11 214 2 1.172491e-02
12 214 2 1.422028e-02
1 215 2 6.100416e-03
2 215 2 6.275091e-03
3 215 2 5.850562e-03
4 215 2 4.662650e-03
5 215 2 3.787262e-03
6 215 2 3.042986e-03
7 215 2 2.629561e-03
8 215 2 2.636027e-03
9 215 2 2.964389e-03
10 215 2 3.526671e-03
11 215 2 4.440564e-03
12 215 2 5.364446e-03
1 216 2 3.272271e-03
2 216 2 3.416491e-03
3 216 2 3.203827e-03
4 216 2 2.604525e-03
5 216 2 2.085554e-03
6 216 2 1.794135e-03
7 216 2 1.576577e-03
8 216 2 1.507500e-03
9 216 2 1.564299e-03
10 216 2 1.777972e-03
11 216 2 2.138599e-03
12 216 2 2.748487e-03
1 224 2 2.377876e-03
2 224 2 2.599582e-03
3 224 2 2.268452e-03
4 224 2 1.953478e-03
5 224 2 1.577470e-03
6 224 2 1.340543e-03
7 224 2 1.217871e-03
8 224 2 1.272052e-03
9 224 2 1.308160e-03
10 224 2 1.542912e-03
11 224 2 1.842542e-03
12 224 2 2.198298e-03
1 240 2 2.019890e-04
2 240 2 2.060275e-04
3 240 2 1.884071e-04
4 240 2 1.663930e-04
5 240 2 1.446170e-04
6 240 2 1.247372e-04
7 240 2 1.222068e-04
8 240 2 1.259881e-04
9 240 2 1.226419e-04
10 240 2 1.320725e-04
11 240 2 1.451152e-04
12 240 2 1.798451e-04
