1 7 2 1.234806e-07
2 7 2 1.054881e-07
3 7 2 1.153665e-07
4 7 2 2.981751e-07
5 7 2 1.025936e-06
6 7 2 2.763231e-06
7 7 2 3.738733e-06
8 7 2 2.549104e-06
9 7 2 1.102402e-06
10 7 2 4.832898e-07
11 7 2 2.560535e-07
12 7 2 1.510549e-07
1 25 2 6.648463e-05
2 25 2 6.312689e-05
3 25 2 8.893536e-05
4 25 2 1.622873e-04
5 25 2 4.540016e-04
6 25 2 8.232741e-04
7 25 2 9.980494e-04
8 25 2 7.653275e-04
9 25 2 4.324506e-04
10 25 2 2.023712e-04
11 25 2 9.649293e-05
12 25 2 5.587874e-05
1 26 2 7.897447e-05
2 26 2 6.499673e-05
3 26 2 1.074774e-04
4 26 2 2.398984e-04
5 26 2 6.757569e-04
6 26 2 1.290677e-03
7 26 2 1.400380e-03
8 26 2 1.047769e-03
9 26 2 5.730745e-04
10 26 2 2.306849e-04
11 26 2 1.205234e-04
12 26 2 7.451353e-05
1 27 2 3.452899e-04
2 27 2 3.048600e-04
3 27 2 5.344180e-04
4 27 2 1.361097e-03
5 27 2 3.832951e-03
6 27 2 7.923176e-03
7 27 2 8.936001e-03
8 27 2 6.725893e-03
9 27 2 3.475703e-03
10 27 2 1.305211e-03
11 27 2 6.917150e-04
12 27 2 4.278733e-04
1 28 2 1.279500e-05
2 28 2 1.164379e-05
3 28 2 1.958284e-05
4 28 2 5.323083e-05
5 28 2 1.520066e-04
6 28 2 3.254436e-04
7 28 2 3.880044e-04
8 28 2 2.923657e-04
9 28 2 1.503991e-04
10 28 2 5.857316e-05
11 28 2 2.924057e-05
12 28 2 1.822987e-05
1 29 2 1.715999e-05
2 29 2 1.623340e-05
3 29 2 2.586061e-05
4 29 2 7.775856e-05
5 29 2 2.325323e-04
6 29 2 5.722830e-04
7 29 2 7.795813e-04
8 29 2 5.800139e-04
9 29 2 2.663713e-04
10 29 2 9.872712e-05
11 29 2 4.666870e-05
12 29 2 2.913265e-05
1 30 2 3.897124e-06
2 30 2 3.408278e-06
3 30 2 5.416946e-06
4 30 2 1.657974e-05
5 30 2 4.592846e-05
6 30 2 1.249075e-04
7 30 2 1.810475e-04
8 30 2 1.386474e-04
9 30 2 6.273316e-05
10 30 2 2.455490e-05
11 30 2 1.132650e-05
12 30 2 6.783420e-06
1 31 2 6.952094e-06
2 31 2 5.357173e-06
3 31 2 8.138197e-06
4 31 2 2.265130e-05
5 31 2 5.849665e-05
6 31 2 1.540187e-04
7 31 2 2.172006e-04
8 31 2 1.753189e-04
9 31 2 8.770619e-05
10 31 2 4.016511e-05
11 31 2 1.928416e-05
12 31 2 1.074603e-05
1 32 2 8.223173e-06
2 32 2 6.807205e-06
3 32 2 9.515298e-06
4 32 2 2.114337e-05
5 32 2 5.647110e-05
6 32 2 1.337689e-04
7 32 2 1.725778e-04
8 32 2 1.425570e-04
9 32 2 7.960548e-05
10 32 2 4.103742e-05
11 32 2 2.120646e-05
12 32 2 1.099789e-05
1 35 2 4.583265e-04
2 35 2 4.367161e-04
3 35 2 4.744029e-04
4 35 2 6.321848e-04
5 35 2 9.910338e-04
6 35 2 1.513525e-03
7 35 2 1.821235e-03
8 35 2 1.672376e-03
9 35 2 1.136612e-03
10 35 2 8.217687e-04
11 35 2 6.224459e-04
12 35 2 5.056809e-04
1 36 2 5.498500e-05
2 36 2 5.162022e-05
3 36 2 5.721047e-05
4 36 2 6.871478e-05
5 36 2 9.397887e-05
6 36 2 1.355723e-04
7 36 2 1.596659e-04
8 36 2 1.626559e-04
9 36 2 1.241601e-04
10 36 2 9.727446e-05
11 36 2 7.445249e-05
12 36 2 6.169020e-05
1 37 2 1.456383e-03
2 37 2 1.409576e-03
3 37 2 1.776132e-03
4 37 2 2.283867e-03
5 37 2 3.452770e-03
6 37 2 5.236875e-03
7 37 2 6.090755e-03
8 37 2 5.987355e-03
9 37 2 4.406137e-03
10 37 2 3.303832e-03
11 37 2 2.328578e-03
12 37 2 1.783889e-03
1 38 2 7.256544e-03
2 38 2 7.250038e-03
3 38 2 1.104448e-02
4 38 2 1.637525e-02
5 38 2 2.989697e-02
6 38 2 5.304990e-02
7 38 2 6.288858e-02
8 38 2 5.454268e-02
9 38 2 3.523041e-02
10 38 2 2.407995e-02
11 38 2 1.375976e-02
12 38 2 9.929572e-03
1 39 2 6.857059e-03
2 39 2 7.143676e-03
3 39 2 1.157128e-02
4 39 2 1.786702e-02
5 39 2 3.466793e-02
6 39 2 6.702185e-02
7 39 2 8.322239e-02
8 39 2 6.737832e-02
9 39 2 4.246938e-02
10 39 2 2.681891e-02
11 39 2 1.357515e-02
12 39 2 9.908876e-03
1 40 2 1.696705e-03
2 40 2 1.861579e-03
3 40 2 3.320100e-03
4 40 2 5.583011e-03
5 40 2 1.220474e-02
6 40 2 2.771014e-02
7 40 2 3.466967e-02
8 40 2 2.543280e-02
9 40 2 1.566634e-02
10 40 2 8.441173e-03
11 40 2 3.615955e-03
12 40 2 2.693773e-03
1 41 2 9.030601e-04
2 41 2 9.654163e-04
3 41 2 1.934662e-03
4 41 2 3.445770e-03
5 41 2 8.642497e-03
6 41 2 2.193122e-02
7 41 2 2.835576e-02
8 41 2 1.988860e-02
9 41 2 1.111467e-02
10 41 2 4.817203e-03
11 41 2 1.850640e-03
12 41 2 1.542485e-03
1 42 2 4.889825e-04
2 42 2 5.114854e-04
3 42 2 1.103011e-03
4 42 2 2.175901e-03
5 42 2 6.185722e-03
6 42 2 1.715734e-02
7 42 2 2.401826e-02
8 42 2 1.603978e-02
9 42 2 7.595673e-03
10 42 2 2.718410e-03
11 42 2 1.013475e-03
12 42 2 8.314089e-04
1 43 2 1.371612e-05
2 43 2 1.422185e-05
3 43 2 3.355619e-05
4 43 2 8.187809e-05
5 43 2 2.740610e-04
6 43 2 8.082486e-04
7 43 2 1.181547e-03
8 43 2 7.416935e-04
9 43 2 3.032923e-04
10 43 2 9.311844e-05
11 43 2 3.175539e-05
12 43 2 2.225124e-05
1 44 2 5.663525e-05
2 44 2 5.690567e-05
3 44 2 1.237786e-04
4 44 2 3.346324e-04
5 44 2 1.250176e-03
6 44 2 3.939719e-03
7 44 2 5.758117e-03
8 44 2 3.472109e-03
9 44 2 1.251643e-03
10 44 2 3.708364e-04
11 44 2 1.217096e-04
12 44 2 8.228934e-05
1 45 2 1.301477e-04
2 45 2 1.458576e-04
3 45 2 2.657777e-04
4 45 2 7.837998e-04
5 45 2 3.282401e-03
6 45 2 1.089135e-02
7 45 2 1.523685e-02
8 45 2 9.277702e-03
9 45 2 3.190393e-03
10 45 2 8.145739e-04
11 45 2 2.361099e-04
12 45 2 1.543098e-04
1 46 2 5.902256e-05
2 46 2 7.425183e-05
3 46 2 1.167182e-04
4 46 2 3.241148e-04
5 46 2 1.272785e-03
6 46 2 3.948037e-03
7 46 2 5.523026e-03
8 46 2 3.460792e-03
9 46 2 1.299972e-03
10 46 2 3.150978e-04
11 46 2 8.663281e-05
12 46 2 6.178131e-05
1 47 2 7.755244e-05
2 47 2 9.869615e-05
3 47 2 1.390783e-04
4 47 2 3.116088e-04
5 47 2 1.062118e-03
6 47 2 2.926135e-03
7 47 2 3.968463e-03
8 47 2 2.690902e-03
9 47 2 1.139948e-03
10 47 2 3.516037e-04
11 47 2 1.037323e-04
12 47 2 7.885034e-05
1 48 2 1.050269e-04
2 48 2 1.206484e-04
3 48 2 1.659450e-04
4 48 2 3.240556e-04
5 48 2 1.005607e-03
6 48 2 2.313068e-03
7 48 2 3.073853e-03
8 48 2 2.162632e-03
9 48 2 1.029500e-03
10 48 2 3.838340e-04
11 48 2 1.381754e-04
12 48 2 9.162953e-05
1 49 2 4.110016e-05
2 49 2 3.739752e-05
3 49 2 4.241976e-05
4 49 2 4.964857e-05
5 49 2 7.100804e-05
6 49 2 1.080346e-04
7 49 2 1.611158e-04
8 49 2 1.515068e-04
9 49 2 1.056743e-04
10 49 2 7.562010e-05
11 49 2 5.520880e-05
12 49 2 4.027472e-05
1 50 2 1.673527e-04
2 50 2 1.444587e-04
3 50 2 1.693279e-04
4 50 2 1.930163e-04
5 50 2 2.716570e-04
6 50 2 3.986528e-04
7 50 2 5.501996e-04
8 50 2 5.291065e-04
9 50 2 3.831212e-04
10 50 2 2.731049e-04
11 50 2 2.044684e-04
12 50 2 1.609966e-04
1 51 2 6.439928e-05
2 51 2 5.877443e-05
3 51 2 6.386491e-05
4 51 2 7.372123e-05
5 51 2 1.004839e-04
6 51 2 1.409207e-04
7 51 2 1.836402e-04
8 51 2 1.821154e-04
9 51 2 1.513112e-04
10 51 2 1.064284e-04
11 51 2 7.976418e-05
12 51 2 6.684482e-05
1 52 2 2.365107e-02
2 52 2 2.485931e-02
3 52 2 3.122894e-02
4 52 2 4.552754e-02
5 52 2 7.699306e-02
6 52 2 1.059597e-01
7 52 2 1.359130e-01
8 52 2 1.271252e-01
9 52 2 1.026202e-01
10 52 2 5.862332e-02
11 52 2 3.528550e-02
12 52 2 2.721050e-02
1 53 2 6.210173e-03
2 53 2 7.791499e-03
3 53 2 1.320044e-02
4 53 2 2.881262e-02
5 53 2 5.486804e-02
6 53 2 8.193196e-02
7 53 2 1.137313e-01
8 53 2 9.691228e-02
9 53 2 6.559098e-02
10 53 2 2.892838e-02
11 53 2 1.290284e-02
12 53 2 8.174473e-03
1 54 2 3.299885e-03
2 54 2 4.280795e-03
3 54 2 8.005261e-03
4 54 2 1.989228e-02
5 54 2 3.918160e-02
6 54 2 7.568098e-02
7 54 2 1.075084e-01
8 54 2 9.014858e-02
9 54 2 5.467369e-02
10 54 2 2.325258e-02
11 54 2 9.967117e-03
12 54 2 5.498056e-03
1 55 2 2.165664e-03
2 55 2 2.415293e-03
3 55 2 4.505663e-03
4 55 2 1.055024e-02
5 55 2 2.093595e-02
6 55 2 4.471078e-02
7 55 2 6.215138e-02
8 55 2 5.360016e-02
9 55 2 3.398975e-02
10 55 2 1.629754e-02
11 55 2 7.624996e-03
12 55 2 4.366095e-03
1 56 2 7.585411e-03
2 56 2 7.872001e-03
3 56 2 1.363451e-02
4 56 2 3.040302e-02
5 56 2 6.645694e-02
6 56 2 1.310013e-01
7 56 2 1.811207e-01
8 56 2 1.503210e-01
9 56 2 9.825338e-02
10 56 2 5.062370e-02
11 56 2 2.282305e-02
12 56 2 1.308924e-02
1 57 2 1.530507e-03
2 57 2 1.460256e-03
3 57 2 1.796031e-03
4 57 2 2.726094e-03
5 57 2 4.561183e-03
6 57 2 7.421614e-03
7 57 2 1.056846e-02
8 57 2 9.524766e-03
9 57 2 7.086433e-03
10 57 2 4.551955e-03
11 57 2 2.783545e-03
12 57 2 2.000408e-03
1 60 2 1.564376e-01
2 60 2 1.514956e-01
3 60 2 1.737354e-01
4 60 2 2.060477e-01
5 60 2 2.540404e-01
6 60 2 3.343154e-01
7 60 2 3.892100e-01
8 60 2 3.893737e-01
9 60 2 3.304396e-01
10 60 2 2.697485e-01
11 60 2 2.157357e-01
12 60 2 1.788228e-01
1 61 2 4.503094e-01
2 61 2 4.530180e-01
3 61 2 6.371622e-01
4 61 2 9.597007e-01
5 61 2 1.399910e+00
6 61 2 1.972247e+00
7 61 2 2.333964e+00
8 61 2 2.245466e+00
9 61 2 1.744786e+00
10 61 2 1.186814e+00
11 61 2 7.742308e-01
12 61 2 5.430390e-01
1 62 2 1.001870e-01
2 62 2 1.097283e-01
3 62 2 1.727325e-01
4 62 2 3.126985e-01
5 62 2 5.363452e-01
6 62 2 7.608486e-01
7 62 2 9.303640e-01
8 62 2 8.684611e-01
9 62 2 6.051630e-01
10 62 2 3.608823e-01
11 62 2 1.959750e-01
12 62 2 1.275349e-01
1 63 2 1.047625e-01
2 63 2 1.271772e-01
3 63 2 2.128009e-01
4 63 2 4.475741e-01
5 63 2 8.589683e-01
6 63 2 1.276993e+00
7 63 2 1.632966e+00
8 63 2 1.421000e+00
9 63 2 8.679023e-01
10 63 2 4.739708e-01
11 63 2 2.189306e-01
12 63 2 1.433212e-01
1 64 2 2.504006e-02
2 64 2 3.207892e-02
3 64 2 6.108601e-02
4 64 2 1.446924e-01
5 64 2 3.098855e-01
6 64 2 4.963656e-01
7 64 2 6.291542e-01
8 64 2 4.918580e-01
9 64 2 2.816306e-01
10 64 2 1.245027e-01
11 64 2 5.689160e-02
12 64 2 3.893421e-02
1 65 2 8.467371e-03
2 65 2 1.049959e-02
3 65 2 2.300264e-02
4 65 2 6.486824e-02
5 65 2 1.360080e-01
6 65 2 2.311508e-01
7 65 2 2.996042e-01
8 65 2 2.236083e-01
9 65 2 1.268236e-01
10 65 2 4.500415e-02
11 65 2 1.981171e-02
12 65 2 1.435752e-02
1 66 2 5.610175e-03
2 66 2 6.935926e-03
3 66 2 1.648868e-02
4 66 2 5.409390e-02
5 66 2 1.124767e-01
6 66 2 1.934087e-01
7 66 2 2.667428e-01
8 66 2 2.016579e-01
9 66 2 1.140746e-01
10 66 2 3.779422e-02
11 66 2 1.448331e-02
12 66 2 8.983713e-03
1 67 2 1.924714e-03
2 67 2 2.566517e-03
3 67 2 6.526669e-03
4 67 2 2.411008e-02
5 67 2 5.470438e-02
6 67 2 9.329872e-02
7 67 2 1.304419e-01
8 67 2 1.003857e-01
9 67 2 5.490401e-02
10 67 2 2.019077e-02
11 67 2 6.384473e-03
12 67 2 2.873617e-03
1 68 2 4.811864e-04
2 68 2 6.461039e-04
3 68 2 1.918892e-03
4 68 2 8.820241e-03
5 68 2 2.403628e-02
6 68 2 4.606097e-02
7 68 2 6.604272e-02
8 68 2 4.911821e-02
9 68 2 2.357231e-02
10 68 2 8.660182e-03
11 68 2 1.974828e-03
12 68 2 6.871717e-04
1 69 2 2.941360e-04
2 69 2 4.170303e-04
3 69 2 9.972994e-04
4 69 2 4.373218e-03
5 69 2 1.402293e-02
6 69 2 3.318684e-02
7 69 2 4.861845e-02
8 69 2 3.742637e-02
9 69 2 1.607812e-02
10 69 2 5.227984e-03
11 69 2 1.012995e-03
12 69 2 3.809517e-04
1 70 2 1.215521e-03
2 70 2 1.420712e-03
3 70 2 2.035839e-03
4 70 2 5.311398e-03
5 70 2 1.331930e-02
6 70 2 3.234305e-02
7 70 2 5.235313e-02
8 70 2 4.771485e-02
9 70 2 2.463675e-02
10 70 2 8.781747e-03
11 70 2 2.670884e-03
12 70 2 1.503514e-03
1 71 2 9.850516e-04
2 71 2 9.995969e-04
3 71 2 1.131120e-03
4 71 2 1.815105e-03
5 71 2 3.515185e-03
6 71 2 7.333006e-03
7 71 2 1.125386e-02
8 71 2 1.118916e-02
9 71 2 7.178860e-03
10 71 2 3.419195e-03
11 71 2 1.633437e-03
12 71 2 1.134477e-03
1 72 2 4.141954e-06
2 72 2 3.955927e-06
3 72 2 4.285836e-06
4 72 2 5.464482e-06
5 72 2 8.502332e-06
6 72 2 1.479434e-05
7 72 2 2.291474e-05
8 72 2 2.203861e-05
9 72 2 1.541895e-05
10 72 2 9.349176e-06
11 72 2 5.760381e-06
12 72 2 4.113669e-06
1 76 2 5.855586e-02
2 76 2 5.357260e-02
3 76 2 5.411178e-02
4 76 2 5.886072e-02
5 76 2 8.002215e-02
6 76 2 1.141065e-01
7 76 2 1.530105e-01
8 76 2 1.632902e-01
9 76 2 1.555838e-01
10 76 2 1.038989e-01
11 76 2 6.707111e-02
12 76 2 5.865952e-02
1 77 2 5.694161e-02
2 77 2 7.393823e-02
3 77 2 9.685465e-02
4 77 2 1.565384e-01
5 77 2 2.628343e-01
6 77 2 4.057888e-01
7 77 2 5.513574e-01
8 77 2 5.233276e-01
9 77 2 3.876589e-01
10 77 2 1.958499e-01
11 77 2 8.593950e-02
12 77 2 5.416724e-02
1 78 2 6.528103e-02
2 78 2 8.919732e-02
3 78 2 1.242126e-01
4 78 2 2.227884e-01
5 78 2 3.483767e-01
6 78 2 5.531014e-01
7 78 2 6.827424e-01
8 78 2 6.393054e-01
9 78 2 4.145186e-01
10 78 2 2.198273e-01
11 78 2 1.187115e-01
12 78 2 6.853617e-02
1 79 2 2.098292e-01
2 79 2 2.574639e-01
3 79 2 3.780313e-01
4 79 2 6.270276e-01
5 79 2 9.526289e-01
6 79 2 1.556282e+00
7 79 2 1.907029e+00
8 79 2 1.806572e+00
9 79 2 1.247448e+00
10 79 2 7.530165e-01
11 79 2 4.290299e-01
12 79 2 2.628158e-01
1 80 2 1.023750e-01
2 80 2 1.025749e-01
3 80 2 1.288918e-01
4 80 2 1.742765e-01
5 80 2 2.599179e-01
6 80 2 3.954558e-01
7 80 2 5.092094e-01
8 80 2 5.041088e-01
9 80 2 4.184011e-01
10 80 2 2.933428e-01
11 80 2 1.711245e-01
12 80 2 1.264895e-01
1 81 2 2.314060e-08
2 81 2 2.097096e-08
3 81 2 2.208812e-08
4 81 2 2.619109e-08
5 81 2 3.771494e-08
6 81 2 5.081979e-08
7 81 2 6.781027e-08
8 81 2 7.275891e-08
9 81 2 6.616056e-08
10 81 2 5.076455e-08
11 81 2 3.355730e-08
12 81 2 2.747323e-08
1 84 2 1.432329e-01
2 84 2 1.514332e-01
3 84 2 1.872925e-01
4 84 2 2.366792e-01
5 84 2 3.173154e-01
6 84 2 5.199443e-01
7 84 2 6.963736e-01
8 84 2 6.672988e-01
9 84 2 5.007055e-01
10 84 2 3.159954e-01
11 84 2 2.122784e-01
12 84 2 1.621578e-01
1 85 2 1.508966e-01
2 85 2 1.699215e-01
3 85 2 2.209253e-01
4 85 2 3.209839e-01
5 85 2 5.138253e-01
6 85 2 7.849486e-01
7 85 2 1.086049e+00
8 85 2 1.033168e+00
9 85 2 7.439512e-01
10 85 2 4.103679e-01
11 85 2 2.314302e-01
12 85 2 1.679259e-01
1 86 2 4.546123e-02
2 86 2 5.147162e-02
3 86 2 6.577693e-02
4 86 2 9.554263e-02
5 86 2 1.535559e-01
6 86 2 2.228062e-01
7 86 2 3.060766e-01
8 86 2 3.070778e-01
9 86 2 2.272961e-01
10 86 2 1.318065e-01
11 86 2 7.260551e-02
12 86 2 5.189066e-02
1 87 2 3.724562e-02
2 87 2 5.038905e-02
3 87 2 7.194632e-02
4 87 2 1.137307e-01
5 87 2 1.995254e-01
6 87 2 2.999120e-01
7 87 2 4.065879e-01
8 87 2 4.142995e-01
9 87 2 3.003691e-01
10 87 2 1.691158e-01
11 87 2 7.430500e-02
12 87 2 4.516614e-02
1 88 2 1.882022e-02
2 88 2 2.672623e-02
3 88 2 4.191068e-02
4 88 2 7.952103e-02
5 88 2 1.632006e-01
6 88 2 2.565065e-01
7 88 2 3.284922e-01
8 88 2 2.881134e-01
9 88 2 1.861789e-01
10 88 2 8.798470e-02
11 88 2 4.510702e-02
12 88 2 2.505530e-02
1 89 2 1.790317e-02
2 89 2 2.490994e-02
3 89 2 4.727828e-02
4 89 2 8.892239e-02
5 89 2 1.774549e-01
6 89 2 2.650969e-01
7 89 2 3.092527e-01
8 89 2 2.708316e-01
9 89 2 1.767462e-01
10 89 2 8.410827e-02
11 89 2 4.628058e-02
12 89 2 2.561649e-02
1 90 2 3.950891e-03
2 90 2 5.207143e-03
3 90 2 1.033302e-02
4 90 2 1.854557e-02
5 90 2 2.847563e-02
6 90 2 3.769228e-02
7 90 2 4.233075e-02
8 90 2 3.916767e-02
9 90 2 2.854372e-02
10 90 2 1.702512e-02
11 90 2 9.386854e-03
12 90 2 5.343729e-03
1 91 2 1.700203e-04
2 91 2 2.405712e-04
3 91 2 5.026065e-04
4 91 2 9.497684e-04
5 91 2 1.401710e-03
6 91 2 1.781704e-03
7 91 2 2.000594e-03
8 91 2 1.834737e-03
9 91 2 1.319214e-03
10 91 2 8.165964e-04
11 91 2 4.232250e-04
12 91 2 2.172653e-04
1 92 2 9.588069e-04
2 92 2 1.369597e-03
3 92 2 3.433235e-03
4 92 2 8.190903e-03
5 92 2 1.544685e-02
6 92 2 2.367002e-02
7 92 2 2.841267e-02
8 92 2 2.586008e-02
9 92 2 1.617832e-02
10 92 2 8.598256e-03
11 92 2 3.372242e-03
12 92 2 1.447621e-03
1 93 2 2.040651e-02
2 93 2 2.462228e-02
3 93 2 5.062472e-02
4 93 2 1.179865e-01
5 93 2 2.104813e-01
6 93 2 3.340191e-01
7 93 2 4.480691e-01
8 93 2 4.404902e-01
9 93 2 2.962759e-01
10 93 2 1.706189e-01
11 93 2 7.306830e-02
12 93 2 3.043441e-02
1 94 2 4.677655e-02
2 94 2 4.654073e-02
3 94 2 6.214312e-02
4 94 2 1.101291e-01
5 94 2 1.879836e-01
6 94 2 2.960032e-01
7 94 2 4.089273e-01
8 94 2 4.456402e-01
9 94 2 3.670806e-01
10 94 2 2.215692e-01
11 94 2 1.189217e-01
12 94 2 6.497594e-02
1 98 2 7.424203e-03
2 98 2 6.910948e-03
3 98 2 6.507729e-03
4 98 2 6.928856e-03
5 98 2 7.863776e-03
6 98 2 8.998486e-03
7 98 2 1.012145e-02
8 98 2 1.066751e-02
9 98 2 1.052645e-02
10 98 2 9.950304e-03
11 98 2 8.950228e-03
12 98 2 8.144803e-03
1 101 2 9.011791e-03
2 101 2 9.259923e-03
3 101 2 9.489022e-03
4 101 2 1.170140e-02
5 101 2 1.504824e-02
6 101 2 1.757038e-02
7 101 2 1.875538e-02
8 101 2 1.879355e-02
9 101 2 1.806749e-02
10 101 2 1.549102e-02
11 101 2 1.191217e-02
12 101 2 9.554413e-03
1 102 2 8.202233e-02
2 102 2 9.271492e-02
3 102 2 1.139484e-01
4 102 2 1.425265e-01
5 102 2 1.649369e-01
6 102 2 1.800582e-01
7 102 2 1.851285e-01
8 102 2 1.874678e-01
9 102 2 1.689608e-01
10 102 2 1.301676e-01
11 102 2 1.044758e-01
12 102 2 8.563089e-02
1 103 2 7.352391e-02
2 103 2 7.503176e-02
3 103 2 8.177521e-02
4 103 2 9.240289e-02
5 103 2 1.076105e-01
6 103 2 1.231465e-01
7 103 2 1.332288e-01
8 103 2 1.398207e-01
9 103 2 1.371352e-01
10 103 2 1.198442e-01
11 103 2 9.859071e-02
12 103 2 8.197492e-02
1 104 2 1.512714e-02
2 104 2 1.451562e-02
3 104 2 1.467334e-02
4 104 2 1.608720e-02
5 104 2 1.881095e-02
6 104 2 2.158647e-02
7 104 2 2.422705e-02
8 104 2 2.617112e-02
9 104 2 2.638177e-02
10 104 2 2.464580e-02
11 104 2 2.027339e-02
12 104 2 1.678634e-02
1 107 2 7.478056e-03
2 107 2 7.889213e-03
3 107 2 9.210938e-03
4 107 2 1.055472e-02
5 107 2 1.183646e-02
6 107 2 1.515351e-02
7 107 2 1.656343e-02
8 107 2 1.649641e-02
9 107 2 1.544310e-02
10 107 2 1.320929e-02
11 107 2 1.050090e-02
12 107 2 8.212103e-03
1 108 2 7.326149e-04
2 108 2 9.362827e-04
3 108 2 1.360051e-03
4 108 2 2.106422e-03
5 108 2 3.269729e-03
6 108 2 4.487805e-03
7 108 2 4.804060e-03
8 108 2 4.245777e-03
9 108 2 3.435504e-03
10 108 2 2.370260e-03
11 108 2 1.234665e-03
12 108 2 7.859847e-04
1 109 2 1.391443e-03
2 109 2 1.837893e-03
3 109 2 2.874583e-03
4 109 2 4.988594e-03
5 109 2 8.499484e-03
6 109 2 1.071403e-02
7 109 2 1.088642e-02
8 109 2 1.000768e-02
9 109 2 8.036454e-03
10 109 2 5.638891e-03
11 109 2 2.508039e-03
12 109 2 1.465103e-03
1 110 2 6.126748e-04
2 110 2 7.804303e-04
3 110 2 1.253411e-03
4 110 2 1.940231e-03
5 110 2 3.009221e-03
6 110 2 3.484822e-03
7 110 2 3.746520e-03
8 110 2 3.705279e-03
9 110 2 3.119759e-03
10 110 2 2.274502e-03
11 110 2 1.100187e-03
12 110 2 6.475822e-04
1 111 2 2.101828e-02
2 111 2 2.628774e-02
3 111 2 4.255927e-02
4 111 2 6.450213e-02
5 111 2 9.748554e-02
6 111 2 1.250231e-01
7 111 2 1.321588e-01
8 111 2 1.308982e-01
9 111 2 1.114713e-01
10 111 2 7.256240e-02
11 111 2 3.908884e-02
12 111 2 2.387618e-02
1 112 2 2.422267e-02
2 112 2 3.123218e-02
3 112 2 5.479013e-02
4 112 2 9.111279e-02
5 112 2 1.385524e-01
6 112 2 1.688424e-01
7 112 2 1.719615e-01
8 112 2 1.602858e-01
9 112 2 1.223606e-01
10 112 2 8.123196e-02
11 112 2 4.661866e-02
12 112 2 2.865602e-02
1 113 2 1.389048e-02
2 113 2 1.759795e-02
3 113 2 2.956466e-02
4 113 2 4.421125e-02
5 113 2 5.440618e-02
6 113 2 4.750464e-02
7 113 2 4.076180e-02
8 113 2 3.893083e-02
9 113 2 3.850443e-02
10 113 2 3.515822e-02
11 113 2 2.459097e-02
12 113 2 1.660899e-02
1 114 2 3.787341e-02
2 114 2 5.135827e-02
3 114 2 9.150353e-02
4 114 2 1.333833e-01
5 114 2 1.538851e-01
6 114 2 1.126525e-01
7 114 2 9.304336e-02
8 114 2 8.528552e-02
9 114 2 8.230356e-02
10 114 2 7.366320e-02
11 114 2 5.615505e-02
12 114 2 4.159611e-02
1 115 2 1.327560e-02
2 115 2 1.931481e-02
3 115 2 3.061711e-02
4 115 2 3.795259e-02
5 115 2 3.389346e-02
6 115 2 3.146896e-02
7 115 2 3.035123e-02
8 115 2 2.911986e-02
9 115 2 2.678158e-02
10 115 2 2.393344e-02
11 115 2 1.818086e-02
12 115 2 1.304340e-02
1 116 2 1.082854e-02
2 116 2 1.386185e-02
3 116 2 2.119808e-02
4 116 2 3.000510e-02
5 116 2 3.489782e-02
6 116 2 3.973977e-02
7 116 2 4.166250e-02
8 116 2 3.988026e-02
9 116 2 3.230745e-02
10 116 2 2.582909e-02
11 116 2 1.876433e-02
12 116 2 1.236113e-02
1 117 2 2.773653e-03
2 117 2 2.896387e-03
3 117 2 3.657871e-03
4 117 2 5.007154e-03
5 117 2 6.376204e-03
6 117 2 7.554392e-03
7 117 2 8.042437e-03
8 117 2 8.031891e-03
9 117 2 7.328613e-03
10 117 2 6.273736e-03
11 117 2 5.064549e-03
12 117 2 3.658565e-03
1 126 2 1.659611e-04
2 126 2 1.724996e-04
3 126 2 1.869660e-04
4 126 2 1.974247e-04
5 126 2 1.950574e-04
6 126 2 1.812840e-04
7 126 2 1.747473e-04
8 126 2 1.764545e-04
9 126 2 1.755204e-04
10 126 2 1.724769e-04
11 126 2 1.685313e-04
12 126 2 1.659796e-04
1 127 2 1.672619e-02
2 127 2 1.701088e-02
3 127 2 1.795462e-02
4 127 2 1.864071e-02
5 127 2 1.889466e-02
6 127 2 1.830187e-02
7 127 2 1.830692e-02
8 127 2 1.872704e-02
9 127 2 1.852741e-02
10 127 2 1.778487e-02
11 127 2 1.723574e-02
12 127 2 1.702239e-02
1 128 2 7.580580e-02
2 128 2 7.785186e-02
3 128 2 7.991990e-02
4 128 2 7.801540e-02
5 128 2 7.588975e-02
6 128 2 7.361010e-02
7 128 2 7.845478e-02
8 128 2 8.920341e-02
9 128 2 9.379657e-02
10 128 2 8.859528e-02
11 128 2 8.056447e-02
12 128 2 7.590776e-02
1 129 2 2.160689e-03
2 129 2 2.131023e-03
3 129 2 2.184769e-03
4 129 2 2.248128e-03
5 129 2 2.282816e-03
6 129 2 2.344572e-03
7 129 2 2.449846e-03
8 129 2 2.670328e-03
9 129 2 2.789930e-03
10 129 2 2.802221e-03
11 129 2 2.558524e-03
12 129 2 2.272937e-03
1 133 2 4.641519e-02
2 133 2 5.396453e-02
3 133 2 6.478150e-02
4 133 2 6.651347e-02
5 133 2 6.344704e-02
6 133 2 5.831640e-02
7 133 2 5.204794e-02
8 133 2 4.873698e-02
9 133 2 5.082181e-02
10 133 2 5.412718e-02
11 133 2 5.163820e-02
12 133 2 4.518346e-02
1 135 2 2.007359e-03
2 135 2 2.261591e-03
3 135 2 2.689549e-03
4 135 2 2.896519e-03
5 135 2 2.783277e-03
6 135 2 2.482968e-03
7 135 2 2.145038e-03
8 135 2 2.166505e-03
9 135 2 2.302160e-03
10 135 2 2.165047e-03
11 135 2 2.075179e-03
12 135 2 1.949347e-03
1 136 2 2.247016e-03
2 136 2 2.312634e-03
3 136 2 2.860004e-03
4 136 2 3.476894e-03
5 136 2 3.807356e-03
6 136 2 3.473761e-03
7 136 2 3.073872e-03
8 136 2 3.066822e-03
9 136 2 3.082673e-03
10 136 2 2.899864e-03
11 136 2 2.741807e-03
12 136 2 2.434759e-03
1 137 2 5.457708e-04
2 137 2 5.725699e-04
3 137 2 6.564632e-04
4 137 2 7.213567e-04
5 137 2 7.120228e-04
6 137 2 6.551324e-04
7 137 2 6.060672e-04
8 137 2 5.847942e-04
9 137 2 5.851616e-04
10 137 2 6.096034e-04
11 137 2 6.027076e-04
12 137 2 5.682993e-04
1 138 2 2.182856e-02
2 138 2 2.400398e-02
3 138 2 2.784816e-02
4 138 2 3.099327e-02
5 138 2 3.127031e-02
6 138 2 2.748346e-02
7 138 2 2.546079e-02
8 138 2 2.455378e-02
9 138 2 2.462077e-02
10 138 2 2.476424e-02
11 138 2 2.402178e-02
12 138 2 2.227819e-02
1 139 2 3.694022e-02
2 139 2 4.206809e-02
3 139 2 4.700695e-02
4 139 2 4.933714e-02
5 139 2 4.864186e-02
6 139 2 4.529878e-02
7 139 2 4.285950e-02
8 139 2 4.125934e-02
9 139 2 4.072456e-02
10 139 2 4.104071e-02
11 139 2 3.905338e-02
12 139 2 3.574815e-02
1 140 2 1.225938e-02
2 140 2 1.267666e-02
3 140 2 1.376783e-02
4 140 2 1.559873e-02
5 140 2 1.656362e-02
6 140 2 1.590939e-02
7 140 2 1.506360e-02
8 140 2 1.452872e-02
9 140 2 1.431691e-02
10 140 2 1.439604e-02
11 140 2 1.409199e-02
12 140 2 1.313803e-02
1 141 2 1.915592e-02
2 141 2 1.895772e-02
3 141 2 1.950071e-02
4 141 2 2.140187e-02
5 141 2 2.309546e-02
6 141 2 2.283764e-02
7 141 2 2.222008e-02
8 141 2 2.154672e-02
9 141 2 2.136411e-02
10 141 2 2.141434e-02
11 141 2 2.162808e-02
12 141 2 2.099918e-02
1 150 2 2.214650e-05
2 150 2 2.424283e-05
3 150 2 2.594919e-05
4 150 2 2.653517e-05
5 150 2 2.482883e-05
6 150 2 2.189791e-05
7 150 2 1.997700e-05
8 150 2 1.949460e-05
9 150 2 1.886435e-05
10 150 2 1.843515e-05
11 150 2 1.879357e-05
12 150 2 1.999583e-05
1 151 2 1.438081e-02
2 151 2 1.529567e-02
3 151 2 1.621795e-02
4 151 2 1.660036e-02
5 151 2 1.606200e-02
6 151 2 1.511932e-02
7 151 2 1.478525e-02
8 151 2 1.535608e-02
9 151 2 1.462035e-02
10 151 2 1.371969e-02
11 151 2 1.331739e-02
12 151 2 1.364962e-02
1 152 2 1.139175e-02
2 152 2 1.153900e-02
3 152 2 1.164582e-02
4 152 2 1.106654e-02
5 152 2 1.063791e-02
6 152 2 1.044792e-02
7 152 2 1.194477e-02
8 152 2 1.592691e-02
9 152 2 1.690816e-02
10 152 2 1.441098e-02
11 152 2 1.235801e-02
12 152 2 1.142862e-02
1 153 2 1.320272e-02
2 153 2 1.352297e-02
3 153 2 1.426767e-02
4 153 2 1.399470e-02
5 153 2 1.351470e-02
6 153 2 1.326873e-02
7 153 2 1.548882e-02
8 153 2 2.024110e-02
9 153 2 2.461882e-02
10 153 2 2.200417e-02
11 153 2 1.664503e-02
12 153 2 1.388802e-02
1 154 2 3.593755e-02
2 154 2 3.574256e-02
3 154 2 3.719472e-02
4 154 2 3.563945e-02
5 154 2 3.332613e-02
6 154 2 2.997724e-02
7 154 2 2.830639e-02
8 154 2 2.948767e-02
9 154 2 3.324696e-02
10 154 2 3.736364e-02
11 154 2 3.937711e-02
12 154 2 3.807579e-02
1 157 2 1.432937e-03
2 157 2 1.487962e-03
3 157 2 1.593076e-03
4 157 2 1.570634e-03
5 157 2 1.530917e-03
6 157 2 1.439325e-03
7 157 2 1.373321e-03
8 157 2 1.359478e-03
9 157 2 1.349653e-03
10 157 2 1.373185e-03
11 157 2 1.383030e-03
12 157 2 1.401079e-03
1 163 2 6.656953e-03
2 163 2 6.746147e-03
3 163 2 6.946337e-03
4 163 2 7.363163e-03
5 163 2 7.370349e-03
6 163 2 6.814177e-03
7 163 2 6.299684e-03
8 163 2 5.915527e-03
9 163 2 6.000235e-03
10 163 2 6.348017e-03
11 163 2 6.596172e-03
12 163 2 6.647855e-03
1 164 2 2.520164e-02
2 164 2 2.498616e-02
3 164 2 2.568169e-02
4 164 2 2.687978e-02
5 164 2 2.656359e-02
6 164 2 2.456927e-02
7 164 2 2.274103e-02
8 164 2 2.221380e-02
9 164 2 2.378645e-02
10 164 2 2.605911e-02
11 164 2 2.658538e-02
12 164 2 2.614267e-02
1 165 2 1.113653e-02
2 165 2 1.091459e-02
3 165 2 1.105180e-02
4 165 2 1.129625e-02
5 165 2 1.117226e-02
6 165 2 1.028006e-02
7 165 2 9.692694e-03
8 165 2 9.810763e-03
9 165 2 1.045722e-02
10 165 2 1.118103e-02
11 165 2 1.176198e-02
12 165 2 1.177583e-02
1 166 2 4.866005e-03
2 166 2 4.817428e-03
3 166 2 4.737836e-03
4 166 2 4.715608e-03
5 166 2 4.561203e-03
6 166 2 4.218353e-03
7 166 2 3.983402e-03
8 166 2 4.013120e-03
9 166 2 4.163315e-03
10 166 2 4.379502e-03
11 166 2 4.721746e-03
12 166 2 4.959653e-03
1 170 2 2.203107e-04
2 170 2 2.422981e-04
3 170 2 2.380566e-04
4 170 2 2.163807e-04
5 170 2 1.803097e-04
6 170 2 1.516090e-04
7 170 2 1.433984e-04
8 170 2 1.368993e-04
9 170 2 1.392018e-04
10 170 2 1.550002e-04
11 170 2 1.710139e-04
12 170 2 1.969331e-04
1 171 2 7.935955e-04
2 171 2 8.711397e-04
3 171 2 8.816860e-04
4 171 2 7.844216e-04
5 171 2 6.525507e-04
6 171 2 5.592051e-04
7 171 2 5.076981e-04
8 171 2 4.810599e-04
9 171 2 4.880690e-04
10 171 2 5.308828e-04
11 171 2 6.059182e-04
12 171 2 7.158340e-04
1 175 2 2.282491e-05
2 175 2 2.413125e-05
3 175 2 2.420047e-05
4 175 2 2.266662e-05
5 175 2 1.969372e-05
6 175 2 1.794597e-05
7 175 2 1.757361e-05
8 175 2 1.742524e-05
9 175 2 1.620737e-05
10 175 2 1.638336e-05
11 175 2 1.712865e-05
12 175 2 1.998066e-05
1 176 2 1.623132e-02
2 176 2 1.635301e-02
3 176 2 1.600955e-02
4 176 2 1.413991e-02
5 176 2 1.143855e-02
6 176 2 1.036548e-02
7 176 2 1.034657e-02
8 176 2 1.180406e-02
9 176 2 1.285585e-02
10 176 2 1.372032e-02
11 176 2 1.464542e-02
12 176 2 1.555703e-02
1 177 2 7.229428e-02
2 177 2 7.025031e-02
3 177 2 6.632938e-02
4 177 2 5.800062e-02
5 177 2 4.742871e-02
6 177 2 4.050011e-02
7 177 2 4.213974e-02
8 177 2 5.049116e-02
9 177 2 6.345949e-02
10 177 2 6.599544e-02
11 177 2 6.733405e-02
12 177 2 6.747163e-02
1 178 2 2.631697e-02
2 178 2 2.600940e-02
3 178 2 2.493191e-02
4 178 2 2.089695e-02
5 178 2 1.819507e-02
6 178 2 1.537888e-02
7 178 2 1.464741e-02
8 178 2 1.475521e-02
9 178 2 1.682795e-02
10 178 2 1.810639e-02
11 178 2 2.045014e-02
12 178 2 2.270395e-02
1 181 2 3.221419e-04
2 181 2 3.402529e-04
3 181 2 3.449386e-04
4 181 2 3.298074e-04
5 181 2 2.719883e-04
6 181 2 2.351874e-04
7 181 2 2.079541e-04
8 181 2 2.128241e-04
9 181 2 2.305733e-04
10 181 2 2.496678e-04
11 181 2 2.827521e-04
12 181 2 3.010491e-04
1 182 2 3.839626e-02
2 182 2 3.548998e-02
3 182 2 3.346546e-02
4 182 2 2.795495e-02
5 182 2 2.189122e-02
6 182 2 1.637332e-02
7 182 2 1.623411e-02
8 182 2 2.255931e-02
9 182 2 3.130347e-02
10 182 2 3.839259e-02
11 182 2 4.243170e-02
12 182 2 4.072817e-02
1 183 2 8.161430e-03
2 183 2 7.840421e-03
3 183 2 7.485153e-03
4 183 2 6.786988e-03
5 183 2 5.710454e-03
6 183 2 4.634711e-03
7 183 2 4.312112e-03
8 183 2 5.120468e-03
9 183 2 5.953709e-03
10 183 2 7.043232e-03
11 183 2 7.667940e-03
12 183 2 7.886971e-03
1 184 2 2.546780e-03
2 184 2 2.580544e-03
3 184 2 2.499217e-03
4 184 2 2.249133e-03
5 184 2 1.869810e-03
6 184 2 1.511159e-03
7 184 2 1.362686e-03
8 184 2 1.423192e-03
9 184 2 1.507634e-03
10 184 2 1.731328e-03
11 184 2 2.025770e-03
12 184 2 2.308929e-03
1 188 2 1.261787e-03
2 188 2 1.250786e-03
3 188 2 1.159366e-03
4 188 2 9.467016e-04
5 188 2 6.690908e-04
6 188 2 5.089342e-04
7 188 2 4.379337e-04
8 188 2 4.454779e-04
9 188 2 6.033974e-04
10 188 2 7.929492e-04
11 188 2 9.443239e-04
12 188 2 1.177826e-03
1 189 2 1.100611e-03
2 189 2 1.017186e-03
3 189 2 9.226785e-04
4 189 2 6.819965e-04
5 189 2 4.515428e-04
6 189 2 3.193141e-04
7 189 2 3.035994e-04
8 189 2 3.729206e-04
9 189 2 5.999081e-04
10 189 2 8.541812e-04
11 189 2 1.038969e-03
12 189 2 1.085718e-03
1 190 2 4.504436e-03
2 190 2 4.268036e-03
3 190 2 3.704665e-03
4 190 2 2.623937e-03
5 190 2 1.830720e-03
6 190 2 1.328083e-03
7 190 2 1.247883e-03
8 190 2 1.504319e-03
9 190 2 2.112984e-03
10 190 2 2.880509e-03
11 190 2 3.774386e-03
12 190 2 4.234791e-03
1 191 2 3.084866e-03
2 191 2 3.196737e-03
3 191 2 3.107243e-03
4 191 2 2.566932e-03
5 191 2 2.110836e-03
6 191 2 1.734015e-03
7 191 2 1.524491e-03
8 191 2 1.548253e-03
9 191 2 1.689176e-03
10 191 2 1.895926e-03
11 191 2 2.331790e-03
12 191 2 2.743330e-03
1 192 2 1.522888e-03
2 192 2 1.645818e-03
3 192 2 1.603535e-03
4 192 2 1.388421e-03
5 192 2 1.173425e-03
6 192 2 9.991246e-04
7 192 2 8.780317e-04
8 192 2 8.158976e-04
9 192 2 8.400861e-04
10 192 2 9.225106e-04
11 192 2 1.101239e-03
12 192 2 1.322347e-03
1 200 2 7.005458e-02
2 200 2 7.206873e-02
3 200 2 5.893641e-02
4 200 2 3.896117e-02
5 200 2 2.550204e-02
6 200 2 2.076905e-02
7 200 2 1.973168e-02
8 200 2 2.127894e-02
9 200 2 2.357019e-02
10 200 2 3.013564e-02
11 200 2 4.187791e-02
12 200 2 5.769924e-02
1 201 2 4.844547e-02
2 201 2 4.998569e-02
3 201 2 4.575893e-02
4 201 2 3.522195e-02
5 201 2 2.654311e-02
6 201 2 2.195985e-02
7 201 2 2.075328e-02
8 201 2 2.146739e-02
9 201 2 2.124629e-02
10 201 2 2.528033e-02
11 201 2 3.222563e-02
12 201 2 4.013602e-02
1 206 2 2.551859e-02
2 206 2 2.756340e-02
3 206 2 2.493750e-02
4 206 2 2.128030e-02
5 206 2 1.759870e-02
6 206 2 1.534458e-02
7 206 2 1.316097e-02
8 206 2 1.292241e-02
9 206 2 1.398837e-02
10 206 2 1.583405e-02
11 206 2 1.856115e-02
12 206 2 2.186696e-02
1 207 2 9.680943e-04
2 207 2 1.057037e-03
3 207 2 1.002472e-03
4 207 2 9.089921e-04
5 207 2 8.061420e-04
6 207 2 6.914244e-04
7 207 2 6.094286e-04
8 207 2 6.001318e-04
9 207 2 6.054947e-04
10 207 2 6.669306e-04
11 207 2 7.187535e-04
12 207 2 8.222095e-04
1 212 2 1.776355e-03
2 212 2 1.896149e-03
3 212 2 1.683018e-03
4 212 2 1.414897e-03
5 212 2 1.102800e-03
6 212 2 8.900516e-04
7 212 2 7.387932e-04
8 212 2 7.140369e-04
9 212 2 8.109507e-04
10 212 2 9.568838e-04
11 212 2 1.135031e-03
12 212 2 1.500728e-03
1 213 2 3.866725e-04
2 213 2 4.226040e-04
3 213 2 3.581402e-04
4 213 2 3.030633e-04
5 213 2 2.338538e-04
6 213 2 1.802684e-04
7 213 2 1.529950e-04
8 213 2 1.493602e-04
9 213 2 1.799107e-04
10 213 2 2.217192e-04
11 213 2 2.722684e-04
12 213 2 3.331796e-04
1 214 2 1.375380e-02
2 214 2 1.458076e-02
3 214 2 1.171473e-02
4 214 2 8.700940e-03
5 214 2 6.431591e-03
6 214 2 4.739788e-03
7 214 2 4.104729e-03
8 214 2 4.231665e-03
9 214 2 5.341574e-03
10 214 2 7.161226e-03
11 214 2 9.803062e-03
12 214 2 1.188941e-02
1 215 2 5.099847e-03
2 215 2 5.245872e-03
3 215 2 4.890973e-03
4 215 2 3.897899e-03
5 215 2 3.166088e-03
6 215 2 2.543886e-03
7 215 2 2.198269e-03
8 215 2 2.203675e-03
9 215 2 2.478180e-03
10 215 2 2.948238e-03
11 215 2 3.712238e-03
12 215 2 4.484588e-03
1 216 2 2.765894e-03
2 216 2 2.887796e-03
3 216 2 2.708041e-03
4 216 2 2.201480e-03
5 216 2 1.762819e-03
6 216 2 1.516497e-03
7 216 2 1.332605e-03
8 216 2 1.274218e-03
9 216 2 1.322227e-03
10 216 2 1.502835e-03
11 216 2 1.807656e-03
12 216 2 2.323164e-03
1 224 2 2.048197e-03
2 224 2 2.239165e-03
3 224 2 1.953944e-03
4 224 2 1.682639e-03
5 224 2 1.358763e-03
6 224 2 1.154685e-03
7 224 2 1.049020e-03
8 224 2 1.095689e-03
9 224 2 1.126791e-03
10 224 2 1.328996e-03
11 224 2 1.587084e-03
12 224 2 1.893517e-03
1 240 2 1.707982e-04
2 240 2 1.742131e-04
3 240 2 1.593137e-04
4 240 2 1.406989e-04
5 240 2 1.222855e-04
6 240 2 1.054755e-04
7 240 2 1.033359e-04
8 240 2 1.065333e-04
9 240 2 1.037037e-04
10 240 2 1.116781e-04
11 240 2 1.227068e-04
12 240 2 1.520737e-04
