1 7 2 1.157307e-07
2 7 2 9.886748e-08
3 7 2 1.081259e-07
4 7 2 2.794612e-07
5 7 2 9.615467e-07
6 7 2 2.589807e-06
7 7 2 3.504085e-06
8 7 2 2.389118e-06
9 7 2 1.033213e-06
10 7 2 4.529578e-07
11 7 2 2.399832e-07
12 7 2 1.415745e-07
1 25 2 6.047273e-05
2 25 2 5.741861e-05
3 25 2 8.089334e-05
4 25 2 1.476124e-04
5 25 2 4.129484e-04
6 25 2 7.488293e-04
7 25 2 9.078004e-04
8 25 2 6.961224e-04
9 25 2 3.933460e-04
10 25 2 1.840717e-04
11 25 2 8.776752e-05
12 25 2 5.082589e-05
1 26 2 7.412862e-05
2 26 2 6.100856e-05
3 26 2 1.008826e-04
4 26 2 2.251783e-04
5 26 2 6.342927e-04
6 26 2 1.211481e-03
7 26 2 1.314454e-03
8 26 2 9.834783e-04
9 26 2 5.379109e-04
10 26 2 2.165302e-04
11 26 2 1.131282e-04
12 26 2 6.994141e-05
1 27 2 3.246441e-04
2 27 2 2.866317e-04
3 27 2 5.024638e-04
4 27 2 1.279714e-03
5 27 2 3.603769e-03
6 27 2 7.449428e-03
7 27 2 8.401694e-03
8 27 2 6.323734e-03
9 27 2 3.267882e-03
10 27 2 1.227169e-03
11 27 2 6.503556e-04
12 27 2 4.022897e-04
1 28 2 1.202440e-05
2 28 2 1.094252e-05
3 28 2 1.840342e-05
4 28 2 5.002490e-05
5 28 2 1.428517e-04
6 28 2 3.058431e-04
7 28 2 3.646361e-04
8 28 2 2.747574e-04
9 28 2 1.413410e-04
10 28 2 5.504547e-05
11 28 2 2.747950e-05
12 28 2 1.713194e-05
1 29 2 1.611852e-05
2 29 2 1.524817e-05
3 29 2 2.429109e-05
4 29 2 7.303928e-05
5 29 2 2.184195e-04
6 29 2 5.375503e-04
7 29 2 7.322673e-04
8 29 2 5.448120e-04
9 29 2 2.502048e-04
10 29 2 9.273522e-05
11 29 2 4.383631e-05
12 29 2 2.736454e-05
1 30 2 3.655690e-06
2 30 2 3.197128e-06
3 30 2 5.081355e-06
4 30 2 1.555259e-05
5 30 2 4.308310e-05
6 30 2 1.171693e-04
7 30 2 1.698313e-04
8 30 2 1.300579e-04
9 30 2 5.884672e-05
10 30 2 2.303367e-05
11 30 2 1.062480e-05
12 30 2 6.363174e-06
1 31 2 6.525444e-06
2 31 2 5.028404e-06
3 31 2 7.638756e-06
4 31 2 2.126119e-05
5 31 2 5.490671e-05
6 31 2 1.445666e-04
7 31 2 2.038710e-04
8 31 2 1.645596e-04
9 31 2 8.232367e-05
10 31 2 3.770018e-05
11 31 2 1.810069e-05
12 31 2 1.008655e-05
1 32 2 7.717691e-06
2 32 2 6.388763e-06
3 32 2 8.930389e-06
4 32 2 1.984368e-05
5 32 2 5.299980e-05
6 32 2 1.255461e-04
7 32 2 1.619694e-04
8 32 2 1.337940e-04
9 32 2 7.471209e-05
10 32 2 3.851483e-05
11 32 2 1.990289e-05
12 32 2 1.032184e-05
1 35 2 4.352595e-04
2 35 2 4.147368e-04
3 35 2 4.505269e-04
4 35 2 6.003678e-04
5 35 2 9.411565e-04
6 35 2 1.437351e-03
7 35 2 1.729575e-03
8 35 2 1.588208e-03
9 35 2 1.079407e-03
10 35 2 7.804102e-04
11 35 2 5.911190e-04
12 35 2 4.802307e-04
1 36 2 5.224472e-05
2 36 2 4.904762e-05
3 36 2 5.435927e-05
4 36 2 6.529024e-05
5 36 2 8.929525e-05
6 36 2 1.288158e-04
7 36 2 1.517086e-04
8 36 2 1.545497e-04
9 36 2 1.179724e-04
10 36 2 9.242659e-05
11 36 2 7.074200e-05
12 36 2 5.861575e-05
1 37 2 1.359602e-03
2 37 2 1.315905e-03
3 37 2 1.658102e-03
4 37 2 2.132097e-03
5 37 2 3.223323e-03
6 37 2 4.888868e-03
7 37 2 5.686005e-03
8 37 2 5.589477e-03
9 37 2 4.113335e-03
10 37 2 3.084282e-03
11 37 2 2.173837e-03
12 37 2 1.665344e-03
1 38 2 6.872421e-03
2 38 2 6.866259e-03
3 38 2 1.045984e-02
4 38 2 1.550844e-02
5 38 2 2.831439e-02
6 38 2 5.024172e-02
7 38 2 5.955959e-02
8 38 2 5.165548e-02
9 38 2 3.336550e-02
10 38 2 2.280529e-02
11 38 2 1.303139e-02
12 38 2 9.403953e-03
1 39 2 6.194554e-03
2 39 2 6.453479e-03
3 39 2 1.045330e-02
4 39 2 1.614077e-02
5 39 2 3.131844e-02
6 39 2 6.054643e-02
7 39 2 7.518173e-02
8 39 2 6.086846e-02
9 39 2 3.836614e-02
10 39 2 2.422776e-02
11 39 2 1.226357e-02
12 39 2 8.951515e-03
1 40 2 1.532083e-03
2 40 2 1.680961e-03
3 40 2 2.997969e-03
4 40 2 5.041323e-03
5 40 2 1.102058e-02
6 40 2 2.502158e-02
7 40 2 3.130586e-02
8 40 2 2.296519e-02
9 40 2 1.414633e-02
10 40 2 7.622173e-03
11 40 2 3.265119e-03
12 40 2 2.432411e-03
1 41 2 8.157785e-04
2 41 2 8.721079e-04
3 41 2 1.747675e-03
4 41 2 3.112733e-03
5 41 2 7.807192e-03
6 41 2 1.981155e-02
7 41 2 2.561515e-02
8 41 2 1.796635e-02
9 41 2 1.004043e-02
10 41 2 4.351616e-03
11 41 2 1.671774e-03
12 41 2 1.393402e-03
1 42 2 4.412780e-04
2 42 2 4.615856e-04
3 42 2 9.954029e-04
4 42 2 1.963623e-03
5 42 2 5.582251e-03
6 42 2 1.548349e-02
7 42 2 2.167507e-02
8 42 2 1.447496e-02
9 42 2 6.854649e-03
10 42 2 2.453206e-03
11 42 2 9.146019e-04
12 42 2 7.502978e-04
1 43 2 1.237066e-05
2 43 2 1.282678e-05
3 43 2 3.026454e-05
4 43 2 7.384637e-05
5 43 2 2.471773e-04
6 43 2 7.289645e-04
7 43 2 1.065645e-03
8 43 2 6.689380e-04
9 43 2 2.735413e-04
10 43 2 8.398411e-05
11 43 2 2.864039e-05
12 43 2 2.006854e-05
1 44 2 5.111143e-05
2 44 2 5.135548e-05
3 44 2 1.117061e-04
4 44 2 3.019946e-04
5 44 2 1.128242e-03
6 44 2 3.555466e-03
7 44 2 5.196509e-03
8 44 2 3.133463e-03
9 44 2 1.129566e-03
10 44 2 3.346676e-04
11 44 2 1.098389e-04
12 44 2 7.426340e-05
1 45 2 1.174251e-04
2 45 2 1.315993e-04
3 45 2 2.397966e-04
4 45 2 7.071794e-04
5 45 2 2.961530e-03
6 45 2 9.826663e-03
7 45 2 1.374737e-02
8 45 2 8.370760e-03
9 45 2 2.878516e-03
10 45 2 7.349452e-04
11 45 2 2.130290e-04
12 45 2 1.392252e-04
1 46 2 5.326368e-05
2 46 2 6.700702e-05
3 46 2 1.053300e-04
4 46 2 2.924906e-04
5 46 2 1.148599e-03
6 46 2 3.562824e-03
7 46 2 4.984140e-03
8 46 2 3.123120e-03
9 46 2 1.173133e-03
10 46 2 2.843534e-04
11 46 2 7.817998e-05
12 46 2 5.575326e-05
1 47 2 7.000948e-05
2 47 2 8.909671e-05
3 47 2 1.255512e-04
4 47 2 2.813009e-04
5 47 2 9.588140e-04
6 47 2 2.641531e-03
7 47 2 3.582480e-03
8 47 2 2.429178e-03
9 47 2 1.029074e-03
10 47 2 3.174058e-04
11 47 2 9.364303e-05
12 47 2 7.118115e-05
1 48 2 9.481645e-05
2 48 2 1.089193e-04
3 48 2 1.498123e-04
4 48 2 2.925519e-04
5 48 2 9.078445e-04
6 48 2 2.088198e-03
7 48 2 2.775021e-03
8 48 2 1.952387e-03
9 48 2 9.294148e-04
10 48 2 3.465187e-04
11 48 2 1.247424e-04
12 48 2 8.272156e-05
1 49 2 3.854392e-05
2 49 2 3.507156e-05
3 49 2 3.978144e-05
4 49 2 4.656065e-05
5 49 2 6.659165e-05
6 49 2 1.013153e-04
7 49 2 1.510952e-04
8 49 2 1.420838e-04
9 49 2 9.910180e-05
10 49 2 7.091687e-05
11 49 2 5.177505e-05
12 49 2 3.776981e-05
1 50 2 1.573010e-04
2 50 2 1.357821e-04
3 50 2 1.591576e-04
4 50 2 1.814232e-04
5 50 2 2.553404e-04
6 50 2 3.747086e-04
7 50 2 5.171529e-04
8 50 2 4.973268e-04
9 50 2 3.601098e-04
10 50 2 2.567014e-04
11 50 2 1.921874e-04
12 50 2 1.513266e-04
1 51 2 6.030128e-05
2 51 2 5.503436e-05
3 51 2 5.980091e-05
4 51 2 6.903003e-05
5 51 2 9.408968e-05
6 51 2 1.319533e-04
7 51 2 1.719544e-04
8 51 2 1.705266e-04
9 51 2 1.416826e-04
10 51 2 9.965591e-05
11 51 2 7.468844e-05
12 51 2 6.259120e-05
1 52 2 2.220796e-02
2 52 2 2.334247e-02
3 52 2 2.932344e-02
4 52 2 4.274959e-02
5 52 2 7.229517e-02
6 52 2 9.949434e-02
7 52 2 1.276200e-01
8 52 2 1.193684e-01
9 52 2 9.635859e-02
10 52 2 5.504630e-02
11 52 2 3.313248e-02
12 52 2 2.555020e-02
1 53 2 5.832745e-03
2 53 2 7.317964e-03
3 53 2 1.239817e-02
4 53 2 2.706151e-02
5 53 2 5.153339e-02
6 53 2 7.695247e-02
7 53 2 1.068191e-01
8 53 2 9.102236e-02
9 53 2 6.160464e-02
10 53 2 2.717024e-02
11 53 2 1.211866e-02
12 53 2 7.677662e-03
1 54 2 3.097725e-03
2 54 2 4.018543e-03
3 54 2 7.514838e-03
4 54 2 1.867363e-02
5 54 2 3.678124e-02
6 54 2 7.104457e-02
7 54 2 1.009222e-01
8 54 2 8.462584e-02
9 54 2 5.132424e-02
10 54 2 2.182806e-02
11 54 2 9.356506e-03
12 54 2 5.161231e-03
1 55 2 2.032940e-03
2 55 2 2.267270e-03
3 55 2 4.229531e-03
4 55 2 9.903659e-03
5 55 2 1.965288e-02
6 55 2 4.197065e-02
7 55 2 5.834239e-02
8 55 2 5.031524e-02
9 55 2 3.190666e-02
10 55 2 1.529874e-02
11 55 2 7.157693e-03
12 55 2 4.098516e-03
1 56 2 7.121406e-03
2 56 2 7.390465e-03
3 56 2 1.280048e-02
4 56 2 2.854325e-02
5 56 2 6.239173e-02
6 56 2 1.229878e-01
7 56 2 1.700414e-01
8 56 2 1.411258e-01
9 56 2 9.224315e-02
10 56 2 4.752702e-02
11 56 2 2.142694e-02
12 56 2 1.228856e-02
1 57 2 1.438831e-03
2 57 2 1.372787e-03
3 57 2 1.688450e-03
4 57 2 2.562803e-03
5 57 2 4.287971e-03
6 57 2 6.977063e-03
7 57 2 9.935418e-03
8 57 2 8.954238e-03
9 57 2 6.661960e-03
10 57 2 4.279296e-03
11 57 2 2.616812e-03
12 57 2 1.880584e-03
1 60 2 1.477975e-01
2 60 2 1.431285e-01
3 60 2 1.641400e-01
4 60 2 1.946676e-01
5 60 2 2.400096e-01
6 60 2 3.158511e-01
7 60 2 3.677138e-01
8 60 2 3.678684e-01
9 60 2 3.121893e-01
10 60 2 2.548501e-01
11 60 2 2.038205e-01
12 60 2 1.689463e-01
1 61 2 4.252885e-01
2 61 2 4.278467e-01
3 61 2 6.017591e-01
4 61 2 9.063762e-01
5 61 2 1.322126e+00
6 61 2 1.862662e+00
7 61 2 2.204280e+00
8 61 2 2.120700e+00
9 61 2 1.647839e+00
10 61 2 1.120870e+00
11 61 2 7.312117e-01
12 61 2 5.128658e-01
1 62 2 9.250858e-02
2 62 2 1.013187e-01
3 62 2 1.594941e-01
4 62 2 2.887330e-01
5 62 2 4.952393e-01
6 62 2 7.025364e-01
7 62 2 8.590601e-01
8 62 2 8.019014e-01
9 62 2 5.587828e-01
10 62 2 3.332239e-01
11 62 2 1.809553e-01
12 62 2 1.177606e-01
1 63 2 9.458273e-02
2 63 2 1.148194e-01
3 63 2 1.921230e-01
4 63 2 4.040833e-01
5 63 2 7.755024e-01
6 63 2 1.152908e+00
7 63 2 1.474290e+00
8 63 2 1.282922e+00
9 63 2 7.835683e-01
10 63 2 4.279151e-01
11 63 2 1.976571e-01
12 63 2 1.293947e-01
1 64 2 2.259442e-02
2 64 2 2.894581e-02
3 64 2 5.511981e-02
4 64 2 1.305604e-01
5 64 2 2.796193e-01
6 64 2 4.478861e-01
7 64 2 5.677054e-01
8 64 2 4.438188e-01
9 64 2 2.541241e-01
10 64 2 1.123426e-01
11 64 2 5.133506e-02
12 64 2 3.513155e-02
1 65 2 7.643830e-03
2 65 2 9.478397e-03
3 65 2 2.076539e-02
4 65 2 5.855912e-02
5 65 2 1.227798e-01
6 65 2 2.086689e-01
7 65 2 2.704645e-01
8 65 2 2.018601e-01
9 65 2 1.144887e-01
10 65 2 4.062701e-02
11 65 2 1.788481e-02
12 65 2 1.296110e-02
1 66 2 5.061354e-03
2 66 2 6.257412e-03
3 66 2 1.487566e-02
4 66 2 4.880210e-02
5 66 2 1.014735e-01
6 66 2 1.744883e-01
7 66 2 2.406484e-01
8 66 2 1.819305e-01
9 66 2 1.029151e-01
10 66 2 3.409696e-02
11 66 2 1.306646e-02
12 66 2 8.104872e-03
1 67 2 1.737029e-03
2 67 2 2.316248e-03
3 67 2 5.890234e-03
4 67 2 2.175904e-02
5 67 2 4.936999e-02
6 67 2 8.420088e-02
7 67 2 1.177221e-01
8 67 2 9.059681e-02
9 67 2 4.955015e-02
10 67 2 1.822190e-02
11 67 2 5.761903e-03
12 67 2 2.593402e-03
1 68 2 4.356569e-04
2 68 2 5.849700e-04
3 68 2 1.737328e-03
4 68 2 7.985676e-03
5 68 2 2.176199e-02
6 68 2 4.170272e-02
7 68 2 5.979381e-02
8 68 2 4.447068e-02
9 68 2 2.134191e-02
10 68 2 7.840762e-03
11 68 2 1.787972e-03
12 68 2 6.221520e-04
1 69 2 2.662143e-04
2 69 2 3.774424e-04
3 69 2 9.026277e-04
4 69 2 3.958077e-03
5 69 2 1.269176e-02
6 69 2 3.003647e-02
7 69 2 4.400319e-02
8 69 2 3.387355e-02
9 69 2 1.455186e-02
10 69 2 4.731702e-03
11 69 2 9.168332e-04
12 69 2 3.447887e-04
1 70 2 1.098046e-03
2 70 2 1.283406e-03
3 70 2 1.839083e-03
4 70 2 4.798074e-03
5 70 2 1.203204e-02
6 70 2 2.921723e-02
7 70 2 4.729342e-02
8 70 2 4.310342e-02
9 70 2 2.225572e-02
10 70 2 7.933029e-03
11 70 2 2.412754e-03
12 70 2 1.358206e-03
1 71 2 8.886478e-04
2 71 2 9.017696e-04
3 71 2 1.020421e-03
4 71 2 1.637467e-03
5 71 2 3.171165e-03
6 71 2 6.615349e-03
7 71 2 1.015248e-02
8 71 2 1.009411e-02
9 71 2 6.476288e-03
10 71 2 3.084570e-03
11 71 2 1.473577e-03
12 71 2 1.023449e-03
1 72 2 3.740531e-06
2 72 2 3.572533e-06
3 72 2 3.870469e-06
4 72 2 4.934885e-06
5 72 2 7.678317e-06
6 72 2 1.336053e-05
7 72 2 2.069393e-05
8 72 2 1.990271e-05
9 72 2 1.392460e-05
10 72 2 8.443088e-06
11 72 2 5.202106e-06
12 72 2 3.714987e-06
1 76 2 5.494595e-02
2 76 2 5.026990e-02
3 76 2 5.077584e-02
4 76 2 5.523202e-02
5 76 2 7.508886e-02
6 76 2 1.070719e-01
7 76 2 1.435775e-01
8 76 2 1.532235e-01
9 76 2 1.459922e-01
10 76 2 9.749364e-02
11 76 2 6.293624e-02
12 76 2 5.504321e-02
1 77 2 5.346284e-02
2 77 2 6.942107e-02
3 77 2 9.093745e-02
4 77 2 1.469749e-01
5 77 2 2.467768e-01
6 77 2 3.809976e-01
7 77 2 5.176730e-01
8 77 2 4.913556e-01
9 77 2 3.639754e-01
10 77 2 1.838847e-01
11 77 2 8.068914e-02
12 77 2 5.085796e-02
1 78 2 6.125439e-02
2 78 2 8.369549e-02
3 78 2 1.165510e-01
4 78 2 2.090465e-01
5 78 2 3.268883e-01
6 78 2 5.189852e-01
7 78 2 6.406298e-01
8 78 2 5.998720e-01
9 78 2 3.889505e-01
10 78 2 2.062681e-01
11 78 2 1.113892e-01
12 78 2 6.430875e-02
1 79 2 1.969788e-01
2 79 2 2.416963e-01
3 79 2 3.548799e-01
4 79 2 5.886271e-01
5 79 2 8.942879e-01
6 79 2 1.460972e+00
7 79 2 1.790238e+00
8 79 2 1.695933e+00
9 79 2 1.171052e+00
10 79 2 7.069002e-01
11 79 2 4.027553e-01
12 79 2 2.467205e-01
1 80 2 9.615553e-02
2 80 2 9.634328e-02
3 80 2 1.210614e-01
4 80 2 1.636888e-01
5 80 2 2.441274e-01
6 80 2 3.714310e-01
7 80 2 4.782738e-01
8 80 2 4.734831e-01
9 80 2 3.929823e-01
10 80 2 2.755216e-01
11 80 2 1.607284e-01
12 80 2 1.188050e-01
1 81 2 2.173590e-08
2 81 2 1.969797e-08
3 81 2 2.074731e-08
4 81 2 2.460122e-08
5 81 2 3.542553e-08
6 81 2 4.773489e-08
7 81 2 6.369399e-08
8 81 2 6.834224e-08
9 81 2 6.214442e-08
10 81 2 4.768299e-08
11 81 2 3.152028e-08
12 81 2 2.580553e-08
1 84 2 1.364814e-01
2 84 2 1.442952e-01
3 84 2 1.784643e-01
4 84 2 2.255231e-01
5 84 2 3.023584e-01
6 84 2 4.954362e-01
7 84 2 6.635493e-01
8 84 2 6.358450e-01
9 84 2 4.771042e-01
10 84 2 3.011007e-01
11 84 2 2.022725e-01
12 84 2 1.545143e-01
1 85 2 1.441168e-01
2 85 2 1.622869e-01
3 85 2 2.109991e-01
4 85 2 3.065621e-01
5 85 2 4.907391e-01
6 85 2 7.496808e-01
7 85 2 1.037253e+00
8 85 2 9.867478e-01
9 85 2 7.105254e-01
10 85 2 3.919300e-01
11 85 2 2.210320e-01
12 85 2 1.603810e-01
1 86 2 4.334646e-02
2 86 2 4.907726e-02
3 86 2 6.271712e-02
4 86 2 9.109818e-02
5 86 2 1.464128e-01
6 86 2 2.124418e-01
7 86 2 2.918385e-01
8 86 2 2.927932e-01
9 86 2 2.167227e-01
10 86 2 1.256751e-01
11 86 2 6.922805e-02
12 86 2 4.947681e-02
1 87 2 3.455123e-02
2 87 2 4.674385e-02
3 87 2 6.674164e-02
4 87 2 1.055033e-01
5 87 2 1.850916e-01
6 87 2 2.782161e-01
7 87 2 3.771749e-01
8 87 2 3.843286e-01
9 87 2 2.786400e-01
10 87 2 1.568817e-01
11 87 2 6.892969e-02
12 87 2 4.189877e-02
1 88 2 1.765662e-02
2 88 2 2.507382e-02
3 88 2 3.931946e-02
4 88 2 7.460446e-02
5 88 2 1.531103e-01
6 88 2 2.406474e-01
7 88 2 3.081825e-01
8 88 2 2.703001e-01
9 88 2 1.746680e-01
10 88 2 8.254485e-02
11 88 2 4.231818e-02
12 88 2 2.350620e-02
1 89 2 1.626281e-02
2 89 2 2.262760e-02
3 89 2 4.294647e-02
4 89 2 8.077499e-02
5 89 2 1.611958e-01
6 89 2 2.408078e-01
7 89 2 2.809178e-01
8 89 2 2.460170e-01
9 89 2 1.605520e-01
10 89 2 7.640196e-02
11 89 2 4.204018e-02
12 89 2 2.326942e-02
1 90 2 3.638469e-03
2 90 2 4.795382e-03
3 90 2 9.515921e-03
4 90 2 1.707905e-02
5 90 2 2.622389e-02
6 90 2 3.471172e-02
7 90 2 3.898340e-02
8 90 2 3.607044e-02
9 90 2 2.628659e-02
10 90 2 1.567883e-02
11 90 2 8.644577e-03
12 90 2 4.921168e-03
1 91 2 1.603230e-04
2 91 2 2.268499e-04
3 91 2 4.739397e-04
4 91 2 8.955972e-04
5 91 2 1.321762e-03
6 91 2 1.680082e-03
7 91 2 1.886488e-03
8 91 2 1.730090e-03
9 91 2 1.243971e-03
10 91 2 7.700208e-04
11 91 2 3.990859e-04
12 91 2 2.048733e-04
1 92 2 9.038553e-04
2 92 2 1.291102e-03
3 92 2 3.236468e-03
4 92 2 7.721462e-03
5 92 2 1.456156e-02
6 92 2 2.231343e-02
7 92 2 2.678427e-02
8 92 2 2.437798e-02
9 92 2 1.525110e-02
10 92 2 8.105469e-03
11 92 2 3.178970e-03
12 92 2 1.364654e-03
1 93 2 1.923352e-02
2 93 2 2.320696e-02
3 93 2 4.771474e-02
4 93 2 1.112045e-01
5 93 2 1.983826e-01
6 93 2 3.148192e-01
7 93 2 4.223135e-01
8 93 2 4.151702e-01
9 93 2 2.792455e-01
10 93 2 1.608115e-01
11 93 2 6.886824e-02
12 93 2 2.868500e-02
1 94 2 4.357016e-02
2 94 2 4.335050e-02
3 94 2 5.788340e-02
4 94 2 1.025801e-01
5 94 2 1.750979e-01
6 94 2 2.757131e-01
7 94 2 3.808966e-01
8 94 2 4.150929e-01
9 94 2 3.419183e-01
10 94 2 2.063813e-01
11 94 2 1.107699e-01
12 94 2 6.052204e-02
1 98 2 6.961276e-03
2 98 2 6.480025e-03
3 98 2 6.101947e-03
4 98 2 6.496816e-03
5 98 2 7.373440e-03
6 98 2 8.437396e-03
7 98 2 9.490338e-03
8 98 2 1.000235e-02
9 98 2 9.870084e-03
10 98 2 9.329865e-03
11 98 2 8.392148e-03
12 98 2 7.636944e-03
1 101 2 8.595178e-03
2 101 2 8.831838e-03
3 101 2 9.050346e-03
4 101 2 1.116045e-02
5 101 2 1.435256e-02
6 101 2 1.675811e-02
7 101 2 1.788832e-02
8 101 2 1.792473e-02
9 101 2 1.723223e-02
10 101 2 1.477487e-02
11 101 2 1.136147e-02
12 101 2 9.112714e-03
1 102 2 7.770404e-02
2 102 2 8.783369e-02
3 102 2 1.079492e-01
4 102 2 1.350228e-01
5 102 2 1.562533e-01
6 102 2 1.705785e-01
7 102 2 1.753819e-01
8 102 2 1.775980e-01
9 102 2 1.600654e-01
10 102 2 1.233146e-01
11 102 2 9.897538e-02
12 102 2 8.112262e-02
1 103 2 6.919672e-02
2 103 2 7.061582e-02
3 103 2 7.696239e-02
4 103 2 8.696459e-02
5 103 2 1.012772e-01
6 103 2 1.158988e-01
7 103 2 1.253877e-01
8 103 2 1.315917e-01
9 103 2 1.290642e-01
10 103 2 1.127909e-01
11 103 2 9.278823e-02
12 103 2 7.715034e-02
1 104 2 1.441953e-02
2 104 2 1.383661e-02
3 104 2 1.398696e-02
4 104 2 1.533468e-02
5 104 2 1.793102e-02
6 104 2 2.057671e-02
7 104 2 2.309376e-02
8 104 2 2.494690e-02
9 104 2 2.514770e-02
10 104 2 2.349293e-02
11 104 2 1.932505e-02
12 104 2 1.600112e-02
1 107 2 7.115314e-03
2 107 2 7.506527e-03
3 107 2 8.764139e-03
4 107 2 1.004274e-02
5 107 2 1.126230e-02
6 107 2 1.441845e-02
7 107 2 1.575998e-02
8 107 2 1.569621e-02
9 107 2 1.469400e-02
10 107 2 1.256854e-02
11 107 2 9.991531e-03
12 107 2 7.813754e-03
1 108 2 6.995367e-04
2 108 2 8.940087e-04
3 108 2 1.298643e-03
4 108 2 2.011315e-03
5 108 2 3.122098e-03
6 108 2 4.285177e-03
7 108 2 4.587153e-03
8 108 2 4.054077e-03
9 108 2 3.280388e-03
10 108 2 2.263241e-03
11 108 2 1.178919e-03
12 108 2 7.504968e-04
1 109 2 1.327374e-03
2 109 2 1.753268e-03
3 109 2 2.742225e-03
4 109 2 4.758897e-03
5 109 2 8.108130e-03
6 109 2 1.022071e-02
7 109 2 1.038516e-02
8 109 2 9.546881e-03
9 109 2 7.666419e-03
10 109 2 5.379251e-03
11 109 2 2.392557e-03
12 109 2 1.397643e-03
1 110 2 5.838624e-04
2 110 2 7.437289e-04
3 110 2 1.194467e-03
4 110 2 1.848988e-03
5 110 2 2.867706e-03
6 110 2 3.320941e-03
7 110 2 3.570332e-03
8 110 2 3.531031e-03
9 110 2 2.973045e-03
10 110 2 2.167538e-03
11 110 2 1.048449e-03
12 110 2 6.171282e-04
1 111 2 2.007100e-02
2 111 2 2.510296e-02
3 111 2 4.064115e-02
4 111 2 6.159505e-02
5 111 2 9.309192e-02
6 111 2 1.193884e-01
7 111 2 1.262025e-01
8 111 2 1.249987e-01
9 111 2 1.064473e-01
10 111 2 6.929205e-02
11 111 2 3.732712e-02
12 111 2 2.280009e-02
1 112 2 2.310022e-02
2 112 2 2.978491e-02
3 112 2 5.225122e-02
4 112 2 8.689073e-02
5 112 2 1.321320e-01
6 112 2 1.610185e-01
7 112 2 1.639930e-01
8 112 2 1.528584e-01
9 112 2 1.166906e-01
10 112 2 7.746776e-02
11 112 2 4.445841e-02
12 112 2 2.732813e-02
1 113 2 1.324760e-02
2 113 2 1.678348e-02
3 113 2 2.819634e-02
4 113 2 4.216506e-02
5 113 2 5.188814e-02
6 113 2 4.530603e-02
7 113 2 3.887525e-02
8 113 2 3.712903e-02
9 113 2 3.672236e-02
10 113 2 3.353102e-02
11 113 2 2.345285e-02
12 113 2 1.584029e-02
1 114 2 3.613059e-02
2 114 2 4.899492e-02
3 114 2 8.729281e-02
4 114 2 1.272454e-01
5 114 2 1.468037e-01
6 114 2 1.074686e-01
7 114 2 8.876178e-02
8 114 2 8.136094e-02
9 114 2 7.851620e-02
10 114 2 7.027344e-02
11 114 2 5.357096e-02
12 114 2 3.968199e-02
1 115 2 1.265705e-02
2 115 2 1.841487e-02
3 115 2 2.919057e-02
4 115 2 3.618427e-02
5 115 2 3.231426e-02
6 115 2 3.000273e-02
7 115 2 2.893708e-02
8 115 2 2.776308e-02
9 115 2 2.553375e-02
10 115 2 2.281831e-02
11 115 2 1.733376e-02
12 115 2 1.243567e-02
1 116 2 1.028793e-02
2 116 2 1.316981e-02
3 116 2 2.013977e-02
4 116 2 2.850711e-02
5 116 2 3.315557e-02
6 116 2 3.775578e-02
7 116 2 3.958253e-02
8 116 2 3.788926e-02
9 116 2 3.069452e-02
10 116 2 2.453958e-02
11 116 2 1.782753e-02
12 116 2 1.174401e-02
1 117 2 2.619045e-03
2 117 2 2.734938e-03
3 117 2 3.453975e-03
4 117 2 4.728047e-03
5 117 2 6.020784e-03
6 117 2 7.133298e-03
7 117 2 7.594139e-03
8 117 2 7.584180e-03
9 117 2 6.920105e-03
10 117 2 5.924028e-03
11 117 2 4.782243e-03
12 117 2 3.454631e-03
1 126 2 1.585115e-04
2 126 2 1.647565e-04
3 126 2 1.785735e-04
4 126 2 1.885628e-04
5 126 2 1.863017e-04
6 126 2 1.731466e-04
7 126 2 1.669033e-04
8 126 2 1.685339e-04
9 126 2 1.676417e-04
10 126 2 1.647348e-04
11 126 2 1.609663e-04
12 126 2 1.585292e-04
1 127 2 1.596098e-02
2 127 2 1.623264e-02
3 127 2 1.713321e-02
4 127 2 1.778791e-02
5 127 2 1.803025e-02
6 127 2 1.746457e-02
7 127 2 1.746940e-02
8 127 2 1.787029e-02
9 127 2 1.767979e-02
10 127 2 1.697122e-02
11 127 2 1.644722e-02
12 127 2 1.624363e-02
1 128 2 7.231125e-02
2 128 2 7.426299e-02
3 128 2 7.623569e-02
4 128 2 7.441899e-02
5 128 2 7.239132e-02
6 128 2 7.021676e-02
7 128 2 7.483811e-02
8 128 2 8.509125e-02
9 128 2 8.947266e-02
10 128 2 8.451115e-02
11 128 2 7.685054e-02
12 128 2 7.240851e-02
1 129 2 2.062451e-03
2 129 2 2.034133e-03
3 129 2 2.085436e-03
4 129 2 2.145914e-03
5 129 2 2.179025e-03
6 129 2 2.237973e-03
7 129 2 2.338460e-03
8 129 2 2.548918e-03
9 129 2 2.663082e-03
10 129 2 2.674815e-03
11 129 2 2.442197e-03
12 129 2 2.169595e-03
1 133 2 4.429316e-02
2 133 2 5.149736e-02
3 133 2 6.181980e-02
4 133 2 6.347259e-02
5 133 2 6.054635e-02
6 133 2 5.565027e-02
7 133 2 4.966839e-02
8 133 2 4.650880e-02
9 133 2 4.849832e-02
10 133 2 5.165258e-02
11 133 2 4.927739e-02
12 133 2 4.311774e-02
1 135 2 1.914447e-03
2 135 2 2.156912e-03
3 135 2 2.565061e-03
4 135 2 2.762452e-03
5 135 2 2.654451e-03
6 135 2 2.368042e-03
7 135 2 2.045754e-03
8 135 2 2.066227e-03
9 135 2 2.195603e-03
10 135 2 2.064837e-03
11 135 2 1.979128e-03
12 135 2 1.859120e-03
1 136 2 2.144199e-03
2 136 2 2.206815e-03
3 136 2 2.729138e-03
4 136 2 3.317802e-03
5 136 2 3.633142e-03
6 136 2 3.314811e-03
7 136 2 2.933221e-03
8 136 2 2.926493e-03
9 136 2 2.941619e-03
10 136 2 2.767175e-03
11 136 2 2.616350e-03
12 136 2 2.323351e-03
1 137 2 5.199494e-04
2 137 2 5.454805e-04
3 137 2 6.254047e-04
4 137 2 6.872280e-04
5 137 2 6.783357e-04
6 137 2 6.241368e-04
7 137 2 5.773930e-04
8 137 2 5.571266e-04
9 137 2 5.574766e-04
10 137 2 5.807620e-04
11 137 2 5.741924e-04
12 137 2 5.414120e-04
1 138 2 2.084113e-02
2 138 2 2.291815e-02
3 138 2 2.658844e-02
4 138 2 2.959128e-02
5 138 2 2.985578e-02
6 138 2 2.624023e-02
7 138 2 2.430906e-02
8 138 2 2.344307e-02
9 138 2 2.350704e-02
10 138 2 2.364402e-02
11 138 2 2.293515e-02
12 138 2 2.127043e-02
1 139 2 3.521017e-02
2 139 2 4.009788e-02
3 139 2 4.480544e-02
4 139 2 4.702649e-02
5 139 2 4.636378e-02
6 139 2 4.317726e-02
7 139 2 4.085222e-02
8 139 2 3.932701e-02
9 139 2 3.881727e-02
10 139 2 3.911862e-02
11 139 2 3.722436e-02
12 139 2 3.407393e-02
1 140 2 1.168837e-02
2 140 2 1.208621e-02
3 140 2 1.312657e-02
4 140 2 1.487218e-02
5 140 2 1.579213e-02
6 140 2 1.516837e-02
7 140 2 1.436198e-02
8 140 2 1.385201e-02
9 140 2 1.365007e-02
10 140 2 1.372551e-02
11 140 2 1.343562e-02
12 140 2 1.252610e-02
1 141 2 1.828137e-02
2 141 2 1.809222e-02
3 141 2 1.861043e-02
4 141 2 2.042479e-02
5 141 2 2.204105e-02
6 141 2 2.179500e-02
7 141 2 2.120564e-02
8 141 2 2.056302e-02
9 141 2 2.038875e-02
10 141 2 2.043668e-02
11 141 2 2.064067e-02
12 141 2 2.004048e-02
1 150 2 2.115419e-05
2 150 2 2.315659e-05
3 150 2 2.478650e-05
4 150 2 2.534622e-05
5 150 2 2.371634e-05
6 150 2 2.091674e-05
7 150 2 1.908190e-05
8 150 2 1.862112e-05
9 150 2 1.801910e-05
10 150 2 1.760914e-05
11 150 2 1.795150e-05
12 150 2 1.909988e-05
1 151 2 1.371627e-02
2 151 2 1.458886e-02
3 151 2 1.546851e-02
4 151 2 1.583326e-02
5 151 2 1.531978e-02
6 151 2 1.442065e-02
7 151 2 1.410202e-02
8 151 2 1.464647e-02
9 151 2 1.394474e-02
10 151 2 1.308570e-02
11 151 2 1.270199e-02
12 151 2 1.301887e-02
1 152 2 1.086878e-02
2 152 2 1.100928e-02
3 152 2 1.111119e-02
4 152 2 1.055850e-02
5 152 2 1.014955e-02
6 152 2 9.968285e-03
7 152 2 1.139641e-02
8 152 2 1.519575e-02
9 152 2 1.613195e-02
10 152 2 1.374941e-02
11 152 2 1.179069e-02
12 152 2 1.090396e-02
1 153 2 1.260151e-02
2 153 2 1.290718e-02
3 153 2 1.361796e-02
4 153 2 1.335743e-02
5 153 2 1.289929e-02
6 153 2 1.266451e-02
7 153 2 1.478351e-02
8 153 2 1.931939e-02
9 153 2 2.349776e-02
10 153 2 2.100217e-02
11 153 2 1.588707e-02
12 153 2 1.325561e-02
1 154 2 3.429486e-02
2 154 2 3.410878e-02
3 154 2 3.549457e-02
4 154 2 3.401038e-02
5 154 2 3.180281e-02
6 154 2 2.860699e-02
7 154 2 2.701252e-02
8 154 2 2.813980e-02
9 154 2 3.172725e-02
10 154 2 3.565576e-02
11 154 2 3.757720e-02
12 154 2 3.633536e-02
1 157 2 1.366832e-03
2 157 2 1.419318e-03
3 157 2 1.519584e-03
4 157 2 1.498177e-03
5 157 2 1.460292e-03
6 157 2 1.372925e-03
7 157 2 1.309967e-03
8 157 2 1.296762e-03
9 157 2 1.287390e-03
10 157 2 1.309837e-03
11 157 2 1.319227e-03
12 157 2 1.336444e-03
1 163 2 6.354869e-03
2 163 2 6.440015e-03
3 163 2 6.631121e-03
4 163 2 7.029032e-03
5 163 2 7.035892e-03
6 163 2 6.504958e-03
7 163 2 6.013813e-03
8 163 2 5.647088e-03
9 163 2 5.727952e-03
10 163 2 6.059952e-03
11 163 2 6.296846e-03
12 163 2 6.346184e-03
1 164 2 2.405290e-02
2 164 2 2.384725e-02
3 164 2 2.451107e-02
4 164 2 2.565454e-02
5 164 2 2.535277e-02
6 164 2 2.344935e-02
7 164 2 2.170445e-02
8 164 2 2.120125e-02
9 164 2 2.270222e-02
10 164 2 2.487128e-02
11 164 2 2.537357e-02
12 164 2 2.495104e-02
1 165 2 1.062209e-02
2 165 2 1.041040e-02
3 165 2 1.054127e-02
4 165 2 1.077443e-02
5 165 2 1.065617e-02
6 165 2 9.805188e-03
7 165 2 9.244951e-03
8 165 2 9.357566e-03
9 165 2 9.974156e-03
10 165 2 1.066453e-02
11 165 2 1.121864e-02
12 165 2 1.123186e-02
1 166 2 4.642138e-03
2 166 2 4.595795e-03
3 166 2 4.519866e-03
4 166 2 4.498660e-03
5 166 2 4.351358e-03
6 166 2 4.024282e-03
7 166 2 3.800140e-03
8 166 2 3.828491e-03
9 166 2 3.971776e-03
10 166 2 4.178017e-03
11 166 2 4.504516e-03
12 166 2 4.731477e-03
1 170 2 2.106855e-04
2 170 2 2.317123e-04
3 170 2 2.276560e-04
4 170 2 2.069272e-04
5 170 2 1.724321e-04
6 170 2 1.449853e-04
7 170 2 1.371334e-04
8 170 2 1.309183e-04
9 170 2 1.331202e-04
10 170 2 1.482284e-04
11 170 2 1.635424e-04
12 170 2 1.883292e-04
1 171 2 7.560606e-04
2 171 2 8.299372e-04
3 171 2 8.399846e-04
4 171 2 7.473206e-04
5 171 2 6.216868e-04
6 171 2 5.327562e-04
7 171 2 4.836853e-04
8 171 2 4.583070e-04
9 171 2 4.649847e-04
10 171 2 5.057735e-04
11 171 2 5.772599e-04
12 171 2 6.819770e-04
1 175 2 2.179676e-05
2 175 2 2.304426e-05
3 175 2 2.311036e-05
4 175 2 2.164560e-05
5 175 2 1.880662e-05
6 175 2 1.713759e-05
7 175 2 1.678201e-05
8 175 2 1.664031e-05
9 175 2 1.547731e-05
10 175 2 1.564537e-05
11 175 2 1.635709e-05
12 175 2 1.908063e-05
1 176 2 1.546884e-02
2 176 2 1.558482e-02
3 176 2 1.525749e-02
4 176 2 1.347567e-02
5 176 2 1.090122e-02
6 176 2 9.878550e-03
7 176 2 9.860534e-03
8 176 2 1.124956e-02
9 176 2 1.225193e-02
10 176 2 1.307580e-02
11 176 2 1.395744e-02
12 176 2 1.482623e-02
1 177 2 6.898861e-02
2 177 2 6.703809e-02
3 177 2 6.329645e-02
4 177 2 5.534853e-02
5 177 2 4.526001e-02
6 177 2 3.864823e-02
7 177 2 4.021289e-02
8 177 2 4.818244e-02
9 177 2 6.055779e-02
10 177 2 6.297778e-02
11 177 2 6.425518e-02
12 177 2 6.438647e-02
1 178 2 2.514352e-02
2 178 2 2.484966e-02
3 178 2 2.382021e-02
4 178 2 1.996517e-02
5 178 2 1.738376e-02
6 178 2 1.469315e-02
7 178 2 1.399429e-02
8 178 2 1.409729e-02
9 178 2 1.607760e-02
10 178 2 1.729904e-02
11 178 2 1.953829e-02
12 178 2 2.169160e-02
1 181 2 3.070101e-04
2 181 2 3.242705e-04
3 181 2 3.287360e-04
4 181 2 3.143156e-04
5 181 2 2.592124e-04
6 181 2 2.241401e-04
7 181 2 1.981860e-04
8 181 2 2.028272e-04
9 181 2 2.197427e-04
10 181 2 2.379403e-04
11 181 2 2.694705e-04
12 181 2 2.869081e-04
1 182 2 3.664006e-02
2 182 2 3.386671e-02
3 182 2 3.193479e-02
4 182 2 2.667633e-02
5 182 2 2.088994e-02
6 182 2 1.562442e-02
7 182 2 1.549158e-02
8 182 2 2.152747e-02
9 182 2 2.987169e-02
10 182 2 3.663656e-02
11 182 2 4.049093e-02
12 182 2 3.886532e-02
1 183 2 7.794171e-03
2 183 2 7.487607e-03
3 183 2 7.148326e-03
4 183 2 6.481578e-03
5 183 2 5.453488e-03
6 183 2 4.426152e-03
7 183 2 4.118070e-03
8 183 2 4.890051e-03
9 183 2 5.685796e-03
10 183 2 6.726291e-03
11 183 2 7.322888e-03
12 183 2 7.532063e-03
1 184 2 2.432060e-03
2 184 2 2.464304e-03
3 184 2 2.386639e-03
4 184 2 2.147821e-03
5 184 2 1.785585e-03
6 184 2 1.443089e-03
7 184 2 1.301303e-03
8 184 2 1.359084e-03
9 184 2 1.439723e-03
10 184 2 1.653340e-03
11 184 2 1.934519e-03
12 184 2 2.204924e-03
1 188 2 1.186175e-03
2 188 2 1.175833e-03
3 188 2 1.089891e-03
4 188 2 8.899706e-04
5 188 2 6.289956e-04
6 188 2 4.784363e-04
7 188 2 4.116905e-04
8 188 2 4.187827e-04
9 188 2 5.672389e-04
10 188 2 7.454318e-04
11 188 2 8.877353e-04
12 188 2 1.107245e-03
1 189 2 1.034004e-03
2 189 2 9.556282e-04
3 189 2 8.668398e-04
4 189 2 6.407235e-04
5 189 2 4.242163e-04
6 189 2 2.999898e-04
7 189 2 2.852262e-04
8 189 2 3.503522e-04
9 189 2 5.636028e-04
10 189 2 8.024879e-04
11 189 2 9.760929e-04
12 189 2 1.020012e-03
1 190 2 4.234607e-03
2 190 2 4.012368e-03
3 190 2 3.482744e-03
4 190 2 2.466755e-03
5 190 2 1.721054e-03
6 190 2 1.248527e-03
7 190 2 1.173131e-03
8 190 2 1.414206e-03
9 190 2 1.986410e-03
10 190 2 2.707957e-03
11 190 2 3.548288e-03
12 190 2 3.981114e-03
1 191 2 2.902867e-03
2 191 2 3.008137e-03
3 191 2 2.923924e-03
4 191 2 2.415490e-03
5 191 2 1.986302e-03
6 191 2 1.631713e-03
7 191 2 1.434550e-03
8 191 2 1.456910e-03
9 191 2 1.589519e-03
10 191 2 1.784072e-03
11 191 2 2.194221e-03
12 191 2 2.581481e-03
1 192 2 1.454158e-03
2 192 2 1.571540e-03
3 192 2 1.531165e-03
4 192 2 1.325760e-03
5 192 2 1.120467e-03
6 192 2 9.540327e-04
7 192 2 8.384050e-04
8 192 2 7.790750e-04
9 192 2 8.021719e-04
10 192 2 8.808765e-04
11 192 2 1.051539e-03
12 192 2 1.262668e-03
1 200 2 6.670573e-02
2 200 2 6.862360e-02
3 200 2 5.611904e-02
4 200 2 3.709870e-02
5 200 2 2.428295e-02
6 200 2 1.977622e-02
7 200 2 1.878843e-02
8 200 2 2.026173e-02
9 200 2 2.244345e-02
10 200 2 2.869505e-02
11 200 2 3.987600e-02
12 200 2 5.494102e-02
1 201 2 4.625129e-02
2 201 2 4.772175e-02
3 201 2 4.368643e-02
4 201 2 3.362669e-02
5 201 2 2.534092e-02
6 201 2 2.096525e-02
7 201 2 1.981333e-02
8 201 2 2.049509e-02
9 201 2 2.028401e-02
10 201 2 2.413534e-02
11 201 2 3.076607e-02
12 201 2 3.831819e-02
1 206 2 2.436896e-02
2 206 2 2.632165e-02
3 206 2 2.381405e-02
4 206 2 2.032162e-02
5 206 2 1.680587e-02
6 206 2 1.465330e-02
7 206 2 1.256806e-02
8 206 2 1.234025e-02
9 206 2 1.335819e-02
10 206 2 1.512071e-02
11 206 2 1.772497e-02
12 206 2 2.088185e-02
1 207 2 9.218131e-04
2 207 2 1.006504e-03
3 207 2 9.545471e-04
4 207 2 8.655364e-04
5 207 2 7.676032e-04
6 207 2 6.583698e-04
7 207 2 5.802939e-04
8 207 2 5.714416e-04
9 207 2 5.765481e-04
10 207 2 6.350470e-04
11 207 2 6.843924e-04
12 207 2 7.829025e-04
1 212 2 1.669726e-03
2 212 2 1.782329e-03
3 212 2 1.581991e-03
4 212 2 1.329965e-03
5 212 2 1.036603e-03
6 212 2 8.366246e-04
7 212 2 6.944457e-04
8 212 2 6.711754e-04
9 212 2 7.622718e-04
10 212 2 8.994450e-04
11 212 2 1.066898e-03
12 212 2 1.410644e-03
1 213 2 3.635558e-04
2 213 2 3.973392e-04
3 213 2 3.367293e-04
4 213 2 2.849451e-04
5 213 2 2.198732e-04
6 213 2 1.694913e-04
7 213 2 1.438485e-04
8 213 2 1.404309e-04
9 213 2 1.691550e-04
10 213 2 2.084640e-04
11 213 2 2.559912e-04
12 213 2 3.132610e-04
1 214 2 1.292661e-02
2 214 2 1.370382e-02
3 214 2 1.101017e-02
4 214 2 8.177639e-03
5 214 2 6.044775e-03
6 214 2 4.454723e-03
7 214 2 3.857858e-03
8 214 2 3.977160e-03
9 214 2 5.020315e-03
10 214 2 6.730528e-03
11 214 2 9.213475e-03
12 214 2 1.117434e-02
1 215 2 4.786635e-03
2 215 2 4.923692e-03
3 215 2 4.590589e-03
4 215 2 3.658506e-03
5 215 2 2.971640e-03
6 215 2 2.387650e-03
7 215 2 2.063261e-03
8 215 2 2.068334e-03
9 215 2 2.325981e-03
10 215 2 2.767170e-03
11 215 2 3.484248e-03
12 215 2 4.209163e-03
1 216 2 2.605359e-03
2 216 2 2.720186e-03
3 216 2 2.550864e-03
4 216 2 2.073704e-03
5 216 2 1.660503e-03
6 216 2 1.428478e-03
7 216 2 1.255260e-03
8 216 2 1.200261e-03
9 216 2 1.245483e-03
10 216 2 1.415609e-03
11 216 2 1.702737e-03
12 216 2 2.188325e-03
1 224 2 1.949423e-03
2 224 2 2.131181e-03
3 224 2 1.859715e-03
4 224 2 1.601494e-03
5 224 2 1.293236e-03
6 224 2 1.099000e-03
7 224 2 9.984310e-04
8 224 2 1.042850e-03
9 224 2 1.072452e-03
10 224 2 1.264906e-03
11 224 2 1.510547e-03
12 224 2 1.802202e-03
1 240 2 1.609501e-04
2 240 2 1.641680e-04
3 240 2 1.501277e-04
4 240 2 1.325863e-04
5 240 2 1.152345e-04
6 240 2 9.939379e-05
7 240 2 9.737753e-05
8 240 2 1.003906e-04
9 240 2 9.772420e-05
10 240 2 1.052388e-04
11 240 2 1.156316e-04
12 240 2 1.433052e-04
