1 7 2 9.351458e-08
2 7 2 7.988846e-08
3 7 2 8.736963e-08
4 7 2 2.258146e-07
5 7 2 7.769641e-07
6 7 2 2.092656e-06
7 7 2 2.831425e-06
8 7 2 1.930493e-06
9 7 2 8.348732e-07
10 7 2 3.660061e-07
11 7 2 1.939150e-07
12 7 2 1.143972e-07
1 25 2 4.524007e-05
2 25 2 4.295526e-05
3 25 2 6.051686e-05
4 25 2 1.104298e-04
5 25 2 3.089295e-04
6 25 2 5.602043e-04
7 25 2 6.791317e-04
8 25 2 5.207740e-04
9 25 2 2.942649e-04
10 25 2 1.377053e-04
11 25 2 6.565948e-05
12 25 2 3.802320e-05
1 26 2 5.992468e-05
2 26 2 4.931858e-05
3 26 2 8.155230e-05
4 26 2 1.820314e-04
5 26 2 5.127545e-04
6 26 2 9.793467e-04
7 26 2 1.062588e-03
8 26 2 7.950319e-04
9 26 2 4.348406e-04
10 26 2 1.750403e-04
11 26 2 9.145142e-05
12 26 2 5.653978e-05
1 27 2 2.619542e-04
2 27 2 2.312821e-04
3 27 2 4.054363e-04
4 27 2 1.032596e-03
5 27 2 2.907868e-03
6 27 2 6.010918e-03
7 27 2 6.779297e-03
8 27 2 5.102599e-03
9 27 2 2.636843e-03
10 27 2 9.901981e-04
11 27 2 5.247696e-04
12 27 2 3.246061e-04
1 28 2 9.729062e-06
2 28 2 8.853708e-06
3 28 2 1.489040e-05
4 28 2 4.047566e-05
5 28 2 1.155828e-04
6 28 2 2.474608e-04
7 28 2 2.950308e-04
8 28 2 2.223090e-04
9 28 2 1.143605e-04
10 28 2 4.453786e-05
11 28 2 2.223394e-05
12 28 2 1.386163e-05
1 29 2 1.305563e-05
2 29 2 1.235067e-05
3 29 2 1.967523e-05
4 29 2 5.916014e-05
5 29 2 1.769148e-04
6 29 2 4.354034e-04
7 29 2 5.931197e-04
8 29 2 4.412852e-04
9 29 2 2.026602e-04
10 29 2 7.511340e-05
11 29 2 3.550640e-05
12 29 2 2.216465e-05
1 30 2 2.954597e-06
2 30 2 2.583979e-06
3 30 2 4.106847e-06
4 30 2 1.256990e-05
5 30 2 3.482058e-05
6 30 2 9.469842e-05
7 30 2 1.372609e-04
8 30 2 1.051153e-04
9 30 2 4.756103e-05
10 30 2 1.861625e-05
11 30 2 8.587163e-06
12 30 2 5.142838e-06
1 31 2 5.280361e-06
2 31 2 4.068963e-06
3 31 2 6.181249e-06
4 31 2 1.720447e-05
5 31 2 4.443028e-05
6 31 2 1.169827e-04
7 31 2 1.649716e-04
8 31 2 1.331610e-04
9 31 2 6.661596e-05
10 31 2 3.050683e-05
11 31 2 1.464700e-05
12 31 2 8.161989e-06
1 32 2 6.243621e-06
2 32 2 5.168517e-06
3 32 2 7.224696e-06
4 32 2 1.605356e-05
5 32 2 4.287690e-05
6 32 2 1.015669e-04
7 32 2 1.310334e-04
8 32 2 1.082395e-04
9 32 2 6.044218e-05
10 32 2 3.115855e-05
11 32 2 1.610146e-05
12 32 2 8.350384e-06
1 35 2 3.705533e-04
2 35 2 3.530815e-04
3 35 2 3.835510e-04
4 35 2 5.111164e-04
5 35 2 8.012430e-04
6 35 2 1.223673e-03
7 35 2 1.472454e-03
8 35 2 1.352103e-03
9 35 2 9.189414e-04
10 35 2 6.643935e-04
11 35 2 5.032426e-04
12 35 2 4.088390e-04
1 36 2 4.445923e-05
2 36 2 4.173857e-05
3 36 2 4.625867e-05
4 36 2 5.556072e-05
5 36 2 7.598850e-05
6 36 2 1.096197e-04
7 36 2 1.291010e-04
8 36 2 1.315187e-04
9 36 2 1.003922e-04
10 36 2 7.865322e-05
11 36 2 6.020006e-05
12 36 2 4.988085e-05
1 37 2 1.090822e-03
2 37 2 1.055764e-03
3 37 2 1.330312e-03
4 37 2 1.710602e-03
5 37 2 2.586104e-03
6 37 2 3.922387e-03
7 37 2 4.561938e-03
8 37 2 4.484492e-03
9 37 2 3.300169e-03
10 37 2 2.474550e-03
11 37 2 1.744091e-03
12 37 2 1.336122e-03
1 38 2 5.782682e-03
2 38 2 5.777498e-03
3 38 2 8.801255e-03
4 38 2 1.304931e-02
5 38 2 2.382466e-02
6 38 2 4.227504e-02
7 38 2 5.011541e-02
8 38 2 4.346463e-02
9 38 2 2.807483e-02
10 38 2 1.918912e-02
11 38 2 1.096504e-02
12 38 2 7.912797e-03
1 39 2 4.529965e-03
2 39 2 4.719312e-03
3 39 2 7.644311e-03
4 39 2 1.180345e-02
5 39 2 2.290261e-02
6 39 2 4.427651e-02
7 39 2 5.497904e-02
8 39 2 4.451200e-02
9 39 2 2.805646e-02
10 39 2 1.771732e-02
11 39 2 8.968124e-03
12 39 2 6.546081e-03
1 40 2 1.119789e-03
2 40 2 1.228603e-03
3 40 2 2.191196e-03
4 40 2 3.684670e-03
5 40 2 8.054874e-03
6 40 2 1.828811e-02
7 40 2 2.288125e-02
8 40 2 1.678511e-02
9 40 2 1.033946e-02
10 40 2 5.570997e-03
11 40 2 2.386454e-03
12 40 2 1.777834e-03
1 41 2 5.963317e-04
2 41 2 6.375083e-04
3 41 2 1.277545e-03
4 41 2 2.275399e-03
5 41 2 5.707034e-03
6 41 2 1.448218e-02
7 41 2 1.872460e-02
8 41 2 1.313335e-02
9 41 2 7.339525e-03
10 41 2 3.181018e-03
11 41 2 1.222062e-03
12 41 2 1.018573e-03
1 42 2 3.227209e-04
2 42 2 3.375725e-04
3 42 2 7.279704e-04
4 42 2 1.436061e-03
5 42 2 4.082481e-03
6 42 2 1.132358e-02
7 42 2 1.585168e-02
8 42 2 1.058601e-02
9 42 2 5.013027e-03
10 42 2 1.794109e-03
11 42 2 6.688780e-04
12 42 2 5.487171e-04
1 43 2 9.059491e-06
2 43 2 9.393524e-06
3 43 2 2.216384e-05
4 43 2 5.408044e-05
5 43 2 1.810171e-04
6 43 2 5.338478e-04
7 43 2 7.804115e-04
8 43 2 4.898881e-04
9 43 2 2.003244e-04
10 43 2 6.150468e-05
11 43 2 2.097442e-05
12 43 2 1.469693e-05
1 44 2 3.737174e-05
2 44 2 3.755018e-05
3 44 2 8.167743e-05
4 44 2 2.208129e-04
5 44 2 8.249502e-04
6 44 2 2.599691e-03
7 44 2 3.799592e-03
8 44 2 2.291131e-03
9 44 2 8.259181e-04
10 44 2 2.447028e-04
11 44 2 8.031215e-05
12 44 2 5.430004e-05
1 45 2 8.596143e-05
2 45 2 9.633764e-05
3 45 2 1.755439e-04
4 45 2 5.176929e-04
5 45 2 2.167997e-03
6 45 2 7.193639e-03
7 45 2 1.006381e-02
8 45 2 6.127841e-03
9 45 2 2.107227e-03
10 45 2 5.380189e-04
11 45 2 1.559485e-04
12 45 2 1.019203e-04
1 46 2 3.896660e-05
2 46 2 4.902094e-05
3 46 2 7.705720e-05
4 46 2 2.139800e-04
5 46 2 8.402907e-04
6 46 2 2.606488e-03
7 46 2 3.646293e-03
8 46 2 2.284809e-03
9 46 2 8.582394e-04
10 46 2 2.080270e-04
11 46 2 5.719484e-05
12 46 2 4.078792e-05
1 47 2 5.120658e-05
2 47 2 6.516742e-05
3 47 2 9.183109e-05
4 47 2 2.057501e-04
5 47 2 7.012990e-04
6 47 2 1.932078e-03
7 47 2 2.620310e-03
8 47 2 1.776758e-03
9 47 2 7.526888e-04
10 47 2 2.321581e-04
11 47 2 6.849271e-05
12 47 2 5.206356e-05
1 48 2 6.934517e-05
2 48 2 7.965943e-05
3 48 2 1.095671e-04
4 48 2 2.139614e-04
5 48 2 6.639632e-04
6 48 2 1.527229e-03
7 48 2 2.029546e-03
8 48 2 1.427902e-03
9 48 2 6.797389e-04
10 48 2 2.534307e-04
11 48 2 9.123187e-05
12 48 2 6.049942e-05
1 49 2 3.115455e-05
2 49 2 2.834789e-05
3 49 2 3.215482e-05
4 49 2 3.763437e-05
5 49 2 5.382517e-05
6 49 2 8.189188e-05
7 49 2 1.221283e-04
8 49 2 1.148445e-04
9 49 2 8.010270e-05
10 49 2 5.732118e-05
11 49 2 4.184910e-05
12 49 2 3.052885e-05
1 50 2 1.270529e-04
2 50 2 1.096719e-04
3 50 2 1.285525e-04
4 50 2 1.465365e-04
5 50 2 2.062399e-04
6 50 2 3.026542e-04
7 50 2 4.177073e-04
8 50 2 4.016936e-04
9 50 2 2.908627e-04
10 50 2 2.073391e-04
11 50 2 1.552308e-04
12 50 2 1.222273e-04
1 51 2 4.883220e-05
2 51 2 4.456704e-05
3 51 2 4.842701e-05
4 51 2 5.590079e-05
5 51 2 7.619418e-05
6 51 2 1.068563e-04
7 51 2 1.392493e-04
8 51 2 1.380931e-04
9 51 2 1.147351e-04
10 51 2 8.070173e-05
11 51 2 6.048299e-05
12 51 2 5.068659e-05
1 52 2 1.794452e-02
2 52 2 1.886123e-02
3 52 2 2.369399e-02
4 52 2 3.454262e-02
5 52 2 5.841611e-02
6 52 2 8.039364e-02
7 52 2 1.031198e-01
8 52 2 9.645231e-02
9 52 2 7.785988e-02
10 52 2 4.447863e-02
11 52 2 2.677178e-02
12 52 2 2.064513e-02
1 53 2 4.717013e-03
2 53 2 5.918128e-03
3 53 2 1.002656e-02
4 53 2 2.188498e-02
5 53 2 4.167569e-02
6 53 2 6.223241e-02
7 53 2 8.638596e-02
8 53 2 7.361090e-02
9 53 2 4.982043e-02
10 53 2 2.197291e-02
11 53 2 9.800507e-03
12 53 2 6.209020e-03
1 54 2 2.506849e-03
2 54 2 3.252025e-03
3 54 2 6.081419e-03
4 54 2 1.511173e-02
5 54 2 2.976539e-02
6 54 2 5.749316e-02
7 54 2 8.167176e-02
8 54 2 6.848387e-02
9 54 2 4.153439e-02
10 54 2 1.766447e-02
11 54 2 7.571797e-03
12 54 2 4.176751e-03
1 55 2 1.647156e-03
2 55 2 1.837018e-03
3 55 2 3.426906e-03
4 55 2 8.024273e-03
5 55 2 1.592341e-02
6 55 2 3.400601e-02
7 55 2 4.727094e-02
8 55 2 4.076708e-02
9 55 2 2.585184e-02
10 55 2 1.239554e-02
11 55 2 5.799401e-03
12 55 2 3.320753e-03
1 56 2 5.760039e-03
2 56 2 5.977663e-03
3 56 2 1.035347e-02
4 56 2 2.308677e-02
5 56 2 5.046458e-02
6 56 2 9.947679e-02
7 56 2 1.375354e-01
8 56 2 1.141474e-01
9 56 2 7.460944e-02
10 56 2 3.844149e-02
11 56 2 1.733085e-02
12 56 2 9.939410e-03
1 57 2 1.162826e-03
2 57 2 1.109451e-03
3 57 2 1.364562e-03
4 57 2 2.071192e-03
5 57 2 3.465428e-03
6 57 2 5.638684e-03
7 57 2 8.029550e-03
8 57 2 7.236586e-03
9 57 2 5.384025e-03
10 57 2 3.458417e-03
11 57 2 2.114840e-03
12 57 2 1.519840e-03
1 60 2 1.220952e-01
2 60 2 1.182381e-01
3 60 2 1.355957e-01
4 60 2 1.608145e-01
5 60 2 1.982715e-01
6 60 2 2.609239e-01
7 60 2 3.037676e-01
8 60 2 3.038954e-01
9 60 2 2.578989e-01
10 60 2 2.105312e-01
11 60 2 1.683757e-01
12 60 2 1.395662e-01
1 61 2 3.506421e-01
2 61 2 3.527513e-01
3 61 2 4.961387e-01
4 61 2 7.472895e-01
5 61 2 1.090067e+00
6 61 2 1.535729e+00
7 61 2 1.817386e+00
8 61 2 1.748476e+00
9 61 2 1.358612e+00
10 61 2 9.241358e-01
11 61 2 6.028698e-01
12 61 2 4.228478e-01
1 62 2 7.233131e-02
2 62 2 7.921981e-02
3 62 2 1.247065e-01
4 62 2 2.257567e-01
5 62 2 3.872214e-01
6 62 2 5.493045e-01
7 62 2 6.716884e-01
8 62 2 6.269968e-01
9 62 2 4.369053e-01
10 62 2 2.605436e-01
11 62 2 1.414867e-01
12 62 2 9.207551e-02
1 63 2 6.914298e-02
2 63 2 8.393663e-02
3 63 2 1.404480e-01
4 63 2 2.953977e-01
5 63 2 5.669169e-01
6 63 2 8.428123e-01
7 63 2 1.077753e+00
8 63 2 9.378565e-01
9 63 2 5.728133e-01
10 63 2 3.128195e-01
11 63 2 1.444937e-01
12 63 2 9.459165e-02
1 64 2 1.652969e-02
2 64 2 2.117625e-02
3 64 2 4.032470e-02
4 64 2 9.551575e-02
5 64 2 2.045646e-01
6 64 2 3.276657e-01
7 64 2 4.153234e-01
8 64 2 3.246902e-01
9 64 2 1.859128e-01
10 64 2 8.218793e-02
11 64 2 3.755585e-02
12 64 2 2.570163e-02
1 65 2 5.588936e-03
2 65 2 6.930315e-03
3 65 2 1.518302e-02
4 65 2 4.281665e-02
5 65 2 8.977287e-02
6 65 2 1.525723e-01
7 65 2 1.977554e-01
8 65 2 1.475939e-01
9 65 2 8.371062e-02
10 65 2 2.970524e-02
11 65 2 1.307683e-02
12 65 2 9.476759e-03
1 66 2 3.703960e-03
2 66 2 4.579249e-03
3 66 2 1.088619e-02
4 66 2 3.571397e-02
5 66 2 7.425954e-02
6 66 2 1.276926e-01
7 66 2 1.761094e-01
8 66 2 1.331389e-01
9 66 2 7.531452e-02
10 66 2 2.495257e-02
11 66 2 9.562196e-03
12 66 2 5.931243e-03
1 67 2 1.274612e-03
2 67 2 1.699636e-03
3 67 2 4.322185e-03
4 67 2 1.596653e-02
5 67 2 3.622713e-02
6 67 2 6.178563e-02
7 67 2 8.638313e-02
8 67 2 6.647889e-02
9 67 2 3.635933e-02
10 67 2 1.337102e-02
11 67 2 4.228018e-03
12 67 2 1.903009e-03
1 68 2 3.218731e-04
2 68 2 4.321889e-04
3 68 2 1.283577e-03
4 68 2 5.899997e-03
5 68 2 1.607825e-02
6 68 2 3.081090e-02
7 68 2 4.417700e-02
8 68 2 3.285593e-02
9 68 2 1.576788e-02
10 68 2 5.792931e-03
11 68 2 1.320993e-03
12 68 2 4.596599e-04
1 69 2 1.961934e-04
2 69 2 2.781658e-04
3 69 2 6.652145e-04
4 69 2 2.917006e-03
5 69 2 9.353515e-03
6 69 2 2.213614e-02
7 69 2 3.242927e-02
8 69 2 2.496398e-02
9 69 2 1.072436e-02
10 69 2 3.487148e-03
11 69 2 6.756836e-04
12 69 2 2.541008e-04
1 70 2 8.061705e-04
2 70 2 9.422592e-04
3 70 2 1.350230e-03
4 70 2 3.522681e-03
5 70 2 8.833763e-03
6 70 2 2.145089e-02
7 70 2 3.472219e-02
8 70 2 3.164594e-02
9 70 2 1.633984e-02
10 70 2 5.824322e-03
11 70 2 1.771411e-03
12 70 2 9.971762e-04
1 71 2 6.492379e-04
2 71 2 6.588246e-04
3 71 2 7.455101e-04
4 71 2 1.196318e-03
5 71 2 2.316824e-03
6 71 2 4.833113e-03
7 71 2 7.417311e-03
8 71 2 7.374667e-03
9 71 2 4.731516e-03
10 71 2 2.253558e-03
11 71 2 1.076582e-03
12 71 2 7.477227e-04
1 72 2 2.736974e-06
2 72 2 2.614048e-06
3 72 2 2.832050e-06
4 72 2 3.610891e-06
5 72 2 5.618281e-06
6 72 2 9.775997e-06
7 72 2 1.514190e-05
8 72 2 1.456296e-05
9 72 2 1.018873e-05
10 72 2 6.177869e-06
11 72 2 3.806419e-06
12 72 2 2.718283e-06
1 76 2 4.444258e-02
2 76 2 4.066039e-02
3 76 2 4.106962e-02
4 76 2 4.467397e-02
5 76 2 6.073501e-02
6 76 2 8.660426e-02
7 76 2 1.161315e-01
8 76 2 1.239336e-01
9 76 2 1.180846e-01
10 76 2 7.885693e-02
11 76 2 5.090547e-02
12 76 2 4.452125e-02
1 77 2 4.326457e-02
2 77 2 5.617870e-02
3 77 2 7.359074e-02
4 77 2 1.189388e-01
5 77 2 1.997031e-01
6 77 2 3.083207e-01
7 77 2 4.189246e-01
8 77 2 3.976274e-01
9 77 2 2.945455e-01
10 77 2 1.488079e-01
11 77 2 6.529734e-02
12 77 2 4.115659e-02
1 78 2 4.950820e-02
2 78 2 6.764598e-02
3 78 2 9.420108e-02
4 78 2 1.689595e-01
5 78 2 2.642039e-01
6 78 2 4.194642e-01
7 78 2 5.177821e-01
8 78 2 4.848401e-01
9 78 2 3.143650e-01
10 78 2 1.667139e-01
11 78 2 9.002912e-02
12 78 2 5.197685e-02
1 79 2 1.591673e-01
2 79 2 1.953009e-01
3 79 2 2.867581e-01
4 79 2 4.756358e-01
5 79 2 7.226228e-01
6 79 2 1.180527e+00
7 79 2 1.446589e+00
8 79 2 1.370386e+00
9 79 2 9.462600e-01
10 79 2 5.712055e-01
11 79 2 3.254434e-01
12 79 2 1.993607e-01
1 80 2 7.774386e-02
2 80 2 7.789566e-02
3 80 2 9.788077e-02
4 80 2 1.323460e-01
5 80 2 1.973823e-01
6 80 2 3.003101e-01
7 80 2 3.866949e-01
8 80 2 3.828215e-01
9 80 2 3.177349e-01
10 80 2 2.227653e-01
11 80 2 1.299524e-01
12 80 2 9.605647e-02
1 81 2 1.759573e-08
2 81 2 1.594597e-08
3 81 2 1.679544e-08
4 81 2 1.991527e-08
5 81 2 2.867781e-08
6 81 2 3.864253e-08
7 81 2 5.156180e-08
8 81 2 5.532467e-08
9 81 2 5.030739e-08
10 81 2 3.860052e-08
11 81 2 2.551641e-08
12 81 2 2.089019e-08
1 84 2 1.170936e-01
2 84 2 1.237973e-01
3 84 2 1.531125e-01
4 84 2 1.934864e-01
5 84 2 2.594069e-01
6 84 2 4.250569e-01
7 84 2 5.692887e-01
8 84 2 5.455200e-01
9 84 2 4.093291e-01
10 84 2 2.583278e-01
11 84 2 1.735386e-01
12 84 2 1.325648e-01
1 85 2 1.242392e-01
2 85 2 1.399032e-01
3 85 2 1.818967e-01
4 85 2 2.642789e-01
5 85 2 4.230530e-01
6 85 2 6.462797e-01
7 85 2 8.941881e-01
8 85 2 8.506488e-01
9 85 2 6.125249e-01
10 85 2 3.378724e-01
11 85 2 1.905458e-01
12 85 2 1.382602e-01
1 86 2 3.712209e-02
2 86 2 4.202997e-02
3 86 2 5.371120e-02
4 86 2 7.801685e-02
5 86 2 1.253885e-01
6 86 2 1.819360e-01
7 86 2 2.499317e-01
8 86 2 2.507493e-01
9 86 2 1.856022e-01
10 86 2 1.076287e-01
11 86 2 5.928718e-02
12 86 2 4.237214e-02
1 87 2 2.747410e-02
2 87 2 3.716930e-02
3 87 2 5.307094e-02
4 87 2 8.389307e-02
5 87 2 1.471792e-01
6 87 2 2.212290e-01
7 87 2 2.999181e-01
8 87 2 3.056066e-01
9 87 2 2.215662e-01
10 87 2 1.247476e-01
11 87 2 5.481082e-02
12 87 2 3.331664e-02
1 88 2 1.454051e-02
2 88 2 2.064869e-02
3 88 2 3.238019e-02
4 88 2 6.143796e-02
5 88 2 1.260888e-01
6 88 2 1.981769e-01
7 88 2 2.537931e-01
8 88 2 2.225964e-01
9 88 2 1.438419e-01
10 88 2 6.797699e-02
11 88 2 3.484969e-02
12 88 2 1.935773e-02
1 89 2 1.215804e-02
2 89 2 1.691634e-02
3 89 2 3.210668e-02
4 89 2 6.038719e-02
5 89 2 1.205096e-01
6 89 2 1.800273e-01
7 89 2 2.100135e-01
8 89 2 1.839217e-01
9 89 2 1.200283e-01
10 89 2 5.711792e-02
11 89 2 3.142914e-02
12 89 2 1.739616e-02
1 90 2 2.841609e-03
2 90 2 3.745147e-03
3 90 2 7.431842e-03
4 90 2 1.333857e-02
5 90 2 2.048060e-02
6 90 2 2.710951e-02
7 90 2 3.044566e-02
8 90 2 2.817066e-02
9 90 2 2.052957e-02
10 90 2 1.224502e-02
11 90 2 6.751331e-03
12 90 2 3.843384e-03
1 91 2 1.310397e-04
2 91 2 1.854154e-04
3 91 2 3.873737e-04
4 91 2 7.320147e-04
5 91 2 1.080339e-03
6 91 2 1.373212e-03
7 91 2 1.541917e-03
8 91 2 1.414086e-03
9 91 2 1.016757e-03
10 91 2 6.293751e-04
11 91 2 3.261921e-04
12 91 2 1.674528e-04
1 92 2 7.363132e-04
2 92 2 1.051779e-03
3 92 2 2.636544e-03
4 92 2 6.290183e-03
5 92 2 1.186237e-02
6 92 2 1.817733e-02
7 92 2 2.181943e-02
8 92 2 1.985918e-02
9 92 2 1.242410e-02
10 92 2 6.603008e-03
11 92 2 2.589704e-03
12 92 2 1.111696e-03
1 93 2 1.581776e-02
2 93 2 1.908554e-02
3 93 2 3.924088e-02
4 93 2 9.145524e-02
5 93 2 1.631510e-01
6 93 2 2.589092e-01
7 93 2 3.473131e-01
8 93 2 3.414384e-01
9 93 2 2.296531e-01
10 93 2 1.322523e-01
11 93 2 5.663763e-02
12 93 2 2.359071e-02
1 94 2 3.374228e-02
2 94 2 3.357217e-02
3 94 2 4.482696e-02
4 94 2 7.944164e-02
5 94 2 1.356020e-01
6 94 2 2.135220e-01
7 94 2 2.949798e-01
8 94 2 3.214627e-01
9 94 2 2.647937e-01
10 94 2 1.598290e-01
11 94 2 8.578417e-02
12 94 2 4.687042e-02
1 98 2 5.622798e-03
2 98 2 5.234079e-03
3 98 2 4.928696e-03
4 98 2 5.247642e-03
5 98 2 5.955713e-03
6 98 2 6.815097e-03
7 98 2 7.665584e-03
8 98 2 8.079152e-03
9 98 2 7.972315e-03
10 98 2 7.535967e-03
11 98 2 6.778549e-03
12 98 2 6.168551e-03
1 101 2 7.397679e-03
2 101 2 7.601367e-03
3 101 2 7.789433e-03
4 101 2 9.605552e-03
5 101 2 1.235293e-02
6 101 2 1.442333e-02
7 101 2 1.539608e-02
8 101 2 1.542741e-02
9 101 2 1.483140e-02
10 101 2 1.271641e-02
11 101 2 9.778569e-03
12 101 2 7.843111e-03
1 102 2 6.516328e-02
2 102 2 7.365810e-02
3 102 2 9.052717e-02
4 102 2 1.132313e-01
5 102 2 1.310354e-01
6 102 2 1.430486e-01
7 102 2 1.470768e-01
8 102 2 1.489353e-01
9 102 2 1.342323e-01
10 102 2 1.034127e-01
11 102 2 8.300161e-02
12 102 2 6.803014e-02
1 103 2 5.662065e-02
2 103 2 5.778184e-02
3 103 2 6.297496e-02
4 103 2 7.115932e-02
5 103 2 8.287070e-02
6 103 2 9.483491e-02
7 103 2 1.025993e-01
8 103 2 1.076757e-01
9 103 2 1.056076e-01
10 103 2 9.229187e-02
11 103 2 7.592455e-02
12 103 2 6.312876e-02
1 104 2 1.243752e-02
2 104 2 1.193473e-02
3 104 2 1.206441e-02
4 104 2 1.322688e-02
5 104 2 1.546634e-02
6 104 2 1.774838e-02
7 104 2 1.991946e-02
8 104 2 2.151787e-02
9 104 2 2.169107e-02
10 104 2 2.026375e-02
11 104 2 1.666876e-02
12 104 2 1.380172e-02
1 107 2 6.096848e-03
2 107 2 6.432064e-03
3 107 2 7.509664e-03
4 107 2 8.605248e-03
5 107 2 9.650245e-03
6 107 2 1.235463e-02
7 107 2 1.350414e-02
8 107 2 1.344950e-02
9 107 2 1.259074e-02
10 107 2 1.076952e-02
11 107 2 8.561371e-03
12 107 2 6.695315e-03
1 108 2 6.028548e-04
2 108 2 7.704491e-04
3 108 2 1.119160e-03
4 108 2 1.733334e-03
5 108 2 2.690597e-03
6 108 2 3.692929e-03
7 108 2 3.953169e-03
8 108 2 3.493769e-03
9 108 2 2.827011e-03
10 108 2 1.950442e-03
11 108 2 1.015982e-03
12 108 2 6.467718e-04
1 109 2 1.143339e-03
2 109 2 1.510185e-03
3 109 2 2.362026e-03
4 109 2 4.099095e-03
5 109 2 6.983971e-03
6 109 2 8.803649e-03
7 109 2 8.945302e-03
8 109 2 8.223245e-03
9 109 2 6.603501e-03
10 109 2 4.633440e-03
11 109 2 2.060839e-03
12 109 2 1.203866e-03
1 110 2 5.038479e-04
2 110 2 6.418057e-04
3 110 2 1.030773e-03
4 110 2 1.595596e-03
5 110 2 2.474705e-03
6 110 2 2.865828e-03
7 110 2 3.081041e-03
8 110 2 3.047126e-03
9 110 2 2.565609e-03
10 110 2 1.870491e-03
11 110 2 9.047656e-04
12 110 2 5.325548e-04
1 111 2 1.727724e-02
2 111 2 2.160879e-02
3 111 2 3.498417e-02
4 111 2 5.302142e-02
5 111 2 8.013413e-02
6 111 2 1.027703e-01
7 111 2 1.086359e-01
8 111 2 1.075997e-01
9 111 2 9.163054e-02
10 111 2 5.964705e-02
11 111 2 3.213143e-02
12 111 2 1.962647e-02
1 112 2 1.990594e-02
2 112 2 2.566627e-02
3 112 2 4.502595e-02
4 112 2 7.487553e-02
5 112 2 1.138609e-01
6 112 2 1.387529e-01
7 112 2 1.413161e-01
8 112 2 1.317212e-01
9 112 2 1.005547e-01
10 112 2 6.675556e-02
11 112 2 3.831072e-02
12 112 2 2.354921e-02
1 113 2 1.140975e-02
2 113 2 1.445510e-02
3 113 2 2.428465e-02
4 113 2 3.631548e-02
5 113 2 4.468967e-02
6 113 2 3.902069e-02
7 113 2 3.348206e-02
8 113 2 3.197810e-02
9 113 2 3.162784e-02
10 113 2 2.887924e-02
11 113 2 2.019922e-02
12 113 2 1.364275e-02
1 114 2 3.110439e-02
2 114 2 4.217914e-02
3 114 2 7.514933e-02
4 114 2 1.095440e-01
5 114 2 1.263816e-01
6 114 2 9.251842e-02
7 114 2 7.641395e-02
8 114 2 7.004265e-02
9 114 2 6.759365e-02
10 114 2 6.049756e-02
11 114 2 4.611860e-02
12 114 2 3.416174e-02
1 115 2 1.087455e-02
2 115 2 1.582150e-02
3 115 2 2.507965e-02
4 115 2 3.108841e-02
5 115 2 2.776343e-02
6 115 2 2.577743e-02
7 115 2 2.486185e-02
8 115 2 2.385319e-02
9 115 2 2.193782e-02
10 115 2 1.960480e-02
11 115 2 1.489264e-02
12 115 2 1.068435e-02
1 116 2 8.711236e-03
2 116 2 1.115145e-02
3 116 2 1.705322e-02
4 116 2 2.413821e-02
5 116 2 2.807426e-02
6 116 2 3.196946e-02
7 116 2 3.351624e-02
8 116 2 3.208248e-02
9 116 2 2.599038e-02
10 116 2 2.077873e-02
11 116 2 1.509534e-02
12 116 2 9.944163e-03
1 117 2 2.162586e-03
2 117 2 2.258281e-03
3 117 2 2.852001e-03
4 117 2 3.904022e-03
5 117 2 4.971455e-03
6 117 2 5.890075e-03
7 117 2 6.270599e-03
8 117 2 6.262376e-03
9 117 2 5.714039e-03
10 117 2 4.891562e-03
11 117 2 3.948773e-03
12 117 2 2.852543e-03
1 126 2 1.361626e-04
2 126 2 1.415271e-04
3 126 2 1.533961e-04
4 126 2 1.619769e-04
5 126 2 1.600347e-04
6 126 2 1.487343e-04
7 126 2 1.433712e-04
8 126 2 1.447719e-04
9 126 2 1.440055e-04
10 126 2 1.415085e-04
11 126 2 1.382713e-04
12 126 2 1.361778e-04
1 127 2 1.374416e-02
2 127 2 1.397810e-02
3 127 2 1.475358e-02
4 127 2 1.531735e-02
5 127 2 1.552603e-02
6 127 2 1.503893e-02
7 127 2 1.504308e-02
8 127 2 1.538829e-02
9 127 2 1.522425e-02
10 127 2 1.461410e-02
11 127 2 1.416287e-02
12 127 2 1.398756e-02
1 128 2 6.227371e-02
2 128 2 6.395453e-02
3 128 2 6.565340e-02
4 128 2 6.408887e-02
5 128 2 6.234267e-02
6 128 2 6.046996e-02
7 128 2 6.444982e-02
8 128 2 7.327971e-02
9 128 2 7.705294e-02
10 128 2 7.278014e-02
11 128 2 6.618290e-02
12 128 2 6.235747e-02
1 129 2 1.777360e-03
2 129 2 1.752957e-03
3 129 2 1.797168e-03
4 129 2 1.849286e-03
5 129 2 1.877820e-03
6 129 2 1.928620e-03
7 129 2 2.015217e-03
8 129 2 2.196584e-03
9 129 2 2.294967e-03
10 129 2 2.305078e-03
11 129 2 2.104615e-03
12 129 2 1.869694e-03
1 133 2 3.813667e-02
2 133 2 4.433952e-02
3 133 2 5.322721e-02
4 133 2 5.465027e-02
5 133 2 5.213076e-02
6 133 2 4.791521e-02
7 133 2 4.276477e-02
8 133 2 4.004435e-02
9 133 2 4.175734e-02
10 133 2 4.447317e-02
11 133 2 4.242812e-02
12 133 2 3.712463e-02
1 135 2 1.648711e-03
2 135 2 1.857520e-03
3 135 2 2.209016e-03
4 135 2 2.379008e-03
5 135 2 2.285998e-03
6 135 2 2.039344e-03
7 135 2 1.761791e-03
8 135 2 1.779423e-03
9 135 2 1.890840e-03
10 135 2 1.778225e-03
11 135 2 1.704414e-03
12 135 2 1.601064e-03
1 136 2 1.845720e-03
2 136 2 1.899619e-03
3 136 2 2.349234e-03
4 136 2 2.855953e-03
5 136 2 3.127397e-03
6 136 2 2.853379e-03
7 136 2 2.524907e-03
8 136 2 2.519116e-03
9 136 2 2.532137e-03
10 136 2 2.381976e-03
11 136 2 2.252146e-03
12 136 2 1.999933e-03
1 137 2 4.491361e-04
2 137 2 4.711901e-04
3 137 2 5.402292e-04
4 137 2 5.936326e-04
5 137 2 5.859514e-04
6 137 2 5.391340e-04
7 137 2 4.987564e-04
8 137 2 4.812500e-04
9 137 2 4.815524e-04
10 137 2 5.016665e-04
11 137 2 4.959916e-04
12 137 2 4.676757e-04
1 138 2 1.793932e-02
2 138 2 1.972714e-02
3 138 2 2.288640e-02
4 138 2 2.547114e-02
5 138 2 2.569882e-02
6 138 2 2.258668e-02
7 138 2 2.092439e-02
8 138 2 2.017898e-02
9 138 2 2.023404e-02
10 138 2 2.035195e-02
11 138 2 1.974178e-02
12 138 2 1.830884e-02
1 139 2 3.030219e-02
2 139 2 3.450860e-02
3 139 2 3.855996e-02
4 139 2 4.047143e-02
5 139 2 3.990108e-02
6 139 2 3.715874e-02
7 139 2 3.515779e-02
8 139 2 3.384518e-02
9 139 2 3.340649e-02
10 139 2 3.366584e-02
11 139 2 3.203562e-02
12 139 2 2.932433e-02
1 140 2 1.005516e-02
2 140 2 1.039741e-02
3 140 2 1.129239e-02
4 140 2 1.279409e-02
5 140 2 1.358550e-02
6 140 2 1.304889e-02
7 140 2 1.235518e-02
8 140 2 1.191647e-02
9 140 2 1.174274e-02
10 140 2 1.180764e-02
11 140 2 1.155826e-02
12 140 2 1.077583e-02
1 141 2 1.574133e-02
2 141 2 1.557845e-02
3 141 2 1.602466e-02
4 141 2 1.758693e-02
5 141 2 1.897863e-02
6 141 2 1.876677e-02
7 141 2 1.825929e-02
8 141 2 1.770596e-02
9 141 2 1.755590e-02
10 141 2 1.759718e-02
11 141 2 1.777282e-02
12 141 2 1.725602e-02
1 150 2 1.822238e-05
2 150 2 1.994726e-05
3 150 2 2.135127e-05
4 150 2 2.183342e-05
5 150 2 2.042942e-05
6 150 2 1.801783e-05
7 150 2 1.643729e-05
8 150 2 1.604036e-05
9 150 2 1.552178e-05
10 150 2 1.516864e-05
11 150 2 1.546355e-05
12 150 2 1.645278e-05
1 151 2 1.181220e-02
2 151 2 1.256366e-02
3 151 2 1.332120e-02
4 151 2 1.363531e-02
5 151 2 1.319311e-02
6 151 2 1.241880e-02
7 151 2 1.214440e-02
8 151 2 1.261327e-02
9 151 2 1.200896e-02
10 151 2 1.126916e-02
11 151 2 1.093872e-02
12 151 2 1.121161e-02
1 152 2 9.365898e-03
2 152 2 9.486967e-03
3 152 2 9.574791e-03
4 152 2 9.098524e-03
5 152 2 8.746120e-03
6 152 2 8.589918e-03
7 152 2 9.820572e-03
8 152 2 1.309455e-02
9 152 2 1.390130e-02
10 152 2 1.184821e-02
11 152 2 1.016033e-02
12 152 2 9.396216e-03
1 153 2 1.085345e-02
2 153 2 1.111671e-02
3 153 2 1.172890e-02
4 153 2 1.150450e-02
5 153 2 1.110992e-02
6 153 2 1.090771e-02
7 153 2 1.273276e-02
8 153 2 1.663943e-02
9 153 2 2.023818e-02
10 153 2 1.808878e-02
11 153 2 1.368323e-02
12 153 2 1.141681e-02
1 154 2 2.952113e-02
2 154 2 2.936095e-02
3 154 2 3.055384e-02
4 154 2 2.927625e-02
5 154 2 2.737596e-02
6 154 2 2.462499e-02
7 154 2 2.325246e-02
8 154 2 2.422283e-02
9 154 2 2.731092e-02
10 154 2 3.069260e-02
11 154 2 3.234658e-02
12 154 2 3.127760e-02
1 157 2 1.175612e-03
2 157 2 1.220756e-03
3 157 2 1.306994e-03
4 157 2 1.288582e-03
5 157 2 1.255997e-03
6 157 2 1.180853e-03
7 157 2 1.126702e-03
8 157 2 1.115345e-03
9 157 2 1.107284e-03
10 157 2 1.126591e-03
11 157 2 1.134667e-03
12 157 2 1.149475e-03
1 163 2 5.477759e-03
2 163 2 5.551154e-03
3 163 2 5.715883e-03
4 163 2 6.058873e-03
5 163 2 6.064786e-03
6 163 2 5.607133e-03
7 163 2 5.183776e-03
8 163 2 4.867667e-03
9 163 2 4.937371e-03
10 163 2 5.223548e-03
11 163 2 5.427745e-03
12 163 2 5.470273e-03
1 164 2 2.072432e-02
2 164 2 2.054712e-02
3 164 2 2.111908e-02
4 164 2 2.210431e-02
5 164 2 2.184430e-02
6 164 2 2.020429e-02
7 164 2 1.870085e-02
8 164 2 1.826729e-02
9 164 2 1.956055e-02
10 164 2 2.142944e-02
11 164 2 2.186222e-02
12 164 2 2.149816e-02
1 165 2 9.143438e-03
2 165 2 8.961215e-03
3 165 2 9.073871e-03
4 165 2 9.274573e-03
5 165 2 9.172775e-03
6 165 2 8.440253e-03
7 165 2 7.958004e-03
8 165 2 8.054943e-03
9 165 2 8.585700e-03
10 165 2 9.179973e-03
11 165 2 9.656949e-03
12 165 2 9.668326e-03
1 166 2 3.995979e-03
2 166 2 3.956087e-03
3 166 2 3.890727e-03
4 166 2 3.872473e-03
5 166 2 3.745674e-03
6 166 2 3.464125e-03
7 166 2 3.271182e-03
8 166 2 3.295588e-03
9 166 2 3.418928e-03
10 166 2 3.596461e-03
11 166 2 3.877513e-03
12 166 2 4.072883e-03
1 170 2 1.812750e-04
2 170 2 1.993666e-04
3 170 2 1.958766e-04
4 170 2 1.780414e-04
5 170 2 1.483617e-04
6 170 2 1.247462e-04
7 170 2 1.179904e-04
8 170 2 1.126429e-04
9 170 2 1.145374e-04
10 170 2 1.275366e-04
11 170 2 1.407129e-04
12 170 2 1.620396e-04
1 171 2 6.488179e-04
2 171 2 7.122156e-04
3 171 2 7.208379e-04
4 171 2 6.413177e-04
5 171 2 5.335043e-04
6 171 2 4.571880e-04
7 171 2 4.150775e-04
8 171 2 3.932990e-04
9 171 2 3.990294e-04
10 171 2 4.340326e-04
11 171 2 4.953791e-04
12 171 2 5.852427e-04
1 175 2 1.876372e-05
2 175 2 1.983763e-05
3 175 2 1.989453e-05
4 175 2 1.863359e-05
5 175 2 1.618966e-05
6 175 2 1.475288e-05
7 175 2 1.444677e-05
8 175 2 1.432480e-05
9 175 2 1.332363e-05
10 175 2 1.346830e-05
11 175 2 1.408098e-05
12 175 2 1.642554e-05
1 176 2 1.325165e-02
2 176 2 1.335100e-02
3 176 2 1.307059e-02
4 176 2 1.154417e-02
5 176 2 9.338719e-03
6 176 2 8.462631e-03
7 176 2 8.447197e-03
8 176 2 9.637129e-03
9 176 2 1.049583e-02
10 176 2 1.120161e-02
11 176 2 1.195688e-02
12 176 2 1.270114e-02
1 177 2 5.941191e-02
2 177 2 5.773216e-02
3 177 2 5.450991e-02
4 177 2 4.766529e-02
5 177 2 3.897722e-02
6 177 2 3.328325e-02
7 177 2 3.463071e-02
8 177 2 4.149396e-02
9 177 2 5.215142e-02
10 177 2 5.423548e-02
11 177 2 5.533556e-02
12 177 2 5.544862e-02
1 178 2 2.163527e-02
2 178 2 2.138241e-02
3 178 2 2.049661e-02
4 178 2 1.717945e-02
5 178 2 1.495823e-02
6 178 2 1.264303e-02
7 178 2 1.204169e-02
8 178 2 1.213031e-02
9 178 2 1.383431e-02
10 178 2 1.488533e-02
11 178 2 1.681213e-02
12 178 2 1.866500e-02
1 181 2 2.643941e-04
2 181 2 2.792586e-04
3 181 2 2.831042e-04
4 181 2 2.706855e-04
5 181 2 2.232312e-04
6 181 2 1.930273e-04
7 181 2 1.706759e-04
8 181 2 1.746728e-04
9 181 2 1.892403e-04
10 181 2 2.049119e-04
11 181 2 2.320654e-04
12 181 2 2.470825e-04
1 182 2 3.155315e-02
2 182 2 2.916484e-02
3 182 2 2.750114e-02
4 182 2 2.297273e-02
5 182 2 1.798969e-02
6 182 2 1.345521e-02
7 182 2 1.334082e-02
8 182 2 1.853872e-02
9 182 2 2.572446e-02
10 182 2 3.155014e-02
11 182 2 3.486939e-02
12 182 2 3.346947e-02
1 183 2 6.706864e-03
2 183 2 6.443066e-03
3 183 2 6.151116e-03
4 183 2 5.577381e-03
5 183 2 4.692712e-03
6 183 2 3.808693e-03
7 183 2 3.543588e-03
8 183 2 4.207876e-03
9 183 2 4.892613e-03
10 183 2 5.787956e-03
11 183 2 6.301326e-03
12 183 2 6.481321e-03
1 184 2 2.098225e-03
2 184 2 2.126043e-03
3 184 2 2.059039e-03
4 184 2 1.853002e-03
5 184 2 1.540488e-03
6 184 2 1.245005e-03
7 184 2 1.122681e-03
8 184 2 1.172531e-03
9 184 2 1.242100e-03
10 184 2 1.426396e-03
11 184 2 1.668979e-03
12 184 2 1.902267e-03
1 188 2 9.611009e-04
2 188 2 9.527212e-04
3 188 2 8.830871e-04
4 188 2 7.211009e-04
5 188 2 5.096452e-04
6 188 2 3.876542e-04
7 188 2 3.335733e-04
8 188 2 3.393197e-04
9 188 2 4.596067e-04
10 188 2 6.039880e-04
11 188 2 7.192897e-04
12 188 2 8.971477e-04
1 189 2 8.386000e-04
2 189 2 7.750356e-04
3 189 2 7.030263e-04
4 189 2 5.196409e-04
5 189 2 3.440488e-04
6 189 2 2.432984e-04
7 189 2 2.313248e-04
8 189 2 2.841434e-04
9 189 2 4.570943e-04
10 189 2 6.508354e-04
11 189 2 7.916329e-04
12 189 2 8.272526e-04
1 190 2 3.433486e-03
2 190 2 3.253291e-03
3 190 2 2.823864e-03
4 190 2 2.000084e-03
5 190 2 1.395458e-03
6 190 2 1.012325e-03
7 190 2 9.511932e-04
8 190 2 1.146661e-03
9 190 2 1.610613e-03
10 190 2 2.195655e-03
11 190 2 2.877008e-03
12 190 2 3.227951e-03
1 191 2 2.361518e-03
2 191 2 2.447157e-03
3 191 2 2.378648e-03
4 191 2 1.965031e-03
5 191 2 1.615881e-03
6 191 2 1.327418e-03
7 191 2 1.167024e-03
8 191 2 1.185215e-03
9 191 2 1.293093e-03
10 191 2 1.451364e-03
11 191 2 1.785026e-03
12 191 2 2.100066e-03
1 192 2 1.251786e-03
2 192 2 1.352833e-03
3 192 2 1.318077e-03
4 192 2 1.141257e-03
5 192 2 9.645343e-04
6 192 2 8.212623e-04
7 192 2 7.217262e-04
8 192 2 6.706530e-04
9 192 2 6.905356e-04
10 192 2 7.582870e-04
11 192 2 9.051987e-04
12 192 2 1.086946e-03
1 200 2 5.696117e-02
2 200 2 5.859887e-02
3 200 2 4.792102e-02
4 200 2 3.167922e-02
5 200 2 2.073563e-02
6 200 2 1.688726e-02
7 200 2 1.604377e-02
8 200 2 1.730184e-02
9 200 2 1.916485e-02
10 200 2 2.450320e-02
11 200 2 3.405081e-02
12 200 2 4.691508e-02
1 201 2 3.982526e-02
2 201 2 4.109142e-02
3 201 2 3.761676e-02
4 201 2 2.895469e-02
5 201 2 2.182013e-02
6 201 2 1.805239e-02
7 201 2 1.706052e-02
8 201 2 1.764756e-02
9 201 2 1.746580e-02
10 201 2 2.078204e-02
11 201 2 2.649152e-02
12 201 2 3.299437e-02
1 206 2 2.097585e-02
2 206 2 2.265665e-02
3 206 2 2.049820e-02
4 206 2 1.749205e-02
5 206 2 1.446583e-02
6 206 2 1.261299e-02
7 206 2 1.081809e-02
8 206 2 1.062200e-02
9 206 2 1.149820e-02
10 206 2 1.301532e-02
11 206 2 1.525695e-02
12 206 2 1.797427e-02
1 207 2 7.934779e-04
2 207 2 8.663783e-04
3 207 2 8.216547e-04
4 207 2 7.450361e-04
5 207 2 6.607372e-04
6 207 2 5.667113e-04
7 207 2 4.995052e-04
8 207 2 4.918853e-04
9 207 2 4.962809e-04
10 207 2 5.466355e-04
11 207 2 5.891111e-04
12 207 2 6.739066e-04
1 212 2 1.352423e-03
2 212 2 1.443628e-03
3 212 2 1.281361e-03
4 212 2 1.077229e-03
5 212 2 8.396144e-04
6 212 2 6.776387e-04
7 212 2 5.624784e-04
8 212 2 5.436302e-04
9 212 2 6.174154e-04
10 212 2 7.285212e-04
11 212 2 8.641530e-04
12 212 2 1.142575e-03
1 213 2 2.946567e-04
2 213 2 3.220376e-04
3 213 2 2.729142e-04
4 213 2 2.309439e-04
5 213 2 1.782040e-04
6 213 2 1.373702e-04
7 213 2 1.165871e-04
8 213 2 1.138172e-04
9 213 2 1.370977e-04
10 213 2 1.689570e-04
11 213 2 2.074771e-04
12 213 2 2.538934e-04
1 214 2 1.047559e-02
2 214 2 1.110544e-02
3 214 2 8.922534e-03
4 214 2 6.627077e-03
5 214 2 4.898626e-03
6 214 2 3.610063e-03
7 214 2 3.126369e-03
8 214 2 3.223051e-03
9 214 2 4.068413e-03
10 214 2 5.454353e-03
11 214 2 7.466509e-03
12 214 2 9.055576e-03
1 215 2 3.883763e-03
2 215 2 3.994967e-03
3 215 2 3.724696e-03
4 215 2 2.968425e-03
5 215 2 2.411119e-03
6 215 2 1.937283e-03
7 215 2 1.674081e-03
8 215 2 1.678197e-03
9 215 2 1.887246e-03
10 215 2 2.245216e-03
11 215 2 2.827036e-03
12 215 2 3.415215e-03
1 216 2 2.135709e-03
2 216 2 2.229837e-03
3 216 2 2.091037e-03
4 216 2 1.699892e-03
5 216 2 1.361176e-03
6 216 2 1.170976e-03
7 216 2 1.028983e-03
8 216 2 9.838981e-04
9 216 2 1.020969e-03
10 216 2 1.160427e-03
11 216 2 1.395797e-03
12 216 2 1.793851e-03
1 224 2 1.666572e-03
2 224 2 1.821958e-03
3 224 2 1.589881e-03
4 224 2 1.369126e-03
5 224 2 1.105595e-03
6 224 2 9.395412e-04
7 224 2 8.535640e-04
8 224 2 8.915378e-04
9 224 2 9.168450e-04
10 224 2 1.081375e-03
11 224 2 1.291375e-03
12 224 2 1.540712e-03
1 240 2 1.319600e-04
2 240 2 1.345984e-04
3 240 2 1.230869e-04
4 240 2 1.087050e-04
5 240 2 9.447867e-05
6 240 2 8.149114e-05
7 240 2 7.983804e-05
8 240 2 8.230839e-05
9 240 2 8.012227e-05
10 240 2 8.628332e-05
11 240 2 9.480418e-05
12 240 2 1.174933e-04
