1 7 2 8.628140e-08
2 7 2 7.370924e-08
3 7 2 8.061176e-08
4 7 2 2.083483e-07
5 7 2 7.168674e-07
6 7 2 1.930793e-06
7 7 2 2.612420e-06
8 7 2 1.781173e-06
9 7 2 7.702974e-07
10 7 2 3.376962e-07
11 7 2 1.789161e-07
12 7 2 1.055488e-07
1 25 2 4.096662e-05
2 25 2 3.889764e-05
3 25 2 5.480035e-05
4 25 2 9.999846e-05
5 25 2 2.797475e-04
6 25 2 5.072865e-04
7 25 2 6.149799e-04
8 25 2 4.715809e-04
9 25 2 2.664682e-04
10 25 2 1.246974e-04
11 25 2 5.945718e-05
12 25 2 3.443146e-05
1 26 2 5.511931e-05
2 26 2 4.536372e-05
3 26 2 7.501262e-05
4 26 2 1.674343e-04
5 26 2 4.716367e-04
6 26 2 9.008128e-04
7 26 2 9.773793e-04
8 26 2 7.312783e-04
9 26 2 3.999707e-04
10 26 2 1.610038e-04
11 26 2 8.411793e-05
12 26 2 5.200585e-05
1 27 2 2.410838e-04
2 27 2 2.128554e-04
3 27 2 3.731343e-04
4 27 2 9.503273e-04
5 27 2 2.676193e-03
6 27 2 5.532015e-03
7 27 2 6.239177e-03
8 27 2 4.696064e-03
9 27 2 2.426760e-03
10 27 2 9.113070e-04
11 27 2 4.829601e-04
12 27 2 2.987441e-04
1 28 2 8.973316e-06
2 28 2 8.165959e-06
3 28 2 1.373372e-05
4 28 2 3.733154e-05
5 28 2 1.066044e-04
6 28 2 2.282383e-04
7 28 2 2.721131e-04
8 28 2 2.050402e-04
9 28 2 1.054771e-04
10 28 2 4.107820e-05
11 28 2 2.050683e-05
12 28 2 1.278487e-05
1 29 2 1.202682e-05
2 29 2 1.137741e-05
3 29 2 1.812478e-05
4 29 2 5.449821e-05
5 29 2 1.629736e-04
6 29 2 4.010928e-04
7 29 2 5.463808e-04
8 29 2 4.065112e-04
9 29 2 1.866902e-04
10 29 2 6.919433e-05
11 29 2 3.270843e-05
12 29 2 2.041804e-05
1 30 2 2.726759e-06
2 30 2 2.384721e-06
3 30 2 3.790156e-06
4 30 2 1.160060e-05
5 30 2 3.213546e-05
6 30 2 8.739593e-05
7 30 2 1.266763e-04
8 30 2 9.700951e-05
9 30 2 4.389345e-05
10 30 2 1.718069e-05
11 30 2 7.924981e-06
12 30 2 4.746258e-06
1 31 2 4.865181e-06
2 31 2 3.749031e-06
3 31 2 5.695234e-06
4 31 2 1.585173e-05
5 31 2 4.093685e-05
6 31 2 1.077847e-04
7 31 2 1.520003e-04
8 31 2 1.226909e-04
9 31 2 6.137813e-05
10 31 2 2.810816e-05
11 31 2 1.349535e-05
12 31 2 7.520234e-06
1 32 2 5.763988e-06
2 32 2 4.771473e-06
3 32 2 6.669696e-06
4 32 2 1.482033e-05
5 32 2 3.958311e-05
6 32 2 9.376460e-05
7 32 2 1.209675e-04
8 32 2 9.992457e-05
9 32 2 5.579902e-05
10 32 2 2.876495e-05
11 32 2 1.486455e-05
12 32 2 7.708909e-06
1 35 2 3.503230e-04
2 35 2 3.338051e-04
3 35 2 3.626111e-04
4 35 2 4.832120e-04
5 35 2 7.574992e-04
6 35 2 1.156867e-03
7 35 2 1.392066e-03
8 35 2 1.278285e-03
9 35 2 8.687720e-04
10 35 2 6.281210e-04
11 35 2 4.757681e-04
12 35 2 3.865185e-04
1 36 2 4.202626e-05
2 36 2 3.945449e-05
3 36 2 4.372724e-05
4 36 2 5.252024e-05
5 36 2 7.183015e-05
6 36 2 1.036209e-04
7 36 2 1.220362e-04
8 36 2 1.243216e-04
9 36 2 9.489835e-05
10 36 2 7.434904e-05
11 36 2 5.690570e-05
12 36 2 4.715120e-05
1 37 2 1.004646e-03
2 37 2 9.723577e-04
3 37 2 1.225216e-03
4 37 2 1.575463e-03
5 37 2 2.381800e-03
6 37 2 3.612515e-03
7 37 2 4.201541e-03
8 37 2 4.130214e-03
9 37 2 3.039453e-03
10 37 2 2.279058e-03
11 37 2 1.606306e-03
12 37 2 1.230567e-03
1 38 2 5.436545e-03
2 38 2 5.431671e-03
3 38 2 8.274433e-03
4 38 2 1.226821e-02
5 38 2 2.239857e-02
6 38 2 3.974456e-02
7 38 2 4.711563e-02
8 38 2 4.086295e-02
9 38 2 2.639434e-02
10 38 2 1.804051e-02
11 38 2 1.030870e-02
12 38 2 7.439157e-03
1 39 2 4.086594e-03
2 39 2 4.257409e-03
3 39 2 6.896123e-03
4 39 2 1.064819e-02
5 39 2 2.066101e-02
6 39 2 3.994294e-02
7 39 2 4.959796e-02
8 39 2 4.015538e-02
9 39 2 2.531043e-02
10 39 2 1.598324e-02
11 39 2 8.090367e-03
12 39 2 5.905382e-03
1 40 2 1.008997e-03
2 40 2 1.107045e-03
3 40 2 1.974399e-03
4 40 2 3.320108e-03
5 40 2 7.257923e-03
6 40 2 1.647868e-02
7 40 2 2.061737e-02
8 40 2 1.512439e-02
9 40 2 9.316469e-03
10 40 2 5.019801e-03
11 40 2 2.150338e-03
12 40 2 1.601934e-03
1 41 2 5.372889e-04
2 41 2 5.743887e-04
3 41 2 1.151056e-03
4 41 2 2.050112e-03
5 41 2 5.141981e-03
6 41 2 1.304831e-02
7 41 2 1.687068e-02
8 41 2 1.183302e-02
9 41 2 6.612839e-03
10 41 2 2.866066e-03
11 41 2 1.101066e-03
12 41 2 9.177240e-04
1 42 2 2.909397e-04
2 42 2 3.043288e-04
3 42 2 6.562808e-04
4 42 2 1.294640e-03
5 42 2 3.680443e-03
6 42 2 1.020845e-02
7 42 2 1.429063e-02
8 42 2 9.543508e-03
9 42 2 4.519350e-03
10 42 2 1.617427e-03
11 42 2 6.030077e-04
12 42 2 4.946801e-04
1 43 2 8.161974e-06
2 43 2 8.462914e-06
3 43 2 1.996809e-05
4 43 2 4.872273e-05
5 43 2 1.630839e-04
6 43 2 4.809599e-04
7 43 2 7.030967e-04
8 43 2 4.413553e-04
9 43 2 1.804784e-04
10 43 2 5.541146e-05
11 43 2 1.889650e-05
12 43 2 1.324092e-05
1 44 2 3.370460e-05
2 44 2 3.386553e-05
3 44 2 7.366275e-05
4 44 2 1.991454e-04
5 44 2 7.440011e-04
6 44 2 2.344594e-03
7 44 2 3.426753e-03
8 44 2 2.066311e-03
9 44 2 7.448740e-04
10 44 2 2.206911e-04
11 44 2 7.243144e-05
12 44 2 4.897179e-05
1 45 2 7.749280e-05
2 45 2 8.684678e-05
3 45 2 1.582499e-04
4 45 2 4.666915e-04
5 45 2 1.954413e-03
6 45 2 6.484946e-03
7 45 2 9.072356e-03
8 45 2 5.524147e-03
9 45 2 1.899630e-03
10 45 2 4.850151e-04
11 45 2 1.405850e-04
12 45 2 9.187941e-05
1 46 2 3.514936e-05
2 46 2 4.421876e-05
3 46 2 6.950854e-05
4 46 2 1.930182e-04
5 46 2 7.579743e-04
6 46 2 2.351152e-03
7 46 2 3.289095e-03
8 46 2 2.060985e-03
9 46 2 7.741648e-04
10 46 2 1.876483e-04
11 46 2 5.159194e-05
12 46 2 3.679226e-05
1 47 2 4.614906e-05
2 47 2 5.873103e-05
3 47 2 8.276121e-05
4 47 2 1.854288e-04
5 47 2 6.320338e-04
6 47 2 1.741252e-03
7 47 2 2.361510e-03
8 47 2 1.601273e-03
9 47 2 6.783480e-04
10 47 2 2.092285e-04
11 47 2 6.172789e-05
12 47 2 4.692140e-05
1 48 2 6.247100e-05
2 48 2 7.176281e-05
3 48 2 9.870572e-05
4 48 2 1.927514e-04
5 48 2 5.981447e-04
6 48 2 1.375835e-03
7 48 2 1.828357e-03
8 48 2 1.286354e-03
9 48 2 6.123565e-04
10 48 2 2.283082e-04
11 48 2 8.218808e-05
12 48 2 5.450213e-05
1 49 2 2.865417e-05
2 49 2 2.607277e-05
3 49 2 2.957417e-05
4 49 2 3.461394e-05
5 49 2 4.950532e-05
6 49 2 7.531947e-05
7 49 2 1.123266e-04
8 49 2 1.056274e-04
9 49 2 7.367389e-05
10 49 2 5.272075e-05
11 49 2 3.849042e-05
12 49 2 2.807869e-05
1 50 2 1.170616e-04
2 50 2 1.010475e-04
3 50 2 1.184433e-04
4 50 2 1.350131e-04
5 50 2 1.900215e-04
6 50 2 2.788539e-04
7 50 2 3.848594e-04
8 50 2 3.701050e-04
9 50 2 2.679897e-04
10 50 2 1.910343e-04
11 50 2 1.430237e-04
12 50 2 1.126156e-04
1 51 2 4.503036e-05
2 51 2 4.109726e-05
3 51 2 4.465671e-05
4 51 2 5.154861e-05
5 51 2 7.026206e-05
6 51 2 9.853697e-05
7 51 2 1.284081e-04
8 51 2 1.273418e-04
9 51 2 1.058024e-04
10 51 2 7.441868e-05
11 51 2 5.577407e-05
12 51 2 4.674037e-05
1 52 2 1.654302e-02
2 52 2 1.738813e-02
3 52 2 2.184345e-02
4 52 2 3.184477e-02
5 52 2 5.385370e-02
6 52 2 7.411474e-02
7 52 2 9.506592e-02
8 52 2 8.891920e-02
9 52 2 7.177888e-02
10 52 2 4.100476e-02
11 52 2 2.468085e-02
12 52 2 1.903270e-02
1 53 2 4.347432e-03
2 53 2 5.454439e-03
3 53 2 9.240970e-03
4 53 2 2.017028e-02
5 53 2 3.841037e-02
6 53 2 5.735647e-02
7 53 2 7.961757e-02
8 53 2 6.784344e-02
9 53 2 4.591697e-02
10 53 2 2.025132e-02
11 53 2 9.032632e-03
12 53 2 5.722540e-03
1 54 2 2.308276e-03
2 54 2 2.994425e-03
3 54 2 5.599696e-03
4 54 2 1.391469e-02
5 54 2 2.740761e-02
6 54 2 5.293900e-02
7 54 2 7.520237e-02
8 54 2 6.305912e-02
9 54 2 3.824436e-02
10 54 2 1.626523e-02
11 54 2 6.972019e-03
12 54 2 3.845902e-03
1 55 2 1.516672e-03
2 55 2 1.691494e-03
3 55 2 3.155435e-03
4 55 2 7.388611e-03
5 55 2 1.466200e-02
6 55 2 3.131214e-02
7 55 2 4.352625e-02
8 55 2 3.753761e-02
9 55 2 2.380392e-02
10 55 2 1.141360e-02
11 55 2 5.339987e-03
12 55 2 3.057692e-03
1 56 2 5.315112e-03
2 56 2 5.515926e-03
3 56 2 9.553731e-03
4 56 2 2.130346e-02
5 56 2 4.656651e-02
6 56 2 9.179284e-02
7 56 2 1.269116e-01
8 56 2 1.053302e-01
9 56 2 6.884633e-02
10 56 2 3.547213e-02
11 56 2 1.599215e-02
12 56 2 9.171653e-03
1 57 2 1.073735e-03
2 57 2 1.024450e-03
3 57 2 1.260015e-03
4 57 2 1.912506e-03
5 57 2 3.199921e-03
6 57 2 5.206672e-03
7 57 2 7.414360e-03
8 57 2 6.682149e-03
9 57 2 4.971524e-03
10 57 2 3.193448e-03
11 57 2 1.952810e-03
12 57 2 1.403396e-03
1 60 2 1.135113e-01
2 60 2 1.099254e-01
3 60 2 1.260626e-01
4 60 2 1.495084e-01
5 60 2 1.843320e-01
6 60 2 2.425797e-01
7 60 2 2.824113e-01
8 60 2 2.825300e-01
9 60 2 2.397674e-01
10 60 2 1.957298e-01
11 60 2 1.565381e-01
12 60 2 1.297540e-01
1 61 2 3.255164e-01
2 61 2 3.274744e-01
3 61 2 4.605871e-01
4 61 2 6.937414e-01
5 61 2 1.011957e+00
6 61 2 1.425684e+00
7 61 2 1.687159e+00
8 61 2 1.623186e+00
9 61 2 1.261258e+00
10 61 2 8.579155e-01
11 61 2 5.596703e-01
12 61 2 3.925481e-01
1 62 2 6.649816e-02
2 62 2 7.283114e-02
3 62 2 1.146495e-01
4 62 2 2.075506e-01
5 62 2 3.559940e-01
6 62 2 5.050059e-01
7 62 2 6.175202e-01
8 62 2 5.764327e-01
9 62 2 4.016711e-01
10 62 2 2.395321e-01
11 62 2 1.300765e-01
12 62 2 8.465009e-02
1 63 2 6.230113e-02
2 63 2 7.563091e-02
3 63 2 1.265504e-01
4 63 2 2.661675e-01
5 63 2 5.108192e-01
6 63 2 7.594141e-01
7 63 2 9.711070e-01
8 63 2 8.450535e-01
9 63 2 5.161322e-01
10 63 2 2.818653e-01
11 63 2 1.301957e-01
12 63 2 8.523160e-02
1 64 2 1.489999e-02
2 64 2 1.908844e-02
3 64 2 3.634900e-02
4 64 2 8.609865e-02
5 64 2 1.843962e-01
6 64 2 2.953604e-01
7 64 2 3.743758e-01
8 64 2 2.926783e-01
9 64 2 1.675832e-01
10 64 2 7.408484e-02
11 64 2 3.385313e-02
12 64 2 2.316765e-02
1 65 2 5.037127e-03
2 65 2 6.246069e-03
3 65 2 1.368396e-02
4 65 2 3.858926e-02
5 65 2 8.090938e-02
6 65 2 1.375085e-01
7 65 2 1.782306e-01
8 65 2 1.330216e-01
9 65 2 7.544567e-02
10 65 2 2.677237e-02
11 65 2 1.178572e-02
12 65 2 8.541096e-03
1 66 2 3.338511e-03
2 66 2 4.127441e-03
3 66 2 9.812109e-03
4 66 2 3.219028e-02
5 66 2 6.693278e-02
6 66 2 1.150939e-01
7 66 2 1.587337e-01
8 66 2 1.200029e-01
9 66 2 6.788367e-02
10 66 2 2.249064e-02
11 66 2 8.618749e-03
12 66 2 5.346041e-03
1 67 2 1.149590e-03
2 67 2 1.532925e-03
3 67 2 3.898239e-03
4 67 2 1.440043e-02
5 67 2 3.267375e-02
6 67 2 5.572531e-02
7 67 2 7.791013e-02
8 67 2 5.995823e-02
9 67 2 3.279298e-02
10 67 2 1.205951e-02
11 67 2 3.813308e-03
12 67 2 1.716350e-03
1 68 2 2.909380e-04
2 68 2 3.906514e-04
3 68 2 1.160213e-03
4 68 2 5.332950e-03
5 68 2 1.453297e-02
6 68 2 2.784968e-02
7 68 2 3.993117e-02
8 68 2 2.969816e-02
9 68 2 1.425244e-02
10 68 2 5.236174e-03
11 68 2 1.194033e-03
12 68 2 4.154821e-04
1 69 2 1.771240e-04
2 69 2 2.511290e-04
3 69 2 6.005578e-04
4 69 2 2.633482e-03
5 69 2 8.444384e-03
6 69 2 1.998458e-02
7 69 2 2.927725e-02
8 69 2 2.253756e-02
9 69 2 9.681988e-03
10 69 2 3.148209e-03
11 69 2 6.100093e-04
12 69 2 2.294030e-04
1 70 2 7.264647e-04
2 70 2 8.490983e-04
3 70 2 1.216733e-03
4 70 2 3.174394e-03
5 70 2 7.960372e-03
6 70 2 1.933005e-02
7 70 2 3.128922e-02
8 70 2 2.851712e-02
9 70 2 1.472433e-02
10 70 2 5.248473e-03
11 70 2 1.596272e-03
12 70 2 8.985857e-04
1 71 2 5.859112e-04
2 71 2 5.945628e-04
3 71 2 6.727930e-04
4 71 2 1.079629e-03
5 71 2 2.090841e-03
6 71 2 4.361691e-03
7 71 2 6.693826e-03
8 71 2 6.655341e-03
9 71 2 4.270004e-03
10 71 2 2.033746e-03
11 71 2 9.715722e-04
12 71 2 6.747898e-04
1 72 2 2.463277e-06
2 72 2 2.352644e-06
3 72 2 2.548845e-06
4 72 2 3.249802e-06
5 72 2 5.056453e-06
6 72 2 8.798397e-06
7 72 2 1.362771e-05
8 72 2 1.310666e-05
9 72 2 9.169858e-06
10 72 2 5.560082e-06
11 72 2 3.425777e-06
12 72 2 2.446455e-06
1 76 2 4.087614e-02
2 76 2 3.739746e-02
3 76 2 3.777385e-02
4 76 2 4.108895e-02
5 76 2 5.586112e-02
6 76 2 7.965441e-02
7 76 2 1.068121e-01
8 76 2 1.139881e-01
9 76 2 1.086085e-01
10 76 2 7.252879e-02
11 76 2 4.682038e-02
12 76 2 4.094849e-02
1 77 2 3.983371e-02
2 77 2 5.172375e-02
3 77 2 6.775502e-02
4 77 2 1.095070e-01
5 77 2 1.838667e-01
6 77 2 2.838710e-01
7 77 2 3.857041e-01
8 77 2 3.660957e-01
9 77 2 2.711882e-01
10 77 2 1.370075e-01
11 77 2 6.011928e-02
12 77 2 3.789288e-02
1 78 2 4.553850e-02
2 78 2 6.222193e-02
3 78 2 8.664777e-02
4 78 2 1.554119e-01
5 78 2 2.430193e-01
6 78 2 3.858304e-01
7 78 2 4.762649e-01
8 78 2 4.459643e-01
9 78 2 2.891584e-01
10 78 2 1.533463e-01
11 78 2 8.281033e-02
12 78 2 4.780921e-02
1 79 2 1.464899e-01
2 79 2 1.797455e-01
3 79 2 2.639183e-01
4 79 2 4.377523e-01
5 79 2 6.650672e-01
6 79 2 1.086501e+00
7 79 2 1.331371e+00
8 79 2 1.261238e+00
9 79 2 8.708922e-01
10 79 2 5.257101e-01
11 79 2 2.995225e-01
12 79 2 1.834819e-01
1 80 2 7.155196e-02
2 80 2 7.169167e-02
3 80 2 9.008506e-02
4 80 2 1.218053e-01
5 80 2 1.816619e-01
6 80 2 2.763920e-01
7 80 2 3.558966e-01
8 80 2 3.523317e-01
9 80 2 2.924289e-01
10 80 2 2.050232e-01
11 80 2 1.196024e-01
12 80 2 8.840606e-02
1 81 2 1.621567e-08
2 81 2 1.469531e-08
3 81 2 1.547815e-08
4 81 2 1.835329e-08
5 81 2 2.642857e-08
6 81 2 3.561174e-08
7 81 2 4.751774e-08
8 81 2 5.098548e-08
9 81 2 4.636171e-08
10 81 2 3.557303e-08
11 81 2 2.351513e-08
12 81 2 1.925174e-08
1 84 2 1.107485e-01
2 84 2 1.170890e-01
3 84 2 1.448157e-01
4 84 2 1.830018e-01
5 84 2 2.453502e-01
6 84 2 4.020240e-01
7 84 2 5.384402e-01
8 84 2 5.159594e-01
9 84 2 3.871485e-01
10 84 2 2.443295e-01
11 84 2 1.641350e-01
12 84 2 1.253814e-01
1 85 2 1.176131e-01
2 85 2 1.324416e-01
3 85 2 1.721954e-01
4 85 2 2.501839e-01
5 85 2 4.004900e-01
6 85 2 6.118111e-01
7 85 2 8.464976e-01
8 85 2 8.052805e-01
9 85 2 5.798566e-01
10 85 2 3.198523e-01
11 85 2 1.803832e-01
12 85 2 1.308862e-01
1 86 2 3.510155e-02
2 86 2 3.974230e-02
3 86 2 5.078773e-02
4 86 2 7.377044e-02
5 86 2 1.185637e-01
6 86 2 1.720333e-01
7 86 2 2.363281e-01
8 86 2 2.371011e-01
9 86 2 1.755000e-01
10 86 2 1.017705e-01
11 86 2 5.606021e-02
12 86 2 4.006585e-02
1 87 2 2.544346e-02
2 87 2 3.442208e-02
3 87 2 4.914842e-02
4 87 2 7.769245e-02
5 87 2 1.363011e-01
6 87 2 2.048778e-01
7 87 2 2.777509e-01
8 87 2 2.830189e-01
9 87 2 2.051900e-01
10 87 2 1.155274e-01
11 87 2 5.075970e-02
12 87 2 3.085418e-02
1 88 2 1.359787e-02
2 88 2 1.931006e-02
3 88 2 3.028103e-02
4 88 2 5.745502e-02
5 88 2 1.179146e-01
6 88 2 1.853294e-01
7 88 2 2.373401e-01
8 88 2 2.081658e-01
9 88 2 1.345168e-01
10 88 2 6.357014e-02
11 88 2 3.259043e-02
12 88 2 1.810279e-02
1 89 2 1.102483e-02
2 89 2 1.533963e-02
3 89 2 2.911414e-02
4 89 2 5.475872e-02
5 89 2 1.092773e-01
6 89 2 1.632476e-01
7 89 2 1.904389e-01
8 89 2 1.667791e-01
9 89 2 1.088409e-01
10 89 2 5.179417e-02
11 89 2 2.849975e-02
12 89 2 1.577473e-02
1 90 2 2.615877e-03
2 90 2 3.447639e-03
3 90 2 6.841469e-03
4 90 2 1.227898e-02
5 90 2 1.885366e-02
6 90 2 2.495598e-02
7 90 2 2.802711e-02
8 90 2 2.593284e-02
9 90 2 1.889874e-02
10 90 2 1.127229e-02
11 90 2 6.215017e-03
12 90 2 3.538072e-03
1 91 2 1.209997e-04
2 91 2 1.712092e-04
3 91 2 3.576939e-04
4 91 2 6.759290e-04
5 91 2 9.975658e-04
6 91 2 1.267999e-03
7 91 2 1.423778e-03
8 91 2 1.305741e-03
9 91 2 9.388551e-04
10 91 2 5.811535e-04
11 91 2 3.011998e-04
12 91 2 1.546229e-04
1 92 2 6.788162e-04
2 92 2 9.696476e-04
3 92 2 2.430662e-03
4 92 2 5.798996e-03
5 92 2 1.093606e-02
6 92 2 1.675790e-02
7 92 2 2.011560e-02
8 92 2 1.830842e-02
9 92 2 1.145393e-02
10 92 2 6.087394e-03
11 92 2 2.387480e-03
12 92 2 1.024887e-03
1 93 2 1.470349e-02
2 93 2 1.774108e-02
3 93 2 3.647659e-02
4 93 2 8.501277e-02
5 93 2 1.516580e-01
6 93 2 2.406706e-01
7 93 2 3.228470e-01
8 93 2 3.173861e-01
9 93 2 2.134755e-01
10 93 2 1.229359e-01
11 93 2 5.264785e-02
12 93 2 2.192889e-02
1 94 2 3.042207e-02
2 94 2 3.026871e-02
3 94 2 4.041604e-02
4 94 2 7.162467e-02
5 94 2 1.222589e-01
6 94 2 1.925117e-01
7 94 2 2.659541e-01
8 94 2 2.898311e-01
9 94 2 2.387383e-01
10 94 2 1.441020e-01
11 94 2 7.734310e-02
12 94 2 4.225842e-02
1 98 2 5.179808e-03
2 98 2 4.821714e-03
3 98 2 4.540391e-03
4 98 2 4.834208e-03
5 98 2 5.486495e-03
6 98 2 6.278172e-03
7 98 2 7.061654e-03
8 98 2 7.442639e-03
9 98 2 7.344219e-03
10 98 2 6.942248e-03
11 98 2 6.244503e-03
12 98 2 5.682565e-03
1 101 2 7.008343e-03
2 101 2 7.201311e-03
3 101 2 7.379479e-03
4 101 2 9.100017e-03
5 101 2 1.170280e-02
6 101 2 1.366424e-02
7 101 2 1.458580e-02
8 101 2 1.461548e-02
9 101 2 1.405083e-02
10 101 2 1.204715e-02
11 101 2 9.263928e-03
12 101 2 7.430332e-03
1 102 2 6.105474e-02
2 102 2 6.901396e-02
3 102 2 8.481944e-02
4 102 2 1.060921e-01
5 102 2 1.227736e-01
6 102 2 1.340294e-01
7 102 2 1.378036e-01
8 102 2 1.395449e-01
9 102 2 1.257689e-01
10 102 2 9.689250e-02
11 102 2 7.776836e-02
12 102 2 6.374084e-02
1 103 2 5.240189e-02
2 103 2 5.347656e-02
3 103 2 5.828275e-02
4 103 2 6.585730e-02
5 103 2 7.669607e-02
6 103 2 8.776883e-02
7 103 2 9.495472e-02
8 103 2 9.965287e-02
9 103 2 9.773885e-02
10 103 2 8.541527e-02
11 103 2 7.026747e-02
12 103 2 5.842508e-02
1 104 2 1.175725e-02
2 104 2 1.128196e-02
3 104 2 1.140454e-02
4 104 2 1.250343e-02
5 104 2 1.462041e-02
6 104 2 1.677762e-02
7 104 2 1.882996e-02
8 104 2 2.034094e-02
9 104 2 2.050467e-02
10 104 2 1.915542e-02
11 104 2 1.575706e-02
12 104 2 1.304683e-02
1 107 2 5.787122e-03
2 107 2 6.105309e-03
3 107 2 7.128166e-03
4 107 2 8.168093e-03
5 107 2 9.160003e-03
6 107 2 1.172700e-02
7 107 2 1.281811e-02
8 107 2 1.276625e-02
9 107 2 1.195112e-02
10 107 2 1.022242e-02
11 107 2 8.126445e-03
12 107 2 6.355187e-03
1 108 2 5.707584e-04
2 108 2 7.294299e-04
3 108 2 1.059575e-03
4 108 2 1.641050e-03
5 108 2 2.547348e-03
6 108 2 3.496315e-03
7 108 2 3.742700e-03
8 108 2 3.307759e-03
9 108 2 2.676499e-03
10 108 2 1.846599e-03
11 108 2 9.618905e-04
12 108 2 6.123372e-04
1 109 2 1.082603e-03
2 109 2 1.429961e-03
3 109 2 2.236552e-03
4 109 2 3.881345e-03
5 109 2 6.612972e-03
6 109 2 8.335986e-03
7 109 2 8.470114e-03
8 109 2 7.786414e-03
9 109 2 6.252713e-03
10 109 2 4.387305e-03
11 109 2 1.951364e-03
12 109 2 1.139915e-03
1 110 2 4.771933e-04
2 110 2 6.078529e-04
3 110 2 9.762427e-04
4 110 2 1.511186e-03
5 110 2 2.343788e-03
6 110 2 2.714220e-03
7 110 2 2.918048e-03
8 110 2 2.885927e-03
9 110 2 2.429883e-03
10 110 2 1.771539e-03
11 110 2 8.569016e-04
12 110 2 5.043816e-04
1 111 2 1.637071e-02
2 111 2 2.047499e-02
3 111 2 3.314856e-02
4 111 2 5.023940e-02
5 111 2 7.592952e-02
6 111 2 9.737798e-02
7 111 2 1.029358e-01
8 111 2 1.019540e-01
9 111 2 8.682271e-02
10 111 2 5.651738e-02
11 111 2 3.044551e-02
12 111 2 1.859667e-02
1 112 2 1.884665e-02
2 112 2 2.430045e-02
3 112 2 4.262991e-02
4 112 2 7.089105e-02
5 112 2 1.078018e-01
6 112 2 1.313692e-01
7 112 2 1.337960e-01
8 112 2 1.247117e-01
9 112 2 9.520367e-02
10 112 2 6.320318e-02
11 112 2 3.627203e-02
12 112 2 2.229605e-02
1 113 2 1.081140e-02
2 113 2 1.369703e-02
3 113 2 2.301110e-02
4 113 2 3.441100e-02
5 113 2 4.234603e-02
6 113 2 3.697435e-02
7 113 2 3.172618e-02
8 113 2 3.030108e-02
9 113 2 2.996920e-02
10 113 2 2.736474e-02
11 113 2 1.913992e-02
12 113 2 1.292729e-02
1 114 2 2.947981e-02
2 114 2 3.997612e-02
3 114 2 7.122428e-02
4 114 2 1.038225e-01
5 114 2 1.197807e-01
6 114 2 8.768619e-02
7 114 2 7.242285e-02
8 114 2 6.638433e-02
9 114 2 6.406323e-02
10 114 2 5.733777e-02
11 114 2 4.370982e-02
12 114 2 3.237748e-02
1 115 2 1.028866e-02
2 115 2 1.496908e-02
3 115 2 2.372842e-02
4 115 2 2.941345e-02
5 115 2 2.626761e-02
6 115 2 2.438861e-02
7 115 2 2.352236e-02
8 115 2 2.256804e-02
9 115 2 2.075586e-02
10 115 2 1.854854e-02
11 115 2 1.409026e-02
12 115 2 1.010871e-02
1 116 2 8.180504e-03
2 116 2 1.047204e-02
3 116 2 1.601425e-02
4 116 2 2.266759e-02
5 116 2 2.636383e-02
6 116 2 3.002172e-02
7 116 2 3.147426e-02
8 116 2 3.012786e-02
9 116 2 2.440692e-02
10 116 2 1.951278e-02
11 116 2 1.417566e-02
12 116 2 9.338314e-03
1 117 2 2.007996e-03
2 117 2 2.096850e-03
3 117 2 2.648129e-03
4 117 2 3.624947e-03
5 117 2 4.616076e-03
6 117 2 5.469030e-03
7 117 2 5.822352e-03
8 117 2 5.814717e-03
9 117 2 5.305577e-03
10 117 2 4.541894e-03
11 117 2 3.666499e-03
12 117 2 2.648632e-03
1 126 2 1.291269e-04
2 126 2 1.342142e-04
3 126 2 1.454698e-04
4 126 2 1.536073e-04
5 126 2 1.517654e-04
6 126 2 1.410489e-04
7 126 2 1.359630e-04
8 126 2 1.372913e-04
9 126 2 1.365645e-04
10 126 2 1.341965e-04
11 126 2 1.311266e-04
12 126 2 1.291412e-04
1 127 2 1.301567e-02
2 127 2 1.323721e-02
3 127 2 1.397159e-02
4 127 2 1.450548e-02
5 127 2 1.470310e-02
6 127 2 1.424181e-02
7 127 2 1.424574e-02
8 127 2 1.457266e-02
9 127 2 1.441731e-02
10 127 2 1.383950e-02
11 127 2 1.341219e-02
12 127 2 1.324617e-02
1 128 2 5.902276e-02
2 128 2 6.061583e-02
3 128 2 6.222602e-02
4 128 2 6.074317e-02
5 128 2 5.908812e-02
6 128 2 5.731317e-02
7 128 2 6.108526e-02
8 128 2 6.945420e-02
9 128 2 7.303045e-02
10 128 2 6.898071e-02
11 128 2 6.272788e-02
12 128 2 5.910214e-02
1 129 2 1.683020e-03
2 129 2 1.659912e-03
3 129 2 1.701776e-03
4 129 2 1.751128e-03
5 129 2 1.778147e-03
6 129 2 1.826251e-03
7 129 2 1.908251e-03
8 129 2 2.079991e-03
9 129 2 2.173152e-03
10 129 2 2.182726e-03
11 129 2 1.992904e-03
12 129 2 1.770452e-03
1 133 2 3.613568e-02
2 133 2 4.201307e-02
3 133 2 5.043443e-02
4 133 2 5.178282e-02
5 133 2 4.939551e-02
6 133 2 4.540114e-02
7 133 2 4.052095e-02
8 133 2 3.794326e-02
9 133 2 3.956637e-02
10 133 2 4.213971e-02
11 133 2 4.020196e-02
12 133 2 3.517674e-02
1 135 2 1.564211e-03
2 135 2 1.762318e-03
3 135 2 2.095799e-03
4 135 2 2.257078e-03
5 135 2 2.168836e-03
6 135 2 1.934823e-03
7 135 2 1.671496e-03
8 135 2 1.688223e-03
9 135 2 1.793930e-03
10 135 2 1.687087e-03
11 135 2 1.617058e-03
12 135 2 1.519005e-03
1 136 2 1.748765e-03
2 136 2 1.799833e-03
3 136 2 2.225829e-03
4 136 2 2.705931e-03
5 136 2 2.963116e-03
6 136 2 2.703492e-03
7 136 2 2.392275e-03
8 136 2 2.386788e-03
9 136 2 2.399124e-03
10 136 2 2.256851e-03
11 136 2 2.133841e-03
12 136 2 1.894877e-03
1 137 2 4.252709e-04
2 137 2 4.461530e-04
3 137 2 5.115237e-04
4 137 2 5.620894e-04
5 137 2 5.548163e-04
6 137 2 5.104866e-04
7 137 2 4.722545e-04
8 137 2 4.556784e-04
9 137 2 4.559647e-04
10 137 2 4.750100e-04
11 137 2 4.696366e-04
12 137 2 4.428253e-04
1 138 2 1.699696e-02
2 138 2 1.869087e-02
3 138 2 2.168417e-02
4 138 2 2.413314e-02
5 138 2 2.434885e-02
6 138 2 2.140020e-02
7 138 2 1.982523e-02
8 138 2 1.911898e-02
9 138 2 1.917114e-02
10 138 2 1.928285e-02
11 138 2 1.870474e-02
12 138 2 1.734708e-02
1 139 2 2.872163e-02
2 139 2 3.270863e-02
3 139 2 3.654867e-02
4 139 2 3.836043e-02
5 139 2 3.781984e-02
6 139 2 3.522054e-02
7 139 2 3.332396e-02
8 139 2 3.207981e-02
9 139 2 3.166401e-02
10 139 2 3.190982e-02
11 139 2 3.036464e-02
12 139 2 2.779477e-02
1 140 2 9.516844e-03
2 140 2 9.840771e-03
3 140 2 1.068784e-02
4 140 2 1.210915e-02
5 140 2 1.285818e-02
6 140 2 1.235031e-02
7 140 2 1.169373e-02
8 140 2 1.127851e-02
9 140 2 1.111408e-02
10 140 2 1.117551e-02
11 140 2 1.093948e-02
12 140 2 1.019893e-02
1 141 2 1.491770e-02
2 141 2 1.476335e-02
3 141 2 1.518621e-02
4 141 2 1.666674e-02
5 141 2 1.798562e-02
6 141 2 1.778484e-02
7 141 2 1.730392e-02
8 141 2 1.677954e-02
9 141 2 1.663733e-02
10 141 2 1.667645e-02
11 141 2 1.684290e-02
12 141 2 1.635314e-02
1 150 2 1.727517e-05
2 150 2 1.891039e-05
3 150 2 2.024143e-05
4 150 2 2.069851e-05
5 150 2 1.936750e-05
6 150 2 1.708126e-05
7 150 2 1.558288e-05
8 150 2 1.520658e-05
9 150 2 1.471496e-05
10 150 2 1.438017e-05
11 150 2 1.465975e-05
12 150 2 1.559756e-05
1 151 2 1.118793e-02
2 151 2 1.189967e-02
3 151 2 1.261718e-02
4 151 2 1.291469e-02
5 151 2 1.249586e-02
6 151 2 1.176247e-02
7 151 2 1.150257e-02
8 151 2 1.194667e-02
9 151 2 1.137429e-02
10 151 2 1.067359e-02
11 151 2 1.036061e-02
12 151 2 1.061908e-02
1 152 2 8.869848e-03
2 152 2 8.984505e-03
3 152 2 9.067677e-03
4 152 2 8.616635e-03
5 152 2 8.282895e-03
6 152 2 8.134967e-03
7 152 2 9.300441e-03
8 152 2 1.240102e-02
9 152 2 1.316504e-02
10 152 2 1.122069e-02
11 152 2 9.622201e-03
12 152 2 8.898561e-03
1 153 2 1.028319e-02
2 153 2 1.053263e-02
3 153 2 1.111265e-02
4 153 2 1.090004e-02
5 153 2 1.052619e-02
6 153 2 1.033460e-02
7 153 2 1.206377e-02
8 153 2 1.576517e-02
9 153 2 1.917484e-02
10 153 2 1.713837e-02
11 153 2 1.296430e-02
12 153 2 1.081695e-02
1 154 2 2.796979e-02
2 154 2 2.781803e-02
3 154 2 2.894824e-02
4 154 2 2.773778e-02
5 154 2 2.593735e-02
6 154 2 2.333095e-02
7 154 2 2.203055e-02
8 154 2 2.294992e-02
9 154 2 2.587573e-02
10 154 2 2.907970e-02
11 154 2 3.064676e-02
12 154 2 2.963396e-02
1 157 2 1.114707e-03
2 157 2 1.157512e-03
3 157 2 1.239283e-03
4 157 2 1.221824e-03
5 157 2 1.190928e-03
6 157 2 1.119677e-03
7 157 2 1.068331e-03
8 157 2 1.057563e-03
9 157 2 1.049919e-03
10 157 2 1.068226e-03
11 157 2 1.075884e-03
12 157 2 1.089924e-03
1 163 2 5.184116e-03
2 163 2 5.253576e-03
3 163 2 5.409474e-03
4 163 2 5.734078e-03
5 163 2 5.739674e-03
6 163 2 5.306554e-03
7 163 2 4.905892e-03
8 163 2 4.606729e-03
9 163 2 4.672696e-03
10 163 2 4.943532e-03
11 163 2 5.136782e-03
12 163 2 5.177031e-03
1 164 2 1.962868e-02
2 164 2 1.946085e-02
3 164 2 2.000257e-02
4 164 2 2.093572e-02
5 164 2 2.068945e-02
6 164 2 1.913614e-02
7 164 2 1.771219e-02
8 164 2 1.730155e-02
9 164 2 1.852643e-02
10 164 2 2.029653e-02
11 164 2 2.070642e-02
12 164 2 2.036161e-02
1 165 2 8.656894e-03
2 165 2 8.484367e-03
3 165 2 8.591029e-03
4 165 2 8.781051e-03
5 165 2 8.684670e-03
6 165 2 7.991127e-03
7 165 2 7.534539e-03
8 165 2 7.626320e-03
9 165 2 8.128834e-03
10 165 2 8.691484e-03
11 165 2 9.143079e-03
12 165 2 9.153851e-03
1 166 2 3.784260e-03
2 166 2 3.746482e-03
3 166 2 3.684584e-03
4 166 2 3.667297e-03
5 166 2 3.547217e-03
6 166 2 3.280585e-03
7 166 2 3.097865e-03
8 166 2 3.120977e-03
9 166 2 3.237783e-03
10 166 2 3.405910e-03
11 166 2 3.672071e-03
12 166 2 3.857089e-03
1 170 2 1.716498e-04
2 170 2 1.887808e-04
3 170 2 1.854761e-04
4 170 2 1.685879e-04
5 170 2 1.404840e-04
6 170 2 1.181225e-04
7 170 2 1.117254e-04
8 170 2 1.066618e-04
9 170 2 1.084558e-04
10 170 2 1.207647e-04
11 170 2 1.332414e-04
12 170 2 1.534357e-04
1 171 2 6.166451e-04
2 171 2 6.768991e-04
3 171 2 6.850938e-04
4 171 2 6.095168e-04
5 171 2 5.070495e-04
6 171 2 4.345175e-04
7 171 2 3.944951e-04
8 171 2 3.737965e-04
9 171 2 3.792428e-04
10 171 2 4.125103e-04
11 171 2 4.708148e-04
12 171 2 5.562224e-04
1 175 2 1.778698e-05
2 175 2 1.880498e-05
3 175 2 1.885892e-05
4 175 2 1.766363e-05
5 175 2 1.534691e-05
6 175 2 1.398492e-05
7 175 2 1.369475e-05
8 175 2 1.357912e-05
9 175 2 1.263007e-05
10 175 2 1.276721e-05
11 175 2 1.334800e-05
12 175 2 1.557052e-05
1 176 2 1.252509e-02
2 176 2 1.261899e-02
3 176 2 1.235395e-02
4 176 2 1.091122e-02
5 176 2 8.826694e-03
6 176 2 7.998640e-03
7 176 2 7.984053e-03
8 176 2 9.108743e-03
9 176 2 9.920364e-03
10 176 2 1.058744e-02
11 176 2 1.130131e-02
12 176 2 1.200476e-02
1 177 2 5.629334e-02
2 177 2 5.470176e-02
3 177 2 5.164865e-02
4 177 2 4.516330e-02
5 177 2 3.693128e-02
6 177 2 3.153619e-02
7 177 2 3.281292e-02
8 177 2 3.931592e-02
9 177 2 4.941396e-02
10 177 2 5.138862e-02
11 177 2 5.243096e-02
12 177 2 5.253808e-02
1 178 2 2.050330e-02
2 178 2 2.026368e-02
3 178 2 1.942421e-02
4 178 2 1.628061e-02
5 178 2 1.417561e-02
6 178 2 1.198154e-02
7 178 2 1.141166e-02
8 178 2 1.149565e-02
9 178 2 1.311050e-02
10 178 2 1.410652e-02
11 178 2 1.593251e-02
12 178 2 1.768844e-02
1 181 2 2.505491e-04
2 181 2 2.646351e-04
3 181 2 2.682794e-04
4 181 2 2.565110e-04
5 181 2 2.115416e-04
6 181 2 1.829194e-04
7 181 2 1.617384e-04
8 181 2 1.655260e-04
9 181 2 1.793307e-04
10 181 2 1.941816e-04
11 181 2 2.199133e-04
12 181 2 2.341440e-04
1 182 2 2.989454e-02
2 182 2 2.763177e-02
3 182 2 2.605552e-02
4 182 2 2.176515e-02
5 182 2 1.704405e-02
6 182 2 1.274793e-02
7 182 2 1.263954e-02
8 182 2 1.756421e-02
9 182 2 2.437224e-02
10 182 2 2.989168e-02
11 182 2 3.303645e-02
12 182 2 3.171012e-02
1 183 2 6.355400e-03
2 183 2 6.105426e-03
3 183 2 5.828775e-03
4 183 2 5.285106e-03
5 183 2 4.446797e-03
6 183 2 3.609103e-03
7 183 2 3.357892e-03
8 183 2 3.987368e-03
9 183 2 4.636222e-03
10 183 2 5.484646e-03
11 183 2 5.971114e-03
12 183 2 6.141676e-03
1 184 2 1.982358e-03
2 184 2 2.008640e-03
3 184 2 1.945336e-03
4 184 2 1.750677e-03
5 184 2 1.455420e-03
6 184 2 1.176254e-03
7 184 2 1.060685e-03
8 184 2 1.107782e-03
9 184 2 1.173510e-03
10 184 2 1.347628e-03
11 184 2 1.576815e-03
12 184 2 1.797221e-03
1 188 2 8.847908e-04
2 188 2 8.770765e-04
3 188 2 8.129713e-04
4 188 2 6.638465e-04
5 188 2 4.691801e-04
6 188 2 3.568750e-04
7 188 2 3.070880e-04
8 188 2 3.123782e-04
9 188 2 4.231146e-04
10 188 2 5.560322e-04
11 188 2 6.621792e-04
12 188 2 8.259155e-04
1 189 2 7.719531e-04
2 189 2 7.134404e-04
3 189 2 6.471540e-04
4 189 2 4.783429e-04
5 189 2 3.167059e-04
6 189 2 2.239625e-04
7 189 2 2.129405e-04
8 189 2 2.615614e-04
9 189 2 4.207672e-04
10 189 2 5.991109e-04
11 189 2 7.287187e-04
12 189 2 7.615075e-04
1 190 2 3.159712e-03
2 190 2 2.993885e-03
3 190 2 2.598699e-03
4 190 2 1.840604e-03
5 190 2 1.284189e-03
6 190 2 9.316060e-04
7 190 2 8.753484e-04
8 190 2 1.055230e-03
9 190 2 1.482188e-03
10 190 2 2.020581e-03
11 190 2 2.647606e-03
12 190 2 2.970565e-03
1 191 2 2.177648e-03
2 191 2 2.256619e-03
3 191 2 2.193444e-03
4 191 2 1.812031e-03
5 191 2 1.490067e-03
6 191 2 1.224064e-03
7 191 2 1.076158e-03
8 191 2 1.092932e-03
9 191 2 1.192411e-03
10 191 2 1.338360e-03
11 191 2 1.646042e-03
12 191 2 1.936553e-03
1 192 2 1.185336e-03
2 192 2 1.281018e-03
3 192 2 1.248107e-03
4 192 2 1.080674e-03
5 192 2 9.133325e-04
6 192 2 7.776660e-04
7 192 2 6.834137e-04
8 192 2 6.350518e-04
9 192 2 6.538789e-04
10 192 2 7.180338e-04
11 192 2 8.571467e-04
12 192 2 1.029246e-03
1 200 2 5.374676e-02
2 200 2 5.529205e-02
3 200 2 4.521676e-02
4 200 2 2.989151e-02
5 200 2 1.956549e-02
6 200 2 1.593428e-02
7 200 2 1.513839e-02
8 200 2 1.632547e-02
9 200 2 1.808335e-02
10 200 2 2.312044e-02
11 200 2 3.212927e-02
12 200 2 4.426759e-02
1 201 2 3.774879e-02
2 201 2 3.894893e-02
3 201 2 3.565543e-02
4 201 2 2.744500e-02
5 201 2 2.068243e-02
6 201 2 1.711115e-02
7 201 2 1.617099e-02
8 201 2 1.672742e-02
9 201 2 1.655514e-02
10 201 2 1.969847e-02
11 201 2 2.511026e-02
12 201 2 3.127405e-02
1 206 2 1.986464e-02
2 206 2 2.145640e-02
3 206 2 1.941230e-02
4 206 2 1.656540e-02
5 206 2 1.369950e-02
6 206 2 1.194481e-02
7 206 2 1.024500e-02
8 206 2 1.005929e-02
9 206 2 1.088908e-02
10 206 2 1.232582e-02
11 206 2 1.444871e-02
12 206 2 1.702208e-02
1 207 2 7.525871e-04
2 207 2 8.217306e-04
3 207 2 7.793119e-04
4 207 2 7.066417e-04
5 207 2 6.266870e-04
6 207 2 5.375066e-04
7 207 2 4.737639e-04
8 207 2 4.665367e-04
9 207 2 4.707057e-04
10 207 2 5.184654e-04
11 207 2 5.587520e-04
12 207 2 6.391777e-04
1 212 2 1.245529e-03
2 212 2 1.329525e-03
3 212 2 1.180084e-03
4 212 2 9.920856e-04
5 212 2 7.732522e-04
6 212 2 6.240788e-04
7 212 2 5.180207e-04
8 212 2 5.006623e-04
9 212 2 5.686155e-04
10 212 2 6.709396e-04
11 212 2 7.958513e-04
12 212 2 1.052267e-03
1 213 2 2.712696e-04
2 213 2 2.964773e-04
3 213 2 2.512528e-04
4 213 2 2.126137e-04
5 213 2 1.640598e-04
6 213 2 1.264671e-04
7 213 2 1.073335e-04
8 213 2 1.047835e-04
9 213 2 1.262161e-04
10 213 2 1.555468e-04
11 213 2 1.910095e-04
12 213 2 2.337418e-04
1 214 2 9.644336e-03
2 214 2 1.022420e-02
3 214 2 8.214513e-03
4 214 2 6.101206e-03
5 214 2 4.509910e-03
6 214 2 3.323598e-03
7 214 2 2.878286e-03
8 214 2 2.967295e-03
9 214 2 3.745577e-03
10 214 2 5.021539e-03
11 214 2 6.874027e-03
12 214 2 8.336998e-03
1 215 2 3.572069e-03
2 215 2 3.674349e-03
3 215 2 3.425768e-03
4 215 2 2.730193e-03
5 215 2 2.217613e-03
6 215 2 1.781806e-03
7 215 2 1.539727e-03
8 215 2 1.543513e-03
9 215 2 1.735784e-03
10 215 2 2.065025e-03
11 215 2 2.600151e-03
12 215 2 3.141126e-03
1 216 2 1.978253e-03
2 216 2 2.065442e-03
3 216 2 1.936875e-03
4 216 2 1.574567e-03
5 216 2 1.260823e-03
6 216 2 1.084646e-03
7 216 2 9.531207e-04
8 216 2 9.113601e-04
9 216 2 9.456977e-04
10 216 2 1.074874e-03
11 216 2 1.292891e-03
12 216 2 1.661599e-03
1 224 2 1.572269e-03
2 224 2 1.718862e-03
3 224 2 1.499917e-03
4 224 2 1.291654e-03
5 224 2 1.043034e-03
6 224 2 8.863771e-04
7 224 2 8.052650e-04
8 224 2 8.410901e-04
9 224 2 8.649652e-04
10 224 2 1.020185e-03
11 224 2 1.218302e-03
12 224 2 1.453531e-03
1 240 2 1.222562e-04
2 240 2 1.247006e-04
3 240 2 1.140356e-04
4 240 2 1.007113e-04
5 240 2 8.753110e-05
6 240 2 7.549862e-05
7 240 2 7.396708e-05
8 240 2 7.625577e-05
9 240 2 7.423041e-05
10 240 2 7.993840e-05
11 240 2 8.783267e-05
12 240 2 1.088533e-04
