1 7 2 7.904823e-08
2 7 2 6.753002e-08
3 7 2 7.385388e-08
4 7 2 1.908820e-07
5 7 2 6.567708e-07
6 7 2 1.768930e-06
7 7 2 2.393415e-06
8 7 2 1.631853e-06
9 7 2 7.057216e-07
10 7 2 3.093864e-07
11 7 2 1.639171e-07
12 7 2 9.670043e-08
1 25 2 3.803671e-05
2 25 2 3.611570e-05
3 25 2 5.088106e-05
4 25 2 9.284663e-05
5 25 2 2.597402e-04
6 25 2 4.710057e-04
7 25 2 5.709969e-04
8 25 2 4.378537e-04
9 25 2 2.474105e-04
10 25 2 1.157791e-04
11 25 2 5.520484e-05
12 25 2 3.196895e-05
1 26 2 5.043148e-05
2 26 2 4.150558e-05
3 26 2 6.863287e-05
4 26 2 1.531942e-04
5 26 2 4.315245e-04
6 26 2 8.241997e-04
7 26 2 8.942542e-04
8 26 2 6.690838e-04
9 26 2 3.659537e-04
10 26 2 1.473106e-04
11 26 2 7.696379e-05
12 26 2 4.758281e-05
1 27 2 2.203567e-04
2 27 2 1.945552e-04
3 27 2 3.410542e-04
4 27 2 8.686232e-04
5 27 2 2.446108e-03
6 27 2 5.056402e-03
7 27 2 5.702765e-03
8 27 2 4.292322e-03
9 27 2 2.218120e-03
10 27 2 8.329576e-04
11 27 2 4.414378e-04
12 27 2 2.730596e-04
1 28 2 8.229367e-06
2 28 2 7.488945e-06
3 28 2 1.259511e-05
4 28 2 3.423650e-05
5 28 2 9.776615e-05
6 28 2 2.093158e-04
7 28 2 2.495530e-04
8 28 2 1.880410e-04
9 28 2 9.673228e-05
10 28 2 3.767253e-05
11 28 2 1.880667e-05
12 28 2 1.172492e-05
1 29 2 1.104005e-05
2 29 2 1.044392e-05
3 29 2 1.663769e-05
4 29 2 5.002677e-05
5 29 2 1.496020e-04
6 29 2 3.681842e-04
7 29 2 5.015517e-04
8 29 2 3.731580e-04
9 29 2 1.713727e-04
10 29 2 6.351711e-05
11 29 2 3.002479e-05
12 29 2 1.874279e-05
1 30 2 2.503894e-06
2 30 2 2.189812e-06
3 30 2 3.480377e-06
4 30 2 1.065245e-05
5 30 2 2.950894e-05
6 30 2 8.025284e-05
7 30 2 1.163227e-04
8 30 2 8.908067e-05
9 30 2 4.030593e-05
10 30 2 1.577647e-05
11 30 2 7.277252e-06
12 30 2 4.358334e-06
1 31 2 4.465598e-06
2 31 2 3.441119e-06
3 31 2 5.227478e-06
4 31 2 1.454981e-05
5 31 2 3.757466e-05
6 31 2 9.893218e-05
7 31 2 1.395163e-04
8 31 2 1.126141e-04
9 31 2 5.633708e-05
10 31 2 2.579960e-05
11 31 2 1.238696e-05
12 31 2 6.902589e-06
1 32 2 5.285287e-06
2 32 2 4.375201e-06
3 32 2 6.115776e-06
4 32 2 1.358950e-05
5 32 2 3.629572e-05
6 32 2 8.597742e-05
7 32 2 1.109211e-04
8 32 2 9.162580e-05
9 32 2 5.116490e-05
10 32 2 2.637601e-05
11 32 2 1.363005e-05
12 32 2 7.068682e-06
1 35 2 3.310031e-04
2 35 2 3.153961e-04
3 35 2 3.426135e-04
4 35 2 4.565634e-04
5 35 2 7.157239e-04
6 35 2 1.093067e-03
7 35 2 1.315295e-03
8 35 2 1.207789e-03
9 35 2 8.208601e-04
10 35 2 5.934808e-04
11 35 2 4.495300e-04
12 35 2 3.652024e-04
1 36 2 3.969574e-05
2 36 2 3.726658e-05
3 36 2 4.130239e-05
4 36 2 4.960778e-05
5 36 2 6.784688e-05
6 36 2 9.787473e-05
7 36 2 1.152688e-04
8 36 2 1.174274e-04
9 36 2 8.963586e-05
10 36 2 7.022609e-05
11 36 2 5.375005e-05
12 36 2 4.453647e-05
1 37 2 9.211166e-04
2 37 2 8.915128e-04
3 37 2 1.123348e-03
4 37 2 1.444474e-03
5 37 2 2.183769e-03
6 37 2 3.312160e-03
7 37 2 3.852212e-03
8 37 2 3.786815e-03
9 37 2 2.786744e-03
10 37 2 2.089571e-03
11 37 2 1.472753e-03
12 37 2 1.128254e-03
1 38 2 5.108953e-03
2 38 2 5.104372e-03
3 38 2 7.775838e-03
4 38 2 1.152896e-02
5 38 2 2.104889e-02
6 38 2 3.734966e-02
7 38 2 4.427656e-02
8 38 2 3.840065e-02
9 38 2 2.480389e-02
10 38 2 1.695343e-02
11 38 2 9.687526e-03
12 38 2 6.990892e-03
1 39 2 3.809976e-03
2 39 2 3.969228e-03
3 39 2 6.429330e-03
4 39 2 9.927420e-03
5 39 2 1.926248e-02
6 39 2 3.723923e-02
7 39 2 4.624071e-02
8 39 2 3.743730e-02
9 39 2 2.359719e-02
10 39 2 1.490134e-02
11 39 2 7.542737e-03
12 39 2 5.505652e-03
1 40 2 9.409753e-04
2 40 2 1.032413e-03
3 40 2 1.841294e-03
4 40 2 3.096282e-03
5 40 2 6.768627e-03
6 40 2 1.536777e-02
7 40 2 1.922745e-02
8 40 2 1.410477e-02
9 40 2 8.688396e-03
10 40 2 4.681390e-03
11 40 2 2.005372e-03
12 40 2 1.493939e-03
1 41 2 5.011253e-04
2 41 2 5.357280e-04
3 41 2 1.073581e-03
4 41 2 1.912124e-03
5 41 2 4.795887e-03
6 41 2 1.217006e-02
7 41 2 1.573516e-02
8 41 2 1.103657e-02
9 41 2 6.167745e-03
10 41 2 2.673158e-03
11 41 2 1.026956e-03
12 41 2 8.559543e-04
1 42 2 2.711972e-04
2 42 2 2.836776e-04
3 42 2 6.117469e-04
4 42 2 1.206788e-03
5 42 2 3.430696e-03
6 42 2 9.515723e-03
7 42 2 1.332090e-02
8 42 2 8.895905e-03
9 42 2 4.212677e-03
10 42 2 1.507672e-03
11 42 2 5.620889e-04
12 42 2 4.611121e-04
1 43 2 7.611059e-06
2 43 2 7.891687e-06
3 43 2 1.862029e-05
4 43 2 4.543405e-05
5 43 2 1.520761e-04
6 43 2 4.484961e-04
7 43 2 6.556392e-04
8 43 2 4.115648e-04
9 43 2 1.682965e-04
10 43 2 5.167131e-05
11 43 2 1.762103e-05
12 43 2 1.234719e-05
1 44 2 3.142343e-05
2 44 2 3.157347e-05
3 44 2 6.867715e-05
4 44 2 1.856670e-04
5 44 2 6.936461e-04
6 44 2 2.185909e-03
7 44 2 3.194826e-03
8 44 2 1.926460e-03
9 44 2 6.944599e-04
10 44 2 2.057544e-04
11 44 2 6.752918e-05
12 44 2 4.565731e-05
1 45 2 7.222703e-05
2 45 2 8.094539e-05
3 45 2 1.474965e-04
4 45 2 4.349790e-04
5 45 2 1.821607e-03
6 45 2 6.044283e-03
7 45 2 8.455873e-03
8 45 2 5.148771e-03
9 45 2 1.770547e-03
10 45 2 4.520575e-04
11 45 2 1.310320e-04
12 45 2 8.563605e-05
1 46 2 3.277540e-05
2 46 2 4.123226e-05
3 46 2 6.481399e-05
4 46 2 1.799819e-04
5 46 2 7.067814e-04
6 46 2 2.192357e-03
7 46 2 3.066953e-03
8 46 2 1.921788e-03
9 46 2 7.218783e-04
10 46 2 1.749747e-04
11 46 2 4.810746e-05
12 46 2 3.430734e-05
1 47 2 4.307587e-05
2 47 2 5.481998e-05
3 47 2 7.724993e-05
4 47 2 1.730806e-04
5 47 2 5.899451e-04
6 47 2 1.625298e-03
7 47 2 2.204251e-03
8 47 2 1.494640e-03
9 47 2 6.331751e-04
10 47 2 1.952955e-04
11 47 2 5.761727e-05
12 47 2 4.379678e-05
1 48 2 5.826562e-05
2 48 2 6.693193e-05
3 48 2 9.206113e-05
4 48 2 1.797759e-04
5 48 2 5.578793e-04
6 48 2 1.283218e-03
7 48 2 1.705277e-03
8 48 2 1.199760e-03
9 48 2 5.711344e-04
10 48 2 2.129391e-04
11 48 2 7.665540e-05
12 48 2 5.083320e-05
1 49 2 2.621666e-05
2 49 2 2.385485e-05
3 49 2 2.705840e-05
4 49 2 3.166945e-05
5 49 2 4.529407e-05
6 49 2 6.891230e-05
7 49 2 1.027714e-04
8 49 2 9.664202e-05
9 49 2 6.740670e-05
10 49 2 4.823598e-05
11 49 2 3.521617e-05
12 49 2 2.569013e-05
1 50 2 1.070709e-04
2 50 2 9.242351e-05
3 50 2 1.083346e-04
4 50 2 1.234903e-04
5 50 2 1.738039e-04
6 50 2 2.550549e-04
7 50 2 3.520132e-04
8 50 2 3.385181e-04
9 50 2 2.451179e-04
10 50 2 1.747303e-04
11 50 2 1.308172e-04
12 50 2 1.030043e-04
1 51 2 4.104867e-05
2 51 2 3.746334e-05
3 51 2 4.070806e-05
4 51 2 4.699056e-05
5 51 2 6.404932e-05
6 51 2 8.982409e-05
7 51 2 1.170539e-04
8 51 2 1.160819e-04
9 51 2 9.644707e-05
10 51 2 6.783840e-05
11 51 2 5.084239e-05
12 51 2 4.260748e-05
1 52 2 1.511081e-02
2 52 2 1.588275e-02
3 52 2 1.995235e-02
4 52 2 2.908781e-02
5 52 2 4.919131e-02
6 52 2 6.769826e-02
7 52 2 8.683559e-02
8 52 2 8.122101e-02
9 52 2 6.556462e-02
10 52 2 3.745477e-02
11 52 2 2.254411e-02
12 52 2 1.738494e-02
1 53 2 3.984213e-03
2 53 2 4.998732e-03
3 53 2 8.468906e-03
4 53 2 1.848509e-02
5 53 2 3.520127e-02
6 53 2 5.256445e-02
7 53 2 7.296569e-02
8 53 2 6.217527e-02
9 53 2 4.208070e-02
10 53 2 1.855936e-02
11 53 2 8.277974e-03
12 53 2 5.244434e-03
1 54 2 2.112739e-03
2 54 2 2.740764e-03
3 54 2 5.125339e-03
4 54 2 1.273596e-02
5 54 2 2.508588e-02
6 54 2 4.845448e-02
7 54 2 6.883188e-02
8 54 2 5.771730e-02
9 54 2 3.500463e-02
10 54 2 1.488738e-02
11 54 2 6.381411e-03
12 54 2 3.520111e-03
1 55 2 1.390754e-03
2 55 2 1.551061e-03
3 55 2 2.893463e-03
4 55 2 6.775188e-03
5 55 2 1.344472e-02
6 55 2 2.871252e-02
7 55 2 3.991259e-02
8 55 2 3.442114e-02
9 55 2 2.182766e-02
10 55 2 1.046601e-02
11 55 2 4.896647e-03
12 55 2 2.803834e-03
1 56 2 4.872423e-03
2 56 2 5.056512e-03
3 56 2 8.758012e-03
4 56 2 1.952912e-02
5 56 2 4.268804e-02
6 56 2 8.414752e-02
7 56 2 1.163413e-01
8 56 2 9.655741e-02
9 56 2 6.311221e-02
10 56 2 3.251770e-02
11 56 2 1.466019e-02
12 56 2 8.407757e-03
1 57 2 9.836808e-04
2 57 2 9.385290e-04
3 57 2 1.154337e-03
4 57 2 1.752103e-03
5 57 2 2.931543e-03
6 57 2 4.769987e-03
7 57 2 6.792516e-03
8 57 2 6.121716e-03
9 57 2 4.554561e-03
10 57 2 2.925612e-03
11 57 2 1.789027e-03
12 57 2 1.285693e-03
1 60 2 1.050693e-01
2 60 2 1.017501e-01
3 60 2 1.166872e-01
4 60 2 1.383893e-01
5 60 2 1.706230e-01
6 60 2 2.245387e-01
7 60 2 2.614079e-01
8 60 2 2.615179e-01
9 60 2 2.219355e-01
10 60 2 1.811731e-01
11 60 2 1.448961e-01
12 60 2 1.201040e-01
1 61 2 3.004597e-01
2 61 2 3.022670e-01
3 61 2 4.251333e-01
4 61 2 6.403405e-01
5 61 2 9.340614e-01
6 61 2 1.315941e+00
7 61 2 1.557289e+00
8 61 2 1.498241e+00
9 61 2 1.164173e+00
10 61 2 7.918773e-01
11 61 2 5.165896e-01
12 61 2 3.623316e-01
1 62 2 6.213701e-02
2 62 2 6.805465e-02
3 62 2 1.071305e-01
4 62 2 1.939388e-01
5 62 2 3.326468e-01
6 62 2 4.718861e-01
7 62 2 5.770213e-01
8 62 2 5.386285e-01
9 62 2 3.753283e-01
10 62 2 2.238229e-01
11 62 2 1.215457e-01
12 62 2 7.909848e-02
1 63 2 5.810258e-02
2 63 2 7.053405e-02
3 63 2 1.180220e-01
4 63 2 2.482301e-01
5 63 2 4.763945e-01
6 63 2 7.082363e-01
7 63 2 9.056630e-01
8 63 2 7.881043e-01
9 63 2 4.813494e-01
10 63 2 2.628701e-01
11 63 2 1.214216e-01
12 63 2 7.948774e-02
1 64 2 1.388746e-02
2 64 2 1.779129e-02
3 64 2 3.387890e-02
4 64 2 8.024782e-02
5 64 2 1.718655e-01
6 64 2 2.752892e-01
7 64 2 3.489351e-01
8 64 2 2.727893e-01
9 64 2 1.561951e-01
10 64 2 6.905041e-02
11 64 2 3.155265e-02
12 64 2 2.159330e-02
1 65 2 4.696464e-03
2 65 2 5.823645e-03
3 65 2 1.275851e-02
4 65 2 3.597945e-02
5 65 2 7.543745e-02
6 65 2 1.282088e-01
7 65 2 1.661768e-01
8 65 2 1.240253e-01
9 65 2 7.034326e-02
10 65 2 2.496174e-02
11 65 2 1.098865e-02
12 65 2 7.963459e-03
1 66 2 3.112286e-03
2 66 2 3.847756e-03
3 66 2 9.147217e-03
4 66 2 3.000899e-02
5 66 2 6.239725e-02
6 66 2 1.072949e-01
7 66 2 1.479775e-01
8 66 2 1.118712e-01
9 66 2 6.328371e-02
10 66 2 2.096662e-02
11 66 2 8.034721e-03
12 66 2 4.983781e-03
1 67 2 1.072203e-03
2 67 2 1.429733e-03
3 67 2 3.635821e-03
4 67 2 1.343104e-02
5 67 2 3.047425e-02
6 67 2 5.197406e-02
7 67 2 7.266547e-02
8 67 2 5.592203e-02
9 67 2 3.058546e-02
10 67 2 1.124770e-02
11 67 2 3.556608e-03
12 67 2 1.600810e-03
1 68 2 2.716738e-04
2 68 2 3.647848e-04
3 68 2 1.083390e-03
4 68 2 4.979834e-03
5 68 2 1.357068e-02
6 68 2 2.600564e-02
7 68 2 3.728717e-02
8 68 2 2.773173e-02
9 68 2 1.330873e-02
10 68 2 4.889466e-03
11 68 2 1.114972e-03
12 68 2 3.879714e-04
1 69 2 1.649429e-04
2 69 2 2.338584e-04
3 69 2 5.592564e-04
4 69 2 2.452373e-03
5 69 2 7.863649e-03
6 69 2 1.861021e-02
7 69 2 2.726380e-02
8 69 2 2.098761e-02
9 69 2 9.016141e-03
10 69 2 2.931701e-03
11 69 2 5.680579e-04
12 69 2 2.136266e-04
1 70 2 6.752517e-04
2 70 2 7.892401e-04
3 70 2 1.130958e-03
4 70 2 2.950612e-03
5 70 2 7.399196e-03
6 70 2 1.796736e-02
7 70 2 2.908345e-02
8 70 2 2.650677e-02
9 70 2 1.368632e-02
10 70 2 4.878476e-03
11 70 2 1.483741e-03
12 70 2 8.352389e-04
1 71 2 5.461451e-04
2 71 2 5.542095e-04
3 71 2 6.271302e-04
4 71 2 1.006354e-03
5 71 2 1.948934e-03
6 71 2 4.065661e-03
7 71 2 6.239513e-03
8 71 2 6.203640e-03
9 71 2 3.980197e-03
10 71 2 1.895715e-03
11 71 2 9.056311e-04
12 71 2 6.289915e-04
1 72 2 2.299058e-06
2 72 2 2.195801e-06
3 72 2 2.378922e-06
4 72 2 3.033149e-06
5 72 2 4.719356e-06
6 72 2 8.211837e-06
7 72 2 1.271919e-05
8 72 2 1.223288e-05
9 72 2 8.558534e-06
10 72 2 5.189410e-06
11 72 2 3.197392e-06
12 72 2 2.283358e-06
1 76 2 3.738975e-02
2 76 2 3.420778e-02
3 76 2 3.455206e-02
4 76 2 3.758441e-02
5 76 2 5.109665e-02
6 76 2 7.286057e-02
7 76 2 9.770197e-02
8 76 2 1.042659e-01
9 76 2 9.934514e-02
10 76 2 6.634270e-02
11 76 2 4.282700e-02
12 76 2 3.745594e-02
1 77 2 3.646013e-02
2 77 2 4.734319e-02
3 77 2 6.201674e-02
4 77 2 1.002327e-01
5 77 2 1.682947e-01
6 77 2 2.598295e-01
7 77 2 3.530382e-01
8 77 2 3.350905e-01
9 77 2 2.482208e-01
10 77 2 1.254041e-01
11 77 2 5.502769e-02
12 77 2 3.468368e-02
1 78 2 4.167057e-02
2 78 2 5.693696e-02
3 78 2 7.928813e-02
4 78 2 1.422116e-01
5 78 2 2.223779e-01
6 78 2 3.530590e-01
7 78 2 4.358122e-01
8 78 2 4.080852e-01
9 78 2 2.645980e-01
10 78 2 1.403215e-01
11 78 2 7.577663e-02
12 78 2 4.374841e-02
1 79 2 1.339656e-01
2 79 2 1.643781e-01
3 79 2 2.413544e-01
4 79 2 4.003263e-01
5 79 2 6.082068e-01
6 79 2 9.936095e-01
7 79 2 1.217544e+00
8 79 2 1.153407e+00
9 79 2 7.964346e-01
10 79 2 4.807641e-01
11 79 2 2.739146e-01
12 79 2 1.677950e-01
1 80 2 6.541924e-02
2 80 2 6.554697e-02
3 80 2 8.236388e-02
4 80 2 1.113654e-01
5 80 2 1.660916e-01
6 80 2 2.527024e-01
7 80 2 3.253927e-01
8 80 2 3.221334e-01
9 80 2 2.673648e-01
10 80 2 1.874506e-01
11 80 2 1.093513e-01
12 80 2 8.082878e-02
1 81 2 1.488490e-08
2 81 2 1.348931e-08
3 81 2 1.420791e-08
4 81 2 1.684709e-08
5 81 2 2.425966e-08
6 81 2 3.268920e-08
7 81 2 4.361811e-08
8 81 2 4.680126e-08
9 81 2 4.255695e-08
10 81 2 3.265366e-08
11 81 2 2.158531e-08
12 81 2 1.767181e-08
1 84 2 1.045323e-01
2 84 2 1.105169e-01
3 84 2 1.366873e-01
4 84 2 1.727300e-01
5 84 2 2.315789e-01
6 84 2 3.794588e-01
7 84 2 5.082180e-01
8 84 2 4.869991e-01
9 84 2 3.654182e-01
10 84 2 2.306155e-01
11 84 2 1.549222e-01
12 84 2 1.183438e-01
1 85 2 1.111645e-01
2 85 2 1.251800e-01
3 85 2 1.627541e-01
4 85 2 2.364666e-01
5 85 2 3.785315e-01
6 85 2 5.782661e-01
7 85 2 8.000849e-01
8 85 2 7.611277e-01
9 85 2 5.480636e-01
10 85 2 3.023151e-01
11 85 2 1.704930e-01
12 85 2 1.237099e-01
1 86 2 3.310564e-02
2 86 2 3.748251e-02
3 86 2 4.789989e-02
4 86 2 6.957578e-02
5 86 2 1.118220e-01
6 86 2 1.622513e-01
7 86 2 2.228902e-01
8 86 2 2.236193e-01
9 86 2 1.655209e-01
10 86 2 9.598374e-02
11 86 2 5.287257e-02
12 86 2 3.778766e-02
1 87 2 2.390521e-02
2 87 2 3.234100e-02
3 87 2 4.617703e-02
4 87 2 7.299535e-02
5 87 2 1.280606e-01
6 87 2 1.924914e-01
7 87 2 2.609587e-01
8 87 2 2.659082e-01
9 87 2 1.927847e-01
10 87 2 1.085429e-01
11 87 2 4.769089e-02
12 87 2 2.898881e-02
1 88 2 1.281102e-02
2 88 2 1.819268e-02
3 88 2 2.852881e-02
4 88 2 5.413037e-02
5 88 2 1.110914e-01
6 88 2 1.746053e-01
7 88 2 2.236063e-01
8 88 2 1.961202e-01
9 88 2 1.267329e-01
10 88 2 5.989163e-02
11 88 2 3.070458e-02
12 88 2 1.705527e-02
1 89 2 1.030878e-02
2 89 2 1.434333e-02
3 89 2 2.722319e-02
4 89 2 5.120217e-02
5 89 2 1.021798e-01
6 89 2 1.526448e-01
7 89 2 1.780700e-01
8 89 2 1.559468e-01
9 89 2 1.017718e-01
10 89 2 4.843017e-02
11 89 2 2.664870e-02
12 89 2 1.475017e-02
1 90 2 2.453269e-03
2 90 2 3.233327e-03
3 90 2 6.416190e-03
4 90 2 1.151570e-02
5 90 2 1.768168e-02
6 90 2 2.340467e-02
7 90 2 2.628489e-02
8 90 2 2.432080e-02
9 90 2 1.772395e-02
10 90 2 1.057159e-02
11 90 2 5.828679e-03
12 90 2 3.318139e-03
1 91 2 1.113286e-04
2 91 2 1.575250e-04
3 91 2 3.291046e-04
4 91 2 6.219043e-04
5 91 2 9.178337e-04
6 91 2 1.166652e-03
7 91 2 1.309981e-03
8 91 2 1.201378e-03
9 91 2 8.638156e-04
10 91 2 5.347039e-04
11 91 2 2.771260e-04
12 91 2 1.422644e-04
1 92 2 6.233928e-04
2 92 2 8.904786e-04
3 92 2 2.232205e-03
4 92 2 5.325525e-03
5 92 2 1.004317e-02
6 92 2 1.538967e-02
7 92 2 1.847322e-02
8 92 2 1.681359e-02
9 92 2 1.051875e-02
10 92 2 5.590376e-03
11 92 2 2.192549e-03
12 92 2 9.412075e-04
1 93 2 1.363737e-02
2 93 2 1.645471e-02
3 93 2 3.383176e-02
4 93 2 7.884868e-02
5 93 2 1.406616e-01
6 93 2 2.232201e-01
7 93 2 2.994381e-01
8 93 2 2.943731e-01
9 93 2 1.979968e-01
10 93 2 1.140221e-01
11 93 2 4.883048e-02
12 93 2 2.033887e-02
1 94 2 2.710607e-02
2 94 2 2.696942e-02
3 94 2 3.601069e-02
4 94 2 6.381758e-02
5 94 2 1.089327e-01
6 94 2 1.715279e-01
7 94 2 2.369651e-01
8 94 2 2.582395e-01
9 94 2 2.127158e-01
10 94 2 1.283949e-01
11 94 2 6.891270e-02
12 94 2 3.765225e-02
1 98 2 4.733406e-03
2 98 2 4.406173e-03
3 98 2 4.149094e-03
4 98 2 4.417590e-03
5 98 2 5.013662e-03
6 98 2 5.737112e-03
7 98 2 6.453072e-03
8 98 2 6.801223e-03
9 98 2 6.711285e-03
10 98 2 6.343957e-03
11 98 2 5.706344e-03
12 98 2 5.192834e-03
1 101 2 6.628090e-03
2 101 2 6.810588e-03
3 101 2 6.979088e-03
4 101 2 8.606275e-03
5 101 2 1.106784e-02
6 101 2 1.292286e-02
7 101 2 1.379441e-02
8 101 2 1.382248e-02
9 101 2 1.328847e-02
10 101 2 1.139350e-02
11 101 2 8.761293e-03
12 101 2 7.027182e-03
1 102 2 5.692995e-02
2 102 2 6.435145e-02
3 102 2 7.908913e-02
4 102 2 9.892460e-02
5 102 2 1.144792e-01
6 102 2 1.249746e-01
7 102 2 1.284938e-01
8 102 2 1.301174e-01
9 102 2 1.172721e-01
10 102 2 9.034655e-02
11 102 2 7.251442e-02
12 102 2 5.943458e-02
1 103 2 4.828840e-02
2 103 2 4.927872e-02
3 103 2 5.370762e-02
4 103 2 6.068758e-02
5 103 2 7.067552e-02
6 103 2 8.087909e-02
7 103 2 8.750089e-02
8 103 2 9.183025e-02
9 103 2 9.006648e-02
10 103 2 7.871028e-02
11 103 2 6.475156e-02
12 103 2 5.383878e-02
1 104 2 1.111097e-02
2 104 2 1.066180e-02
3 104 2 1.077765e-02
4 104 2 1.181614e-02
5 104 2 1.381675e-02
6 104 2 1.585538e-02
7 104 2 1.779490e-02
8 104 2 1.922283e-02
9 104 2 1.937756e-02
10 104 2 1.810248e-02
11 104 2 1.489092e-02
12 104 2 1.232966e-02
1 107 2 5.452284e-03
2 107 2 5.752061e-03
3 107 2 6.715736e-03
4 107 2 7.695494e-03
5 107 2 8.630013e-03
6 107 2 1.104849e-02
7 107 2 1.207647e-02
8 107 2 1.202760e-02
9 107 2 1.125964e-02
10 107 2 9.630954e-03
11 107 2 7.656256e-03
12 107 2 5.987481e-03
1 108 2 5.391201e-04
2 108 2 6.889962e-04
3 108 2 1.000841e-03
4 108 2 1.550084e-03
5 108 2 2.406144e-03
6 108 2 3.302508e-03
7 108 2 3.535235e-03
8 108 2 3.124403e-03
9 108 2 2.528135e-03
10 108 2 1.744238e-03
11 108 2 9.085710e-04
12 108 2 5.783942e-04
1 109 2 1.022835e-03
2 109 2 1.351016e-03
3 109 2 2.113076e-03
4 109 2 3.667064e-03
5 109 2 6.247883e-03
6 109 2 7.875773e-03
7 109 2 8.002496e-03
8 109 2 7.356542e-03
9 109 2 5.907514e-03
10 109 2 4.145090e-03
11 109 2 1.843633e-03
12 109 2 1.076982e-03
1 110 2 4.513003e-04
2 110 2 5.748701e-04
3 110 2 9.232707e-04
4 110 2 1.429187e-03
5 110 2 2.216612e-03
6 110 2 2.566943e-03
7 110 2 2.759711e-03
8 110 2 2.729333e-03
9 110 2 2.298035e-03
10 110 2 1.675413e-03
11 110 2 8.104052e-04
12 110 2 4.770133e-04
1 111 2 1.546834e-02
2 111 2 1.934638e-02
3 111 2 3.132137e-02
4 111 2 4.747015e-02
5 111 2 7.174419e-02
6 111 2 9.201039e-02
7 111 2 9.726187e-02
8 111 2 9.633415e-02
9 111 2 8.203694e-02
10 111 2 5.340208e-02
11 111 2 2.876731e-02
12 111 2 1.757160e-02
1 112 2 1.782627e-02
2 112 2 2.298479e-02
3 112 2 4.032187e-02
4 112 2 6.705292e-02
5 112 2 1.019653e-01
6 112 2 1.242567e-01
7 112 2 1.265521e-01
8 112 2 1.179597e-01
9 112 2 9.004923e-02
10 112 2 5.978129e-02
11 112 2 3.430822e-02
12 112 2 2.108891e-02
1 113 2 1.022104e-02
2 113 2 1.294911e-02
3 113 2 2.175458e-02
4 113 2 3.253199e-02
5 113 2 4.003372e-02
6 113 2 3.495536e-02
7 113 2 2.999377e-02
8 113 2 2.864649e-02
9 113 2 2.833273e-02
10 113 2 2.587049e-02
11 113 2 1.809478e-02
12 113 2 1.222140e-02
1 114 2 2.786842e-02
2 114 2 3.779099e-02
3 114 2 6.733110e-02
4 114 2 9.814749e-02
5 114 2 1.132333e-01
6 114 2 8.289318e-02
7 114 2 6.846415e-02
8 114 2 6.275570e-02
9 114 2 6.056148e-02
10 114 2 5.420364e-02
11 114 2 4.132060e-02
12 114 2 3.060769e-02
1 115 2 9.716360e-03
2 115 2 1.413643e-02
3 115 2 2.240855e-02
4 115 2 2.777735e-02
5 115 2 2.480649e-02
6 115 2 2.303201e-02
7 115 2 2.221395e-02
8 115 2 2.131271e-02
9 115 2 1.960134e-02
10 115 2 1.751680e-02
11 115 2 1.330650e-02
12 115 2 9.546417e-03
1 116 2 7.673987e-03
2 116 2 9.823640e-03
3 116 2 1.502269e-02
4 116 2 2.126407e-02
5 116 2 2.473145e-02
6 116 2 2.816285e-02
7 116 2 2.952545e-02
8 116 2 2.826241e-02
9 116 2 2.289570e-02
10 116 2 1.830460e-02
11 116 2 1.329793e-02
12 116 2 8.760108e-03
1 117 2 1.855424e-03
2 117 2 1.937527e-03
3 117 2 2.446918e-03
4 117 2 3.349516e-03
5 117 2 4.265337e-03
6 117 2 5.053481e-03
7 117 2 5.379957e-03
8 117 2 5.372902e-03
9 117 2 4.902448e-03
10 117 2 4.196791e-03
11 117 2 3.387911e-03
12 117 2 2.447383e-03
1 126 2 1.220911e-04
2 126 2 1.269012e-04
3 126 2 1.375436e-04
4 126 2 1.452376e-04
5 126 2 1.434961e-04
6 126 2 1.333636e-04
7 126 2 1.285547e-04
8 126 2 1.298107e-04
9 126 2 1.291235e-04
10 126 2 1.268845e-04
11 126 2 1.239819e-04
12 126 2 1.221047e-04
1 127 2 1.230658e-02
2 127 2 1.251604e-02
3 127 2 1.321042e-02
4 127 2 1.371522e-02
5 127 2 1.390207e-02
6 127 2 1.346591e-02
7 127 2 1.346963e-02
8 127 2 1.377874e-02
9 127 2 1.363186e-02
10 127 2 1.308552e-02
11 127 2 1.268149e-02
12 127 2 1.252452e-02
1 128 2 5.580619e-02
2 128 2 5.731244e-02
3 128 2 5.883488e-02
4 128 2 5.743284e-02
5 128 2 5.586799e-02
6 128 2 5.418977e-02
7 128 2 5.775629e-02
8 128 2 6.566915e-02
9 128 2 6.905050e-02
10 128 2 6.522146e-02
11 128 2 5.930939e-02
12 128 2 5.588125e-02
1 129 2 1.590628e-03
2 129 2 1.568788e-03
3 129 2 1.608355e-03
4 129 2 1.654997e-03
5 129 2 1.680533e-03
6 129 2 1.725996e-03
7 129 2 1.803495e-03
8 129 2 1.965807e-03
9 129 2 2.053854e-03
10 129 2 2.062902e-03
11 129 2 1.883500e-03
12 129 2 1.673261e-03
1 133 2 3.416829e-02
2 133 2 3.972570e-02
3 133 2 4.768856e-02
4 133 2 4.896354e-02
5 133 2 4.670620e-02
6 133 2 4.292930e-02
7 133 2 3.831481e-02
8 133 2 3.587746e-02
9 133 2 3.741220e-02
10 133 2 3.984544e-02
11 133 2 3.801319e-02
12 133 2 3.326156e-02
1 135 2 1.477034e-03
2 135 2 1.664100e-03
3 135 2 1.978996e-03
4 135 2 2.131286e-03
5 135 2 2.047962e-03
6 135 2 1.826991e-03
7 135 2 1.578340e-03
8 135 2 1.594135e-03
9 135 2 1.693951e-03
10 135 2 1.593062e-03
11 135 2 1.526936e-03
12 135 2 1.434348e-03
1 136 2 1.652483e-03
2 136 2 1.700740e-03
3 136 2 2.103282e-03
4 136 2 2.556951e-03
5 136 2 2.799976e-03
6 136 2 2.554646e-03
7 136 2 2.260563e-03
8 136 2 2.255379e-03
9 136 2 2.267036e-03
10 136 2 2.132596e-03
11 136 2 2.016358e-03
12 136 2 1.790551e-03
1 137 2 4.021881e-04
2 137 2 4.219368e-04
3 137 2 4.837593e-04
4 137 2 5.315804e-04
5 137 2 5.247021e-04
6 137 2 4.827785e-04
7 137 2 4.466215e-04
8 137 2 4.309451e-04
9 137 2 4.312159e-04
10 137 2 4.492275e-04
11 137 2 4.441458e-04
12 137 2 4.187897e-04
1 138 2 1.606550e-02
2 138 2 1.766658e-02
3 138 2 2.049584e-02
4 138 2 2.281060e-02
5 138 2 2.301449e-02
6 138 2 2.022743e-02
7 138 2 1.873877e-02
8 138 2 1.807122e-02
9 138 2 1.812053e-02
10 138 2 1.822612e-02
11 138 2 1.767968e-02
12 138 2 1.639643e-02
1 139 2 2.714892e-02
2 139 2 3.091761e-02
3 139 2 3.454738e-02
4 139 2 3.625994e-02
5 139 2 3.574895e-02
6 139 2 3.329198e-02
7 139 2 3.149925e-02
8 139 2 3.032322e-02
9 139 2 2.993019e-02
10 139 2 3.016254e-02
11 139 2 2.870197e-02
12 139 2 2.627282e-02
1 140 2 8.995939e-03
2 140 2 9.302135e-03
3 140 2 1.010284e-02
4 140 2 1.144635e-02
5 140 2 1.215439e-02
6 140 2 1.167431e-02
7 140 2 1.105368e-02
8 140 2 1.066118e-02
9 140 2 1.050575e-02
10 140 2 1.056382e-02
11 140 2 1.034070e-02
12 140 2 9.640692e-03
1 141 2 1.410438e-02
2 141 2 1.395844e-02
3 141 2 1.435825e-02
4 141 2 1.575806e-02
5 141 2 1.700504e-02
6 141 2 1.681520e-02
7 141 2 1.636050e-02
8 141 2 1.586471e-02
9 141 2 1.573026e-02
10 141 2 1.576724e-02
11 141 2 1.592461e-02
12 141 2 1.546156e-02
1 150 2 1.632797e-05
2 150 2 1.787353e-05
3 150 2 1.913158e-05
4 150 2 1.956361e-05
5 150 2 1.830557e-05
6 150 2 1.614469e-05
7 150 2 1.472846e-05
8 150 2 1.437280e-05
9 150 2 1.390813e-05
10 150 2 1.359170e-05
11 150 2 1.385596e-05
12 150 2 1.474234e-05
1 151 2 1.058254e-02
2 151 2 1.125576e-02
3 151 2 1.193445e-02
4 151 2 1.221586e-02
5 151 2 1.181969e-02
6 151 2 1.112599e-02
7 151 2 1.088015e-02
8 151 2 1.130021e-02
9 151 2 1.075881e-02
10 151 2 1.009603e-02
11 151 2 9.799985e-03
12 151 2 1.004447e-02
1 152 2 8.382460e-03
2 152 2 8.490816e-03
3 152 2 8.569418e-03
4 152 2 8.143161e-03
5 152 2 7.827759e-03
6 152 2 7.687959e-03
7 152 2 8.789392e-03
8 152 2 1.171960e-02
9 152 2 1.244163e-02
10 152 2 1.060412e-02
11 152 2 9.093472e-03
12 152 2 8.409594e-03
1 153 2 9.715967e-03
2 153 2 9.951644e-03
3 153 2 1.049967e-02
4 153 2 1.029879e-02
5 153 2 9.945560e-03
6 153 2 9.764545e-03
7 153 2 1.139833e-02
8 153 2 1.489556e-02
9 153 2 1.811715e-02
10 153 2 1.619301e-02
11 153 2 1.224918e-02
12 153 2 1.022029e-02
1 154 2 2.644683e-02
2 154 2 2.630333e-02
3 154 2 2.737200e-02
4 154 2 2.622745e-02
5 154 2 2.452506e-02
6 154 2 2.206057e-02
7 154 2 2.083098e-02
8 154 2 2.170029e-02
9 154 2 2.446679e-02
10 154 2 2.749630e-02
11 154 2 2.897804e-02
12 154 2 2.802038e-02
1 157 2 1.053538e-03
2 157 2 1.093994e-03
3 157 2 1.171277e-03
4 157 2 1.154777e-03
5 157 2 1.125576e-03
6 157 2 1.058235e-03
7 157 2 1.009707e-03
8 157 2 9.995292e-04
9 157 2 9.923049e-04
10 157 2 1.009607e-03
11 157 2 1.016845e-03
12 157 2 1.030115e-03
1 163 2 4.901623e-03
2 163 2 4.967298e-03
3 163 2 5.114701e-03
4 163 2 5.421617e-03
5 163 2 5.426908e-03
6 163 2 5.017390e-03
7 163 2 4.638560e-03
8 163 2 4.355699e-03
9 163 2 4.418071e-03
10 163 2 4.674149e-03
11 163 2 4.856869e-03
12 163 2 4.894924e-03
1 164 2 1.854994e-02
2 164 2 1.839133e-02
3 164 2 1.890329e-02
4 164 2 1.978515e-02
5 164 2 1.955241e-02
6 164 2 1.808447e-02
7 164 2 1.673878e-02
8 164 2 1.635070e-02
9 164 2 1.750827e-02
10 164 2 1.918108e-02
11 164 2 1.956845e-02
12 164 2 1.924259e-02
1 165 2 8.177955e-03
2 165 2 8.014974e-03
3 165 2 8.115734e-03
4 165 2 8.295243e-03
5 165 2 8.204194e-03
6 165 2 7.549021e-03
7 165 2 7.117694e-03
8 165 2 7.204397e-03
9 165 2 7.679110e-03
10 165 2 8.210632e-03
11 165 2 8.637242e-03
12 165 2 8.647418e-03
1 166 2 3.571269e-03
2 166 2 3.535617e-03
3 166 2 3.477203e-03
4 166 2 3.460890e-03
5 166 2 3.347568e-03
6 166 2 3.095943e-03
7 166 2 2.923507e-03
8 166 2 2.945318e-03
9 166 2 3.055549e-03
10 166 2 3.214214e-03
11 166 2 3.465394e-03
12 166 2 3.639999e-03
1 170 2 1.625593e-04
2 170 2 1.787831e-04
3 170 2 1.756534e-04
4 170 2 1.596595e-04
5 170 2 1.330441e-04
6 170 2 1.118668e-04
7 170 2 1.058085e-04
8 170 2 1.010131e-04
9 170 2 1.027120e-04
10 170 2 1.143691e-04
11 170 2 1.261850e-04
12 170 2 1.453099e-04
1 171 2 5.844724e-04
2 171 2 6.415826e-04
3 171 2 6.493498e-04
4 171 2 5.777159e-04
5 171 2 4.805947e-04
6 171 2 4.118470e-04
7 171 2 3.739128e-04
8 171 2 3.542941e-04
9 171 2 3.594562e-04
10 171 2 3.909880e-04
11 171 2 4.462506e-04
12 171 2 5.272021e-04
1 175 2 1.681024e-05
2 175 2 1.777234e-05
3 175 2 1.782332e-05
4 175 2 1.669366e-05
5 175 2 1.450416e-05
6 175 2 1.321697e-05
7 175 2 1.294273e-05
8 175 2 1.283345e-05
9 175 2 1.193651e-05
10 175 2 1.206612e-05
11 175 2 1.261502e-05
12 175 2 1.471549e-05
1 176 2 1.180476e-02
2 176 2 1.189327e-02
3 176 2 1.164347e-02
4 176 2 1.028372e-02
5 176 2 8.319068e-03
6 176 2 7.538636e-03
7 176 2 7.524887e-03
8 176 2 8.584896e-03
9 176 2 9.349841e-03
10 176 2 9.978557e-03
11 176 2 1.065137e-02
12 176 2 1.131436e-02
1 177 2 5.321189e-02
2 177 2 5.170743e-02
3 177 2 4.882145e-02
4 177 2 4.269110e-02
5 177 2 3.490969e-02
6 177 2 2.980992e-02
7 177 2 3.101677e-02
8 177 2 3.716379e-02
9 177 2 4.670908e-02
10 177 2 4.857565e-02
11 177 2 4.956093e-02
12 177 2 4.966219e-02
1 178 2 1.937666e-02
2 178 2 1.915020e-02
3 178 2 1.835687e-02
4 178 2 1.538601e-02
5 178 2 1.339667e-02
6 178 2 1.132316e-02
7 178 2 1.078460e-02
8 178 2 1.086397e-02
9 178 2 1.239008e-02
10 178 2 1.333138e-02
11 178 2 1.505703e-02
12 178 2 1.671647e-02
1 181 2 2.367555e-04
2 181 2 2.500661e-04
3 181 2 2.535097e-04
4 181 2 2.423892e-04
5 181 2 1.998955e-04
6 181 2 1.728490e-04
7 181 2 1.528341e-04
8 181 2 1.564133e-04
9 181 2 1.694579e-04
10 181 2 1.834913e-04
11 181 2 2.078063e-04
12 181 2 2.212536e-04
1 182 2 2.826433e-02
2 182 2 2.612495e-02
3 182 2 2.463466e-02
4 182 2 2.057825e-02
5 182 2 1.611460e-02
6 182 2 1.205276e-02
7 182 2 1.195028e-02
8 182 2 1.660640e-02
9 182 2 2.304317e-02
10 182 2 2.826162e-02
11 182 2 3.123491e-02
12 182 2 2.998090e-02
1 183 2 6.011889e-03
2 183 2 5.775426e-03
3 183 2 5.513728e-03
4 183 2 4.999445e-03
5 183 2 4.206446e-03
6 183 2 3.414030e-03
7 183 2 3.176397e-03
8 183 2 3.771850e-03
9 183 2 4.385633e-03
10 183 2 5.188199e-03
11 183 2 5.648373e-03
12 183 2 5.809717e-03
1 184 2 1.872227e-03
2 184 2 1.897049e-03
3 184 2 1.837262e-03
4 184 2 1.653417e-03
5 184 2 1.374563e-03
6 184 2 1.110906e-03
7 184 2 1.001758e-03
8 184 2 1.046238e-03
9 184 2 1.108315e-03
10 184 2 1.272760e-03
11 184 2 1.489215e-03
12 184 2 1.697375e-03
1 188 2 8.100799e-04
2 188 2 8.030170e-04
3 188 2 7.443247e-04
4 188 2 6.077919e-04
5 188 2 4.295630e-04
6 188 2 3.267408e-04
7 188 2 2.811578e-04
8 188 2 2.860013e-04
9 188 2 3.873872e-04
10 188 2 5.090814e-04
11 188 2 6.062654e-04
12 188 2 7.561759e-04
1 189 2 7.065308e-04
2 189 2 6.529769e-04
3 189 2 5.923082e-04
4 189 2 4.378038e-04
5 189 2 2.898653e-04
6 189 2 2.049819e-04
7 189 2 1.948939e-04
8 189 2 2.393943e-04
9 189 2 3.851076e-04
10 189 2 5.483368e-04
11 189 2 6.669604e-04
12 189 2 6.969704e-04
1 190 2 2.892834e-03
2 190 2 2.741013e-03
3 190 2 2.379206e-03
4 190 2 1.685142e-03
5 190 2 1.175723e-03
6 190 2 8.529200e-04
7 190 2 8.014140e-04
8 190 2 9.661023e-04
9 190 2 1.356999e-03
10 190 2 1.849917e-03
11 190 2 2.423982e-03
12 190 2 2.719663e-03
1 191 2 2.002449e-03
2 191 2 2.075066e-03
3 191 2 2.016974e-03
4 191 2 1.666247e-03
5 191 2 1.370186e-03
6 191 2 1.125584e-03
7 191 2 9.895777e-04
8 191 2 1.005002e-03
9 191 2 1.096478e-03
10 191 2 1.230684e-03
11 191 2 1.513612e-03
12 191 2 1.780751e-03
1 192 2 1.120424e-03
2 192 2 1.210867e-03
3 192 2 1.179758e-03
4 192 2 1.021494e-03
5 192 2 8.633164e-04
6 192 2 7.350793e-04
7 192 2 6.459885e-04
8 192 2 6.002749e-04
9 192 2 6.180710e-04
10 192 2 6.787126e-04
11 192 2 8.102074e-04
12 192 2 9.728820e-04
1 200 2 5.060854e-02
2 200 2 5.206360e-02
3 200 2 4.257660e-02
4 200 2 2.814617e-02
5 200 2 1.842308e-02
6 200 2 1.500389e-02
7 200 2 1.425448e-02
8 200 2 1.537224e-02
9 200 2 1.702748e-02
10 200 2 2.177046e-02
11 200 2 3.025327e-02
12 200 2 4.168285e-02
1 201 2 3.568980e-02
2 201 2 3.682447e-02
3 201 2 3.371062e-02
4 201 2 2.594803e-02
5 201 2 1.955432e-02
6 201 2 1.617783e-02
7 201 2 1.528895e-02
8 201 2 1.581503e-02
9 201 2 1.565215e-02
10 201 2 1.862403e-02
11 201 2 2.374063e-02
12 201 2 2.956822e-02
1 206 2 1.878271e-02
2 206 2 2.028777e-02
3 206 2 1.835501e-02
4 206 2 1.566316e-02
5 206 2 1.295335e-02
6 206 2 1.129423e-02
7 206 2 9.687006e-03
8 206 2 9.511414e-03
9 206 2 1.029601e-02
10 206 2 1.165450e-02
11 206 2 1.366176e-02
12 206 2 1.609497e-02
1 207 2 7.117508e-04
2 207 2 7.771424e-04
3 207 2 7.370254e-04
4 207 2 6.682984e-04
5 207 2 5.926821e-04
6 207 2 5.083408e-04
7 207 2 4.480568e-04
8 207 2 4.412218e-04
9 207 2 4.451646e-04
10 207 2 4.903328e-04
11 207 2 5.284334e-04
12 207 2 6.044951e-04
1 212 2 1.140270e-03
2 212 2 1.217168e-03
3 212 2 1.080356e-03
4 212 2 9.082450e-04
5 212 2 7.079051e-04
6 212 2 5.713383e-04
7 212 2 4.742431e-04
8 212 2 4.583516e-04
9 212 2 5.205621e-04
10 212 2 6.142389e-04
11 212 2 7.285943e-04
12 212 2 9.633409e-04
1 213 2 2.482367e-04
2 213 2 2.713040e-04
3 213 2 2.299194e-04
4 213 2 1.945611e-04
5 213 2 1.501299e-04
6 213 2 1.157290e-04
7 213 2 9.822002e-05
8 213 2 9.588653e-05
9 213 2 1.154994e-04
10 213 2 1.423397e-04
11 213 2 1.747913e-04
12 213 2 2.138952e-04
1 214 2 8.827900e-03
2 214 2 9.358681e-03
3 214 2 7.519118e-03
4 214 2 5.584712e-03
5 214 2 4.128126e-03
6 214 2 3.042240e-03
7 214 2 2.634626e-03
8 214 2 2.716101e-03
9 214 2 3.428497e-03
10 214 2 4.596444e-03
11 214 2 6.292110e-03
12 214 2 7.631234e-03
1 215 2 3.271133e-03
2 215 2 3.364796e-03
3 215 2 3.137157e-03
4 215 2 2.500182e-03
5 215 2 2.030786e-03
6 215 2 1.631694e-03
7 215 2 1.410009e-03
8 215 2 1.413476e-03
9 215 2 1.589549e-03
10 215 2 1.891053e-03
11 215 2 2.381096e-03
12 215 2 2.876495e-03
1 216 2 1.830742e-03
2 216 2 1.911429e-03
3 216 2 1.792449e-03
4 216 2 1.457157e-03
5 216 2 1.166808e-03
6 216 2 1.003767e-03
7 216 2 8.820499e-04
8 216 2 8.434032e-04
9 216 2 8.751804e-04
10 216 2 9.947246e-04
11 216 2 1.196485e-03
12 216 2 1.537700e-03
1 224 2 1.478978e-03
2 224 2 1.616873e-03
3 224 2 1.410919e-03
4 224 2 1.215013e-03
5 224 2 9.811455e-04
6 224 2 8.337835e-04
7 224 2 7.574842e-04
8 224 2 7.911836e-04
9 224 2 8.136421e-04
10 224 2 9.596518e-04
11 224 2 1.146014e-03
12 224 2 1.367285e-03
1 240 2 1.132051e-04
2 240 2 1.154685e-04
3 240 2 1.055931e-04
4 240 2 9.325527e-05
5 240 2 8.105084e-05
6 240 2 6.990917e-05
7 240 2 6.849102e-05
8 240 2 7.061027e-05
9 240 2 6.873485e-05
10 240 2 7.402026e-05
11 240 2 8.133009e-05
12 240 2 1.007945e-04
