1 7 2 7.233172e-08
2 7 2 6.179218e-08
3 7 2 6.757872e-08
4 7 2 1.746633e-07
5 7 2 6.009667e-07
6 7 2 1.618629e-06
7 7 2 2.190053e-06
8 7 2 1.493199e-06
9 7 2 6.457583e-07
10 7 2 2.830986e-07
11 7 2 1.499895e-07
12 7 2 8.848405e-08
1 25 2 3.524964e-05
2 25 2 3.346939e-05
3 25 2 4.715285e-05
4 25 2 8.604347e-05
5 25 2 2.407082e-04
6 25 2 4.364937e-04
7 25 2 5.291582e-04
8 25 2 4.057708e-04
9 25 2 2.292820e-04
10 25 2 1.072956e-04
11 25 2 5.115981e-05
12 25 2 2.962648e-05
1 26 2 4.572678e-05
2 26 2 3.763357e-05
3 26 2 6.223019e-05
4 26 2 1.389029e-04
5 26 2 3.912680e-04
6 26 2 7.473110e-04
7 26 2 8.108302e-04
8 26 2 6.066657e-04
9 26 2 3.318142e-04
10 26 2 1.335682e-04
11 26 2 6.978392e-05
12 26 2 4.314386e-05
1 27 2 2.001354e-04
2 27 2 1.767016e-04
3 27 2 3.097569e-04
4 27 2 7.889129e-04
5 27 2 2.221638e-03
6 27 2 4.592395e-03
7 27 2 5.179444e-03
8 27 2 3.898431e-03
9 27 2 2.014571e-03
10 27 2 7.565202e-04
11 27 2 4.009287e-04
12 27 2 2.480020e-04
1 28 2 7.494738e-06
2 28 2 6.820413e-06
3 28 2 1.147075e-05
4 28 2 3.118024e-05
5 28 2 8.903864e-05
6 28 2 1.906303e-04
7 28 2 2.272756e-04
8 28 2 1.712547e-04
9 28 2 8.809707e-05
10 28 2 3.430954e-05
11 28 2 1.712782e-05
12 28 2 1.067824e-05
1 29 2 1.006474e-05
2 29 2 9.521275e-06
3 29 2 1.516786e-05
4 29 2 4.560724e-05
5 29 2 1.363857e-04
6 29 2 3.356576e-04
7 29 2 4.572429e-04
8 29 2 3.401920e-04
9 29 2 1.562331e-04
10 29 2 5.790580e-05
11 29 2 2.737230e-05
12 29 2 1.708699e-05
1 30 2 2.277386e-06
2 30 2 1.991716e-06
3 30 2 3.165533e-06
4 30 2 9.688803e-06
5 30 2 2.683949e-05
6 30 2 7.299297e-05
7 30 2 1.057998e-04
8 30 2 8.102221e-05
9 30 2 3.665975e-05
10 30 2 1.434929e-05
11 30 2 6.618933e-06
12 30 2 3.964068e-06
1 31 2 4.072439e-06
2 31 2 3.138157e-06
3 31 2 4.767241e-06
4 31 2 1.326881e-05
5 31 2 3.426651e-05
6 31 2 9.022200e-05
7 31 2 1.272331e-04
8 31 2 1.026994e-04
9 31 2 5.137705e-05
10 31 2 2.352816e-05
11 31 2 1.129639e-05
12 31 2 6.294872e-06
1 32 2 4.816838e-06
2 32 2 3.987415e-06
3 32 2 5.573719e-06
4 32 2 1.238502e-05
5 32 2 3.307874e-05
6 32 2 7.835702e-05
7 32 2 1.010899e-04
8 32 2 8.350477e-05
9 32 2 4.663002e-05
10 32 2 2.403824e-05
11 32 2 1.242198e-05
12 32 2 6.442166e-06
1 35 2 3.115336e-04
2 35 2 2.968446e-04
3 35 2 3.224611e-04
4 35 2 4.297085e-04
5 35 2 6.736253e-04
6 35 2 1.028773e-03
7 35 2 1.237930e-03
8 35 2 1.136747e-03
9 35 2 7.725774e-04
10 35 2 5.585725e-04
11 35 2 4.230888e-04
12 35 2 3.437213e-04
1 36 2 3.736522e-05
2 36 2 3.507867e-05
3 36 2 3.887754e-05
4 36 2 4.669533e-05
5 36 2 6.386361e-05
6 36 2 9.212854e-05
7 36 2 1.085014e-04
8 36 2 1.105333e-04
9 36 2 8.437336e-05
10 36 2 6.610314e-05
11 36 2 5.059440e-05
12 36 2 4.192175e-05
1 37 2 8.397789e-04
2 37 2 8.127892e-04
3 37 2 1.024152e-03
4 37 2 1.316922e-03
5 37 2 1.990935e-03
6 37 2 3.019685e-03
7 37 2 3.512048e-03
8 37 2 3.452426e-03
9 37 2 2.540665e-03
10 37 2 1.905054e-03
11 37 2 1.342704e-03
12 37 2 1.028626e-03
1 38 2 4.779182e-03
2 38 2 4.774898e-03
3 38 2 7.273926e-03
4 38 2 1.078479e-02
5 38 2 1.969024e-02
6 38 2 3.493883e-02
7 38 2 4.141862e-02
8 38 2 3.592198e-02
9 38 2 2.320286e-02
10 38 2 1.585913e-02
11 38 2 9.062220e-03
12 38 2 6.539647e-03
1 39 2 3.553934e-03
2 39 2 3.702484e-03
3 39 2 5.997259e-03
4 39 2 9.260268e-03
5 39 2 1.796799e-02
6 39 2 3.473664e-02
7 39 2 4.313320e-02
8 39 2 3.492140e-02
9 39 2 2.201138e-02
10 39 2 1.389993e-02
11 39 2 7.035842e-03
12 39 2 5.135655e-03
1 40 2 8.776427e-04
2 40 2 9.629262e-04
3 40 2 1.717365e-03
4 40 2 2.887886e-03
5 40 2 6.313063e-03
6 40 2 1.433343e-02
7 40 2 1.793334e-02
8 40 2 1.315545e-02
9 40 2 8.103621e-03
10 40 2 4.366307e-03
11 40 2 1.870400e-03
12 40 2 1.393389e-03
1 41 2 4.672669e-04
2 41 2 4.995317e-04
3 41 2 1.001045e-03
4 41 2 1.782932e-03
5 41 2 4.471855e-03
6 41 2 1.134779e-02
7 41 2 1.467202e-02
8 41 2 1.029088e-02
9 41 2 5.751023e-03
10 41 2 2.492547e-03
11 41 2 9.575697e-04
12 41 2 7.981220e-04
1 42 2 2.529935e-04
2 42 2 2.646362e-04
3 42 2 5.706844e-04
4 42 2 1.125785e-03
5 42 2 3.200416e-03
6 42 2 8.876996e-03
7 42 2 1.242675e-02
8 42 2 8.298782e-03
9 42 2 3.929908e-03
10 42 2 1.406472e-03
11 42 2 5.243596e-04
12 42 2 4.301607e-04
1 43 2 7.101899e-06
2 43 2 7.363753e-06
3 43 2 1.737464e-05
4 43 2 4.239463e-05
5 43 2 1.419026e-04
6 43 2 4.184929e-04
7 43 2 6.117786e-04
8 43 2 3.840321e-04
9 43 2 1.570379e-04
10 43 2 4.821463e-05
11 43 2 1.644222e-05
12 43 2 1.152119e-05
1 44 2 2.931600e-05
2 44 2 2.945597e-05
3 44 2 6.407127e-05
4 44 2 1.732151e-04
5 44 2 6.471263e-04
6 44 2 2.039309e-03
7 44 2 2.980563e-03
8 44 2 1.797261e-03
9 44 2 6.478855e-04
10 44 2 1.919553e-04
11 44 2 6.300029e-05
12 44 2 4.259528e-05
1 45 2 6.733147e-05
2 45 2 7.545890e-05
3 45 2 1.374992e-04
4 45 2 4.054961e-04
5 45 2 1.698139e-03
6 45 2 5.634600e-03
7 45 2 7.882733e-03
8 45 2 4.799787e-03
9 45 2 1.650539e-03
10 45 2 4.214169e-04
11 45 2 1.221506e-04
12 45 2 7.983162e-05
1 46 2 3.057604e-05
2 46 2 3.846541e-05
3 46 2 6.046471e-05
4 46 2 1.679044e-04
5 46 2 6.593535e-04
6 46 2 2.045241e-03
7 46 2 2.861148e-03
8 46 2 1.792828e-03
9 46 2 6.734374e-04
10 46 2 1.632332e-04
11 46 2 4.487925e-05
12 46 2 3.200518e-05
1 47 2 4.014668e-05
2 47 2 5.109218e-05
3 47 2 7.199687e-05
4 47 2 1.613110e-04
5 47 2 5.498283e-04
6 47 2 1.514776e-03
7 47 2 2.054360e-03
8 47 2 1.393003e-03
9 47 2 5.901186e-04
10 47 2 1.820152e-04
11 47 2 5.369925e-05
12 47 2 4.081857e-05
1 48 2 5.431515e-05
2 48 2 6.239388e-05
3 48 2 8.581928e-05
4 48 2 1.675869e-04
5 48 2 5.200544e-04
6 48 2 1.196214e-03
7 48 2 1.589658e-03
8 48 2 1.118415e-03
9 48 2 5.324108e-04
10 48 2 1.985016e-04
11 48 2 7.145809e-05
12 48 2 4.738665e-05
1 49 2 2.377659e-05
2 49 2 2.163460e-05
3 49 2 2.453998e-05
4 49 2 2.872187e-05
5 49 2 4.107840e-05
6 49 2 6.249840e-05
7 49 2 9.320607e-05
8 49 2 8.764721e-05
9 49 2 6.113293e-05
10 49 2 4.374649e-05
11 49 2 3.193848e-05
12 49 2 2.329906e-05
1 50 2 9.683499e-05
2 50 2 8.358788e-05
3 50 2 9.797792e-05
4 50 2 1.116847e-04
5 50 2 1.571884e-04
6 50 2 2.306718e-04
7 50 2 3.183610e-04
8 50 2 3.061560e-04
9 50 2 2.216848e-04
10 50 2 1.580262e-04
11 50 2 1.183112e-04
12 50 2 9.315715e-05
1 51 2 3.722851e-05
2 51 2 3.397685e-05
3 51 2 3.691960e-05
4 51 2 4.261743e-05
5 51 2 5.808864e-05
6 51 2 8.146470e-05
7 51 2 1.061604e-04
8 51 2 1.052789e-04
9 51 2 8.747132e-05
10 51 2 6.152509e-05
11 51 2 4.611080e-05
12 51 2 3.864225e-05
1 52 2 1.373209e-02
2 52 2 1.443360e-02
3 52 2 1.813189e-02
4 52 2 2.643382e-02
5 52 2 4.470307e-02
6 52 2 6.152143e-02
7 52 2 7.891266e-02
8 52 2 7.381036e-02
9 52 2 5.958246e-02
10 52 2 3.403738e-02
11 52 2 2.048717e-02
12 52 2 1.579873e-02
1 53 2 3.624492e-03
2 53 2 4.547413e-03
3 53 2 7.704277e-03
4 53 2 1.681613e-02
5 53 2 3.202306e-02
6 53 2 4.781858e-02
7 53 2 6.637786e-02
8 53 2 5.656167e-02
9 53 2 3.828138e-02
10 53 2 1.688370e-02
11 53 2 7.530584e-03
12 53 2 4.770931e-03
1 54 2 1.918968e-03
2 54 2 2.489393e-03
3 54 2 4.655266e-03
4 54 2 1.156788e-02
5 54 2 2.278512e-02
6 54 2 4.401045e-02
7 54 2 6.251893e-02
8 54 2 5.242373e-02
9 54 2 3.179417e-02
10 54 2 1.352198e-02
11 54 2 5.796137e-03
12 54 2 3.197262e-03
1 55 2 1.266471e-03
2 55 2 1.412453e-03
3 55 2 2.634893e-03
4 55 2 6.169735e-03
5 55 2 1.224326e-02
6 55 2 2.614668e-02
7 55 2 3.634586e-02
8 55 2 3.134515e-02
9 55 2 1.987706e-02
10 55 2 9.530734e-03
11 55 2 4.459066e-03
12 55 2 2.553274e-03
1 56 2 4.441605e-03
2 56 2 4.609416e-03
3 56 2 7.983631e-03
4 56 2 1.780236e-02
5 56 2 3.891358e-02
6 56 2 7.670722e-02
7 56 2 1.060544e-01
8 56 2 8.801983e-02
9 56 2 5.753184e-02
10 56 2 2.964249e-02
11 56 2 1.336394e-02
12 56 2 7.664346e-03
1 57 2 8.967090e-04
2 57 2 8.555493e-04
3 57 2 1.052277e-03
4 57 2 1.597192e-03
5 57 2 2.672352e-03
6 57 2 4.348250e-03
7 57 2 6.191958e-03
8 57 2 5.580466e-03
9 57 2 4.151871e-03
10 57 2 2.666946e-03
11 57 2 1.630851e-03
12 57 2 1.172019e-03
1 60 2 9.673480e-02
2 60 2 9.367891e-02
3 60 2 1.074311e-01
4 60 2 1.274117e-01
5 60 2 1.570885e-01
6 60 2 2.067274e-01
7 60 2 2.406721e-01
8 60 2 2.407733e-01
9 60 2 2.043308e-01
10 60 2 1.668018e-01
11 60 2 1.334024e-01
12 60 2 1.105769e-01
1 61 2 2.769888e-01
2 61 2 2.786549e-01
3 61 2 3.919234e-01
4 61 2 5.903193e-01
5 61 2 8.610957e-01
6 61 2 1.213144e+00
7 61 2 1.435639e+00
8 61 2 1.381204e+00
9 61 2 1.073231e+00
10 61 2 7.300185e-01
11 61 2 4.762354e-01
12 61 2 3.340275e-01
1 62 2 5.796160e-02
2 62 2 6.348160e-02
3 62 2 9.993163e-02
4 62 2 1.809067e-01
5 62 2 3.102940e-01
6 62 2 4.401769e-01
7 62 2 5.382474e-01
8 62 2 5.024344e-01
9 62 2 3.501075e-01
10 62 2 2.087827e-01
11 62 2 1.133782e-01
12 62 2 7.378332e-02
1 63 2 5.420382e-02
2 63 2 6.580112e-02
3 63 2 1.101026e-01
4 63 2 2.315735e-01
5 63 2 4.444277e-01
6 63 2 6.607127e-01
7 63 2 8.448918e-01
8 63 2 7.352214e-01
9 63 2 4.490502e-01
10 63 2 2.452312e-01
11 63 2 1.132741e-01
12 63 2 7.415400e-02
1 64 2 1.295608e-02
2 64 2 1.659808e-02
3 64 2 3.160676e-02
4 64 2 7.486586e-02
5 64 2 1.603391e-01
6 64 2 2.568265e-01
7 64 2 3.255332e-01
8 64 2 2.544942e-01
9 64 2 1.457196e-01
10 64 2 6.441943e-02
11 64 2 2.943651e-02
12 64 2 2.014511e-02
1 65 2 4.382711e-03
2 65 2 5.434589e-03
3 65 2 1.190616e-02
4 65 2 3.357580e-02
5 65 2 7.039776e-02
6 65 2 1.196436e-01
7 65 2 1.550751e-01
8 65 2 1.157397e-01
9 65 2 6.564389e-02
10 65 2 2.329414e-02
11 65 2 1.025454e-02
12 65 2 7.431450e-03
1 66 2 2.903125e-03
2 66 2 3.589168e-03
3 66 2 8.532480e-03
4 66 2 2.799223e-02
5 66 2 5.820385e-02
6 66 2 1.000841e-01
7 66 2 1.380327e-01
8 66 2 1.043529e-01
9 66 2 5.903073e-02
10 66 2 1.955756e-02
11 66 2 7.494749e-03
12 66 2 4.648846e-03
1 67 2 1.000145e-03
2 67 2 1.333646e-03
3 67 2 3.391471e-03
4 67 2 1.252839e-02
5 67 2 2.842619e-02
6 67 2 4.848108e-02
7 67 2 6.778189e-02
8 67 2 5.216372e-02
9 67 2 2.852993e-02
10 67 2 1.049178e-02
11 67 2 3.317581e-03
12 67 2 1.493226e-03
1 68 2 2.534367e-04
2 68 2 3.402974e-04
3 68 2 1.010664e-03
4 68 2 4.645545e-03
5 68 2 1.265970e-02
6 68 2 2.425992e-02
7 68 2 3.478413e-02
8 68 2 2.587014e-02
9 68 2 1.241533e-02
10 68 2 4.561244e-03
11 68 2 1.040125e-03
12 68 2 3.619274e-04
1 69 2 1.536752e-04
2 69 2 2.178829e-04
3 69 2 5.210522e-04
4 69 2 2.284845e-03
5 69 2 7.326463e-03
6 69 2 1.733890e-02
7 69 2 2.540135e-02
8 69 2 1.955390e-02
9 69 2 8.400226e-03
10 69 2 2.731429e-03
11 69 2 5.292524e-04
12 69 2 1.990332e-04
1 70 2 6.278028e-04
2 70 2 7.337814e-04
3 70 2 1.051487e-03
4 70 2 2.743277e-03
5 70 2 6.879265e-03
6 70 2 1.670482e-02
7 70 2 2.703979e-02
8 70 2 2.464418e-02
9 70 2 1.272460e-02
10 70 2 4.535673e-03
11 70 2 1.379481e-03
12 70 2 7.765479e-04
1 71 2 5.097286e-04
2 71 2 5.172553e-04
3 71 2 5.853137e-04
4 71 2 9.392515e-04
5 71 2 1.818981e-03
6 71 2 3.794566e-03
7 71 2 5.823467e-03
8 71 2 5.789987e-03
9 71 2 3.714801e-03
10 71 2 1.769310e-03
11 71 2 8.452444e-04
12 71 2 5.870509e-04
1 72 2 2.134840e-06
2 72 2 2.038958e-06
3 72 2 2.208999e-06
4 72 2 2.816495e-06
5 72 2 4.382259e-06
6 72 2 7.625277e-06
7 72 2 1.181068e-05
8 72 2 1.135911e-05
9 72 2 7.947210e-06
10 72 2 4.818738e-06
11 72 2 2.969007e-06
12 72 2 2.120261e-06
1 76 2 3.390373e-02
2 76 2 3.101842e-02
3 76 2 3.133061e-02
4 76 2 3.408024e-02
5 76 2 4.633266e-02
6 76 2 6.606743e-02
7 76 2 8.859276e-02
8 76 2 9.454471e-02
9 76 2 9.008272e-02
10 76 2 6.015726e-02
11 76 2 3.883404e-02
12 76 2 3.396374e-02
1 77 2 3.307507e-02
2 77 2 4.294772e-02
3 77 2 5.625894e-02
4 77 2 9.092681e-02
5 77 2 1.526698e-01
6 77 2 2.357062e-01
7 77 2 3.202612e-01
8 77 2 3.039798e-01
9 77 2 2.251753e-01
10 77 2 1.137612e-01
11 77 2 4.991877e-02
12 77 2 3.146355e-02
1 78 2 3.776471e-02
2 78 2 5.160015e-02
3 78 2 7.185631e-02
4 78 2 1.288818e-01
5 78 2 2.015340e-01
6 78 2 3.199661e-01
7 78 2 3.949627e-01
8 78 2 3.698346e-01
9 78 2 2.397967e-01
10 78 2 1.271689e-01
11 78 2 6.867395e-02
12 78 2 3.964779e-02
1 79 2 1.214927e-01
2 79 2 1.490736e-01
3 79 2 2.188831e-01
4 79 2 3.630538e-01
5 79 2 5.515795e-01
6 79 2 9.010992e-01
7 79 2 1.104184e+00
8 79 2 1.046019e+00
9 79 2 7.222823e-01
10 79 2 4.360024e-01
11 79 2 2.484117e-01
12 79 2 1.521724e-01
1 80 2 5.935916e-02
2 80 2 5.947506e-02
3 80 2 7.473413e-02
4 80 2 1.010491e-01
5 80 2 1.507058e-01
6 80 2 2.292934e-01
7 80 2 2.952501e-01
8 80 2 2.922927e-01
9 80 2 2.425976e-01
10 80 2 1.700862e-01
11 80 2 9.922155e-02
12 80 2 7.334124e-02
1 81 2 1.355413e-08
2 81 2 1.228331e-08
3 81 2 1.293766e-08
4 81 2 1.534090e-08
5 81 2 2.209075e-08
6 81 2 2.976665e-08
7 81 2 3.971848e-08
8 81 2 4.261704e-08
9 81 2 3.875219e-08
10 81 2 2.973429e-08
11 81 2 1.965550e-08
12 81 2 1.609188e-08
1 84 2 9.832647e-02
2 84 2 1.039558e-01
3 84 2 1.285725e-01
4 84 2 1.624755e-01
5 84 2 2.178306e-01
6 84 2 3.569313e-01
7 84 2 4.780464e-01
8 84 2 4.580872e-01
9 84 2 3.437242e-01
10 84 2 2.169245e-01
11 84 2 1.457249e-01
12 84 2 1.113180e-01
1 85 2 1.047251e-01
2 85 2 1.179288e-01
3 85 2 1.533264e-01
4 85 2 2.227690e-01
5 85 2 3.566046e-01
6 85 2 5.447694e-01
7 85 2 7.537392e-01
8 85 2 7.170386e-01
9 85 2 5.163165e-01
10 85 2 2.848032e-01
11 85 2 1.606170e-01
12 85 2 1.165438e-01
1 86 2 3.115266e-02
2 86 2 3.527133e-02
3 86 2 4.507416e-02
4 86 2 6.547134e-02
5 86 2 1.052254e-01
6 86 2 1.526797e-01
7 86 2 2.097414e-01
8 86 2 2.104275e-01
9 86 2 1.557564e-01
10 86 2 9.032144e-02
11 86 2 4.975350e-02
12 86 2 3.555848e-02
1 87 2 2.242850e-02
2 87 2 3.034318e-02
3 87 2 4.332450e-02
4 87 2 6.848617e-02
5 87 2 1.201499e-01
6 87 2 1.806005e-01
7 87 2 2.448384e-01
8 87 2 2.494821e-01
9 87 2 1.808757e-01
10 87 2 1.018378e-01
11 87 2 4.474485e-02
12 87 2 2.719807e-02
1 88 2 1.204505e-02
2 88 2 1.710495e-02
3 88 2 2.682308e-02
4 88 2 5.089393e-02
5 88 2 1.044493e-01
6 88 2 1.641657e-01
7 88 2 2.102370e-01
8 88 2 1.843943e-01
9 88 2 1.191556e-01
10 88 2 5.631073e-02
11 88 2 2.886876e-02
12 88 2 1.603554e-02
1 89 2 9.619721e-03
2 89 2 1.338460e-02
3 89 2 2.540354e-02
4 89 2 4.777974e-02
5 89 2 9.534996e-02
6 89 2 1.424417e-01
7 89 2 1.661675e-01
8 89 2 1.455231e-01
9 89 2 9.496917e-02
10 89 2 4.519302e-02
11 89 2 2.486746e-02
12 89 2 1.376424e-02
1 90 2 2.296679e-03
2 90 2 3.026947e-03
3 90 2 6.006652e-03
4 90 2 1.078066e-02
5 90 2 1.655308e-02
6 90 2 2.191078e-02
7 90 2 2.460715e-02
8 90 2 2.276843e-02
9 90 2 1.659266e-02
10 90 2 9.896815e-03
11 90 2 5.456642e-03
12 90 2 3.106346e-03
1 91 2 1.018580e-04
2 91 2 1.441246e-04
3 91 2 3.011081e-04
4 91 2 5.689998e-04
5 91 2 8.397549e-04
6 91 2 1.067407e-03
7 91 2 1.198542e-03
8 91 2 1.099178e-03
9 91 2 7.903320e-04
10 91 2 4.892174e-04
11 91 2 2.535513e-04
12 91 2 1.301622e-04
1 92 2 5.698128e-04
2 92 2 8.139429e-04
3 92 2 2.040350e-03
4 92 2 4.867802e-03
5 92 2 9.179966e-03
6 92 2 1.406694e-02
7 92 2 1.688547e-02
8 92 2 1.536848e-02
9 92 2 9.614671e-03
10 92 2 5.109889e-03
11 92 2 2.004102e-03
12 92 2 8.603117e-04
1 93 2 1.260493e-02
2 93 2 1.520898e-02
3 93 2 3.127047e-02
4 93 2 7.287932e-02
5 93 2 1.300126e-01
6 93 2 2.063208e-01
7 93 2 2.767686e-01
8 93 2 2.720871e-01
9 93 2 1.830072e-01
10 93 2 1.053899e-01
11 93 2 4.513369e-02
12 93 2 1.879909e-02
1 94 2 2.391374e-02
2 94 2 2.379318e-02
3 94 2 3.176965e-02
4 94 2 5.630167e-02
5 94 2 9.610351e-02
6 94 2 1.513268e-01
7 94 2 2.090573e-01
8 94 2 2.278262e-01
9 94 2 1.876639e-01
10 94 2 1.132736e-01
11 94 2 6.079673e-02
12 94 2 3.321788e-02
1 98 2 4.290952e-03
2 98 2 3.994307e-03
3 98 2 3.761259e-03
4 98 2 4.004658e-03
5 98 2 4.545012e-03
6 98 2 5.200837e-03
7 98 2 5.849874e-03
8 98 2 6.165482e-03
9 98 2 6.083950e-03
10 98 2 5.750958e-03
11 98 2 5.172946e-03
12 98 2 4.707436e-03
1 101 2 6.247836e-03
2 101 2 6.419864e-03
3 101 2 6.578698e-03
4 101 2 8.112533e-03
5 101 2 1.043288e-02
6 101 2 1.218147e-02
7 101 2 1.300303e-02
8 101 2 1.302949e-02
9 101 2 1.252611e-02
10 101 2 1.073986e-02
11 101 2 8.258657e-03
12 101 2 6.624033e-03
1 102 2 5.286508e-02
2 102 2 5.975668e-02
3 102 2 7.344207e-02
4 102 2 9.186127e-02
5 102 2 1.063052e-01
6 102 2 1.160512e-01
7 102 2 1.193192e-01
8 102 2 1.208269e-01
9 102 2 1.088987e-01
10 102 2 8.389570e-02
11 102 2 6.733680e-02
12 102 2 5.519088e-02
1 103 2 4.413662e-02
2 103 2 4.504179e-02
3 103 2 4.908990e-02
4 103 2 5.546973e-02
5 103 2 6.459892e-02
6 103 2 7.392519e-02
7 103 2 7.997766e-02
8 103 2 8.393478e-02
9 103 2 8.232266e-02
10 103 2 7.194286e-02
11 103 2 5.918430e-02
12 103 2 4.920979e-02
1 104 2 1.050269e-02
2 104 2 1.007811e-02
3 104 2 1.018762e-02
4 104 2 1.116925e-02
5 104 2 1.306033e-02
6 104 2 1.498736e-02
7 104 2 1.682070e-02
8 104 2 1.817046e-02
9 104 2 1.831672e-02
10 104 2 1.711144e-02
11 104 2 1.407570e-02
12 104 2 1.165466e-02
1 107 2 5.117446e-03
2 107 2 5.398812e-03
3 107 2 6.303306e-03
4 107 2 7.222895e-03
5 107 2 8.100022e-03
6 107 2 1.036997e-02
7 107 2 1.133482e-02
8 107 2 1.128896e-02
9 107 2 1.056815e-02
10 107 2 9.039494e-03
11 107 2 7.186066e-03
12 107 2 5.619775e-03
1 108 2 5.076259e-04
2 108 2 6.487465e-04
3 108 2 9.423737e-04
4 108 2 1.459531e-03
5 108 2 2.265582e-03
6 108 2 3.109582e-03
7 108 2 3.328714e-03
8 108 2 2.941882e-03
9 108 2 2.380447e-03
10 108 2 1.642343e-03
11 108 2 8.554942e-04
12 108 2 5.446056e-04
1 109 2 9.644641e-04
2 109 2 1.273917e-03
3 109 2 1.992488e-03
4 109 2 3.457793e-03
5 109 2 5.891330e-03
6 109 2 7.426320e-03
7 109 2 7.545811e-03
8 109 2 6.936720e-03
9 109 2 5.570385e-03
10 109 2 3.908539e-03
11 109 2 1.738421e-03
12 109 2 1.015521e-03
1 110 2 4.251788e-04
2 110 2 5.415963e-04
3 110 2 8.698313e-04
4 110 2 1.346465e-03
5 110 2 2.088313e-03
6 110 2 2.418367e-03
7 110 2 2.599978e-03
8 110 2 2.571358e-03
9 110 2 2.165023e-03
10 110 2 1.578439e-03
11 110 2 7.634985e-04
12 110 2 4.494035e-04
1 111 2 1.459085e-02
2 111 2 1.824890e-02
3 111 2 2.954456e-02
4 111 2 4.477725e-02
5 111 2 6.767427e-02
6 111 2 8.679081e-02
7 111 2 9.174438e-02
8 111 2 9.086928e-02
9 111 2 7.738313e-02
10 111 2 5.037268e-02
11 111 2 2.713540e-02
12 111 2 1.657480e-02
1 112 2 1.680148e-02
2 112 2 2.166346e-02
3 112 2 3.800387e-02
4 112 2 6.319822e-02
5 112 2 9.610355e-02
6 112 2 1.171135e-01
7 112 2 1.192770e-01
8 112 2 1.111785e-01
9 112 2 8.487253e-02
10 112 2 5.634462e-02
11 112 2 3.233593e-02
12 112 2 1.987657e-02
1 113 2 9.640007e-03
2 113 2 1.221299e-02
3 113 2 2.051790e-02
4 113 2 3.068265e-02
5 113 2 3.775794e-02
6 113 2 3.296827e-02
7 113 2 2.828872e-02
8 113 2 2.701803e-02
9 113 2 2.672211e-02
10 113 2 2.439983e-02
11 113 2 1.706616e-02
12 113 2 1.152665e-02
1 114 2 2.627073e-02
2 114 2 3.562444e-02
3 114 2 6.347103e-02
4 114 2 9.252072e-02
5 114 2 1.067417e-01
6 114 2 7.814094e-02
7 114 2 6.453912e-02
8 114 2 5.915793e-02
9 114 2 5.708951e-02
10 114 2 5.109616e-02
11 114 2 3.895171e-02
12 114 2 2.885296e-02
1 115 2 9.145125e-03
2 115 2 1.330534e-02
3 115 2 2.109113e-02
4 115 2 2.614430e-02
5 115 2 2.334809e-02
6 115 2 2.167794e-02
7 115 2 2.090797e-02
8 115 2 2.005972e-02
9 115 2 1.844896e-02
10 115 2 1.648697e-02
11 115 2 1.252420e-02
12 115 2 8.985174e-03
1 116 2 7.172578e-03
2 116 2 9.181776e-03
3 116 2 1.404112e-02
4 116 2 1.987470e-02
5 116 2 2.311553e-02
6 116 2 2.632272e-02
7 116 2 2.759630e-02
8 116 2 2.641578e-02
9 116 2 2.139972e-02
10 116 2 1.710860e-02
11 116 2 1.242906e-02
12 116 2 8.187734e-03
1 117 2 1.709292e-03
2 117 2 1.784928e-03
3 117 2 2.254201e-03
4 117 2 3.085710e-03
5 117 2 3.929401e-03
6 117 2 4.655472e-03
7 117 2 4.956235e-03
8 117 2 4.949736e-03
9 117 2 4.516334e-03
10 117 2 3.866255e-03
11 117 2 3.121081e-03
12 117 2 2.254629e-03
1 126 2 1.150554e-04
2 126 2 1.195883e-04
3 126 2 1.296173e-04
4 126 2 1.368680e-04
5 126 2 1.352268e-04
6 126 2 1.256782e-04
7 126 2 1.211465e-04
8 126 2 1.223301e-04
9 126 2 1.216825e-04
10 126 2 1.195725e-04
11 126 2 1.168372e-04
12 126 2 1.150682e-04
1 127 2 1.161010e-02
2 127 2 1.180771e-02
3 127 2 1.246278e-02
4 127 2 1.293901e-02
5 127 2 1.311529e-02
6 127 2 1.270382e-02
7 127 2 1.270733e-02
8 127 2 1.299894e-02
9 127 2 1.286037e-02
10 127 2 1.234495e-02
11 127 2 1.196379e-02
12 127 2 1.181570e-02
1 128 2 5.260708e-02
2 128 2 5.402698e-02
3 128 2 5.546214e-02
4 128 2 5.414048e-02
5 128 2 5.266533e-02
6 128 2 5.108332e-02
7 128 2 5.444539e-02
8 128 2 6.190464e-02
9 128 2 6.509216e-02
10 128 2 6.148261e-02
11 128 2 5.590945e-02
12 128 2 5.267783e-02
1 129 2 1.499628e-03
2 129 2 1.479038e-03
3 129 2 1.516341e-03
4 129 2 1.560315e-03
5 129 2 1.584390e-03
6 129 2 1.627252e-03
7 129 2 1.700317e-03
8 129 2 1.853343e-03
9 129 2 1.936353e-03
10 129 2 1.944884e-03
11 129 2 1.775745e-03
12 129 2 1.577533e-03
1 133 2 3.222029e-02
2 133 2 3.746085e-02
3 133 2 4.496973e-02
4 133 2 4.617202e-02
5 133 2 4.404338e-02
6 133 2 4.048182e-02
7 133 2 3.613040e-02
8 133 2 3.383202e-02
9 133 2 3.527926e-02
10 133 2 3.757377e-02
11 133 2 3.584598e-02
12 133 2 3.136525e-02
1 135 2 1.393298e-03
2 135 2 1.569760e-03
3 135 2 1.866803e-03
4 135 2 2.010460e-03
5 135 2 1.931859e-03
6 135 2 1.723416e-03
7 135 2 1.488861e-03
8 135 2 1.503761e-03
9 135 2 1.597918e-03
10 135 2 1.502749e-03
11 135 2 1.440372e-03
12 135 2 1.353032e-03
1 136 2 1.558291e-03
2 136 2 1.603796e-03
3 136 2 1.983393e-03
4 136 2 2.411203e-03
5 136 2 2.640375e-03
6 136 2 2.409030e-03
7 136 2 2.131710e-03
8 136 2 2.126820e-03
9 136 2 2.137813e-03
10 136 2 2.011036e-03
11 136 2 1.901425e-03
12 136 2 1.688489e-03
1 137 2 3.791053e-04
2 137 2 3.977206e-04
3 137 2 4.559949e-04
4 137 2 5.010714e-04
5 137 2 4.945879e-04
6 137 2 4.550704e-04
7 137 2 4.209886e-04
8 137 2 4.062119e-04
9 137 2 4.064671e-04
10 137 2 4.234449e-04
11 137 2 4.186549e-04
12 137 2 3.947541e-04
1 138 2 1.515469e-02
2 138 2 1.666500e-02
3 138 2 1.933386e-02
4 138 2 2.151739e-02
5 138 2 2.170972e-02
6 138 2 1.908067e-02
7 138 2 1.767641e-02
8 138 2 1.704671e-02
9 138 2 1.709322e-02
10 138 2 1.719282e-02
11 138 2 1.667736e-02
12 138 2 1.546686e-02
1 139 2 2.555826e-02
2 139 2 2.910614e-02
3 139 2 3.252325e-02
4 139 2 3.413546e-02
5 139 2 3.365441e-02
6 139 2 3.134140e-02
7 139 2 2.965370e-02
8 139 2 2.854658e-02
9 139 2 2.817657e-02
10 139 2 2.839532e-02
11 139 2 2.702032e-02
12 139 2 2.473349e-02
1 140 2 8.475904e-03
2 140 2 8.764400e-03
3 140 2 9.518818e-03
4 140 2 1.078466e-02
5 140 2 1.145177e-02
6 140 2 1.099945e-02
7 140 2 1.041469e-02
8 140 2 1.004488e-02
9 140 2 9.898440e-03
10 140 2 9.953146e-03
11 140 2 9.742930e-03
12 140 2 9.083386e-03
1 141 2 1.329655e-02
2 141 2 1.315897e-02
3 141 2 1.353588e-02
4 141 2 1.485551e-02
5 141 2 1.603107e-02
6 141 2 1.585211e-02
7 141 2 1.542345e-02
8 141 2 1.495606e-02
9 141 2 1.482930e-02
10 141 2 1.486417e-02
11 141 2 1.501253e-02
12 141 2 1.457600e-02
1 150 2 1.538077e-05
2 150 2 1.683667e-05
3 150 2 1.802174e-05
4 150 2 1.842870e-05
5 150 2 1.724365e-05
6 150 2 1.520812e-05
7 150 2 1.387405e-05
8 150 2 1.353902e-05
9 150 2 1.310131e-05
10 150 2 1.280323e-05
11 150 2 1.305216e-05
12 150 2 1.388712e-05
1 151 2 9.977782e-03
2 151 2 1.061253e-02
3 151 2 1.125243e-02
4 151 2 1.151776e-02
5 151 2 1.114423e-02
6 151 2 1.049018e-02
7 151 2 1.025839e-02
8 151 2 1.065444e-02
9 151 2 1.014398e-02
10 151 2 9.519075e-03
11 151 2 9.239950e-03
12 151 2 9.470463e-03
1 152 2 7.905514e-03
2 152 2 8.007705e-03
3 152 2 8.081834e-03
4 152 2 7.679830e-03
5 152 2 7.382374e-03
6 152 2 7.250529e-03
7 152 2 8.289292e-03
8 152 2 1.105277e-02
9 152 2 1.173373e-02
10 152 2 1.000077e-02
11 152 2 8.576070e-03
12 152 2 7.931104e-03
1 153 2 9.160540e-03
2 153 2 9.382744e-03
3 153 2 9.899441e-03
4 153 2 9.710046e-03
5 153 2 9.377008e-03
6 153 2 9.206341e-03
7 153 2 1.074672e-02
8 153 2 1.404403e-02
9 153 2 1.708146e-02
10 153 2 1.526732e-02
11 153 2 1.154894e-02
12 153 2 9.636029e-03
1 154 2 2.493657e-02
2 154 2 2.480127e-02
3 154 2 2.580891e-02
4 154 2 2.472972e-02
5 154 2 2.312454e-02
6 154 2 2.080079e-02
7 154 2 1.964142e-02
8 154 2 2.046109e-02
9 154 2 2.306960e-02
10 154 2 2.592611e-02
11 154 2 2.732323e-02
12 154 2 2.642026e-02
1 157 2 9.937351e-04
2 157 2 1.031895e-03
3 157 2 1.104791e-03
4 157 2 1.089227e-03
5 157 2 1.061684e-03
6 157 2 9.981652e-04
7 157 2 9.523919e-04
8 157 2 9.427919e-04
9 157 2 9.359777e-04
10 157 2 9.522977e-04
11 157 2 9.591248e-04
12 157 2 9.716416e-04
1 163 2 4.622195e-03
2 163 2 4.684126e-03
3 163 2 4.823126e-03
4 163 2 5.112546e-03
5 163 2 5.117535e-03
6 163 2 4.731362e-03
7 163 2 4.374129e-03
8 163 2 4.107393e-03
9 163 2 4.166209e-03
10 163 2 4.407689e-03
11 163 2 4.579992e-03
12 163 2 4.615878e-03
1 164 2 1.748574e-02
2 164 2 1.733624e-02
3 164 2 1.781882e-02
4 164 2 1.865009e-02
5 164 2 1.843071e-02
6 164 2 1.704698e-02
7 164 2 1.577849e-02
8 164 2 1.541267e-02
9 164 2 1.650383e-02
10 164 2 1.808068e-02
11 164 2 1.844583e-02
12 164 2 1.813866e-02
1 165 2 7.703849e-03
2 165 2 7.550316e-03
3 165 2 7.645235e-03
4 165 2 7.814338e-03
5 165 2 7.728567e-03
6 165 2 7.111377e-03
7 165 2 6.705056e-03
8 165 2 6.786732e-03
9 165 2 7.233924e-03
10 165 2 7.734631e-03
11 165 2 8.136510e-03
12 165 2 8.146096e-03
1 166 2 3.365545e-03
2 166 2 3.331947e-03
3 166 2 3.276898e-03
4 166 2 3.261524e-03
5 166 2 3.154730e-03
6 166 2 2.917600e-03
7 166 2 2.755097e-03
8 166 2 2.775652e-03
9 166 2 2.879533e-03
10 166 2 3.029058e-03
11 166 2 3.265769e-03
12 166 2 3.430316e-03
1 170 2 1.529341e-04
2 170 2 1.681972e-04
3 170 2 1.652529e-04
4 170 2 1.502060e-04
5 170 2 1.251665e-04
6 170 2 1.052431e-04
7 170 2 9.954354e-05
8 170 2 9.503203e-05
9 170 2 9.663038e-05
10 170 2 1.075972e-04
11 170 2 1.187135e-04
12 170 2 1.367060e-04
1 171 2 5.469374e-04
2 171 2 6.003801e-04
3 171 2 6.076485e-04
4 171 2 5.406149e-04
5 171 2 4.497309e-04
6 171 2 3.853981e-04
7 171 2 3.499000e-04
8 171 2 3.315413e-04
9 171 2 3.363719e-04
10 171 2 3.658787e-04
11 171 2 4.175923e-04
12 171 2 4.933450e-04
1 175 2 1.583350e-05
2 175 2 1.673970e-05
3 175 2 1.678771e-05
4 175 2 1.572369e-05
5 175 2 1.366141e-05
6 175 2 1.244901e-05
7 175 2 1.219070e-05
8 175 2 1.208778e-05
9 175 2 1.124295e-05
10 175 2 1.136503e-05
11 175 2 1.188203e-05
12 175 2 1.386046e-05
1 176 2 1.107909e-02
2 176 2 1.116216e-02
3 176 2 1.092772e-02
4 176 2 9.651548e-03
5 176 2 7.807672e-03
6 176 2 7.075215e-03
7 176 2 7.062312e-03
8 176 2 8.057159e-03
9 176 2 8.775080e-03
10 176 2 9.365148e-03
11 176 2 9.996597e-03
12 176 2 1.061884e-02
1 177 2 5.016491e-02
2 177 2 4.874659e-02
3 177 2 4.602587e-02
4 177 2 4.024655e-02
5 177 2 3.291072e-02
6 177 2 2.810297e-02
7 177 2 2.924071e-02
8 177 2 3.503575e-02
9 177 2 4.403446e-02
10 177 2 4.579415e-02
11 177 2 4.672301e-02
12 177 2 4.681847e-02
1 178 2 1.825476e-02
2 178 2 1.804141e-02
3 178 2 1.729401e-02
4 178 2 1.449516e-02
5 178 2 1.262100e-02
6 178 2 1.066756e-02
7 178 2 1.016017e-02
8 178 2 1.023495e-02
9 178 2 1.167270e-02
10 178 2 1.255950e-02
11 178 2 1.418524e-02
12 178 2 1.574859e-02
1 181 2 2.234766e-04
2 181 2 2.360406e-04
3 181 2 2.392911e-04
4 181 2 2.287944e-04
5 181 2 1.886840e-04
6 181 2 1.631545e-04
7 181 2 1.442621e-04
8 181 2 1.476405e-04
9 181 2 1.599535e-04
10 181 2 1.731998e-04
11 181 2 1.961511e-04
12 181 2 2.088441e-04
1 182 2 2.666062e-02
2 182 2 2.464263e-02
3 182 2 2.323690e-02
4 182 2 1.941065e-02
5 182 2 1.520027e-02
6 182 2 1.136889e-02
7 182 2 1.127223e-02
8 182 2 1.566416e-02
9 182 2 2.173571e-02
10 182 2 2.665807e-02
11 182 2 2.946265e-02
12 182 2 2.827980e-02
1 183 2 5.665064e-03
2 183 2 5.442243e-03
3 183 2 5.195642e-03
4 183 2 4.711028e-03
5 183 2 3.963777e-03
6 183 2 3.217075e-03
7 183 2 2.993151e-03
8 183 2 3.554252e-03
9 183 2 4.132627e-03
10 183 2 4.888893e-03
11 183 2 5.322520e-03
12 183 2 5.474555e-03
1 184 2 1.768406e-03
2 184 2 1.791851e-03
3 184 2 1.735379e-03
4 184 2 1.561729e-03
5 184 2 1.298339e-03
6 184 2 1.049303e-03
7 184 2 9.462072e-04
8 184 2 9.882209e-04
9 184 2 1.046855e-03
10 184 2 1.202181e-03
11 184 2 1.406633e-03
12 184 2 1.603250e-03
1 188 2 7.374156e-04
2 188 2 7.309863e-04
3 188 2 6.775587e-04
4 188 2 5.532729e-04
5 188 2 3.910311e-04
6 188 2 2.974321e-04
7 188 2 2.559379e-04
8 188 2 2.603469e-04
9 188 2 3.526385e-04
10 188 2 4.634167e-04
11 188 2 5.518833e-04
12 188 2 6.883468e-04
1 189 2 6.428013e-04
2 189 2 5.940781e-04
3 189 2 5.388817e-04
4 189 2 3.983137e-04
5 189 2 2.637193e-04
6 189 2 1.864924e-04
7 189 2 1.773144e-04
8 189 2 2.178008e-04
9 189 2 3.503707e-04
10 189 2 4.988765e-04
11 189 2 6.068002e-04
12 189 2 6.341033e-04
1 190 2 2.631837e-03
2 190 2 2.493714e-03
3 190 2 2.164549e-03
4 190 2 1.533105e-03
5 190 2 1.069647e-03
6 190 2 7.759680e-04
7 190 2 7.291090e-04
8 190 2 8.789388e-04
9 190 2 1.234568e-03
10 190 2 1.683014e-03
11 190 2 2.205286e-03
12 190 2 2.474290e-03
1 191 2 1.822488e-03
2 191 2 1.888579e-03
3 191 2 1.835708e-03
4 191 2 1.516501e-03
5 191 2 1.247047e-03
6 191 2 1.024427e-03
7 191 2 9.006439e-04
8 191 2 9.146822e-04
9 191 2 9.979368e-04
10 191 2 1.120082e-03
11 191 2 1.377583e-03
12 191 2 1.620714e-03
1 192 2 1.056937e-03
2 192 2 1.142255e-03
3 192 2 1.112909e-03
4 192 2 9.636128e-04
5 192 2 8.143981e-04
6 192 2 6.934273e-04
7 192 2 6.093846e-04
8 192 2 5.662614e-04
9 192 2 5.830491e-04
10 192 2 6.402546e-04
11 192 2 7.642984e-04
12 192 2 9.177553e-04
1 200 2 4.730285e-02
2 200 2 4.866287e-02
3 200 2 3.979555e-02
4 200 2 2.630770e-02
5 200 2 1.721971e-02
6 200 2 1.402386e-02
7 200 2 1.332339e-02
8 200 2 1.436815e-02
9 200 2 1.591527e-02
10 200 2 2.034844e-02
11 200 2 2.827716e-02
12 200 2 3.896018e-02
1 201 2 3.363332e-02
2 201 2 3.470262e-02
3 201 2 3.176819e-02
4 201 2 2.445288e-02
5 201 2 1.842758e-02
6 201 2 1.524565e-02
7 201 2 1.440799e-02
8 201 2 1.490376e-02
9 201 2 1.475026e-02
10 201 2 1.755090e-02
11 201 2 2.237268e-02
12 201 2 2.786448e-02
1 206 2 1.771147e-02
2 206 2 1.913069e-02
3 206 2 1.730816e-02
4 206 2 1.476984e-02
5 206 2 1.221458e-02
6 206 2 1.065008e-02
7 206 2 9.134523e-03
8 206 2 8.968946e-03
9 206 2 9.708789e-03
10 206 2 1.098980e-02
11 206 2 1.288258e-02
12 206 2 1.517702e-02
1 207 2 6.709144e-04
2 207 2 7.325543e-04
3 207 2 6.947389e-04
4 207 2 6.299550e-04
5 207 2 5.586773e-04
6 207 2 4.791750e-04
7 207 2 4.223498e-04
8 207 2 4.159069e-04
9 207 2 4.196235e-04
10 207 2 4.622002e-04
11 207 2 4.981148e-04
12 207 2 5.698125e-04
1 212 2 1.037131e-03
2 212 2 1.107073e-03
3 212 2 9.826359e-04
4 212 2 8.260928e-04
5 212 2 6.438740e-04
6 212 2 5.196598e-04
7 212 2 4.313471e-04
8 212 2 4.168930e-04
9 212 2 4.734765e-04
10 212 2 5.586800e-04
11 212 2 6.626919e-04
12 212 2 8.762052e-04
1 213 2 2.259957e-04
2 213 2 2.469964e-04
3 213 2 2.093197e-04
4 213 2 1.771293e-04
5 213 2 1.366789e-04
6 213 2 1.053602e-04
7 213 2 8.941994e-05
8 213 2 8.729552e-05
9 213 2 1.051512e-04
10 213 2 1.295867e-04
11 213 2 1.591308e-04
12 213 2 1.947312e-04
1 214 2 8.030394e-03
2 214 2 8.513224e-03
3 214 2 6.839847e-03
4 214 2 5.080193e-03
5 214 2 3.755194e-03
6 214 2 2.767406e-03
7 214 2 2.396616e-03
8 214 2 2.470730e-03
9 214 2 3.118769e-03
10 214 2 4.181204e-03
11 214 2 5.723685e-03
12 214 2 6.941834e-03
1 215 2 2.972221e-03
2 215 2 3.057326e-03
3 215 2 2.850488e-03
4 215 2 2.271719e-03
5 215 2 1.845215e-03
6 215 2 1.482592e-03
7 215 2 1.281165e-03
8 215 2 1.284315e-03
9 215 2 1.444298e-03
10 215 2 1.718251e-03
11 215 2 2.163515e-03
12 215 2 2.613645e-03
1 216 2 1.691377e-03
2 216 2 1.765922e-03
3 216 2 1.655999e-03
4 216 2 1.346231e-03
5 216 2 1.077985e-03
6 216 2 9.273556e-04
7 216 2 8.149039e-04
8 216 2 7.791992e-04
9 216 2 8.085574e-04
10 216 2 9.190013e-04
11 216 2 1.105403e-03
12 216 2 1.420642e-03
1 224 2 1.382963e-03
2 224 2 1.511906e-03
3 224 2 1.319322e-03
4 224 2 1.136134e-03
5 224 2 9.174496e-04
6 224 2 7.796543e-04
7 224 2 7.083084e-04
8 224 2 7.398200e-04
9 224 2 7.608205e-04
10 224 2 8.973513e-04
11 224 2 1.071615e-03
12 224 2 1.278521e-03
1 240 2 1.044601e-04
2 240 2 1.065487e-04
3 240 2 9.743617e-05
4 240 2 8.605141e-05
5 240 2 7.478975e-05
6 240 2 6.450877e-05
7 240 2 6.320017e-05
8 240 2 6.515570e-05
9 240 2 6.342516e-05
10 240 2 6.830228e-05
11 240 2 7.504743e-05
12 240 2 9.300823e-05
