1 7 2 6.509854e-08
2 7 2 5.561296e-08
3 7 2 6.082085e-08
4 7 2 1.571969e-07
5 7 2 5.408700e-07
6 7 2 1.456766e-06
7 7 2 1.971048e-06
8 7 2 1.343879e-06
9 7 2 5.811825e-07
10 7 2 2.547888e-07
11 7 2 1.349906e-07
12 7 2 7.963565e-08
1 25 2 3.254912e-05
2 25 2 3.090526e-05
3 25 2 4.354040e-05
4 25 2 7.945156e-05
5 25 2 2.222672e-04
6 25 2 4.030533e-04
7 25 2 4.886186e-04
8 25 2 3.746841e-04
9 25 2 2.117164e-04
10 25 2 9.907558e-05
11 25 2 4.724039e-05
12 25 2 2.735676e-05
1 26 2 4.096822e-05
2 26 2 3.371724e-05
3 26 2 5.575421e-05
4 26 2 1.244480e-04
5 26 2 3.505508e-04
6 26 2 6.695421e-04
7 26 2 7.264512e-04
8 26 2 5.435331e-04
9 26 2 2.972840e-04
10 26 2 1.196684e-04
11 26 2 6.252186e-05
12 26 2 3.865410e-05
1 27 2 1.794507e-04
2 27 2 1.584388e-04
3 27 2 2.777425e-04
4 27 2 7.073759e-04
5 27 2 1.992023e-03
6 27 2 4.117755e-03
7 27 2 4.644130e-03
8 27 2 3.495515e-03
9 27 2 1.806358e-03
10 27 2 6.783312e-04
11 27 2 3.594913e-04
12 27 2 2.223701e-04
1 28 2 6.783792e-06
2 28 2 6.173433e-06
3 28 2 1.038264e-05
4 28 2 2.822250e-05
5 28 2 8.059250e-05
6 28 2 1.725472e-04
7 28 2 2.057164e-04
8 28 2 1.550096e-04
9 28 2 7.974024e-05
10 28 2 3.105496e-05
11 28 2 1.550308e-05
12 28 2 9.665312e-06
1 29 2 9.095294e-06
2 29 2 8.604175e-06
3 29 2 1.370688e-05
4 29 2 4.121431e-05
5 29 2 1.232489e-04
6 29 2 3.033267e-04
7 29 2 4.132008e-04
8 29 2 3.074243e-04
9 29 2 1.411846e-04
10 29 2 5.232825e-05
11 29 2 2.473577e-05
12 29 2 1.544115e-05
1 30 2 2.058005e-06
2 30 2 1.799854e-06
3 30 2 2.860597e-06
4 30 2 8.755481e-06
5 30 2 2.425404e-05
6 30 2 6.596155e-05
7 30 2 9.560814e-05
8 30 2 7.321734e-05
9 30 2 3.312832e-05
10 30 2 1.296703e-05
11 30 2 5.981332e-06
12 30 2 3.582210e-06
1 31 2 3.681573e-06
2 31 2 2.836961e-06
3 31 2 4.309689e-06
4 31 2 1.199530e-05
5 31 2 3.097767e-05
6 31 2 8.156264e-05
7 31 2 1.150214e-04
8 31 2 9.284245e-05
9 31 2 4.644597e-05
10 31 2 2.126996e-05
11 31 2 1.021218e-05
12 31 2 5.690701e-06
1 32 2 4.350999e-06
2 32 2 3.601790e-06
3 32 2 5.034681e-06
4 32 2 1.118726e-05
5 32 2 2.987967e-05
6 32 2 7.077907e-05
7 32 2 9.131340e-05
8 32 2 7.542898e-05
9 32 2 4.212040e-05
10 32 2 2.171349e-05
11 32 2 1.122064e-05
12 32 2 5.819141e-06
1 35 2 2.921521e-04
2 35 2 2.783769e-04
3 35 2 3.023997e-04
4 35 2 4.029749e-04
5 35 2 6.317169e-04
6 35 2 9.647697e-04
7 35 2 1.160914e-03
8 35 2 1.066027e-03
9 35 2 7.245129e-04
10 35 2 5.238218e-04
11 35 2 3.967671e-04
12 35 2 3.223373e-04
1 36 2 3.503469e-05
2 36 2 3.289076e-05
3 36 2 3.645269e-05
4 36 2 4.378287e-05
5 36 2 5.988034e-05
6 36 2 8.638234e-05
7 36 2 1.017340e-04
8 36 2 1.036392e-04
9 36 2 7.911087e-05
10 36 2 6.198019e-05
11 36 2 4.743876e-05
12 36 2 3.930703e-05
1 37 2 7.588881e-04
2 37 2 7.344982e-04
3 37 2 9.255019e-04
4 37 2 1.190071e-03
5 37 2 1.799160e-03
6 37 2 2.728817e-03
7 37 2 3.173754e-03
8 37 2 3.119875e-03
9 37 2 2.295938e-03
10 37 2 1.721552e-03
11 37 2 1.213369e-03
12 37 2 9.295443e-04
1 38 2 4.453439e-03
2 38 2 4.449446e-03
3 38 2 6.778144e-03
4 38 2 1.004972e-02
5 38 2 1.834818e-02
6 38 2 3.255744e-02
7 38 2 3.859557e-02
8 38 2 3.347358e-02
9 38 2 2.162138e-02
10 38 2 1.477819e-02
11 38 2 8.444550e-03
12 38 2 6.093913e-03
1 39 2 3.307720e-03
2 39 2 3.445979e-03
3 39 2 5.581774e-03
4 39 2 8.618724e-03
5 39 2 1.672318e-02
6 39 2 3.233012e-02
7 39 2 4.014497e-02
8 39 2 3.250207e-02
9 39 2 2.048645e-02
10 39 2 1.293695e-02
11 39 2 6.548405e-03
12 39 2 4.779862e-03
1 40 2 8.170460e-04
2 40 2 8.964411e-04
3 40 2 1.598790e-03
4 40 2 2.688492e-03
5 40 2 5.877179e-03
6 40 2 1.334378e-02
7 40 2 1.669513e-02
8 40 2 1.224713e-02
9 40 2 7.544108e-03
10 40 2 4.064837e-03
11 40 2 1.741258e-03
12 40 2 1.297183e-03
1 41 2 4.352685e-04
2 41 2 4.653238e-04
3 41 2 9.324934e-04
4 41 2 1.660837e-03
5 41 2 4.165622e-03
6 41 2 1.057069e-02
7 41 2 1.366728e-02
8 41 2 9.586166e-03
9 41 2 5.357194e-03
10 41 2 2.321858e-03
11 41 2 8.919954e-04
12 41 2 7.434666e-04
1 42 2 2.357681e-04
2 42 2 2.466181e-04
3 42 2 5.318286e-04
4 42 2 1.049134e-03
5 42 2 2.982512e-03
6 42 2 8.272594e-03
7 42 2 1.158066e-02
8 42 2 7.733749e-03
9 42 2 3.662335e-03
10 42 2 1.310710e-03
11 42 2 4.886578e-04
12 42 2 4.008727e-04
1 43 2 6.608548e-06
2 43 2 6.852212e-06
3 43 2 1.616766e-05
4 43 2 3.944958e-05
5 43 2 1.320450e-04
6 43 2 3.894213e-04
7 43 2 5.692799e-04
8 43 2 3.573544e-04
9 43 2 1.461289e-04
10 43 2 4.486528e-05
11 43 2 1.530003e-05
12 43 2 1.072084e-05
1 44 2 2.728916e-05
2 44 2 2.741946e-05
3 44 2 5.964155e-05
4 44 2 1.612395e-04
5 44 2 6.023856e-04
6 44 2 1.898317e-03
7 44 2 2.774494e-03
8 44 2 1.673003e-03
9 44 2 6.030924e-04
10 44 2 1.786840e-04
11 44 2 5.864462e-05
12 44 2 3.965035e-05
1 45 2 6.270044e-05
2 45 2 7.026886e-05
3 45 2 1.280420e-04
4 45 2 3.776062e-04
5 45 2 1.581341e-03
6 45 2 5.247055e-03
7 45 2 7.340561e-03
8 45 2 4.469659e-03
9 45 2 1.537015e-03
10 45 2 3.924321e-04
11 45 2 1.137492e-04
12 45 2 7.434084e-05
1 46 2 2.842450e-05
2 46 2 3.575872e-05
3 46 2 5.621000e-05
4 46 2 1.560895e-04
5 46 2 6.129569e-04
6 46 2 1.901324e-03
7 46 2 2.659818e-03
8 46 2 1.666673e-03
9 46 2 6.260498e-04
10 46 2 1.517470e-04
11 46 2 4.172125e-05
12 46 2 2.975308e-05
1 47 2 3.734587e-05
2 47 2 4.752776e-05
3 47 2 6.697404e-05
4 47 2 1.500572e-04
5 47 2 5.114698e-04
6 47 2 1.409099e-03
7 47 2 1.911039e-03
8 47 2 1.295821e-03
9 47 2 5.489493e-04
10 47 2 1.693170e-04
11 47 2 4.995295e-05
12 47 2 3.797088e-05
1 48 2 5.062419e-05
2 48 2 5.815393e-05
3 48 2 7.998747e-05
4 48 2 1.561986e-04
5 48 2 4.847144e-04
6 48 2 1.114926e-03
7 48 2 1.481633e-03
8 48 2 1.042414e-03
9 48 2 4.962311e-04
10 48 2 1.850125e-04
11 48 2 6.660218e-05
12 48 2 4.416651e-05
1 49 2 2.131812e-05
2 49 2 1.939761e-05
3 49 2 2.200258e-05
4 49 2 2.575207e-05
5 49 2 3.683094e-05
6 49 2 5.603615e-05
7 49 2 8.356869e-05
8 49 2 7.858461e-05
9 49 2 5.481186e-05
10 49 2 3.922316e-05
11 49 2 2.863608e-05
12 49 2 2.088997e-05
1 50 2 8.694475e-05
2 50 2 7.505064e-05
3 50 2 8.797095e-05
4 50 2 1.002778e-04
5 50 2 1.411340e-04
6 50 2 2.071121e-04
7 50 2 2.858452e-04
8 50 2 2.748868e-04
9 50 2 1.990430e-04
10 50 2 1.418862e-04
11 50 2 1.062275e-04
12 50 2 8.364255e-05
1 51 2 3.338117e-05
2 51 2 3.046555e-05
3 51 2 3.310418e-05
4 51 2 3.821318e-05
5 51 2 5.208552e-05
6 51 2 7.304581e-05
7 51 2 9.518936e-05
8 51 2 9.439894e-05
9 51 2 7.843168e-05
10 51 2 5.516684e-05
11 51 2 4.134552e-05
12 51 2 3.464881e-05
1 52 2 1.234690e-02
2 52 2 1.297765e-02
3 52 2 1.630288e-02
4 52 2 2.376738e-02
5 52 2 4.019377e-02
6 52 2 5.531563e-02
7 52 2 7.095257e-02
8 52 2 6.636495e-02
9 52 2 5.357225e-02
10 52 2 3.060395e-02
11 52 2 1.842058e-02
12 52 2 1.420508e-02
1 53 2 3.268323e-03
2 53 2 4.100551e-03
3 53 2 6.947199e-03
4 53 2 1.516366e-02
5 53 2 2.887624e-02
6 53 2 4.311958e-02
7 53 2 5.985509e-02
8 53 2 5.100351e-02
9 53 2 3.451957e-02
10 53 2 1.522458e-02
11 53 2 6.790574e-03
12 53 2 4.302105e-03
1 54 2 1.726459e-03
2 54 2 2.239659e-03
3 54 2 4.188252e-03
4 54 2 1.040739e-02
5 54 2 2.049932e-02
6 54 2 3.959534e-02
7 54 2 5.624707e-02
8 54 2 4.716461e-02
9 54 2 2.860459e-02
10 54 2 1.216546e-02
11 54 2 5.214671e-03
12 54 2 2.876514e-03
1 55 2 1.143085e-03
2 55 2 1.274844e-03
3 55 2 2.378187e-03
4 55 2 5.568646e-03
5 55 2 1.105045e-02
6 55 2 2.359932e-02
7 55 2 3.280485e-02
8 55 2 2.829133e-02
9 55 2 1.794053e-02
10 55 2 8.602198e-03
11 55 2 4.024639e-03
12 55 2 2.304520e-03
1 56 2 4.014439e-03
2 56 2 4.166111e-03
3 56 2 7.215815e-03
4 56 2 1.609024e-02
5 56 2 3.517111e-02
6 56 2 6.933000e-02
7 56 2 9.585479e-02
8 56 2 7.955463e-02
9 56 2 5.199879e-02
10 56 2 2.679166e-02
11 56 2 1.207868e-02
12 56 2 6.927237e-03
1 57 2 8.102779e-04
2 57 2 7.730854e-04
3 57 2 9.508510e-04
4 57 2 1.443243e-03
5 57 2 2.414772e-03
6 57 2 3.929135e-03
7 57 2 5.595133e-03
8 57 2 5.042582e-03
9 57 2 3.751685e-03
10 57 2 2.409887e-03
11 57 2 1.473658e-03
12 57 2 1.059052e-03
1 60 2 8.843142e-02
2 60 2 8.563784e-02
3 60 2 9.820960e-02
4 60 2 1.164751e-01
5 60 2 1.436046e-01
6 60 2 1.889827e-01
7 60 2 2.200136e-01
8 60 2 2.201061e-01
9 60 2 1.867917e-01
10 60 2 1.524841e-01
11 60 2 1.219516e-01
12 60 2 1.010854e-01
1 61 2 2.528447e-01
2 61 2 2.543655e-01
3 61 2 3.577608e-01
4 61 2 5.388633e-01
5 61 2 7.860371e-01
6 61 2 1.107399e+00
7 61 2 1.310500e+00
8 61 2 1.260809e+00
9 61 2 9.796817e-01
10 61 2 6.663854e-01
11 61 2 4.347236e-01
12 61 2 3.049115e-01
1 62 2 5.398534e-02
2 62 2 5.912666e-02
3 62 2 9.307616e-02
4 62 2 1.684962e-01
5 62 2 2.890074e-01
6 62 2 4.099800e-01
7 62 2 5.013227e-01
8 62 2 4.679666e-01
9 62 2 3.260895e-01
10 62 2 1.944599e-01
11 62 2 1.056003e-01
12 62 2 6.872167e-02
1 63 2 5.047137e-02
2 63 2 6.127009e-02
3 63 2 1.025209e-01
4 63 2 2.156275e-01
5 63 2 4.138247e-01
6 63 2 6.152163e-01
7 63 2 7.867130e-01
8 63 2 6.845945e-01
9 63 2 4.181288e-01
10 63 2 2.283447e-01
11 63 2 1.054741e-01
12 63 2 6.904780e-02
1 64 2 1.206450e-02
2 64 2 1.545588e-02
3 64 2 2.943173e-02
4 64 2 6.971394e-02
5 64 2 1.493053e-01
6 64 2 2.391529e-01
7 64 2 3.031315e-01
8 64 2 2.369811e-01
9 64 2 1.356919e-01
10 64 2 5.998638e-02
11 64 2 2.741083e-02
12 64 2 1.875881e-02
1 65 2 4.079296e-03
2 65 2 5.058353e-03
3 65 2 1.108190e-02
4 65 2 3.125135e-02
5 65 2 6.552413e-02
6 65 2 1.113607e-01
7 65 2 1.443393e-01
8 65 2 1.077270e-01
9 65 2 6.109937e-02
10 65 2 2.168149e-02
11 65 2 9.544619e-03
12 65 2 6.916971e-03
1 66 2 2.702965e-03
2 66 2 3.341708e-03
3 66 2 7.944197e-03
4 66 2 2.606227e-02
5 66 2 5.419091e-02
6 66 2 9.318371e-02
7 66 2 1.285159e-01
8 66 2 9.715814e-02
9 66 2 5.496078e-02
10 66 2 1.820914e-02
11 66 2 6.978014e-03
12 66 2 4.328326e-03
1 67 2 9.316619e-04
2 67 2 1.242328e-03
3 67 2 3.159248e-03
4 67 2 1.167054e-02
5 67 2 2.647977e-02
6 67 2 4.516144e-02
7 67 2 6.314068e-02
8 67 2 4.859192e-02
9 67 2 2.657640e-02
10 67 2 9.773382e-03
11 67 2 3.090417e-03
12 67 2 1.390980e-03
1 68 2 2.362277e-04
2 68 2 3.171902e-04
3 68 2 9.420371e-04
4 68 2 4.330099e-03
5 68 2 1.180007e-02
6 68 2 2.261260e-02
7 68 2 3.242219e-02
8 68 2 2.411348e-02
9 68 2 1.157229e-02
10 68 2 4.251522e-03
11 68 2 9.694977e-04
12 68 2 3.373515e-04
1 69 2 1.427774e-04
2 69 2 2.024318e-04
3 69 2 4.841018e-04
4 69 2 2.122816e-03
5 69 2 6.806908e-03
6 69 2 1.610931e-02
7 69 2 2.360001e-02
8 69 2 1.816724e-02
9 69 2 7.804525e-03
10 69 2 2.537730e-03
11 69 2 4.917206e-04
12 69 2 1.849188e-04
1 70 2 5.826883e-04
2 70 2 6.810512e-04
3 70 2 9.759266e-04
4 70 2 2.546142e-03
5 70 2 6.384915e-03
6 70 2 1.550439e-02
7 70 2 2.509669e-02
8 70 2 2.287323e-02
9 70 2 1.181020e-02
10 70 2 4.209735e-03
11 70 2 1.280350e-03
12 70 2 7.207445e-04
1 71 2 4.748812e-04
2 71 2 4.818934e-04
3 71 2 5.452990e-04
4 71 2 8.750400e-04
5 71 2 1.694627e-03
6 71 2 3.535152e-03
7 71 2 5.425349e-03
8 71 2 5.394157e-03
9 71 2 3.460840e-03
10 71 2 1.648352e-03
11 71 2 7.874596e-04
12 71 2 5.469174e-04
1 72 2 1.988868e-06
2 72 2 1.899542e-06
3 72 2 2.057957e-06
4 72 2 2.623914e-06
5 72 2 4.082618e-06
6 72 2 7.103891e-06
7 72 2 1.100311e-05
8 72 2 1.058241e-05
9 72 2 7.403811e-06
10 72 2 4.489252e-06
11 72 2 2.765998e-06
12 72 2 1.975286e-06
1 76 2 3.039664e-02
2 76 2 2.780980e-02
3 76 2 2.808969e-02
4 76 2 3.055489e-02
5 76 2 4.153989e-02
6 76 2 5.923325e-02
7 76 2 7.942849e-02
8 76 2 8.476476e-02
9 76 2 8.076433e-02
10 76 2 5.393444e-02
11 76 2 3.481695e-02
12 76 2 3.045044e-02
1 77 2 2.969068e-02
2 77 2 3.855311e-02
3 77 2 5.050227e-02
4 77 2 8.162276e-02
5 77 2 1.370479e-01
6 77 2 2.115877e-01
7 77 2 2.874906e-01
8 77 2 2.728752e-01
9 77 2 2.021344e-01
10 77 2 1.021207e-01
11 77 2 4.481085e-02
12 77 2 2.824406e-02
1 78 2 3.386731e-02
2 78 2 4.627490e-02
3 78 2 6.444057e-02
4 78 2 1.155809e-01
5 78 2 1.807352e-01
6 78 2 2.869449e-01
7 78 2 3.542017e-01
8 78 2 3.316669e-01
9 78 2 2.150492e-01
10 78 2 1.140448e-01
11 78 2 6.158664e-02
12 78 2 3.555605e-02
1 79 2 1.090324e-01
2 79 2 1.337846e-01
3 79 2 1.964343e-01
4 79 2 3.258189e-01
5 79 2 4.950094e-01
6 79 2 8.086822e-01
7 79 2 9.909390e-01
8 79 2 9.387389e-01
9 79 2 6.482048e-01
10 79 2 3.912859e-01
11 79 2 2.229345e-01
12 79 2 1.365656e-01
1 80 2 5.323723e-02
2 80 2 5.334117e-02
3 80 2 6.702652e-02
4 80 2 9.062755e-02
5 80 2 1.351629e-01
6 80 2 2.056455e-01
7 80 2 2.647999e-01
8 80 2 2.621475e-01
9 80 2 2.175776e-01
10 80 2 1.525446e-01
11 80 2 8.898846e-02
12 80 2 6.577728e-02
1 81 2 1.227265e-08
2 81 2 1.112198e-08
3 81 2 1.171447e-08
4 81 2 1.389048e-08
5 81 2 2.000217e-08
6 81 2 2.695235e-08
7 81 2 3.596327e-08
8 81 2 3.858779e-08
9 81 2 3.508835e-08
10 81 2 2.692305e-08
11 81 2 1.779716e-08
12 81 2 1.457047e-08
1 84 2 9.211080e-02
2 84 2 9.738429e-02
3 84 2 1.204449e-01
4 84 2 1.522047e-01
5 84 2 2.040605e-01
6 84 2 3.343680e-01
7 84 2 4.478269e-01
8 84 2 4.291294e-01
9 84 2 3.219958e-01
10 84 2 2.032117e-01
11 84 2 1.365129e-01
12 84 2 1.042811e-01
1 85 2 9.837263e-02
2 85 2 1.107753e-01
3 85 2 1.440258e-01
4 85 2 2.092561e-01
5 85 2 3.349734e-01
6 85 2 5.117243e-01
7 85 2 7.080182e-01
8 85 2 6.735438e-01
9 85 2 4.849973e-01
10 85 2 2.675274e-01
11 85 2 1.508742e-01
12 85 2 1.094744e-01
1 86 2 2.921678e-02
2 86 2 3.307950e-02
3 86 2 4.227317e-02
4 86 2 6.140283e-02
5 86 2 9.868649e-02
6 86 2 1.431919e-01
7 86 2 1.967077e-01
8 86 2 1.973512e-01
9 86 2 1.460774e-01
10 86 2 8.470870e-02
11 86 2 4.666172e-02
12 86 2 3.334881e-02
1 87 2 2.098523e-02
2 87 2 2.839060e-02
3 87 2 4.053658e-02
4 87 2 6.407909e-02
5 87 2 1.124182e-01
6 87 2 1.689789e-01
7 87 2 2.290831e-01
8 87 2 2.334280e-01
9 87 2 1.692364e-01
10 87 2 9.528456e-02
11 87 2 4.186552e-02
12 87 2 2.544787e-02
1 88 2 1.129732e-02
2 88 2 1.604310e-02
3 88 2 2.515795e-02
4 88 2 4.773452e-02
5 88 2 9.796528e-02
6 88 2 1.539745e-01
7 88 2 1.971858e-01
8 88 2 1.729474e-01
9 88 2 1.117586e-01
10 88 2 5.281505e-02
11 88 2 2.707663e-02
12 88 2 1.504008e-02
1 89 2 8.971490e-03
2 89 2 1.248267e-02
3 89 2 2.369171e-02
4 89 2 4.456006e-02
5 89 2 8.892473e-02
6 89 2 1.328432e-01
7 89 2 1.549702e-01
8 89 2 1.357169e-01
9 89 2 8.856960e-02
10 89 2 4.214765e-02
11 89 2 2.319175e-02
12 89 2 1.283673e-02
1 90 2 2.146220e-03
2 90 2 2.828646e-03
3 90 2 5.613145e-03
4 90 2 1.007440e-02
5 90 2 1.546866e-02
6 90 2 2.047536e-02
7 90 2 2.299509e-02
8 90 2 2.127683e-02
9 90 2 1.550564e-02
10 90 2 9.248455e-03
11 90 2 5.099166e-03
12 90 2 2.902843e-03
1 91 2 9.293455e-05
2 91 2 1.314983e-04
3 91 2 2.747290e-04
4 91 2 5.191516e-04
5 91 2 7.661867e-04
6 91 2 9.738946e-04
7 91 2 1.093542e-03
8 91 2 1.002883e-03
9 91 2 7.210935e-04
10 91 2 4.463586e-04
11 91 2 2.313384e-04
12 91 2 1.187591e-04
1 92 2 5.184238e-04
2 92 2 7.405369e-04
3 92 2 1.856339e-03
4 92 2 4.428795e-03
5 92 2 8.352064e-03
6 92 2 1.279830e-02
7 92 2 1.536264e-02
8 92 2 1.398246e-02
9 92 2 8.747565e-03
10 92 2 4.649050e-03
11 92 2 1.823360e-03
12 92 2 7.827238e-04
1 93 2 1.158057e-02
2 93 2 1.397300e-02
3 93 2 2.872922e-02
4 93 2 6.695665e-02
5 93 2 1.194469e-01
6 93 2 1.895538e-01
7 93 2 2.542765e-01
8 93 2 2.499755e-01
9 93 2 1.681348e-01
10 93 2 9.682520e-02
11 93 2 4.146582e-02
12 93 2 1.727135e-02
1 94 2 2.078095e-02
2 94 2 2.067619e-02
3 94 2 2.760771e-02
4 94 2 4.892594e-02
5 94 2 8.351360e-02
6 94 2 1.315024e-01
7 94 2 1.816700e-01
8 94 2 1.979801e-01
9 94 2 1.630792e-01
10 94 2 9.843432e-02
11 94 2 5.283214e-02
12 94 2 2.886621e-02
1 98 2 3.848231e-03
2 98 2 3.582192e-03
3 98 2 3.373189e-03
4 98 2 3.591475e-03
5 98 2 4.076077e-03
6 98 2 4.664238e-03
7 98 2 5.246310e-03
8 98 2 5.529354e-03
9 98 2 5.456235e-03
10 98 2 5.157599e-03
11 98 2 4.639224e-03
12 98 2 4.221743e-03
1 101 2 5.873842e-03
2 101 2 6.035572e-03
3 101 2 6.184898e-03
4 101 2 7.626918e-03
5 101 2 9.808367e-03
6 101 2 1.145229e-02
7 101 2 1.222467e-02
8 101 2 1.224954e-02
9 101 2 1.177630e-02
10 101 2 1.009697e-02
11 101 2 7.764295e-03
12 101 2 6.227519e-03
1 102 2 4.879963e-02
2 102 2 5.516125e-02
3 102 2 6.779420e-02
4 102 2 8.479692e-02
5 102 2 9.813011e-02
6 102 2 1.071266e-01
7 102 2 1.101432e-01
8 102 2 1.115350e-01
9 102 2 1.005242e-01
10 102 2 7.744392e-02
11 102 2 6.215844e-02
12 102 2 5.094657e-02
1 103 2 3.998617e-02
2 103 2 4.080622e-02
3 103 2 4.447366e-02
4 103 2 5.025355e-02
5 103 2 5.852426e-02
6 103 2 6.697353e-02
7 103 2 7.245685e-02
8 103 2 7.604185e-02
9 103 2 7.458133e-02
10 103 2 6.517760e-02
11 103 2 5.361881e-02
12 103 2 4.458227e-02
1 104 2 9.864176e-03
2 104 2 9.465414e-03
3 104 2 9.568261e-03
4 104 2 1.049022e-02
5 104 2 1.226633e-02
6 104 2 1.407621e-02
7 104 2 1.579809e-02
8 104 2 1.706579e-02
9 104 2 1.720315e-02
10 104 2 1.607115e-02
11 104 2 1.321997e-02
12 104 2 1.094612e-02
1 107 2 4.807720e-03
2 107 2 5.072058e-03
3 107 2 5.921808e-03
4 107 2 6.785740e-03
5 107 2 7.609781e-03
6 107 2 9.742348e-03
7 107 2 1.064880e-02
8 107 2 1.060571e-02
9 107 2 9.928533e-03
10 107 2 8.492392e-03
11 107 2 6.751140e-03
12 107 2 5.279647e-03
1 108 2 4.778725e-04
2 108 2 6.107217e-04
3 108 2 8.871386e-04
4 108 2 1.373984e-03
5 108 2 2.132790e-03
6 108 2 2.927321e-03
7 108 2 3.133609e-03
8 108 2 2.769450e-03
9 108 2 2.240922e-03
10 108 2 1.546081e-03
11 108 2 8.053514e-04
12 108 2 5.126848e-04
1 109 2 9.062222e-04
2 109 2 1.196987e-03
3 109 2 1.872166e-03
4 109 2 3.248984e-03
5 109 2 5.535565e-03
6 109 2 6.977860e-03
7 109 2 7.090136e-03
8 109 2 6.517826e-03
9 109 2 5.234001e-03
10 109 2 3.672511e-03
11 109 2 1.633442e-03
12 109 2 9.541960e-04
1 110 2 3.992604e-04
2 110 2 5.085812e-04
3 110 2 8.168074e-04
4 110 2 1.264386e-03
5 110 2 1.961012e-03
6 110 2 2.270946e-03
7 110 2 2.441486e-03
8 110 2 2.414611e-03
9 110 2 2.033046e-03
10 110 2 1.482219e-03
11 110 2 7.169565e-04
12 110 2 4.220084e-04
1 111 2 1.371350e-02
2 111 2 1.715158e-02
3 111 2 2.776804e-02
4 111 2 4.208478e-02
5 111 2 6.360500e-02
6 111 2 8.157205e-02
7 111 2 8.622776e-02
8 111 2 8.540528e-02
9 111 2 7.273006e-02
10 111 2 4.734375e-02
11 111 2 2.550374e-02
12 111 2 1.557815e-02
1 112 2 1.580288e-02
2 112 2 2.037588e-02
3 112 2 3.574510e-02
4 112 2 5.944202e-02
5 112 2 9.039161e-02
6 112 2 1.101529e-01
7 112 2 1.121877e-01
8 112 2 1.045705e-01
9 112 2 7.982811e-02
10 112 2 5.299576e-02
11 112 2 3.041403e-02
12 112 2 1.869520e-02
1 113 2 9.057522e-03
2 113 2 1.147504e-02
3 113 2 1.927813e-02
4 113 2 2.882869e-02
5 113 2 3.547646e-02
6 113 2 3.097620e-02
7 113 2 2.657941e-02
8 113 2 2.538550e-02
9 113 2 2.510746e-02
10 113 2 2.292551e-02
11 113 2 1.603496e-02
12 113 2 1.083017e-02
1 114 2 2.468311e-02
2 114 2 3.347154e-02
3 114 2 5.963527e-02
4 114 2 8.692940e-02
5 114 2 1.002910e-01
6 114 2 7.341864e-02
7 114 2 6.063882e-02
8 114 2 5.558283e-02
9 114 2 5.363941e-02
10 114 2 4.800826e-02
11 114 2 3.659773e-02
12 114 2 2.710929e-02
1 115 2 8.584353e-03
2 115 2 1.248946e-02
3 115 2 1.979783e-02
4 115 2 2.454115e-02
5 115 2 2.191641e-02
6 115 2 2.034866e-02
7 115 2 1.962591e-02
8 115 2 1.882967e-02
9 115 2 1.731768e-02
10 115 2 1.547600e-02
11 115 2 1.175623e-02
12 115 2 8.434209e-03
1 116 2 6.696466e-03
2 116 2 8.572294e-03
3 116 2 1.310908e-02
4 116 2 1.855543e-02
5 116 2 2.158113e-02
6 116 2 2.457543e-02
7 116 2 2.576447e-02
8 116 2 2.466231e-02
9 116 2 1.997922e-02
10 116 2 1.597294e-02
11 116 2 1.160403e-02
12 116 2 7.644236e-03
1 117 2 1.562567e-03
2 117 2 1.631711e-03
3 117 2 2.060701e-03
4 117 2 2.820834e-03
5 117 2 3.592103e-03
6 117 2 4.255848e-03
7 117 2 4.530793e-03
8 117 2 4.524852e-03
9 117 2 4.128653e-03
10 117 2 3.534376e-03
11 117 2 2.853168e-03
12 117 2 2.061092e-03
1 126 2 1.080196e-04
2 126 2 1.122753e-04
3 126 2 1.216911e-04
4 126 2 1.284984e-04
5 126 2 1.269576e-04
6 126 2 1.179928e-04
7 126 2 1.137382e-04
8 126 2 1.148495e-04
9 126 2 1.142415e-04
10 126 2 1.122605e-04
11 126 2 1.096924e-04
12 126 2 1.080316e-04
1 127 2 1.090832e-02
2 127 2 1.109399e-02
3 127 2 1.170947e-02
4 127 2 1.215691e-02
5 127 2 1.232254e-02
6 127 2 1.193594e-02
7 127 2 1.193923e-02
8 127 2 1.221322e-02
9 127 2 1.208302e-02
10 127 2 1.159876e-02
11 127 2 1.124064e-02
12 127 2 1.110150e-02
1 128 2 4.943326e-02
2 128 2 5.076750e-02
3 128 2 5.211608e-02
4 128 2 5.087415e-02
5 128 2 4.948800e-02
6 128 2 4.800143e-02
7 128 2 5.116067e-02
8 128 2 5.816989e-02
9 128 2 6.116511e-02
10 128 2 5.777333e-02
11 128 2 5.253640e-02
12 128 2 4.949975e-02
1 129 2 1.409821e-03
2 129 2 1.390464e-03
3 129 2 1.425533e-03
4 129 2 1.466874e-03
5 129 2 1.489507e-03
6 129 2 1.529802e-03
7 129 2 1.598492e-03
8 129 2 1.742354e-03
9 129 2 1.820393e-03
10 129 2 1.828412e-03
11 129 2 1.669403e-03
12 129 2 1.483061e-03
1 133 2 3.028305e-02
2 133 2 3.520852e-02
3 133 2 4.226593e-02
4 133 2 4.339594e-02
5 133 2 4.139528e-02
6 133 2 3.804785e-02
7 133 2 3.395807e-02
8 133 2 3.179787e-02
9 133 2 3.315810e-02
10 133 2 3.531465e-02
11 133 2 3.369074e-02
12 133 2 2.947942e-02
1 135 2 1.308798e-03
2 135 2 1.474557e-03
3 135 2 1.753586e-03
4 135 2 1.888530e-03
5 135 2 1.814697e-03
6 135 2 1.618895e-03
7 135 2 1.398565e-03
8 135 2 1.412561e-03
9 135 2 1.501008e-03
10 135 2 1.411611e-03
11 135 2 1.353017e-03
12 135 2 1.270974e-03
1 136 2 1.464435e-03
2 136 2 1.507200e-03
3 136 2 1.863934e-03
4 136 2 2.265976e-03
5 136 2 2.481345e-03
6 136 2 2.263934e-03
7 136 2 2.003317e-03
8 136 2 1.998722e-03
9 136 2 2.009053e-03
10 136 2 1.889912e-03
11 136 2 1.786902e-03
12 136 2 1.586791e-03
1 137 2 3.561399e-04
2 137 2 3.736275e-04
3 137 2 4.283717e-04
4 137 2 4.707176e-04
5 137 2 4.646268e-04
6 137 2 4.275032e-04
7 137 2 3.954860e-04
8 137 2 3.816044e-04
9 137 2 3.818442e-04
10 137 2 3.977935e-04
11 137 2 3.932937e-04
12 137 2 3.708407e-04
1 138 2 1.424163e-02
2 138 2 1.566095e-02
3 138 2 1.816901e-02
4 138 2 2.022098e-02
5 138 2 2.040173e-02
6 138 2 1.793107e-02
7 138 2 1.661142e-02
8 138 2 1.601965e-02
9 138 2 1.606336e-02
10 138 2 1.615696e-02
11 138 2 1.567256e-02
12 138 2 1.453499e-02
1 139 2 2.405075e-02
2 139 2 2.738936e-02
3 139 2 3.060491e-02
4 139 2 3.212204e-02
5 139 2 3.166936e-02
6 139 2 2.949277e-02
7 139 2 2.790462e-02
8 139 2 2.686280e-02
9 139 2 2.651462e-02
10 139 2 2.672046e-02
11 139 2 2.542656e-02
12 139 2 2.327462e-02
1 140 2 7.964081e-03
2 140 2 8.235155e-03
3 140 2 8.944018e-03
4 140 2 1.013343e-02
5 140 2 1.076025e-02
6 140 2 1.033524e-02
7 140 2 9.785789e-03
8 140 2 9.438311e-03
9 140 2 9.300716e-03
10 140 2 9.352119e-03
11 140 2 9.154596e-03
12 140 2 8.534879e-03
1 141 2 1.249883e-02
2 141 2 1.236950e-02
3 141 2 1.272380e-02
4 141 2 1.396426e-02
5 141 2 1.506929e-02
6 141 2 1.490106e-02
7 141 2 1.449812e-02
8 141 2 1.405877e-02
9 141 2 1.393962e-02
10 141 2 1.397239e-02
11 141 2 1.411185e-02
12 141 2 1.370151e-02
1 150 2 1.443356e-05
2 150 2 1.579981e-05
3 150 2 1.691190e-05
4 150 2 1.729380e-05
5 150 2 1.618172e-05
6 150 2 1.427155e-05
7 150 2 1.301964e-05
8 150 2 1.270524e-05
9 150 2 1.229448e-05
10 150 2 1.201476e-05
11 150 2 1.224836e-05
12 150 2 1.303190e-05
1 151 2 9.373880e-03
2 151 2 9.970215e-03
3 151 2 1.057138e-02
4 151 2 1.082065e-02
5 151 2 1.046973e-02
6 151 2 9.855262e-03
7 151 2 9.637504e-03
8 151 2 1.000959e-02
9 151 2 9.530018e-03
10 151 2 8.942936e-03
11 151 2 8.680705e-03
12 151 2 8.897267e-03
1 152 2 7.429943e-03
2 152 2 7.525987e-03
3 152 2 7.595657e-03
4 152 2 7.217836e-03
5 152 2 6.938275e-03
6 152 2 6.814360e-03
7 152 2 7.790635e-03
8 152 2 1.038787e-02
9 152 2 1.102787e-02
10 152 2 9.399152e-03
11 152 2 8.060162e-03
12 152 2 7.453995e-03
1 153 2 8.611607e-03
2 153 2 8.820495e-03
3 153 2 9.306230e-03
4 153 2 9.128184e-03
5 153 2 8.815103e-03
6 153 2 8.654663e-03
7 153 2 1.010274e-02
8 153 2 1.320246e-02
9 153 2 1.605788e-02
10 153 2 1.435244e-02
11 153 2 1.085689e-02
12 153 2 9.058603e-03
1 154 2 2.342271e-02
2 154 2 2.329562e-02
3 154 2 2.424209e-02
4 154 2 2.322842e-02
5 154 2 2.172069e-02
6 154 2 1.953801e-02
7 154 2 1.844901e-02
8 154 2 1.921893e-02
9 154 2 2.166908e-02
10 154 2 2.435218e-02
11 154 2 2.566448e-02
12 154 2 2.481633e-02
1 157 2 9.345490e-04
2 157 2 9.704358e-04
3 157 2 1.038990e-03
4 157 2 1.024354e-03
5 157 2 9.984507e-04
6 157 2 9.387153e-04
7 157 2 8.956682e-04
8 157 2 8.866400e-04
9 157 2 8.802316e-04
10 157 2 8.955796e-04
11 157 2 9.020002e-04
12 157 2 9.137714e-04
1 163 2 4.343745e-03
2 163 2 4.401945e-03
3 163 2 4.532572e-03
4 163 2 4.804556e-03
5 163 2 4.809245e-03
6 163 2 4.446336e-03
7 163 2 4.110623e-03
8 163 2 3.859955e-03
9 163 2 3.915229e-03
10 163 2 4.142161e-03
11 163 2 4.304085e-03
12 163 2 4.337808e-03
1 164 2 1.643667e-02
2 164 2 1.629613e-02
3 164 2 1.674976e-02
4 164 2 1.753116e-02
5 164 2 1.732494e-02
6 164 2 1.602423e-02
7 164 2 1.483184e-02
8 164 2 1.448798e-02
9 164 2 1.551367e-02
10 164 2 1.699591e-02
11 164 2 1.733915e-02
12 164 2 1.705041e-02
1 165 2 7.239060e-03
2 165 2 7.094790e-03
3 165 2 7.183982e-03
4 165 2 7.342882e-03
5 165 2 7.262287e-03
6 165 2 6.682333e-03
7 165 2 6.300526e-03
8 165 2 6.377274e-03
9 165 2 6.797486e-03
10 165 2 7.267985e-03
11 165 2 7.645617e-03
12 165 2 7.654625e-03
1 166 2 3.162221e-03
2 166 2 3.130652e-03
3 166 2 3.078929e-03
4 166 2 3.064484e-03
5 166 2 2.964142e-03
6 166 2 2.741338e-03
7 166 2 2.588652e-03
8 166 2 2.607965e-03
9 166 2 2.705571e-03
10 166 2 2.846062e-03
11 166 2 3.068473e-03
12 166 2 3.223079e-03
1 170 2 1.438436e-04
2 170 2 1.581995e-04
3 170 2 1.554301e-04
4 170 2 1.412777e-04
5 170 2 1.177265e-04
6 170 2 9.898743e-05
7 170 2 9.362662e-05
8 170 2 8.938327e-05
9 170 2 9.088661e-05
10 170 2 1.012016e-04
11 170 2 1.116571e-04
12 170 2 1.285801e-04
1 171 2 5.163733e-04
2 171 2 5.668294e-04
3 171 2 5.736916e-04
4 171 2 5.104041e-04
5 171 2 4.245988e-04
6 171 2 3.638612e-04
7 171 2 3.303468e-04
8 171 2 3.130140e-04
9 171 2 3.175746e-04
10 171 2 3.454325e-04
11 171 2 3.942563e-04
12 171 2 4.657758e-04
1 175 2 1.490816e-05
2 175 2 1.576140e-05
3 175 2 1.580661e-05
4 175 2 1.480477e-05
5 175 2 1.286302e-05
6 175 2 1.172147e-05
7 175 2 1.147826e-05
8 175 2 1.138135e-05
9 175 2 1.058589e-05
10 175 2 1.070084e-05
11 175 2 1.118763e-05
12 175 2 1.305043e-05
1 176 2 1.035933e-02
2 176 2 1.043700e-02
3 176 2 1.021779e-02
4 176 2 9.024527e-03
5 176 2 7.300440e-03
6 176 2 6.615568e-03
7 176 2 6.603503e-03
8 176 2 7.533719e-03
9 176 2 8.205000e-03
10 176 2 8.756734e-03
11 176 2 9.347160e-03
12 176 2 9.928978e-03
1 177 2 4.712803e-02
2 177 2 4.579558e-02
3 177 2 4.323956e-02
4 177 2 3.781011e-02
5 177 2 3.091837e-02
6 177 2 2.640168e-02
7 177 2 2.747054e-02
8 177 2 3.291476e-02
9 177 2 4.136871e-02
10 177 2 4.302187e-02
11 177 2 4.389450e-02
12 177 2 4.398418e-02
1 178 2 1.714433e-02
2 178 2 1.694396e-02
3 178 2 1.624202e-02
4 178 2 1.361342e-02
5 178 2 1.185327e-02
6 178 2 1.001865e-02
7 178 2 9.542132e-03
8 178 2 9.612360e-03
9 178 2 1.096265e-02
10 178 2 1.179550e-02
11 178 2 1.332235e-02
12 178 2 1.479061e-02
1 181 2 2.097345e-04
2 181 2 2.215259e-04
3 181 2 2.245765e-04
4 181 2 2.147252e-04
5 181 2 1.770814e-04
6 181 2 1.531217e-04
7 181 2 1.353911e-04
8 181 2 1.385618e-04
9 181 2 1.501176e-04
10 181 2 1.625493e-04
11 181 2 1.840893e-04
12 181 2 1.960018e-04
1 182 2 2.504892e-02
2 182 2 2.315293e-02
3 182 2 2.183217e-02
4 182 2 1.823723e-02
5 182 2 1.428137e-02
6 182 2 1.068161e-02
7 182 2 1.059080e-02
8 182 2 1.471722e-02
9 182 2 2.042173e-02
10 182 2 2.504652e-02
11 182 2 2.768156e-02
12 182 2 2.657021e-02
1 183 2 5.324535e-03
2 183 2 5.115108e-03
3 183 2 4.883330e-03
4 183 2 4.427846e-03
5 183 2 3.725513e-03
6 183 2 3.023696e-03
7 183 2 2.813231e-03
8 183 2 3.340605e-03
9 183 2 3.884213e-03
10 183 2 4.595020e-03
11 183 2 5.002581e-03
12 183 2 5.145478e-03
1 184 2 1.659422e-03
2 184 2 1.681422e-03
3 184 2 1.628431e-03
4 184 2 1.465483e-03
5 184 2 1.218325e-03
6 184 2 9.846360e-04
7 184 2 8.878940e-04
8 184 2 9.273185e-04
9 184 2 9.823390e-04
10 184 2 1.128093e-03
11 184 2 1.319944e-03
12 184 2 1.504444e-03
1 188 2 6.646263e-04
2 188 2 6.588316e-04
3 188 2 6.106778e-04
4 188 2 4.986600e-04
5 188 2 3.524330e-04
6 188 2 2.680730e-04
7 188 2 2.306746e-04
8 188 2 2.346484e-04
9 188 2 3.178300e-04
10 188 2 4.176734e-04
11 188 2 4.974076e-04
12 188 2 6.204010e-04
1 189 2 5.797879e-04
2 189 2 5.358409e-04
3 189 2 4.860555e-04
4 189 2 3.592672e-04
5 189 2 2.378671e-04
6 189 2 1.682107e-04
7 189 2 1.599324e-04
8 189 2 1.964499e-04
9 189 2 3.160240e-04
10 189 2 4.499719e-04
11 189 2 5.473160e-04
12 189 2 5.719425e-04
1 190 2 2.372489e-03
2 190 2 2.247977e-03
3 190 2 1.951249e-03
4 190 2 1.382029e-03
5 190 2 9.642413e-04
6 190 2 6.995020e-04
7 190 2 6.572606e-04
8 190 2 7.923257e-04
9 190 2 1.112910e-03
10 190 2 1.517166e-03
11 190 2 1.987971e-03
12 190 2 2.230467e-03
1 191 2 1.648581e-03
2 191 2 1.708366e-03
3 191 2 1.660540e-03
4 191 2 1.371792e-03
5 191 2 1.128051e-03
6 191 2 9.266738e-04
7 191 2 8.147022e-04
8 191 2 8.274010e-04
9 191 2 9.027113e-04
10 191 2 1.013201e-03
11 191 2 1.246131e-03
12 191 2 1.466061e-03
1 192 2 9.928233e-04
2 192 2 1.072966e-03
3 192 2 1.045400e-03
4 192 2 9.051600e-04
5 192 2 7.649967e-04
6 192 2 6.513640e-04
7 192 2 5.724194e-04
8 192 2 5.319120e-04
9 192 2 5.476813e-04
10 192 2 6.014167e-04
11 192 2 7.179361e-04
12 192 2 8.620843e-04
1 200 2 4.412988e-02
2 200 2 4.539867e-02
3 200 2 3.712615e-02
4 200 2 2.454303e-02
5 200 2 1.606465e-02
6 200 2 1.308317e-02
7 200 2 1.242969e-02
8 200 2 1.340436e-02
9 200 2 1.484770e-02
10 200 2 1.898351e-02
11 200 2 2.638039e-02
12 200 2 3.634681e-02
1 201 2 3.158056e-02
2 201 2 3.258459e-02
3 201 2 2.982926e-02
4 201 2 2.296043e-02
5 201 2 1.730288e-02
6 201 2 1.431515e-02
7 201 2 1.352862e-02
8 201 2 1.399413e-02
9 201 2 1.385000e-02
10 201 2 1.647970e-02
11 201 2 2.100719e-02
12 201 2 2.616381e-02
1 206 2 1.665466e-02
2 206 2 1.798920e-02
3 206 2 1.627541e-02
4 206 2 1.388855e-02
5 206 2 1.148576e-02
6 206 2 1.001461e-02
7 206 2 8.589482e-03
8 206 2 8.433785e-03
9 206 2 9.129483e-03
10 206 2 1.033406e-02
11 206 2 1.211390e-02
12 206 2 1.427143e-02
1 207 2 6.301325e-04
2 207 2 6.880255e-04
3 207 2 6.525088e-04
4 207 2 5.916629e-04
5 207 2 5.247177e-04
6 207 2 4.500481e-04
7 207 2 3.966770e-04
8 207 2 3.906257e-04
9 207 2 3.941164e-04
10 207 2 4.341051e-04
11 207 2 4.678366e-04
12 207 2 5.351761e-04
1 212 2 9.350323e-04
2 212 2 9.980892e-04
3 212 2 8.859018e-04
4 212 2 7.447695e-04
5 212 2 5.804888e-04
6 212 2 4.685028e-04
7 212 2 3.888838e-04
8 212 2 3.758526e-04
9 212 2 4.268658e-04
10 212 2 5.036817e-04
11 212 2 5.974542e-04
12 212 2 7.899486e-04
1 213 2 2.037548e-04
2 213 2 2.226887e-04
3 213 2 1.887199e-04
4 213 2 1.596975e-04
5 213 2 1.232279e-04
6 213 2 9.499138e-05
7 213 2 8.061986e-05
8 213 2 7.870451e-05
9 213 2 9.480292e-05
10 213 2 1.168336e-04
11 213 2 1.434703e-04
12 213 2 1.755671e-04
1 214 2 7.238600e-03
2 214 2 7.673823e-03
3 214 2 6.165440e-03
4 214 2 4.579288e-03
5 214 2 3.384934e-03
6 214 2 2.494541e-03
7 214 2 2.160311e-03
8 214 2 2.227117e-03
9 214 2 2.811260e-03
10 214 2 3.768939e-03
11 214 2 5.159332e-03
12 214 2 6.257372e-03
1 215 2 2.680460e-03
2 215 2 2.757210e-03
3 215 2 2.570677e-03
4 215 2 2.048721e-03
5 215 2 1.664084e-03
6 215 2 1.337056e-03
7 215 2 1.155402e-03
8 215 2 1.158243e-03
9 215 2 1.302522e-03
10 215 2 1.549583e-03
11 215 2 1.951138e-03
12 215 2 2.357082e-03
1 216 2 1.560680e-03
2 216 2 1.629464e-03
3 216 2 1.528036e-03
4 216 2 1.242204e-03
5 216 2 9.946859e-04
6 216 2 8.556964e-04
7 216 2 7.519341e-04
8 216 2 7.189884e-04
9 216 2 7.460780e-04
10 216 2 8.479876e-04
11 216 2 1.019985e-03
12 216 2 1.310865e-03
1 224 2 1.290060e-03
2 224 2 1.410341e-03
3 224 2 1.230694e-03
4 224 2 1.059812e-03
5 224 2 8.558183e-04
6 224 2 7.272796e-04
7 224 2 6.607265e-04
8 224 2 6.901212e-04
9 224 2 7.097110e-04
10 224 2 8.370700e-04
11 224 2 9.996269e-04
12 224 2 1.192634e-03
1 240 2 9.652960e-05
2 240 2 9.845959e-05
3 240 2 9.003889e-05
4 240 2 7.951845e-05
5 240 2 6.911177e-05
6 240 2 5.961131e-05
7 240 2 5.840206e-05
8 240 2 6.020913e-05
9 240 2 5.860997e-05
10 240 2 6.311682e-05
11 240 2 6.934988e-05
12 240 2 8.594711e-05
