1 7 2 5.166551e-08
2 7 2 4.413727e-08
3 7 2 4.827051e-08
4 7 2 1.247595e-07
5 7 2 4.292619e-07
6 7 2 1.156164e-06
7 7 2 1.564323e-06
8 7 2 1.066571e-06
9 7 2 4.612559e-07
10 7 2 2.022133e-07
11 7 2 1.071354e-07
12 7 2 6.320289e-08
1 25 2 2.845128e-05
2 25 2 2.701438e-05
3 25 2 3.805879e-05
4 25 2 6.944884e-05
5 25 2 1.942844e-04
6 25 2 3.523101e-04
7 25 2 4.271030e-04
8 25 2 3.275125e-04
9 25 2 1.850619e-04
10 25 2 8.660226e-05
11 25 2 4.129296e-05
12 25 2 2.391262e-05
1 26 2 3.159447e-05
2 26 2 2.600255e-05
3 26 2 4.299734e-05
4 26 2 9.597358e-05
5 26 2 2.703428e-04
6 26 2 5.163472e-04
7 26 2 5.602352e-04
8 26 2 4.191697e-04
9 26 2 2.292638e-04
10 26 2 9.228763e-05
11 26 2 4.821651e-05
12 26 2 2.980983e-05
1 27 2 1.386307e-04
2 27 2 1.223985e-04
3 27 2 2.145639e-04
4 27 2 5.464678e-04
5 27 2 1.538894e-03
6 27 2 3.181081e-03
7 27 2 3.587721e-03
8 27 2 2.700383e-03
9 27 2 1.395463e-03
10 27 2 5.240299e-04
11 27 2 2.777171e-04
12 27 2 1.717871e-04
1 28 2 5.383963e-06
2 28 2 4.899551e-06
3 28 2 8.240194e-06
4 28 2 2.239881e-05
5 28 2 6.396231e-05
6 28 2 1.369423e-04
7 28 2 1.632670e-04
8 28 2 1.230235e-04
9 28 2 6.328591e-05
10 28 2 2.464679e-05
11 28 2 1.230404e-05
12 28 2 7.670883e-06
1 29 2 7.214287e-06
2 29 2 6.824737e-06
3 29 2 1.087214e-05
4 29 2 3.269073e-05
5 29 2 9.775967e-05
6 29 2 2.405954e-04
7 29 2 3.277463e-04
8 29 2 2.438456e-04
9 29 2 1.119860e-04
10 29 2 4.150620e-05
11 29 2 1.962014e-05
12 29 2 1.224775e-05
1 30 2 1.639339e-06
2 30 2 1.433704e-06
3 30 2 2.278657e-06
4 30 2 6.974325e-06
5 30 2 1.931996e-05
6 30 2 5.254278e-05
7 30 2 7.615826e-05
8 30 2 5.832250e-05
9 30 2 2.638892e-05
10 30 2 1.032910e-05
11 30 2 4.764530e-06
12 30 2 2.853469e-06
1 31 2 2.924614e-06
2 31 2 2.253661e-06
3 31 2 3.423585e-06
4 31 2 9.528973e-06
5 31 2 2.460843e-05
6 31 2 6.479275e-05
7 31 2 9.137217e-05
8 31 2 7.375335e-05
9 31 2 3.689633e-05
10 31 2 1.689670e-05
11 31 2 8.112480e-06
12 31 2 4.520650e-06
1 32 2 3.457722e-06
2 32 2 2.862328e-06
3 32 2 4.001041e-06
4 32 2 8.890473e-06
5 32 2 2.374526e-05
6 32 2 5.624784e-05
7 32 2 7.256640e-05
8 32 2 5.994311e-05
9 32 2 3.347292e-05
10 32 2 1.725562e-05
11 32 2 8.917001e-06
12 32 2 4.624448e-06
1 35 2 2.537365e-04
2 35 2 2.417727e-04
3 35 2 2.626366e-04
4 35 2 3.499870e-04
5 35 2 5.486513e-04
6 35 2 8.379104e-04
7 35 2 1.008263e-03
8 35 2 9.258529e-04
9 35 2 6.292454e-04
10 35 2 4.549436e-04
11 35 2 3.445955e-04
12 35 2 2.799526e-04
1 36 2 3.045047e-05
2 36 2 2.858707e-05
3 36 2 3.168293e-05
4 36 2 3.805397e-05
5 36 2 5.204512e-05
6 36 2 7.507939e-05
7 36 2 8.842231e-05
8 36 2 9.007821e-05
9 36 2 6.875938e-05
10 36 2 5.387021e-05
11 36 2 4.123149e-05
12 36 2 3.416379e-05
1 37 2 6.009743e-04
2 37 2 5.816596e-04
3 37 2 7.329181e-04
4 37 2 9.424343e-04
5 37 2 1.424781e-03
6 37 2 2.160989e-03
7 37 2 2.513341e-03
8 37 2 2.470674e-03
9 37 2 1.818186e-03
10 37 2 1.363322e-03
11 37 2 9.608843e-04
12 37 2 7.361193e-04
1 38 2 3.809220e-03
2 38 2 3.805805e-03
3 38 2 5.797642e-03
4 38 2 8.595960e-03
5 38 2 1.569399e-02
6 38 2 2.784780e-02
7 38 2 3.301247e-02
8 38 2 2.863141e-02
9 38 2 1.849371e-02
10 38 2 1.264043e-02
11 38 2 7.222991e-03
12 38 2 5.212389e-03
1 39 2 2.982917e-03
2 39 2 3.107599e-03
3 39 2 5.033668e-03
4 39 2 7.772403e-03
5 39 2 1.508103e-02
6 39 2 2.915544e-02
7 39 2 3.620290e-02
8 39 2 2.931051e-02
9 39 2 1.847477e-02
10 39 2 1.166660e-02
11 39 2 5.905380e-03
12 39 2 4.310500e-03
1 40 2 7.378007e-04
2 40 2 8.094953e-04
3 40 2 1.443723e-03
4 40 2 2.427735e-03
5 40 2 5.307151e-03
6 40 2 1.204957e-02
7 40 2 1.507587e-02
8 40 2 1.105928e-02
9 40 2 6.812405e-03
10 40 2 3.670588e-03
11 40 2 1.572374e-03
12 40 2 1.171369e-03
1 41 2 3.925238e-04
2 41 2 4.196275e-04
3 41 2 8.409195e-04
4 41 2 1.497737e-03
5 41 2 3.756545e-03
6 41 2 9.532618e-03
7 41 2 1.232511e-02
8 41 2 8.644773e-03
9 41 2 4.831100e-03
10 41 2 2.093844e-03
11 41 2 8.043986e-04
12 41 2 6.704558e-04
1 42 2 2.125480e-04
2 42 2 2.223294e-04
3 42 2 4.794504e-04
4 42 2 9.458079e-04
5 42 2 2.688773e-03
6 42 2 7.457851e-03
7 42 2 1.044012e-02
8 42 2 6.972075e-03
9 42 2 3.301642e-03
10 42 2 1.181622e-03
11 42 2 4.405314e-04
12 42 2 3.613919e-04
1 43 2 5.965611e-06
2 43 2 6.185569e-06
3 43 2 1.459473e-05
4 43 2 3.561159e-05
5 43 2 1.191985e-04
6 43 2 3.515350e-04
7 43 2 5.138955e-04
8 43 2 3.225879e-04
9 43 2 1.319122e-04
10 43 2 4.050040e-05
11 43 2 1.381151e-05
12 43 2 9.677827e-06
1 44 2 2.462577e-05
2 44 2 2.474335e-05
3 44 2 5.382059e-05
4 44 2 1.455026e-04
5 44 2 5.435934e-04
6 44 2 1.713043e-03
7 44 2 2.503706e-03
8 44 2 1.509719e-03
9 44 2 5.442311e-04
10 44 2 1.612447e-04
11 44 2 5.292096e-05
12 44 2 3.578051e-05
1 45 2 5.650328e-05
2 45 2 6.332367e-05
3 45 2 1.153867e-04
4 45 2 3.402845e-04
5 45 2 1.425045e-03
6 45 2 4.728449e-03
7 45 2 6.615039e-03
8 45 2 4.027889e-03
9 45 2 1.385101e-03
10 45 2 3.536451e-04
11 45 2 1.025065e-04
12 45 2 6.699317e-05
1 46 2 2.568712e-05
2 46 2 3.231502e-05
3 46 2 5.079677e-05
4 46 2 1.410575e-04
5 46 2 5.539268e-04
6 46 2 1.718219e-03
7 46 2 2.403667e-03
8 46 2 1.506166e-03
9 46 2 5.657588e-04
10 46 2 1.371332e-04
11 46 2 3.770333e-05
12 46 2 2.688775e-05
1 47 2 3.375693e-05
2 47 2 4.296034e-05
3 47 2 6.053784e-05
4 47 2 1.356367e-04
5 47 2 4.623176e-04
6 47 2 1.273684e-03
7 47 2 1.727388e-03
8 47 2 1.171293e-03
9 47 2 4.961953e-04
10 47 2 1.530456e-04
11 47 2 4.515247e-05
12 47 2 3.432188e-05
1 48 2 4.568379e-05
2 48 2 5.247871e-05
3 48 2 7.218153e-05
4 48 2 1.409553e-04
5 48 2 4.374113e-04
6 48 2 1.006121e-03
7 48 2 1.337041e-03
8 48 2 9.406852e-04
9 48 2 4.478041e-04
10 48 2 1.669572e-04
11 48 2 6.010250e-05
12 48 2 3.985632e-05
1 49 2 1.641772e-05
2 49 2 1.493867e-05
3 49 2 1.694484e-05
4 49 2 1.983243e-05
5 49 2 2.836460e-05
6 49 2 4.315510e-05
7 49 2 6.435872e-05
8 49 2 6.052034e-05
9 49 2 4.221224e-05
10 49 2 3.020692e-05
11 49 2 2.205350e-05
12 49 2 1.608799e-05
1 50 2 6.697698e-05
2 50 2 5.781448e-05
3 50 2 6.776751e-05
4 50 2 7.724794e-05
5 50 2 1.087211e-04
6 50 2 1.595467e-04
7 50 2 2.201979e-04
8 50 2 2.117562e-04
9 50 2 1.533307e-04
10 50 2 1.093006e-04
11 50 2 8.183124e-05
12 50 2 6.443317e-05
1 51 2 2.574894e-05
2 51 2 2.349994e-05
3 51 2 2.553528e-05
4 51 2 2.947616e-05
5 51 2 4.017676e-05
6 51 2 5.634471e-05
7 51 2 7.342539e-05
8 51 2 7.281569e-05
9 51 2 6.049916e-05
10 51 2 4.255356e-05
11 51 2 3.189233e-05
12 51 2 2.672675e-05
1 52 2 9.632001e-03
2 52 2 1.012406e-02
3 52 2 1.271812e-02
4 52 2 1.854129e-02
5 52 2 3.135575e-02
6 52 2 4.315254e-02
7 52 2 5.535114e-02
8 52 2 5.177228e-02
9 52 2 4.179250e-02
10 52 2 2.387460e-02
11 52 2 1.437017e-02
12 52 2 1.108159e-02
1 53 2 2.571597e-03
2 53 2 3.226414e-03
3 53 2 5.466226e-03
4 53 2 1.193114e-02
5 53 2 2.272053e-02
6 53 2 3.392754e-02
7 53 2 4.709545e-02
8 53 2 4.013081e-02
9 53 2 2.716084e-02
10 53 2 1.197907e-02
11 53 2 5.342990e-03
12 53 2 3.385001e-03
1 54 2 1.344651e-03
2 54 2 1.744356e-03
3 54 2 3.262017e-03
4 54 2 8.105791e-03
5 54 2 1.596588e-02
6 54 2 3.083880e-02
7 54 2 4.380798e-02
8 54 2 3.673412e-02
9 54 2 2.227866e-02
10 54 2 9.475057e-03
11 54 2 4.061443e-03
12 54 2 2.240371e-03
1 55 2 9.025339e-04
2 55 2 1.006566e-03
3 55 2 1.877721e-03
4 55 2 4.396779e-03
5 55 2 8.724993e-03
6 55 2 1.863308e-02
7 55 2 2.590139e-02
8 55 2 2.233770e-02
9 55 2 1.416512e-02
10 55 2 6.791950e-03
11 55 2 3.177694e-03
12 55 2 1.819556e-03
1 56 2 3.188843e-03
2 56 2 3.309323e-03
3 56 2 5.731836e-03
4 56 2 1.278118e-02
5 56 2 2.793794e-02
6 56 2 5.507184e-02
7 56 2 7.614163e-02
8 56 2 6.319370e-02
9 56 2 4.130490e-02
10 56 2 2.128178e-02
11 56 2 9.594618e-03
12 56 2 5.502606e-03
1 57 2 6.445054e-04
2 57 2 6.149220e-04
3 57 2 7.563190e-04
4 57 2 1.147974e-03
5 57 2 1.920740e-03
6 57 2 3.125284e-03
7 57 2 4.450441e-03
8 57 2 4.010934e-03
9 57 2 2.984138e-03
10 57 2 1.916855e-03
11 57 2 1.172167e-03
12 57 2 8.423832e-04
1 60 2 7.182111e-02
2 60 2 6.955225e-02
3 60 2 7.976263e-02
4 60 2 9.459730e-02
5 60 2 1.166310e-01
6 60 2 1.534856e-01
7 60 2 1.786879e-01
8 60 2 1.787630e-01
9 60 2 1.517061e-01
10 60 2 1.238426e-01
11 60 2 9.904512e-02
12 60 2 8.209826e-02
1 61 2 2.164511e-01
2 61 2 2.177531e-01
3 61 2 3.062660e-01
4 61 2 4.613013e-01
5 61 2 6.728978e-01
6 61 2 9.480041e-01
7 61 2 1.121871e+00
8 61 2 1.079333e+00
9 61 2 8.386699e-01
10 61 2 5.704684e-01
11 61 2 3.721511e-01
12 61 2 2.610237e-01
1 62 2 4.753619e-02
2 62 2 5.206332e-02
3 62 2 8.195718e-02
4 62 2 1.483675e-01
5 62 2 2.544822e-01
6 62 2 3.610034e-01
7 62 2 4.414342e-01
8 62 2 4.120628e-01
9 62 2 2.871345e-01
10 62 2 1.712295e-01
11 62 2 9.298519e-02
12 62 2 6.051210e-02
1 63 2 4.552737e-02
2 63 2 5.526829e-02
3 63 2 9.247836e-02
4 63 2 1.945054e-01
5 63 2 3.732879e-01
6 63 2 5.549519e-01
7 63 2 7.096493e-01
8 63 2 6.175340e-01
9 63 2 3.771704e-01
10 63 2 2.059768e-01
11 63 2 9.514222e-02
12 63 2 6.228412e-02
1 64 2 1.088831e-02
2 64 2 1.394905e-02
3 64 2 2.656236e-02
4 64 2 6.291737e-02
5 64 2 1.347492e-01
6 64 2 2.158374e-01
7 64 2 2.735786e-01
8 64 2 2.138773e-01
9 64 2 1.224630e-01
10 64 2 5.413818e-02
11 64 2 2.473849e-02
12 64 2 1.692998e-02
1 65 2 3.682533e-03
2 65 2 4.566364e-03
3 65 2 1.000405e-02
4 65 2 2.821176e-02
5 65 2 5.915108e-02
6 65 2 1.005295e-01
7 65 2 1.303005e-01
8 65 2 9.724921e-02
9 65 2 5.515668e-02
10 65 2 1.957269e-02
11 65 2 8.616284e-03
12 65 2 6.244209e-03
1 66 2 2.438224e-03
2 66 2 3.014405e-03
3 66 2 7.166103e-03
4 66 2 2.350961e-02
5 66 2 4.888319e-02
6 66 2 8.405684e-02
7 66 2 1.159284e-01
8 66 2 8.764199e-02
9 66 2 4.957765e-02
10 66 2 1.642565e-02
11 66 2 6.294553e-03
12 66 2 3.904388e-03
1 67 2 8.402764e-04
2 67 2 1.120470e-03
3 67 2 2.849361e-03
4 67 2 1.052579e-02
5 67 2 2.388240e-02
6 67 2 4.073162e-02
7 67 2 5.694729e-02
8 67 2 4.382560e-02
9 67 2 2.396956e-02
10 67 2 8.814724e-03
11 67 2 2.787282e-03
12 67 2 1.254541e-03
1 68 2 2.126990e-04
2 68 2 2.855976e-04
3 68 2 8.482087e-04
4 68 2 3.898815e-03
5 68 2 1.062477e-02
6 68 2 2.036035e-02
7 68 2 2.919289e-02
8 68 2 2.171174e-02
9 68 2 1.041968e-02
10 68 2 3.828064e-03
11 68 2 8.729342e-04
12 68 2 3.037508e-04
1 69 2 1.279980e-04
2 69 2 1.814774e-04
3 69 2 4.339909e-04
4 69 2 1.903076e-03
5 69 2 6.102303e-03
6 69 2 1.444179e-02
7 69 2 2.115710e-02
8 69 2 1.628668e-02
9 69 2 6.996653e-03
10 69 2 2.275041e-03
11 69 2 4.408210e-04
12 69 2 1.657773e-04
1 70 2 5.194840e-04
2 70 2 6.071775e-04
3 70 2 8.700677e-04
4 70 2 2.269962e-03
5 70 2 5.692343e-03
6 70 2 1.382263e-02
7 70 2 2.237445e-02
8 70 2 2.039216e-02
9 70 2 1.052915e-02
10 70 2 3.753105e-03
11 70 2 1.141471e-03
12 70 2 6.425652e-04
1 71 2 4.276299e-04
2 71 2 4.339444e-04
3 71 2 4.910410e-04
4 71 2 7.879724e-04
5 71 2 1.526010e-03
6 71 2 3.183400e-03
7 71 2 4.885520e-03
8 71 2 4.857431e-03
9 71 2 3.116482e-03
10 71 2 1.484339e-03
11 71 2 7.091064e-04
12 71 2 4.924984e-04
1 72 2 1.797280e-06
2 72 2 1.716558e-06
3 72 2 1.859713e-06
4 72 2 2.371152e-06
5 72 2 3.689338e-06
6 72 2 6.419571e-06
7 72 2 9.943180e-06
8 72 2 9.563007e-06
9 72 2 6.690600e-06
10 72 2 4.056801e-06
11 72 2 2.499549e-06
12 72 2 1.785006e-06
1 76 2 2.342367e-02
2 76 2 2.143025e-02
3 76 2 2.164594e-02
4 76 2 2.354563e-02
5 76 2 3.201068e-02
6 76 2 4.564519e-02
7 76 2 6.120766e-02
8 76 2 6.531979e-02
9 76 2 6.223706e-02
10 76 2 4.156192e-02
11 76 2 2.682997e-02
12 76 2 2.346514e-02
1 77 2 2.296422e-02
2 77 2 2.981885e-02
3 77 2 3.906091e-02
4 77 2 6.313102e-02
5 77 2 1.059995e-01
6 77 2 1.636522e-01
7 77 2 2.223592e-01
8 77 2 2.110550e-01
9 77 2 1.563406e-01
10 77 2 7.898510e-02
11 77 2 3.465890e-02
12 77 2 2.184533e-02
1 78 2 2.609404e-02
2 78 2 3.565383e-02
3 78 2 4.965010e-02
4 78 2 8.905267e-02
5 78 2 1.392527e-01
6 78 2 2.210849e-01
7 78 2 2.729049e-01
8 78 2 2.555423e-01
9 78 2 1.656908e-01
10 78 2 8.786908e-02
11 78 2 4.745120e-02
12 78 2 2.739518e-02
1 79 2 8.423313e-02
2 79 2 1.033554e-01
3 79 2 1.517556e-01
4 79 2 2.517119e-01
5 79 2 3.824202e-01
6 79 2 6.247485e-01
7 79 2 7.655512e-01
8 79 2 7.252240e-01
9 79 2 5.007715e-01
10 79 2 3.022884e-01
11 79 2 1.722284e-01
12 79 2 1.055039e-01
1 80 2 4.107686e-02
2 80 2 4.115707e-02
3 80 2 5.171643e-02
4 80 2 6.992655e-02
5 80 2 1.042892e-01
6 80 2 1.586723e-01
7 80 2 2.043147e-01
8 80 2 2.022682e-01
9 80 2 1.678789e-01
10 80 2 1.177006e-01
11 80 2 6.866186e-02
12 80 2 5.075254e-02
1 81 2 9.734332e-09
2 81 2 8.821651e-09
3 81 2 9.291594e-09
4 81 2 1.101755e-08
5 81 2 1.586518e-08
6 81 2 2.137787e-08
7 81 2 2.852509e-08
8 81 2 3.060678e-08
9 81 2 2.783112e-08
10 81 2 2.135463e-08
11 81 2 1.411622e-08
12 81 2 1.155690e-08
1 84 2 7.947646e-02
2 84 2 8.402662e-02
3 84 2 1.039241e-01
4 84 2 1.313276e-01
5 84 2 1.760707e-01
6 84 2 2.885046e-01
7 84 2 3.864009e-01
8 84 2 3.702680e-01
9 84 2 2.778294e-01
10 84 2 1.753382e-01
11 84 2 1.177882e-01
12 84 2 8.997745e-02
1 85 2 8.550719e-02
2 85 2 9.628784e-02
3 85 2 1.251897e-01
4 85 2 1.818890e-01
5 85 2 2.911647e-01
6 85 2 4.447996e-01
7 85 2 6.154216e-01
8 85 2 5.854559e-01
9 85 2 4.215680e-01
10 85 2 2.325394e-01
11 85 2 1.311424e-01
12 85 2 9.515706e-02
1 86 2 2.536627e-02
2 86 2 2.871992e-02
3 86 2 3.670194e-02
4 86 2 5.331048e-02
5 86 2 8.568049e-02
6 86 2 1.243205e-01
7 86 2 1.707834e-01
8 86 2 1.713420e-01
9 86 2 1.268257e-01
10 86 2 7.354484e-02
11 86 2 4.051212e-02
12 86 2 2.895374e-02
1 87 2 1.857275e-02
2 87 2 2.512680e-02
3 87 2 3.587646e-02
4 87 2 5.671251e-02
5 87 2 9.949456e-02
6 87 2 1.495529e-01
7 87 2 2.027475e-01
8 87 2 2.065929e-01
9 87 2 1.497808e-01
10 87 2 8.433059e-02
11 87 2 3.705263e-02
12 87 2 2.252237e-02
1 88 2 9.933119e-03
2 88 2 1.410583e-02
3 88 2 2.212002e-02
4 88 2 4.197038e-02
5 88 2 8.613557e-02
6 88 2 1.353815e-01
7 88 2 1.733748e-01
8 88 2 1.520633e-01
9 88 2 9.826332e-02
10 88 2 4.643742e-02
11 88 2 2.380702e-02
12 88 2 1.322393e-02
1 89 2 8.059766e-03
2 89 2 1.121412e-02
3 89 2 2.128405e-02
4 89 2 4.003167e-02
5 89 2 7.988780e-02
6 89 2 1.193431e-01
7 89 2 1.392214e-01
8 89 2 1.219248e-01
9 89 2 7.956876e-02
10 89 2 3.786442e-02
11 89 2 2.083490e-02
12 89 2 1.153220e-02
1 90 2 1.906327e-03
2 90 2 2.512476e-03
3 90 2 4.985739e-03
4 90 2 8.948340e-03
5 90 2 1.373965e-02
6 90 2 1.818674e-02
7 90 2 2.042483e-02
8 90 2 1.889862e-02
9 90 2 1.377251e-02
10 90 2 8.214714e-03
11 90 2 4.529210e-03
12 90 2 2.578380e-03
1 91 2 7.603611e-05
2 91 2 1.075877e-04
3 91 2 2.247746e-04
4 91 2 4.247534e-04
5 91 2 6.268697e-04
6 91 2 7.968098e-04
7 91 2 8.947014e-04
8 91 2 8.205271e-04
9 91 2 5.899759e-04
10 91 2 3.651965e-04
11 91 2 1.892738e-04
12 91 2 9.716494e-05
1 92 2 4.220365e-04
2 92 2 6.028535e-04
3 92 2 1.511202e-03
4 92 2 3.605377e-03
5 92 2 6.799217e-03
6 92 2 1.041879e-02
7 92 2 1.250636e-02
8 92 2 1.138279e-02
9 92 2 7.121185e-03
10 92 2 3.784681e-03
11 92 2 1.484354e-03
12 92 2 6.371969e-04
1 93 2 9.581251e-03
2 93 2 1.156064e-02
3 93 2 2.376928e-02
4 93 2 5.539696e-02
5 93 2 9.882505e-02
6 93 2 1.568284e-01
7 93 2 2.103771e-01
8 93 2 2.068186e-01
9 93 2 1.391072e-01
10 93 2 8.010886e-02
11 93 2 3.430698e-02
12 93 2 1.428954e-02
1 94 2 1.449572e-02
2 94 2 1.442264e-02
3 94 2 1.925771e-02
4 94 2 3.412821e-02
5 94 2 5.825477e-02
6 94 2 9.172928e-02
7 94 2 1.267236e-01
8 94 2 1.381007e-01
9 94 2 1.137556e-01
10 94 2 6.866270e-02
11 94 2 3.685297e-02
12 94 2 2.013558e-02
1 98 2 2.965126e-03
2 98 2 2.760139e-03
3 98 2 2.599099e-03
4 98 2 2.767292e-03
5 98 2 3.140686e-03
6 98 2 3.593874e-03
7 98 2 4.042370e-03
8 98 2 4.260460e-03
9 98 2 4.204121e-03
10 98 2 3.974017e-03
11 98 2 3.574600e-03
12 98 2 3.252924e-03
1 101 2 5.126115e-03
2 101 2 5.267257e-03
3 101 2 5.397575e-03
4 101 2 6.656028e-03
5 101 2 8.559784e-03
6 101 2 9.994440e-03
7 101 2 1.066849e-02
8 101 2 1.069020e-02
9 101 2 1.027720e-02
10 101 2 8.811650e-03
11 101 2 6.775918e-03
12 101 2 5.434770e-03
1 102 2 4.073537e-02
2 102 2 4.604571e-02
3 102 2 5.659104e-02
4 102 2 7.078401e-02
5 102 2 8.191386e-02
6 102 2 8.942366e-02
7 102 2 9.194178e-02
8 102 2 9.310355e-02
9 102 2 8.391229e-02
10 102 2 6.464611e-02
11 102 2 5.188660e-02
12 102 2 4.252752e-02
1 103 2 3.174933e-02
2 103 2 3.240046e-02
3 103 2 3.531244e-02
4 103 2 3.990172e-02
5 103 2 4.646873e-02
6 103 2 5.317751e-02
7 103 2 5.753131e-02
8 103 2 6.037783e-02
9 103 2 5.921816e-02
10 103 2 5.175153e-02
11 103 2 4.257376e-02
12 103 2 3.539867e-02
1 104 2 8.584734e-03
2 104 2 8.237694e-03
3 104 2 8.327202e-03
4 104 2 9.129575e-03
5 104 2 1.067532e-02
6 104 2 1.225044e-02
7 104 2 1.374898e-02
8 104 2 1.485225e-02
9 104 2 1.497180e-02
10 104 2 1.398663e-02
11 104 2 1.150526e-02
12 104 2 9.526343e-03
1 107 2 4.146415e-03
2 107 2 4.374392e-03
3 107 2 5.107259e-03
4 107 2 5.852356e-03
5 107 2 6.563050e-03
6 107 2 8.402280e-03
7 107 2 9.184049e-03
8 107 2 9.146888e-03
9 107 2 8.562856e-03
10 107 2 7.324257e-03
11 107 2 5.822516e-03
12 107 2 4.553427e-03
1 108 2 4.168475e-04
2 108 2 5.327316e-04
3 108 2 7.738497e-04
4 108 2 1.198524e-03
5 108 2 1.860429e-03
6 108 2 2.553498e-03
7 108 2 2.733442e-03
8 108 2 2.415787e-03
9 108 2 1.954753e-03
10 108 2 1.348644e-03
11 108 2 7.025067e-04
12 108 2 4.472142e-04
1 109 2 7.909423e-04
2 109 2 1.044719e-03
3 109 2 1.634009e-03
4 109 2 2.835683e-03
5 109 2 4.831390e-03
6 109 2 6.090211e-03
7 109 2 6.188204e-03
8 109 2 5.688698e-03
9 109 2 4.568187e-03
10 109 2 3.205333e-03
11 109 2 1.425653e-03
12 109 2 8.328133e-04
1 110 2 3.479566e-04
2 110 2 4.432301e-04
3 110 2 7.118502e-04
4 110 2 1.101916e-03
5 110 2 1.709028e-03
6 110 2 1.979136e-03
7 110 2 2.127763e-03
8 110 2 2.104341e-03
9 110 2 1.771806e-03
10 110 2 1.291759e-03
11 110 2 6.248298e-04
12 110 2 3.677816e-04
1 111 2 1.195273e-02
2 111 2 1.494938e-02
3 111 2 2.420272e-02
4 111 2 3.668123e-02
5 111 2 5.543832e-02
6 111 2 7.109847e-02
7 111 2 7.515640e-02
8 111 2 7.443953e-02
9 111 2 6.339176e-02
10 111 2 4.126497e-02
11 111 2 2.222914e-02
12 111 2 1.357797e-02
1 112 2 1.376528e-02
2 112 2 1.774865e-02
3 112 2 3.113619e-02
4 112 2 5.177767e-02
5 112 2 7.873667e-02
6 112 2 9.594994e-02
7 112 2 9.772243e-02
8 112 2 9.108740e-02
9 112 2 6.953521e-02
10 112 2 4.616258e-02
11 112 2 2.649250e-02
12 112 2 1.628467e-02
1 113 2 7.901104e-03
2 113 2 1.000996e-02
3 113 2 1.681680e-02
4 113 2 2.514799e-02
5 113 2 3.094701e-02
6 113 2 2.702132e-02
7 113 2 2.318589e-02
8 113 2 2.214441e-02
9 113 2 2.190187e-02
10 113 2 1.999849e-02
11 113 2 1.398769e-02
12 113 2 9.447427e-03
1 114 2 2.153517e-02
2 114 2 2.920279e-02
3 114 2 5.202975e-02
4 114 2 7.584295e-02
5 114 2 8.750046e-02
6 114 2 6.405527e-02
7 114 2 5.290531e-02
8 114 2 4.849413e-02
9 114 2 4.679856e-02
10 114 2 4.188557e-02
11 114 2 3.193028e-02
12 114 2 2.365193e-02
1 115 2 7.465494e-03
2 115 2 1.086163e-02
3 115 2 1.721744e-02
4 115 2 2.134253e-02
5 115 2 1.905989e-02
6 115 2 1.769648e-02
7 115 2 1.706793e-02
8 115 2 1.637547e-02
9 115 2 1.506054e-02
10 115 2 1.345890e-02
11 115 2 1.022396e-02
12 115 2 7.334920e-03
1 116 2 5.743951e-03
2 116 2 7.352958e-03
3 116 2 1.124443e-02
4 116 2 1.591607e-02
5 116 2 1.851140e-02
6 116 2 2.107979e-02
7 116 2 2.209969e-02
8 116 2 2.115431e-02
9 116 2 1.713735e-02
10 116 2 1.370093e-02
11 116 2 9.953454e-03
12 116 2 6.556908e-03
1 117 2 1.274793e-03
2 117 2 1.331203e-03
3 117 2 1.681187e-03
4 117 2 2.301328e-03
5 117 2 2.930554e-03
6 117 2 3.472059e-03
7 117 2 3.696368e-03
8 117 2 3.691521e-03
9 117 2 3.368289e-03
10 117 2 2.883459e-03
11 117 2 2.327707e-03
12 117 2 1.681506e-03
1 126 2 9.436194e-05
2 126 2 9.807958e-05
3 126 2 1.063049e-04
4 126 2 1.122515e-04
5 126 2 1.109055e-04
6 126 2 1.030742e-04
7 126 2 9.935755e-05
8 126 2 1.003283e-04
9 126 2 9.979713e-05
10 126 2 9.806665e-05
11 126 2 9.582329e-05
12 126 2 9.437245e-05
1 127 2 9.509322e-03
2 127 2 9.671174e-03
3 127 2 1.020772e-02
4 127 2 1.059778e-02
5 127 2 1.074216e-02
6 127 2 1.040514e-02
7 127 2 1.040801e-02
8 127 2 1.064686e-02
9 127 2 1.053337e-02
10 127 2 1.011121e-02
11 127 2 9.799016e-03
12 127 2 9.677721e-03
1 128 2 4.311871e-02
2 128 2 4.428252e-02
3 128 2 4.545883e-02
4 128 2 4.437554e-02
5 128 2 4.316646e-02
6 128 2 4.186978e-02
7 128 2 4.462546e-02
8 128 2 5.073934e-02
9 128 2 5.335194e-02
10 128 2 5.039343e-02
11 128 2 4.582546e-02
12 128 2 4.317670e-02
1 129 2 1.229532e-03
2 129 2 1.212650e-03
3 129 2 1.243234e-03
4 129 2 1.279288e-03
5 129 2 1.299028e-03
6 129 2 1.334169e-03
7 129 2 1.394075e-03
8 129 2 1.519540e-03
9 129 2 1.587599e-03
10 129 2 1.594593e-03
11 129 2 1.455918e-03
12 129 2 1.293406e-03
1 133 2 2.640261e-02
2 133 2 3.069694e-02
3 133 2 3.685003e-02
4 133 2 3.783523e-02
5 133 2 3.609094e-02
6 133 2 3.317245e-02
7 133 2 2.960672e-02
8 133 2 2.772333e-02
9 133 2 2.890926e-02
10 133 2 3.078947e-02
11 133 2 2.937365e-02
12 133 2 2.570196e-02
1 135 2 1.141327e-03
2 135 2 1.285876e-03
3 135 2 1.529201e-03
4 135 2 1.646878e-03
5 135 2 1.582492e-03
6 135 2 1.411745e-03
7 135 2 1.219608e-03
8 135 2 1.231813e-03
9 135 2 1.308942e-03
10 135 2 1.230984e-03
11 135 2 1.179887e-03
12 135 2 1.108343e-03
1 136 2 1.277127e-03
2 136 2 1.314422e-03
3 136 2 1.625528e-03
4 136 2 1.976148e-03
5 136 2 2.163971e-03
6 136 2 1.974367e-03
7 136 2 1.747084e-03
8 136 2 1.743077e-03
9 136 2 1.752086e-03
10 136 2 1.648184e-03
11 136 2 1.558349e-03
12 136 2 1.383834e-03
1 137 2 3.110698e-04
2 137 2 3.263443e-04
3 137 2 3.741605e-04
4 137 2 4.111475e-04
5 137 2 4.058275e-04
6 137 2 3.734020e-04
7 137 2 3.454366e-04
8 137 2 3.333118e-04
9 137 2 3.335212e-04
10 137 2 3.474521e-04
11 137 2 3.435217e-04
12 137 2 3.239102e-04
1 138 2 1.241889e-02
2 138 2 1.365655e-02
3 138 2 1.584362e-02
4 138 2 1.763296e-02
5 138 2 1.779058e-02
6 138 2 1.563613e-02
7 138 2 1.448538e-02
8 138 2 1.396935e-02
9 138 2 1.400747e-02
10 138 2 1.408909e-02
11 138 2 1.366668e-02
12 138 2 1.267470e-02
1 139 2 2.097538e-02
2 139 2 2.388709e-02
3 139 2 2.669147e-02
4 139 2 2.801459e-02
5 139 2 2.761980e-02
6 139 2 2.572153e-02
7 139 2 2.433646e-02
8 139 2 2.342786e-02
9 139 2 2.312420e-02
10 139 2 2.330372e-02
11 139 2 2.217527e-02
12 139 2 2.029850e-02
1 140 2 6.943538e-03
2 140 2 7.179876e-03
3 140 2 7.797902e-03
4 140 2 8.834895e-03
5 140 2 9.381395e-03
6 140 2 9.010846e-03
7 140 2 8.531807e-03
8 140 2 8.228855e-03
9 140 2 8.108892e-03
10 140 2 8.153708e-03
11 140 2 7.981497e-03
12 140 2 7.441192e-03
1 141 2 1.089319e-02
2 141 2 1.078048e-02
3 141 2 1.108926e-02
4 141 2 1.217037e-02
5 141 2 1.313344e-02
6 141 2 1.298683e-02
7 141 2 1.263565e-02
8 141 2 1.225274e-02
9 141 2 1.214890e-02
10 141 2 1.217746e-02
11 141 2 1.229900e-02
12 141 2 1.194137e-02
1 150 2 1.258426e-05
2 150 2 1.377546e-05
3 150 2 1.474506e-05
4 150 2 1.507803e-05
5 150 2 1.410844e-05
6 150 2 1.244301e-05
7 150 2 1.135149e-05
8 150 2 1.107738e-05
9 150 2 1.071925e-05
10 150 2 1.047537e-05
11 150 2 1.067904e-05
12 150 2 1.136219e-05
1 151 2 8.176241e-03
2 151 2 8.696385e-03
3 151 2 9.220748e-03
4 151 2 9.438169e-03
5 151 2 9.132085e-03
6 151 2 8.596120e-03
7 151 2 8.406183e-03
8 151 2 8.730729e-03
9 151 2 8.312429e-03
10 151 2 7.800356e-03
11 151 2 7.571628e-03
12 151 2 7.760521e-03
1 152 2 6.477103e-03
2 152 2 6.560830e-03
3 152 2 6.621565e-03
4 152 2 6.292197e-03
5 152 2 6.048488e-03
6 152 2 5.940465e-03
7 152 2 6.791539e-03
8 152 2 9.055699e-03
9 152 2 9.613616e-03
10 152 2 8.193774e-03
11 152 2 7.026500e-03
12 152 2 6.498070e-03
1 153 2 7.505551e-03
2 153 2 7.687610e-03
3 153 2 8.110959e-03
4 153 2 7.955780e-03
5 153 2 7.682910e-03
6 153 2 7.543077e-03
7 153 2 8.805167e-03
8 153 2 1.150677e-02
9 153 2 1.399544e-02
10 153 2 1.250905e-02
11 153 2 9.462452e-03
12 153 2 7.895136e-03
1 154 2 2.043408e-02
2 154 2 2.032321e-02
3 154 2 2.114891e-02
4 154 2 2.026458e-02
5 154 2 1.894923e-02
6 154 2 1.704505e-02
7 154 2 1.609500e-02
8 154 2 1.676668e-02
9 154 2 1.890421e-02
10 154 2 2.124495e-02
11 154 2 2.238981e-02
12 154 2 2.164988e-02
1 157 2 8.140175e-04
2 157 2 8.452758e-04
3 157 2 9.049888e-04
4 157 2 8.922401e-04
5 157 2 8.696776e-04
6 157 2 8.176465e-04
7 157 2 7.801513e-04
8 157 2 7.722874e-04
9 157 2 7.667056e-04
10 157 2 7.800741e-04
11 157 2 7.856665e-04
12 157 2 7.959197e-04
1 163 2 3.787111e-03
2 163 2 3.837853e-03
3 163 2 3.951740e-03
4 163 2 4.188871e-03
5 163 2 4.192959e-03
6 163 2 3.876555e-03
7 163 2 3.583862e-03
8 163 2 3.365317e-03
9 163 2 3.413507e-03
10 163 2 3.611359e-03
11 163 2 3.752533e-03
12 163 2 3.781935e-03
1 164 2 1.433087e-02
2 164 2 1.420834e-02
3 164 2 1.460385e-02
4 164 2 1.528514e-02
5 164 2 1.510534e-02
6 164 2 1.397127e-02
7 164 2 1.293164e-02
8 164 2 1.263183e-02
9 164 2 1.352612e-02
10 164 2 1.481846e-02
11 164 2 1.511773e-02
12 164 2 1.486598e-02
1 165 2 6.301925e-03
2 165 2 6.176332e-03
3 165 2 6.253978e-03
4 165 2 6.392307e-03
5 165 2 6.322145e-03
6 165 2 5.817269e-03
7 165 2 5.484889e-03
8 165 2 5.551702e-03
9 165 2 5.917516e-03
10 165 2 6.327106e-03
11 165 2 6.655852e-03
12 165 2 6.663693e-03
1 166 2 2.752671e-03
2 166 2 2.725191e-03
3 166 2 2.680166e-03
4 166 2 2.667592e-03
5 166 2 2.580246e-03
6 166 2 2.386298e-03
7 166 2 2.253387e-03
8 166 2 2.270199e-03
9 166 2 2.355163e-03
10 166 2 2.477459e-03
11 166 2 2.671064e-03
12 166 2 2.805646e-03
1 170 2 1.251279e-04
2 170 2 1.376159e-04
3 170 2 1.352069e-04
4 170 2 1.228958e-04
5 170 2 1.024089e-04
6 170 2 8.610803e-05
7 170 2 8.144472e-05
8 170 2 7.775348e-05
9 170 2 7.906122e-05
10 170 2 8.803410e-05
11 170 2 9.712925e-05
12 170 2 1.118503e-04
1 171 2 4.504191e-04
2 171 2 4.944307e-04
3 171 2 5.004164e-04
4 171 2 4.452123e-04
5 171 2 3.703666e-04
6 171 2 3.173867e-04
7 171 2 2.881530e-04
8 171 2 2.730340e-04
9 171 2 2.770121e-04
10 171 2 3.013119e-04
11 171 2 3.438995e-04
12 171 2 4.062842e-04
1 175 2 1.300609e-05
2 175 2 1.375046e-05
3 175 2 1.378991e-05
4 175 2 1.291589e-05
5 175 2 1.122187e-05
6 175 2 1.022597e-05
7 175 2 1.001379e-05
8 175 2 9.929244e-06
9 175 2 9.235280e-06
10 175 2 9.335561e-06
11 175 2 9.760242e-06
12 175 2 1.138538e-05
1 176 2 8.994761e-03
2 176 2 9.062199e-03
3 176 2 8.871864e-03
4 176 2 7.835783e-03
5 176 2 6.338799e-03
6 176 2 5.744141e-03
7 176 2 5.733665e-03
8 176 2 6.541350e-03
9 176 2 7.124207e-03
10 176 2 7.603264e-03
11 176 2 8.115917e-03
12 176 2 8.621096e-03
1 177 2 4.110944e-02
2 177 2 3.994715e-02
3 177 2 3.771756e-02
4 177 2 3.298149e-02
5 177 2 2.696987e-02
6 177 2 2.302999e-02
7 177 2 2.396235e-02
8 177 2 2.871131e-02
9 177 2 3.608562e-02
10 177 2 3.752766e-02
11 177 2 3.828885e-02
12 177 2 3.836708e-02
1 178 2 1.497174e-02
2 178 2 1.479676e-02
3 178 2 1.418377e-02
4 178 2 1.188828e-02
5 178 2 1.035118e-02
6 178 2 8.749053e-03
7 178 2 8.332919e-03
8 178 2 8.394247e-03
9 178 2 9.573427e-03
10 178 2 1.030074e-02
11 178 2 1.163410e-02
12 178 2 1.291629e-02
1 181 2 1.828679e-04
2 181 2 1.931489e-04
3 181 2 1.958087e-04
4 181 2 1.872193e-04
5 181 2 1.543976e-04
6 181 2 1.335071e-04
7 181 2 1.180478e-04
8 181 2 1.208123e-04
9 181 2 1.308878e-04
10 181 2 1.417271e-04
11 181 2 1.605078e-04
12 181 2 1.708943e-04
1 182 2 2.183568e-02
2 182 2 2.018290e-02
3 182 2 1.903157e-02
4 182 2 1.589778e-02
5 182 2 1.244938e-02
6 182 2 9.311392e-03
7 182 2 9.232225e-03
8 182 2 1.282932e-02
9 182 2 1.780206e-02
10 182 2 2.183359e-02
11 182 2 2.413061e-02
12 182 2 2.316183e-02
1 183 2 4.643808e-03
2 183 2 4.461156e-03
3 183 2 4.259010e-03
4 183 2 3.861759e-03
5 183 2 3.249217e-03
6 183 2 2.637125e-03
7 183 2 2.453568e-03
8 183 2 2.913518e-03
9 183 2 3.387627e-03
10 183 2 4.007560e-03
11 183 2 4.363015e-03
12 183 2 4.487643e-03
1 184 2 1.448911e-03
2 184 2 1.468120e-03
3 184 2 1.421852e-03
4 184 2 1.279574e-03
5 184 2 1.063770e-03
6 184 2 8.597271e-04
7 184 2 7.752576e-04
8 184 2 8.096808e-04
9 184 2 8.577215e-04
10 184 2 9.849851e-04
11 184 2 1.152499e-03
12 184 2 1.313594e-03
1 188 2 5.198834e-04
2 188 2 5.153506e-04
3 188 2 4.776838e-04
4 188 2 3.900614e-04
5 188 2 2.756798e-04
6 188 2 2.096918e-04
7 188 2 1.804381e-04
8 188 2 1.835465e-04
9 188 2 2.486127e-04
10 188 2 3.267121e-04
11 188 2 3.890817e-04
12 188 2 4.852895e-04
1 189 2 4.534733e-04
2 189 2 4.191008e-04
3 189 2 3.801617e-04
4 189 2 2.809960e-04
5 189 2 1.860445e-04
6 189 2 1.315637e-04
7 189 2 1.250889e-04
8 189 2 1.536506e-04
9 189 2 2.471739e-04
10 189 2 3.519395e-04
11 189 2 4.280758e-04
12 189 2 4.473371e-04
1 190 2 1.856504e-03
2 190 2 1.759072e-03
3 190 2 1.526878e-03
4 190 2 1.081456e-03
5 190 2 7.545315e-04
6 190 2 5.473695e-04
7 190 2 5.143151e-04
8 190 2 6.200053e-04
9 190 2 8.708668e-04
10 190 2 1.187202e-03
11 190 2 1.555613e-03
12 190 2 1.745370e-03
1 191 2 1.303087e-03
2 191 2 1.350343e-03
3 191 2 1.312539e-03
4 191 2 1.084305e-03
5 191 2 8.916442e-04
6 191 2 7.324702e-04
7 191 2 6.439646e-04
8 191 2 6.540020e-04
9 191 2 7.135295e-04
10 191 2 8.008636e-04
11 191 2 9.849782e-04
12 191 2 1.158818e-03
1 192 2 8.669324e-04
2 192 2 9.369128e-04
3 192 2 9.128424e-04
4 192 2 7.903849e-04
5 192 2 6.679944e-04
6 192 2 5.687704e-04
7 192 2 4.998360e-04
8 192 2 4.644650e-04
9 192 2 4.782348e-04
10 192 2 5.251565e-04
11 192 2 6.269011e-04
12 192 2 7.527711e-04
1 200 2 3.826322e-02
2 200 2 3.936333e-02
3 200 2 3.219057e-02
4 200 2 2.128026e-02
5 200 2 1.392900e-02
6 200 2 1.134388e-02
7 200 2 1.077728e-02
8 200 2 1.162238e-02
9 200 2 1.287384e-02
10 200 2 1.645983e-02
11 200 2 2.287336e-02
12 200 2 3.151484e-02
1 201 2 2.755080e-02
2 201 2 2.842672e-02
3 201 2 2.602297e-02
4 201 2 2.003063e-02
5 201 2 1.509499e-02
6 201 2 1.248850e-02
7 201 2 1.180233e-02
8 201 2 1.220844e-02
9 201 2 1.208270e-02
10 201 2 1.437685e-02
11 201 2 1.832662e-02
12 201 2 2.282524e-02
1 206 2 1.451888e-02
2 206 2 1.568229e-02
3 206 2 1.418827e-02
4 206 2 1.210750e-02
5 206 2 1.001284e-02
6 206 2 8.730350e-03
7 206 2 7.487978e-03
8 206 2 7.352246e-03
9 206 2 7.958729e-03
10 206 2 9.008833e-03
11 206 2 1.056043e-02
12 206 2 1.244128e-02
1 207 2 5.501476e-04
2 207 2 6.006921e-04
3 207 2 5.696836e-04
4 207 2 5.165611e-04
5 207 2 4.581135e-04
6 207 2 3.929219e-04
7 207 2 3.463255e-04
8 207 2 3.410423e-04
9 207 2 3.440899e-04
10 207 2 3.790026e-04
11 207 2 4.084525e-04
12 207 2 4.672444e-04
1 212 2 7.314166e-04
2 212 2 7.807420e-04
3 212 2 6.929849e-04
4 212 2 5.825860e-04
5 212 2 4.540797e-04
6 212 2 3.664800e-04
7 212 2 3.041992e-04
8 212 2 2.940057e-04
9 212 2 3.339101e-04
10 212 2 3.939983e-04
11 212 2 4.673506e-04
12 212 2 6.179267e-04
1 213 2 1.594082e-04
2 213 2 1.742212e-04
3 213 2 1.476456e-04
4 213 2 1.249398e-04
5 213 2 9.640774e-05
6 213 2 7.431681e-05
7 213 2 6.307320e-05
8 213 2 6.157472e-05
9 213 2 7.416936e-05
10 213 2 9.140517e-05
11 213 2 1.122444e-04
12 213 2 1.373555e-04
1 214 2 5.665616e-03
2 214 2 6.006263e-03
3 214 2 4.825659e-03
4 214 2 3.584185e-03
5 214 2 2.649370e-03
6 214 2 1.952465e-03
7 214 2 1.690864e-03
8 214 2 1.743153e-03
9 214 2 2.200359e-03
10 214 2 2.949930e-03
11 214 2 4.038183e-03
12 214 2 4.897613e-03
1 215 2 2.097987e-03
2 215 2 2.158060e-03
3 215 2 2.012060e-03
4 215 2 1.603527e-03
5 215 2 1.302473e-03
6 215 2 1.046510e-03
7 215 2 9.043293e-04
8 215 2 9.065531e-04
9 215 2 1.019480e-03
10 215 2 1.212853e-03
11 215 2 1.527149e-03
12 215 2 1.844881e-03
1 216 2 1.308670e-03
2 216 2 1.366347e-03
3 216 2 1.281297e-03
4 216 2 1.041620e-03
5 216 2 8.340694e-04
6 216 2 7.175232e-04
7 216 2 6.305159e-04
8 216 2 6.028901e-04
9 216 2 6.256054e-04
10 216 2 7.110592e-04
11 216 2 8.552837e-04
12 216 2 1.099194e-03
1 224 2 1.118678e-03
2 224 2 1.222980e-03
3 224 2 1.067200e-03
4 224 2 9.190189e-04
5 224 2 7.421249e-04
6 224 2 6.306623e-04
7 224 2 5.729506e-04
8 224 2 5.984403e-04
9 224 2 6.154276e-04
10 224 2 7.258674e-04
11 224 2 8.668289e-04
12 224 2 1.034195e-03
1 240 2 8.086491e-05
2 240 2 8.248170e-05
3 240 2 7.542750e-05
4 240 2 6.661431e-05
5 240 2 5.789641e-05
6 240 2 4.993767e-05
7 240 2 4.892465e-05
8 240 2 5.043848e-05
9 240 2 4.909883e-05
10 240 2 5.287431e-05
11 240 2 5.809588e-05
12 240 2 7.199974e-05
