1 7 2 4.541398e-08
2 7 2 3.879666e-08
3 7 2 4.242978e-08
4 7 2 1.096636e-07
5 7 2 3.773212e-07
6 7 2 1.016268e-06
7 7 2 1.375040e-06
8 7 2 9.375155e-07
9 7 2 4.054440e-07
10 7 2 1.777455e-07
11 7 2 9.417199e-08
12 7 2 5.555534e-08
1 25 2 2.639186e-05
2 25 2 2.505896e-05
3 25 2 3.530394e-05
4 25 2 6.442185e-05
5 25 2 1.802213e-04
6 25 2 3.268084e-04
7 25 2 3.961875e-04
8 25 2 3.038058e-04
9 25 2 1.716664e-04
10 25 2 8.033363e-05
11 25 2 3.830401e-05
12 25 2 2.218173e-05
1 26 2 2.701369e-05
2 26 2 2.223253e-05
3 26 2 3.676330e-05
4 26 2 8.205870e-05
5 26 2 2.311467e-04
6 26 2 4.414838e-04
7 26 2 4.790086e-04
8 26 2 3.583957e-04
9 26 2 1.960236e-04
10 26 2 7.890716e-05
11 26 2 4.122576e-05
12 26 2 2.548780e-05
1 27 2 1.187484e-04
2 27 2 1.048442e-04
3 27 2 1.837913e-04
4 27 2 4.680938e-04
5 27 2 1.318187e-03
6 27 2 2.724853e-03
7 27 2 3.073173e-03
8 27 2 2.313097e-03
9 27 2 1.195326e-03
10 27 2 4.488739e-04
11 27 2 2.378872e-04
12 27 2 1.471496e-04
1 28 2 4.719938e-06
2 28 2 4.295270e-06
3 28 2 7.223898e-06
4 28 2 1.963628e-05
5 28 2 5.607359e-05
6 28 2 1.200526e-04
7 28 2 1.431307e-04
8 28 2 1.078505e-04
9 28 2 5.548061e-05
10 28 2 2.160701e-05
11 28 2 1.078653e-05
12 28 2 6.724803e-06
1 29 2 6.340816e-06
2 29 2 5.998431e-06
3 29 2 9.555798e-06
4 29 2 2.873270e-05
5 29 2 8.592340e-05
6 29 2 2.114653e-04
7 29 2 2.880644e-04
8 29 2 2.143219e-04
9 29 2 9.842731e-05
10 29 2 3.648083e-05
11 29 2 1.724463e-05
12 29 2 1.076485e-05
1 30 2 1.434416e-06
2 30 2 1.254486e-06
3 30 2 1.993818e-06
4 30 2 6.102513e-06
5 30 2 1.690491e-05
6 30 2 4.597477e-05
7 30 2 6.663825e-05
8 30 2 5.103201e-05
9 30 2 2.309022e-05
10 30 2 9.037932e-06
11 30 2 4.168949e-06
12 30 2 2.496777e-06
1 31 2 2.560815e-06
2 31 2 1.973323e-06
3 31 2 2.997718e-06
4 31 2 8.343643e-06
5 31 2 2.154733e-05
6 31 2 5.673304e-05
7 31 2 8.000619e-05
8 31 2 6.457901e-05
9 31 2 3.230671e-05
10 31 2 1.479488e-05
11 31 2 7.103351e-06
12 31 2 3.958317e-06
1 32 2 3.027984e-06
2 32 2 2.506588e-06
3 32 2 3.503778e-06
4 32 2 7.785535e-06
5 32 2 2.079412e-05
6 32 2 4.925717e-05
7 32 2 6.354760e-05
8 32 2 5.249317e-05
9 32 2 2.931279e-05
10 32 2 1.511104e-05
11 32 2 7.808766e-06
12 32 2 4.049706e-06
1 35 2 2.340471e-04
2 35 2 2.230117e-04
3 35 2 2.422566e-04
4 35 2 3.228289e-04
5 35 2 5.060772e-04
6 35 2 7.728904e-04
7 35 2 9.300245e-04
8 35 2 8.540088e-04
9 35 2 5.804174e-04
10 35 2 4.196410e-04
11 35 2 3.178556e-04
12 35 2 2.582289e-04
1 36 2 2.806873e-05
2 36 2 2.635108e-05
3 36 2 2.920478e-05
4 36 2 3.507750e-05
5 36 2 4.797431e-05
6 36 2 6.920691e-05
7 36 2 8.150618e-05
8 36 2 8.303256e-05
9 36 2 6.338123e-05
10 36 2 4.965664e-05
11 36 2 3.800649e-05
12 36 2 3.149160e-05
1 37 2 5.268329e-04
2 37 2 5.099010e-04
3 37 2 6.424990e-04
4 37 2 8.261675e-04
5 37 2 1.249007e-03
6 37 2 1.894391e-03
7 37 2 2.203274e-03
8 37 2 2.165870e-03
9 37 2 1.593879e-03
10 37 2 1.195130e-03
11 37 2 8.423414e-04
12 37 2 6.453053e-04
1 38 2 3.485985e-03
2 38 2 3.482860e-03
3 38 2 5.305677e-03
4 38 2 7.866541e-03
5 38 2 1.436226e-02
6 38 2 2.548474e-02
7 38 2 3.021117e-02
8 38 2 2.620187e-02
9 38 2 1.692440e-02
10 38 2 1.156781e-02
11 38 2 6.610077e-03
12 38 2 4.770087e-03
1 39 2 2.816481e-03
2 39 2 2.934206e-03
3 39 2 4.752808e-03
4 39 2 7.338732e-03
5 39 2 1.423957e-02
6 39 2 2.752868e-02
7 39 2 3.418292e-02
8 39 2 2.767509e-02
9 39 2 1.744395e-02
10 39 2 1.101565e-02
11 39 2 5.575882e-03
12 39 2 4.069990e-03
1 40 2 6.966301e-04
2 40 2 7.643240e-04
3 40 2 1.363161e-03
4 40 2 2.292263e-03
5 40 2 5.011002e-03
6 40 2 1.137718e-02
7 40 2 1.423461e-02
8 40 2 1.044215e-02
9 40 2 6.432260e-03
10 40 2 3.465763e-03
11 40 2 1.484632e-03
12 40 2 1.106005e-03
1 41 2 3.710087e-04
2 41 2 3.966269e-04
3 41 2 7.948270e-04
4 41 2 1.415643e-03
5 41 2 3.550641e-03
6 41 2 9.010115e-03
7 41 2 1.164954e-02
8 41 2 8.170936e-03
9 41 2 4.566297e-03
10 41 2 1.979076e-03
11 41 2 7.603078e-04
12 41 2 6.337068e-04
1 42 2 2.007547e-04
2 42 2 2.099934e-04
3 42 2 4.528479e-04
4 42 2 8.933295e-04
5 42 2 2.539586e-03
6 42 2 7.044050e-03
7 42 2 9.860843e-03
8 42 2 6.585227e-03
9 42 2 3.118450e-03
10 42 2 1.116060e-03
11 42 2 4.160884e-04
12 42 2 3.413400e-04
1 43 2 5.634008e-06
2 43 2 5.841740e-06
3 43 2 1.378347e-05
4 43 2 3.363209e-05
5 43 2 1.125728e-04
6 43 2 3.319946e-04
7 43 2 4.853302e-04
8 43 2 3.046566e-04
9 43 2 1.245798e-04
10 43 2 3.824915e-05
11 43 2 1.304378e-05
12 43 2 9.139878e-06
1 44 2 2.324177e-05
2 44 2 2.335274e-05
3 44 2 5.079581e-05
4 44 2 1.373252e-04
5 44 2 5.130427e-04
6 44 2 1.616768e-03
7 44 2 2.362995e-03
8 44 2 1.424871e-03
9 44 2 5.136446e-04
10 44 2 1.521825e-04
11 44 2 4.994673e-05
12 44 2 3.376960e-05
1 45 2 5.348794e-05
2 45 2 5.994435e-05
3 45 2 1.092290e-04
4 45 2 3.221250e-04
5 45 2 1.348997e-03
6 45 2 4.476112e-03
7 45 2 6.262023e-03
8 45 2 3.812938e-03
9 45 2 1.311184e-03
10 45 2 3.347725e-04
11 45 2 9.703615e-05
12 45 2 6.341804e-05
1 46 2 2.423036e-05
2 46 2 3.048239e-05
3 46 2 4.791601e-05
4 46 2 1.330579e-04
5 46 2 5.225129e-04
6 46 2 1.620777e-03
7 46 2 2.267352e-03
8 46 2 1.420749e-03
9 46 2 5.336738e-04
10 46 2 1.293562e-04
11 46 2 3.556512e-05
12 46 2 2.536290e-05
1 47 2 3.184140e-05
2 47 2 4.052257e-05
3 47 2 5.710264e-05
4 47 2 1.279400e-04
5 47 2 4.360835e-04
6 47 2 1.201409e-03
7 47 2 1.629368e-03
8 47 2 1.104828e-03
9 47 2 4.680389e-04
10 47 2 1.443611e-04
11 47 2 4.259031e-05
12 47 2 3.237430e-05
1 48 2 4.310918e-05
2 48 2 4.952115e-05
3 48 2 6.811357e-05
4 48 2 1.330114e-04
5 48 2 4.127600e-04
6 48 2 9.494187e-04
7 48 2 1.261689e-03
8 48 2 8.876707e-04
9 48 2 4.225671e-04
10 48 2 1.575480e-04
11 48 2 5.671529e-05
12 48 2 3.761013e-05
1 49 2 1.403980e-05
2 49 2 1.277498e-05
3 49 2 1.449057e-05
4 49 2 1.695993e-05
5 49 2 2.425632e-05
6 49 2 3.690458e-05
7 49 2 5.503711e-05
8 49 2 5.175467e-05
9 49 2 3.609829e-05
10 49 2 2.583180e-05
11 49 2 1.885930e-05
12 49 2 1.375783e-05
1 50 2 5.730170e-05
2 50 2 4.946278e-05
3 50 2 5.797803e-05
4 50 2 6.608894e-05
5 50 2 9.301558e-05
6 50 2 1.364991e-04
7 50 2 1.883888e-04
8 50 2 1.811665e-04
9 50 2 1.311810e-04
10 50 2 9.351136e-05
11 50 2 7.001016e-05
12 50 2 5.512536e-05
1 51 2 2.199637e-05
2 51 2 2.007513e-05
3 51 2 2.181385e-05
4 51 2 2.518040e-05
5 51 2 3.432151e-05
6 51 2 4.813320e-05
7 51 2 6.272459e-05
8 51 2 6.220374e-05
9 51 2 5.168219e-05
10 51 2 3.635193e-05
11 51 2 2.724444e-05
12 51 2 2.283167e-05
1 52 2 8.305824e-03
2 52 2 8.730133e-03
3 52 2 1.096703e-02
4 52 2 1.598844e-02
5 52 2 2.703855e-02
6 52 2 3.721110e-02
7 52 2 4.773015e-02
8 52 2 4.464404e-02
9 52 2 3.603832e-02
10 52 2 2.058744e-02
11 52 2 1.239162e-02
12 52 2 9.555829e-03
1 53 2 2.233991e-03
2 53 2 2.802843e-03
3 53 2 4.748607e-03
4 53 2 1.036479e-02
5 53 2 1.973773e-02
6 53 2 2.947346e-02
7 53 2 4.091265e-02
8 53 2 3.486235e-02
9 53 2 2.359511e-02
10 53 2 1.040643e-02
11 53 2 4.641550e-03
12 53 2 2.940611e-03
1 54 2 1.160850e-03
2 54 2 1.505920e-03
3 54 2 2.816131e-03
4 54 2 6.997809e-03
5 54 2 1.378350e-02
6 54 2 2.662344e-02
7 54 2 3.781986e-02
8 54 2 3.171293e-02
9 54 2 1.923339e-02
10 54 2 8.179910e-03
11 54 2 3.506283e-03
12 54 2 1.934134e-03
1 55 2 7.864951e-04
2 55 2 8.771517e-04
3 55 2 1.636303e-03
4 55 2 3.831485e-03
5 55 2 7.603220e-03
6 55 2 1.623742e-02
7 55 2 2.257125e-02
8 55 2 1.946574e-02
9 55 2 1.234391e-02
10 55 2 5.918709e-03
11 55 2 2.769137e-03
12 55 2 1.585616e-03
1 56 2 2.792482e-03
2 56 2 2.897987e-03
3 56 2 5.019390e-03
4 56 2 1.119253e-02
5 56 2 2.446536e-02
6 56 2 4.822661e-02
7 56 2 6.667751e-02
8 56 2 5.533896e-02
9 56 2 3.617086e-02
10 56 2 1.863654e-02
11 56 2 8.402043e-03
12 56 2 4.818652e-03
1 57 2 5.648617e-04
2 57 2 5.389340e-04
3 57 2 6.628581e-04
4 57 2 1.006115e-03
5 57 2 1.683388e-03
6 57 2 2.739082e-03
7 57 2 3.900485e-03
8 57 2 3.515289e-03
9 57 2 2.615378e-03
10 57 2 1.679982e-03
11 57 2 1.027318e-03
12 57 2 7.382870e-04
1 60 2 6.382225e-02
2 60 2 6.180608e-02
3 60 2 7.087930e-02
4 60 2 8.406181e-02
5 60 2 1.036415e-01
6 60 2 1.363916e-01
7 60 2 1.587870e-01
8 60 2 1.588538e-01
9 60 2 1.348103e-01
10 60 2 1.100500e-01
11 60 2 8.801427e-02
12 60 2 7.295481e-02
1 61 2 1.986153e-01
2 61 2 1.998100e-01
3 61 2 2.810294e-01
4 61 2 4.232896e-01
5 61 2 6.174503e-01
6 61 2 8.698876e-01
7 61 2 1.029428e+00
8 61 2 9.903947e-01
9 61 2 7.695627e-01
10 61 2 5.234612e-01
11 61 2 3.414855e-01
12 61 2 2.395150e-01
1 62 2 4.437652e-02
2 62 2 4.860273e-02
3 62 2 7.650958e-02
4 62 2 1.385057e-01
5 62 2 2.375671e-01
6 62 2 3.370079e-01
7 62 2 4.120925e-01
8 62 2 3.846734e-01
9 62 2 2.680490e-01
10 62 2 1.598480e-01
11 62 2 8.680456e-02
12 62 2 5.648993e-02
1 63 2 4.301092e-02
2 63 2 5.221342e-02
3 63 2 8.736677e-02
4 63 2 1.837544e-01
5 63 2 3.526550e-01
6 63 2 5.242778e-01
7 63 2 6.704246e-01
8 63 2 5.834008e-01
9 63 2 3.563229e-01
10 63 2 1.945918e-01
11 63 2 8.988338e-02
12 63 2 5.884146e-02
1 64 2 1.028245e-02
2 64 2 1.317289e-02
3 64 2 2.508436e-02
4 64 2 5.941648e-02
5 64 2 1.272514e-01
6 64 2 2.038276e-01
7 64 2 2.583559e-01
8 64 2 2.019766e-01
9 64 2 1.156488e-01
10 64 2 5.112578e-02
11 64 2 2.336197e-02
12 64 2 1.598795e-02
1 65 2 3.477137e-03
2 65 2 4.311671e-03
3 65 2 9.446062e-03
4 65 2 2.663823e-02
5 65 2 5.585188e-02
6 65 2 9.492235e-02
7 65 2 1.230328e-01
8 65 2 9.182505e-02
9 65 2 5.208027e-02
10 65 2 1.848101e-02
11 65 2 8.135703e-03
12 65 2 5.895932e-03
1 66 2 2.303791e-03
2 66 2 2.848205e-03
3 66 2 6.770998e-03
4 66 2 2.221340e-02
5 66 2 4.618800e-02
6 66 2 7.942234e-02
7 66 2 1.095367e-01
8 66 2 8.280983e-02
9 66 2 4.684417e-02
10 66 2 1.552001e-02
11 66 2 5.947501e-03
12 66 2 3.689119e-03
1 67 2 7.932558e-04
2 67 2 1.057770e-03
3 67 2 2.689915e-03
4 67 2 9.936781e-03
5 67 2 2.254598e-02
6 67 2 3.845233e-02
7 67 2 5.376060e-02
8 67 2 4.137319e-02
9 67 2 2.262826e-02
10 67 2 8.321465e-03
11 67 2 2.631310e-03
12 67 2 1.184339e-03
1 68 2 2.005394e-04
2 68 2 2.692705e-04
3 68 2 7.997181e-04
4 68 2 3.675926e-03
5 68 2 1.001737e-02
6 68 2 1.919639e-02
7 68 2 2.752398e-02
8 68 2 2.047052e-02
9 68 2 9.824002e-03
10 68 2 3.609220e-03
11 68 2 8.230301e-04
12 68 2 2.863859e-04
1 69 2 1.204553e-04
2 69 2 1.707832e-04
3 69 2 4.084163e-04
4 69 2 1.790930e-03
5 69 2 5.742702e-03
6 69 2 1.359075e-02
7 69 2 1.991034e-02
8 69 2 1.532693e-02
9 69 2 6.584349e-03
10 69 2 2.140976e-03
11 69 2 4.148439e-04
12 69 2 1.560082e-04
1 70 2 4.871951e-04
2 70 2 5.694378e-04
3 70 2 8.159879e-04
4 70 2 2.128871e-03
5 70 2 5.338530e-03
6 70 2 1.296347e-02
7 70 2 2.098375e-02
8 70 2 1.912467e-02
9 70 2 9.874699e-03
10 70 2 3.519827e-03
11 70 2 1.070521e-03
12 70 2 6.026260e-04
1 71 2 4.043202e-04
2 71 2 4.102904e-04
3 71 2 4.642748e-04
4 71 2 7.450206e-04
5 71 2 1.442828e-03
6 71 2 3.009875e-03
7 71 2 4.619214e-03
8 71 2 4.592657e-03
9 71 2 2.946605e-03
10 71 2 1.403429e-03
11 71 2 6.704536e-04
12 71 2 4.656527e-04
1 72 2 1.696924e-06
2 72 2 1.620710e-06
3 72 2 1.755871e-06
4 72 2 2.238753e-06
5 72 2 3.483334e-06
6 72 2 6.061118e-06
7 72 2 9.387977e-06
8 72 2 9.029032e-06
9 72 2 6.317013e-06
10 72 2 3.830279e-06
11 72 2 2.359980e-06
12 72 2 1.685336e-06
1 76 2 2.001524e-02
2 76 2 1.831189e-02
3 76 2 1.849619e-02
4 76 2 2.011945e-02
5 76 2 2.735273e-02
6 76 2 3.900325e-02
7 76 2 5.230119e-02
8 76 2 5.581496e-02
9 76 2 5.318080e-02
10 76 2 3.551415e-02
11 76 2 2.292588e-02
12 76 2 2.005067e-02
1 77 2 1.970456e-02
2 77 2 2.558621e-02
3 77 2 3.351640e-02
4 77 2 5.416987e-02
5 77 2 9.095341e-02
6 77 2 1.404226e-01
7 77 2 1.907964e-01
8 77 2 1.810967e-01
9 77 2 1.341488e-01
10 77 2 6.777354e-02
11 77 2 2.973923e-02
12 77 2 1.874449e-02
1 78 2 2.232906e-02
2 78 2 3.050951e-02
3 78 2 4.248632e-02
4 78 2 7.620368e-02
5 78 2 1.191605e-01
6 78 2 1.891856e-01
7 78 2 2.335287e-01
8 78 2 2.186713e-01
9 78 2 1.417841e-01
10 78 2 7.519087e-02
11 78 2 4.060469e-02
12 78 2 2.344246e-02
1 79 2 7.220685e-02
2 79 2 8.859900e-02
3 79 2 1.300889e-01
4 79 2 2.157740e-01
5 79 2 3.278206e-01
6 79 2 5.355508e-01
7 79 2 6.562506e-01
8 79 2 6.216811e-01
9 79 2 4.292745e-01
10 79 2 2.591296e-01
11 79 2 1.476387e-01
12 79 2 9.044073e-02
1 80 2 3.514289e-02
2 80 2 3.521151e-02
3 80 2 4.424546e-02
4 80 2 5.982495e-02
5 80 2 8.922359e-02
6 80 2 1.357505e-01
7 80 2 1.747994e-01
8 80 2 1.730485e-01
9 80 2 1.436271e-01
10 80 2 1.006976e-01
11 80 2 5.874295e-02
12 80 2 4.342082e-02
1 81 2 8.526782e-09
2 81 2 7.727320e-09
3 81 2 8.138966e-09
4 81 2 9.650819e-09
5 81 2 1.389709e-08
6 81 2 1.872593e-08
7 81 2 2.498653e-08
8 81 2 2.680999e-08
9 81 2 2.437865e-08
10 81 2 1.870557e-08
11 81 2 1.236510e-08
12 81 2 1.012326e-08
1 84 2 7.318457e-02
2 84 2 7.737451e-02
3 84 2 9.569678e-02
4 84 2 1.209308e-01
5 84 2 1.621317e-01
6 84 2 2.656646e-01
7 84 2 3.558108e-01
8 84 2 3.409551e-01
9 84 2 2.558346e-01
10 84 2 1.614573e-01
11 84 2 1.084633e-01
12 84 2 8.285423e-02
1 85 2 7.911826e-02
2 85 2 8.909341e-02
3 85 2 1.158358e-01
4 85 2 1.682986e-01
5 85 2 2.694094e-01
6 85 2 4.115651e-01
7 85 2 5.694385e-01
8 85 2 5.417118e-01
9 85 2 3.900693e-01
10 85 2 2.151645e-01
11 85 2 1.213437e-01
12 85 2 8.804711e-02
1 86 2 2.346016e-02
2 86 2 2.656181e-02
3 86 2 3.394403e-02
4 86 2 4.930455e-02
5 86 2 7.924216e-02
6 86 2 1.149786e-01
7 86 2 1.579501e-01
8 86 2 1.584668e-01
9 86 2 1.172956e-01
10 86 2 6.801843e-02
11 86 2 3.746790e-02
12 86 2 2.677805e-02
1 87 2 1.734923e-02
2 87 2 2.347151e-02
3 87 2 3.351302e-02
4 87 2 5.297644e-02
5 87 2 9.294012e-02
6 87 2 1.397008e-01
7 87 2 1.893910e-01
8 87 2 1.929831e-01
9 87 2 1.399137e-01
10 87 2 7.877511e-02
11 87 2 3.461170e-02
12 87 2 2.103865e-02
1 88 2 9.253971e-03
2 88 2 1.314138e-02
3 88 2 2.060763e-02
4 88 2 3.910077e-02
5 88 2 8.024630e-02
6 88 2 1.261252e-01
7 88 2 1.615208e-01
8 88 2 1.416664e-01
9 88 2 9.154485e-02
10 88 2 4.326239e-02
11 88 2 2.217928e-02
12 88 2 1.231978e-02
1 89 2 7.590493e-03
2 89 2 1.056119e-02
3 89 2 2.004480e-02
4 89 2 3.770086e-02
5 89 2 7.523640e-02
6 89 2 1.123944e-01
7 89 2 1.311154e-01
8 89 2 1.148258e-01
9 89 2 7.493594e-02
10 89 2 3.565979e-02
11 89 2 1.962180e-02
12 89 2 1.086075e-02
1 90 2 1.784980e-03
2 90 2 2.352544e-03
3 90 2 4.668372e-03
4 90 2 8.378734e-03
5 90 2 1.286506e-02
6 90 2 1.702906e-02
7 90 2 1.912469e-02
8 90 2 1.769563e-02
9 90 2 1.289582e-02
10 90 2 7.691807e-03
11 90 2 4.240903e-03
12 90 2 2.414253e-03
1 91 2 6.802932e-05
2 91 2 9.625849e-05
3 91 2 2.011053e-04
4 91 2 3.800258e-04
5 91 2 5.608588e-04
6 91 2 7.129038e-04
7 91 2 8.004872e-04
8 91 2 7.341236e-04
9 91 2 5.278500e-04
10 91 2 3.267404e-04
11 91 2 1.693428e-04
12 91 2 8.693323e-05
1 92 2 3.768904e-04
2 92 2 5.383650e-04
3 92 2 1.349545e-03
4 92 2 3.219702e-03
5 92 2 6.071891e-03
6 92 2 9.304274e-03
7 92 2 1.116853e-02
8 92 2 1.016515e-02
9 92 2 6.359417e-03
10 92 2 3.379826e-03
11 92 2 1.325570e-03
12 92 2 5.690346e-04
1 93 2 8.593176e-03
2 93 2 1.036843e-02
3 93 2 2.131805e-02
4 93 2 4.968410e-02
5 93 2 8.863362e-02
6 93 2 1.406553e-01
7 93 2 1.886818e-01
8 93 2 1.854903e-01
9 93 2 1.247617e-01
10 93 2 7.184756e-02
11 93 2 3.076904e-02
12 93 2 1.281592e-02
1 94 2 1.144747e-02
2 94 2 1.138976e-02
3 94 2 1.520809e-02
4 94 2 2.695153e-02
5 94 2 4.600462e-02
6 94 2 7.243992e-02
7 94 2 1.000755e-01
8 94 2 1.090601e-01
9 94 2 8.983445e-02
10 94 2 5.422391e-02
11 94 2 2.910331e-02
12 94 2 1.590135e-02
1 98 2 2.536361e-03
2 98 2 2.361016e-03
3 98 2 2.223262e-03
4 98 2 2.367134e-03
5 98 2 2.686534e-03
6 98 2 3.074190e-03
7 98 2 3.457832e-03
8 98 2 3.644386e-03
9 98 2 3.596193e-03
10 98 2 3.399363e-03
11 98 2 3.057703e-03
12 98 2 2.782542e-03
1 101 2 4.753605e-03
2 101 2 4.884491e-03
3 101 2 5.005338e-03
4 101 2 6.172341e-03
5 101 2 7.937752e-03
6 101 2 9.268153e-03
7 101 2 9.893224e-03
8 101 2 9.913357e-03
9 101 2 9.530370e-03
10 101 2 8.171316e-03
11 101 2 6.283518e-03
12 101 2 5.039831e-03
1 102 2 3.674585e-02
2 102 2 4.153611e-02
3 102 2 5.104866e-02
4 102 2 6.385161e-02
5 102 2 7.389142e-02
6 102 2 8.066574e-02
7 102 2 8.293724e-02
8 102 2 8.398523e-02
9 102 2 7.569414e-02
10 102 2 5.831484e-02
11 102 2 4.680496e-02
12 102 2 3.836248e-02
1 103 2 2.768625e-02
2 103 2 2.825404e-02
3 103 2 3.079337e-02
4 103 2 3.479534e-02
5 103 2 4.052194e-02
6 103 2 4.637218e-02
7 103 2 5.016880e-02
8 103 2 5.265104e-02
9 103 2 5.163978e-02
10 103 2 4.512869e-02
11 103 2 3.712543e-02
12 103 2 3.086857e-02
1 104 2 7.983548e-03
2 104 2 7.660811e-03
3 104 2 7.744050e-03
4 104 2 8.490234e-03
5 104 2 9.927727e-03
6 104 2 1.139255e-02
7 104 2 1.278615e-02
8 104 2 1.381216e-02
9 104 2 1.392333e-02
10 104 2 1.300715e-02
11 104 2 1.069955e-02
12 104 2 8.859216e-03
1 107 2 3.814367e-03
2 107 2 4.024087e-03
3 107 2 4.698266e-03
4 107 2 5.383695e-03
5 107 2 6.037476e-03
6 107 2 7.729419e-03
7 107 2 8.448583e-03
8 107 2 8.414398e-03
9 107 2 7.877136e-03
10 107 2 6.737725e-03
11 107 2 5.356244e-03
12 107 2 4.188785e-03
1 108 2 3.871334e-04
2 108 2 4.947570e-04
3 108 2 7.186875e-04
4 108 2 1.113090e-03
5 108 2 1.727813e-03
6 108 2 2.371477e-03
7 108 2 2.538595e-03
8 108 2 2.243583e-03
9 108 2 1.815413e-03
10 108 2 1.252509e-03
11 108 2 6.524301e-04
12 108 2 4.153355e-04
1 109 2 7.330336e-04
2 109 2 9.682305e-04
3 109 2 1.514375e-03
4 109 2 2.628069e-03
5 109 2 4.477660e-03
6 109 2 5.644317e-03
7 109 2 5.735136e-03
8 109 2 5.272201e-03
9 109 2 4.233728e-03
10 109 2 2.970655e-03
11 109 2 1.321274e-03
12 109 2 7.718391e-04
1 110 2 3.229521e-04
2 110 2 4.113791e-04
3 110 2 6.606958e-04
4 110 2 1.022731e-03
5 110 2 1.586215e-03
6 110 2 1.836914e-03
7 110 2 1.974859e-03
8 110 2 1.953120e-03
9 110 2 1.644482e-03
10 110 2 1.198931e-03
11 110 2 5.799289e-04
12 110 2 3.413524e-04
1 111 2 1.108627e-02
2 111 2 1.386569e-02
3 111 2 2.244824e-02
4 111 2 3.402219e-02
5 111 2 5.141956e-02
6 111 2 6.594449e-02
7 111 2 6.970826e-02
8 111 2 6.904335e-02
9 111 2 5.879644e-02
10 111 2 3.827364e-02
11 111 2 2.061773e-02
12 111 2 1.259369e-02
1 112 2 1.276908e-02
2 112 2 1.646416e-02
3 112 2 2.888283e-02
4 112 2 4.803046e-02
5 112 2 7.303842e-02
6 112 2 8.900594e-02
7 112 2 9.065015e-02
8 112 2 8.449531e-02
9 112 2 6.450287e-02
10 112 2 4.282174e-02
11 112 2 2.457521e-02
12 112 2 1.510613e-02
1 113 2 7.321046e-03
2 113 2 9.275085e-03
3 113 2 1.558220e-02
4 113 2 2.330176e-02
5 113 2 2.867504e-02
6 113 2 2.503755e-02
7 113 2 2.148370e-02
8 113 2 2.051869e-02
9 113 2 2.029395e-02
10 113 2 1.853031e-02
11 113 2 1.296079e-02
12 113 2 8.753847e-03
1 114 2 1.994992e-02
2 114 2 2.705310e-02
3 114 2 4.819972e-02
4 114 2 7.025997e-02
5 114 2 8.105934e-02
6 114 2 5.934001e-02
7 114 2 4.901083e-02
8 114 2 4.492437e-02
9 114 2 4.335361e-02
10 114 2 3.880228e-02
11 114 2 2.957981e-02
12 114 2 2.191086e-02
1 115 2 6.910339e-03
2 115 2 1.005392e-02
3 115 2 1.593711e-02
4 115 2 1.975544e-02
5 115 2 1.764254e-02
6 115 2 1.638052e-02
7 115 2 1.579871e-02
8 115 2 1.515774e-02
9 115 2 1.394060e-02
10 115 2 1.245806e-02
11 115 2 9.463674e-03
12 115 2 6.789475e-03
1 116 2 5.285119e-03
2 116 2 6.765597e-03
3 116 2 1.034621e-02
4 116 2 1.464468e-02
5 116 2 1.703269e-02
6 116 2 1.939591e-02
7 116 2 2.033435e-02
8 116 2 1.946449e-02
9 116 2 1.576840e-02
10 116 2 1.260648e-02
11 116 2 9.158364e-03
12 116 2 6.033137e-03
1 117 2 1.132060e-03
2 117 2 1.182154e-03
3 117 2 1.492952e-03
4 117 2 2.043658e-03
5 117 2 2.602433e-03
6 117 2 3.083308e-03
7 117 2 3.282502e-03
8 117 2 3.278198e-03
9 117 2 2.991157e-03
10 117 2 2.560611e-03
11 117 2 2.067084e-03
12 117 2 1.493235e-03
1 126 2 8.732618e-05
2 126 2 9.076663e-05
3 126 2 9.837862e-05
4 126 2 1.038818e-04
5 126 2 1.026362e-04
6 126 2 9.538885e-05
7 126 2 9.194931e-05
8 126 2 9.284764e-05
9 126 2 9.235612e-05
10 126 2 9.075466e-05
11 126 2 8.867857e-05
12 126 2 8.733591e-05
1 127 2 8.816603e-03
2 127 2 8.966665e-03
3 127 2 9.464124e-03
4 127 2 9.825770e-03
5 127 2 9.959634e-03
6 127 2 9.647166e-03
7 127 2 9.649829e-03
8 127 2 9.871277e-03
9 127 2 9.766049e-03
10 127 2 9.374646e-03
11 127 2 9.085194e-03
12 127 2 8.972736e-03
1 128 2 3.997064e-02
2 128 2 4.104948e-02
3 128 2 4.213991e-02
4 128 2 4.113572e-02
5 128 2 4.001491e-02
6 128 2 3.881290e-02
7 128 2 4.136739e-02
8 128 2 4.703489e-02
9 128 2 4.945676e-02
10 128 2 4.671424e-02
11 128 2 4.247978e-02
12 128 2 4.002440e-02
1 129 2 1.139884e-03
2 129 2 1.124233e-03
3 129 2 1.152588e-03
4 129 2 1.186013e-03
5 129 2 1.204313e-03
6 129 2 1.236893e-03
7 129 2 1.292430e-03
8 129 2 1.408747e-03
9 129 2 1.471844e-03
10 129 2 1.478328e-03
11 129 2 1.349764e-03
12 129 2 1.199101e-03
1 133 2 2.447185e-02
2 133 2 2.845214e-02
3 133 2 3.415526e-02
4 133 2 3.506842e-02
5 133 2 3.345168e-02
6 133 2 3.074661e-02
7 133 2 2.744164e-02
8 133 2 2.569598e-02
9 133 2 2.679518e-02
10 133 2 2.853790e-02
11 133 2 2.722562e-02
12 133 2 2.382243e-02
1 135 2 1.057974e-03
2 135 2 1.191966e-03
3 135 2 1.417520e-03
4 135 2 1.526603e-03
5 135 2 1.466920e-03
6 135 2 1.308642e-03
7 135 2 1.130537e-03
8 135 2 1.141851e-03
9 135 2 1.213348e-03
10 135 2 1.141083e-03
11 135 2 1.093718e-03
12 135 2 1.027399e-03
1 136 2 1.183608e-03
2 136 2 1.218172e-03
3 136 2 1.506497e-03
4 136 2 1.831442e-03
5 136 2 2.005512e-03
6 136 2 1.829792e-03
7 136 2 1.619152e-03
8 136 2 1.615438e-03
9 136 2 1.623788e-03
10 136 2 1.527494e-03
11 136 2 1.444237e-03
12 136 2 1.282501e-03
1 137 2 2.879870e-04
2 137 2 3.021281e-04
3 137 2 3.463961e-04
4 137 2 3.806385e-04
5 137 2 3.757132e-04
6 137 2 3.456939e-04
7 137 2 3.198036e-04
8 137 2 3.085785e-04
9 137 2 3.087724e-04
10 137 2 3.216696e-04
11 137 2 3.180309e-04
12 137 2 2.998746e-04
1 138 2 1.150997e-02
2 138 2 1.265704e-02
3 138 2 1.468404e-02
4 138 2 1.634242e-02
5 138 2 1.648850e-02
6 138 2 1.449174e-02
7 138 2 1.342520e-02
8 138 2 1.294694e-02
9 138 2 1.298227e-02
10 138 2 1.305792e-02
11 138 2 1.266643e-02
12 138 2 1.174705e-02
1 139 2 1.944494e-02
2 139 2 2.214420e-02
3 139 2 2.474396e-02
4 139 2 2.597055e-02
5 139 2 2.560456e-02
6 139 2 2.384480e-02
7 139 2 2.256079e-02
8 139 2 2.171848e-02
9 139 2 2.143697e-02
10 139 2 2.160340e-02
11 139 2 2.055728e-02
12 139 2 1.881745e-02
1 140 2 6.434629e-03
2 140 2 6.653645e-03
3 140 2 7.226375e-03
4 140 2 8.187364e-03
5 140 2 8.693809e-03
6 140 2 8.350419e-03
7 140 2 7.906489e-03
8 140 2 7.625742e-03
9 140 2 7.514571e-03
10 140 2 7.556102e-03
11 140 2 7.396513e-03
12 140 2 6.895809e-03
1 141 2 1.009915e-02
2 141 2 9.994657e-03
3 141 2 1.028093e-02
4 141 2 1.128324e-02
5 141 2 1.217611e-02
6 141 2 1.204018e-02
7 141 2 1.171460e-02
8 141 2 1.135960e-02
9 141 2 1.126333e-02
10 141 2 1.128981e-02
11 141 2 1.140249e-02
12 141 2 1.107093e-02
1 150 2 1.168217e-05
2 150 2 1.278797e-05
3 150 2 1.368807e-05
4 150 2 1.399717e-05
5 150 2 1.309708e-05
6 150 2 1.155104e-05
7 150 2 1.053777e-05
8 150 2 1.028330e-05
9 150 2 9.950847e-06
10 150 2 9.724449e-06
11 150 2 9.913515e-06
12 150 2 1.054770e-05
1 151 2 7.578403e-03
2 151 2 8.060515e-03
3 151 2 8.546537e-03
4 151 2 8.748061e-03
5 151 2 8.464357e-03
6 151 2 7.967581e-03
7 151 2 7.791532e-03
8 151 2 8.092348e-03
9 151 2 7.704634e-03
10 151 2 7.230002e-03
11 151 2 7.017999e-03
12 151 2 7.193080e-03
1 152 2 6.006754e-03
2 152 2 6.084401e-03
3 152 2 6.140726e-03
4 152 2 5.835276e-03
5 152 2 5.609264e-03
6 152 2 5.509085e-03
7 152 2 6.298356e-03
8 152 2 8.398100e-03
9 152 2 8.915502e-03
10 152 2 7.598766e-03
11 152 2 6.516256e-03
12 152 2 6.026199e-03
1 153 2 6.964266e-03
2 153 2 7.133196e-03
3 153 2 7.526013e-03
4 153 2 7.382026e-03
5 153 2 7.128835e-03
6 153 2 6.999086e-03
7 153 2 8.170157e-03
8 153 2 1.067692e-02
9 153 2 1.298612e-02
10 153 2 1.160692e-02
11 153 2 8.780039e-03
12 153 2 7.325755e-03
1 154 2 1.894910e-02
2 154 2 1.884628e-02
3 154 2 1.961198e-02
4 154 2 1.879191e-02
5 154 2 1.757215e-02
6 154 2 1.580635e-02
7 154 2 1.492535e-02
8 154 2 1.554821e-02
9 154 2 1.753040e-02
10 154 2 1.970104e-02
11 154 2 2.076270e-02
12 154 2 2.007654e-02
1 157 2 7.547874e-04
2 157 2 7.837713e-04
3 157 2 8.391394e-04
4 157 2 8.273183e-04
5 157 2 8.063975e-04
6 157 2 7.581523e-04
7 157 2 7.233854e-04
8 157 2 7.160937e-04
9 157 2 7.109180e-04
10 157 2 7.233138e-04
11 157 2 7.284993e-04
12 157 2 7.380064e-04
1 163 2 3.512437e-03
2 163 2 3.559498e-03
3 163 2 3.665126e-03
4 163 2 3.885057e-03
5 163 2 3.888849e-03
6 163 2 3.595393e-03
7 163 2 3.323929e-03
8 163 2 3.121235e-03
9 163 2 3.165930e-03
10 163 2 3.349432e-03
11 163 2 3.480366e-03
12 163 2 3.507636e-03
1 164 2 1.328535e-02
2 164 2 1.317176e-02
3 164 2 1.353842e-02
4 164 2 1.417000e-02
5 164 2 1.400332e-02
6 164 2 1.295199e-02
7 164 2 1.198821e-02
8 164 2 1.171027e-02
9 164 2 1.253931e-02
10 164 2 1.373737e-02
11 164 2 1.401480e-02
12 164 2 1.378143e-02
1 165 2 5.834068e-03
2 165 2 5.717799e-03
3 165 2 5.789680e-03
4 165 2 5.917740e-03
5 165 2 5.852787e-03
6 165 2 5.385393e-03
7 165 2 5.077689e-03
8 165 2 5.139542e-03
9 165 2 5.478197e-03
10 165 2 5.857379e-03
11 165 2 6.161719e-03
12 165 2 6.168978e-03
1 166 2 2.547970e-03
2 166 2 2.522533e-03
3 166 2 2.480857e-03
4 166 2 2.469218e-03
5 166 2 2.388367e-03
6 166 2 2.208842e-03
7 166 2 2.085815e-03
8 166 2 2.101377e-03
9 166 2 2.180023e-03
10 166 2 2.293224e-03
11 166 2 2.472432e-03
12 166 2 2.597006e-03
1 170 2 1.160374e-04
2 170 2 1.276182e-04
3 170 2 1.253842e-04
4 170 2 1.139675e-04
5 170 2 9.496897e-05
6 170 2 7.985231e-05
7 170 2 7.552779e-05
8 170 2 7.210472e-05
9 170 2 7.331745e-05
10 170 2 8.163846e-05
11 170 2 9.007286e-05
12 170 2 1.037245e-04
1 171 2 4.177101e-04
2 171 2 4.585256e-04
3 171 2 4.640766e-04
4 171 2 4.128814e-04
5 171 2 3.434709e-04
6 171 2 2.943384e-04
7 171 2 2.672276e-04
8 171 2 2.532065e-04
9 171 2 2.568958e-04
10 171 2 2.794309e-04
11 171 2 3.189259e-04
12 171 2 3.767802e-04
1 175 2 1.202934e-05
2 175 2 1.271782e-05
3 175 2 1.275430e-05
4 175 2 1.194592e-05
5 175 2 1.037912e-05
6 175 2 9.458012e-06
7 175 2 9.261767e-06
8 175 2 9.183570e-06
9 175 2 8.541721e-06
10 175 2 8.634471e-06
11 175 2 9.027259e-06
12 175 2 1.053035e-05
1 176 2 8.330116e-03
2 176 2 8.392571e-03
3 176 2 8.216300e-03
4 176 2 7.256778e-03
5 176 2 5.870410e-03
6 176 2 5.319692e-03
7 176 2 5.309991e-03
8 176 2 6.057993e-03
9 176 2 6.597782e-03
10 176 2 7.041440e-03
11 176 2 7.516212e-03
12 176 2 7.984062e-03
1 177 2 3.809709e-02
2 177 2 3.701997e-02
3 177 2 3.495375e-02
4 177 2 3.056473e-02
5 177 2 2.499362e-02
6 177 2 2.134244e-02
7 177 2 2.220648e-02
8 177 2 2.660745e-02
9 177 2 3.344140e-02
10 177 2 3.477778e-02
11 177 2 3.548319e-02
12 177 2 3.555569e-02
1 178 2 1.386476e-02
2 178 2 1.370272e-02
3 178 2 1.313505e-02
4 178 2 1.100929e-02
5 178 2 9.585837e-03
6 178 2 8.102165e-03
7 178 2 7.716799e-03
8 178 2 7.773593e-03
9 178 2 8.865587e-03
10 178 2 9.539120e-03
11 178 2 1.077389e-02
12 178 2 1.196129e-02
1 181 2 1.696147e-04
2 181 2 1.791506e-04
3 181 2 1.816177e-04
4 181 2 1.736508e-04
5 181 2 1.432078e-04
6 181 2 1.238313e-04
7 181 2 1.094924e-04
8 181 2 1.120565e-04
9 181 2 1.214019e-04
10 181 2 1.314555e-04
11 181 2 1.488751e-04
12 181 2 1.585089e-04
1 182 2 2.024069e-02
2 182 2 1.870864e-02
3 182 2 1.764141e-02
4 182 2 1.473653e-02
5 182 2 1.154001e-02
6 182 2 8.631239e-03
7 182 2 8.557855e-03
8 182 2 1.189220e-02
9 182 2 1.650171e-02
10 182 2 2.023875e-02
11 182 2 2.236799e-02
12 182 2 2.146996e-02
1 183 2 4.303832e-03
2 183 2 4.134551e-03
3 183 2 3.947205e-03
4 183 2 3.579036e-03
5 183 2 3.011339e-03
6 183 2 2.444059e-03
7 183 2 2.273940e-03
8 183 2 2.700217e-03
9 183 2 3.139617e-03
10 183 2 3.714163e-03
11 183 2 4.043596e-03
12 183 2 4.159099e-03
1 184 2 1.343369e-03
2 184 2 1.361179e-03
3 184 2 1.318280e-03
4 184 2 1.186367e-03
5 184 2 9.862828e-04
6 184 2 7.971025e-04
7 184 2 7.187860e-04
8 184 2 7.507017e-04
9 184 2 7.952430e-04
10 184 2 9.132364e-04
11 184 2 1.068548e-03
12 184 2 1.217908e-03
1 188 2 4.503976e-04
2 188 2 4.464707e-04
3 188 2 4.138382e-04
4 188 2 3.379272e-04
5 188 2 2.388334e-04
6 188 2 1.816651e-04
7 188 2 1.563214e-04
8 188 2 1.590143e-04
9 188 2 2.153840e-04
10 188 2 2.830449e-04
11 188 2 3.370784e-04
12 188 2 4.204274e-04
1 189 2 3.929624e-04
2 189 2 3.631766e-04
3 189 2 3.294335e-04
4 189 2 2.435003e-04
5 189 2 1.612190e-04
6 189 2 1.140080e-04
7 189 2 1.083973e-04
8 189 2 1.331477e-04
9 189 2 2.141914e-04
10 189 2 3.049772e-04
11 189 2 3.709540e-04
12 189 2 3.876451e-04
1 190 2 1.609249e-03
2 190 2 1.524793e-03
3 190 2 1.323524e-03
4 190 2 9.374244e-04
5 190 2 6.540409e-04
6 190 2 4.744693e-04
7 190 2 4.458172e-04
8 190 2 5.374313e-04
9 190 2 7.548823e-04
10 190 2 1.029087e-03
11 190 2 1.348432e-03
12 190 2 1.512916e-03
1 191 2 1.134663e-03
2 191 2 1.175811e-03
3 191 2 1.142894e-03
4 191 2 9.441589e-04
5 191 2 7.763995e-04
6 191 2 6.377986e-04
7 191 2 5.607323e-04
8 191 2 5.694725e-04
9 191 2 6.213060e-04
10 191 2 6.973522e-04
11 191 2 8.576700e-04
12 191 2 1.009041e-03
1 192 2 8.028186e-04
2 192 2 8.676237e-04
3 192 2 8.453334e-04
4 192 2 7.319321e-04
5 192 2 6.185930e-04
6 192 2 5.267071e-04
7 192 2 4.628708e-04
8 192 2 4.301156e-04
9 192 2 4.428671e-04
10 192 2 4.863187e-04
11 192 2 5.805388e-04
12 192 2 6.971001e-04
1 200 2 3.539471e-02
2 200 2 3.641235e-02
3 200 2 2.977731e-02
4 200 2 1.968493e-02
5 200 2 1.288477e-02
6 200 2 1.049345e-02
7 200 2 9.969326e-03
8 200 2 1.075107e-02
9 200 2 1.190871e-02
10 200 2 1.522587e-02
11 200 2 2.115860e-02
12 200 2 2.915224e-02
1 201 2 2.558296e-02
2 201 2 2.639631e-02
3 201 2 2.416425e-02
4 201 2 1.859992e-02
5 201 2 1.401681e-02
6 201 2 1.159650e-02
7 201 2 1.095934e-02
8 201 2 1.133644e-02
9 201 2 1.121968e-02
10 201 2 1.334997e-02
11 201 2 1.701762e-02
12 201 2 2.119492e-02
1 206 2 1.346207e-02
2 206 2 1.454079e-02
3 206 2 1.315553e-02
4 206 2 1.122621e-02
5 206 2 9.284017e-03
6 206 2 8.094879e-03
7 206 2 6.942937e-03
8 206 2 6.817085e-03
9 206 2 7.379423e-03
10 206 2 8.353091e-03
11 206 2 9.791750e-03
12 206 2 1.153570e-02
1 207 2 5.099102e-04
2 207 2 5.567579e-04
3 207 2 5.280173e-04
4 207 2 4.787802e-04
5 207 2 4.246074e-04
6 207 2 3.641839e-04
7 207 2 3.209954e-04
8 207 2 3.160987e-04
9 207 2 3.189234e-04
10 207 2 3.512826e-04
11 207 2 3.785785e-04
12 207 2 4.330704e-04
1 212 2 6.337448e-04
2 212 2 6.764834e-04
3 212 2 6.004453e-04
4 212 2 5.047888e-04
5 212 2 3.934429e-04
6 212 2 3.175411e-04
7 212 2 2.635771e-04
8 212 2 2.547448e-04
9 212 2 2.893205e-04
10 212 2 3.413846e-04
11 212 2 4.049417e-04
12 212 2 5.354102e-04
1 213 2 1.381203e-04
2 213 2 1.509551e-04
3 213 2 1.279285e-04
4 213 2 1.082549e-04
5 213 2 8.353312e-05
6 213 2 6.439229e-05
7 213 2 5.465019e-05
8 213 2 5.335182e-05
9 213 2 6.426453e-05
10 213 2 7.919862e-05
11 213 2 9.725490e-05
12 213 2 1.190125e-04
1 214 2 4.906918e-03
2 214 2 5.201948e-03
3 214 2 4.179442e-03
4 214 2 3.104217e-03
5 214 2 2.294586e-03
6 214 2 1.691005e-03
7 214 2 1.464436e-03
8 214 2 1.509723e-03
9 214 2 1.905703e-03
10 214 2 2.554896e-03
11 214 2 3.497419e-03
12 214 2 4.241760e-03
1 215 2 1.818109e-03
2 215 2 1.870167e-03
3 215 2 1.743645e-03
4 215 2 1.389611e-03
5 215 2 1.128719e-03
6 215 2 9.069019e-04
7 215 2 7.836888e-04
8 215 2 7.856159e-04
9 215 2 8.834778e-04
10 215 2 1.051055e-03
11 215 2 1.323423e-03
12 215 2 1.598767e-03
1 216 2 1.185339e-03
2 216 2 1.237581e-03
3 216 2 1.160546e-03
4 216 2 9.434566e-04
5 216 2 7.554658e-04
6 216 2 6.499030e-04
7 216 2 5.710954e-04
8 216 2 5.460730e-04
9 216 2 5.666476e-04
10 216 2 6.440482e-04
11 216 2 7.746808e-04
12 216 2 9.956048e-04
1 224 2 1.034870e-03
2 224 2 1.131358e-03
3 224 2 9.872481e-04
4 224 2 8.501687e-04
5 224 2 6.865271e-04
6 224 2 5.834150e-04
7 224 2 5.300268e-04
8 224 2 5.536069e-04
9 224 2 5.693216e-04
10 224 2 6.714875e-04
11 224 2 8.018887e-04
12 224 2 9.567164e-04
1 240 2 7.325206e-05
2 240 2 7.471664e-05
3 240 2 6.832654e-05
4 240 2 6.034305e-05
5 240 2 5.244587e-05
6 240 2 4.523639e-05
7 240 2 4.431874e-05
8 240 2 4.569005e-05
9 240 2 4.447652e-05
10 240 2 4.789657e-05
11 240 2 5.262657e-05
12 240 2 6.522147e-05
