1 7 2 3.921412e-08
2 7 2 3.350019e-08
3 7 2 3.663732e-08
4 7 2 9.469244e-08
5 7 2 3.258098e-07
6 7 2 8.775282e-07
7 7 2 1.187322e-06
8 7 2 8.095270e-07
9 7 2 3.500932e-07
10 7 2 1.534799e-07
11 7 2 8.131575e-08
12 7 2 4.797100e-08
1 25 2 2.433798e-05
2 25 2 2.310882e-05
3 25 2 3.255650e-05
4 25 2 5.940839e-05
5 25 2 1.661961e-04
6 25 2 3.013754e-04
7 25 2 3.653553e-04
8 25 2 2.801629e-04
9 25 2 1.583069e-04
10 25 2 7.408188e-05
11 25 2 3.532310e-05
12 25 2 2.045549e-05
1 26 2 2.261483e-05
2 26 2 1.861222e-05
3 26 2 3.077682e-05
4 26 2 6.869639e-05
5 26 2 1.935071e-04
6 26 2 3.695932e-04
7 26 2 4.010076e-04
8 26 2 3.000351e-04
9 26 2 1.641034e-04
10 26 2 6.605804e-05
11 26 2 3.451262e-05
12 26 2 2.133741e-05
1 27 2 9.961394e-05
2 27 2 8.795018e-05
3 27 2 1.541762e-04
4 27 2 3.926678e-04
5 27 2 1.105782e-03
6 27 2 2.285786e-03
7 27 2 2.577979e-03
8 27 2 1.940377e-03
9 27 2 1.002718e-03
10 27 2 3.765449e-04
11 27 2 1.995554e-04
12 27 2 1.234387e-04
1 28 2 4.073621e-06
2 28 2 3.707104e-06
3 28 2 6.234706e-06
4 28 2 1.694742e-05
5 28 2 4.839524e-05
6 28 2 1.036134e-04
7 28 2 1.235313e-04
8 28 2 9.308221e-05
9 28 2 4.788347e-05
10 28 2 1.864829e-05
11 28 2 9.309495e-06
12 28 2 5.803953e-06
1 29 2 5.463351e-06
2 29 2 5.168347e-06
3 29 2 8.233432e-06
4 29 2 2.475656e-05
5 29 2 7.403301e-05
6 29 2 1.822019e-04
7 29 2 2.482010e-04
8 29 2 1.846633e-04
9 29 2 8.480658e-05
10 29 2 3.143248e-05
11 29 2 1.485826e-05
12 29 2 9.275175e-06
1 30 2 1.237888e-06
2 30 2 1.082611e-06
3 30 2 1.720647e-06
4 30 2 5.266414e-06
5 30 2 1.458879e-05
6 30 2 3.967582e-05
7 30 2 5.750822e-05
8 30 2 4.404017e-05
9 30 2 1.992666e-05
10 30 2 7.799655e-06
11 30 2 3.597766e-06
12 30 2 2.154696e-06
1 31 2 2.212614e-06
2 31 2 1.705005e-06
3 31 2 2.590110e-06
4 31 2 7.209135e-06
5 31 2 1.861748e-05
6 31 2 4.901889e-05
7 31 2 6.912752e-05
8 31 2 5.579802e-05
9 31 2 2.791388e-05
10 31 2 1.278318e-05
11 31 2 6.137489e-06
12 31 2 3.420093e-06
1 32 2 2.613222e-06
2 32 2 2.163245e-06
3 32 2 3.023843e-06
4 32 2 6.719100e-06
5 32 2 1.794581e-05
6 32 2 4.251010e-05
7 32 2 5.484307e-05
8 32 2 4.530284e-05
9 32 2 2.529763e-05
10 32 2 1.304118e-05
11 32 2 6.739149e-06
12 32 2 3.494991e-06
1 35 2 2.149251e-04
2 35 2 2.047912e-04
3 35 2 2.224639e-04
4 35 2 2.964532e-04
5 35 2 4.647299e-04
6 35 2 7.097440e-04
7 35 2 8.540399e-04
8 35 2 7.842349e-04
9 35 2 5.329963e-04
10 35 2 3.853556e-04
11 35 2 2.918863e-04
12 35 2 2.371312e-04
1 36 2 2.578943e-05
2 36 2 2.421125e-05
3 36 2 2.683323e-05
4 36 2 3.222906e-05
5 36 2 4.407858e-05
6 36 2 6.358700e-05
7 36 2 7.488752e-05
8 36 2 7.628995e-05
9 36 2 5.823439e-05
10 36 2 4.562430e-05
11 36 2 3.492020e-05
12 36 2 2.893434e-05
1 37 2 4.559025e-04
2 37 2 4.412503e-04
3 37 2 5.559959e-04
4 37 2 7.149361e-04
5 37 2 1.080847e-03
6 37 2 1.639339e-03
7 37 2 1.906635e-03
8 37 2 1.874267e-03
9 37 2 1.379286e-03
10 37 2 1.034224e-03
11 37 2 7.289324e-04
12 37 2 5.584244e-04
1 38 2 3.161518e-03
2 38 2 3.158684e-03
3 38 2 4.811838e-03
4 38 2 7.134343e-03
5 38 2 1.302546e-02
6 38 2 2.311269e-02
7 38 2 2.739919e-02
8 38 2 2.376306e-02
9 38 2 1.534912e-02
10 38 2 1.049111e-02
11 38 2 5.994828e-03
12 38 2 4.326099e-03
1 39 2 2.645708e-03
2 39 2 2.756296e-03
3 39 2 4.464630e-03
4 39 2 6.893760e-03
5 39 2 1.337618e-02
6 39 2 2.585952e-02
7 39 2 3.211029e-02
8 39 2 2.599706e-02
9 39 2 1.638626e-02
10 39 2 1.034773e-02
11 39 2 5.237797e-03
12 39 2 3.823213e-03
1 40 2 6.538800e-04
2 40 2 7.174197e-04
3 40 2 1.279508e-03
4 40 2 2.151594e-03
5 40 2 4.703492e-03
6 40 2 1.067900e-02
7 40 2 1.336108e-02
8 40 2 9.801350e-03
9 40 2 6.037531e-03
10 40 2 3.253079e-03
11 40 2 1.393525e-03
12 40 2 1.038133e-03
1 41 2 3.485439e-04
2 41 2 3.726108e-04
3 41 2 7.466997e-04
4 41 2 1.329925e-03
5 41 2 3.335647e-03
6 41 2 8.464546e-03
7 41 2 1.094415e-02
8 41 2 7.676180e-03
9 41 2 4.289805e-03
10 41 2 1.859241e-03
11 41 2 7.142706e-04
12 41 2 5.953354e-04
1 42 2 1.884702e-04
2 42 2 1.971435e-04
3 42 2 4.251374e-04
4 42 2 8.386650e-04
5 42 2 2.384184e-03
6 42 2 6.613012e-03
7 42 2 9.257441e-03
8 42 2 6.182265e-03
9 42 2 2.927626e-03
10 42 2 1.047766e-03
11 42 2 3.906272e-04
12 42 2 3.204528e-04
1 43 2 5.291865e-06
2 43 2 5.486981e-06
3 43 2 1.294643e-05
4 43 2 3.158967e-05
5 43 2 1.057364e-04
6 43 2 3.118332e-04
7 43 2 4.558570e-04
8 43 2 2.861554e-04
9 43 2 1.170143e-04
10 43 2 3.592635e-05
11 43 2 1.225166e-05
12 43 2 8.584830e-06
1 44 2 2.186350e-05
2 44 2 2.196789e-05
3 44 2 4.778355e-05
4 44 2 1.291816e-04
5 44 2 4.826186e-04
6 44 2 1.520891e-03
7 44 2 2.222866e-03
8 44 2 1.340375e-03
9 44 2 4.831848e-04
10 44 2 1.431579e-04
11 44 2 4.698482e-05
12 44 2 3.176702e-05
1 45 2 5.013263e-05
2 45 2 5.618403e-05
3 45 2 1.023770e-04
4 45 2 3.019180e-04
5 45 2 1.264374e-03
6 45 2 4.195324e-03
7 45 2 5.869204e-03
8 45 2 3.573752e-03
9 45 2 1.228933e-03
10 45 2 3.137722e-04
11 45 2 9.094905e-05
12 45 2 5.943981e-05
1 46 2 2.277627e-05
2 46 2 2.865310e-05
3 46 2 4.504051e-05
4 46 2 1.250729e-04
5 46 2 4.911562e-04
6 46 2 1.523512e-03
7 46 2 2.131285e-03
8 46 2 1.335488e-03
9 46 2 5.016474e-04
10 46 2 1.215934e-04
11 46 2 3.343081e-05
12 46 2 2.384084e-05
1 47 2 2.993384e-05
2 47 2 3.809494e-05
3 47 2 5.368173e-05
4 47 2 1.202754e-04
5 47 2 4.099586e-04
6 47 2 1.129435e-03
7 47 2 1.531755e-03
8 47 2 1.038640e-03
9 47 2 4.399995e-04
10 47 2 1.357127e-04
11 47 2 4.003880e-05
12 47 2 3.043481e-05
1 48 2 4.051102e-05
2 48 2 4.653655e-05
3 48 2 6.400842e-05
4 48 2 1.249949e-04
5 48 2 3.878832e-04
6 48 2 8.921979e-04
7 48 2 1.185648e-03
8 48 2 8.341714e-04
9 48 2 3.970993e-04
10 48 2 1.480527e-04
11 48 2 5.329710e-05
12 48 2 3.534339e-05
1 49 2 1.177457e-05
2 49 2 1.071382e-05
3 49 2 1.215261e-05
4 49 2 1.422355e-05
5 49 2 2.034271e-05
6 49 2 3.095026e-05
7 49 2 4.615721e-05
8 49 2 4.340437e-05
9 49 2 3.027405e-05
10 49 2 2.166400e-05
11 49 2 1.581647e-05
12 49 2 1.153809e-05
1 50 2 4.801679e-05
2 50 2 4.144805e-05
3 50 2 4.858353e-05
4 50 2 5.538019e-05
5 50 2 7.794375e-05
6 50 2 1.143814e-04
7 50 2 1.578631e-04
8 50 2 1.518111e-04
9 50 2 1.099250e-04
10 50 2 7.835919e-05
11 50 2 5.866602e-05
12 50 2 4.619309e-05
1 51 2 1.845729e-05
2 51 2 1.684517e-05
3 51 2 1.830414e-05
4 51 2 2.112903e-05
5 51 2 2.879941e-05
6 51 2 4.038888e-05
7 51 2 5.263261e-05
8 51 2 5.219557e-05
9 51 2 4.336686e-05
10 51 2 3.050314e-05
11 51 2 2.286099e-05
12 51 2 1.915820e-05
1 52 2 7.042308e-03
2 52 2 7.402069e-03
3 52 2 9.298682e-03
4 52 2 1.355621e-02
5 52 2 2.292534e-02
6 52 2 3.155040e-02
7 52 2 4.046924e-02
8 52 2 3.785260e-02
9 52 2 3.055602e-02
10 52 2 1.745559e-02
11 52 2 1.050656e-02
12 52 2 8.102157e-03
1 53 2 1.911242e-03
2 53 2 2.397910e-03
3 53 2 4.062566e-03
4 53 2 8.867368e-03
5 53 2 1.688618e-02
6 53 2 2.521537e-02
7 53 2 3.500192e-02
8 53 2 2.982571e-02
9 53 2 2.018627e-02
10 53 2 8.902995e-03
11 53 2 3.970975e-03
12 53 2 2.515774e-03
1 54 2 9.838102e-04
2 54 2 1.276254e-03
3 54 2 2.386646e-03
4 54 2 5.930580e-03
5 54 2 1.168140e-02
6 54 2 2.256313e-02
7 54 2 3.205199e-02
8 54 2 2.687642e-02
9 54 2 1.630013e-02
10 54 2 6.932401e-03
11 54 2 2.971544e-03
12 54 2 1.639161e-03
1 55 2 6.752443e-04
2 55 2 7.530775e-04
3 55 2 1.404845e-03
4 55 2 3.289516e-03
5 55 2 6.527735e-03
6 55 2 1.394062e-02
7 55 2 1.937852e-02
8 55 2 1.671229e-02
9 55 2 1.059785e-02
10 55 2 5.081499e-03
11 55 2 2.377439e-03
12 55 2 1.361328e-03
1 56 2 2.410055e-03
2 56 2 2.501111e-03
3 56 2 4.331991e-03
4 56 2 9.659722e-03
5 56 2 2.111486e-02
6 56 2 4.162204e-02
7 56 2 5.754611e-02
8 56 2 4.776036e-02
9 56 2 3.121730e-02
10 56 2 1.608429e-02
11 56 2 7.251393e-03
12 56 2 4.158744e-03
1 57 2 4.880041e-04
2 57 2 4.656043e-04
3 57 2 5.726668e-04
4 57 2 8.692186e-04
5 57 2 1.454339e-03
6 57 2 2.366391e-03
7 57 2 3.369768e-03
8 57 2 3.036984e-03
9 57 2 2.259518e-03
10 57 2 1.451397e-03
11 57 2 8.875367e-04
12 57 2 6.378325e-04
1 60 2 5.626025e-02
2 60 2 5.448297e-02
3 60 2 6.248115e-02
4 60 2 7.410172e-02
5 60 2 9.136154e-02
6 60 2 1.202312e-01
7 60 2 1.399731e-01
8 60 2 1.400320e-01
9 60 2 1.188373e-01
10 60 2 9.701069e-02
11 60 2 7.758587e-02
12 60 2 6.431074e-02
1 61 2 1.810704e-01
2 61 2 1.821595e-01
3 61 2 2.562043e-01
4 61 2 3.858977e-01
5 61 2 5.629070e-01
6 61 2 7.930449e-01
7 61 2 9.384918e-01
8 61 2 9.029068e-01
9 61 2 7.015823e-01
10 61 2 4.772205e-01
11 61 2 3.113199e-01
12 61 2 2.183572e-01
1 62 2 4.120833e-02
2 62 2 4.513282e-02
3 62 2 7.104731e-02
4 62 2 1.286173e-01
5 62 2 2.206064e-01
6 62 2 3.129478e-01
7 62 2 3.826719e-01
8 62 2 3.572103e-01
9 62 2 2.489121e-01
10 62 2 1.484360e-01
11 62 2 8.060730e-02
12 62 2 5.245693e-02
1 63 2 4.040213e-02
2 63 2 4.904646e-02
3 63 2 8.206761e-02
4 63 2 1.726090e-01
5 63 2 3.312650e-01
6 63 2 4.924782e-01
7 63 2 6.297606e-01
8 63 2 5.480151e-01
9 63 2 3.347105e-01
10 63 2 1.827890e-01
11 63 2 8.443158e-02
12 63 2 5.527248e-02
1 64 2 9.658587e-03
2 64 2 1.237366e-02
3 64 2 2.356243e-02
4 64 2 5.581152e-02
5 64 2 1.195307e-01
6 64 2 1.914608e-01
7 64 2 2.426807e-01
8 64 2 1.897221e-01
9 64 2 1.086321e-01
10 64 2 4.802384e-02
11 64 2 2.194454e-02
12 64 2 1.501791e-02
1 65 2 3.264706e-03
2 65 2 4.048256e-03
3 65 2 8.868970e-03
4 65 2 2.501080e-02
5 65 2 5.243969e-02
6 65 2 8.912322e-02
7 65 2 1.155163e-01
8 65 2 8.621514e-02
9 65 2 4.889851e-02
10 65 2 1.735194e-02
11 65 2 7.638665e-03
12 65 2 5.535729e-03
1 66 2 2.164015e-03
2 66 2 2.675398e-03
3 66 2 6.360186e-03
4 66 2 2.086566e-02
5 66 2 4.338567e-02
6 66 2 7.460361e-02
7 66 2 1.028908e-01
8 66 2 7.778557e-02
9 66 2 4.400203e-02
10 66 2 1.457838e-02
11 66 2 5.586653e-03
12 66 2 3.465292e-03
1 67 2 7.446555e-04
2 67 2 9.929635e-04
3 67 2 2.525113e-03
4 67 2 9.327986e-03
5 67 2 2.116466e-02
6 67 2 3.609648e-02
7 67 2 5.046686e-02
8 67 2 3.883838e-02
9 67 2 2.124189e-02
10 67 2 7.811635e-03
11 67 2 2.470098e-03
12 67 2 1.111778e-03
1 68 2 1.880632e-04
2 68 2 2.525183e-04
3 68 2 7.499650e-04
4 68 2 3.447235e-03
5 68 2 9.394156e-03
6 68 2 1.800212e-02
7 68 2 2.581163e-02
8 68 2 1.919698e-02
9 68 2 9.212818e-03
10 68 2 3.384679e-03
11 68 2 7.718267e-04
12 68 2 2.685689e-04
1 69 2 1.127376e-04
2 69 2 1.598410e-04
3 69 2 3.822489e-04
4 69 2 1.676185e-03
5 69 2 5.374765e-03
6 69 2 1.271998e-02
7 69 2 1.863467e-02
8 69 2 1.434493e-02
9 69 2 6.162487e-03
10 69 2 2.003803e-03
11 69 2 3.882647e-04
12 69 2 1.460127e-04
1 70 2 4.542666e-04
2 70 2 5.309508e-04
3 70 2 7.608371e-04
4 70 2 1.984985e-03
5 70 2 4.977711e-03
6 70 2 1.208730e-02
7 70 2 1.956550e-02
8 70 2 1.783208e-02
9 70 2 9.207290e-03
10 70 2 3.281930e-03
11 70 2 9.981673e-04
12 70 2 5.618958e-04
1 71 2 3.798495e-04
2 71 2 3.854584e-04
3 71 2 4.361755e-04
4 71 2 6.999298e-04
5 71 2 1.355504e-03
6 71 2 2.827709e-03
7 71 2 4.339645e-03
8 71 2 4.314696e-03
9 71 2 2.768268e-03
10 71 2 1.318489e-03
11 71 2 6.298758e-04
12 71 2 4.374701e-04
1 72 2 1.594744e-06
2 72 2 1.523119e-06
3 72 2 1.650141e-06
4 72 2 2.103946e-06
5 72 2 3.273585e-06
6 72 2 5.696147e-06
7 72 2 8.822679e-06
8 72 2 8.485349e-06
9 72 2 5.936634e-06
10 72 2 3.599639e-06
11 72 2 2.217874e-06
12 72 2 1.583853e-06
1 76 2 1.680715e-02
2 76 2 1.537681e-02
3 76 2 1.553157e-02
4 76 2 1.689465e-02
5 76 2 2.296856e-02
6 76 2 3.275171e-02
7 76 2 4.391822e-02
8 76 2 4.686879e-02
9 76 2 4.465684e-02
10 76 2 2.982185e-02
11 76 2 1.925126e-02
12 76 2 1.683690e-02
1 77 2 1.658487e-02
2 77 2 2.153532e-02
3 77 2 2.820998e-02
4 77 2 4.559353e-02
5 77 2 7.655338e-02
6 77 2 1.181904e-01
7 77 2 1.605889e-01
8 77 2 1.524249e-01
9 77 2 1.129099e-01
10 77 2 5.704342e-02
11 77 2 2.503082e-02
12 77 2 1.577680e-02
1 78 2 1.871787e-02
2 78 2 2.557533e-02
3 78 2 3.561517e-02
4 78 2 6.387956e-02
5 78 2 9.988918e-02
6 78 2 1.585894e-01
7 78 2 1.957610e-01
8 78 2 1.833064e-01
9 78 2 1.188539e-01
10 78 2 6.303055e-02
11 78 2 3.403786e-02
12 78 2 1.965121e-02
1 79 2 6.067313e-02
2 79 2 7.444694e-02
3 79 2 1.093096e-01
4 79 2 1.813081e-01
5 79 2 2.754573e-01
6 79 2 4.500064e-01
7 79 2 5.514266e-01
8 79 2 5.223789e-01
9 79 2 3.607058e-01
10 79 2 2.177384e-01
11 79 2 1.240561e-01
12 79 2 7.599448e-02
1 80 2 2.949787e-02
2 80 2 2.955546e-02
3 80 2 3.713829e-02
4 80 2 5.021523e-02
5 80 2 7.489155e-02
6 80 2 1.139448e-01
7 80 2 1.467212e-01
8 80 2 1.452516e-01
9 80 2 1.205561e-01
10 80 2 8.452244e-02
11 80 2 4.930703e-02
12 80 2 3.644610e-02
1 81 2 7.368520e-09
2 81 2 6.677655e-09
3 81 2 7.033384e-09
4 81 2 8.339869e-09
5 81 2 1.200934e-08
6 81 2 1.618223e-08
7 81 2 2.159241e-08
8 81 2 2.316817e-08
9 81 2 2.106710e-08
10 81 2 1.616464e-08
11 81 2 1.068545e-08
12 81 2 8.748133e-09
1 84 2 6.692501e-02
2 84 2 7.075657e-02
3 84 2 8.751172e-02
4 84 2 1.105875e-01
5 84 2 1.482644e-01
6 84 2 2.429420e-01
7 84 2 3.253779e-01
8 84 2 3.117928e-01
9 84 2 2.339527e-01
10 84 2 1.476476e-01
11 84 2 9.918628e-02
12 84 2 7.576760e-02
1 85 2 7.272921e-02
2 85 2 8.189883e-02
3 85 2 1.064817e-01
4 85 2 1.547080e-01
5 85 2 2.476538e-01
6 85 2 3.783299e-01
7 85 2 5.234546e-01
8 85 2 4.979669e-01
9 85 2 3.585700e-01
10 85 2 1.977893e-01
11 85 2 1.115448e-01
12 85 2 8.093703e-02
1 86 2 2.158328e-02
2 86 2 2.443679e-02
3 86 2 3.122842e-02
4 86 2 4.536005e-02
5 86 2 7.290257e-02
6 86 2 1.057800e-01
7 86 2 1.453137e-01
8 86 2 1.457890e-01
9 86 2 1.079116e-01
10 86 2 6.257677e-02
11 86 2 3.447037e-02
12 86 2 2.463573e-02
1 87 2 1.614292e-02
2 87 2 2.183952e-02
3 87 2 3.118283e-02
4 87 2 4.929294e-02
5 87 2 8.647791e-02
6 87 2 1.299873e-01
7 87 2 1.762225e-01
8 87 2 1.795649e-01
9 87 2 1.301854e-01
10 87 2 7.329781e-02
11 87 2 3.220512e-02
12 87 2 1.957582e-02
1 88 2 8.564298e-03
2 88 2 1.216199e-02
3 88 2 1.907180e-02
4 88 2 3.618670e-02
5 88 2 7.426577e-02
6 88 2 1.167254e-01
7 88 2 1.494831e-01
8 88 2 1.311084e-01
9 88 2 8.472227e-02
10 88 2 4.003817e-02
11 88 2 2.052632e-02
12 88 2 1.140162e-02
1 89 2 7.113053e-03
2 89 2 9.896892e-03
3 89 2 1.878399e-02
4 89 2 3.532948e-02
5 89 2 7.050405e-02
6 89 2 1.053249e-01
7 89 2 1.228682e-01
8 89 2 1.076033e-01
9 89 2 7.022248e-02
10 89 2 3.341680e-02
11 89 2 1.838760e-02
12 89 2 1.017761e-02
1 90 2 1.663123e-03
2 90 2 2.191941e-03
3 90 2 4.349671e-03
4 90 2 7.806734e-03
5 90 2 1.198678e-02
6 90 2 1.586652e-02
7 90 2 1.781908e-02
8 90 2 1.648758e-02
9 90 2 1.201544e-02
10 90 2 7.166702e-03
11 90 2 3.951385e-03
12 90 2 2.249436e-03
1 91 2 6.038797e-05
2 91 2 8.544632e-05
3 91 2 1.785163e-04
4 91 2 3.373397e-04
5 91 2 4.978607e-04
6 91 2 6.328273e-04
7 91 2 7.105730e-04
8 91 2 6.516636e-04
9 91 2 4.685596e-04
10 91 2 2.900395e-04
11 91 2 1.503215e-04
12 91 2 7.716851e-05
1 92 2 3.339071e-04
2 92 2 4.769660e-04
3 92 2 1.195633e-03
4 92 2 2.852504e-03
5 92 2 5.379408e-03
6 92 2 8.243147e-03
7 92 2 9.894788e-03
8 92 2 9.005843e-03
9 92 2 5.634143e-03
10 92 2 2.994366e-03
11 92 2 1.174392e-03
12 92 2 5.041378e-04
1 93 2 7.629863e-03
2 93 2 9.206111e-03
3 93 2 1.892825e-02
4 93 2 4.411440e-02
5 93 2 7.869761e-02
6 93 2 1.248876e-01
7 93 2 1.675301e-01
8 93 2 1.646964e-01
9 93 2 1.107756e-01
10 93 2 6.379330e-02
11 93 2 2.731976e-02
12 93 2 1.137923e-02
1 94 2 8.562721e-03
2 94 2 8.519554e-03
3 94 2 1.137566e-02
4 94 2 2.015977e-02
5 94 2 3.441150e-02
6 94 2 5.418513e-02
7 94 2 7.485654e-02
8 94 2 8.157705e-02
9 94 2 6.719625e-02
10 94 2 4.055953e-02
11 94 2 2.176931e-02
12 94 2 1.189423e-02
1 98 2 2.127916e-03
2 98 2 1.980808e-03
3 98 2 1.865237e-03
4 98 2 1.985940e-03
5 98 2 2.253906e-03
6 98 2 2.579135e-03
7 98 2 2.900997e-03
8 98 2 3.057510e-03
9 98 2 3.017078e-03
10 98 2 2.851944e-03
11 98 2 2.565304e-03
12 98 2 2.334453e-03
1 101 2 4.374952e-03
2 101 2 4.495413e-03
3 101 2 4.606634e-03
4 101 2 5.680678e-03
5 101 2 7.305464e-03
6 101 2 8.529891e-03
7 101 2 9.105171e-03
8 101 2 9.123700e-03
9 101 2 8.771221e-03
10 101 2 7.520423e-03
11 101 2 5.783000e-03
12 101 2 4.638379e-03
1 102 2 3.284151e-02
2 102 2 3.712279e-02
3 102 2 4.562460e-02
4 102 2 5.706721e-02
5 102 2 6.604027e-02
6 102 2 7.209479e-02
7 102 2 7.412494e-02
8 102 2 7.506158e-02
9 102 2 6.765144e-02
10 102 2 5.211874e-02
11 102 2 4.183181e-02
12 102 2 3.428637e-02
1 103 2 2.381243e-02
2 103 2 2.430079e-02
3 103 2 2.648481e-02
4 103 2 2.992683e-02
5 103 2 3.485218e-02
6 103 2 3.988386e-02
7 103 2 4.314927e-02
8 103 2 4.528420e-02
9 103 2 4.441443e-02
10 103 2 3.881436e-02
11 103 2 3.193090e-02
12 103 2 2.654949e-02
1 104 2 7.346080e-03
2 104 2 7.049113e-03
3 104 2 7.125706e-03
4 104 2 7.812308e-03
5 104 2 9.135021e-03
6 104 2 1.048288e-02
7 104 2 1.176520e-02
8 104 2 1.270929e-02
9 104 2 1.281159e-02
10 104 2 1.196856e-02
11 104 2 9.845217e-03
12 104 2 8.151828e-03
1 107 2 3.487899e-03
2 107 2 3.679670e-03
3 107 2 4.296147e-03
4 107 2 4.922911e-03
5 107 2 5.520735e-03
6 107 2 7.067867e-03
7 107 2 7.725478e-03
8 107 2 7.694219e-03
9 107 2 7.202941e-03
10 107 2 6.161051e-03
11 107 2 4.897809e-03
12 107 2 3.830272e-03
1 108 2 3.557177e-04
2 108 2 4.546077e-04
3 108 2 6.603663e-04
4 108 2 1.022763e-03
5 108 2 1.587601e-03
6 108 2 2.179033e-03
7 108 2 2.332589e-03
8 108 2 2.061517e-03
9 108 2 1.668093e-03
10 108 2 1.150869e-03
11 108 2 5.994857e-04
12 108 2 3.816312e-04
1 109 2 6.760923e-04
2 109 2 8.930195e-04
3 109 2 1.396740e-03
4 109 2 2.423923e-03
5 109 2 4.129841e-03
6 109 2 5.205873e-03
7 109 2 5.289637e-03
8 109 2 4.862662e-03
9 109 2 3.904857e-03
10 109 2 2.739898e-03
11 109 2 1.218639e-03
12 109 2 7.118835e-04
1 110 2 2.976683e-04
2 110 2 3.791724e-04
3 110 2 6.089702e-04
4 110 2 9.426622e-04
5 110 2 1.462031e-03
6 110 2 1.693102e-03
7 110 2 1.820248e-03
8 110 2 1.800212e-03
9 110 2 1.515736e-03
10 110 2 1.105068e-03
11 110 2 5.345265e-04
12 110 2 3.146281e-04
1 111 2 1.021673e-02
2 111 2 1.277815e-02
3 111 2 2.068754e-02
4 111 2 3.135370e-02
5 111 2 4.738653e-02
6 111 2 6.077221e-02
7 111 2 6.424078e-02
8 111 2 6.362802e-02
9 111 2 5.418482e-02
10 111 2 3.527170e-02
11 111 2 1.900061e-02
12 111 2 1.160592e-02
1 112 2 1.176761e-02
2 112 2 1.517290e-02
3 112 2 2.661758e-02
4 112 2 4.426348e-02
5 112 2 6.731009e-02
6 112 2 8.202529e-02
7 112 2 8.354055e-02
8 112 2 7.786843e-02
9 112 2 5.944398e-02
10 112 2 3.946328e-02
11 112 2 2.264780e-02
12 112 2 1.392137e-02
1 113 2 6.751104e-03
2 113 2 8.553021e-03
3 113 2 1.436913e-02
4 113 2 2.148772e-02
5 113 2 2.644269e-02
6 113 2 2.308838e-02
7 113 2 1.981120e-02
8 113 2 1.892131e-02
9 113 2 1.871407e-02
10 113 2 1.708773e-02
11 113 2 1.195180e-02
12 113 2 8.072361e-03
1 114 2 1.840742e-02
2 114 2 2.496139e-02
3 114 2 4.447298e-02
4 114 2 6.482756e-02
5 114 2 7.479194e-02
6 114 2 5.475191e-02
7 114 2 4.522137e-02
8 114 2 4.145087e-02
9 114 2 4.000156e-02
10 114 2 3.580214e-02
11 114 2 2.729274e-02
12 114 2 2.021674e-02
1 115 2 6.357737e-03
2 115 2 9.249937e-03
3 115 2 1.466266e-02
4 115 2 1.817565e-02
5 115 2 1.623171e-02
6 115 2 1.507061e-02
7 115 2 1.453532e-02
8 115 2 1.394562e-02
9 115 2 1.282581e-02
10 115 2 1.146182e-02
11 115 2 8.706888e-03
12 115 2 6.246538e-03
1 116 2 4.832677e-03
2 116 2 6.186416e-03
3 116 2 9.460506e-03
4 116 2 1.339100e-02
5 116 2 1.557458e-02
6 116 2 1.773549e-02
7 116 2 1.859359e-02
8 116 2 1.779819e-02
9 116 2 1.441852e-02
10 116 2 1.152728e-02
11 116 2 8.374346e-03
12 116 2 5.516660e-03
1 117 2 9.959683e-04
2 117 2 1.040040e-03
3 117 2 1.313475e-03
4 117 2 1.797978e-03
5 117 2 2.289579e-03
6 117 2 2.712645e-03
7 117 2 2.887893e-03
8 117 2 2.884106e-03
9 117 2 2.631572e-03
10 117 2 2.252784e-03
11 117 2 1.818588e-03
12 117 2 1.313724e-03
1 126 2 8.070429e-05
2 126 2 8.388385e-05
3 126 2 9.091863e-05
4 126 2 9.600454e-05
5 126 2 9.485337e-05
6 126 2 8.815557e-05
7 126 2 8.497685e-05
8 126 2 8.580706e-05
9 126 2 8.535281e-05
10 126 2 8.387279e-05
11 126 2 8.195413e-05
12 126 2 8.071328e-05
1 127 2 8.127978e-03
2 127 2 8.266320e-03
3 127 2 8.724924e-03
4 127 2 9.058324e-03
5 127 2 9.181732e-03
6 127 2 8.893670e-03
7 127 2 8.896125e-03
8 127 2 9.100276e-03
9 127 2 9.003267e-03
10 127 2 8.642435e-03
11 127 2 8.375591e-03
12 127 2 8.271916e-03
1 128 2 3.684562e-02
2 128 2 3.784011e-02
3 128 2 3.884529e-02
4 128 2 3.791960e-02
5 128 2 3.688642e-02
6 128 2 3.577839e-02
7 128 2 3.813316e-02
8 128 2 4.335757e-02
9 128 2 4.559008e-02
10 128 2 4.306198e-02
11 128 2 3.915858e-02
12 128 2 3.689518e-02
1 129 2 1.050316e-03
2 129 2 1.035895e-03
3 129 2 1.062022e-03
4 129 2 1.092820e-03
5 129 2 1.109682e-03
6 129 2 1.139702e-03
7 129 2 1.190876e-03
8 129 2 1.298053e-03
9 129 2 1.356192e-03
10 129 2 1.362166e-03
11 129 2 1.243705e-03
12 129 2 1.104880e-03
1 133 2 2.257254e-02
2 133 2 2.624392e-02
3 133 2 3.150441e-02
4 133 2 3.234670e-02
5 133 2 3.085544e-02
6 133 2 2.836031e-02
7 133 2 2.531185e-02
8 133 2 2.370167e-02
9 133 2 2.471556e-02
10 133 2 2.632302e-02
11 133 2 2.511259e-02
12 133 2 2.197353e-02
1 135 2 9.757677e-04
2 135 2 1.099349e-03
3 135 2 1.307377e-03
4 135 2 1.407984e-03
5 135 2 1.352938e-03
6 135 2 1.206959e-03
7 135 2 1.042693e-03
8 135 2 1.053128e-03
9 135 2 1.119069e-03
10 135 2 1.052419e-03
11 135 2 1.008735e-03
12 135 2 9.475682e-04
1 136 2 1.091841e-03
2 136 2 1.123725e-03
3 136 2 1.389696e-03
4 136 2 1.689447e-03
5 136 2 1.850021e-03
6 136 2 1.687925e-03
7 136 2 1.493616e-03
8 136 2 1.490190e-03
9 136 2 1.497893e-03
10 136 2 1.409065e-03
11 136 2 1.332263e-03
12 136 2 1.183066e-03
1 137 2 2.656085e-04
2 137 2 2.786507e-04
3 137 2 3.194788e-04
4 137 2 3.510603e-04
5 137 2 3.465178e-04
6 137 2 3.188311e-04
7 137 2 2.949527e-04
8 137 2 2.845999e-04
9 137 2 2.847787e-04
10 137 2 2.966737e-04
11 137 2 2.933177e-04
12 137 2 2.765723e-04
1 138 2 1.061858e-02
2 138 2 1.167682e-02
3 138 2 1.354683e-02
4 138 2 1.507678e-02
5 138 2 1.521155e-02
6 138 2 1.336942e-02
7 138 2 1.238549e-02
8 138 2 1.194427e-02
9 138 2 1.197686e-02
10 138 2 1.204665e-02
11 138 2 1.168548e-02
12 138 2 1.083730e-02
1 139 2 1.792047e-02
2 139 2 2.040811e-02
3 139 2 2.280405e-02
4 139 2 2.393448e-02
5 139 2 2.359718e-02
6 139 2 2.197538e-02
7 139 2 2.079204e-02
8 139 2 2.001577e-02
9 139 2 1.975633e-02
10 139 2 1.990971e-02
11 139 2 1.894561e-02
12 139 2 1.734218e-02
1 140 2 5.933856e-03
2 140 2 6.135827e-03
3 140 2 6.663984e-03
4 140 2 7.550185e-03
5 140 2 8.017216e-03
6 140 2 7.700550e-03
7 140 2 7.291169e-03
8 140 2 7.032271e-03
9 140 2 6.929752e-03
10 140 2 6.968051e-03
11 140 2 6.820882e-03
12 140 2 6.359144e-03
1 141 2 9.309767e-03
2 141 2 9.213439e-03
3 141 2 9.477336e-03
4 141 2 1.040130e-02
5 141 2 1.122438e-02
6 141 2 1.109908e-02
7 141 2 1.079895e-02
8 141 2 1.047169e-02
9 141 2 1.038295e-02
10 141 2 1.040736e-02
11 141 2 1.051123e-02
12 141 2 1.020559e-02
1 150 2 1.078007e-05
2 150 2 1.180048e-05
3 150 2 1.263107e-05
4 150 2 1.291630e-05
5 150 2 1.208572e-05
6 150 2 1.065906e-05
7 150 2 9.724040e-06
8 150 2 9.489225e-06
9 150 2 9.182442e-06
10 150 2 8.973526e-06
11 150 2 9.147992e-06
12 150 2 9.733202e-06
1 151 2 6.988551e-03
2 151 2 7.433139e-03
3 151 2 7.881332e-03
4 151 2 8.067170e-03
5 151 2 7.805548e-03
6 151 2 7.347438e-03
7 151 2 7.185091e-03
8 151 2 7.462493e-03
9 151 2 7.104957e-03
10 151 2 6.667267e-03
11 151 2 6.471765e-03
12 151 2 6.633219e-03
1 152 2 5.540372e-03
2 152 2 5.611990e-03
3 152 2 5.663941e-03
4 152 2 5.382207e-03
5 152 2 5.173743e-03
6 152 2 5.081343e-03
7 152 2 5.809333e-03
8 152 2 7.746046e-03
9 152 2 8.223276e-03
10 152 2 7.008774e-03
11 152 2 6.010314e-03
12 152 2 5.558306e-03
1 153 2 6.420780e-03
2 153 2 6.576527e-03
3 153 2 6.938689e-03
4 153 2 6.805938e-03
5 153 2 6.572506e-03
6 153 2 6.452883e-03
7 153 2 7.532564e-03
8 153 2 9.843705e-03
9 153 2 1.197269e-02
10 153 2 1.070112e-02
11 153 2 8.094852e-03
12 153 2 6.754059e-03
1 154 2 1.746545e-02
2 154 2 1.737069e-02
3 154 2 1.807644e-02
4 154 2 1.732058e-02
5 154 2 1.619632e-02
6 154 2 1.456878e-02
7 154 2 1.375675e-02
8 154 2 1.433085e-02
9 154 2 1.615784e-02
10 154 2 1.815853e-02
11 154 2 1.913706e-02
12 154 2 1.850463e-02
1 157 2 6.956454e-04
2 157 2 7.223582e-04
3 157 2 7.733879e-04
4 157 2 7.624931e-04
5 157 2 7.432116e-04
6 157 2 6.987467e-04
7 157 2 6.667039e-04
8 157 2 6.599836e-04
9 157 2 6.552135e-04
10 157 2 6.666379e-04
11 157 2 6.714172e-04
12 157 2 6.801793e-04
1 163 2 3.237762e-03
2 163 2 3.281144e-03
3 163 2 3.378511e-03
4 163 2 3.581244e-03
5 163 2 3.584739e-03
6 163 2 3.314232e-03
7 163 2 3.063997e-03
8 163 2 2.877153e-03
9 163 2 2.918353e-03
10 163 2 3.087504e-03
11 163 2 3.208200e-03
12 163 2 3.233337e-03
1 164 2 1.224570e-02
2 164 2 1.214100e-02
3 164 2 1.247897e-02
4 164 2 1.306112e-02
5 164 2 1.290748e-02
6 164 2 1.193843e-02
7 164 2 1.105007e-02
8 164 2 1.079388e-02
9 164 2 1.155805e-02
10 164 2 1.266235e-02
11 164 2 1.291807e-02
12 164 2 1.270296e-02
1 165 2 5.375741e-03
2 165 2 5.268606e-03
3 165 2 5.334840e-03
4 165 2 5.452840e-03
5 165 2 5.392989e-03
6 165 2 4.962314e-03
7 165 2 4.678784e-03
8 165 2 4.735777e-03
9 165 2 5.047828e-03
10 165 2 5.397221e-03
11 165 2 5.677651e-03
12 165 2 5.684340e-03
1 166 2 2.347294e-03
2 166 2 2.323861e-03
3 166 2 2.285467e-03
4 166 2 2.274745e-03
5 166 2 2.200262e-03
6 166 2 2.034876e-03
7 166 2 1.921538e-03
8 166 2 1.935874e-03
9 166 2 2.008326e-03
10 166 2 2.112612e-03
11 166 2 2.277706e-03
12 166 2 2.392468e-03
1 170 2 1.069469e-04
2 170 2 1.176204e-04
3 170 2 1.155614e-04
4 170 2 1.050392e-04
5 170 2 8.752900e-05
6 170 2 7.359660e-05
7 170 2 6.961087e-05
8 170 2 6.645597e-05
9 170 2 6.757369e-05
10 170 2 7.524282e-05
11 170 2 8.301646e-05
12 170 2 9.559859e-05
1 171 2 3.850011e-04
2 171 2 4.226205e-04
3 171 2 4.277369e-04
4 171 2 3.805505e-04
5 171 2 3.165752e-04
6 171 2 2.712900e-04
7 171 2 2.463022e-04
8 171 2 2.333790e-04
9 171 2 2.367794e-04
10 171 2 2.575499e-04
11 171 2 2.939522e-04
12 171 2 3.472762e-04
1 175 2 1.110401e-05
2 175 2 1.173953e-05
3 175 2 1.177320e-05
4 175 2 1.102700e-05
5 175 2 9.580730e-06
6 175 2 8.730472e-06
7 175 2 8.549324e-06
8 175 2 8.477141e-06
9 175 2 7.884666e-06
10 175 2 7.970281e-06
11 175 2 8.332855e-06
12 175 2 9.720322e-06
1 176 2 7.668962e-03
2 176 2 7.726461e-03
3 176 2 7.564180e-03
4 176 2 6.680814e-03
5 176 2 5.404481e-03
6 176 2 4.897473e-03
7 176 2 4.888541e-03
8 176 2 5.577176e-03
9 176 2 6.074122e-03
10 176 2 6.482567e-03
11 176 2 6.919657e-03
12 176 2 7.350374e-03
1 177 2 3.515385e-02
2 177 2 3.415994e-02
3 177 2 3.225335e-02
4 177 2 2.820341e-02
5 177 2 2.306270e-02
6 177 2 1.969360e-02
7 177 2 2.049089e-02
8 177 2 2.455185e-02
9 177 2 3.085784e-02
10 177 2 3.209097e-02
11 177 2 3.274189e-02
12 177 2 3.280878e-02
1 178 2 1.281536e-02
2 178 2 1.266558e-02
3 178 2 1.214088e-02
4 178 2 1.017601e-02
5 178 2 8.860299e-03
6 178 2 7.488925e-03
7 178 2 7.132727e-03
8 178 2 7.185222e-03
9 178 2 8.194565e-03
10 178 2 8.817119e-03
11 178 2 9.958434e-03
12 178 2 1.105595e-02
1 181 2 1.564902e-04
2 181 2 1.652882e-04
3 181 2 1.675644e-04
4 181 2 1.602140e-04
5 181 2 1.321266e-04
6 181 2 1.142495e-04
7 181 2 1.010200e-04
8 181 2 1.033858e-04
9 181 2 1.120080e-04
10 181 2 1.212837e-04
11 181 2 1.373554e-04
12 181 2 1.462438e-04
1 182 2 1.866212e-02
2 182 2 1.724955e-02
3 182 2 1.626555e-02
4 182 2 1.358722e-02
5 182 2 1.064001e-02
6 182 2 7.958087e-03
7 182 2 7.890427e-03
8 182 2 1.096473e-02
9 182 2 1.521474e-02
10 182 2 1.866033e-02
11 182 2 2.062350e-02
12 182 2 1.979552e-02
1 183 2 3.970482e-03
2 183 2 3.814313e-03
3 183 2 3.641478e-03
4 183 2 3.301825e-03
5 183 2 2.778099e-03
6 183 2 2.254757e-03
7 183 2 2.097814e-03
8 183 2 2.491074e-03
9 183 2 2.896440e-03
10 183 2 3.426486e-03
11 183 2 3.730402e-03
12 183 2 3.836960e-03
1 184 2 1.238400e-03
2 184 2 1.254819e-03
3 184 2 1.215272e-03
4 184 2 1.093666e-03
5 184 2 9.092163e-04
6 184 2 7.348182e-04
7 184 2 6.626212e-04
8 184 2 6.920431e-04
9 184 2 7.331040e-04
10 184 2 8.418776e-04
11 184 2 9.850534e-04
12 184 2 1.122743e-03
1 188 2 3.839586e-04
2 188 2 3.806110e-04
3 188 2 3.527922e-04
4 188 2 2.880789e-04
5 188 2 2.036027e-04
6 188 2 1.548674e-04
7 188 2 1.332621e-04
8 188 2 1.355578e-04
9 188 2 1.836123e-04
10 188 2 2.412925e-04
11 188 2 2.873554e-04
12 188 2 3.584094e-04
1 189 2 3.348940e-04
2 189 2 3.095096e-04
3 189 2 2.807528e-04
4 189 2 2.075180e-04
5 189 2 1.373955e-04
6 189 2 9.716094e-05
7 189 2 9.237928e-05
8 189 2 1.134723e-04
9 189 2 1.825401e-04
10 189 2 2.599104e-04
11 189 2 3.161377e-04
12 189 2 3.303624e-04
1 190 2 1.370187e-03
2 190 2 1.298277e-03
3 190 2 1.126907e-03
4 190 2 7.981650e-04
5 190 2 5.568796e-04
6 190 2 4.039843e-04
7 190 2 3.795886e-04
8 190 2 4.575930e-04
9 190 2 6.427405e-04
10 190 2 8.762107e-04
11 190 2 1.148116e-03
12 190 2 1.288165e-03
1 191 2 9.739215e-04
2 191 2 1.009240e-03
3 191 2 9.809861e-04
4 191 2 8.104047e-04
5 191 2 6.664109e-04
6 191 2 5.474449e-04
7 191 2 4.812962e-04
8 191 2 4.887982e-04
9 191 2 5.332887e-04
10 191 2 5.985619e-04
11 191 2 7.361683e-04
12 191 2 8.660952e-04
1 192 2 7.406994e-04
2 192 2 8.004902e-04
3 192 2 7.799246e-04
4 192 2 6.752979e-04
5 192 2 5.707285e-04
6 192 2 4.859525e-04
7 192 2 4.270555e-04
8 192 2 3.968349e-04
9 192 2 4.085996e-04
10 192 2 4.486891e-04
11 192 2 5.356188e-04
12 192 2 6.431611e-04
1 200 2 3.256328e-02
2 200 2 3.349951e-02
3 200 2 2.739525e-02
4 200 2 1.811022e-02
5 200 2 1.185404e-02
6 200 2 9.654023e-03
7 200 2 9.171822e-03
8 200 2 9.891031e-03
9 200 2 1.095607e-02
10 200 2 1.400787e-02
11 200 2 1.946600e-02
12 200 2 2.682018e-02
1 201 2 2.354609e-02
2 201 2 2.429468e-02
3 201 2 2.224034e-02
4 201 2 1.711902e-02
5 201 2 1.290082e-02
6 201 2 1.067321e-02
7 201 2 1.008678e-02
8 201 2 1.043385e-02
9 201 2 1.032639e-02
10 201 2 1.228707e-02
11 201 2 1.566271e-02
12 201 2 1.950742e-02
1 206 2 1.240585e-02
2 206 2 1.339994e-02
3 206 2 1.212336e-02
4 206 2 1.034542e-02
5 206 2 8.555604e-03
6 206 2 7.459764e-03
7 206 2 6.398203e-03
8 206 2 6.282225e-03
9 206 2 6.800443e-03
10 206 2 7.697717e-03
11 206 2 9.023501e-03
12 206 2 1.063062e-02
1 207 2 4.702172e-04
2 207 2 5.134182e-04
3 207 2 4.869149e-04
4 207 2 4.415105e-04
5 207 2 3.915547e-04
6 207 2 3.358347e-04
7 207 2 2.960082e-04
8 207 2 2.914926e-04
9 207 2 2.940974e-04
10 207 2 3.239377e-04
11 207 2 3.491088e-04
12 207 2 3.993589e-04
1 212 2 5.403709e-04
2 212 2 5.768125e-04
3 212 2 5.119775e-04
4 212 2 4.304148e-04
5 212 2 3.354742e-04
6 212 2 2.707556e-04
7 212 2 2.247425e-04
8 212 2 2.172115e-04
9 212 2 2.466929e-04
10 212 2 2.910861e-04
11 212 2 3.452788e-04
12 212 2 4.565245e-04
1 213 2 1.176437e-04
2 213 2 1.285758e-04
3 213 2 1.089629e-04
4 213 2 9.220595e-05
5 213 2 7.114919e-05
6 213 2 5.484602e-05
7 213 2 4.654820e-05
8 213 2 4.544232e-05
9 213 2 5.473720e-05
10 213 2 6.745728e-05
11 213 2 8.283669e-05
12 213 2 1.013687e-04
1 214 2 4.184307e-03
2 214 2 4.435890e-03
3 214 2 3.563962e-03
4 214 2 2.647079e-03
5 214 2 1.956677e-03
6 214 2 1.441981e-03
7 214 2 1.248778e-03
8 214 2 1.287395e-03
9 214 2 1.625062e-03
10 214 2 2.178653e-03
11 214 2 2.982376e-03
12 214 2 3.617103e-03
1 215 2 1.549905e-03
2 215 2 1.594284e-03
3 215 2 1.486425e-03
4 215 2 1.184618e-03
5 215 2 9.622123e-04
6 215 2 7.731174e-04
7 215 2 6.680804e-04
8 215 2 6.697232e-04
9 215 2 7.531488e-04
10 215 2 8.960050e-04
11 215 2 1.128194e-03
12 215 2 1.362920e-03
1 216 2 1.062436e-03
2 216 2 1.109261e-03
3 216 2 1.040214e-03
4 216 2 8.456334e-04
5 216 2 6.771346e-04
6 216 2 5.825172e-04
7 216 2 5.118808e-04
8 216 2 4.894529e-04
9 216 2 5.078942e-04
10 216 2 5.772694e-04
11 216 2 6.943572e-04
12 216 2 8.923745e-04
1 224 2 9.521270e-04
2 224 2 1.040900e-03
3 224 2 9.083125e-04
4 224 2 7.821933e-04
5 224 2 6.316357e-04
6 224 2 5.367679e-04
7 224 2 4.876484e-04
8 224 2 5.093432e-04
9 224 2 5.238014e-04
10 224 2 6.177986e-04
11 224 2 7.377735e-04
12 224 2 8.802220e-04
1 240 2 6.564498e-05
2 240 2 6.695747e-05
3 240 2 6.123097e-05
4 240 2 5.407654e-05
5 240 2 4.699948e-05
6 240 2 4.053869e-05
7 240 2 3.971633e-05
8 240 2 4.094524e-05
9 240 2 3.985773e-05
10 240 2 4.292261e-05
11 240 2 4.716141e-05
12 240 2 5.844836e-05
