1 7 2 3.322092e-08
2 7 2 2.838026e-08
3 7 2 3.103794e-08
4 7 2 8.022034e-08
5 7 2 2.760154e-07
6 7 2 7.434132e-07
7 7 2 1.005860e-06
8 7 2 6.858049e-07
9 7 2 2.965876e-07
10 7 2 1.300232e-07
11 7 2 6.888804e-08
12 7 2 4.063946e-08
1 25 2 2.228436e-05
2 25 2 2.115891e-05
3 25 2 2.980941e-05
4 25 2 5.439554e-05
5 25 2 1.521725e-04
6 25 2 2.759455e-04
7 25 2 3.345268e-04
8 25 2 2.565229e-04
9 25 2 1.449490e-04
10 25 2 6.783089e-05
11 25 2 3.234256e-05
12 25 2 1.872947e-05
1 26 2 1.858709e-05
2 26 2 1.529735e-05
3 26 2 2.529543e-05
4 26 2 5.646147e-05
5 26 2 1.590433e-04
6 26 2 3.037682e-04
7 26 2 3.295876e-04
8 26 2 2.465984e-04
9 26 2 1.348764e-04
10 26 2 5.429301e-05
11 26 2 2.836588e-05
12 26 2 1.753719e-05
1 27 2 8.187250e-05
2 27 2 7.228608e-05
3 27 2 1.267171e-04
4 27 2 3.227329e-04
5 27 2 9.088400e-04
6 27 2 1.878683e-03
7 27 2 2.118836e-03
8 27 2 1.594792e-03
9 27 2 8.241322e-04
10 27 2 3.094815e-04
11 27 2 1.640142e-04
12 27 2 1.014540e-04
1 28 2 3.447106e-06
2 28 2 3.136959e-06
3 28 2 5.275820e-06
4 28 2 1.434094e-05
5 28 2 4.095215e-05
6 28 2 8.767789e-05
7 28 2 1.045324e-04
8 28 2 7.876635e-05
9 28 2 4.051908e-05
10 28 2 1.578022e-05
11 28 2 7.877713e-06
12 28 2 4.911317e-06
1 29 2 4.625057e-06
2 29 2 4.375318e-06
3 29 2 6.970098e-06
4 29 2 2.095793e-05
5 29 2 6.267342e-05
6 29 2 1.542450e-04
7 29 2 2.101172e-04
8 29 2 1.563286e-04
9 29 2 7.179390e-05
10 29 2 2.660949e-05
11 29 2 1.257841e-05
12 29 2 7.851996e-06
1 30 2 1.049347e-06
2 30 2 9.177196e-07
3 30 2 1.458578e-06
4 30 2 4.464294e-06
5 30 2 1.236679e-05
6 30 2 3.363285e-05
7 30 2 4.874922e-05
8 30 2 3.733247e-05
9 30 2 1.689165e-05
10 30 2 6.611700e-06
11 30 2 3.049795e-06
12 30 2 1.826517e-06
1 31 2 1.872670e-06
2 31 2 1.443050e-06
3 31 2 2.192168e-06
4 31 2 6.101532e-06
5 31 2 1.575712e-05
6 31 2 4.148769e-05
7 31 2 5.850685e-05
8 31 2 4.722528e-05
9 31 2 2.362523e-05
10 31 2 1.081919e-05
11 31 2 5.194532e-06
12 31 2 2.894634e-06
1 32 2 2.216914e-06
2 32 2 1.835178e-06
3 32 2 2.565262e-06
4 32 2 5.700115e-06
5 32 2 1.522424e-05
6 32 2 3.606323e-05
7 32 2 4.652585e-05
8 32 2 3.843244e-05
9 32 2 2.146112e-05
10 32 2 1.106342e-05
11 32 2 5.717123e-06
12 32 2 2.964959e-06
1 35 2 1.956315e-04
2 35 2 1.864074e-04
3 35 2 2.024935e-04
4 35 2 2.698410e-04
5 35 2 4.230116e-04
6 35 2 6.460311e-04
7 35 2 7.773738e-04
8 35 2 7.138351e-04
9 35 2 4.851499e-04
10 35 2 3.507627e-04
11 35 2 2.656840e-04
12 35 2 2.158442e-04
1 36 2 2.347171e-05
2 36 2 2.203537e-05
3 36 2 2.442170e-05
4 36 2 2.933260e-05
5 36 2 4.011720e-05
6 36 2 5.787238e-05
7 36 2 6.815731e-05
8 36 2 6.943371e-05
9 36 2 5.300081e-05
10 36 2 4.152401e-05
11 36 2 3.178189e-05
12 36 2 2.633399e-05
1 37 2 3.910923e-04
2 37 2 3.785230e-04
3 37 2 4.769566e-04
4 37 2 6.133021e-04
5 37 2 9.271957e-04
6 37 2 1.406293e-03
7 37 2 1.635591e-03
8 37 2 1.607825e-03
9 37 2 1.183210e-03
10 37 2 8.872003e-04
11 37 2 6.253087e-04
12 37 2 4.790398e-04
1 38 2 2.833855e-03
2 38 2 2.831314e-03
3 38 2 4.313134e-03
4 38 2 6.394932e-03
5 38 2 1.167549e-02
6 38 2 2.071726e-02
7 38 2 2.455951e-02
8 38 2 2.130023e-02
9 38 2 1.375832e-02
10 38 2 9.403801e-03
11 38 2 5.373517e-03
12 38 2 3.877737e-03
1 39 2 2.467192e-03
2 39 2 2.570318e-03
3 39 2 4.163384e-03
4 39 2 6.428612e-03
5 39 2 1.247364e-02
6 39 2 2.411468e-02
7 39 2 2.994369e-02
8 39 2 2.424294e-02
9 39 2 1.528062e-02
10 39 2 9.649531e-03
11 39 2 4.884383e-03
12 39 2 3.565246e-03
1 40 2 6.103707e-04
2 40 2 6.696825e-04
3 40 2 1.194369e-03
4 40 2 2.008426e-03
5 40 2 4.390521e-03
6 40 2 9.968416e-03
7 40 2 1.247203e-02
8 40 2 9.149167e-03
9 40 2 5.635793e-03
10 40 2 3.036619e-03
11 40 2 1.300800e-03
12 40 2 9.690550e-04
1 41 2 3.248932e-04
2 41 2 3.473270e-04
3 41 2 6.960317e-04
4 41 2 1.239682e-03
5 41 2 3.109304e-03
6 41 2 7.890178e-03
7 41 2 1.020153e-02
8 41 2 7.155306e-03
9 41 2 3.998717e-03
10 41 2 1.733081e-03
11 41 2 6.658032e-04
12 41 2 5.549384e-04
1 42 2 1.759615e-04
2 42 2 1.840592e-04
3 42 2 3.969212e-04
4 42 2 7.830033e-04
5 42 2 2.225947e-03
6 42 2 6.174109e-03
7 42 2 8.643029e-03
8 42 2 5.771951e-03
9 42 2 2.733321e-03
10 42 2 9.782264e-04
11 42 2 3.647014e-04
12 42 2 2.991845e-04
1 43 2 4.940398e-06
2 43 2 5.122556e-06
3 43 2 1.208657e-05
4 43 2 2.949160e-05
5 43 2 9.871379e-05
6 43 2 2.911224e-04
7 43 2 4.255806e-04
8 43 2 2.671499e-04
9 43 2 1.092426e-04
10 43 2 3.354025e-05
11 43 2 1.143795e-05
12 43 2 8.014656e-06
1 44 2 2.041215e-05
2 44 2 2.050962e-05
3 44 2 4.461157e-05
4 44 2 1.206063e-04
5 44 2 4.505814e-04
6 44 2 1.419931e-03
7 44 2 2.075308e-03
8 44 2 1.251398e-03
9 44 2 4.511100e-04
10 44 2 1.336547e-04
11 44 2 4.386587e-05
12 44 2 2.965826e-05
1 45 2 4.685292e-05
2 45 2 5.250843e-05
3 45 2 9.567946e-05
4 45 2 2.821664e-04
5 45 2 1.181658e-03
6 45 2 3.920864e-03
7 45 2 5.485237e-03
8 45 2 3.339955e-03
9 45 2 1.148535e-03
10 45 2 2.932450e-04
11 45 2 8.499911e-05
12 45 2 5.555122e-05
1 46 2 2.124835e-05
2 46 2 2.673094e-05
3 46 2 4.201902e-05
4 46 2 1.166826e-04
5 46 2 4.582076e-04
6 46 2 1.421309e-03
7 46 2 1.988311e-03
8 46 2 1.245898e-03
9 46 2 4.679949e-04
10 46 2 1.134364e-04
11 46 2 3.118815e-05
12 46 2 2.224151e-05
1 47 2 2.793518e-05
2 47 2 3.555136e-05
3 47 2 5.009742e-05
4 47 2 1.122447e-04
5 47 2 3.825858e-04
6 47 2 1.054023e-03
7 47 2 1.429481e-03
8 47 2 9.692903e-04
9 47 2 4.106209e-04
10 47 2 1.266512e-04
11 47 2 3.736543e-05
12 47 2 2.840269e-05
1 48 2 3.777824e-05
2 48 2 4.339730e-05
3 48 2 5.969056e-05
4 48 2 1.165631e-04
5 48 2 3.617176e-04
6 48 2 8.320124e-04
7 48 2 1.105667e-03
8 48 2 7.779002e-04
9 48 2 3.703119e-04
10 48 2 1.380654e-04
11 48 2 4.970180e-05
12 48 2 3.295921e-05
1 49 2 9.658096e-06
2 49 2 8.788015e-06
3 49 2 9.968187e-06
4 49 2 1.166688e-05
5 49 2 1.668612e-05
6 49 2 2.538697e-05
7 49 2 3.786049e-05
8 49 2 3.560247e-05
9 49 2 2.483231e-05
10 49 2 1.776991e-05
11 49 2 1.297347e-05
12 49 2 9.464125e-06
1 50 2 3.940127e-05
2 50 2 3.401114e-05
3 50 2 3.986631e-05
4 50 2 4.544347e-05
5 50 2 6.395851e-05
6 50 2 9.385823e-05
7 50 2 1.295382e-04
8 50 2 1.245721e-04
9 50 2 9.020149e-05
10 50 2 6.429941e-05
11 50 2 4.813974e-05
12 50 2 3.790479e-05
1 51 2 1.512418e-05
2 51 2 1.380319e-05
3 51 2 1.499869e-05
4 51 2 1.731345e-05
5 51 2 2.359867e-05
6 51 2 3.309526e-05
7 51 2 4.312795e-05
8 51 2 4.276983e-05
9 51 2 3.553546e-05
10 51 2 2.499473e-05
11 51 2 1.873264e-05
12 51 2 1.569852e-05
1 52 2 5.842386e-03
2 52 2 6.140848e-03
3 52 2 7.714302e-03
4 52 2 1.124640e-02
5 52 2 1.901914e-02
6 52 2 2.617460e-02
7 52 2 3.357378e-02
8 52 2 3.140299e-02
9 52 2 2.534966e-02
10 52 2 1.448137e-02
11 52 2 8.716369e-03
12 52 2 6.721649e-03
1 53 2 1.602581e-03
2 53 2 2.010654e-03
3 53 2 3.406472e-03
4 53 2 7.435311e-03
5 53 2 1.415910e-02
6 53 2 2.114315e-02
7 53 2 2.934920e-02
8 53 2 2.500893e-02
9 53 2 1.692624e-02
10 53 2 7.465184e-03
11 53 2 3.329673e-03
12 53 2 2.109483e-03
1 54 2 8.165958e-04
2 54 2 1.059334e-03
3 54 2 1.980997e-03
4 54 2 4.922582e-03
5 54 2 9.695954e-03
6 54 2 1.872816e-02
7 54 2 2.660424e-02
8 54 2 2.230834e-02
9 54 2 1.352966e-02
10 54 2 5.754127e-03
11 54 2 2.466482e-03
12 54 2 1.360559e-03
1 55 2 5.684754e-04
2 55 2 6.340016e-04
3 55 2 1.182713e-03
4 55 2 2.769381e-03
5 55 2 5.495576e-03
6 55 2 1.173634e-02
7 55 2 1.631440e-02
8 55 2 1.406976e-02
9 55 2 8.922128e-03
10 55 2 4.278018e-03
11 55 2 2.001521e-03
12 55 2 1.146077e-03
1 56 2 2.035378e-03
2 56 2 2.112278e-03
3 56 2 3.658522e-03
4 56 2 8.157983e-03
5 56 2 1.783226e-02
6 56 2 3.515131e-02
7 56 2 4.859976e-02
8 56 2 4.033534e-02
9 56 2 2.636413e-02
10 56 2 1.358376e-02
11 56 2 6.124062e-03
12 56 2 3.512209e-03
1 57 2 4.126145e-04
2 57 2 3.936752e-04
3 57 2 4.841980e-04
4 57 2 7.349369e-04
5 57 2 1.229665e-03
6 57 2 2.000818e-03
7 57 2 2.849187e-03
8 57 2 2.567814e-03
9 57 2 1.910455e-03
10 57 2 1.227177e-03
11 57 2 7.504251e-04
12 57 2 5.392966e-04
1 60 2 4.906417e-02
2 60 2 4.751421e-02
3 60 2 5.448937e-02
4 60 2 6.462359e-02
5 60 2 7.967575e-02
6 60 2 1.048528e-01
7 60 2 1.220696e-01
8 60 2 1.221209e-01
9 60 2 1.036372e-01
10 60 2 8.460234e-02
11 60 2 6.766209e-02
12 60 2 5.608494e-02
1 61 2 1.638055e-01
2 61 2 1.647908e-01
3 61 2 2.317755e-01
4 61 2 3.491027e-01
5 61 2 5.092344e-01
6 61 2 7.174288e-01
7 61 2 8.490075e-01
8 61 2 8.168155e-01
9 61 2 6.346871e-01
10 61 2 4.317180e-01
11 61 2 2.816358e-01
12 61 2 1.975370e-01
1 62 2 3.804800e-02
2 62 2 4.167152e-02
3 62 2 6.559858e-02
4 62 2 1.187534e-01
5 62 2 2.036877e-01
6 62 2 2.889473e-01
7 62 2 3.533242e-01
8 62 2 3.298153e-01
9 62 2 2.298227e-01
10 62 2 1.370522e-01
11 62 2 7.442541e-02
12 62 2 4.843393e-02
1 63 2 3.768835e-02
2 63 2 4.575204e-02
3 63 2 7.655518e-02
4 63 2 1.610149e-01
5 63 2 3.090141e-01
6 63 2 4.593988e-01
7 63 2 5.874600e-01
8 63 2 5.112053e-01
9 63 2 3.122282e-01
10 63 2 1.705112e-01
11 63 2 7.876037e-02
12 63 2 5.155987e-02
1 64 2 9.010976e-03
2 64 2 1.154400e-02
3 64 2 2.198256e-02
4 64 2 5.206935e-02
5 64 2 1.115161e-01
6 64 2 1.786233e-01
7 64 2 2.264089e-01
8 64 2 1.770012e-01
9 64 2 1.013483e-01
10 64 2 4.480383e-02
11 64 2 2.047315e-02
12 64 2 1.401096e-02
1 65 2 3.047042e-03
2 65 2 3.778352e-03
3 65 2 8.277659e-03
4 65 2 2.334329e-02
5 65 2 4.894344e-02
6 65 2 8.318121e-02
7 65 2 1.078147e-01
8 65 2 8.046702e-02
9 65 2 4.563835e-02
10 65 2 1.619505e-02
11 65 2 7.129381e-03
12 65 2 5.166652e-03
1 66 2 2.018836e-03
2 66 2 2.495911e-03
3 66 2 5.933495e-03
4 66 2 1.946583e-02
5 66 2 4.047502e-02
6 66 2 6.959862e-02
7 66 2 9.598810e-02
8 66 2 7.256710e-02
9 66 2 4.105003e-02
10 66 2 1.360035e-02
11 66 2 5.211856e-03
12 66 2 3.232813e-03
1 67 2 6.944220e-04
2 67 2 9.259794e-04
3 67 2 2.354772e-03
4 67 2 8.698731e-03
5 67 2 1.973692e-02
6 67 2 3.366146e-02
7 67 2 4.706243e-02
8 67 2 3.621839e-02
9 67 2 1.980894e-02
10 67 2 7.284672e-03
11 67 2 2.303468e-03
12 67 2 1.036779e-03
1 68 2 1.752767e-04
2 68 2 2.353494e-04
3 68 2 6.989745e-04
4 68 2 3.212856e-03
5 68 2 8.755443e-03
6 68 2 1.677814e-02
7 68 2 2.405668e-02
8 68 2 1.789177e-02
9 68 2 8.586434e-03
10 68 2 3.154553e-03
11 68 2 7.193498e-04
12 68 2 2.503088e-04
1 69 2 1.048488e-04
2 69 2 1.486562e-04
3 69 2 3.555011e-04
4 69 2 1.558894e-03
5 69 2 4.998666e-03
6 69 2 1.182990e-02
7 69 2 1.733071e-02
8 69 2 1.334114e-02
9 69 2 5.731268e-03
10 69 2 1.863587e-03
11 69 2 3.610959e-04
12 69 2 1.357955e-04
1 70 2 4.204987e-04
2 70 2 4.914825e-04
3 70 2 7.042802e-04
4 70 2 1.837431e-03
5 70 2 4.607692e-03
6 70 2 1.118879e-02
7 70 2 1.811110e-02
8 70 2 1.650653e-02
9 70 2 8.522865e-03
10 70 2 3.037967e-03
11 70 2 9.239685e-04
12 70 2 5.201273e-04
1 71 2 3.539296e-04
2 71 2 3.591557e-04
3 71 2 4.064120e-04
4 71 2 6.521684e-04
5 71 2 1.263008e-03
6 71 2 2.634753e-03
7 71 2 4.043519e-03
8 71 2 4.020272e-03
9 71 2 2.579368e-03
10 71 2 1.228519e-03
11 71 2 5.868947e-04
12 71 2 4.076182e-04
1 72 2 1.487089e-06
2 72 2 1.420300e-06
3 72 2 1.538747e-06
4 72 2 1.961918e-06
5 72 2 3.052599e-06
6 72 2 5.311625e-06
7 72 2 8.227098e-06
8 72 2 7.912539e-06
9 72 2 5.535877e-06
10 72 2 3.356642e-06
11 72 2 2.068154e-06
12 72 2 1.476934e-06
1 76 2 1.378677e-02
2 76 2 1.261348e-02
3 76 2 1.274043e-02
4 76 2 1.385855e-02
5 76 2 1.884094e-02
6 76 2 2.686598e-02
7 76 2 3.602578e-02
8 76 2 3.844611e-02
9 76 2 3.663167e-02
10 76 2 2.446264e-02
11 76 2 1.579166e-02
12 76 2 1.381118e-02
1 77 2 1.365295e-02
2 77 2 1.772824e-02
3 77 2 2.322294e-02
4 77 2 3.753337e-02
5 77 2 6.302004e-02
6 77 2 9.729638e-02
7 77 2 1.321995e-01
8 77 2 1.254788e-01
9 77 2 9.294936e-02
10 77 2 4.695911e-02
11 77 2 2.060580e-02
12 77 2 1.298773e-02
1 78 2 1.534982e-02
2 78 2 2.097337e-02
3 78 2 2.920667e-02
4 78 2 5.238524e-02
5 78 2 8.191538e-02
6 78 2 1.300532e-01
7 78 2 1.605363e-01
8 78 2 1.503228e-01
9 78 2 9.746764e-02
10 78 2 5.168900e-02
11 78 2 2.791317e-02
12 78 2 1.611522e-02
1 79 2 4.990495e-02
2 79 2 6.123420e-02
3 79 2 8.990948e-02
4 79 2 1.491298e-01
5 79 2 2.265695e-01
6 79 2 3.701399e-01
7 79 2 4.535602e-01
8 79 2 4.296679e-01
9 79 2 2.966882e-01
10 79 2 1.790945e-01
11 79 2 1.020388e-01
12 79 2 6.250709e-02
1 80 2 2.421208e-02
2 80 2 2.425936e-02
3 80 2 3.048340e-02
4 80 2 4.121705e-02
5 80 2 6.147157e-02
6 80 2 9.352678e-02
7 80 2 1.204299e-01
8 80 2 1.192236e-01
9 80 2 9.895343e-02
10 80 2 6.937669e-02
11 80 2 4.047160e-02
12 80 2 2.991525e-02
1 81 2 6.234901e-09
2 81 2 5.650323e-09
3 81 2 5.951325e-09
4 81 2 7.056812e-09
5 81 2 1.016175e-08
6 81 2 1.369266e-08
7 81 2 1.827050e-08
8 81 2 1.960384e-08
9 81 2 1.782601e-08
10 81 2 1.367777e-08
11 81 2 9.041531e-09
12 81 2 7.402267e-09
1 84 2 6.067411e-02
2 84 2 6.414780e-02
3 84 2 7.933799e-02
4 84 2 1.002584e-01
5 84 2 1.344163e-01
6 84 2 2.202508e-01
7 84 2 2.949871e-01
8 84 2 2.826709e-01
9 84 2 2.121012e-01
10 84 2 1.338571e-01
11 84 2 8.992214e-02
12 84 2 6.869080e-02
1 85 2 6.634824e-02
2 85 2 7.471335e-02
3 85 2 9.713940e-02
4 85 2 1.411345e-01
5 85 2 2.259256e-01
6 85 2 3.451367e-01
7 85 2 4.775287e-01
8 85 2 4.542772e-01
9 85 2 3.271104e-01
10 85 2 1.804360e-01
11 85 2 1.017583e-01
12 85 2 7.383593e-02
1 86 2 1.970096e-02
2 86 2 2.230561e-02
3 86 2 2.850492e-02
4 86 2 4.140411e-02
5 86 2 6.654458e-02
6 86 2 9.655473e-02
7 86 2 1.326406e-01
8 86 2 1.330744e-01
9 86 2 9.850043e-02
10 86 2 5.711932e-02
11 86 2 3.146413e-02
12 86 2 2.248720e-02
1 87 2 1.489894e-02
2 87 2 2.015655e-02
3 87 2 2.877986e-02
4 87 2 4.549440e-02
5 87 2 7.981387e-02
6 87 2 1.199704e-01
7 87 2 1.626427e-01
8 87 2 1.657275e-01
9 87 2 1.201532e-01
10 87 2 6.764943e-02
11 87 2 2.972338e-02
12 87 2 1.806729e-02
1 88 2 7.890686e-03
2 88 2 1.120541e-02
3 88 2 1.757174e-02
4 88 2 3.334049e-02
5 88 2 6.842450e-02
6 88 2 1.075445e-01
7 88 2 1.377257e-01
8 88 2 1.207962e-01
9 88 2 7.805856e-02
10 88 2 3.688902e-02
11 88 2 1.891186e-02
12 88 2 1.050484e-02
1 89 2 6.620874e-03
2 89 2 9.212088e-03
3 89 2 1.748425e-02
4 89 2 3.288490e-02
5 89 2 6.562560e-02
6 89 2 9.803702e-02
7 89 2 1.143665e-01
8 89 2 1.001578e-01
9 89 2 6.536352e-02
10 89 2 3.110456e-02
11 89 2 1.711529e-02
12 89 2 9.473383e-03
1 90 2 1.538829e-03
2 90 2 2.028126e-03
3 90 2 4.024598e-03
4 90 2 7.223297e-03
5 90 2 1.109095e-02
6 90 2 1.468074e-02
7 90 2 1.648737e-02
8 90 2 1.525538e-02
9 90 2 1.111747e-02
10 90 2 6.631098e-03
11 90 2 3.656078e-03
12 90 2 2.081325e-03
1 91 2 5.319095e-05
2 91 2 7.526285e-05
3 91 2 1.572408e-04
4 91 2 2.971356e-04
5 91 2 4.385258e-04
6 91 2 5.574072e-04
7 91 2 6.258871e-04
8 91 2 5.739985e-04
9 91 2 4.127168e-04
10 91 2 2.554727e-04
11 91 2 1.324062e-04
12 91 2 6.797159e-05
1 92 2 2.926594e-04
2 92 2 4.180462e-04
3 92 2 1.047936e-03
4 92 2 2.500133e-03
5 92 2 4.714888e-03
6 92 2 7.224869e-03
7 92 2 8.672481e-03
8 92 2 7.893348e-03
9 92 2 4.938155e-03
10 92 2 2.624471e-03
11 92 2 1.029319e-03
12 92 2 4.418615e-04
1 93 2 6.703507e-03
2 93 2 8.088380e-03
3 93 2 1.663014e-02
4 93 2 3.875839e-02
5 93 2 6.914279e-02
6 93 2 1.097247e-01
7 93 2 1.471900e-01
8 93 2 1.447003e-01
9 93 2 9.732615e-02
10 93 2 5.604804e-02
11 93 2 2.400282e-02
12 93 2 9.997657e-03
1 94 2 5.807341e-03
2 94 2 5.778064e-03
3 94 2 7.715112e-03
4 94 2 1.367260e-02
5 94 2 2.333830e-02
6 94 2 3.674901e-02
7 94 2 5.076861e-02
8 94 2 5.532654e-02
9 94 2 4.557331e-02
10 94 2 2.750797e-02
11 94 2 1.476421e-02
12 94 2 8.066809e-03
1 98 2 1.746195e-03
2 98 2 1.625476e-03
3 98 2 1.530637e-03
4 98 2 1.629688e-03
5 98 2 1.849584e-03
6 98 2 2.116471e-03
7 98 2 2.380595e-03
8 98 2 2.509031e-03
9 98 2 2.475852e-03
10 98 2 2.340341e-03
11 98 2 2.105120e-03
12 98 2 1.915682e-03
1 101 2 4.014815e-03
2 101 2 4.125359e-03
3 101 2 4.227425e-03
4 101 2 5.213056e-03
5 101 2 6.704093e-03
6 101 2 7.827727e-03
7 101 2 8.355651e-03
8 101 2 8.372655e-03
9 101 2 8.049191e-03
10 101 2 6.901356e-03
11 101 2 5.306954e-03
12 101 2 4.256556e-03
1 102 2 2.916763e-02
2 102 2 3.296998e-02
3 102 2 4.052072e-02
4 102 2 5.068327e-02
5 102 2 5.865255e-02
6 102 2 6.402977e-02
7 102 2 6.583281e-02
8 102 2 6.666467e-02
9 102 2 6.008348e-02
10 102 2 4.628837e-02
11 102 2 3.715222e-02
12 102 2 3.045086e-02
1 103 2 2.019951e-02
2 103 2 2.061377e-02
3 103 2 2.246642e-02
4 103 2 2.538621e-02
5 103 2 2.956426e-02
6 103 2 3.383251e-02
7 103 2 3.660248e-02
8 103 2 3.841349e-02
9 103 2 3.767569e-02
10 103 2 3.292528e-02
11 103 2 2.708621e-02
12 103 2 2.252129e-02
1 104 2 6.732553e-03
2 104 2 6.460388e-03
3 104 2 6.530584e-03
4 104 2 7.159843e-03
5 104 2 8.372086e-03
6 104 2 9.607374e-03
7 104 2 1.078260e-02
8 104 2 1.164784e-02
9 104 2 1.174159e-02
10 104 2 1.096897e-02
11 104 2 9.022969e-03
12 104 2 7.471007e-03
1 107 2 3.158641e-03
2 107 2 3.332309e-03
3 107 2 3.890590e-03
4 107 2 4.458188e-03
5 107 2 4.999578e-03
6 107 2 6.400660e-03
7 107 2 6.996193e-03
8 107 2 6.967885e-03
9 107 2 6.522983e-03
10 107 2 5.579448e-03
11 107 2 4.435456e-03
12 107 2 3.468694e-03
1 108 2 3.264094e-04
2 108 2 4.171517e-04
3 108 2 6.059575e-04
4 108 2 9.384958e-04
5 108 2 1.456796e-03
6 108 2 1.999498e-03
7 108 2 2.140402e-03
8 108 2 1.891665e-03
9 108 2 1.530656e-03
10 108 2 1.056046e-03
11 108 2 5.500929e-04
12 108 2 3.501879e-04
1 109 2 6.191619e-04
2 109 2 8.178226e-04
3 109 2 1.279127e-03
4 109 2 2.219816e-03
5 109 2 3.782087e-03
6 109 2 4.767512e-03
7 109 2 4.844222e-03
8 109 2 4.453201e-03
9 109 2 3.576048e-03
10 109 2 2.509185e-03
11 109 2 1.116023e-03
12 109 2 6.519392e-04
1 110 2 2.727145e-04
2 110 2 3.473861e-04
3 110 2 5.579198e-04
4 110 2 8.636381e-04
5 110 2 1.339468e-03
6 110 2 1.551168e-03
7 110 2 1.667656e-03
8 110 2 1.649298e-03
9 110 2 1.388671e-03
10 110 2 1.012429e-03
11 110 2 4.897167e-04
12 110 2 2.882525e-04
1 111 2 9.363136e-03
2 111 2 1.171055e-02
3 111 2 1.895913e-02
4 111 2 2.873414e-02
5 111 2 4.342746e-02
6 111 2 5.569478e-02
7 111 2 5.887356e-02
8 111 2 5.831199e-02
9 111 2 4.965776e-02
10 111 2 3.232480e-02
11 111 2 1.741313e-02
12 111 2 1.063626e-02
1 112 2 1.077948e-02
2 112 2 1.389882e-02
3 112 2 2.438249e-02
4 112 2 4.054666e-02
5 112 2 6.165803e-02
6 112 2 7.513759e-02
7 112 2 7.652562e-02
8 112 2 7.132978e-02
9 112 2 5.445244e-02
10 112 2 3.614953e-02
11 112 2 2.074605e-02
12 112 2 1.275239e-02
1 113 2 6.184932e-03
2 113 2 7.835734e-03
3 113 2 1.316408e-02
4 113 2 1.968568e-02
5 113 2 2.422511e-02
6 113 2 2.115211e-02
7 113 2 1.814976e-02
8 113 2 1.733450e-02
9 113 2 1.714464e-02
10 113 2 1.565469e-02
11 113 2 1.094947e-02
12 113 2 7.395384e-03
1 114 2 1.685762e-02
2 114 2 2.285979e-02
3 114 2 4.072862e-02
4 114 2 5.936947e-02
5 114 2 6.849491e-02
6 114 2 5.014213e-02
7 114 2 4.141400e-02
8 114 2 3.796096e-02
9 114 2 3.663367e-02
10 114 2 3.278781e-02
11 114 2 2.499486e-02
12 114 2 1.851461e-02
1 115 2 5.818553e-03
2 115 2 8.465474e-03
3 115 2 1.341915e-02
4 115 2 1.663422e-02
5 115 2 1.485514e-02
6 115 2 1.379251e-02
7 115 2 1.330262e-02
8 115 2 1.276292e-02
9 115 2 1.173808e-02
10 115 2 1.048977e-02
11 115 2 7.968479e-03
12 115 2 5.716785e-03
1 116 2 4.385799e-03
2 116 2 5.614358e-03
3 116 2 8.585692e-03
4 116 2 1.215273e-02
5 116 2 1.413439e-02
6 116 2 1.609549e-02
7 116 2 1.687424e-02
8 116 2 1.615239e-02
9 116 2 1.308524e-02
10 116 2 1.046135e-02
11 116 2 7.599969e-03
12 116 2 5.006533e-03
1 117 2 8.635301e-04
2 117 2 9.017414e-04
3 117 2 1.138816e-03
4 117 2 1.558893e-03
5 117 2 1.985124e-03
6 117 2 2.351933e-03
7 117 2 2.503877e-03
8 117 2 2.500594e-03
9 117 2 2.281640e-03
10 117 2 1.953222e-03
11 117 2 1.576762e-03
12 117 2 1.139033e-03
1 126 2 7.408240e-05
2 126 2 7.700108e-05
3 126 2 8.345864e-05
4 126 2 8.812724e-05
5 126 2 8.707053e-05
6 126 2 8.092229e-05
7 126 2 7.800439e-05
8 126 2 7.876648e-05
9 126 2 7.834950e-05
10 126 2 7.699092e-05
11 126 2 7.522969e-05
12 126 2 7.409065e-05
1 127 2 7.449155e-03
2 127 2 7.575943e-03
3 127 2 7.996246e-03
4 127 2 8.301801e-03
5 127 2 8.414902e-03
6 127 2 8.150898e-03
7 127 2 8.153148e-03
8 127 2 8.340249e-03
9 127 2 8.251342e-03
10 127 2 7.920646e-03
11 127 2 7.676088e-03
12 127 2 7.581071e-03
1 128 2 3.376623e-02
2 128 2 3.467761e-02
3 128 2 3.559877e-02
4 128 2 3.475045e-02
5 128 2 3.380362e-02
6 128 2 3.278819e-02
7 128 2 3.494616e-02
8 128 2 3.973394e-02
9 128 2 4.177987e-02
10 128 2 3.946305e-02
11 128 2 3.588588e-02
12 128 2 3.381164e-02
1 129 2 9.625777e-04
2 129 2 9.493614e-04
3 129 2 9.733053e-04
4 129 2 1.001531e-03
5 129 2 1.016985e-03
6 129 2 1.044497e-03
7 129 2 1.091396e-03
8 129 2 1.189620e-03
9 129 2 1.242902e-03
10 129 2 1.248377e-03
11 129 2 1.139811e-03
12 129 2 1.012584e-03
1 133 2 2.068382e-02
2 133 2 2.404800e-02
3 133 2 2.886833e-02
4 133 2 2.964014e-02
5 133 2 2.827366e-02
6 133 2 2.598731e-02
7 133 2 2.319392e-02
8 133 2 2.171847e-02
9 133 2 2.264752e-02
10 133 2 2.412049e-02
11 133 2 2.301133e-02
12 133 2 2.013493e-02
1 135 2 8.939439e-04
2 135 2 1.007162e-03
3 135 2 1.197746e-03
4 135 2 1.289916e-03
5 135 2 1.239486e-03
6 135 2 1.105748e-03
7 135 2 9.552571e-04
8 135 2 9.648170e-04
9 135 2 1.025228e-03
10 135 2 9.641677e-04
11 135 2 9.241463e-04
12 135 2 8.681091e-04
1 136 2 1.000748e-03
2 136 2 1.029972e-03
3 136 2 1.273752e-03
4 136 2 1.548495e-03
5 136 2 1.695672e-03
6 136 2 1.547099e-03
7 136 2 1.369002e-03
8 136 2 1.365862e-03
9 136 2 1.372922e-03
10 136 2 1.291505e-03
11 136 2 1.221111e-03
12 136 2 1.084362e-03
1 137 2 2.431908e-04
2 137 2 2.551322e-04
3 137 2 2.925144e-04
4 137 2 3.214303e-04
5 137 2 3.172712e-04
6 137 2 2.919213e-04
7 137 2 2.700583e-04
8 137 2 2.605793e-04
9 137 2 2.607430e-04
10 137 2 2.716340e-04
11 137 2 2.685613e-04
12 137 2 2.532293e-04
1 138 2 9.727714e-03
2 138 2 1.069717e-02
3 138 2 1.241030e-02
4 138 2 1.381189e-02
5 138 2 1.393535e-02
6 138 2 1.224777e-02
7 138 2 1.134639e-02
8 138 2 1.094219e-02
9 138 2 1.097204e-02
10 138 2 1.103598e-02
11 138 2 1.070511e-02
12 138 2 9.928091e-03
1 139 2 1.641334e-02
2 139 2 1.869177e-02
3 139 2 2.088621e-02
4 139 2 2.192156e-02
5 139 2 2.161264e-02
6 139 2 2.012723e-02
7 139 2 1.904341e-02
8 139 2 1.833242e-02
9 139 2 1.809480e-02
10 139 2 1.823528e-02
11 139 2 1.735226e-02
12 139 2 1.588368e-02
1 140 2 5.437548e-03
2 140 2 5.622627e-03
3 140 2 6.106609e-03
4 140 2 6.918687e-03
5 140 2 7.346656e-03
6 140 2 7.056476e-03
7 140 2 6.681336e-03
8 140 2 6.444092e-03
9 140 2 6.350148e-03
10 140 2 6.385243e-03
11 140 2 6.250383e-03
12 140 2 5.827266e-03
1 141 2 8.530766e-03
2 141 2 8.442498e-03
3 141 2 8.684313e-03
4 141 2 9.530961e-03
5 141 2 1.028517e-02
6 141 2 1.017035e-02
7 141 2 9.895336e-03
8 141 2 9.595467e-03
9 141 2 9.514145e-03
10 141 2 9.536513e-03
11 141 2 9.631699e-03
12 141 2 9.351628e-03
1 150 2 9.877971e-06
2 150 2 1.081299e-05
3 150 2 1.157408e-05
4 150 2 1.183544e-05
5 150 2 1.107437e-05
6 150 2 9.767092e-06
7 150 2 8.910313e-06
8 150 2 8.695148e-06
9 150 2 8.414037e-06
10 150 2 8.222603e-06
11 150 2 8.382470e-06
12 150 2 8.918708e-06
1 151 2 6.401193e-03
2 151 2 6.808415e-03
3 151 2 7.218939e-03
4 151 2 7.389158e-03
5 151 2 7.149524e-03
6 151 2 6.729916e-03
7 151 2 6.581214e-03
8 151 2 6.835302e-03
9 151 2 6.507815e-03
10 151 2 6.106912e-03
11 151 2 5.927840e-03
12 151 2 6.075725e-03
1 152 2 5.074657e-03
2 152 2 5.140255e-03
3 152 2 5.187840e-03
4 152 2 4.929788e-03
5 152 2 4.738847e-03
6 152 2 4.654213e-03
7 152 2 5.321010e-03
8 152 2 7.094926e-03
9 152 2 7.532040e-03
10 152 2 6.419628e-03
11 152 2 5.505097e-03
12 152 2 5.091084e-03
1 153 2 5.880974e-03
2 153 2 6.023627e-03
3 153 2 6.355341e-03
4 153 2 6.233751e-03
5 153 2 6.019944e-03
6 153 2 5.910378e-03
7 153 2 6.899288e-03
8 153 2 9.016127e-03
9 153 2 1.096612e-02
10 153 2 9.801463e-03
11 153 2 7.414304e-03
12 153 2 6.186234e-03
1 154 2 1.599946e-02
2 154 2 1.591266e-02
3 154 2 1.655916e-02
4 154 2 1.586675e-02
5 154 2 1.483686e-02
6 154 2 1.334592e-02
7 154 2 1.260206e-02
8 154 2 1.312797e-02
9 154 2 1.480161e-02
10 154 2 1.663436e-02
11 154 2 1.753076e-02
12 154 2 1.695141e-02
1 157 2 6.380899e-04
2 157 2 6.625926e-04
3 157 2 7.094003e-04
4 157 2 6.994068e-04
5 157 2 6.817206e-04
6 157 2 6.409346e-04
7 157 2 6.115430e-04
8 157 2 6.053787e-04
9 157 2 6.010032e-04
10 157 2 6.114824e-04
11 157 2 6.158663e-04
12 157 2 6.239035e-04
1 163 2 2.967753e-03
2 163 2 3.007516e-03
3 163 2 3.096764e-03
4 163 2 3.282590e-03
5 163 2 3.285793e-03
6 163 2 3.037845e-03
7 163 2 2.808478e-03
8 163 2 2.637216e-03
9 163 2 2.674980e-03
10 163 2 2.830025e-03
11 163 2 2.940656e-03
12 163 2 2.963697e-03
1 164 2 1.122798e-02
2 164 2 1.113198e-02
3 164 2 1.144186e-02
4 164 2 1.197563e-02
5 164 2 1.183476e-02
6 164 2 1.094624e-02
7 164 2 1.013171e-02
8 164 2 9.896819e-03
9 164 2 1.059748e-02
10 164 2 1.161000e-02
11 164 2 1.184447e-02
12 164 2 1.164724e-02
1 165 2 4.922510e-03
2 165 2 4.824407e-03
3 165 2 4.885057e-03
4 165 2 4.993108e-03
5 165 2 4.938304e-03
6 165 2 4.543939e-03
7 165 2 4.284313e-03
8 165 2 4.336502e-03
9 165 2 4.622243e-03
10 165 2 4.942179e-03
11 165 2 5.198966e-03
12 165 2 5.205091e-03
1 166 2 2.149430e-03
2 166 2 2.127972e-03
3 166 2 2.092815e-03
4 166 2 2.082996e-03
5 166 2 2.014791e-03
6 166 2 1.863346e-03
7 166 2 1.759563e-03
8 166 2 1.772690e-03
9 166 2 1.839035e-03
10 166 2 1.934530e-03
11 166 2 2.085707e-03
12 166 2 2.190796e-03
1 170 2 9.839118e-05
2 170 2 1.082108e-04
3 170 2 1.063165e-04
4 170 2 9.663604e-05
5 170 2 8.052668e-05
6 170 2 6.770888e-05
7 170 2 6.404200e-05
8 170 2 6.113949e-05
9 170 2 6.216779e-05
10 170 2 6.922340e-05
11 170 2 7.637514e-05
12 170 2 8.795070e-05
1 171 2 3.528283e-04
2 171 2 3.873040e-04
3 171 2 3.919928e-04
4 171 2 3.487496e-04
5 171 2 2.901205e-04
6 171 2 2.486196e-04
7 171 2 2.257198e-04
8 171 2 2.138766e-04
9 171 2 2.169928e-04
10 171 2 2.360276e-04
11 171 2 2.693880e-04
12 171 2 3.182559e-04
1 175 2 1.017868e-05
2 175 2 1.076123e-05
3 175 2 1.079210e-05
4 175 2 1.010809e-05
5 175 2 8.782336e-06
6 175 2 8.002933e-06
7 175 2 7.836880e-06
8 175 2 7.770713e-06
9 175 2 7.227610e-06
10 175 2 7.306091e-06
11 175 2 7.638450e-06
12 175 2 8.910295e-06
1 176 2 7.018899e-03
2 176 2 7.071524e-03
3 176 2 6.922999e-03
4 176 2 6.114512e-03
5 176 2 4.946367e-03
6 176 2 4.482337e-03
7 176 2 4.474162e-03
8 176 2 5.104424e-03
9 176 2 5.559246e-03
10 176 2 5.933070e-03
11 176 2 6.333110e-03
12 176 2 6.727317e-03
1 177 2 3.216652e-02
2 177 2 3.125707e-02
3 177 2 2.951250e-02
4 177 2 2.580672e-02
5 177 2 2.110286e-02
6 177 2 1.802006e-02
7 177 2 1.874960e-02
8 177 2 2.246547e-02
9 177 2 2.823558e-02
10 177 2 2.936392e-02
11 177 2 2.995952e-02
12 177 2 3.002073e-02
1 178 2 1.172704e-02
2 178 2 1.158998e-02
3 178 2 1.110985e-02
4 178 2 9.311837e-03
5 178 2 8.107859e-03
6 178 2 6.852945e-03
7 178 2 6.526997e-03
8 178 2 6.575034e-03
9 178 2 7.498660e-03
10 178 2 8.068345e-03
11 178 2 9.112738e-03
12 178 2 1.011705e-02
1 181 2 1.434687e-04
2 181 2 1.515346e-04
3 181 2 1.536214e-04
4 181 2 1.468826e-04
5 181 2 1.211324e-04
6 181 2 1.047428e-04
7 181 2 9.261416e-05
8 181 2 9.478304e-05
9 181 2 1.026878e-04
10 181 2 1.111917e-04
11 181 2 1.259261e-04
12 181 2 1.340748e-04
1 182 2 1.710916e-02
2 182 2 1.581414e-02
3 182 2 1.491203e-02
4 182 2 1.245657e-02
5 182 2 9.754607e-03
6 182 2 7.295862e-03
7 182 2 7.233831e-03
8 182 2 1.005230e-02
9 182 2 1.394865e-02
10 182 2 1.710753e-02
11 182 2 1.890734e-02
12 182 2 1.814825e-02
1 183 2 3.635144e-03
2 183 2 3.492165e-03
3 183 2 3.333927e-03
4 183 2 3.022961e-03
5 183 2 2.543467e-03
6 183 2 2.064325e-03
7 183 2 1.920638e-03
8 183 2 2.280684e-03
9 183 2 2.651814e-03
10 183 2 3.137093e-03
11 183 2 3.415341e-03
12 183 2 3.512899e-03
1 184 2 1.135152e-03
2 184 2 1.150202e-03
3 184 2 1.113953e-03
4 184 2 1.002485e-03
5 184 2 8.334132e-04
6 184 2 6.735550e-04
7 184 2 6.073772e-04
8 184 2 6.343461e-04
9 184 2 6.719837e-04
10 184 2 7.716887e-04
11 184 2 9.029276e-04
12 184 2 1.029138e-03
1 188 2 3.207837e-04
2 188 2 3.179869e-04
3 188 2 2.947453e-04
4 188 2 2.406797e-04
5 188 2 1.701028e-04
6 188 2 1.293862e-04
7 188 2 1.113357e-04
8 188 2 1.132537e-04
9 188 2 1.534015e-04
10 188 2 2.015912e-04
11 188 2 2.400752e-04
12 188 2 2.994383e-04
1 189 2 2.797631e-04
2 189 2 2.585575e-04
3 189 2 2.345347e-04
4 189 2 1.733560e-04
5 189 2 1.147772e-04
6 189 2 8.116611e-05
7 189 2 7.717162e-05
8 189 2 9.479231e-05
9 189 2 1.524900e-04
10 189 2 2.171234e-04
11 189 2 2.640945e-04
12 189 2 2.759775e-04
1 190 2 1.145761e-03
2 190 2 1.085630e-03
3 190 2 9.423288e-04
4 190 2 6.674318e-04
5 190 2 4.656671e-04
6 190 2 3.378149e-04
7 190 2 3.174150e-04
8 190 2 3.826428e-04
9 190 2 5.374646e-04
10 190 2 7.326942e-04
11 190 2 9.600632e-04
12 190 2 1.077173e-03
1 191 2 8.214034e-04
2 191 2 8.511909e-04
3 191 2 8.273617e-04
4 191 2 6.834937e-04
5 191 2 5.620496e-04
6 191 2 4.617139e-04
7 191 2 4.059243e-04
8 191 2 4.122514e-04
9 191 2 4.497746e-04
10 191 2 5.048259e-04
11 191 2 6.208828e-04
12 191 2 7.304630e-04
1 192 2 6.788083e-04
2 192 2 7.336030e-04
3 192 2 7.147558e-04
4 192 2 6.188715e-04
5 192 2 5.230398e-04
6 192 2 4.453474e-04
7 192 2 3.913717e-04
8 192 2 3.636762e-04
9 192 2 3.744580e-04
10 192 2 4.111977e-04
11 192 2 4.908637e-04
12 192 2 5.894200e-04
1 200 2 2.975721e-02
2 200 2 3.061276e-02
3 200 2 2.503452e-02
4 200 2 1.654961e-02
5 200 2 1.083255e-02
6 200 2 8.822107e-03
7 200 2 8.381459e-03
8 200 2 9.038692e-03
9 200 2 1.001195e-02
10 200 2 1.280077e-02
11 200 2 1.778855e-02
12 200 2 2.450901e-02
1 201 2 2.158162e-02
2 201 2 2.226776e-02
3 201 2 2.038481e-02
4 201 2 1.569077e-02
5 201 2 1.182449e-02
6 201 2 9.782731e-03
7 201 2 9.245228e-03
8 201 2 9.563348e-03
9 201 2 9.464852e-03
10 201 2 1.126195e-02
11 201 2 1.435596e-02
12 201 2 1.787990e-02
1 206 2 1.137238e-02
2 206 2 1.228365e-02
3 206 2 1.111342e-02
4 206 2 9.483586e-03
5 206 2 7.842876e-03
6 206 2 6.838326e-03
7 206 2 5.865198e-03
8 206 2 5.758882e-03
9 206 2 6.233929e-03
10 206 2 7.056456e-03
11 206 2 8.271794e-03
12 206 2 9.745031e-03
1 207 2 4.311232e-04
2 207 2 4.707324e-04
3 207 2 4.464326e-04
4 207 2 4.048031e-04
5 207 2 3.590007e-04
6 207 2 3.079133e-04
7 207 2 2.713980e-04
8 207 2 2.672578e-04
9 207 2 2.696461e-04
10 207 2 2.970054e-04
11 207 2 3.200838e-04
12 207 2 3.661561e-04
1 212 2 4.518246e-04
2 212 2 4.822948e-04
3 212 2 4.280838e-04
4 212 2 3.598861e-04
5 212 2 2.805027e-04
6 212 2 2.263890e-04
7 212 2 1.879157e-04
8 212 2 1.816188e-04
9 212 2 2.062693e-04
10 212 2 2.433881e-04
11 212 2 2.887007e-04
12 212 2 3.817175e-04
1 213 2 9.830689e-05
2 213 2 1.074420e-04
3 213 2 9.105290e-05
4 213 2 7.705026e-05
5 213 2 5.945455e-05
6 213 2 4.583110e-05
7 213 2 3.889718e-05
8 213 2 3.797307e-05
9 213 2 4.574017e-05
10 213 2 5.636948e-05
11 213 2 6.922101e-05
12 213 2 8.470697e-05
1 214 2 3.494643e-03
2 214 2 3.704759e-03
3 214 2 2.976544e-03
4 214 2 2.210783e-03
5 214 2 1.634174e-03
6 214 2 1.204312e-03
7 214 2 1.042952e-03
8 214 2 1.075205e-03
9 214 2 1.357217e-03
10 214 2 1.819564e-03
11 214 2 2.490816e-03
12 214 2 3.020926e-03
1 215 2 1.293065e-03
2 215 2 1.330089e-03
3 215 2 1.240105e-03
4 215 2 9.883111e-04
5 215 2 8.027608e-04
6 215 2 6.450014e-04
7 215 2 5.573706e-04
8 215 2 5.587411e-04
9 215 2 6.283419e-04
10 215 2 7.475250e-04
11 215 2 9.412369e-04
12 215 2 1.137066e-03
1 216 2 9.425124e-04
2 216 2 9.840522e-04
3 216 2 9.227984e-04
4 216 2 7.501815e-04
5 216 2 6.007022e-04
6 216 2 5.167649e-04
7 216 2 4.541016e-04
8 216 2 4.342054e-04
9 216 2 4.505651e-04
10 216 2 5.121095e-04
11 216 2 6.159809e-04
12 216 2 7.916467e-04
1 224 2 8.699721e-04
2 224 2 9.510855e-04
3 224 2 8.299381e-04
4 224 2 7.147012e-04
5 224 2 5.771346e-04
6 224 2 4.904525e-04
7 224 2 4.455713e-04
8 224 2 4.653941e-04
9 224 2 4.786048e-04
10 224 2 5.644914e-04
11 224 2 6.741142e-04
12 224 2 8.042714e-04
1 240 2 5.822274e-05
2 240 2 5.938683e-05
3 240 2 5.430780e-05
4 240 2 4.796230e-05
5 240 2 4.168541e-05
6 240 2 3.595512e-05
7 240 2 3.522575e-05
8 240 2 3.631570e-05
9 240 2 3.535116e-05
10 240 2 3.806950e-05
11 240 2 4.182904e-05
12 240 2 5.183981e-05
