1 7 2 2.206117e-08
2 7 2 1.884661e-08
3 7 2 2.061151e-08
4 7 2 5.327229e-08
5 7 2 1.832948e-07
6 7 2 4.936819e-07
7 7 2 6.679661e-07
8 7 2 4.554256e-07
9 7 2 1.969563e-07
10 7 2 8.634508e-08
11 7 2 4.574680e-08
12 7 2 2.698764e-08
1 25 2 1.833667e-05
2 25 2 1.741059e-05
3 25 2 2.452865e-05
4 25 2 4.475934e-05
5 25 2 1.252151e-04
6 25 2 2.270616e-04
7 25 2 2.752652e-04
8 25 2 2.110797e-04
9 25 2 1.192712e-04
10 25 2 5.581461e-05
11 25 2 2.661305e-05
12 25 2 1.541153e-05
1 26 2 1.146052e-05
2 26 2 9.432117e-06
3 26 2 1.559678e-05
4 26 2 3.481328e-05
5 26 2 9.806366e-05
6 26 2 1.872988e-04
7 26 2 2.032187e-04
8 26 2 1.520489e-04
9 26 2 8.316273e-05
10 26 2 3.347625e-05
11 26 2 1.748997e-05
12 26 2 1.081316e-05
1 27 2 5.087942e-05
2 27 2 4.492196e-05
3 27 2 7.874797e-05
4 27 2 2.005614e-04
5 27 2 5.647959e-04
6 27 2 1.167502e-03
7 27 2 1.316744e-03
8 27 2 9.910788e-04
9 27 2 5.121545e-04
10 27 2 1.923264e-04
11 27 2 1.019261e-04
12 27 2 6.304831e-05
1 28 2 2.289169e-06
2 28 2 2.083205e-06
3 28 2 3.503590e-06
4 28 2 9.523594e-06
5 28 2 2.719568e-05
6 28 2 5.822552e-05
7 28 2 6.941835e-05
8 28 2 5.230750e-05
9 28 2 2.690809e-05
10 28 2 1.047940e-05
11 28 2 5.231466e-06
12 28 2 3.261529e-06
1 29 2 3.069936e-06
2 29 2 2.904169e-06
3 29 2 4.626485e-06
4 29 2 1.391107e-05
5 29 2 4.160022e-05
6 29 2 1.023819e-04
7 29 2 1.394677e-04
8 29 2 1.037650e-04
9 29 2 4.765405e-05
10 29 2 1.766236e-05
11 29 2 8.349070e-06
12 29 2 5.211855e-06
1 30 2 6.960170e-07
2 30 2 6.087102e-07
3 30 2 9.674535e-07
4 30 2 2.961102e-06
5 30 2 8.202713e-06
6 30 2 2.230819e-05
7 30 2 3.233466e-05
8 30 2 2.476209e-05
9 30 2 1.120399e-05
10 30 2 4.385446e-06
11 30 2 2.022885e-06
12 30 2 1.211503e-06
1 31 2 1.242192e-06
2 31 2 9.572138e-07
3 31 2 1.454124e-06
4 31 2 4.047310e-06
5 31 2 1.045212e-05
6 31 2 2.751990e-05
7 31 2 3.880916e-05
8 31 2 3.132580e-05
9 31 2 1.567125e-05
10 31 2 7.176658e-06
11 31 2 3.445672e-06
12 31 2 1.920088e-06
1 32 2 1.466190e-06
2 32 2 1.213724e-06
3 32 2 1.696576e-06
4 32 2 3.769860e-06
5 32 2 1.006879e-05
6 32 2 2.385098e-05
7 32 2 3.077059e-05
8 32 2 2.541789e-05
9 32 2 1.419364e-05
10 32 2 7.316965e-06
11 32 2 3.781109e-06
12 32 2 1.960922e-06
1 35 2 1.561032e-04
2 35 2 1.487429e-04
3 35 2 1.615788e-04
4 35 2 2.153183e-04
5 35 2 3.375401e-04
6 35 2 5.154975e-04
7 35 2 6.203018e-04
8 35 2 5.696013e-04
9 35 2 3.871230e-04
10 35 2 2.798895e-04
11 35 2 2.120013e-04
12 35 2 1.722319e-04
1 36 2 1.869541e-05
2 36 2 1.755136e-05
3 36 2 1.945209e-05
4 36 2 2.336367e-05
5 36 2 3.195369e-05
6 36 2 4.609584e-05
7 36 2 5.428788e-05
8 36 2 5.530453e-05
9 36 2 4.221560e-05
10 36 2 3.307422e-05
11 36 2 2.531454e-05
12 36 2 2.097524e-05
1 37 2 2.739532e-04
2 37 2 2.651486e-04
3 37 2 3.340996e-04
4 37 2 4.296072e-04
5 37 2 6.494841e-04
6 37 2 9.850834e-04
7 37 2 1.145703e-03
8 37 2 1.126253e-03
9 37 2 8.288173e-04
10 37 2 6.214680e-04
11 37 2 4.380176e-04
12 37 2 3.355589e-04
1 38 2 2.155684e-03
2 38 2 2.153751e-03
3 38 2 3.280956e-03
4 38 2 4.864557e-03
5 38 2 8.881421e-03
6 38 2 1.575940e-02
7 38 2 1.868216e-02
8 38 2 1.620286e-02
9 38 2 1.046581e-02
10 38 2 7.153372e-03
11 38 2 4.087578e-03
12 38 2 2.949754e-03
1 39 2 2.115590e-03
2 39 2 2.204019e-03
3 39 2 3.570055e-03
4 39 2 5.512462e-03
5 39 2 1.069600e-02
6 39 2 2.067807e-02
7 39 2 2.567637e-02
8 39 2 2.078805e-02
9 39 2 1.310296e-02
10 39 2 8.274364e-03
11 39 2 4.188304e-03
12 39 2 3.057158e-03
1 40 2 5.241612e-04
2 40 2 5.750957e-04
3 40 2 1.025675e-03
4 40 2 1.724754e-03
5 40 2 3.770398e-03
6 40 2 8.560465e-03
7 40 2 1.071046e-02
8 40 2 7.856927e-03
9 40 2 4.839787e-03
10 40 2 2.607723e-03
11 40 2 1.117073e-03
12 40 2 8.321845e-04
1 41 2 2.790342e-04
2 41 2 2.983015e-04
3 41 2 5.977862e-04
4 41 2 1.064700e-03
5 41 2 2.670423e-03
6 41 2 6.776472e-03
7 41 2 8.761574e-03
8 41 2 6.145328e-03
9 41 2 3.434294e-03
10 41 2 1.488455e-03
11 41 2 5.718245e-04
12 41 2 4.766083e-04
1 42 2 1.510012e-04
2 42 2 1.579502e-04
3 42 2 3.406175e-04
4 42 2 6.719334e-04
5 42 2 1.910194e-03
6 42 2 5.298305e-03
7 42 2 7.417006e-03
8 42 2 4.953194e-03
9 42 2 2.345596e-03
10 42 2 8.394639e-04
11 42 2 3.129682e-04
12 42 2 2.567448e-04
1 43 2 4.236249e-06
2 43 2 4.392443e-06
3 43 2 1.036389e-05
4 43 2 2.528819e-05
5 43 2 8.464422e-05
6 43 2 2.496290e-04
7 43 2 3.649230e-04
8 43 2 2.290733e-04
9 43 2 9.367238e-05
10 43 2 2.875980e-05
11 43 2 9.807709e-06
12 43 2 6.872336e-06
1 44 2 1.749585e-05
2 44 2 1.757939e-05
3 44 2 3.823788e-05
4 44 2 1.033752e-04
5 44 2 3.862064e-04
6 44 2 1.217064e-03
7 44 2 1.778806e-03
8 44 2 1.072609e-03
9 44 2 3.866595e-04
10 44 2 1.145594e-04
11 44 2 3.759871e-05
12 44 2 2.542095e-05
1 45 2 4.019296e-05
2 45 2 4.504456e-05
3 45 2 8.207900e-05
4 45 2 2.420575e-04
5 45 2 1.013690e-03
6 45 2 3.363528e-03
7 45 2 4.705532e-03
8 45 2 2.865193e-03
9 45 2 9.852754e-04
10 45 2 2.515614e-04
11 45 2 7.291682e-05
12 45 2 4.765483e-05
1 46 2 1.823995e-05
2 46 2 2.294631e-05
3 46 2 3.606986e-05
4 46 2 1.001624e-04
5 46 2 3.933334e-04
6 46 2 1.220076e-03
7 46 2 1.706801e-03
8 46 2 1.069501e-03
9 46 2 4.017350e-04
10 46 2 9.737581e-05
11 46 2 2.677245e-05
12 46 2 1.909250e-05
1 47 2 2.397192e-05
2 47 2 3.050757e-05
3 47 2 4.298994e-05
4 47 2 9.632015e-05
5 47 2 3.283072e-04
6 47 2 9.044857e-04
7 47 2 1.226676e-03
8 47 2 8.317740e-04
9 47 2 3.523649e-04
10 47 2 1.086828e-04
11 47 2 3.206428e-05
12 47 2 2.437311e-05
1 48 2 3.243707e-05
2 48 2 3.726170e-05
3 48 2 5.125137e-05
4 48 2 1.000831e-04
5 48 2 3.105771e-04
6 48 2 7.143806e-04
7 48 2 9.493454e-04
8 48 2 6.679189e-04
9 48 2 3.179564e-04
10 48 2 1.185454e-04
11 48 2 4.267485e-05
12 48 2 2.829936e-05
1 49 2 5.951538e-06
2 49 2 5.415375e-06
3 49 2 6.142623e-06
4 49 2 7.189396e-06
5 49 2 1.028237e-05
6 49 2 1.564403e-05
7 49 2 2.333049e-05
8 49 2 2.193905e-05
9 49 2 1.530224e-05
10 49 2 1.095022e-05
11 49 2 7.994549e-06
12 49 2 5.832009e-06
1 50 2 2.429594e-05
2 50 2 2.097224e-05
3 50 2 2.458270e-05
4 50 2 2.802173e-05
5 50 2 3.943864e-05
6 50 2 5.787565e-05
7 50 2 7.987691e-05
8 50 2 7.681467e-05
9 50 2 5.562080e-05
10 50 2 3.964885e-05
11 50 2 2.968433e-05
12 50 2 2.337317e-05
1 51 2 9.351014e-06
2 51 2 8.534265e-06
3 51 2 9.273422e-06
4 51 2 1.070460e-05
5 51 2 1.459063e-05
6 51 2 2.046221e-05
7 51 2 2.666524e-05
8 51 2 2.644382e-05
9 51 2 2.197094e-05
10 51 2 1.545380e-05
11 51 2 1.158205e-05
12 51 2 9.706115e-06
1 52 2 3.709691e-03
2 52 2 3.899203e-03
3 52 2 4.898286e-03
4 52 2 7.141033e-03
5 52 2 1.207643e-02
6 52 2 1.661987e-02
7 52 2 2.131807e-02
8 52 2 1.993969e-02
9 52 2 1.609606e-02
10 52 2 9.195117e-03
11 52 2 5.534560e-03
12 52 2 4.267990e-03
1 53 2 1.040518e-03
2 53 2 1.305470e-03
3 53 2 2.211741e-03
4 53 2 4.827569e-03
5 53 2 9.193168e-03
6 53 2 1.372774e-02
7 53 2 1.905573e-02
8 53 2 1.623770e-02
9 53 2 1.098980e-02
10 53 2 4.846965e-03
11 53 2 2.161877e-03
12 53 2 1.369637e-03
1 54 2 5.184303e-04
2 54 2 6.725368e-04
3 54 2 1.257671e-03
4 54 2 3.125189e-03
5 54 2 6.155648e-03
6 54 2 1.188990e-02
7 54 2 1.689017e-02
8 54 2 1.416284e-02
9 54 2 8.589542e-03
10 54 2 3.653110e-03
11 54 2 1.565890e-03
12 54 2 8.637753e-04
1 55 2 3.721450e-04
2 55 2 4.150409e-04
3 55 2 7.742473e-04
4 55 2 1.812939e-03
5 55 2 3.597607e-03
6 55 2 7.683042e-03
7 55 2 1.068001e-02
8 55 2 9.210582e-03
9 55 2 5.840754e-03
10 55 2 2.800548e-03
11 55 2 1.310269e-03
12 55 2 7.502640e-04
1 56 2 1.348180e-03
2 56 2 1.399116e-03
3 56 2 2.423306e-03
4 56 2 5.403628e-03
5 56 2 1.181161e-02
6 56 2 2.328328e-02
7 56 2 3.219117e-02
8 56 2 2.671704e-02
9 56 2 1.746289e-02
10 56 2 8.997515e-03
11 56 2 4.056414e-03
12 56 2 2.326392e-03
1 57 2 2.736422e-04
2 57 2 2.610818e-04
3 57 2 3.211158e-04
4 57 2 4.874035e-04
5 57 2 8.155024e-04
6 57 2 1.326924e-03
7 57 2 1.889555e-03
8 57 2 1.702951e-03
9 57 2 1.266997e-03
10 57 2 8.138526e-04
11 57 2 4.976751e-04
12 57 2 3.576566e-04
1 60 2 3.580763e-02
2 60 2 3.467645e-02
3 60 2 3.976701e-02
4 60 2 4.716309e-02
5 60 2 5.814834e-02
6 60 2 7.652282e-02
7 60 2 8.908786e-02
8 60 2 8.912533e-02
9 60 2 7.563566e-02
10 60 2 6.174382e-02
11 60 2 4.938062e-02
12 60 2 4.093147e-02
1 61 2 1.291905e-01
2 61 2 1.299676e-01
3 61 2 1.827972e-01
4 61 2 2.753312e-01
5 61 2 4.016241e-01
6 61 2 5.658234e-01
7 61 2 6.695972e-01
8 61 2 6.442079e-01
9 61 2 5.005665e-01
10 61 2 3.404884e-01
11 61 2 2.221212e-01
12 61 2 1.557939e-01
1 62 2 3.190678e-02
2 62 2 3.494544e-02
3 62 2 5.501051e-02
4 62 2 9.958580e-02
5 62 2 1.708111e-01
6 62 2 2.423092e-01
7 62 2 2.962952e-01
8 62 2 2.765808e-01
9 62 2 1.927277e-01
10 62 2 1.149310e-01
11 62 2 6.241262e-02
12 62 2 4.061635e-02
1 63 2 3.238166e-02
2 63 2 3.930995e-02
3 63 2 6.577587e-02
4 63 2 1.383433e-01
5 63 2 2.655036e-01
6 63 2 3.947134e-01
7 63 2 5.047430e-01
8 63 2 4.392253e-01
9 63 2 2.682651e-01
10 63 2 1.465024e-01
11 63 2 6.767056e-02
12 63 2 4.430001e-02
1 64 2 7.741773e-03
2 64 2 9.918017e-03
3 64 2 1.888630e-02
4 64 2 4.473533e-02
5 64 2 9.580899e-02
6 64 2 1.534641e-01
7 64 2 1.945191e-01
8 64 2 1.520704e-01
9 64 2 8.707328e-02
10 64 2 3.849318e-02
11 64 2 1.758949e-02
12 64 2 1.203750e-02
1 65 2 2.617138e-03
2 65 2 3.245268e-03
3 65 2 7.109773e-03
4 65 2 2.004981e-02
5 65 2 4.203806e-02
6 65 2 7.144526e-02
7 65 2 9.260320e-02
8 65 2 6.911401e-02
9 65 2 3.919928e-02
10 65 2 1.391011e-02
11 65 2 6.123504e-03
12 65 2 4.437695e-03
1 66 2 1.734243e-03
2 66 2 2.144065e-03
3 66 2 5.097057e-03
4 66 2 1.672175e-02
5 66 2 3.476930e-02
6 66 2 5.978737e-02
7 66 2 8.245676e-02
8 66 2 6.233739e-02
9 66 2 3.526325e-02
10 66 2 1.168312e-02
11 66 2 4.477146e-03
12 66 2 2.777086e-03
1 67 2 5.961681e-04
2 67 2 7.949624e-04
3 67 2 2.021595e-03
4 67 2 7.467946e-03
5 67 2 1.694434e-02
6 67 2 2.889869e-02
7 67 2 4.040356e-02
8 67 2 3.109385e-02
9 67 2 1.700617e-02
10 67 2 6.253962e-03
11 67 2 1.977550e-03
12 67 2 8.900849e-04
1 68 2 1.500413e-04
2 68 2 2.014651e-04
3 68 2 5.983400e-04
4 68 2 2.750286e-03
5 68 2 7.494882e-03
6 68 2 1.436252e-02
7 68 2 2.059313e-02
8 68 2 1.531581e-02
9 68 2 7.350206e-03
10 68 2 2.700378e-03
11 68 2 6.157818e-04
12 68 2 2.142707e-04
1 69 2 8.932979e-05
2 69 2 1.266531e-04
3 69 2 3.028821e-04
4 69 2 1.328156e-03
5 69 2 4.258796e-03
6 69 2 1.007892e-02
7 69 2 1.476553e-02
8 69 2 1.136647e-02
9 69 2 4.882963e-03
10 69 2 1.587751e-03
11 69 2 3.076489e-04
12 69 2 1.156959e-04
1 70 2 3.558840e-04
2 70 2 4.159603e-04
3 70 2 5.960590e-04
4 70 2 1.555087e-03
5 70 2 3.899664e-03
6 70 2 9.469496e-03
7 70 2 1.532811e-02
8 70 2 1.397010e-02
9 70 2 7.213224e-03
10 70 2 2.571147e-03
11 70 2 7.819895e-04
12 70 2 4.402034e-04
1 71 2 3.045790e-04
2 71 2 3.090764e-04
3 71 2 3.497435e-04
4 71 2 5.612325e-04
5 71 2 1.086899e-03
6 71 2 2.267373e-03
7 71 2 3.479706e-03
8 71 2 3.459700e-03
9 71 2 2.219711e-03
10 71 2 1.057219e-03
11 71 2 5.050603e-04
12 71 2 3.507815e-04
1 72 2 1.277255e-06
2 72 2 1.219889e-06
3 72 2 1.321624e-06
4 72 2 1.685083e-06
5 72 2 2.621865e-06
6 72 2 4.562132e-06
7 72 2 7.066219e-06
8 72 2 6.796046e-06
9 72 2 4.754741e-06
10 72 2 2.883006e-06
11 72 2 1.776329e-06
12 72 2 1.268532e-06
1 76 2 8.493863e-03
2 76 2 7.771012e-03
3 76 2 7.849224e-03
4 76 2 8.538085e-03
5 76 2 1.160767e-02
6 76 2 1.655180e-02
7 76 2 2.219505e-02
8 76 2 2.368618e-02
9 76 2 2.256832e-02
10 76 2 1.507113e-02
11 76 2 9.729049e-03
12 76 2 8.508899e-03
1 77 2 8.539716e-03
2 77 2 1.108875e-02
3 77 2 1.452560e-02
4 77 2 2.347656e-02
5 77 2 3.941810e-02
6 77 2 6.085744e-02
7 77 2 8.268883e-02
8 77 2 7.848511e-02
9 77 2 5.813844e-02
10 77 2 2.937223e-02
11 77 2 1.288862e-02
12 77 2 8.123633e-03
1 78 2 9.467709e-03
2 78 2 1.293629e-02
3 78 2 1.801456e-02
4 78 2 3.231100e-02
5 78 2 5.052508e-02
6 78 2 8.021631e-02
7 78 2 9.901815e-02
8 78 2 9.271847e-02
9 78 2 6.011765e-02
10 78 2 3.188156e-02
11 78 2 1.721673e-02
12 78 2 9.939802e-03
1 79 2 3.098953e-02
2 79 2 3.802467e-02
3 79 2 5.583119e-02
4 79 2 9.260528e-02
5 79 2 1.406931e-01
6 79 2 2.298462e-01
7 79 2 2.816478e-01
8 79 2 2.668113e-01
9 79 2 1.842348e-01
10 79 2 1.112125e-01
11 79 2 6.336315e-02
12 79 2 3.881510e-02
1 80 2 1.497360e-02
2 80 2 1.500283e-02
3 80 2 1.885200e-02
4 80 2 2.549007e-02
5 80 2 3.801617e-02
6 80 2 5.784023e-02
7 80 2 7.447808e-02
8 80 2 7.373206e-02
9 80 2 6.119626e-02
10 80 2 4.290497e-02
11 80 2 2.502905e-02
12 80 2 1.850064e-02
1 81 2 4.140172e-09
2 81 2 3.751993e-09
3 81 2 3.951868e-09
4 81 2 4.685947e-09
5 81 2 6.747721e-09
6 81 2 9.092359e-09
7 81 2 1.213219e-08
8 81 2 1.301757e-08
9 81 2 1.183703e-08
10 81 2 9.082475e-09
11 81 2 6.003862e-09
12 81 2 4.915339e-09
1 84 2 4.799057e-02
2 84 2 5.073810e-02
3 84 2 6.275288e-02
4 84 2 7.930002e-02
5 84 2 1.063174e-01
6 84 2 1.742088e-01
7 84 2 2.333219e-01
8 84 2 2.235803e-01
9 84 2 1.677628e-01
10 84 2 1.058751e-01
11 84 2 7.112447e-02
12 84 2 5.433141e-02
1 85 2 5.326859e-02
2 85 2 5.998464e-02
3 85 2 7.798970e-02
4 85 2 1.133118e-01
5 85 2 1.813875e-01
6 85 2 2.770977e-01
7 85 2 3.833905e-01
8 85 2 3.647227e-01
9 85 2 2.626251e-01
10 85 2 1.448656e-01
11 85 2 8.169807e-02
12 85 2 5.928019e-02
1 86 2 1.592792e-02
2 86 2 1.803373e-02
3 86 2 2.304578e-02
4 86 2 3.347457e-02
5 86 2 5.380026e-02
6 86 2 7.806299e-02
7 86 2 1.072378e-01
8 86 2 1.075886e-01
9 86 2 7.963606e-02
10 86 2 4.618008e-02
11 86 2 2.543826e-02
12 86 2 1.818055e-02
1 87 2 1.246485e-02
2 87 2 1.686351e-02
3 87 2 2.407800e-02
4 87 2 3.806183e-02
5 87 2 6.677442e-02
6 87 2 1.003704e-01
7 87 2 1.360712e-01
8 87 2 1.386520e-01
9 87 2 1.005234e-01
10 87 2 5.659733e-02
11 87 2 2.486737e-02
12 87 2 1.511558e-02
1 88 2 6.558365e-03
2 88 2 9.313407e-03
3 88 2 1.460480e-02
4 88 2 2.771104e-02
5 88 2 5.687121e-02
6 88 2 8.938594e-02
7 88 2 1.144711e-01
8 88 2 1.004001e-01
9 88 2 6.487859e-02
10 88 2 3.066041e-02
11 88 2 1.571864e-02
12 88 2 8.731130e-03
1 89 2 5.653230e-03
2 89 2 7.865736e-03
3 89 2 1.492892e-02
4 89 2 2.807876e-02
5 89 2 5.603439e-02
6 89 2 8.370886e-02
7 89 2 9.765179e-02
8 89 2 8.551968e-02
9 89 2 5.581061e-02
10 89 2 2.655862e-02
11 89 2 1.461388e-02
12 89 2 8.088844e-03
1 90 2 1.297068e-03
2 90 2 1.709493e-03
3 90 2 3.392306e-03
4 90 2 6.088467e-03
5 90 2 9.348487e-03
6 90 2 1.237429e-02
7 90 2 1.389709e-02
8 90 2 1.285866e-02
9 90 2 9.370838e-03
10 90 2 5.589307e-03
11 90 2 3.081683e-03
12 90 2 1.754334e-03
1 91 2 3.969279e-05
2 91 2 5.616355e-05
3 91 2 1.173381e-04
4 91 2 2.217321e-04
5 91 2 3.272420e-04
6 91 2 4.159550e-04
7 91 2 4.670570e-04
8 91 2 4.283361e-04
9 91 2 3.079825e-04
10 91 2 1.906419e-04
11 91 2 9.880575e-05
12 91 2 5.072258e-05
1 92 2 2.166504e-04
2 92 2 3.094719e-04
3 92 2 7.757679e-04
4 92 2 1.850802e-03
5 92 2 3.490345e-03
6 92 2 5.348436e-03
7 92 2 6.420078e-03
8 92 2 5.843300e-03
9 92 2 3.655625e-03
10 92 2 1.942847e-03
11 92 2 7.619860e-04
12 92 2 3.271019e-04
1 93 2 5.004358e-03
2 93 2 6.038205e-03
3 93 2 1.241487e-02
4 93 2 2.893424e-02
5 93 2 5.161705e-02
6 93 2 8.191263e-02
7 93 2 1.098815e-01
8 93 2 1.080229e-01
9 93 2 7.265673e-02
10 93 2 4.184145e-02
11 93 2 1.791878e-02
12 93 2 7.463534e-03
1 94 2 1.304278e-03
2 94 2 1.297703e-03
3 94 2 1.732747e-03
4 94 2 3.070747e-03
5 94 2 5.241578e-03
6 94 2 8.253507e-03
7 94 2 1.140219e-02
8 94 2 1.242586e-02
9 94 2 1.023537e-02
10 94 2 6.178049e-03
11 94 2 3.315912e-03
12 94 2 1.811735e-03
1 98 2 1.075269e-03
2 98 2 1.000932e-03
3 98 2 9.425329e-04
4 98 2 1.003526e-03
5 98 2 1.138933e-03
6 98 2 1.303276e-03
7 98 2 1.465918e-03
8 98 2 1.545006e-03
9 98 2 1.524575e-03
10 98 2 1.441131e-03
11 98 2 1.296287e-03
12 98 2 1.179635e-03
1 101 2 3.293026e-03
2 101 2 3.383697e-03
3 101 2 3.467413e-03
4 101 2 4.275846e-03
5 101 2 5.498822e-03
6 101 2 6.420448e-03
7 101 2 6.853462e-03
8 101 2 6.867408e-03
9 101 2 6.602097e-03
10 101 2 5.660621e-03
11 101 2 4.352863e-03
12 101 2 3.491307e-03
1 102 2 2.225699e-02
2 102 2 2.515845e-02
3 102 2 3.092020e-02
4 102 2 3.867496e-02
5 102 2 4.475608e-02
6 102 2 4.885929e-02
7 102 2 5.023514e-02
8 102 2 5.086991e-02
9 102 2 4.584799e-02
10 102 2 3.532134e-02
11 102 2 2.834980e-02
12 102 2 2.323618e-02
1 103 2 1.371539e-02
2 103 2 1.399667e-02
3 103 2 1.525462e-02
4 103 2 1.723714e-02
5 103 2 2.007402e-02
6 103 2 2.297215e-02
7 103 2 2.485295e-02
8 103 2 2.608262e-02
9 103 2 2.558165e-02
10 103 2 2.235614e-02
11 103 2 1.839144e-02
12 103 2 1.529187e-02
1 104 2 5.523308e-03
2 104 2 5.300026e-03
3 104 2 5.357615e-03
4 104 2 5.873851e-03
5 104 2 6.868361e-03
6 104 2 7.881777e-03
7 104 2 8.845919e-03
8 104 2 9.555750e-03
9 104 2 9.632666e-03
10 104 2 8.998817e-03
11 104 2 7.402338e-03
12 104 2 6.129127e-03
1 107 2 2.491755e-03
2 107 2 2.628756e-03
3 107 2 3.069167e-03
4 107 2 3.516927e-03
5 107 2 3.944013e-03
6 107 2 5.049284e-03
7 107 2 5.519082e-03
8 107 2 5.496750e-03
9 107 2 5.145781e-03
10 107 2 4.401455e-03
11 107 2 3.498995e-03
12 107 2 2.736346e-03
1 108 2 2.679631e-04
2 108 2 3.424572e-04
3 108 2 4.974557e-04
4 108 2 7.704502e-04
5 108 2 1.195944e-03
6 108 2 1.641471e-03
7 108 2 1.757145e-03
8 108 2 1.552947e-03
9 108 2 1.256579e-03
10 108 2 8.669524e-04
11 108 2 4.515941e-04
12 108 2 2.874838e-04
1 109 2 5.086118e-04
2 109 2 6.718021e-04
3 109 2 1.050742e-03
4 109 2 1.823473e-03
5 109 2 3.106803e-03
6 109 2 3.916283e-03
7 109 2 3.979297e-03
8 109 2 3.658092e-03
9 109 2 2.937552e-03
10 109 2 2.061175e-03
11 109 2 9.167594e-04
12 109 2 5.355368e-04
1 110 2 2.237462e-04
2 110 2 2.850099e-04
3 110 2 4.577404e-04
4 110 2 7.085643e-04
5 110 2 1.098955e-03
6 110 2 1.272642e-03
7 110 2 1.368213e-03
8 110 2 1.353152e-03
9 110 2 1.139323e-03
10 110 2 8.306384e-04
11 110 2 4.017838e-04
12 110 2 2.364943e-04
1 111 2 7.690412e-03
2 111 2 9.618463e-03
3 111 2 1.557208e-02
4 111 2 2.360079e-02
5 111 2 3.566914e-02
6 111 2 4.574491e-02
7 111 2 4.835580e-02
8 111 2 4.789456e-02
9 111 2 4.078640e-02
10 111 2 2.654997e-02
11 111 2 1.430228e-02
12 111 2 8.736094e-03
1 112 2 8.855598e-03
2 112 2 1.141821e-02
3 112 2 2.003079e-02
4 112 2 3.331004e-02
5 112 2 5.065353e-02
6 112 2 6.172731e-02
7 112 2 6.286761e-02
8 112 2 5.859911e-02
9 112 2 4.473397e-02
10 112 2 2.969769e-02
11 112 2 1.704338e-02
12 112 2 1.047639e-02
1 113 2 5.079586e-03
2 113 2 6.435363e-03
3 113 2 1.081145e-02
4 113 2 1.616753e-02
5 113 2 1.989570e-02
6 113 2 1.737189e-02
7 113 2 1.490611e-02
8 113 2 1.423655e-02
9 113 2 1.408062e-02
10 113 2 1.285695e-02
11 113 2 8.992629e-03
12 113 2 6.073711e-03
1 114 2 1.385033e-02
2 114 2 1.878175e-02
3 114 2 3.346289e-02
4 114 2 4.877833e-02
5 114 2 5.627585e-02
6 114 2 4.119709e-02
7 114 2 3.402601e-02
8 114 2 3.118896e-02
9 114 2 3.009846e-02
10 114 2 2.693867e-02
11 114 2 2.053593e-02
12 114 2 1.521172e-02
1 115 2 4.760251e-03
2 115 2 6.925739e-03
3 115 2 1.097842e-02
4 115 2 1.360872e-02
5 115 2 1.215323e-02
6 115 2 1.128387e-02
7 115 2 1.088309e-02
8 115 2 1.044155e-02
9 115 2 9.603112e-03
10 115 2 8.581851e-03
11 115 2 6.519140e-03
12 115 2 4.676993e-03
1 116 2 3.545347e-03
2 116 2 4.538477e-03
3 116 2 6.940414e-03
4 116 2 9.823901e-03
5 116 2 1.142582e-02
6 116 2 1.301111e-02
7 116 2 1.364063e-02
8 116 2 1.305711e-02
9 116 2 1.057771e-02
10 116 2 8.456642e-03
11 116 2 6.143585e-03
12 116 2 4.047130e-03
1 117 2 6.246365e-04
2 117 2 6.522766e-04
3 117 2 8.237654e-04
4 117 2 1.127629e-03
5 117 2 1.435944e-03
6 117 2 1.701276e-03
7 117 2 1.811185e-03
8 117 2 1.808810e-03
9 117 2 1.650430e-03
10 117 2 1.412868e-03
11 117 2 1.140554e-03
12 117 2 8.239219e-04
1 126 2 6.083862e-05
2 126 2 6.323552e-05
3 126 2 6.853866e-05
4 126 2 7.237265e-05
5 126 2 7.150485e-05
6 126 2 6.645574e-05
7 126 2 6.405947e-05
8 126 2 6.468533e-05
9 126 2 6.434289e-05
10 126 2 6.322718e-05
11 126 2 6.178080e-05
12 126 2 6.084540e-05
1 127 2 6.119338e-03
2 127 2 6.223492e-03
3 127 2 6.568763e-03
4 127 2 6.819771e-03
5 127 2 6.912682e-03
6 127 2 6.695807e-03
7 127 2 6.697655e-03
8 127 2 6.851356e-03
9 127 2 6.778320e-03
10 127 2 6.506659e-03
11 127 2 6.305759e-03
12 127 2 6.227705e-03
1 128 2 2.772382e-02
2 128 2 2.847211e-02
3 128 2 2.922843e-02
4 128 2 2.853192e-02
5 128 2 2.775452e-02
6 128 2 2.692080e-02
7 128 2 2.869261e-02
8 128 2 3.262362e-02
9 128 2 3.430343e-02
10 128 2 3.240121e-02
11 128 2 2.946417e-02
12 128 2 2.776111e-02
1 129 2 7.907837e-04
2 129 2 7.799262e-04
3 129 2 7.995967e-04
4 129 2 8.227852e-04
5 129 2 8.354805e-04
6 129 2 8.580823e-04
7 129 2 8.966112e-04
8 129 2 9.773047e-04
9 129 2 1.021078e-03
10 129 2 1.025576e-03
11 129 2 9.363860e-04
12 129 2 8.318649e-04
1 133 2 1.698031e-02
2 133 2 1.974213e-02
3 133 2 2.369936e-02
4 133 2 2.433297e-02
5 133 2 2.321116e-02
6 133 2 2.133419e-02
7 133 2 1.904097e-02
8 133 2 1.782970e-02
9 133 2 1.859241e-02
10 133 2 1.980163e-02
11 133 2 1.889108e-02
12 133 2 1.652970e-02
1 135 2 7.346170e-04
2 135 2 8.276562e-04
3 135 2 9.842724e-04
4 135 2 1.060016e-03
5 135 2 1.018573e-03
6 135 2 9.086717e-04
7 135 2 7.850023e-04
8 135 2 7.928584e-04
9 135 2 8.425027e-04
10 135 2 7.923248e-04
11 135 2 7.594364e-04
12 135 2 7.133867e-04
1 136 2 8.209189e-04
2 136 2 8.448917e-04
3 136 2 1.044866e-03
4 136 2 1.270239e-03
5 136 2 1.390969e-03
6 136 2 1.269094e-03
7 136 2 1.123000e-03
8 136 2 1.120425e-03
9 136 2 1.126216e-03
10 136 2 1.059429e-03
11 136 2 1.001684e-03
12 136 2 8.895082e-04
1 137 2 1.998421e-04
2 137 2 2.096550e-04
3 137 2 2.403738e-04
4 137 2 2.641355e-04
5 137 2 2.607177e-04
6 137 2 2.398865e-04
7 137 2 2.219205e-04
8 137 2 2.141311e-04
9 137 2 2.142656e-04
10 137 2 2.232154e-04
11 137 2 2.206903e-04
12 137 2 2.080912e-04
1 138 2 7.987792e-03
2 138 2 8.783850e-03
3 138 2 1.019056e-02
4 138 2 1.134146e-02
5 138 2 1.144284e-02
6 138 2 1.005711e-02
7 138 2 9.316947e-03
8 138 2 8.985040e-03
9 138 2 9.009556e-03
10 138 2 9.062055e-03
11 138 2 8.790366e-03
12 138 2 8.152329e-03
1 139 2 1.347263e-02
2 139 2 1.534284e-02
3 139 2 1.714411e-02
4 139 2 1.799397e-02
5 139 2 1.774039e-02
6 139 2 1.652112e-02
7 139 2 1.563148e-02
8 139 2 1.504788e-02
9 139 2 1.485283e-02
10 139 2 1.496814e-02
11 139 2 1.424333e-02
12 139 2 1.303787e-02
1 140 2 4.464066e-03
2 140 2 4.616010e-03
3 140 2 5.013345e-03
4 140 2 5.680038e-03
5 140 2 6.031387e-03
6 140 2 5.793158e-03
7 140 2 5.485179e-03
8 140 2 5.290409e-03
9 140 2 5.213284e-03
10 140 2 5.242096e-03
11 140 2 5.131380e-03
12 140 2 4.784013e-03
1 141 2 7.006322e-03
2 141 2 6.933827e-03
3 141 2 7.132431e-03
4 141 2 7.827783e-03
5 141 2 8.447216e-03
6 141 2 8.352917e-03
7 141 2 8.127044e-03
8 141 2 7.880762e-03
9 141 2 7.813972e-03
10 141 2 7.832343e-03
11 141 2 7.910519e-03
12 141 2 7.680497e-03
1 150 2 8.118880e-06
2 150 2 8.887391e-06
3 150 2 9.512942e-06
4 150 2 9.727761e-06
5 150 2 9.102218e-06
6 150 2 8.027747e-06
7 150 2 7.323545e-06
8 150 2 7.146697e-06
9 150 2 6.915647e-06
10 150 2 6.758304e-06
11 150 2 6.889701e-06
12 150 2 7.330445e-06
1 151 2 5.257691e-03
2 151 2 5.592168e-03
3 151 2 5.929356e-03
4 151 2 6.069168e-03
5 151 2 5.872342e-03
6 151 2 5.527693e-03
7 151 2 5.405554e-03
8 151 2 5.614252e-03
9 151 2 5.345267e-03
10 151 2 5.015980e-03
11 151 2 4.868898e-03
12 151 2 4.990365e-03
1 152 2 4.166172e-03
2 152 2 4.220027e-03
3 152 2 4.259093e-03
4 152 2 4.047238e-03
5 152 2 3.890480e-03
6 152 2 3.820998e-03
7 152 2 4.368422e-03
8 152 2 5.824765e-03
9 152 2 6.183625e-03
10 152 2 5.270362e-03
11 152 2 4.519553e-03
12 152 2 4.179659e-03
1 153 2 4.832049e-03
2 153 2 4.949258e-03
3 153 2 5.221808e-03
4 153 2 5.121905e-03
5 153 2 4.946232e-03
6 153 2 4.856208e-03
7 153 2 5.668737e-03
8 153 2 7.408018e-03
9 153 2 9.010216e-03
10 153 2 8.053282e-03
11 153 2 6.091895e-03
12 153 2 5.082862e-03
1 154 2 1.314450e-02
2 154 2 1.307319e-02
3 154 2 1.360433e-02
4 154 2 1.303547e-02
5 154 2 1.218935e-02
6 154 2 1.096446e-02
7 154 2 1.035334e-02
8 154 2 1.078540e-02
9 154 2 1.216039e-02
10 154 2 1.366611e-02
11 154 2 1.440256e-02
12 154 2 1.392659e-02
1 157 2 5.239045e-04
2 157 2 5.440225e-04
3 157 2 5.824540e-04
4 157 2 5.742488e-04
5 157 2 5.597275e-04
6 157 2 5.262401e-04
7 157 2 5.021081e-04
8 157 2 4.970469e-04
9 157 2 4.934544e-04
10 157 2 5.020584e-04
11 157 2 5.056577e-04
12 157 2 5.122567e-04
1 163 2 2.435107e-03
2 163 2 2.467735e-03
3 163 2 2.540964e-03
4 163 2 2.693438e-03
5 163 2 2.696067e-03
6 163 2 2.492620e-03
7 163 2 2.304419e-03
8 163 2 2.163895e-03
9 163 2 2.194881e-03
10 163 2 2.322099e-03
11 163 2 2.412874e-03
12 163 2 2.431780e-03
1 164 2 9.218823e-03
2 164 2 9.139999e-03
3 164 2 9.394427e-03
4 164 2 9.832688e-03
5 164 2 9.717025e-03
6 164 2 8.987499e-03
7 164 2 8.318723e-03
8 164 2 8.125861e-03
9 164 2 8.701141e-03
10 164 2 9.532484e-03
11 164 2 9.724997e-03
12 164 2 9.563054e-03
1 165 2 4.029494e-03
2 165 2 3.949188e-03
3 165 2 3.998836e-03
4 165 2 4.087285e-03
5 165 2 4.042422e-03
6 165 2 3.719601e-03
7 165 2 3.507075e-03
8 165 2 3.549796e-03
9 165 2 3.783700e-03
10 165 2 4.045594e-03
11 165 2 4.255797e-03
12 165 2 4.260810e-03
1 166 2 1.758466e-03
2 166 2 1.740912e-03
3 166 2 1.712149e-03
4 166 2 1.704116e-03
5 166 2 1.648318e-03
6 166 2 1.524419e-03
7 166 2 1.439513e-03
8 166 2 1.450253e-03
9 166 2 1.504530e-03
10 166 2 1.582655e-03
11 166 2 1.706335e-03
12 166 2 1.792309e-03
1 170 2 8.074493e-05
2 170 2 8.880343e-05
3 170 2 8.724888e-05
4 170 2 7.930458e-05
5 170 2 6.608440e-05
6 170 2 5.556544e-05
7 170 2 5.255621e-05
8 170 2 5.017425e-05
9 170 2 5.101814e-05
10 170 2 5.680833e-05
11 170 2 6.267742e-05
12 170 2 7.217693e-05
1 171 2 2.895551e-04
2 171 2 3.178483e-04
3 171 2 3.216962e-04
4 171 2 2.862079e-04
5 171 2 2.380928e-04
6 171 2 2.040343e-04
7 171 2 1.852412e-04
8 171 2 1.755218e-04
9 171 2 1.780792e-04
10 171 2 1.937005e-04
11 171 2 2.210783e-04
12 171 2 2.611827e-04
1 175 2 8.328008e-06
2 175 2 8.804645e-06
3 175 2 8.829901e-06
4 175 2 8.270253e-06
5 175 2 7.185547e-06
6 175 2 6.547854e-06
7 175 2 6.411993e-06
8 175 2 6.357856e-06
9 175 2 5.913499e-06
10 175 2 5.977711e-06
11 175 2 6.249641e-06
12 175 2 7.290242e-06
1 176 2 5.737338e-03
2 176 2 5.780354e-03
3 176 2 5.658947e-03
4 176 2 4.998080e-03
5 176 2 4.043224e-03
6 176 2 3.663919e-03
7 176 2 3.657237e-03
8 176 2 4.172421e-03
9 176 2 4.544199e-03
10 176 2 4.849767e-03
11 176 2 5.176765e-03
12 176 2 5.498994e-03
1 177 2 2.640469e-02
2 177 2 2.565815e-02
3 177 2 2.422608e-02
4 177 2 2.118409e-02
5 177 2 1.732281e-02
6 177 2 1.479222e-02
7 177 2 1.539108e-02
8 177 2 1.844134e-02
9 177 2 2.317788e-02
10 177 2 2.410411e-02
11 177 2 2.459302e-02
12 177 2 2.464327e-02
1 178 2 9.629969e-03
2 178 2 9.517420e-03
3 178 2 9.123143e-03
4 178 2 7.646660e-03
5 178 2 6.657982e-03
6 178 2 5.627477e-03
7 178 2 5.359815e-03
8 178 2 5.399262e-03
9 178 2 6.157723e-03
10 178 2 6.625534e-03
11 178 2 7.483165e-03
12 178 2 8.307886e-03
1 181 2 1.175543e-04
2 181 2 1.241632e-04
3 181 2 1.258731e-04
4 181 2 1.203515e-04
5 181 2 9.925249e-05
6 181 2 8.582330e-05
7 181 2 7.588547e-05
8 181 2 7.766259e-05
9 181 2 8.413954e-05
10 181 2 9.110741e-05
11 181 2 1.031803e-04
12 181 2 1.098572e-04
1 182 2 1.404629e-02
2 182 2 1.298311e-02
3 182 2 1.224249e-02
4 182 2 1.022661e-02
5 182 2 8.008344e-03
6 182 2 5.989762e-03
7 182 2 5.938836e-03
8 182 2 8.252748e-03
9 182 2 1.145158e-02
10 182 2 1.404495e-02
11 182 2 1.552256e-02
12 182 2 1.489936e-02
1 183 2 2.985676e-03
2 183 2 2.868242e-03
3 183 2 2.738275e-03
4 183 2 2.482867e-03
5 183 2 2.089042e-03
6 183 2 1.695505e-03
7 183 2 1.577490e-03
8 183 2 1.873209e-03
9 183 2 2.178031e-03
10 183 2 2.576608e-03
11 183 2 2.805144e-03
12 183 2 2.885272e-03
1 184 2 9.315248e-04
2 184 2 9.438748e-04
3 184 2 9.141278e-04
4 184 2 8.226559e-04
5 184 2 6.839126e-04
6 184 2 5.527303e-04
7 184 2 4.984238e-04
8 184 2 5.205549e-04
9 184 2 5.514409e-04
10 184 2 6.332604e-04
11 184 2 7.409573e-04
12 184 2 8.445273e-04
1 188 2 2.008251e-04
2 188 2 1.990742e-04
3 188 2 1.845239e-04
4 188 2 1.506763e-04
5 188 2 1.064920e-04
6 188 2 8.100159e-05
7 188 2 6.970121e-05
8 188 2 7.090194e-05
9 188 2 9.603630e-05
10 188 2 1.262052e-04
11 188 2 1.502979e-04
12 188 2 1.874619e-04
1 189 2 1.752358e-04
2 189 2 1.619533e-04
3 189 2 1.469060e-04
4 189 2 1.085854e-04
5 189 2 7.189325e-05
6 189 2 5.084021e-05
7 189 2 4.833817e-05
8 189 2 5.937528e-05
9 189 2 9.551552e-05
10 189 2 1.360001e-04
11 189 2 1.654215e-04
12 189 2 1.728647e-04
1 190 2 7.172668e-04
2 190 2 6.796235e-04
3 190 2 5.899147e-04
4 190 2 4.178242e-04
5 190 2 2.915159e-04
6 190 2 2.114782e-04
7 190 2 1.987075e-04
8 190 2 2.395413e-04
9 190 2 3.364625e-04
10 190 2 4.586797e-04
11 190 2 6.010167e-04
12 190 2 6.743298e-04
1 191 2 5.310630e-04
2 191 2 5.503216e-04
3 191 2 5.349153e-04
4 191 2 4.419001e-04
5 191 2 3.633827e-04
6 191 2 2.985125e-04
7 191 2 2.624428e-04
8 191 2 2.665334e-04
9 191 2 2.907934e-04
10 191 2 3.263857e-04
11 191 2 4.014202e-04
12 191 2 4.722672e-04
1 192 2 5.567641e-04
2 192 2 6.017072e-04
3 192 2 5.862486e-04
4 192 2 5.076035e-04
5 192 2 4.290015e-04
6 192 2 3.652776e-04
7 192 2 3.210063e-04
8 192 2 2.982902e-04
9 192 2 3.071335e-04
10 192 2 3.372677e-04
11 192 2 4.026105e-04
12 192 2 4.834471e-04
1 200 2 2.425613e-02
2 200 2 2.495352e-02
3 200 2 2.040650e-02
4 200 2 1.349016e-02
5 200 2 8.829983e-03
6 200 2 7.191204e-03
7 200 2 6.832017e-03
8 200 2 7.367750e-03
9 200 2 8.161087e-03
10 200 2 1.043435e-02
11 200 2 1.450007e-02
12 200 2 1.997814e-02
1 201 2 1.769824e-02
2 201 2 1.826091e-02
3 201 2 1.671678e-02
4 201 2 1.286738e-02
5 201 2 9.696803e-03
6 201 2 8.022432e-03
7 201 2 7.581648e-03
8 201 2 7.842526e-03
9 201 2 7.761753e-03
10 201 2 9.235480e-03
11 201 2 1.177276e-02
12 201 2 1.466260e-02
1 206 2 9.331202e-03
2 206 2 1.007891e-02
3 206 2 9.118720e-03
4 206 2 7.781419e-03
5 206 2 6.435193e-03
6 206 2 5.610945e-03
7 206 2 4.812479e-03
8 206 2 4.725246e-03
9 206 2 5.115029e-03
10 206 2 5.789924e-03
11 206 2 6.787127e-03
12 206 2 7.995939e-03
1 207 2 3.540786e-04
2 207 2 3.866093e-04
3 207 2 3.666521e-04
4 207 2 3.324621e-04
5 207 2 2.948449e-04
6 207 2 2.528871e-04
7 207 2 2.228973e-04
8 207 2 2.194970e-04
9 207 2 2.214585e-04
10 207 2 2.439286e-04
11 207 2 2.628827e-04
12 207 2 3.007215e-04
1 212 2 2.826036e-04
2 212 2 3.016619e-04
3 212 2 2.677545e-04
4 212 2 2.250987e-04
5 212 2 1.754466e-04
6 212 2 1.416000e-04
7 212 2 1.175360e-04
8 212 2 1.135975e-04
9 212 2 1.290157e-04
10 212 2 1.522325e-04
11 212 2 1.805742e-04
12 212 2 2.387536e-04
1 213 2 6.157783e-05
2 213 2 6.729995e-05
3 213 2 5.703405e-05
4 213 2 4.826303e-05
5 213 2 3.724136e-05
6 213 2 2.870785e-05
7 213 2 2.436456e-05
8 213 2 2.378571e-05
9 213 2 2.865090e-05
10 213 2 3.530892e-05
11 213 2 4.335891e-05
12 213 2 5.305907e-05
1 214 2 2.188773e-03
2 214 2 2.320373e-03
3 214 2 1.864276e-03
4 214 2 1.384663e-03
5 214 2 1.023520e-03
6 214 2 7.542872e-04
7 214 2 6.532242e-04
8 214 2 6.734248e-04
9 214 2 8.500551e-04
10 214 2 1.139634e-03
11 214 2 1.560054e-03
12 214 2 1.892074e-03
1 215 2 8.110350e-04
2 215 2 8.342576e-04
3 215 2 7.778175e-04
4 215 2 6.198876e-04
5 215 2 5.035070e-04
6 215 2 4.045573e-04
7 215 2 3.495935e-04
8 215 2 3.504531e-04
9 215 2 3.941081e-04
10 215 2 4.688620e-04
11 215 2 5.903618e-04
12 215 2 7.131896e-04
1 216 2 6.961280e-04
2 216 2 7.268088e-04
3 216 2 6.815675e-04
4 216 2 5.540748e-04
5 216 2 4.436712e-04
6 216 2 3.816761e-04
7 216 2 3.353939e-04
8 216 2 3.206987e-04
9 216 2 3.327818e-04
10 216 2 3.782377e-04
11 216 2 4.549559e-04
12 216 2 5.847005e-04
1 224 2 7.087506e-04
2 224 2 7.748323e-04
3 224 2 6.761357e-04
4 224 2 5.822542e-04
5 224 2 4.701812e-04
6 224 2 3.995629e-04
7 224 2 3.629990e-04
8 224 2 3.791483e-04
9 224 2 3.899108e-04
10 224 2 4.598810e-04
11 224 2 5.491887e-04
12 224 2 6.552255e-04
1 240 2 4.300281e-05
2 240 2 4.386259e-05
3 240 2 4.011127e-05
4 240 2 3.542454e-05
5 240 2 3.078848e-05
6 240 2 2.655614e-05
7 240 2 2.601743e-05
8 240 2 2.682246e-05
9 240 2 2.611006e-05
10 240 2 2.811780e-05
11 240 2 3.089456e-05
12 240 2 3.828843e-05
