1 7 2 1.689462e-08
2 7 2 1.443289e-08
3 7 2 1.578446e-08
4 7 2 4.079635e-08
5 7 2 1.403687e-07
6 7 2 3.780655e-07
7 7 2 5.115338e-07
8 7 2 3.487686e-07
9 7 2 1.508307e-07
10 7 2 6.612375e-08
11 7 2 3.503327e-08
12 7 2 2.066735e-08
1 25 2 1.651411e-05
2 25 2 1.568008e-05
3 25 2 2.209064e-05
4 25 2 4.031052e-05
5 25 2 1.127694e-04
6 25 2 2.044930e-04
7 25 2 2.479054e-04
8 25 2 1.900996e-04
9 25 2 1.074164e-04
10 25 2 5.026696e-05
11 25 2 2.396787e-05
12 25 2 1.387972e-05
1 26 2 8.457475e-06
2 26 2 6.960582e-06
3 26 2 1.150989e-05
4 26 2 2.569102e-05
5 26 2 7.236765e-05
6 26 2 1.382202e-04
7 26 2 1.499685e-04
8 26 2 1.122069e-04
9 26 2 6.137127e-05
10 26 2 2.470433e-05
11 26 2 1.290700e-05
12 26 2 7.979747e-06
1 27 2 3.764475e-05
2 27 2 3.323694e-05
3 27 2 5.826418e-05
4 27 2 1.483917e-04
5 27 2 4.178821e-04
6 27 2 8.638132e-04
7 27 2 9.742350e-04
8 27 2 7.332811e-04
9 27 2 3.789337e-04
10 27 2 1.422988e-04
11 27 2 7.541326e-05
12 27 2 4.664829e-05
1 28 2 1.756937e-06
2 28 2 1.598860e-06
3 28 2 2.689004e-06
4 28 2 7.309356e-06
5 28 2 2.087268e-05
6 28 2 4.468807e-05
7 28 2 5.327857e-05
8 28 2 4.014600e-05
9 28 2 2.065195e-05
10 28 2 8.042934e-06
11 28 2 4.015149e-06
12 28 2 2.503222e-06
1 29 2 2.356530e-06
2 29 2 2.229285e-06
3 29 2 3.551362e-06
4 29 2 1.067835e-05
5 29 2 3.193297e-05
6 29 2 7.858994e-05
7 29 2 1.070576e-04
8 29 2 7.965161e-05
9 29 2 3.657999e-05
10 29 2 1.355790e-05
11 29 2 6.408876e-06
12 29 2 4.000701e-06
1 30 2 5.343747e-07
2 30 2 4.673440e-07
3 30 2 7.427731e-07
4 30 2 2.273419e-06
5 30 2 6.297723e-06
6 30 2 1.712736e-05
7 30 2 2.482529e-05
8 30 2 1.901137e-05
9 30 2 8.601988e-06
10 30 2 3.366974e-06
11 30 2 1.553092e-06
12 30 2 9.301445e-07
1 31 2 9.540893e-07
2 31 2 7.352061e-07
3 31 2 1.116867e-06
4 31 2 3.108613e-06
5 31 2 8.027945e-06
6 31 2 2.113717e-05
7 31 2 2.980811e-05
8 31 2 2.406037e-05
9 31 2 1.203660e-05
10 31 2 5.512167e-06
11 31 2 2.646514e-06
12 31 2 1.474760e-06
1 32 2 1.128191e-06
2 32 2 9.339255e-07
3 32 2 1.305467e-06
4 32 2 2.900799e-06
5 32 2 7.747644e-06
6 32 2 1.835264e-05
7 32 2 2.367709e-05
8 32 2 1.955834e-05
9 32 2 1.092160e-05
10 32 2 5.630195e-06
11 32 2 2.909455e-06
12 32 2 1.508873e-06
1 35 2 1.355211e-04
2 35 2 1.291312e-04
3 35 2 1.402747e-04
4 35 2 1.869287e-04
5 35 2 2.930356e-04
6 35 2 4.475294e-04
7 35 2 5.385152e-04
8 35 2 4.944997e-04
9 35 2 3.360810e-04
10 35 2 2.429862e-04
11 35 2 1.840490e-04
12 35 2 1.495232e-04
1 36 2 1.623172e-05
2 36 2 1.523842e-05
3 36 2 1.688868e-05
4 36 2 2.028478e-05
5 36 2 2.774281e-05
6 36 2 4.002129e-05
7 36 2 4.713378e-05
8 36 2 4.801646e-05
9 36 2 3.665239e-05
10 36 2 2.871567e-05
11 36 2 2.197857e-05
12 36 2 1.821111e-05
1 37 2 2.236478e-04
2 37 2 2.164600e-04
3 37 2 2.727496e-04
4 37 2 3.507194e-04
5 37 2 5.302208e-04
6 37 2 8.041947e-04
7 37 2 9.353198e-04
8 37 2 9.194414e-04
9 37 2 6.766234e-04
10 37 2 5.073492e-04
11 37 2 3.575854e-04
12 37 2 2.739409e-04
1 38 2 1.800291e-03
2 38 2 1.798677e-03
3 38 2 2.740047e-03
4 38 2 4.062571e-03
5 38 2 7.417202e-03
6 38 2 1.316126e-02
7 38 2 1.560216e-02
8 38 2 1.353161e-02
9 38 2 8.740385e-03
10 38 2 5.974045e-03
11 38 2 3.413687e-03
12 38 2 2.463448e-03
1 39 2 1.943673e-03
2 39 2 2.024916e-03
3 39 2 3.279946e-03
4 39 2 5.064510e-03
5 39 2 9.826827e-03
6 39 2 1.899773e-02
7 39 2 2.358987e-02
8 39 2 1.909878e-02
9 39 2 1.203819e-02
10 39 2 7.601975e-03
11 39 2 3.847955e-03
12 39 2 2.808729e-03
1 40 2 4.817900e-04
2 40 2 5.286072e-04
3 40 2 9.427633e-04
4 40 2 1.585331e-03
5 40 2 3.465614e-03
6 40 2 7.868470e-03
7 40 2 9.844671e-03
8 40 2 7.221803e-03
9 40 2 4.448557e-03
10 40 2 2.396924e-03
11 40 2 1.026773e-03
12 40 2 7.649139e-04
1 41 2 2.565197e-04
2 41 2 2.742323e-04
3 41 2 5.495524e-04
4 41 2 9.787918e-04
5 41 2 2.454953e-03
6 41 2 6.229696e-03
7 41 2 8.054626e-03
8 41 2 5.649478e-03
9 41 2 3.157190e-03
10 41 2 1.368356e-03
11 41 2 5.256855e-04
12 41 2 4.381521e-04
1 42 2 1.389968e-04
2 42 2 1.453934e-04
3 42 2 3.135389e-04
4 42 2 6.185156e-04
5 42 2 1.758336e-03
6 42 2 4.877097e-03
7 42 2 6.827364e-03
8 42 2 4.559422e-03
9 42 2 2.159125e-03
10 42 2 7.727277e-04
11 42 2 2.880876e-04
12 42 2 2.363340e-04
1 43 2 3.897349e-06
2 43 2 4.041048e-06
3 43 2 9.534777e-06
4 43 2 2.326514e-05
5 43 2 7.787269e-05
6 43 2 2.296587e-04
7 43 2 3.357292e-04
8 43 2 2.107475e-04
9 43 2 8.617859e-05
10 43 2 2.645901e-05
11 43 2 9.023092e-06
12 43 2 6.322549e-06
1 44 2 1.609466e-05
2 44 2 1.617150e-05
3 44 2 3.517551e-05
4 44 2 9.509612e-05
5 44 2 3.552762e-04
6 44 2 1.119593e-03
7 44 2 1.636347e-03
8 44 2 9.867070e-04
9 44 2 3.556930e-04
10 44 2 1.053846e-04
11 44 2 3.458754e-05
12 44 2 2.338506e-05
1 45 2 3.699367e-05
2 45 2 4.145909e-05
3 45 2 7.554565e-05
4 45 2 2.227902e-04
5 45 2 9.330018e-04
6 45 2 3.095797e-03
7 45 2 4.330980e-03
8 45 2 2.637129e-03
9 45 2 9.068492e-04
10 45 2 2.315375e-04
11 45 2 6.711276e-05
12 45 2 4.386158e-05
1 46 2 1.677349e-05
2 46 2 2.110146e-05
3 46 2 3.316989e-05
4 46 2 9.210943e-05
5 46 2 3.617099e-04
6 46 2 1.121984e-03
7 46 2 1.569576e-03
8 46 2 9.835145e-04
9 46 2 3.694361e-04
10 46 2 8.954692e-05
11 46 2 2.461998e-05
12 46 2 1.755749e-05
1 47 2 2.204589e-05
2 47 2 2.805643e-05
3 47 2 3.953589e-05
4 47 2 8.858126e-05
5 47 2 3.019291e-04
6 47 2 8.318144e-04
7 47 2 1.128118e-03
8 47 2 7.649447e-04
9 47 2 3.240539e-04
10 47 2 9.995065e-05
11 47 2 2.948806e-05
12 47 2 2.241484e-05
1 48 2 2.982356e-05
2 48 2 3.425945e-05
3 48 2 4.712196e-05
4 48 2 9.201923e-05
5 48 2 2.855533e-04
6 48 2 6.568216e-04
7 48 2 8.728549e-04
8 48 2 6.141035e-04
9 48 2 2.923380e-04
10 48 2 1.089940e-04
11 48 2 3.923646e-05
12 48 2 2.601923e-05
1 49 2 4.397769e-06
2 49 2 4.001581e-06
3 49 2 4.538967e-06
4 49 2 5.312459e-06
5 49 2 7.597949e-06
6 49 2 1.155984e-05
7 49 2 1.723960e-05
8 49 2 1.621142e-05
9 49 2 1.130728e-05
10 49 2 8.091445e-06
11 49 2 5.907410e-06
12 49 2 4.309445e-06
1 50 2 1.793170e-05
2 50 2 1.547863e-05
3 50 2 1.814334e-05
4 50 2 2.068153e-05
5 50 2 2.910781e-05
6 50 2 4.271531e-05
7 50 2 5.895341e-05
8 50 2 5.669331e-05
9 50 2 4.105111e-05
10 50 2 2.926296e-05
11 50 2 2.190861e-05
12 50 2 1.725064e-05
1 51 2 6.879451e-06
2 51 2 6.278577e-06
3 51 2 6.822368e-06
4 51 2 7.875269e-06
5 51 2 1.073419e-05
6 51 2 1.505385e-05
7 51 2 1.961736e-05
8 51 2 1.945447e-05
9 51 2 1.616381e-05
10 51 2 1.136921e-05
11 51 2 8.520806e-06
12 51 2 7.140696e-06
1 52 2 2.778151e-03
2 52 2 2.920075e-03
3 52 2 3.668278e-03
4 52 2 5.347849e-03
5 52 2 9.043917e-03
6 52 2 1.244645e-02
7 52 2 1.596489e-02
8 52 2 1.493264e-02
9 52 2 1.205418e-02
10 52 2 6.886132e-03
11 52 2 4.144777e-03
12 52 2 3.196255e-03
1 53 2 7.899033e-04
2 53 2 9.910401e-04
3 53 2 1.679031e-03
4 53 2 3.664823e-03
5 53 2 6.978943e-03
6 53 2 1.042134e-02
7 53 2 1.446605e-02
8 53 2 1.232676e-02
9 53 2 8.342848e-03
10 53 2 3.679547e-03
11 53 2 1.641177e-03
12 53 2 1.039752e-03
1 54 2 3.888644e-04
2 54 2 5.044567e-04
3 54 2 9.433545e-04
4 54 2 2.344143e-03
5 54 2 4.617231e-03
6 54 2 8.918385e-03
7 54 2 1.266899e-02
8 54 2 1.062327e-02
9 54 2 6.442847e-03
10 54 2 2.740126e-03
11 54 2 1.174543e-03
12 54 2 6.479010e-04
1 55 2 2.834622e-04
2 55 2 3.161359e-04
3 55 2 5.897428e-04
4 55 2 1.380913e-03
5 55 2 2.740291e-03
6 55 2 5.852160e-03
7 55 2 8.134946e-03
8 55 2 7.015684e-03
9 55 2 4.448892e-03
10 55 2 2.133173e-03
11 55 2 9.980299e-04
12 55 2 5.714748e-04
1 56 2 1.035957e-03
2 56 2 1.075097e-03
3 56 2 1.862096e-03
4 56 2 4.152209e-03
5 56 2 9.076173e-03
6 56 2 1.789113e-02
7 56 2 2.473606e-02
8 56 2 2.052968e-02
9 56 2 1.341868e-02
10 56 2 6.913793e-03
11 56 2 3.116994e-03
12 56 2 1.787626e-03
1 57 2 2.101749e-04
2 57 2 2.005277e-04
3 57 2 2.466377e-04
4 57 2 3.743574e-04
5 57 2 6.263586e-04
6 57 2 1.019164e-03
7 57 2 1.451301e-03
8 57 2 1.307976e-03
9 57 2 9.731353e-04
10 57 2 6.250914e-04
11 57 2 3.822467e-04
12 57 2 2.747034e-04
1 60 2 2.978881e-02
2 60 2 2.884777e-02
3 60 2 3.308267e-02
4 60 2 3.923556e-02
5 60 2 4.837432e-02
6 60 2 6.366028e-02
7 60 2 7.411329e-02
8 60 2 7.414446e-02
9 60 2 6.292224e-02
10 60 2 5.136545e-02
11 60 2 4.108035e-02
12 60 2 3.405140e-02
1 61 2 1.120279e-01
2 61 2 1.127017e-01
3 61 2 1.585131e-01
4 61 2 2.387541e-01
5 61 2 3.482694e-01
6 61 2 4.906552e-01
7 61 2 5.806429e-01
8 61 2 5.586266e-01
9 61 2 4.340675e-01
10 61 2 2.952553e-01
11 61 2 1.926130e-01
12 61 2 1.350971e-01
1 62 2 2.891157e-02
2 62 2 3.166497e-02
3 62 2 4.984645e-02
4 62 2 9.023729e-02
5 62 2 1.547764e-01
6 62 2 2.195627e-01
7 62 2 2.684808e-01
8 62 2 2.506171e-01
9 62 2 1.746356e-01
10 62 2 1.041420e-01
11 62 2 5.655370e-02
12 62 2 3.680353e-02
1 63 2 2.975707e-02
2 63 2 3.612381e-02
3 63 2 6.044462e-02
4 63 2 1.271303e-01
5 63 2 2.439840e-01
6 63 2 3.627211e-01
7 63 2 4.638327e-01
8 63 2 4.036253e-01
9 63 2 2.465217e-01
10 63 2 1.346282e-01
11 63 2 6.218574e-02
12 63 2 4.070941e-02
1 64 2 7.115282e-03
2 64 2 9.115417e-03
3 64 2 1.735795e-02
4 64 2 4.111520e-02
5 64 2 8.805580e-02
6 64 2 1.410452e-01
7 64 2 1.787779e-01
8 64 2 1.397644e-01
9 64 2 8.002702e-02
10 64 2 3.537818e-02
11 64 2 1.616609e-02
12 64 2 1.106339e-02
1 65 2 2.405618e-03
2 65 2 2.982982e-03
3 65 2 6.535152e-03
4 65 2 1.842936e-02
5 65 2 3.864049e-02
6 65 2 6.567096e-02
7 65 2 8.511890e-02
8 65 2 6.352813e-02
9 65 2 3.603115e-02
10 65 2 1.278588e-02
11 65 2 5.628595e-03
12 65 2 4.079035e-03
1 66 2 1.593865e-03
2 66 2 1.970514e-03
3 66 2 4.684477e-03
4 66 2 1.536821e-02
5 66 2 3.195491e-02
6 66 2 5.494790e-02
7 66 2 7.578232e-02
8 66 2 5.729151e-02
9 66 2 3.240888e-02
10 66 2 1.073743e-02
11 66 2 4.114745e-03
12 66 2 2.552296e-03
1 67 2 5.478482e-04
2 67 2 7.305301e-04
3 67 2 1.857743e-03
4 67 2 6.862664e-03
5 67 2 1.557099e-02
6 67 2 2.655643e-02
7 67 2 3.712882e-02
8 67 2 2.857367e-02
9 67 2 1.562781e-02
10 67 2 5.747074e-03
11 67 2 1.817268e-03
12 67 2 8.179429e-04
1 68 2 1.377616e-04
2 68 2 1.849768e-04
3 68 2 5.493708e-04
4 68 2 2.525198e-03
5 68 2 6.881488e-03
6 68 2 1.318706e-02
7 68 2 1.890775e-02
8 68 2 1.406234e-02
9 68 2 6.748653e-03
10 68 2 2.479374e-03
11 68 2 5.653851e-04
12 68 2 1.967344e-04
1 69 2 8.181601e-05
2 69 2 1.159999e-04
3 69 2 2.774059e-04
4 69 2 1.216441e-03
5 69 2 3.900576e-03
6 69 2 9.231152e-03
7 69 2 1.352356e-02
8 69 2 1.041041e-02
9 69 2 4.472243e-03
10 69 2 1.454201e-03
11 69 2 2.817716e-04
12 69 2 1.059644e-04
1 70 2 3.257901e-04
2 70 2 3.807863e-04
3 70 2 5.456557e-04
4 70 2 1.423588e-03
5 70 2 3.569905e-03
6 70 2 8.668746e-03
7 70 2 1.403195e-02
8 70 2 1.278877e-02
9 70 2 6.603266e-03
10 70 2 2.353728e-03
11 70 2 7.158637e-04
12 70 2 4.029794e-04
1 71 2 2.795975e-04
2 71 2 2.837260e-04
3 71 2 3.210576e-04
4 71 2 5.152003e-04
5 71 2 9.977516e-04
6 71 2 2.081404e-03
7 71 2 3.194302e-03
8 71 2 3.175937e-03
9 71 2 2.037651e-03
10 71 2 9.705059e-04
11 71 2 4.636354e-04
12 71 2 3.220105e-04
1 72 2 1.175074e-06
2 72 2 1.122298e-06
3 72 2 1.215894e-06
4 72 2 1.550276e-06
5 72 2 2.412115e-06
6 72 2 4.197161e-06
7 72 2 6.500922e-06
8 72 2 6.252362e-06
9 72 2 4.374362e-06
10 72 2 2.652365e-06
11 72 2 1.634223e-06
12 72 2 1.167050e-06
1 76 2 6.274039e-03
2 76 2 5.740101e-03
3 76 2 5.797873e-03
4 76 2 6.306704e-03
5 76 2 8.574071e-03
6 76 2 1.222608e-02
7 76 2 1.639449e-02
8 76 2 1.749593e-02
9 76 2 1.667022e-02
10 76 2 1.113238e-02
11 76 2 7.186416e-03
12 76 2 6.285145e-03
1 77 2 6.365253e-03
2 77 2 8.265231e-03
3 77 2 1.082696e-02
4 77 2 1.749874e-02
5 77 2 2.938110e-02
6 77 2 4.536135e-02
7 77 2 6.163383e-02
8 77 2 5.850050e-02
9 77 2 4.333469e-02
10 77 2 2.189320e-02
11 77 2 9.606800e-03
12 77 2 6.055118e-03
1 78 2 6.987183e-03
2 78 2 9.547000e-03
3 78 2 1.329477e-02
4 78 2 2.384557e-02
5 78 2 3.728758e-02
6 78 2 5.919975e-02
7 78 2 7.307554e-02
8 78 2 6.842637e-02
9 78 2 4.436691e-02
10 78 2 2.352864e-02
11 78 2 1.270597e-02
12 78 2 7.335588e-03
1 79 2 2.295127e-02
2 79 2 2.816158e-02
3 79 2 4.134933e-02
4 79 2 6.858472e-02
5 79 2 1.041992e-01
6 79 2 1.702272e-01
7 79 2 2.085922e-01
8 79 2 1.976041e-01
9 79 2 1.364468e-01
10 79 2 8.236548e-02
11 79 2 4.692760e-02
12 79 2 2.874698e-02
1 80 2 1.107276e-02
2 80 2 1.109438e-02
3 80 2 1.394078e-02
4 80 2 1.884954e-02
5 80 2 2.811242e-02
6 80 2 4.277203e-02
7 80 2 5.507548e-02
8 80 2 5.452381e-02
9 80 2 4.525377e-02
10 80 2 3.172761e-02
11 80 2 1.850863e-02
12 80 2 1.368096e-02
1 81 2 3.179060e-09
2 81 2 2.880995e-09
3 81 2 3.034470e-09
4 81 2 3.598138e-09
5 81 2 5.181286e-09
6 81 2 6.981633e-09
7 81 2 9.315788e-09
8 81 2 9.995633e-09
9 81 2 9.089150e-09
10 81 2 6.974043e-09
11 81 2 4.610109e-09
12 81 2 3.774278e-09
1 84 2 4.186045e-02
2 84 2 4.425703e-02
3 84 2 5.473709e-02
4 84 2 6.917057e-02
5 84 2 9.273686e-02
6 84 2 1.519561e-01
7 84 2 2.035183e-01
8 84 2 1.950211e-01
9 84 2 1.463334e-01
10 84 2 9.235109e-02
11 84 2 6.203933e-02
12 84 2 4.739135e-02
1 85 2 4.660394e-02
2 85 2 5.247972e-02
3 85 2 6.823209e-02
4 85 2 9.913488e-02
5 85 2 1.586933e-01
6 85 2 2.424289e-01
7 85 2 3.354230e-01
8 85 2 3.190908e-01
9 85 2 2.297670e-01
10 85 2 1.267408e-01
11 85 2 7.147650e-02
12 85 2 5.186341e-02
1 86 2 1.401395e-02
2 86 2 1.586672e-02
3 86 2 2.027650e-02
4 86 2 2.945212e-02
5 86 2 4.733537e-02
6 86 2 6.868259e-02
7 86 2 9.435163e-02
8 86 2 9.466027e-02
9 86 2 7.006663e-02
10 86 2 4.063087e-02
11 86 2 2.238148e-02
12 86 2 1.599589e-02
1 87 2 1.126769e-02
2 87 2 1.524390e-02
3 87 2 2.176549e-02
4 87 2 3.440628e-02
5 87 2 6.036123e-02
6 87 2 9.073059e-02
7 87 2 1.230026e-01
8 87 2 1.253355e-01
9 87 2 9.086885e-02
10 87 2 5.116157e-02
11 87 2 2.247905e-02
12 87 2 1.366384e-02
1 88 2 5.907241e-03
2 88 2 8.388758e-03
3 88 2 1.315481e-02
4 88 2 2.495985e-02
5 88 2 5.122495e-02
6 88 2 8.051157e-02
7 88 2 1.031063e-01
8 88 2 9.043225e-02
9 88 2 5.843734e-02
10 88 2 2.761640e-02
11 88 2 1.415807e-02
12 88 2 7.864290e-03
1 89 2 5.180119e-03
2 89 2 7.207464e-03
3 89 2 1.367954e-02
4 89 2 2.572888e-02
5 89 2 5.134495e-02
6 89 2 7.670338e-02
7 89 2 8.947945e-02
8 89 2 7.836266e-02
9 89 2 5.113990e-02
10 89 2 2.433596e-02
11 89 2 1.339087e-02
12 89 2 7.411900e-03
1 90 2 1.178204e-03
2 90 2 1.552833e-03
3 90 2 3.081431e-03
4 90 2 5.530514e-03
5 90 2 8.491781e-03
6 90 2 1.124030e-02
7 90 2 1.262355e-02
8 90 2 1.168028e-02
9 90 2 8.512085e-03
10 90 2 5.077097e-03
11 90 2 2.799274e-03
12 90 2 1.593565e-03
1 91 2 3.349796e-05
2 91 2 4.739814e-05
3 91 2 9.902521e-05
4 91 2 1.871265e-04
5 91 2 2.761696e-04
6 91 2 3.510372e-04
7 91 2 3.941637e-04
8 91 2 3.614860e-04
9 91 2 2.599159e-04
10 91 2 1.608885e-04
11 91 2 8.338521e-05
12 91 2 4.280634e-05
1 92 2 1.817016e-04
2 92 2 2.595497e-04
3 92 2 6.506255e-04
4 92 2 1.552242e-03
5 92 2 2.927302e-03
6 92 2 4.485658e-03
7 92 2 5.384428e-03
8 92 2 4.900692e-03
9 92 2 3.065921e-03
10 92 2 1.629438e-03
11 92 2 6.390669e-04
12 92 2 2.743357e-04
1 93 2 4.351430e-03
2 93 2 5.250389e-03
3 93 2 1.079508e-02
4 93 2 2.515913e-02
5 93 2 4.488248e-02
6 93 2 7.122534e-02
7 93 2 9.554506e-02
8 93 2 9.392894e-02
9 93 2 6.317707e-02
10 93 2 3.638232e-02
11 93 2 1.558089e-02
12 93 2 6.489753e-03
1 94 2 3.060621e-04
2 94 2 3.045192e-04
3 94 2 4.066067e-04
4 94 2 7.205820e-04
5 94 2 1.229990e-03
6 94 2 1.936769e-03
7 94 2 2.675639e-03
8 94 2 2.915854e-03
9 94 2 2.401833e-03
10 94 2 1.449742e-03
11 94 2 7.781125e-04
12 94 2 4.251420e-04
1 98 2 7.929651e-04
2 98 2 7.381453e-04
3 98 2 6.950781e-04
4 98 2 7.400580e-04
5 98 2 8.399150e-04
6 98 2 9.611112e-04
7 98 2 1.081053e-03
8 98 2 1.139377e-03
9 98 2 1.124310e-03
10 98 2 1.062773e-03
11 98 2 9.559569e-04
12 98 2 8.699309e-04
1 101 2 2.945203e-03
2 101 2 3.026296e-03
3 101 2 3.101170e-03
4 101 2 3.824213e-03
5 101 2 4.918013e-03
6 101 2 5.742293e-03
7 101 2 6.129570e-03
8 101 2 6.142044e-03
9 101 2 5.904756e-03
10 101 2 5.062723e-03
11 101 2 3.893095e-03
12 101 2 3.122541e-03
1 102 2 1.908883e-02
2 102 2 2.157729e-02
3 102 2 2.651889e-02
4 102 2 3.316980e-02
5 102 2 3.838531e-02
6 102 2 4.190445e-02
7 102 2 4.308445e-02
8 102 2 4.362887e-02
9 102 2 3.932179e-02
10 102 2 3.029355e-02
11 102 2 2.431436e-02
12 102 2 1.992864e-02
1 103 2 1.091119e-02
2 103 2 1.113496e-02
3 103 2 1.213571e-02
4 103 2 1.371289e-02
5 103 2 1.596976e-02
6 103 2 1.827534e-02
7 103 2 1.977160e-02
8 103 2 2.074985e-02
9 103 2 2.035132e-02
10 103 2 1.778528e-02
11 103 2 1.463119e-02
12 103 2 1.216535e-02
1 104 2 4.944301e-03
2 104 2 4.744426e-03
3 104 2 4.795977e-03
4 104 2 5.258097e-03
5 104 2 6.148353e-03
6 104 2 7.055532e-03
7 104 2 7.918604e-03
8 104 2 8.554023e-03
9 104 2 8.622876e-03
10 104 2 8.055473e-03
11 104 2 6.626352e-03
12 104 2 5.486612e-03
1 107 2 2.170868e-03
2 107 2 2.290227e-03
3 107 2 2.673922e-03
4 107 2 3.064020e-03
5 107 2 3.436105e-03
6 107 2 4.399040e-03
7 107 2 4.808338e-03
8 107 2 4.788882e-03
9 107 2 4.483110e-03
10 107 2 3.834638e-03
11 107 2 3.048397e-03
12 107 2 2.383961e-03
1 108 2 2.395449e-04
2 108 2 3.061387e-04
3 108 2 4.446993e-04
4 108 2 6.887421e-04
5 108 2 1.069112e-03
6 108 2 1.467389e-03
7 108 2 1.570796e-03
8 108 2 1.388253e-03
9 108 2 1.123316e-03
10 108 2 7.750100e-04
11 108 2 4.037015e-04
12 108 2 2.569954e-04
1 109 2 4.547235e-04
2 109 2 6.006235e-04
3 109 2 9.394140e-04
4 109 2 1.630273e-03
5 109 2 2.777632e-03
6 109 2 3.501346e-03
7 109 2 3.557684e-03
8 109 2 3.270510e-03
9 109 2 2.626314e-03
10 109 2 1.842790e-03
11 109 2 8.196272e-04
12 109 2 4.787958e-04
1 110 2 2.002648e-04
2 110 2 2.550990e-04
3 110 2 4.097020e-04
4 110 2 6.342028e-04
5 110 2 9.836230e-04
6 110 2 1.139083e-03
7 110 2 1.224624e-03
8 110 2 1.211143e-03
9 110 2 1.019755e-03
10 110 2 7.434657e-04
11 110 2 3.596179e-04
12 110 2 2.116750e-04
1 111 2 6.867122e-03
2 111 2 8.588766e-03
3 111 2 1.390503e-02
4 111 2 2.107423e-02
5 111 2 3.185061e-02
6 111 2 4.084773e-02
7 111 2 4.317911e-02
8 111 2 4.276725e-02
9 111 2 3.642005e-02
10 111 2 2.370769e-02
11 111 2 1.277116e-02
12 111 2 7.800859e-03
1 112 2 7.916753e-03
2 112 2 1.020769e-02
3 112 2 1.790719e-02
4 112 2 2.977861e-02
5 112 2 4.528339e-02
6 112 2 5.518316e-02
7 112 2 5.620257e-02
8 112 2 5.238660e-02
9 112 2 3.999141e-02
10 112 2 2.654923e-02
11 112 2 1.523649e-02
12 112 2 9.365714e-03
1 113 2 4.541313e-03
2 113 2 5.753421e-03
3 113 2 9.665782e-03
4 113 2 1.445430e-02
5 113 2 1.778739e-02
6 113 2 1.553103e-02
7 113 2 1.332654e-02
8 113 2 1.272793e-02
9 113 2 1.258852e-02
10 113 2 1.149452e-02
11 113 2 8.039699e-03
12 113 2 5.430093e-03
1 114 2 1.238640e-02
2 114 2 1.679659e-02
3 114 2 2.992600e-02
4 114 2 4.362266e-02
5 114 2 5.032772e-02
6 114 2 3.684272e-02
7 114 2 3.042959e-02
8 114 2 2.789241e-02
9 114 2 2.691717e-02
10 114 2 2.409136e-02
11 114 2 1.836537e-02
12 114 2 1.360390e-02
1 115 2 4.249003e-03
2 115 2 6.181918e-03
3 115 2 9.799347e-03
4 115 2 1.214715e-02
5 115 2 1.084798e-02
6 115 2 1.007199e-02
7 115 2 9.714248e-03
8 115 2 9.320134e-03
9 115 2 8.571743e-03
10 115 2 7.660164e-03
11 115 2 5.818988e-03
12 115 2 4.174686e-03
1 116 2 3.134702e-03
2 116 2 4.012801e-03
3 116 2 6.136531e-03
4 116 2 8.686034e-03
5 116 2 1.010241e-02
6 116 2 1.150408e-02
7 116 2 1.206068e-02
8 116 2 1.154475e-02
9 116 2 9.352531e-03
10 116 2 7.477140e-03
11 116 2 5.431996e-03
12 116 2 3.578366e-03
1 117 2 5.359645e-04
2 117 2 5.596809e-04
3 117 2 7.068255e-04
4 117 2 9.675531e-04
5 117 2 1.232100e-03
6 117 2 1.459767e-03
7 117 2 1.554074e-03
8 117 2 1.552036e-03
9 117 2 1.416138e-03
10 117 2 1.212300e-03
11 117 2 9.786439e-04
12 117 2 7.069598e-04
1 126 2 5.421673e-05
2 126 2 5.635274e-05
3 126 2 6.107867e-05
4 126 2 6.449535e-05
5 126 2 6.372200e-05
6 126 2 5.922246e-05
7 126 2 5.708701e-05
8 126 2 5.764475e-05
9 126 2 5.733958e-05
10 126 2 5.634531e-05
11 126 2 5.505636e-05
12 126 2 5.422277e-05
1 127 2 5.469669e-03
2 127 2 5.562765e-03
3 127 2 5.871380e-03
4 127 2 6.095739e-03
5 127 2 6.178786e-03
6 127 2 5.984936e-03
7 127 2 5.986588e-03
8 127 2 6.123971e-03
9 127 2 6.058689e-03
10 127 2 5.815869e-03
11 127 2 5.636299e-03
12 127 2 5.566531e-03
1 128 2 2.478664e-02
2 128 2 2.545565e-02
3 128 2 2.613185e-02
4 128 2 2.550913e-02
5 128 2 2.481409e-02
6 128 2 2.406870e-02
7 128 2 2.565279e-02
8 128 2 2.916733e-02
9 128 2 3.066918e-02
10 128 2 2.896848e-02
11 128 2 2.634261e-02
12 128 2 2.481998e-02
1 129 2 7.068714e-04
2 129 2 6.971660e-04
3 129 2 7.147492e-04
4 129 2 7.354771e-04
5 129 2 7.468253e-04
6 129 2 7.670287e-04
7 129 2 8.014692e-04
8 129 2 8.736001e-04
9 129 2 9.127281e-04
10 129 2 9.167492e-04
11 129 2 8.370234e-04
12 129 2 7.435933e-04
1 133 2 1.517938e-02
2 133 2 1.764827e-02
3 133 2 2.118580e-02
4 133 2 2.175221e-02
5 133 2 2.074938e-02
6 133 2 1.907149e-02
7 133 2 1.702148e-02
8 133 2 1.593868e-02
9 133 2 1.662049e-02
10 133 2 1.770147e-02
11 133 2 1.688748e-02
12 133 2 1.477656e-02
1 135 2 6.568079e-04
2 135 2 7.399926e-04
3 135 2 8.800204e-04
4 135 2 9.477410e-04
5 135 2 9.106883e-04
6 135 2 8.124271e-04
7 135 2 7.018565e-04
8 135 2 7.088805e-04
9 135 2 7.532666e-04
10 135 2 7.084035e-04
11 135 2 6.789985e-04
12 135 2 6.378263e-04
1 136 2 7.343397e-04
2 136 2 7.557842e-04
3 136 2 9.346682e-04
4 136 2 1.136272e-03
5 136 2 1.244269e-03
6 136 2 1.135248e-03
7 136 2 1.004562e-03
8 136 2 1.002258e-03
9 136 2 1.007438e-03
10 136 2 9.476948e-04
11 136 2 8.960406e-04
12 136 2 7.956952e-04
1 137 2 1.788720e-04
2 137 2 1.876552e-04
3 137 2 2.151505e-04
4 137 2 2.364188e-04
5 137 2 2.333597e-04
6 137 2 2.147143e-04
7 137 2 1.986336e-04
8 137 2 1.916616e-04
9 137 2 1.917820e-04
10 137 2 1.997926e-04
11 137 2 1.975325e-04
12 137 2 1.862555e-04
1 138 2 7.143502e-03
2 138 2 7.855420e-03
3 138 2 9.113448e-03
4 138 2 1.014270e-02
5 138 2 1.023336e-02
6 138 2 8.994097e-03
7 138 2 8.332170e-03
8 138 2 8.035344e-03
9 138 2 8.057269e-03
10 138 2 8.104219e-03
11 138 2 7.861247e-03
12 138 2 7.290648e-03
1 139 2 1.205042e-02
2 139 2 1.372320e-02
3 139 2 1.533432e-02
4 139 2 1.609447e-02
5 139 2 1.586765e-02
6 139 2 1.477709e-02
7 139 2 1.398137e-02
8 139 2 1.345937e-02
9 139 2 1.328492e-02
10 139 2 1.338805e-02
11 139 2 1.273976e-02
12 139 2 1.166155e-02
1 140 2 3.992530e-03
2 140 2 4.128425e-03
3 140 2 4.483790e-03
4 140 2 5.080060e-03
5 140 2 5.394297e-03
6 140 2 5.181232e-03
7 140 2 4.905784e-03
8 140 2 4.731587e-03
9 140 2 4.662609e-03
10 140 2 4.688378e-03
11 140 2 4.589356e-03
12 140 2 4.278681e-03
1 141 2 6.263005e-03
2 141 2 6.198201e-03
3 141 2 6.375734e-03
4 141 2 6.997315e-03
5 141 2 7.551031e-03
6 141 2 7.466737e-03
7 141 2 7.264827e-03
8 141 2 7.044673e-03
9 141 2 6.984970e-03
10 141 2 7.001391e-03
11 141 2 7.071273e-03
12 141 2 6.865655e-03
1 150 2 7.261887e-06
2 150 2 7.949277e-06
3 150 2 8.508798e-06
4 150 2 8.700941e-06
5 150 2 8.141429e-06
6 150 2 7.180374e-06
7 150 2 6.550504e-06
8 150 2 6.392323e-06
9 150 2 6.185662e-06
10 150 2 6.044928e-06
11 150 2 6.162455e-06
12 150 2 6.556676e-06
1 151 2 4.703214e-03
2 151 2 5.002417e-03
3 151 2 5.304045e-03
4 151 2 5.429112e-03
5 151 2 5.253044e-03
6 151 2 4.944741e-03
7 151 2 4.835483e-03
8 151 2 5.022172e-03
9 151 2 4.781554e-03
10 151 2 4.486994e-03
11 151 2 4.355423e-03
12 151 2 4.464080e-03
1 152 2 3.727207e-03
2 152 2 3.775387e-03
3 152 2 3.810337e-03
4 152 2 3.620804e-03
5 152 2 3.480563e-03
6 152 2 3.418402e-03
7 152 2 3.908147e-03
8 152 2 5.211043e-03
9 152 2 5.532093e-03
10 152 2 4.715054e-03
11 152 2 4.043354e-03
12 152 2 3.739272e-03
1 153 2 4.319646e-03
2 153 2 4.424426e-03
3 153 2 4.668074e-03
4 153 2 4.578765e-03
5 153 2 4.421721e-03
6 153 2 4.341243e-03
7 153 2 5.067610e-03
8 153 2 6.622453e-03
9 153 2 8.054750e-03
10 153 2 7.199292e-03
11 153 2 5.445895e-03
12 153 2 4.543862e-03
1 154 2 1.175868e-02
2 154 2 1.169488e-02
3 154 2 1.217002e-02
4 154 2 1.166114e-02
5 154 2 1.090423e-02
6 154 2 9.808478e-03
7 154 2 9.261780e-03
8 154 2 9.648291e-03
9 154 2 1.087832e-02
10 154 2 1.222529e-02
11 154 2 1.288409e-02
12 154 2 1.245830e-02
1 157 2 4.679796e-04
2 157 2 4.859501e-04
3 157 2 5.202792e-04
4 157 2 5.129499e-04
5 157 2 4.999787e-04
6 157 2 4.700659e-04
7 157 2 4.485099e-04
8 157 2 4.439890e-04
9 157 2 4.407800e-04
10 157 2 4.484655e-04
11 157 2 4.516806e-04
12 157 2 4.575752e-04
1 163 2 2.178692e-03
2 163 2 2.207883e-03
3 163 2 2.273401e-03
4 163 2 2.409820e-03
5 163 2 2.412172e-03
6 163 2 2.230148e-03
7 163 2 2.061765e-03
8 163 2 1.936037e-03
9 163 2 1.963761e-03
10 163 2 2.077583e-03
11 163 2 2.158799e-03
12 163 2 2.175714e-03
1 164 2 8.241349e-03
2 164 2 8.170883e-03
3 164 2 8.398334e-03
4 164 2 8.790126e-03
5 164 2 8.686727e-03
6 164 2 8.034552e-03
7 164 2 7.436687e-03
8 164 2 7.264274e-03
9 164 2 7.778557e-03
10 164 2 8.521753e-03
11 164 2 8.693853e-03
12 164 2 8.549081e-03
1 165 2 3.598653e-03
2 165 2 3.526934e-03
3 165 2 3.571273e-03
4 165 2 3.650265e-03
5 165 2 3.610199e-03
6 165 2 3.321895e-03
7 165 2 3.132092e-03
8 165 2 3.170245e-03
9 165 2 3.379140e-03
10 165 2 3.613032e-03
11 165 2 3.800759e-03
12 165 2 3.805237e-03
1 166 2 1.571227e-03
2 166 2 1.555541e-03
3 166 2 1.529841e-03
4 166 2 1.522664e-03
5 166 2 1.472806e-03
6 166 2 1.362101e-03
7 166 2 1.286235e-03
8 166 2 1.295831e-03
9 166 2 1.344329e-03
10 166 2 1.414135e-03
11 166 2 1.524646e-03
12 166 2 1.601465e-03
1 170 2 7.218918e-05
2 170 2 7.939380e-05
3 170 2 7.800397e-05
4 170 2 7.090144e-05
5 170 2 5.908208e-05
6 170 2 4.967771e-05
7 170 2 4.698734e-05
8 170 2 4.485778e-05
9 170 2 4.561224e-05
10 170 2 5.078891e-05
11 170 2 5.603611e-05
12 170 2 6.452905e-05
1 171 2 2.589910e-04
2 171 2 2.842976e-04
3 171 2 2.877394e-04
4 171 2 2.559971e-04
5 171 2 2.129608e-04
6 171 2 1.824973e-04
7 171 2 1.656880e-04
8 171 2 1.569945e-04
9 171 2 1.592820e-04
10 171 2 1.732543e-04
11 171 2 1.977422e-04
12 171 2 2.336134e-04
1 175 2 7.454081e-06
2 175 2 7.880701e-06
3 175 2 7.903306e-06
4 175 2 7.402387e-06
5 175 2 6.431508e-06
6 175 2 5.860734e-06
7 175 2 5.739129e-06
8 175 2 5.690674e-06
9 175 2 5.292947e-06
10 175 2 5.350420e-06
11 175 2 5.593815e-06
12 175 2 6.525216e-06
1 176 2 5.115383e-03
2 176 2 5.153735e-03
3 176 2 5.045490e-03
4 176 2 4.456264e-03
5 176 2 3.604919e-03
6 176 2 3.266732e-03
7 176 2 3.260775e-03
8 176 2 3.720111e-03
9 176 2 4.051586e-03
10 176 2 4.324029e-03
11 176 2 4.615578e-03
12 176 2 4.902877e-03
1 177 2 2.364876e-02
2 177 2 2.298013e-02
3 177 2 2.169753e-02
4 177 2 1.897304e-02
5 177 2 1.551478e-02
6 177 2 1.324831e-02
7 177 2 1.378466e-02
8 177 2 1.651656e-02
9 177 2 2.075874e-02
10 177 2 2.158829e-02
11 177 2 2.202618e-02
12 177 2 2.207118e-02
1 178 2 8.617291e-03
2 178 2 8.516578e-03
3 178 2 8.163762e-03
4 178 2 6.842545e-03
5 178 2 5.957835e-03
6 178 2 5.035697e-03
7 178 2 4.796182e-03
8 178 2 4.831481e-03
9 178 2 5.510182e-03
10 178 2 5.928800e-03
11 178 2 6.696242e-03
12 178 2 7.434236e-03
1 181 2 1.052533e-04
2 181 2 1.111707e-04
3 181 2 1.127016e-04
4 181 2 1.077578e-04
5 181 2 8.886661e-05
6 181 2 7.684267e-05
7 181 2 6.794474e-05
8 181 2 6.953590e-05
9 181 2 7.533509e-05
10 181 2 8.157384e-05
11 181 2 9.238344e-05
12 181 2 9.836164e-05
1 182 2 1.255660e-02
2 182 2 1.160617e-02
3 182 2 1.094409e-02
4 182 2 9.142012e-03
5 182 2 7.159009e-03
6 182 2 5.354510e-03
7 182 2 5.308986e-03
8 182 2 7.377493e-03
9 182 2 1.023707e-02
10 182 2 1.255540e-02
11 182 2 1.387629e-02
12 182 2 1.331919e-02
1 183 2 2.667901e-03
2 183 2 2.562965e-03
3 183 2 2.446832e-03
4 183 2 2.218608e-03
5 183 2 1.866698e-03
6 183 2 1.515047e-03
7 183 2 1.409592e-03
8 183 2 1.673837e-03
9 183 2 1.946216e-03
10 183 2 2.302371e-03
11 183 2 2.506583e-03
12 183 2 2.578183e-03
1 184 2 8.334394e-04
2 184 2 8.444889e-04
3 184 2 8.178742e-04
4 184 2 7.360339e-04
5 184 2 6.118996e-04
6 184 2 4.945303e-04
7 184 2 4.459419e-04
8 184 2 4.657428e-04
9 184 2 4.933766e-04
10 184 2 5.665809e-04
11 184 2 6.629378e-04
12 184 2 7.556024e-04
1 188 2 1.450614e-04
2 188 2 1.437967e-04
3 188 2 1.332866e-04
4 188 2 1.088376e-04
5 188 2 7.692206e-05
6 188 2 5.850964e-05
7 188 2 5.034707e-05
8 188 2 5.121439e-05
9 188 2 6.936962e-05
10 188 2 9.116145e-05
11 188 2 1.085642e-04
12 188 2 1.354088e-04
1 189 2 1.264484e-04
2 189 2 1.168639e-04
3 189 2 1.060059e-04
4 189 2 7.835414e-05
5 189 2 5.187745e-05
6 189 2 3.668579e-05
7 189 2 3.488034e-05
8 189 2 4.284461e-05
9 189 2 6.892305e-05
10 189 2 9.813632e-05
11 189 2 1.193665e-04
12 189 2 1.247374e-04
1 190 2 5.179954e-04
2 190 2 4.908101e-04
3 190 2 4.260243e-04
4 190 2 3.017441e-04
5 190 2 2.105268e-04
6 190 2 1.527252e-04
7 190 2 1.435024e-04
8 190 2 1.729918e-04
9 190 2 2.429863e-04
10 190 2 3.312490e-04
11 190 2 4.340419e-04
12 190 2 4.869871e-04
1 191 2 3.951537e-04
2 191 2 4.094836e-04
3 191 2 3.980201e-04
4 191 2 3.288093e-04
5 191 2 2.703860e-04
6 191 2 2.221174e-04
7 191 2 1.952786e-04
8 191 2 1.983224e-04
9 191 2 2.163737e-04
10 191 2 2.428573e-04
11 191 2 2.986890e-04
12 191 2 3.514049e-04
1 192 2 4.982638e-04
2 192 2 5.384847e-04
3 192 2 5.246504e-04
4 192 2 4.542687e-04
5 192 2 3.839255e-04
6 192 2 3.268972e-04
7 192 2 2.872776e-04
8 192 2 2.669483e-04
9 192 2 2.748624e-04
10 192 2 3.018303e-04
11 192 2 3.603074e-04
12 192 2 4.326504e-04
1 200 2 2.159695e-02
2 200 2 2.221789e-02
3 200 2 1.816936e-02
4 200 2 1.201124e-02
5 200 2 7.861959e-03
6 200 2 6.402839e-03
7 200 2 6.083029e-03
8 200 2 6.560030e-03
9 200 2 7.266394e-03
10 200 2 9.290439e-03
11 200 2 1.291044e-02
12 200 2 1.778795e-02
1 201 2 1.584324e-02
2 201 2 1.634694e-02
3 201 2 1.496466e-02
4 201 2 1.151872e-02
5 201 2 8.680459e-03
6 201 2 7.181583e-03
7 201 2 6.786998e-03
8 201 2 7.020532e-03
9 201 2 6.948226e-03
10 201 2 8.267488e-03
11 201 2 1.053883e-02
12 201 2 1.312578e-02
1 206 2 8.344045e-03
2 206 2 9.012655e-03
3 206 2 8.154041e-03
4 206 2 6.958215e-03
5 206 2 5.754407e-03
6 206 2 5.017357e-03
7 206 2 4.303362e-03
8 206 2 4.225357e-03
9 206 2 4.573905e-03
10 206 2 5.177402e-03
11 206 2 6.069110e-03
12 206 2 7.150040e-03
1 207 2 3.161824e-04
2 207 2 3.452315e-04
3 207 2 3.274102e-04
4 207 2 2.968795e-04
5 207 2 2.632883e-04
6 207 2 2.258212e-04
7 207 2 1.990412e-04
8 207 2 1.960048e-04
9 207 2 1.977563e-04
10 207 2 2.178215e-04
11 207 2 2.347470e-04
12 207 2 2.685360e-04
1 212 2 2.041909e-04
2 212 2 2.179612e-04
3 212 2 1.934619e-04
4 212 2 1.626416e-04
5 212 2 1.267663e-04
6 212 2 1.023109e-04
7 212 2 8.492385e-05
8 212 2 8.207813e-05
9 212 2 9.321832e-05
10 212 2 1.099932e-04
11 212 2 1.304712e-04
12 212 2 1.725078e-04
1 213 2 4.444319e-05
2 213 2 4.857307e-05
3 213 2 4.116376e-05
4 213 2 3.483336e-05
5 213 2 2.687858e-05
6 213 2 2.071961e-05
7 213 2 1.758488e-05
8 213 2 1.716710e-05
9 213 2 2.067850e-05
10 213 2 2.548386e-05
11 213 2 3.129386e-05
12 213 2 3.829485e-05
1 214 2 1.580415e-03
2 214 2 1.675438e-03
3 214 2 1.346110e-03
4 214 2 9.998029e-04
5 214 2 7.390378e-04
6 214 2 5.446370e-04
7 214 2 4.716639e-04
8 214 2 4.862499e-04
9 214 2 6.137867e-04
10 214 2 8.228783e-04
11 214 2 1.126445e-03
12 214 2 1.366182e-03
1 215 2 5.852757e-04
2 215 2 6.020341e-04
3 215 2 5.613046e-04
4 215 2 4.473361e-04
5 215 2 3.633510e-04
6 215 2 2.919449e-04
7 215 2 2.522808e-04
8 215 2 2.529012e-04
9 215 2 2.844044e-04
10 215 2 3.383498e-04
11 215 2 4.260290e-04
12 215 2 5.146665e-04
1 216 2 5.713393e-04
2 216 2 5.965201e-04
3 216 2 5.593889e-04
4 216 2 4.547507e-04
5 216 2 3.641382e-04
6 216 2 3.132564e-04
7 216 2 2.752708e-04
8 216 2 2.632099e-04
9 216 2 2.731269e-04
10 216 2 3.104344e-04
11 216 2 3.733999e-04
12 216 2 4.798864e-04
1 224 2 6.312255e-04
2 224 2 6.900790e-04
3 224 2 6.021781e-04
4 224 2 5.185656e-04
5 224 2 4.187515e-04
6 224 2 3.558576e-04
7 224 2 3.232931e-04
8 224 2 3.376760e-04
9 224 2 3.472612e-04
10 224 2 4.095780e-04
11 224 2 4.891170e-04
12 224 2 5.835551e-04
1 240 2 3.531486e-05
2 240 2 3.602094e-05
3 240 2 3.294027e-05
4 240 2 2.909142e-05
5 240 2 2.528419e-05
6 240 2 2.180849e-05
7 240 2 2.136609e-05
8 240 2 2.202720e-05
9 240 2 2.144216e-05
10 240 2 2.309097e-05
11 240 2 2.537130e-05
12 240 2 3.144331e-05
