1 7 2 1.224473e-08
2 7 2 1.046053e-08
3 7 2 1.144011e-08
4 7 2 2.956799e-08
5 7 2 1.017351e-07
6 7 2 2.740108e-07
7 7 2 3.707447e-07
8 7 2 2.527772e-07
9 7 2 1.093177e-07
10 7 2 4.792455e-08
11 7 2 2.539108e-08
12 7 2 1.497909e-08
1 25 2 1.472424e-05
2 25 2 1.398060e-05
3 25 2 1.969636e-05
4 25 2 3.594148e-05
5 25 2 1.005470e-04
6 25 2 1.823291e-04
7 25 2 2.210363e-04
8 25 2 1.694958e-04
9 25 2 9.577408e-05
10 25 2 4.481880e-05
11 25 2 2.137012e-05
12 25 2 1.237537e-05
1 26 2 5.683180e-06
2 26 2 4.677311e-06
3 26 2 7.734316e-06
4 26 2 1.726363e-05
5 26 2 4.862898e-05
6 26 2 9.287999e-05
7 26 2 1.007745e-04
8 26 2 7.539981e-05
9 26 2 4.123973e-05
10 26 2 1.660060e-05
11 26 2 8.673135e-06
12 26 2 5.362160e-06
1 27 2 2.545514e-05
2 27 2 2.247461e-05
3 27 2 3.939787e-05
4 27 2 1.003415e-04
5 27 2 2.825693e-04
6 27 2 5.841050e-04
7 27 2 6.587716e-04
8 27 2 4.958401e-04
9 27 2 2.562326e-04
10 27 2 9.622153e-05
11 27 2 5.099397e-05
12 27 2 3.154328e-05
1 28 2 1.271089e-06
2 28 2 1.156725e-06
3 28 2 1.945411e-06
4 28 2 5.288092e-06
5 28 2 1.510074e-05
6 28 2 3.233043e-05
7 28 2 3.854539e-05
8 28 2 2.904438e-05
9 28 2 1.494105e-05
10 28 2 5.818813e-06
11 28 2 2.904836e-06
12 28 2 1.811004e-06
1 29 2 1.704090e-06
2 29 2 1.612074e-06
3 29 2 2.568114e-06
4 29 2 7.721893e-06
5 29 2 2.309185e-05
6 29 2 5.683114e-05
7 29 2 7.741711e-05
8 29 2 5.759887e-05
9 29 2 2.645227e-05
10 29 2 9.804197e-06
11 29 2 4.634483e-06
12 29 2 2.893047e-06
1 30 2 3.868270e-07
2 30 2 3.383043e-07
3 30 2 5.376840e-07
4 30 2 1.645699e-06
5 30 2 4.558841e-06
6 30 2 1.239827e-05
7 30 2 1.797071e-05
8 30 2 1.376209e-05
9 30 2 6.226869e-06
10 30 2 2.437310e-06
11 30 2 1.124264e-06
12 30 2 6.733197e-07
1 31 2 6.903465e-07
2 31 2 5.319700e-07
3 31 2 8.081271e-07
4 31 2 2.249286e-06
5 31 2 5.808747e-06
6 31 2 1.529414e-05
7 31 2 2.156813e-05
8 31 2 1.740926e-05
9 31 2 8.709270e-06
10 31 2 3.988416e-06
11 31 2 1.914927e-06
12 31 2 1.067086e-06
1 32 2 8.164205e-07
2 32 2 6.758391e-07
3 32 2 9.447065e-07
4 32 2 2.099175e-06
5 32 2 5.606615e-06
6 32 2 1.328097e-05
7 32 2 1.713403e-05
8 32 2 1.415348e-05
9 32 2 7.903463e-06
10 32 2 4.074314e-06
11 32 2 2.105439e-06
12 32 2 1.091902e-06
1 35 2 1.138659e-04
2 35 2 1.084970e-04
3 35 2 1.178599e-04
4 35 2 1.570589e-04
5 35 2 2.462108e-04
6 35 2 3.760176e-04
7 35 2 4.524646e-04
8 35 2 4.154824e-04
9 35 2 2.823779e-04
10 35 2 2.041588e-04
11 35 2 1.546394e-04
12 35 2 1.256305e-04
1 36 2 1.363741e-05
2 36 2 1.280287e-05
3 36 2 1.418937e-05
4 36 2 1.704267e-05
5 36 2 2.330869e-05
6 36 2 3.362471e-05
7 36 2 3.960040e-05
8 36 2 4.034201e-05
9 36 2 3.079425e-05
10 36 2 2.412606e-05
11 36 2 1.846574e-05
12 36 2 1.530043e-05
1 37 2 1.735407e-04
2 37 2 1.679633e-04
3 37 2 2.116416e-04
4 37 2 2.721427e-04
5 37 2 4.114278e-04
6 37 2 6.240194e-04
7 37 2 7.257666e-04
8 37 2 7.134457e-04
9 37 2 5.250297e-04
10 37 2 3.936805e-04
11 37 2 2.774704e-04
12 37 2 2.125660e-04
1 38 2 1.420523e-03
2 38 2 1.419249e-03
3 38 2 2.162039e-03
4 38 2 3.205579e-03
5 38 2 5.852556e-03
6 38 2 1.038491e-02
7 38 2 1.231091e-02
8 38 2 1.067714e-02
9 38 2 6.896616e-03
10 38 2 4.713830e-03
11 38 2 2.693575e-03
12 38 2 1.943788e-03
1 39 2 1.771112e-03
2 39 2 1.845142e-03
3 39 2 2.988750e-03
4 39 2 4.614878e-03
5 39 2 8.954392e-03
6 39 2 1.731110e-02
7 39 2 2.149554e-02
8 39 2 1.740317e-02
9 39 2 1.096943e-02
10 39 2 6.927065e-03
11 39 2 3.506330e-03
12 39 2 2.559367e-03
1 40 2 4.393544e-04
2 40 2 4.820479e-04
3 40 2 8.597256e-04
4 40 2 1.445697e-03
5 40 2 3.160366e-03
6 40 2 7.175422e-03
7 40 2 8.977561e-03
8 40 2 6.585713e-03
9 40 2 4.056732e-03
10 40 2 2.185806e-03
11 40 2 9.363359e-04
12 40 2 6.975410e-04
1 41 2 2.338962e-04
2 41 2 2.500467e-04
3 41 2 5.010853e-04
4 41 2 8.924685e-04
5 41 2 2.238442e-03
6 41 2 5.680276e-03
7 41 2 7.344258e-03
8 41 2 5.151229e-03
9 41 2 2.878746e-03
10 41 2 1.247675e-03
11 41 2 4.793233e-04
12 41 2 3.995098e-04
1 42 2 1.266881e-04
2 42 2 1.325183e-04
3 42 2 2.857739e-04
4 42 2 5.637439e-04
5 42 2 1.602629e-03
6 42 2 4.445213e-03
7 42 2 6.222777e-03
8 42 2 4.155669e-03
9 42 2 1.967927e-03
10 42 2 7.042999e-04
11 42 2 2.625765e-04
12 42 2 2.154058e-04
1 43 2 3.555409e-06
2 43 2 3.686500e-06
3 43 2 8.698228e-06
4 43 2 2.122393e-05
5 43 2 7.104040e-05
6 43 2 2.095092e-04
7 43 2 3.062734e-04
8 43 2 1.922572e-04
9 43 2 7.861757e-05
10 43 2 2.413759e-05
11 43 2 8.231436e-06
12 43 2 5.767830e-06
1 44 2 1.467143e-05
2 44 2 1.474148e-05
3 44 2 3.206500e-05
4 44 2 8.668692e-05
5 44 2 3.238597e-04
6 44 2 1.020589e-03
7 44 2 1.491647e-03
8 44 2 8.994541e-04
9 44 2 3.242396e-04
10 44 2 9.606563e-05
11 44 2 3.152902e-05
12 44 2 2.131716e-05
1 45 2 3.370600e-05
2 45 2 3.777457e-05
3 45 2 6.883181e-05
4 45 2 2.029905e-04
5 45 2 8.500847e-04
6 45 2 2.820670e-03
7 45 2 3.946080e-03
8 45 2 2.402764e-03
9 45 2 8.262563e-04
10 45 2 2.109605e-04
11 45 2 6.114836e-05
12 45 2 3.996355e-05
1 46 2 1.529449e-05
2 46 2 1.924085e-05
3 46 2 3.024515e-05
4 46 2 8.398772e-05
5 46 2 3.298163e-04
6 46 2 1.023053e-03
7 46 2 1.431179e-03
8 46 2 8.967936e-04
9 46 2 3.368612e-04
10 46 2 8.165116e-05
11 46 2 2.244913e-05
12 46 2 1.600936e-05
1 47 2 2.010265e-05
2 47 2 2.558339e-05
3 47 2 3.605099e-05
4 47 2 8.077325e-05
5 47 2 2.753155e-04
6 47 2 7.584939e-04
7 47 2 1.028680e-03
8 47 2 6.975185e-04
9 47 2 2.954901e-04
10 47 2 9.114048e-05
11 47 2 2.688883e-05
12 47 2 2.043908e-05
1 48 2 2.719468e-05
2 48 2 3.123957e-05
3 48 2 4.296828e-05
4 48 2 8.390797e-05
5 48 2 2.603825e-04
6 48 2 5.989245e-04
7 48 2 7.959149e-04
8 48 2 5.599718e-04
9 48 2 2.665692e-04
10 48 2 9.938642e-05
11 48 2 3.577786e-05
12 48 2 2.372570e-05
1 49 2 2.954816e-06
2 49 2 2.688622e-06
3 49 2 3.049686e-06
4 49 2 3.569387e-06
5 49 2 5.104985e-06
6 49 2 7.766938e-06
7 49 2 1.158311e-05
8 49 2 1.089229e-05
9 49 2 7.597246e-06
10 49 2 5.436560e-06
11 49 2 3.969129e-06
12 49 2 2.895472e-06
1 50 2 1.205628e-05
2 50 2 1.040697e-05
3 50 2 1.219858e-05
4 50 2 1.390512e-05
5 50 2 1.957048e-05
6 50 2 2.871941e-05
7 50 2 3.963701e-05
8 50 2 3.811745e-05
9 50 2 2.760050e-05
10 50 2 1.967479e-05
11 50 2 1.473014e-05
12 50 2 1.159838e-05
1 51 2 4.635553e-06
2 51 2 4.230668e-06
3 51 2 4.597088e-06
4 51 2 5.306560e-06
5 51 2 7.232976e-06
6 51 2 1.014367e-05
7 51 2 1.321869e-05
8 51 2 1.310893e-05
9 51 2 1.089160e-05
10 51 2 7.660869e-06
11 51 2 5.741540e-06
12 51 2 4.811586e-06
1 52 2 1.928330e-03
2 52 2 2.026840e-03
3 52 2 2.546172e-03
4 52 2 3.711972e-03
5 52 2 6.277432e-03
6 52 2 8.639152e-03
7 52 2 1.108132e-02
8 52 2 1.036483e-02
9 52 2 8.366873e-03
10 52 2 4.779702e-03
11 52 2 2.876913e-03
12 52 2 2.218538e-03
1 53 2 5.595907e-04
2 53 2 7.020819e-04
3 53 2 1.189475e-03
4 53 2 2.596268e-03
5 53 2 4.944088e-03
6 53 2 7.382782e-03
7 53 2 1.024818e-02
8 53 2 8.732640e-03
9 53 2 5.910319e-03
10 53 2 2.606699e-03
11 53 2 1.162658e-03
12 53 2 7.365912e-04
1 54 2 2.695086e-04
2 54 2 3.496217e-04
3 54 2 6.538067e-04
4 54 2 1.624645e-03
5 54 2 3.200045e-03
6 54 2 6.181027e-03
7 54 2 8.780443e-03
8 54 2 7.362627e-03
9 54 2 4.465317e-03
10 54 2 1.899088e-03
11 54 2 8.140357e-04
12 54 2 4.490380e-04
1 55 2 2.027343e-04
2 55 2 2.261028e-04
3 55 2 4.217886e-04
4 55 2 9.876393e-04
5 55 2 1.959877e-03
6 55 2 4.185510e-03
7 55 2 5.818176e-03
8 55 2 5.017672e-03
9 55 2 3.181882e-03
10 55 2 1.525662e-03
11 55 2 7.137987e-04
12 55 2 4.087232e-04
1 56 2 7.492004e-04
2 56 2 7.775065e-04
3 56 2 1.346662e-03
4 56 2 3.002864e-03
5 56 2 6.563859e-03
6 56 2 1.293881e-02
7 56 2 1.788904e-02
8 56 2 1.484700e-02
9 56 2 9.704349e-03
10 56 2 5.000033e-03
11 56 2 2.254200e-03
12 56 2 1.292806e-03
1 57 2 1.521351e-04
2 57 2 1.451519e-04
3 57 2 1.785286e-04
4 57 2 2.709785e-04
5 57 2 4.533895e-04
6 57 2 7.377213e-04
7 57 2 1.050524e-03
8 57 2 9.467783e-04
9 57 2 7.044038e-04
10 57 2 4.524722e-04
11 57 2 2.766892e-04
12 57 2 1.988440e-04
1 60 2 2.411457e-02
2 60 2 2.335278e-02
3 60 2 2.678100e-02
4 60 2 3.176188e-02
5 60 2 3.915987e-02
6 60 2 5.153412e-02
7 60 2 5.999602e-02
8 60 2 6.002126e-02
9 60 2 5.093667e-02
10 60 2 4.158124e-02
11 60 2 3.325527e-02
12 60 2 2.756521e-02
1 61 2 9.463120e-02
2 61 2 9.520041e-02
3 61 2 1.338978e-01
4 61 2 2.016783e-01
5 61 2 2.941871e-01
6 61 2 4.144620e-01
7 61 2 4.904756e-01
8 61 2 4.718782e-01
9 61 2 3.666617e-01
10 61 2 2.494055e-01
11 61 2 1.627023e-01
12 61 2 1.141181e-01
1 62 2 2.594397e-02
2 62 2 2.841475e-02
3 62 2 4.473001e-02
4 62 2 8.097497e-02
5 62 2 1.388895e-01
6 62 2 1.970259e-01
7 62 2 2.409228e-01
8 62 2 2.248927e-01
9 62 2 1.567103e-01
10 62 2 9.345242e-02
11 62 2 5.074880e-02
12 62 2 3.302587e-02
1 63 2 2.714291e-02
2 63 2 3.295033e-02
3 63 2 5.513456e-02
4 63 2 1.159619e-01
5 63 2 2.225500e-01
6 63 2 3.308561e-01
7 63 2 4.230850e-01
8 63 2 3.681668e-01
9 63 2 2.248648e-01
10 63 2 1.228011e-01
11 63 2 5.672272e-02
12 63 2 3.713309e-02
1 64 2 6.489622e-03
2 64 2 8.313882e-03
3 64 2 1.583164e-02
4 64 2 3.749987e-02
5 64 2 8.031290e-02
6 64 2 1.286429e-01
7 64 2 1.630576e-01
8 64 2 1.274747e-01
9 64 2 7.299010e-02
10 64 2 3.226731e-02
11 64 2 1.474458e-02
12 64 2 1.009056e-02
1 65 2 2.193594e-03
2 65 2 2.720070e-03
3 65 2 5.959162e-03
4 65 2 1.680505e-02
5 65 2 3.523483e-02
6 65 2 5.988291e-02
7 65 2 7.761675e-02
8 65 2 5.792894e-02
9 65 2 3.285546e-02
10 65 2 1.165897e-02
11 65 2 5.132506e-03
12 65 2 3.719520e-03
1 66 2 1.453921e-03
2 66 2 1.797500e-03
3 66 2 4.273171e-03
4 66 2 1.401886e-02
5 66 2 2.914921e-02
6 66 2 5.012337e-02
7 66 2 6.912849e-02
8 66 2 5.226121e-02
9 66 2 2.956332e-02
10 66 2 9.794667e-03
11 66 2 3.753463e-03
12 66 2 2.328200e-03
1 67 2 4.992595e-04
2 67 2 6.657393e-04
3 67 2 1.692979e-03
4 67 2 6.254013e-03
5 67 2 1.418999e-02
6 67 2 2.420114e-02
7 67 2 3.383586e-02
8 67 2 2.603946e-02
9 67 2 1.424178e-02
10 67 2 5.237365e-03
11 67 2 1.656094e-03
12 67 2 7.453993e-04
1 68 2 1.253452e-04
2 68 2 1.683049e-04
3 68 2 4.998562e-04
4 68 2 2.297603e-03
5 68 2 6.261261e-03
6 68 2 1.199852e-02
7 68 2 1.720360e-02
8 68 2 1.279490e-02
9 68 2 6.140398e-03
10 68 2 2.255909e-03
11 68 2 5.144271e-04
12 68 2 1.790028e-04
1 69 2 7.426138e-05
2 69 2 1.052888e-04
3 69 2 2.517911e-04
4 69 2 1.104119e-03
5 69 2 3.540410e-03
6 69 2 8.378777e-03
7 69 2 1.227484e-02
8 69 2 9.449144e-03
9 69 2 4.059290e-03
10 69 2 1.319924e-03
11 69 2 2.557537e-04
12 69 2 9.617999e-05
1 70 2 2.968366e-04
2 70 2 3.469453e-04
3 70 2 4.971625e-04
4 70 2 1.297071e-03
5 70 2 3.252643e-03
6 70 2 7.898342e-03
7 70 2 1.278491e-02
8 70 2 1.165222e-02
9 70 2 6.016425e-03
10 70 2 2.144549e-03
11 70 2 6.522439e-04
12 70 2 3.671660e-04
1 71 2 2.544687e-04
2 71 2 2.582262e-04
3 71 2 2.922026e-04
4 71 2 4.688968e-04
5 71 2 9.080789e-04
6 71 2 1.894338e-03
7 71 2 2.907214e-03
8 71 2 2.890500e-03
9 71 2 1.854517e-03
10 71 2 8.832819e-04
11 71 2 4.219662e-04
12 71 2 2.930698e-04
1 72 2 1.071069e-06
2 72 2 1.022964e-06
3 72 2 1.108276e-06
4 72 2 1.413062e-06
5 72 2 2.198621e-06
6 72 2 3.825673e-06
7 72 2 5.925529e-06
8 72 2 5.698970e-06
9 72 2 3.987190e-06
10 72 2 2.417606e-06
11 72 2 1.489579e-06
12 72 2 1.063755e-06
1 76 2 4.214637e-03
2 76 2 3.855959e-03
3 76 2 3.894768e-03
4 76 2 4.236579e-03
5 76 2 5.759701e-03
6 76 2 8.212968e-03
7 76 2 1.101313e-02
8 76 2 1.175303e-02
9 76 2 1.119835e-02
10 76 2 7.478263e-03
11 76 2 4.827533e-03
12 76 2 4.222097e-03
1 77 2 4.367833e-03
2 77 2 5.671597e-03
3 77 2 7.429452e-03
4 77 2 1.200763e-02
5 77 2 2.016129e-02
6 77 2 3.112693e-02
7 77 2 4.229310e-02
8 77 2 4.014301e-02
9 77 2 2.973624e-02
10 77 2 1.502310e-02
11 77 2 6.592181e-03
12 77 2 4.155019e-03
1 78 2 4.694840e-03
2 78 2 6.414836e-03
3 78 2 8.933044e-03
4 78 2 1.602235e-02
5 78 2 2.505433e-02
6 78 2 3.977760e-02
7 78 2 4.910104e-02
8 78 2 4.597716e-02
9 78 2 2.981109e-02
10 78 2 1.580940e-02
11 78 2 8.537419e-03
12 78 2 4.928941e-03
1 79 2 1.553380e-02
2 79 2 1.906023e-02
3 79 2 2.798591e-02
4 79 2 4.641928e-02
5 79 2 7.052376e-02
6 79 2 1.152126e-01
7 79 2 1.411786e-01
8 79 2 1.337417e-01
9 79 2 9.234945e-02
10 79 2 5.574632e-02
11 79 2 3.176138e-02
12 79 2 1.945644e-02
1 80 2 7.482159e-03
2 80 2 7.496768e-03
3 80 2 9.420158e-03
4 80 2 1.273714e-02
5 80 2 1.899631e-02
6 80 2 2.890219e-02
7 80 2 3.721596e-02
8 80 2 3.684318e-02
9 80 2 3.057917e-02
10 80 2 2.143919e-02
11 80 2 1.250677e-02
12 80 2 9.244586e-03
1 81 2 2.299274e-09
2 81 2 2.083696e-09
3 81 2 2.194698e-09
4 81 2 2.602374e-09
5 81 2 3.747395e-09
6 81 2 5.049507e-09
7 81 2 6.737698e-09
8 81 2 7.229400e-09
9 81 2 6.573780e-09
10 81 2 5.044017e-09
11 81 2 3.334288e-09
12 81 2 2.729769e-09
1 84 2 3.595246e-02
2 84 2 3.801080e-02
3 84 2 4.701175e-02
4 84 2 5.940815e-02
5 84 2 7.964841e-02
6 84 2 1.305097e-01
7 84 2 1.747947e-01
8 84 2 1.674967e-01
9 84 2 1.256806e-01
10 84 2 7.931708e-02
11 84 2 5.328339e-02
12 84 2 4.070275e-02
1 85 2 3.986299e-02
2 85 2 4.488887e-02
3 85 2 5.836277e-02
4 85 2 8.479566e-02
5 85 2 1.357394e-01
6 85 2 2.073632e-01
7 85 2 2.869062e-01
8 85 2 2.729364e-01
9 85 2 1.965327e-01
10 85 2 1.084086e-01
11 85 2 6.113789e-02
12 85 2 4.436170e-02
1 86 2 1.206027e-02
2 86 2 1.365475e-02
3 86 2 1.744976e-02
4 86 2 2.534621e-02
5 86 2 4.073637e-02
6 86 2 5.910758e-02
7 86 2 8.119812e-02
8 86 2 8.146373e-02
9 86 2 6.029868e-02
10 86 2 3.496654e-02
11 86 2 1.926129e-02
12 86 2 1.376591e-02
1 87 2 1.007097e-02
2 87 2 1.362487e-02
3 87 2 1.945382e-02
4 87 2 3.075205e-02
5 87 2 5.395038e-02
6 87 2 8.109426e-02
7 87 2 1.099387e-01
8 87 2 1.120239e-01
9 87 2 8.121784e-02
10 87 2 4.572780e-02
11 87 2 2.009159e-02
12 87 2 1.221263e-02
1 88 2 5.263996e-03
2 88 2 7.475298e-03
3 88 2 1.172237e-02
4 88 2 2.224195e-02
5 88 2 4.564702e-02
6 88 2 7.174459e-02
7 88 2 9.187892e-02
8 88 2 8.058500e-02
9 88 2 5.207405e-02
10 88 2 2.460923e-02
11 88 2 1.261639e-02
12 88 2 7.007940e-03
1 89 2 4.704419e-03
2 89 2 6.545589e-03
3 89 2 1.242332e-02
4 89 2 2.336615e-02
5 89 2 4.662985e-02
6 89 2 6.965957e-02
7 89 2 8.126238e-02
8 89 2 7.116647e-02
9 89 2 4.644362e-02
10 89 2 2.210115e-02
11 89 2 1.216116e-02
12 89 2 6.731251e-03
1 90 2 1.059243e-03
2 90 2 1.396047e-03
3 90 2 2.770306e-03
4 90 2 4.972111e-03
5 90 2 7.634386e-03
6 90 2 1.010539e-02
7 90 2 1.134898e-02
8 90 2 1.050095e-02
9 90 2 7.652639e-03
10 90 2 4.564474e-03
11 90 2 2.516638e-03
12 90 2 1.432667e-03
1 91 2 2.763549e-05
2 91 2 3.910301e-05
3 91 2 8.169483e-05
4 91 2 1.543776e-04
5 91 2 2.278372e-04
6 91 2 2.896023e-04
7 91 2 3.251812e-04
8 91 2 2.982224e-04
9 91 2 2.144281e-04
10 91 2 1.327315e-04
11 91 2 6.879198e-05
12 91 2 3.531481e-05
1 92 2 1.488372e-04
2 92 2 2.126048e-04
3 92 2 5.329467e-04
4 92 2 1.271487e-03
5 92 2 2.397840e-03
6 92 2 3.674335e-03
7 92 2 4.410545e-03
8 92 2 4.014303e-03
9 92 2 2.511387e-03
10 92 2 1.334721e-03
11 92 2 5.234786e-04
12 92 2 2.247165e-04
1 93 2 3.831137e-03
2 93 2 4.622609e-03
3 93 2 9.504329e-03
4 93 2 2.215090e-02
5 93 2 3.951595e-02
6 93 2 6.270904e-02
7 93 2 8.412089e-02
8 93 2 8.269801e-02
9 93 2 5.562309e-02
10 93 2 3.203214e-02
11 93 2 1.371791e-02
12 93 2 5.713784e-03
1 94 2 1.475698e-04
2 94 2 1.468258e-04
3 94 2 1.960480e-04
4 94 2 3.474331e-04
5 94 2 5.930472e-04
6 94 2 9.338255e-04
7 94 2 1.290076e-03
8 94 2 1.405897e-03
9 94 2 1.158059e-03
10 94 2 6.990023e-04
11 94 2 3.751718e-04
12 94 2 2.049849e-04
1 98 2 5.336200e-04
2 98 2 4.967294e-04
3 98 2 4.677477e-04
4 98 2 4.980166e-04
5 98 2 5.652146e-04
6 98 2 6.467727e-04
7 98 2 7.274864e-04
8 98 2 7.667352e-04
9 98 2 7.565961e-04
10 98 2 7.151853e-04
11 98 2 6.433042e-04
12 98 2 5.854136e-04
1 101 2 2.600960e-03
2 101 2 2.672575e-03
3 101 2 2.738698e-03
4 101 2 3.377230e-03
5 101 2 4.343184e-03
6 101 2 5.071120e-03
7 101 2 5.413131e-03
8 101 2 5.424146e-03
9 101 2 5.214593e-03
10 101 2 4.470979e-03
11 101 2 3.438061e-03
12 101 2 2.757570e-03
1 102 2 1.607316e-02
2 102 2 1.816848e-02
3 102 2 2.232940e-02
4 102 2 2.792960e-02
5 102 2 3.232116e-02
6 102 2 3.528434e-02
7 102 2 3.627792e-02
8 102 2 3.673633e-02
9 102 2 3.310969e-02
10 102 2 2.550774e-02
11 102 2 2.047315e-02
12 102 2 1.678029e-02
1 103 2 8.288271e-03
2 103 2 8.458249e-03
3 103 2 9.218431e-03
4 103 2 1.041648e-02
5 103 2 1.213082e-02
6 103 2 1.388217e-02
7 103 2 1.501874e-02
8 103 2 1.576184e-02
9 103 2 1.545910e-02
10 103 2 1.350991e-02
11 103 2 1.111402e-02
12 103 2 9.240944e-03
1 104 2 4.365004e-03
2 104 2 4.188548e-03
3 104 2 4.234059e-03
4 104 2 4.642035e-03
5 104 2 5.427984e-03
6 104 2 6.228874e-03
7 104 2 6.990825e-03
8 104 2 7.551795e-03
9 104 2 7.612582e-03
10 104 2 7.111658e-03
11 104 2 5.849979e-03
12 104 2 4.843776e-03
1 107 2 1.866724e-03
2 107 2 1.969360e-03
3 107 2 2.299298e-03
4 107 2 2.634742e-03
5 107 2 2.954697e-03
6 107 2 3.782722e-03
7 107 2 4.134676e-03
8 107 2 4.117946e-03
9 107 2 3.855014e-03
10 107 2 3.297394e-03
11 107 2 2.621308e-03
12 107 2 2.049961e-03
1 108 2 2.115588e-04
2 108 2 2.703724e-04
3 108 2 3.927448e-04
4 108 2 6.082759e-04
5 108 2 9.442066e-04
6 108 2 1.295953e-03
7 108 2 1.387279e-03
8 108 2 1.226062e-03
9 108 2 9.920779e-04
10 108 2 6.844651e-04
11 108 2 3.565368e-04
12 108 2 2.269705e-04
1 109 2 4.014910e-04
2 109 2 5.303111e-04
3 109 2 8.294408e-04
4 109 2 1.439424e-03
5 109 2 2.452466e-03
6 109 2 3.091458e-03
7 109 2 3.141200e-03
8 109 2 2.887646e-03
9 109 2 2.318862e-03
10 109 2 1.627062e-03
11 109 2 7.236769e-04
12 109 2 4.227452e-04
1 110 2 1.766565e-04
2 110 2 2.250265e-04
3 110 2 3.614040e-04
4 110 2 5.594394e-04
5 110 2 8.676680e-04
6 110 2 1.004801e-03
7 110 2 1.080258e-03
8 110 2 1.068367e-03
9 110 2 8.995401e-04
10 110 2 6.558217e-04
11 110 2 3.172241e-04
12 110 2 1.867215e-04
1 111 2 6.065171e-03
2 111 2 7.585760e-03
3 111 2 1.228118e-02
4 111 2 1.861315e-02
5 111 2 2.813106e-02
6 111 2 3.607748e-02
7 111 2 3.813660e-02
8 111 2 3.777284e-02
9 111 2 3.216687e-02
10 111 2 2.093908e-02
11 111 2 1.127973e-02
12 111 2 6.889865e-03
1 112 2 6.989390e-03
2 112 2 9.011965e-03
3 112 2 1.580955e-02
4 112 2 2.629036e-02
5 112 2 3.997893e-02
6 112 2 4.871905e-02
7 112 2 4.961904e-02
8 112 2 4.625007e-02
9 112 2 3.530684e-02
10 112 2 2.343927e-02
11 112 2 1.345170e-02
12 112 2 8.268621e-03
1 113 2 4.009238e-03
2 113 2 5.079332e-03
3 113 2 8.533308e-03
4 113 2 1.276078e-02
5 113 2 1.570337e-02
6 113 2 1.371136e-02
7 113 2 1.176516e-02
8 113 2 1.123669e-02
9 113 2 1.111361e-02
10 113 2 1.014779e-02
11 113 2 7.097742e-03
12 113 2 4.793885e-03
1 114 2 1.093044e-02
2 114 2 1.482224e-02
3 114 2 2.640835e-02
4 114 2 3.849503e-02
5 114 2 4.441195e-02
6 114 2 3.251205e-02
7 114 2 2.685275e-02
8 114 2 2.461380e-02
9 114 2 2.375319e-02
10 114 2 2.125954e-02
11 114 2 1.620661e-02
12 114 2 1.200483e-02
1 115 2 3.742001e-03
2 115 2 5.444276e-03
3 115 2 8.630064e-03
4 115 2 1.069772e-02
5 115 2 9.553569e-03
6 115 2 8.870175e-03
7 115 2 8.555120e-03
8 115 2 8.208032e-03
9 115 2 7.548941e-03
10 115 2 6.746134e-03
11 115 2 5.124651e-03
12 115 2 3.676552e-03
1 116 2 2.729732e-03
2 116 2 3.494391e-03
3 116 2 5.343757e-03
4 116 2 7.563892e-03
5 116 2 8.797283e-03
6 116 2 1.001787e-02
7 116 2 1.050257e-02
8 116 2 1.005329e-02
9 116 2 8.144285e-03
10 116 2 6.511173e-03
11 116 2 4.730240e-03
12 116 2 3.116079e-03
1 117 2 4.680325e-04
2 117 2 4.887430e-04
3 117 2 6.172375e-04
4 117 2 8.449186e-04
5 117 2 1.075935e-03
6 117 2 1.274745e-03
7 117 2 1.357099e-03
8 117 2 1.355320e-03
9 117 2 1.236647e-03
10 117 2 1.058645e-03
11 117 2 8.546037e-04
12 117 2 6.173547e-04
1 126 2 4.800871e-05
2 126 2 4.990014e-05
3 126 2 5.408493e-05
4 126 2 5.711039e-05
5 126 2 5.642559e-05
6 126 2 5.244126e-05
7 126 2 5.055033e-05
8 126 2 5.104420e-05
9 126 2 5.077398e-05
10 126 2 4.989356e-05
11 126 2 4.875220e-05
12 126 2 4.801405e-05
1 127 2 4.826203e-03
2 127 2 4.908347e-03
3 127 2 5.180656e-03
4 127 2 5.378621e-03
5 127 2 5.451897e-03
6 127 2 5.280853e-03
7 127 2 5.282310e-03
8 127 2 5.403531e-03
9 127 2 5.345929e-03
10 127 2 5.131675e-03
11 127 2 4.973230e-03
12 127 2 4.911670e-03
1 128 2 2.189075e-02
2 128 2 2.248160e-02
3 128 2 2.307880e-02
4 128 2 2.252883e-02
5 128 2 2.191500e-02
6 128 2 2.125669e-02
7 128 2 2.265571e-02
8 128 2 2.575964e-02
9 128 2 2.708602e-02
10 128 2 2.558402e-02
11 128 2 2.326493e-02
12 128 2 2.192020e-02
1 129 2 6.237744e-04
2 129 2 6.152099e-04
3 129 2 6.307261e-04
4 129 2 6.490173e-04
5 129 2 6.590314e-04
6 129 2 6.768599e-04
7 129 2 7.072517e-04
8 129 2 7.709031e-04
9 129 2 8.054314e-04
10 129 2 8.089798e-04
11 129 2 7.386262e-04
12 129 2 6.561794e-04
1 133 2 1.340354e-02
2 133 2 1.558360e-02
3 133 2 1.870727e-02
4 133 2 1.920742e-02
5 133 2 1.832191e-02
6 133 2 1.684031e-02
7 133 2 1.503014e-02
8 133 2 1.407401e-02
9 133 2 1.467606e-02
10 133 2 1.563057e-02
11 133 2 1.491182e-02
12 133 2 1.304785e-02
1 135 2 5.794194e-04
2 135 2 6.528029e-04
3 135 2 7.763319e-04
4 135 2 8.360733e-04
5 135 2 8.033863e-04
6 135 2 7.167028e-04
7 135 2 6.191602e-04
8 135 2 6.253566e-04
9 135 2 6.645129e-04
10 135 2 6.249357e-04
11 135 2 5.989954e-04
12 135 2 5.626743e-04
1 136 2 6.481648e-04
2 136 2 6.670927e-04
3 136 2 8.249846e-04
4 136 2 1.002930e-03
5 136 2 1.098254e-03
6 136 2 1.002026e-03
7 136 2 8.866762e-04
8 136 2 8.846425e-04
9 136 2 8.892149e-04
10 136 2 8.364826e-04
11 136 2 7.908900e-04
12 136 2 7.023202e-04
1 137 2 1.575498e-04
2 137 2 1.652859e-04
3 137 2 1.895038e-04
4 137 2 2.082368e-04
5 137 2 2.055423e-04
6 137 2 1.891196e-04
7 137 2 1.749557e-04
8 137 2 1.688148e-04
9 137 2 1.689209e-04
10 137 2 1.759766e-04
11 137 2 1.739859e-04
12 137 2 1.640531e-04
1 138 2 6.302819e-03
2 138 2 6.930954e-03
3 138 2 8.040931e-03
4 138 2 8.949056e-03
5 138 2 9.029048e-03
6 138 2 7.935626e-03
7 138 2 7.351597e-03
8 138 2 7.089704e-03
9 138 2 7.109048e-03
10 138 2 7.150473e-03
11 138 2 6.936095e-03
12 138 2 6.432647e-03
1 139 2 1.063887e-02
2 139 2 1.211571e-02
3 139 2 1.353812e-02
4 139 2 1.420922e-02
5 139 2 1.400897e-02
6 139 2 1.304616e-02
7 139 2 1.234364e-02
8 139 2 1.188279e-02
9 139 2 1.172877e-02
10 139 2 1.181982e-02
11 139 2 1.124747e-02
12 139 2 1.029556e-02
1 140 2 3.523950e-03
2 140 2 3.643895e-03
3 140 2 3.957553e-03
4 140 2 4.483843e-03
5 140 2 4.761199e-03
6 140 2 4.573140e-03
7 140 2 4.330021e-03
8 140 2 4.176268e-03
9 140 2 4.115385e-03
10 140 2 4.138130e-03
11 140 2 4.050730e-03
12 140 2 3.776517e-03
1 141 2 5.534491e-03
2 141 2 5.477225e-03
3 141 2 5.634107e-03
4 141 2 6.183386e-03
5 141 2 6.672694e-03
6 141 2 6.598204e-03
7 141 2 6.419781e-03
8 141 2 6.225235e-03
9 141 2 6.172476e-03
10 141 2 6.186988e-03
11 141 2 6.248741e-03
12 141 2 6.067040e-03
1 150 2 6.404894e-06
2 150 2 7.011164e-06
3 150 2 7.504654e-06
4 150 2 7.674122e-06
5 150 2 7.180639e-06
6 150 2 6.333001e-06
7 150 2 5.777463e-06
8 150 2 5.637950e-06
9 150 2 5.455677e-06
10 150 2 5.331551e-06
11 150 2 5.435209e-06
12 150 2 5.782907e-06
1 151 2 4.148293e-03
2 151 2 4.412193e-03
3 151 2 4.678233e-03
4 151 2 4.788544e-03
5 151 2 4.633249e-03
6 151 2 4.361322e-03
7 151 2 4.264956e-03
8 151 2 4.429617e-03
9 151 2 4.217389e-03
10 151 2 3.957584e-03
11 151 2 3.841537e-03
12 151 2 3.937373e-03
1 152 2 3.288302e-03
2 152 2 3.330809e-03
3 152 2 3.361643e-03
4 152 2 3.194429e-03
5 152 2 3.070702e-03
6 152 2 3.015861e-03
7 152 2 3.447935e-03
8 152 2 4.597407e-03
9 152 2 4.880650e-03
10 152 2 4.159824e-03
11 152 2 3.567221e-03
12 152 2 3.298947e-03
1 153 2 3.811933e-03
2 153 2 3.904398e-03
3 153 2 4.119409e-03
4 153 2 4.040596e-03
5 153 2 3.902011e-03
6 153 2 3.830992e-03
7 153 2 4.471985e-03
8 153 2 5.844078e-03
9 153 2 7.108029e-03
10 153 2 6.353118e-03
11 153 2 4.805808e-03
12 153 2 4.009796e-03
1 154 2 1.037174e-02
2 154 2 1.031546e-02
3 154 2 1.073456e-02
4 154 2 1.028570e-02
5 154 2 9.618071e-03
6 154 2 8.651567e-03
7 154 2 8.169352e-03
8 154 2 8.510274e-03
9 154 2 9.595221e-03
10 154 2 1.078331e-02
11 154 2 1.136441e-02
12 154 2 1.098884e-02
1 157 2 4.136325e-04
2 157 2 4.295160e-04
3 157 2 4.598584e-04
4 157 2 4.533803e-04
5 157 2 4.419154e-04
6 157 2 4.154765e-04
7 157 2 3.964238e-04
8 157 2 3.924279e-04
9 157 2 3.895915e-04
10 157 2 3.963846e-04
11 157 2 3.992263e-04
12 157 2 4.044363e-04
1 163 2 1.922675e-03
2 163 2 1.948437e-03
3 163 2 2.006256e-03
4 163 2 2.126644e-03
5 163 2 2.128720e-03
6 163 2 1.968085e-03
7 163 2 1.819488e-03
8 163 2 1.708535e-03
9 163 2 1.733001e-03
10 163 2 1.833448e-03
11 163 2 1.905121e-03
12 163 2 1.920048e-03
1 164 2 7.275012e-03
2 164 2 7.212808e-03
3 164 2 7.413589e-03
4 164 2 7.759442e-03
5 164 2 7.668167e-03
6 164 2 7.092463e-03
7 164 2 6.564700e-03
8 164 2 6.412503e-03
9 164 2 6.866484e-03
10 164 2 7.522537e-03
11 164 2 7.674458e-03
12 164 2 7.546660e-03
1 165 2 3.172887e-03
2 165 2 3.109653e-03
3 165 2 3.148746e-03
4 165 2 3.218393e-03
5 165 2 3.183067e-03
6 165 2 2.928873e-03
7 165 2 2.761527e-03
8 165 2 2.795165e-03
9 165 2 2.979345e-03
10 165 2 3.185565e-03
11 165 2 3.351082e-03
12 165 2 3.355030e-03
1 166 2 1.384482e-03
2 166 2 1.370661e-03
3 166 2 1.348015e-03
4 166 2 1.341691e-03
5 166 2 1.297759e-03
6 166 2 1.200211e-03
7 166 2 1.133362e-03
8 166 2 1.141818e-03
9 166 2 1.184552e-03
10 166 2 1.246061e-03
11 166 2 1.343437e-03
12 166 2 1.411127e-03
1 170 2 6.363342e-05
2 170 2 6.998416e-05
3 170 2 6.875905e-05
4 170 2 6.249831e-05
5 170 2 5.207976e-05
6 170 2 4.378998e-05
7 170 2 4.141847e-05
8 170 2 3.954130e-05
9 170 2 4.020634e-05
10 170 2 4.476948e-05
11 170 2 4.939479e-05
12 170 2 5.688116e-05
1 171 2 2.284268e-04
2 171 2 2.507470e-04
3 171 2 2.537826e-04
4 171 2 2.257862e-04
5 171 2 1.878288e-04
6 171 2 1.609604e-04
7 171 2 1.461347e-04
8 171 2 1.384672e-04
9 171 2 1.404847e-04
10 171 2 1.528082e-04
11 171 2 1.744062e-04
12 171 2 2.060441e-04
1 175 2 6.580155e-06
2 175 2 6.956757e-06
3 175 2 6.976712e-06
4 175 2 6.534521e-06
5 175 2 5.677469e-06
6 175 2 5.173613e-06
7 175 2 5.066266e-06
8 175 2 5.023491e-06
9 175 2 4.672395e-06
10 175 2 4.723129e-06
11 175 2 4.937988e-06
12 175 2 5.760191e-06
1 176 2 4.499945e-03
2 176 2 4.533683e-03
3 176 2 4.438461e-03
4 176 2 3.920125e-03
5 176 2 3.171207e-03
6 176 2 2.873708e-03
7 176 2 2.868467e-03
8 176 2 3.272540e-03
9 176 2 3.564134e-03
10 176 2 3.803799e-03
11 176 2 4.060272e-03
12 176 2 4.313006e-03
1 177 2 2.084425e-02
2 177 2 2.025492e-02
3 177 2 1.912442e-02
4 177 2 1.672303e-02
5 177 2 1.367488e-02
6 177 2 1.167719e-02
7 177 2 1.214994e-02
8 177 2 1.455787e-02
9 177 2 1.829696e-02
10 177 2 1.902814e-02
11 177 2 1.941409e-02
12 177 2 1.945376e-02
1 178 2 7.599463e-03
2 178 2 7.510646e-03
3 178 2 7.199503e-03
4 178 2 6.034341e-03
5 178 2 5.254128e-03
6 178 2 4.440908e-03
7 178 2 4.229683e-03
8 178 2 4.260813e-03
9 178 2 4.859350e-03
10 178 2 5.228522e-03
11 178 2 5.905319e-03
12 178 2 6.556145e-03
1 181 2 9.298315e-05
2 181 2 9.821073e-05
3 181 2 9.956319e-05
4 181 2 9.519574e-05
5 181 2 7.850680e-05
6 181 2 6.788458e-05
7 181 2 6.002394e-05
8 181 2 6.142961e-05
9 181 2 6.655275e-05
10 181 2 7.206420e-05
11 181 2 8.161366e-05
12 181 2 8.689493e-05
1 182 2 1.108488e-02
2 182 2 1.024584e-02
3 182 2 9.661372e-03
4 182 2 8.070505e-03
5 182 2 6.319925e-03
6 182 2 4.726925e-03
7 182 2 4.686736e-03
8 182 2 6.512801e-03
9 182 2 9.037212e-03
10 182 2 1.108382e-02
11 182 2 1.224990e-02
12 182 2 1.175809e-02
1 183 2 2.358078e-03
2 183 2 2.265329e-03
3 183 2 2.162681e-03
4 183 2 1.960961e-03
5 183 2 1.649919e-03
6 183 2 1.339105e-03
7 183 2 1.245896e-03
8 183 2 1.479454e-03
9 183 2 1.720202e-03
10 183 2 2.034997e-03
11 183 2 2.215494e-03
12 183 2 2.278779e-03
1 184 2 7.353539e-04
2 184 2 7.451031e-04
3 184 2 7.216206e-04
4 184 2 6.494119e-04
5 184 2 5.398867e-04
6 184 2 4.363302e-04
7 184 2 3.934601e-04
8 184 2 4.109306e-04
9 184 2 4.353123e-04
10 184 2 4.999014e-04
11 184 2 5.849182e-04
12 184 2 6.666774e-04
1 188 2 1.025052e-04
2 188 2 1.016115e-04
3 188 2 9.418475e-05
4 188 2 7.690827e-05
5 188 2 5.435569e-05
6 188 2 4.134486e-05
7 188 2 3.557691e-05
8 188 2 3.618979e-05
9 188 2 4.901888e-05
10 188 2 6.441772e-05
11 188 2 7.671511e-05
12 188 2 9.568437e-05
1 189 2 8.940053e-05
2 189 2 8.262412e-05
3 189 2 7.494743e-05
4 189 2 5.539729e-05
5 189 2 3.667797e-05
6 189 2 2.593728e-05
7 189 2 2.466081e-05
8 189 2 3.029164e-05
9 189 2 4.872940e-05
10 189 2 6.938353e-05
11 189 2 8.439351e-05
12 189 2 8.819081e-05
1 190 2 3.660067e-04
2 190 2 3.467981e-04
3 190 2 3.010215e-04
4 190 2 2.132073e-04
5 190 2 1.487547e-04
6 190 2 1.079130e-04
7 190 2 1.013964e-04
8 190 2 1.222331e-04
9 190 2 1.716900e-04
10 190 2 2.340550e-04
11 190 2 3.066867e-04
12 190 2 3.440968e-04
1 191 2 2.903940e-04
2 191 2 3.009249e-04
3 191 2 2.925005e-04
4 191 2 2.416382e-04
5 191 2 1.987036e-04
6 191 2 1.632316e-04
7 191 2 1.435080e-04
8 191 2 1.457449e-04
9 191 2 1.590106e-04
10 191 2 1.784731e-04
11 191 2 2.195032e-04
12 191 2 2.582435e-04
1 192 2 4.398206e-04
2 192 2 4.753237e-04
3 192 2 4.631121e-04
4 192 2 4.009857e-04
5 192 2 3.388934e-04
6 192 2 2.885541e-04
7 192 2 2.535817e-04
8 192 2 2.356369e-04
9 192 2 2.426227e-04
10 192 2 2.664275e-04
11 192 2 3.180456e-04
12 192 2 3.819032e-04
1 200 2 1.895844e-02
2 200 2 1.950352e-02
3 200 2 1.594960e-02
4 200 2 1.054382e-02
5 200 2 6.901461e-03
6 200 2 5.620601e-03
7 200 2 5.339863e-03
8 200 2 5.758588e-03
9 200 2 6.378656e-03
10 200 2 8.155423e-03
11 200 2 1.133316e-02
12 200 2 1.561479e-02
1 201 2 1.399918e-02
2 201 2 1.444425e-02
3 201 2 1.322285e-02
4 201 2 1.017801e-02
5 201 2 7.670102e-03
6 201 2 6.345687e-03
7 201 2 5.997030e-03
8 201 2 6.203382e-03
9 201 2 6.139492e-03
10 201 2 7.305199e-03
11 201 2 9.312167e-03
12 201 2 1.159802e-02
1 206 2 7.369714e-03
2 206 2 7.960251e-03
3 206 2 7.201897e-03
4 206 2 6.145707e-03
5 206 2 5.082467e-03
6 206 2 4.431482e-03
7 206 2 3.800860e-03
8 206 2 3.731964e-03
9 206 2 4.039812e-03
10 206 2 4.572839e-03
11 206 2 5.360422e-03
12 206 2 6.315133e-03
1 207 2 2.794297e-04
2 207 2 3.051021e-04
3 207 2 2.893524e-04
4 207 2 2.623705e-04
5 207 2 2.326840e-04
6 207 2 1.995720e-04
7 207 2 1.759048e-04
8 207 2 1.732214e-04
9 207 2 1.747693e-04
10 207 2 1.925021e-04
11 207 2 2.074602e-04
12 207 2 2.373217e-04
1 212 2 1.442999e-04
2 212 2 1.540312e-04
3 212 2 1.367178e-04
4 212 2 1.149374e-04
5 212 2 8.958458e-05
6 212 2 7.230220e-05
7 212 2 6.001492e-05
8 212 2 5.800387e-05
9 212 2 6.587654e-05
10 212 2 7.773123e-05
11 212 2 9.220278e-05
12 212 2 1.219097e-04
1 213 2 3.140386e-05
2 213 2 3.432206e-05
3 213 2 2.908659e-05
4 213 2 2.461349e-05
5 213 2 1.899259e-05
6 213 2 1.464061e-05
7 213 2 1.242559e-05
8 213 2 1.213039e-05
9 213 2 1.461157e-05
10 213 2 1.800707e-05
11 213 2 2.211246e-05
12 213 2 2.705940e-05
1 214 2 1.116527e-03
2 214 2 1.183658e-03
3 214 2 9.509958e-04
4 214 2 7.063378e-04
5 214 2 5.221132e-04
6 214 2 3.847735e-04
7 214 2 3.332197e-04
8 214 2 3.435243e-04
9 214 2 4.336262e-04
10 214 2 5.813446e-04
11 214 2 7.958074e-04
12 214 2 9.651759e-04
1 215 2 4.131042e-04
2 215 2 4.249327e-04
3 215 2 3.961847e-04
4 215 2 3.157425e-04
5 215 2 2.564635e-04
6 215 2 2.060630e-04
7 215 2 1.780670e-04
8 215 2 1.785048e-04
9 215 2 2.007407e-04
10 215 2 2.388169e-04
11 215 2 3.007034e-04
12 215 2 3.632662e-04
1 216 2 4.422794e-04
2 216 2 4.617722e-04
3 216 2 4.330285e-04
4 216 2 3.520270e-04
5 216 2 2.818830e-04
6 216 2 2.424949e-04
7 216 2 2.130898e-04
8 216 2 2.037534e-04
9 216 2 2.114303e-04
10 216 2 2.403103e-04
11 216 2 2.890526e-04
12 216 2 3.714848e-04
1 224 2 5.536122e-04
2 224 2 6.052292e-04
3 224 2 5.281363e-04
4 224 2 4.548046e-04
5 224 2 3.672632e-04
6 224 2 3.121025e-04
7 224 2 2.835421e-04
8 224 2 2.961565e-04
9 224 2 3.045632e-04
10 224 2 3.592176e-04
11 224 2 4.289768e-04
12 224 2 5.118031e-04
1 240 2 2.731501e-05
2 240 2 2.786114e-05
3 240 2 2.547833e-05
4 240 2 2.250136e-05
5 240 2 1.955658e-05
6 240 2 1.686823e-05
7 240 2 1.652605e-05
8 240 2 1.703740e-05
9 240 2 1.658488e-05
10 240 2 1.786019e-05
11 240 2 1.962396e-05
12 240 2 2.432048e-05
