1 7 2 4.737727e-09
2 7 2 4.047388e-09
3 7 2 4.426406e-09
4 7 2 1.144044e-08
5 7 2 3.936332e-08
6 7 2 1.060202e-07
7 7 2 1.434485e-07
8 7 2 9.780452e-08
9 7 2 4.229717e-08
10 7 2 1.854296e-08
11 7 2 9.824313e-09
12 7 2 5.795705e-09
1 25 2 1.158425e-05
2 25 2 1.099920e-05
3 25 2 1.549606e-05
4 25 2 2.827686e-05
5 25 2 7.910505e-05
6 25 2 1.434469e-04
7 25 2 1.738997e-04
8 25 2 1.333503e-04
9 25 2 7.535000e-05
10 25 2 3.526107e-05
11 25 2 1.681289e-05
12 25 2 9.736288e-06
1 26 2 1.864038e-06
2 26 2 1.534121e-06
3 26 2 2.536794e-06
4 26 2 5.662333e-06
5 26 2 1.594992e-05
6 26 2 3.046390e-05
7 26 2 3.305324e-05
8 26 2 2.473054e-05
9 26 2 1.352630e-05
10 26 2 5.444865e-06
11 26 2 2.844720e-06
12 26 2 1.758746e-06
1 27 2 8.491393e-06
2 27 2 7.497138e-06
3 27 2 1.314244e-05
4 27 2 3.347219e-05
5 27 2 9.426019e-05
6 27 2 1.948473e-04
7 27 2 2.197547e-04
8 27 2 1.654036e-04
9 27 2 8.547473e-05
10 27 2 3.209783e-05
11 27 2 1.701070e-05
12 27 2 1.052229e-05
1 28 2 4.919867e-07
2 28 2 4.477211e-07
3 28 2 7.529892e-07
4 28 2 2.046804e-06
5 28 2 5.844878e-06
6 28 2 1.251379e-05
7 28 2 1.491934e-05
8 28 2 1.124189e-05
9 28 2 5.783069e-06
10 28 2 2.252225e-06
11 28 2 1.124343e-06
12 28 2 7.009655e-07
1 29 2 6.597622e-07
2 29 2 6.241371e-07
3 29 2 9.942813e-07
4 29 2 2.989639e-06
5 29 2 8.940334e-06
6 29 2 2.200297e-05
7 29 2 2.997312e-05
8 29 2 2.230021e-05
9 29 2 1.024137e-05
10 29 2 3.795832e-06
11 29 2 1.794305e-06
12 29 2 1.120084e-06
1 30 2 1.498091e-07
2 30 2 1.310174e-07
3 30 2 2.082325e-07
4 30 2 6.373408e-07
5 30 2 1.765533e-06
6 30 2 4.801563e-06
7 30 2 6.959637e-06
8 30 2 5.329736e-06
9 30 2 2.411521e-06
10 30 2 9.439132e-07
11 30 2 4.354012e-07
12 30 2 2.607610e-07
1 31 2 2.671835e-07
2 31 2 2.058874e-07
3 31 2 3.127680e-07
4 31 2 8.705371e-07
5 31 2 2.248149e-06
6 31 2 5.919263e-06
7 31 2 8.347475e-06
8 31 2 6.737875e-06
9 31 2 3.370733e-06
10 31 2 1.543630e-06
11 31 2 7.411307e-07
12 31 2 4.129924e-07
1 32 2 3.163442e-07
2 32 2 2.618722e-07
3 32 2 3.660521e-07
4 32 2 8.133824e-07
5 32 2 2.172435e-06
6 32 2 5.146071e-06
7 32 2 6.639042e-06
8 32 2 5.484147e-06
9 32 2 3.062411e-06
10 32 2 1.578703e-06
11 32 2 8.158094e-07
12 32 2 4.230871e-07
1 35 2 6.609814e-05
2 35 2 6.298158e-05
3 35 2 6.841663e-05
4 35 2 9.117134e-05
5 35 2 1.429232e-04
6 35 2 2.182750e-04
7 35 2 2.626518e-04
8 35 2 2.411839e-04
9 35 2 1.639179e-04
10 35 2 1.185124e-04
11 35 2 8.976683e-05
12 35 2 7.292742e-05
1 36 2 7.921221e-06
2 36 2 7.436485e-06
3 36 2 8.241824e-06
4 36 2 9.899153e-06
5 36 2 1.353874e-05
6 36 2 1.953074e-05
7 36 2 2.300170e-05
8 36 2 2.343246e-05
9 36 2 1.788669e-05
10 36 2 1.401350e-05
11 36 2 1.072574e-05
12 36 2 8.887182e-06
1 37 2 8.155591e-05
2 37 2 7.893478e-05
3 37 2 9.946150e-05
4 37 2 1.278941e-04
5 37 2 1.933515e-04
6 37 2 2.932595e-04
7 37 2 3.410759e-04
8 37 2 3.352856e-04
9 37 2 2.467390e-04
10 37 2 1.850111e-04
11 37 2 1.303979e-04
12 37 2 9.989593e-05
1 38 2 6.606607e-04
2 38 2 6.600684e-04
3 38 2 1.005527e-03
4 38 2 1.490860e-03
5 38 2 2.721923e-03
6 38 2 4.829845e-03
7 38 2 5.725593e-03
8 38 2 4.965754e-03
9 38 2 3.207498e-03
10 38 2 2.192322e-03
11 38 2 1.252736e-03
12 38 2 9.040225e-04
1 39 2 1.446648e-03
2 39 2 1.507116e-03
3 39 2 2.441217e-03
4 39 2 3.769442e-03
5 39 2 7.313966e-03
6 39 2 1.413974e-02
7 39 2 1.755760e-02
8 39 2 1.421495e-02
9 39 2 8.959854e-03
10 39 2 5.658041e-03
11 39 2 2.863978e-03
12 39 2 2.090496e-03
1 40 2 3.599064e-04
2 40 2 3.948797e-04
3 40 2 7.042622e-04
4 40 2 1.184273e-03
5 40 2 2.588880e-03
6 40 2 5.877897e-03
7 40 2 7.354157e-03
8 40 2 5.394825e-03
9 40 2 3.323157e-03
10 40 2 1.790548e-03
11 40 2 7.670191e-04
12 40 2 5.714053e-04
1 41 2 1.916232e-04
2 41 2 2.048547e-04
3 41 2 4.105220e-04
4 41 2 7.311689e-04
5 41 2 1.833879e-03
6 41 2 4.653655e-03
7 41 2 6.016899e-03
8 41 2 4.220226e-03
9 41 2 2.358458e-03
10 41 2 1.022177e-03
11 41 2 3.926932e-04
12 41 2 3.273047e-04
1 42 2 1.038072e-04
2 42 2 1.085844e-04
3 42 2 2.341607e-04
4 42 2 4.619269e-04
5 42 2 1.313180e-03
6 42 2 3.642369e-03
7 42 2 5.098890e-03
8 42 2 3.405119e-03
9 42 2 1.612502e-03
10 42 2 5.770972e-04
11 42 2 2.151529e-04
12 42 2 1.765016e-04
1 43 2 2.912877e-06
2 43 2 3.020278e-06
3 43 2 7.126289e-06
4 43 2 1.738836e-05
5 43 2 5.820202e-05
6 43 2 1.716468e-04
7 43 2 2.509239e-04
8 43 2 1.575126e-04
9 43 2 6.440984e-05
10 43 2 1.977546e-05
11 43 2 6.743856e-06
12 43 2 4.725471e-06
1 44 2 1.202881e-05
2 44 2 1.208625e-05
3 44 2 2.628945e-05
4 44 2 7.107286e-05
5 44 2 2.655260e-04
6 44 2 8.367605e-04
7 44 2 1.222972e-03
8 44 2 7.374443e-04
9 44 2 2.658376e-04
10 44 2 7.876228e-05
11 44 2 2.585001e-05
12 44 2 1.747751e-05
1 45 2 2.760516e-05
2 45 2 3.093732e-05
3 45 2 5.637315e-05
4 45 2 1.662489e-04
5 45 2 6.962181e-04
6 45 2 2.310124e-03
7 45 2 3.231834e-03
8 45 2 1.967860e-03
9 45 2 6.767027e-04
10 45 2 1.727763e-04
11 45 2 5.008042e-05
12 45 2 3.273009e-05
1 46 2 1.252234e-05
2 46 2 1.575341e-05
3 46 2 2.476316e-05
4 46 2 6.876479e-05
5 46 2 2.700365e-04
6 46 2 8.376230e-04
7 46 2 1.171775e-03
8 46 2 7.342480e-04
9 46 2 2.758045e-04
10 46 2 6.685173e-05
11 46 2 1.838018e-05
12 46 2 1.310764e-05
1 47 2 1.646911e-05
2 47 2 2.095921e-05
3 47 2 2.953480e-05
4 47 2 6.617354e-05
5 47 2 2.255525e-04
6 47 2 6.213967e-04
7 47 2 8.427466e-04
8 47 2 5.714426e-04
9 47 2 2.420805e-04
10 47 2 7.466691e-05
11 47 2 2.202869e-05
12 47 2 1.674473e-05
1 48 2 2.228551e-05
2 48 2 2.560022e-05
3 48 2 3.521166e-05
4 48 2 6.876095e-05
5 48 2 2.133784e-04
6 48 2 4.908069e-04
7 48 2 6.522368e-04
8 48 2 4.588860e-04
9 48 2 2.184482e-04
10 48 2 8.144523e-05
11 48 2 2.931926e-05
12 48 2 1.944275e-05
1 49 2 9.690689e-07
2 49 2 8.817672e-07
3 49 2 1.000183e-06
4 49 2 1.170625e-06
5 49 2 1.674244e-06
6 49 2 2.547264e-06
7 49 2 3.798826e-06
8 49 2 3.572262e-06
9 49 2 2.491612e-06
10 49 2 1.782988e-06
11 49 2 1.301725e-06
12 49 2 9.496063e-07
1 50 2 3.955964e-06
2 50 2 3.414785e-06
3 50 2 4.002655e-06
4 50 2 4.562612e-06
5 50 2 6.421559e-06
6 50 2 9.423548e-06
7 50 2 1.300588e-05
8 50 2 1.250728e-05
9 50 2 9.056405e-06
10 50 2 6.455786e-06
11 50 2 4.833323e-06
12 50 2 3.805714e-06
1 51 2 1.523592e-06
2 51 2 1.390516e-06
3 51 2 1.510949e-06
4 51 2 1.744135e-06
5 51 2 2.377301e-06
6 51 2 3.333975e-06
7 51 2 4.344656e-06
8 51 2 4.308580e-06
9 51 2 3.579799e-06
10 51 2 2.517939e-06
11 51 2 1.887103e-06
12 51 2 1.581450e-06
1 52 2 6.818329e-04
2 52 2 7.166649e-04
3 52 2 9.002940e-04
4 52 2 1.312506e-03
5 52 2 2.219620e-03
6 52 2 3.054694e-03
7 52 2 3.918213e-03
8 52 2 3.664871e-03
9 52 2 2.958420e-03
10 52 2 1.690042e-03
11 52 2 1.017240e-03
12 52 2 7.844470e-04
1 53 2 2.078691e-04
2 53 2 2.607998e-04
3 53 2 4.418498e-04
4 53 2 9.644261e-04
5 53 2 1.836562e-03
6 53 2 2.742455e-03
7 53 2 3.806853e-03
8 53 2 3.243882e-03
9 53 2 2.195484e-03
10 53 2 9.683010e-04
11 53 2 4.318883e-04
12 53 2 2.736188e-04
1 54 2 9.526999e-05
2 54 2 1.235896e-04
3 54 2 2.311175e-04
4 54 2 5.743042e-04
5 54 2 1.131200e-03
6 54 2 2.184963e-03
7 54 2 3.103844e-03
8 54 2 2.602653e-03
9 54 2 1.578468e-03
10 54 2 6.713182e-04
11 54 2 2.877577e-04
12 54 2 1.587327e-04
1 55 2 7.658091e-05
2 55 2 8.540813e-05
3 55 2 1.593265e-04
4 55 2 3.730711e-04
5 55 2 7.403244e-04
6 55 2 1.581035e-03
7 55 2 2.197759e-03
8 55 2 1.895376e-03
9 55 2 1.201925e-03
10 55 2 5.763037e-04
11 55 2 2.696305e-04
12 55 2 1.543912e-04
1 56 2 2.894891e-04
2 56 2 3.004265e-04
3 56 2 5.203467e-04
4 56 2 1.160299e-03
5 56 2 2.536259e-03
6 56 2 4.999524e-03
7 56 2 6.912279e-03
8 56 2 5.736842e-03
9 56 2 3.749736e-03
10 56 2 1.932000e-03
11 56 2 8.710173e-04
12 56 2 4.995368e-04
1 57 2 5.896088e-05
2 57 2 5.625453e-05
3 57 2 6.918986e-05
4 57 2 1.050194e-04
5 57 2 1.757139e-04
6 57 2 2.859084e-04
7 57 2 4.071369e-04
8 57 2 3.669297e-04
9 57 2 2.729960e-04
10 57 2 1.753584e-04
11 57 2 1.072326e-04
12 57 2 7.706321e-05
1 60 2 1.419245e-02
2 60 2 1.374411e-02
3 60 2 1.576176e-02
4 60 2 1.869322e-02
5 60 2 2.304725e-02
6 60 2 3.033003e-02
7 60 2 3.531022e-02
8 60 2 3.532507e-02
9 60 2 2.997840e-02
10 60 2 2.447233e-02
11 60 2 1.957214e-02
12 60 2 1.622330e-02
1 61 2 6.111976e-02
2 61 2 6.148740e-02
3 61 2 8.648099e-02
4 61 2 1.302586e-01
5 61 2 1.900076e-01
6 61 2 2.676899e-01
7 61 2 3.167851e-01
8 61 2 3.047735e-01
9 61 2 2.368170e-01
10 61 2 1.610843e-01
11 61 2 1.050851e-01
12 61 2 7.370580e-02
1 62 2 2.025180e-02
2 62 2 2.218049e-02
3 62 2 3.491614e-02
4 62 2 6.320886e-02
5 62 2 1.084168e-01
6 62 2 1.537979e-01
7 62 2 1.880638e-01
8 62 2 1.755507e-01
9 62 2 1.223276e-01
10 62 2 7.294873e-02
11 62 2 3.961439e-02
12 62 2 2.577991e-02
1 63 2 2.223405e-02
2 63 2 2.699119e-02
3 63 2 4.516334e-02
4 63 2 9.498994e-02
5 63 2 1.823013e-01
6 63 2 2.710200e-01
7 63 2 3.465690e-01
8 63 2 3.015830e-01
9 63 2 1.841974e-01
10 63 2 1.005922e-01
11 63 2 4.646428e-02
12 63 2 3.041748e-02
1 64 2 5.315075e-03
2 64 2 6.809165e-03
3 64 2 1.296629e-02
4 64 2 3.071282e-02
5 64 2 6.577719e-02
6 64 2 1.053600e-01
7 64 2 1.335461e-01
8 64 2 1.044032e-01
9 64 2 5.977973e-02
10 64 2 2.642730e-02
11 64 2 1.207598e-02
12 64 2 8.264289e-03
1 65 2 1.796714e-03
2 65 2 2.227937e-03
3 65 2 4.880992e-03
4 65 2 1.376457e-02
5 65 2 2.885991e-02
6 65 2 4.904850e-02
7 65 2 6.357383e-02
8 65 2 4.744806e-02
9 65 2 2.691104e-02
10 65 2 9.549551e-03
11 65 2 4.203900e-03
12 65 2 3.046560e-03
1 66 2 1.190364e-03
2 66 2 1.471661e-03
3 66 2 3.498559e-03
4 66 2 1.147761e-02
5 66 2 2.386524e-02
6 66 2 4.103735e-02
7 66 2 5.659735e-02
8 66 2 4.278765e-02
9 66 2 2.420428e-02
10 66 2 8.019156e-03
11 66 2 3.073060e-03
12 66 2 1.906159e-03
1 67 2 4.083179e-04
2 67 2 5.444730e-04
3 67 2 1.384598e-03
4 67 2 5.114827e-03
5 67 2 1.160525e-02
6 67 2 1.979283e-02
7 67 2 2.767256e-02
8 67 2 2.129630e-02
9 67 2 1.164760e-02
10 67 2 4.283364e-03
11 67 2 1.354432e-03
12 67 2 6.096227e-04
1 68 2 1.020872e-04
2 68 2 1.370756e-04
3 68 2 4.071068e-04
4 68 2 1.871278e-03
5 68 2 5.099471e-03
6 68 2 9.772167e-03
7 68 2 1.401144e-02
8 68 2 1.042078e-02
9 68 2 5.001035e-03
10 68 2 1.837320e-03
11 68 2 4.189741e-04
12 68 2 1.457884e-04
1 69 2 6.022118e-05
2 69 2 8.538245e-05
3 69 2 2.041863e-04
4 69 2 8.953692e-04
5 69 2 2.871043e-03
6 69 2 6.794647e-03
7 69 2 9.954103e-03
8 69 2 7.662645e-03
9 69 2 3.291822e-03
10 69 2 1.070373e-03
11 69 2 2.073998e-04
12 69 2 7.799576e-05
1 70 2 2.434334e-04
2 70 2 2.845271e-04
3 70 2 4.077191e-04
4 70 2 1.063718e-03
5 70 2 2.667467e-03
6 70 2 6.477370e-03
7 70 2 1.048481e-02
8 70 2 9.555895e-03
9 70 2 4.934024e-03
10 70 2 1.758728e-03
11 70 2 5.349002e-04
12 70 2 3.011100e-04
1 71 2 2.090009e-04
2 71 2 2.120870e-04
3 71 2 2.399926e-04
4 71 2 3.851155e-04
5 71 2 7.458256e-04
6 71 2 1.555862e-03
7 71 2 2.387761e-03
8 71 2 2.374033e-03
9 71 2 1.523157e-03
10 71 2 7.254593e-04
11 71 2 3.465704e-04
12 71 2 2.407049e-04
1 72 2 8.776564e-07
2 72 2 8.382382e-07
3 72 2 9.081442e-07
4 72 2 1.157893e-06
5 72 2 1.801595e-06
6 72 2 3.134836e-06
7 72 2 4.855502e-06
8 72 2 4.669854e-06
9 72 2 3.267186e-06
10 72 2 1.981037e-06
11 72 2 1.220592e-06
12 72 2 8.716628e-07
1 76 2 1.382140e-03
2 76 2 1.264516e-03
3 76 2 1.277243e-03
4 76 2 1.389336e-03
5 76 2 1.888826e-03
6 76 2 2.693345e-03
7 76 2 3.611627e-03
8 76 2 3.854267e-03
9 76 2 3.672367e-03
10 76 2 2.452408e-03
11 76 2 1.583132e-03
12 76 2 1.384587e-03
1 77 2 1.583086e-03
2 77 2 2.055624e-03
3 77 2 2.692745e-03
4 77 2 4.352068e-03
5 77 2 7.307297e-03
6 77 2 1.128171e-02
7 77 2 1.532879e-02
8 77 2 1.454951e-02
9 77 2 1.077766e-02
10 77 2 5.445001e-03
11 77 2 2.389283e-03
12 77 2 1.505953e-03
1 78 2 1.541977e-03
2 78 2 2.106894e-03
3 78 2 2.933976e-03
4 78 2 5.262394e-03
5 78 2 8.228864e-03
6 78 2 1.306458e-02
7 78 2 1.612678e-02
8 78 2 1.510077e-02
9 78 2 9.791176e-03
10 78 2 5.192452e-03
11 78 2 2.804036e-03
12 78 2 1.618865e-03
1 79 2 5.194090e-03
2 79 2 6.373234e-03
3 79 2 9.357746e-03
4 79 2 1.552137e-02
5 79 2 2.358127e-02
6 79 2 3.852403e-02
7 79 2 4.720639e-02
8 79 2 4.471968e-02
9 79 2 3.087921e-02
10 79 2 1.864009e-02
11 79 2 1.062016e-02
12 79 2 6.505716e-03
1 80 2 2.495314e-03
2 80 2 2.500186e-03
3 80 2 3.141640e-03
4 80 2 4.247858e-03
5 80 2 6.335303e-03
6 80 2 9.638934e-03
7 80 2 1.241159e-02
8 80 2 1.228727e-02
9 80 2 1.019821e-02
10 80 2 7.150009e-03
11 80 2 4.171031e-03
12 80 2 3.083086e-03
1 81 2 8.896440e-10
2 81 2 8.062319e-10
3 81 2 8.491811e-10
4 81 2 1.006921e-09
5 81 2 1.449957e-09
6 81 2 1.953775e-09
7 81 2 2.606976e-09
8 81 2 2.797228e-09
9 81 2 2.543553e-09
10 81 2 1.951651e-09
11 81 2 1.290116e-09
12 81 2 1.056213e-09
1 84 2 2.490368e-02
2 84 2 2.632946e-02
3 84 2 3.256427e-02
4 84 2 4.115106e-02
5 84 2 5.517115e-02
6 84 2 9.040194e-02
7 84 2 1.210774e-01
8 84 2 1.160222e-01
9 84 2 8.705691e-02
10 84 2 5.494165e-02
11 84 2 3.690853e-02
12 84 2 2.819413e-02
1 85 2 2.672515e-02
2 85 2 3.009463e-02
3 85 2 3.912787e-02
4 85 2 5.684915e-02
5 85 2 9.100310e-02
6 85 2 1.390215e-01
7 85 2 1.923492e-01
8 85 2 1.829834e-01
9 85 2 1.317605e-01
10 85 2 7.267986e-02
11 85 2 4.098838e-02
12 85 2 2.974120e-02
1 86 2 8.179095e-03
2 86 2 9.260447e-03
3 86 2 1.183417e-02
4 86 2 1.718942e-02
5 86 2 2.762680e-02
6 86 2 4.008589e-02
7 86 2 5.506736e-02
8 86 2 5.524750e-02
9 86 2 4.089367e-02
10 86 2 2.371379e-02
11 86 2 1.306272e-02
12 86 2 9.335838e-03
1 87 2 7.732226e-03
2 87 2 1.046081e-02
3 87 2 1.493612e-02
4 87 2 2.361061e-02
5 87 2 4.142167e-02
6 87 2 6.226202e-02
7 87 2 8.440803e-02
8 87 2 8.600897e-02
9 87 2 6.235690e-02
10 87 2 3.510859e-02
11 87 2 1.542579e-02
12 87 2 9.376533e-03
1 88 2 4.022231e-03
2 88 2 5.711893e-03
3 88 2 8.957091e-03
4 88 2 1.699512e-02
5 88 2 3.487899e-02
6 88 2 5.482021e-02
7 88 2 7.020489e-02
8 88 2 6.157518e-02
9 88 2 3.978990e-02
10 88 2 1.880397e-02
11 88 2 9.640209e-03
12 88 2 5.354783e-03
1 89 2 3.808579e-03
2 89 2 5.299144e-03
3 89 2 1.005761e-02
4 89 2 1.891665e-02
5 89 2 3.775035e-02
6 89 2 5.639464e-02
7 89 2 6.578798e-02
8 89 2 5.761459e-02
9 89 2 3.759959e-02
10 89 2 1.789253e-02
11 89 2 9.845367e-03
12 89 2 5.449452e-03
1 90 2 8.347769e-04
2 90 2 1.100208e-03
3 90 2 2.183245e-03
4 90 2 3.918461e-03
5 90 2 6.016568e-03
6 90 2 7.963937e-03
7 90 2 8.943992e-03
8 90 2 8.275670e-03
9 90 2 6.030953e-03
10 90 2 3.597207e-03
11 90 2 1.983332e-03
12 90 2 1.129067e-03
1 91 2 1.697951e-05
2 91 2 2.402526e-05
3 91 2 5.019408e-05
4 91 2 9.485104e-05
5 91 2 1.399853e-04
6 91 2 1.779344e-04
7 91 2 1.997944e-04
8 91 2 1.832307e-04
9 91 2 1.317466e-04
10 91 2 8.155148e-05
11 91 2 4.226645e-05
12 91 2 2.169776e-05
1 92 2 8.945556e-05
2 92 2 1.277818e-04
3 92 2 3.203168e-04
4 92 2 7.642017e-04
5 92 2 1.441173e-03
6 92 2 2.208385e-03
7 92 2 2.650869e-03
8 92 2 2.412715e-03
9 92 2 1.509418e-03
10 92 2 8.022072e-04
11 92 2 3.146262e-04
12 92 2 1.350613e-04
1 93 2 2.869105e-03
2 93 2 3.461831e-03
3 93 2 7.117709e-03
4 93 2 1.658861e-02
5 93 2 2.959315e-02
6 93 2 4.696225e-02
7 93 2 6.299740e-02
8 93 2 6.193182e-02
9 93 2 4.165565e-02
10 93 2 2.398859e-02
11 93 2 1.027322e-02
12 93 2 4.279003e-03
1 94 2 1.170282e-04
2 94 2 1.164382e-04
3 94 2 1.554732e-04
4 94 2 2.755271e-04
5 94 2 4.703080e-04
6 94 2 7.405576e-04
7 94 2 1.023077e-03
8 94 2 1.114928e-03
9 94 2 9.183828e-04
10 94 2 5.543342e-04
11 94 2 2.975249e-04
12 94 2 1.625605e-04
1 98 2 1.752176e-04
2 98 2 1.631043e-04
3 98 2 1.535880e-04
4 98 2 1.635270e-04
5 98 2 1.855919e-04
6 98 2 2.123720e-04
7 98 2 2.388749e-04
8 98 2 2.517625e-04
9 98 2 2.484332e-04
10 98 2 2.348358e-04
11 98 2 2.112331e-04
12 98 2 1.922244e-04
1 101 2 1.930204e-03
2 101 2 1.983350e-03
3 101 2 2.032420e-03
4 101 2 2.506283e-03
5 101 2 3.223129e-03
6 101 2 3.763339e-03
7 101 2 4.017149e-03
8 101 2 4.025324e-03
9 101 2 3.869812e-03
10 101 2 3.317967e-03
11 101 2 2.551426e-03
12 101 2 2.046426e-03
1 102 2 1.088205e-02
2 102 2 1.230066e-02
3 102 2 1.511773e-02
4 102 2 1.890925e-02
5 102 2 2.188247e-02
6 102 2 2.388864e-02
7 102 2 2.456134e-02
8 102 2 2.487169e-02
9 102 2 2.241634e-02
10 102 2 1.726957e-02
11 102 2 1.386099e-02
12 102 2 1.136080e-02
1 103 2 4.376974e-03
2 103 2 4.466738e-03
3 103 2 4.868185e-03
4 103 2 5.500864e-03
5 103 2 6.406194e-03
6 103 2 7.331070e-03
7 103 2 7.931286e-03
8 103 2 8.323708e-03
9 103 2 8.163836e-03
10 103 2 7.134484e-03
11 103 2 5.869233e-03
12 103 2 4.880073e-03
1 104 2 3.240676e-03
2 104 2 3.109671e-03
3 104 2 3.143459e-03
4 104 2 3.446350e-03
5 104 2 4.029856e-03
6 104 2 4.624455e-03
7 104 2 5.190144e-03
8 104 2 5.606620e-03
9 104 2 5.651749e-03
10 104 2 5.279853e-03
11 104 2 4.343154e-03
12 104 2 3.596127e-03
1 107 2 1.294708e-03
2 107 2 1.365894e-03
3 107 2 1.594730e-03
4 107 2 1.827384e-03
5 107 2 2.049297e-03
6 107 2 2.623592e-03
7 107 2 2.867698e-03
8 107 2 2.856094e-03
9 107 2 2.673732e-03
10 107 2 2.286982e-03
11 107 2 1.818067e-03
12 107 2 1.421797e-03
1 108 2 1.571847e-04
2 108 2 2.008822e-04
3 108 2 2.918029e-04
4 108 2 4.519390e-04
5 108 2 7.015300e-04
6 108 2 9.628719e-04
7 108 2 1.030725e-03
8 108 2 9.109441e-04
9 108 2 7.370976e-04
10 108 2 5.085463e-04
11 108 2 2.649010e-04
12 108 2 1.686353e-04
1 109 2 2.982077e-04
2 109 2 3.938890e-04
3 109 2 6.160678e-04
4 109 2 1.069133e-03
5 109 2 1.821571e-03
6 109 2 2.296183e-03
7 109 2 2.333129e-03
8 109 2 2.144801e-03
9 109 2 1.722337e-03
10 109 2 1.208502e-03
11 109 2 5.375116e-04
12 109 2 3.139943e-04
1 110 2 1.313056e-04
2 110 2 1.672582e-04
3 110 2 2.686251e-04
4 110 2 4.158213e-04
5 110 2 6.449220e-04
6 110 2 7.468507e-04
7 110 2 8.029366e-04
8 110 2 7.940981e-04
9 110 2 6.686121e-04
10 110 2 4.874605e-04
11 110 2 2.357870e-04
12 110 2 1.387868e-04
1 111 2 4.504226e-03
2 111 2 5.633473e-03
3 111 2 9.120470e-03
4 111 2 1.382283e-02
5 111 2 2.089119e-02
6 111 2 2.679251e-02
7 111 2 2.832168e-02
8 111 2 2.805154e-02
9 111 2 2.388834e-02
10 111 2 1.555015e-02
11 111 2 8.376754e-03
12 111 2 5.116675e-03
1 112 2 5.189451e-03
2 112 2 6.691163e-03
3 112 2 1.173821e-02
4 112 2 1.951995e-02
5 112 2 2.968338e-02
6 112 2 3.617270e-02
7 112 2 3.684092e-02
8 112 2 3.433954e-02
9 112 2 2.621446e-02
10 112 2 1.740309e-02
11 112 2 9.987554e-03
12 112 2 6.139248e-03
1 113 2 2.976482e-03
2 113 2 3.770926e-03
3 113 2 6.335178e-03
4 113 2 9.473681e-03
5 113 2 1.165827e-02
6 113 2 1.017940e-02
7 113 2 8.734524e-03
8 113 2 8.342182e-03
9 113 2 8.250810e-03
10 113 2 7.533777e-03
11 113 2 5.269406e-03
12 113 2 3.559009e-03
1 114 2 8.115151e-03
2 114 2 1.100456e-02
3 114 2 1.960650e-02
4 114 2 2.858008e-02
5 114 2 3.297301e-02
6 114 2 2.413810e-02
7 114 2 1.993644e-02
8 114 2 1.827416e-02
9 114 2 1.763522e-02
10 114 2 1.578384e-02
11 114 2 1.203236e-02
12 114 2 8.912816e-03
1 115 2 2.762428e-03
2 115 2 4.019086e-03
3 115 2 6.370905e-03
4 115 2 7.897294e-03
5 115 2 7.052657e-03
6 115 2 6.548161e-03
7 115 2 6.315579e-03
8 115 2 6.059352e-03
9 115 2 5.572796e-03
10 115 2 4.980146e-03
11 115 2 3.783131e-03
12 115 2 2.714112e-03
1 116 2 1.965130e-03
2 116 2 2.515606e-03
3 116 2 3.846962e-03
4 116 2 5.445233e-03
5 116 2 6.333150e-03
6 116 2 7.211851e-03
7 116 2 7.560783e-03
8 116 2 7.237347e-03
9 116 2 5.863057e-03
10 116 2 4.687383e-03
11 116 2 3.405292e-03
12 116 2 2.243260e-03
1 117 2 3.424051e-04
2 117 2 3.575565e-04
3 117 2 4.515610e-04
4 117 2 6.181288e-04
5 117 2 7.871369e-04
6 117 2 9.325832e-04
7 117 2 9.928319e-04
8 117 2 9.915300e-04
9 117 2 9.047110e-04
10 117 2 7.744873e-04
11 117 2 6.252143e-04
12 117 2 4.516468e-04
1 126 2 3.555128e-05
2 126 2 3.695191e-05
3 126 2 4.005082e-05
4 126 2 4.229123e-05
5 126 2 4.178412e-05
6 126 2 3.883366e-05
7 126 2 3.743339e-05
8 126 2 3.779911e-05
9 126 2 3.759901e-05
10 126 2 3.694704e-05
11 126 2 3.610184e-05
12 126 2 3.555524e-05
1 127 2 3.584690e-03
2 127 2 3.645703e-03
3 127 2 3.847961e-03
4 127 2 3.995001e-03
5 127 2 4.049428e-03
6 127 2 3.922383e-03
7 127 2 3.923466e-03
8 127 2 4.013503e-03
9 127 2 3.970719e-03
10 127 2 3.811581e-03
11 127 2 3.693894e-03
12 127 2 3.648171e-03
1 128 2 1.624972e-02
2 128 2 1.668831e-02
3 128 2 1.713162e-02
4 128 2 1.672337e-02
5 128 2 1.626771e-02
6 128 2 1.577905e-02
7 128 2 1.681755e-02
8 128 2 1.912163e-02
9 128 2 2.010621e-02
10 128 2 1.899127e-02
11 128 2 1.726978e-02
12 128 2 1.627157e-02
1 129 2 4.630292e-04
2 129 2 4.566718e-04
3 129 2 4.681895e-04
4 129 2 4.817671e-04
5 129 2 4.892006e-04
6 129 2 5.024347e-04
7 129 2 5.249946e-04
8 129 2 5.722433e-04
9 129 2 5.978737e-04
10 129 2 6.005076e-04
11 129 2 5.482840e-04
12 129 2 4.870836e-04
1 133 2 9.951967e-03
2 133 2 1.157063e-02
3 133 2 1.388992e-02
4 133 2 1.426128e-02
5 133 2 1.360380e-02
6 133 2 1.250373e-02
7 133 2 1.115969e-02
8 133 2 1.044979e-02
9 133 2 1.089680e-02
10 133 2 1.160551e-02
11 133 2 1.107184e-02
12 133 2 9.687868e-03
1 135 2 4.302249e-04
2 135 2 4.847128e-04
3 135 2 5.764344e-04
4 135 2 6.207930e-04
5 135 2 5.965225e-04
6 135 2 5.321591e-04
7 135 2 4.597328e-04
8 135 2 4.643337e-04
9 135 2 4.934076e-04
10 135 2 4.640212e-04
11 135 2 4.447602e-04
12 135 2 4.177914e-04
1 136 2 4.816767e-04
2 136 2 4.957428e-04
3 136 2 6.130785e-04
4 136 2 7.453169e-04
5 136 2 8.161555e-04
6 136 2 7.446451e-04
7 136 2 6.589239e-04
8 136 2 6.574126e-04
9 136 2 6.608106e-04
10 136 2 6.216231e-04
11 136 2 5.877414e-04
12 136 2 5.219217e-04
1 137 2 1.172136e-04
2 137 2 1.229691e-04
3 137 2 1.409867e-04
4 137 2 1.549236e-04
5 137 2 1.529190e-04
6 137 2 1.407008e-04
7 137 2 1.301632e-04
8 137 2 1.255945e-04
9 137 2 1.256734e-04
10 137 2 1.309227e-04
11 137 2 1.294417e-04
12 137 2 1.220519e-04
1 138 2 4.679330e-03
2 138 2 5.145669e-03
3 138 2 5.969736e-03
4 138 2 6.643945e-03
5 138 2 6.703333e-03
6 138 2 5.891556e-03
7 138 2 5.457962e-03
8 138 2 5.263528e-03
9 138 2 5.277889e-03
10 138 2 5.308644e-03
11 138 2 5.149486e-03
12 138 2 4.775717e-03
1 139 2 7.899933e-03
2 139 2 8.996564e-03
3 139 2 1.005277e-02
4 139 2 1.055110e-02
5 139 2 1.040241e-02
6 139 2 9.687470e-03
7 139 2 9.165812e-03
8 139 2 8.823607e-03
9 139 2 8.709239e-03
10 139 2 8.776852e-03
11 139 2 8.351846e-03
12 139 2 7.645000e-03
1 140 2 2.617654e-03
2 140 2 2.706752e-03
3 140 2 2.939743e-03
4 140 2 3.330680e-03
5 140 2 3.536706e-03
6 140 2 3.397012e-03
7 140 2 3.216418e-03
8 140 2 3.102208e-03
9 140 2 3.056983e-03
10 140 2 3.073878e-03
11 140 2 3.008956e-03
12 140 2 2.805266e-03
1 141 2 4.106555e-03
2 141 2 4.064065e-03
3 141 2 4.180470e-03
4 141 2 4.588031e-03
5 141 2 4.951094e-03
6 141 2 4.895824e-03
7 141 2 4.763435e-03
8 141 2 4.619083e-03
9 141 2 4.579936e-03
10 141 2 4.590704e-03
11 141 2 4.636525e-03
12 141 2 4.501703e-03
1 150 2 4.736013e-06
2 150 2 5.184311e-06
3 150 2 5.549216e-06
4 150 2 5.674527e-06
5 150 2 5.309627e-06
6 150 2 4.682853e-06
7 150 2 4.272068e-06
8 150 2 4.168906e-06
9 150 2 4.034127e-06
10 150 2 3.942344e-06
11 150 2 4.018992e-06
12 150 2 4.276093e-06
1 151 2 3.080188e-03
2 151 2 3.276139e-03
3 151 2 3.473678e-03
4 151 2 3.555586e-03
5 151 2 3.440277e-03
6 151 2 3.238366e-03
7 151 2 3.166812e-03
8 151 2 3.289077e-03
9 151 2 3.131493e-03
10 151 2 2.938583e-03
11 151 2 2.852415e-03
12 151 2 2.923576e-03
1 152 2 2.440642e-03
2 152 2 2.472191e-03
3 152 2 2.495077e-03
4 152 2 2.370968e-03
5 152 2 2.279135e-03
6 152 2 2.238431e-03
7 152 2 2.559125e-03
8 152 2 3.412285e-03
9 152 2 3.622514e-03
10 152 2 3.087502e-03
11 152 2 2.647661e-03
12 152 2 2.448543e-03
1 153 2 2.829405e-03
2 153 2 2.898037e-03
3 153 2 3.057629e-03
4 153 2 2.999131e-03
5 153 2 2.896265e-03
6 153 2 2.843552e-03
7 153 2 3.319328e-03
8 153 2 4.337764e-03
9 153 2 5.275931e-03
10 153 2 4.715598e-03
11 153 2 3.567108e-03
12 153 2 2.976269e-03
1 154 2 7.698951e-03
2 154 2 7.657179e-03
3 154 2 7.968278e-03
4 154 2 7.635089e-03
5 154 2 7.139504e-03
6 154 2 6.422067e-03
7 154 2 6.064118e-03
8 154 2 6.317185e-03
9 154 2 7.122542e-03
10 154 2 8.004465e-03
11 154 2 8.435814e-03
12 154 2 8.157030e-03
1 157 2 3.069654e-04
2 157 2 3.187529e-04
3 157 2 3.412706e-04
4 157 2 3.364630e-04
5 157 2 3.279548e-04
6 157 2 3.083339e-04
7 157 2 2.941945e-04
8 157 2 2.912290e-04
9 157 2 2.891241e-04
10 157 2 2.941653e-04
11 157 2 2.962743e-04
12 157 2 3.001407e-04
1 163 2 1.426947e-03
2 163 2 1.446066e-03
3 163 2 1.488978e-03
4 163 2 1.578326e-03
5 163 2 1.579866e-03
6 163 2 1.460648e-03
7 163 2 1.350365e-03
8 163 2 1.268019e-03
9 163 2 1.286177e-03
10 163 2 1.360725e-03
11 163 2 1.413918e-03
12 163 2 1.424997e-03
1 164 2 5.404030e-03
2 164 2 5.357824e-03
3 164 2 5.506968e-03
4 164 2 5.763874e-03
5 164 2 5.696073e-03
6 164 2 5.268428e-03
7 164 2 4.876396e-03
8 164 2 4.763340e-03
9 164 2 5.100567e-03
10 164 2 5.587897e-03
11 164 2 5.700746e-03
12 164 2 5.605816e-03
1 165 2 2.350510e-03
2 165 2 2.303666e-03
3 165 2 2.332626e-03
4 165 2 2.384221e-03
5 165 2 2.358052e-03
6 165 2 2.169742e-03
7 165 2 2.045770e-03
8 165 2 2.070690e-03
9 165 2 2.207132e-03
10 165 2 2.359902e-03
11 165 2 2.482518e-03
12 165 2 2.485443e-03
1 166 2 1.025096e-03
2 166 2 1.014862e-03
3 166 2 9.980949e-04
4 166 2 9.934123e-04
5 166 2 9.608844e-04
6 166 2 8.886581e-04
7 166 2 8.391622e-04
8 166 2 8.454228e-04
9 166 2 8.770636e-04
10 166 2 9.226065e-04
11 166 2 9.947053e-04
12 166 2 1.044824e-03
1 170 2 4.727054e-05
2 170 2 5.198823e-05
3 170 2 5.107815e-05
4 170 2 4.642731e-05
5 170 2 3.868782e-05
6 170 2 3.252970e-05
7 170 2 3.076800e-05
8 170 2 2.937354e-05
9 170 2 2.986757e-05
10 170 2 3.325733e-05
11 170 2 3.669327e-05
12 170 2 4.225458e-05
1 171 2 1.699796e-04
2 171 2 1.865887e-04
3 171 2 1.888476e-04
4 171 2 1.680146e-04
5 171 2 1.397693e-04
6 171 2 1.197757e-04
7 171 2 1.087434e-04
8 171 2 1.030378e-04
9 171 2 1.045391e-04
10 171 2 1.137094e-04
11 171 2 1.297811e-04
12 171 2 1.533239e-04
1 175 2 4.893990e-06
2 175 2 5.174088e-06
3 175 2 5.188929e-06
4 175 2 4.860050e-06
5 175 2 4.222618e-06
6 175 2 3.847875e-06
7 175 2 3.768035e-06
8 175 2 3.736222e-06
9 175 2 3.475094e-06
10 175 2 3.512828e-06
11 175 2 3.672629e-06
12 175 2 4.284142e-06
1 176 2 3.308906e-03
2 176 2 3.333715e-03
3 176 2 3.263696e-03
4 176 2 2.882553e-03
5 176 2 2.331857e-03
6 176 2 2.113099e-03
7 176 2 2.109246e-03
8 176 2 2.406369e-03
9 176 2 2.620785e-03
10 176 2 2.797016e-03
11 176 2 2.985606e-03
12 176 2 3.171446e-03
1 177 2 1.548651e-02
2 177 2 1.504866e-02
3 177 2 1.420874e-02
4 177 2 1.242460e-02
5 177 2 1.015993e-02
6 177 2 8.675726e-03
7 177 2 9.026959e-03
8 177 2 1.081596e-02
9 177 2 1.359397e-02
10 177 2 1.413721e-02
11 177 2 1.442396e-02
12 177 2 1.445343e-02
1 178 2 5.636975e-03
2 178 2 5.571094e-03
3 178 2 5.340301e-03
4 178 2 4.476030e-03
5 178 2 3.897300e-03
6 178 2 3.294086e-03
7 178 2 3.137408e-03
8 178 2 3.160499e-03
9 178 2 3.604469e-03
10 178 2 3.878307e-03
11 178 2 4.380327e-03
12 178 2 4.863084e-03
1 181 2 6.893703e-05
2 181 2 7.281272e-05
3 181 2 7.381542e-05
4 181 2 7.057742e-05
5 181 2 5.820437e-05
6 181 2 5.032913e-05
7 181 2 4.450131e-05
8 181 2 4.554347e-05
9 181 2 4.934172e-05
10 181 2 5.342787e-05
11 181 2 6.050777e-05
12 181 2 6.442326e-05
1 182 2 8.237269e-03
2 182 2 7.613776e-03
3 182 2 7.179449e-03
4 182 2 5.997262e-03
5 182 2 4.696391e-03
6 182 2 3.512619e-03
7 182 2 3.482754e-03
8 182 2 4.839718e-03
9 182 2 6.715630e-03
10 182 2 8.236481e-03
11 182 2 9.103006e-03
12 182 2 8.737541e-03
1 183 2 1.753233e-03
2 183 2 1.684274e-03
3 183 2 1.607955e-03
4 183 2 1.457976e-03
5 183 2 1.226716e-03
6 183 2 9.956255e-04
7 183 2 9.263250e-04
8 183 2 1.099976e-03
9 183 2 1.278972e-03
10 183 2 1.513022e-03
11 183 2 1.647222e-03
12 183 2 1.694274e-03
1 184 2 5.460663e-04
2 184 2 5.533059e-04
3 184 2 5.358680e-04
4 184 2 4.822466e-04
5 184 2 4.009143e-04
6 184 2 3.240143e-04
7 184 2 2.921794e-04
8 184 2 3.051529e-04
9 184 2 3.232585e-04
10 184 2 3.712216e-04
11 184 2 4.343543e-04
12 184 2 4.950678e-04
1 188 2 4.129006e-05
2 188 2 4.093006e-05
3 188 2 3.793850e-05
4 188 2 3.097937e-05
5 188 2 2.189498e-05
6 188 2 1.665410e-05
7 188 2 1.433071e-05
8 188 2 1.457759e-05
9 188 2 1.974526e-05
10 188 2 2.594806e-05
11 188 2 3.090156e-05
12 188 2 3.854256e-05
1 189 2 3.601609e-05
2 189 2 3.328613e-05
3 189 2 3.019349e-05
4 189 2 2.231747e-05
5 189 2 1.477617e-05
6 189 2 1.044915e-05
7 189 2 9.934908e-06
8 189 2 1.220336e-05
9 189 2 1.963123e-05
10 189 2 2.795200e-05
11 189 2 3.399896e-05
12 189 2 3.552874e-05
1 190 2 1.474469e-04
2 190 2 1.397086e-04
3 190 2 1.212674e-04
4 190 2 8.589115e-05
5 190 2 5.992624e-05
6 190 2 4.347307e-05
7 190 2 4.084782e-05
8 190 2 4.924193e-05
9 190 2 6.916580e-05
10 190 2 9.428970e-05
11 190 2 1.235496e-04
12 190 2 1.386204e-04
1 191 2 1.355869e-04
2 191 2 1.405039e-04
3 191 2 1.365704e-04
4 191 2 1.128225e-04
5 191 2 9.277607e-05
6 191 2 7.621392e-05
7 191 2 6.700486e-05
8 191 2 6.804927e-05
9 191 2 7.424313e-05
10 191 2 8.333029e-05
11 191 2 1.024875e-04
12 191 2 1.205756e-04
1 192 2 3.265643e-04
2 192 2 3.529252e-04
3 192 2 3.438581e-04
4 192 2 2.977296e-04
5 192 2 2.516264e-04
6 192 2 2.142498e-04
7 192 2 1.882830e-04
8 192 2 1.749591e-04
9 192 2 1.801460e-04
10 192 2 1.978209e-04
11 192 2 2.361470e-04
12 192 2 2.835609e-04
1 200 2 1.385547e-02
2 200 2 1.425383e-02
3 200 2 1.165650e-02
4 200 2 7.705782e-03
5 200 2 5.043820e-03
6 200 2 4.107725e-03
7 200 2 3.902552e-03
8 200 2 4.208570e-03
9 200 2 4.661737e-03
10 200 2 5.960258e-03
11 200 2 8.282657e-03
12 200 2 1.141182e-02
1 201 2 1.037955e-02
2 201 2 1.070954e-02
3 201 2 9.803949e-03
4 201 2 7.546380e-03
5 201 2 5.686919e-03
6 201 2 4.704944e-03
7 201 2 4.446436e-03
8 201 2 4.599434e-03
9 201 2 4.552063e-03
10 201 2 5.416365e-03
11 201 2 6.904411e-03
12 201 2 8.599229e-03
1 206 2 5.474495e-03
2 206 2 5.913168e-03
3 206 2 5.349835e-03
4 206 2 4.565258e-03
5 206 2 3.775444e-03
6 206 2 3.291869e-03
7 206 2 2.823419e-03
8 206 2 2.772240e-03
9 206 2 3.000921e-03
10 206 2 3.396873e-03
11 206 2 3.981919e-03
12 206 2 4.691114e-03
1 207 2 2.076666e-04
2 207 2 2.267458e-04
3 207 2 2.150409e-04
4 207 2 1.949885e-04
5 207 2 1.729261e-04
6 207 2 1.483179e-04
7 207 2 1.307289e-04
8 207 2 1.287347e-04
9 207 2 1.298851e-04
10 207 2 1.430637e-04
11 207 2 1.541803e-04
12 207 2 1.763727e-04
1 212 2 5.811250e-05
2 212 2 6.203151e-05
3 212 2 5.505903e-05
4 212 2 4.628762e-05
5 212 2 3.607753e-05
6 212 2 2.911757e-05
7 212 2 2.416923e-05
8 212 2 2.335934e-05
9 212 2 2.652982e-05
10 212 2 3.130395e-05
11 212 2 3.713194e-05
12 212 2 4.909551e-05
1 213 2 1.265105e-05
2 213 2 1.382664e-05
3 213 2 1.171754e-05
4 213 2 9.915546e-06
5 213 2 7.651166e-06
6 213 2 5.897973e-06
7 213 2 5.005651e-06
8 213 2 4.886728e-06
9 213 2 5.886272e-06
10 213 2 7.254150e-06
11 213 2 8.908005e-06
12 213 2 1.090088e-05
1 214 2 4.495587e-04
2 214 2 4.765885e-04
3 214 2 3.829093e-04
4 214 2 2.844001e-04
5 214 2 2.102238e-04
6 214 2 1.549253e-04
7 214 2 1.341677e-04
8 214 2 1.383168e-04
9 214 2 1.745954e-04
10 214 2 2.340728e-04
11 214 2 3.204242e-04
12 214 2 3.886187e-04
1 215 2 1.666717e-04
2 215 2 1.714440e-04
3 215 2 1.598453e-04
4 215 2 1.273900e-04
5 215 2 1.034732e-04
6 215 2 8.313851e-05
7 215 2 7.184319e-05
8 215 2 7.201985e-05
9 215 2 8.099116e-05
10 215 2 9.635345e-05
11 215 2 1.213223e-04
12 215 2 1.465640e-04
1 216 2 1.897628e-04
2 216 2 1.981262e-04
3 216 2 1.857936e-04
4 216 2 1.510394e-04
5 216 2 1.209437e-04
6 216 2 1.040440e-04
7 216 2 9.142753e-05
8 216 2 8.742167e-05
9 216 2 9.071548e-05
10 216 2 1.031067e-04
11 216 2 1.240198e-04
12 216 2 1.593879e-04
1 224 2 4.052743e-04
2 224 2 4.430608e-04
3 224 2 3.866246e-04
4 224 2 3.329418e-04
5 224 2 2.688567e-04
6 224 2 2.284761e-04
7 224 2 2.075683e-04
8 224 2 2.168027e-04
9 224 2 2.229569e-04
10 224 2 2.629669e-04
11 224 2 3.140344e-04
12 224 2 3.746678e-04
1 240 2 1.173408e-05
2 240 2 1.196868e-05
3 240 2 1.094507e-05
4 240 2 9.666212e-06
5 240 2 8.401182e-06
6 240 2 7.246312e-06
7 240 2 7.099316e-06
8 240 2 7.318983e-06
9 240 2 7.124591e-06
10 240 2 7.672440e-06
11 240 2 8.430127e-06
12 240 2 1.044768e-05
