1 7 2 9.144795e-10
2 7 2 7.812297e-10
3 7 2 8.543881e-10
4 7 2 2.208243e-09
5 7 2 7.597936e-09
6 7 2 2.046410e-08
7 7 2 2.768853e-08
8 7 2 1.887830e-08
9 7 2 8.164230e-09
10 7 2 3.579175e-09
11 7 2 1.896296e-09
12 7 2 1.118691e-09
1 25 2 9.041770e-06
2 25 2 8.585124e-06
3 25 2 1.209502e-05
4 25 2 2.207073e-05
5 25 2 6.174327e-05
6 25 2 1.119636e-04
7 25 2 1.357326e-04
8 25 2 1.040829e-04
9 25 2 5.881237e-05
10 25 2 2.752205e-05
11 25 2 1.312284e-05
12 25 2 7.599392e-06
1 26 2 2.762671e-07
2 26 2 2.273704e-07
3 26 2 3.759756e-07
4 26 2 8.392084e-07
5 26 2 2.363921e-06
6 26 2 4.515022e-06
7 26 2 4.898786e-06
8 26 2 3.665287e-06
9 26 2 2.004719e-06
10 26 2 8.069778e-07
11 26 2 4.216129e-07
12 26 2 2.606619e-07
1 27 2 1.290605e-06
2 27 2 1.139488e-06
3 27 2 1.997517e-06
4 27 2 5.087430e-06
5 27 2 1.432658e-05
6 27 2 2.961479e-05
7 27 2 3.340047e-05
8 27 2 2.513965e-05
9 27 2 1.299128e-05
10 27 2 4.878541e-06
11 27 2 2.585452e-06
12 27 2 1.599280e-06
1 28 2 9.519200e-08
2 28 2 8.662728e-08
3 28 2 1.456920e-07
4 28 2 3.960258e-07
5 28 2 1.130896e-06
6 28 2 2.421229e-06
7 28 2 2.886668e-06
8 28 2 2.175137e-06
9 28 2 1.118937e-06
10 28 2 4.357715e-07
11 28 2 2.175434e-07
12 28 2 1.356263e-07
1 29 2 1.275714e-07
2 29 2 1.206830e-07
3 29 2 1.922540e-07
4 29 2 5.780757e-07
5 29 2 1.728701e-06
6 29 2 4.254489e-06
7 29 2 5.795594e-06
8 29 2 4.311962e-06
9 29 2 1.980268e-06
10 29 2 7.339610e-07
11 29 2 3.469463e-07
12 29 2 2.165791e-07
1 30 2 2.896559e-08
2 30 2 2.533221e-08
3 30 2 4.026175e-08
4 30 2 1.232298e-07
5 30 2 3.413658e-07
6 30 2 9.283821e-07
7 30 2 1.345646e-06
8 30 2 1.030504e-06
9 30 2 4.662677e-07
10 30 2 1.825056e-07
11 30 2 8.418481e-08
12 30 2 5.041814e-08
1 31 2 5.169341e-08
2 31 2 3.983412e-08
3 31 2 6.051287e-08
4 31 2 1.684274e-07
5 31 2 4.349612e-07
6 31 2 1.145231e-06
7 31 2 1.615030e-06
8 31 2 1.303612e-06
9 31 2 6.521535e-07
10 31 2 2.986541e-07
11 31 2 1.433905e-07
12 31 2 7.990382e-08
1 32 2 6.109406e-08
2 32 2 5.057413e-08
3 32 2 7.069391e-08
4 32 2 1.570847e-07
5 32 2 4.195521e-07
6 32 2 9.938362e-07
7 32 2 1.282167e-06
8 32 2 1.059127e-06
9 32 2 5.914289e-07
10 32 2 3.048875e-07
11 32 2 1.575534e-07
12 32 2 8.170881e-08
1 35 2 3.115116e-05
2 35 2 2.968237e-05
3 35 2 3.224383e-05
4 35 2 4.296782e-05
5 35 2 6.735778e-05
6 35 2 1.028700e-04
7 35 2 1.237842e-04
8 35 2 1.136667e-04
9 35 2 7.725229e-05
10 35 2 5.585330e-05
11 35 2 4.230589e-05
12 35 2 3.436971e-05
1 36 2 3.736522e-06
2 36 2 3.507867e-06
3 36 2 3.887754e-06
4 36 2 4.669533e-06
5 36 2 6.386361e-06
6 36 2 9.212854e-06
7 36 2 1.085014e-05
8 36 2 1.105333e-05
9 36 2 8.437336e-06
10 36 2 6.610314e-06
11 36 2 5.059440e-06
12 36 2 4.192175e-06
1 37 2 2.597706e-05
2 37 2 2.514219e-05
3 37 2 3.168033e-05
4 37 2 4.073665e-05
5 37 2 6.158603e-05
6 37 2 9.340857e-05
7 37 2 1.086390e-04
8 37 2 1.067947e-04
9 37 2 7.859094e-05
10 37 2 5.892946e-05
11 37 2 4.153415e-05
12 37 2 3.181870e-05
1 38 2 2.095374e-04
2 38 2 2.093496e-04
3 38 2 3.189164e-04
4 38 2 4.728461e-04
5 38 2 8.632945e-04
6 38 2 1.531850e-03
7 38 2 1.815949e-03
8 38 2 1.574955e-03
9 38 2 1.017301e-03
10 38 2 6.953242e-04
11 38 2 3.973220e-04
12 38 2 2.867228e-04
1 39 2 1.152089e-03
2 39 2 1.200245e-03
3 39 2 1.944149e-03
4 39 2 3.001929e-03
5 39 2 5.824736e-03
6 39 2 1.126068e-02
7 39 2 1.398262e-02
8 39 2 1.132057e-02
9 39 2 7.135496e-03
10 39 2 4.505981e-03
11 39 2 2.280830e-03
12 39 2 1.664841e-03
1 40 2 2.873625e-04
2 40 2 3.152865e-04
3 40 2 5.623089e-04
4 40 2 9.455670e-04
5 40 2 2.067057e-03
6 40 2 4.693130e-03
7 40 2 5.871830e-03
8 40 2 4.307427e-03
9 40 2 2.653331e-03
10 40 2 1.429640e-03
11 40 2 6.124163e-04
12 40 2 4.562310e-04
1 41 2 1.530354e-04
2 41 2 1.636025e-04
3 41 2 3.278539e-04
4 41 2 5.839310e-04
5 41 2 1.464584e-03
6 41 2 3.716533e-03
7 41 2 4.805256e-03
8 41 2 3.370385e-03
9 41 2 1.883527e-03
10 41 2 8.163382e-04
11 41 2 3.136152e-04
12 41 2 2.613943e-04
1 42 2 8.281593e-05
2 42 2 8.662711e-05
3 42 2 1.868102e-04
4 42 2 3.685189e-04
5 42 2 1.047637e-03
6 42 2 2.905832e-03
7 42 2 4.067825e-03
8 42 2 2.716558e-03
9 42 2 1.286432e-03
10 42 2 4.604003e-04
11 42 2 1.716460e-04
12 42 2 1.408106e-04
1 43 2 2.324302e-06
2 43 2 2.410001e-06
3 43 2 5.686353e-06
4 43 2 1.387487e-05
5 43 2 4.644173e-05
6 43 2 1.369639e-04
7 43 2 2.002223e-04
8 43 2 1.256856e-04
9 43 2 5.139521e-05
10 43 2 1.577963e-05
11 43 2 5.381194e-06
12 43 2 3.770644e-06
1 44 2 9.604422e-06
2 44 2 9.650280e-06
3 44 2 2.099084e-05
4 44 2 5.674823e-05
5 44 2 2.120096e-04
6 44 2 6.681126e-04
7 44 2 9.764834e-04
8 44 2 5.888134e-04
9 44 2 2.122584e-04
10 44 2 6.288785e-05
11 44 2 2.063997e-05
12 44 2 1.395494e-05
1 45 2 2.205305e-05
2 45 2 2.471503e-05
3 45 2 4.503506e-05
4 45 2 1.328120e-04
5 45 2 5.561907e-04
6 45 2 1.845499e-03
7 45 2 2.581829e-03
8 45 2 1.572072e-03
9 45 2 5.406004e-04
10 45 2 1.380266e-04
11 45 2 4.000796e-05
12 45 2 2.614722e-05
1 46 2 1.000354e-05
2 46 2 1.258469e-05
3 46 2 1.978219e-05
4 46 2 5.493313e-05
5 46 2 2.157201e-04
6 46 2 6.691397e-04
7 46 2 9.360792e-04
8 46 2 5.865580e-04
9 46 2 2.203279e-04
10 46 2 5.340487e-05
11 46 2 1.468311e-05
12 46 2 1.047111e-05
1 47 2 1.314356e-05
2 47 2 1.672699e-05
3 47 2 2.357094e-05
4 47 2 5.281135e-05
5 47 2 1.800074e-04
6 47 2 4.959202e-04
7 47 2 6.725737e-04
8 47 2 4.560531e-04
9 47 2 1.931980e-04
10 47 2 5.958967e-05
11 47 2 1.758051e-05
12 47 2 1.336353e-05
1 48 2 1.779197e-05
2 48 2 2.043831e-05
3 48 2 2.811175e-05
4 48 2 5.489631e-05
5 48 2 1.703538e-04
6 48 2 3.918429e-04
7 48 2 5.207228e-04
8 48 2 3.663584e-04
9 48 2 1.744014e-04
10 48 2 6.502300e-05
11 48 2 2.340746e-05
12 48 2 1.552241e-05
1 49 2 1.437807e-07
2 49 2 1.308278e-07
3 49 2 1.483971e-07
4 49 2 1.736856e-07
5 49 2 2.484075e-07
6 49 2 3.779376e-07
7 49 2 5.636316e-07
8 49 2 5.300164e-07
9 49 2 3.696803e-07
10 49 2 2.645418e-07
11 49 2 1.931370e-07
12 49 2 1.408931e-07
1 50 2 5.857460e-07
2 50 2 5.056155e-07
3 50 2 5.926595e-07
4 50 2 6.755704e-07
5 50 2 9.508183e-07
6 50 2 1.395313e-06
7 50 2 1.925737e-06
8 50 2 1.851910e-06
9 50 2 1.340951e-06
10 50 2 9.558862e-07
11 50 2 7.156536e-07
12 50 2 5.634991e-07
1 51 2 2.257737e-07
2 51 2 2.060539e-07
3 51 2 2.239003e-07
4 51 2 2.584550e-07
5 51 2 3.522807e-07
6 51 2 4.940458e-07
7 51 2 6.438138e-07
8 51 2 6.384678e-07
9 51 2 5.304731e-07
10 51 2 3.731212e-07
11 51 2 2.796407e-07
12 51 2 2.343474e-07
1 52 2 1.154575e-04
2 52 2 1.213557e-04
3 52 2 1.524503e-04
4 52 2 2.222518e-04
5 52 2 3.758571e-04
6 52 2 5.172635e-04
7 52 2 6.634865e-04
8 52 2 6.205871e-04
9 52 2 5.009609e-04
10 52 2 2.861815e-04
11 52 2 1.722532e-04
12 52 2 1.328335e-04
1 53 2 3.797088e-05
2 53 2 4.763959e-05
3 53 2 8.071151e-05
4 53 2 1.761691e-04
5 53 2 3.354798e-04
6 53 2 5.009568e-04
7 53 2 6.953875e-04
8 53 2 5.925511e-04
9 53 2 4.010432e-04
10 53 2 1.768769e-04
11 53 2 7.889187e-05
12 53 2 4.998121e-05
1 54 2 1.614126e-05
2 54 2 2.093934e-05
3 54 2 3.915742e-05
4 54 2 9.730232e-05
5 54 2 1.916553e-04
6 54 2 3.701905e-04
7 54 2 5.258732e-04
8 54 2 4.409582e-04
9 54 2 2.674342e-04
10 54 2 1.137391e-04
11 54 2 4.875376e-05
12 54 2 2.689353e-05
1 55 2 1.432895e-05
2 55 2 1.598060e-05
3 55 2 2.981137e-05
4 55 2 6.980483e-05
5 55 2 1.385211e-04
6 55 2 2.958254e-04
7 55 2 4.112197e-04
8 55 2 3.546413e-04
9 55 2 2.248905e-04
10 55 2 1.078314e-04
11 55 2 5.045020e-05
12 55 2 2.888793e-05
1 56 2 5.571630e-05
2 56 2 5.782135e-05
3 56 2 1.001481e-04
4 56 2 2.233160e-04
5 56 2 4.881390e-04
6 56 2 9.622293e-04
7 56 2 1.330366e-03
8 56 2 1.104137e-03
9 56 2 7.216899e-04
10 56 2 3.718408e-04
11 56 2 1.676396e-04
12 56 2 9.614295e-05
1 57 2 1.138307e-05
2 57 2 1.086058e-05
3 57 2 1.335789e-05
4 57 2 2.027519e-05
5 57 2 3.392357e-05
6 57 2 5.519789e-05
7 57 2 7.860242e-05
8 57 2 7.083998e-05
9 57 2 5.270500e-05
10 57 2 3.385494e-05
11 57 2 2.070248e-05
12 57 2 1.487793e-05
1 60 2 6.985684e-03
2 60 2 6.765004e-03
3 60 2 7.758116e-03
4 60 2 9.201012e-03
5 60 2 1.134412e-02
6 60 2 1.492878e-02
7 60 2 1.738008e-02
8 60 2 1.738739e-02
9 60 2 1.475571e-02
10 60 2 1.204556e-02
11 60 2 9.633629e-03
12 60 2 7.985291e-03
1 61 2 3.436959e-02
2 61 2 3.457633e-02
3 61 2 4.863102e-02
4 61 2 7.324858e-02
5 61 2 1.068473e-01
6 61 2 1.505306e-01
7 61 2 1.781384e-01
8 61 2 1.713839e-01
9 61 2 1.331698e-01
10 61 2 9.058287e-02
11 61 2 5.909270e-02
12 61 2 4.144713e-02
1 62 2 1.517777e-02
2 62 2 1.662323e-02
3 62 2 2.616801e-02
4 62 2 4.737208e-02
5 62 2 8.125332e-02
6 62 2 1.152643e-01
7 62 2 1.409450e-01
8 62 2 1.315670e-01
9 62 2 9.167883e-02
10 62 2 5.467165e-02
11 62 2 2.968913e-02
12 62 2 1.932083e-02
1 63 2 1.775284e-02
2 63 2 2.155119e-02
3 63 2 3.606081e-02
4 63 2 7.584500e-02
5 63 2 1.455590e-01
6 63 2 2.163967e-01
7 63 2 2.767191e-01
8 63 2 2.407998e-01
9 63 2 1.470730e-01
10 63 2 8.031815e-02
11 63 2 3.709955e-02
12 63 2 2.428693e-02
1 64 2 4.243849e-03
2 64 2 5.436813e-03
3 64 2 1.035300e-02
4 64 2 2.452281e-02
5 64 2 5.252013e-02
6 64 2 8.412522e-02
7 64 2 1.066306e-01
8 64 2 8.336127e-02
9 64 2 4.773143e-02
10 64 2 2.110101e-02
11 64 2 9.642125e-03
12 64 2 6.598663e-03
1 65 2 1.434827e-03
2 65 2 1.779195e-03
3 65 2 3.897881e-03
4 65 2 1.099216e-02
5 65 2 2.304706e-02
6 65 2 3.916934e-02
7 65 2 5.076903e-02
8 65 2 3.789125e-02
9 65 2 2.149072e-02
10 65 2 7.626118e-03
11 65 2 3.357167e-03
12 65 2 2.432934e-03
1 66 2 9.500712e-04
2 66 2 1.174584e-03
3 66 2 2.792323e-03
4 66 2 9.160686e-03
5 66 2 1.904768e-02
6 66 2 3.275335e-02
7 66 2 4.517233e-02
8 66 2 3.415033e-02
9 66 2 1.931829e-02
10 66 2 6.400370e-03
11 66 2 2.452717e-03
12 66 2 1.521373e-03
1 67 2 3.251606e-04
2 67 2 4.335866e-04
3 67 2 1.102614e-03
4 67 2 4.073150e-03
5 67 2 9.241742e-03
6 67 2 1.576186e-02
7 67 2 2.203682e-02
8 67 2 1.695914e-02
9 67 2 9.275468e-03
10 67 2 3.411022e-03
11 67 2 1.078591e-03
12 67 2 4.854681e-04
1 68 2 8.099155e-05
2 68 2 1.087499e-04
3 68 2 3.229810e-04
4 68 2 1.484591e-03
5 68 2 4.045700e-03
6 68 2 7.752816e-03
7 68 2 1.111607e-02
8 68 2 8.267398e-03
9 68 2 3.967605e-03
10 68 2 1.457650e-03
11 68 2 3.323960e-04
12 68 2 1.156622e-04
1 69 2 4.747318e-05
2 69 2 6.730815e-05
3 69 2 1.609628e-04
4 69 2 7.058318e-04
5 69 2 2.263283e-03
6 69 2 5.356313e-03
7 69 2 7.846955e-03
8 69 2 6.040568e-03
9 69 2 2.594988e-03
10 69 2 8.437900e-04
11 69 2 1.634961e-04
12 69 2 6.148512e-05
1 70 2 1.940237e-04
2 70 2 2.267765e-04
3 70 2 3.249642e-04
4 70 2 8.478149e-04
5 70 2 2.126050e-03
6 70 2 5.162655e-03
7 70 2 8.356700e-03
8 70 2 7.616331e-03
9 70 2 3.932563e-03
10 70 2 1.401758e-03
11 70 2 4.263313e-04
12 70 2 2.399936e-04
1 71 2 1.667587e-04
2 71 2 1.692211e-04
3 71 2 1.914865e-04
4 71 2 3.072779e-04
5 71 2 5.950832e-04
6 71 2 1.241400e-03
7 71 2 1.905159e-03
8 71 2 1.894205e-03
9 71 2 1.215304e-03
10 71 2 5.788332e-04
11 71 2 2.765233e-04
12 71 2 1.920548e-04
1 72 2 7.006654e-07
2 72 2 6.691964e-07
3 72 2 7.250049e-07
4 72 2 9.243882e-07
5 72 2 1.438280e-06
6 72 2 2.502655e-06
7 72 2 3.876326e-06
8 72 2 3.728117e-06
9 72 2 2.608315e-06
10 72 2 1.581535e-06
11 72 2 9.744433e-07
12 72 2 6.958805e-07
1 76 2 2.048214e-04
2 76 2 1.873905e-04
3 76 2 1.892766e-04
4 76 2 2.058878e-04
5 76 2 2.799079e-04
6 76 2 3.991309e-04
7 76 2 5.352124e-04
8 76 2 5.711697e-04
9 76 2 5.442137e-04
10 76 2 3.634260e-04
11 76 2 2.346068e-04
12 76 2 2.051840e-04
1 77 2 3.815872e-04
2 77 2 4.954880e-04
3 77 2 6.490596e-04
4 77 2 1.049023e-03
5 77 2 1.761352e-03
6 77 2 2.719344e-03
7 77 2 3.694854e-03
8 77 2 3.507016e-03
9 77 2 2.597848e-03
10 77 2 1.312464e-03
11 77 2 5.759130e-04
12 77 2 3.629951e-04
1 78 2 2.289663e-04
2 78 2 3.128501e-04
3 78 2 4.356625e-04
4 78 2 7.814066e-04
5 78 2 1.221894e-03
6 78 2 1.939944e-03
7 78 2 2.394646e-03
8 78 2 2.242296e-03
9 78 2 1.453880e-03
10 78 2 7.710210e-04
11 78 2 4.163680e-04
12 78 2 2.403833e-04
1 79 2 7.975185e-04
2 79 2 9.785684e-04
3 79 2 1.436821e-03
4 79 2 2.383206e-03
5 79 2 3.620751e-03
6 79 2 5.915113e-03
7 79 2 7.248232e-03
8 79 2 6.866414e-03
9 79 2 4.741300e-03
10 79 2 2.862064e-03
11 79 2 1.630656e-03
12 79 2 9.989101e-04
1 80 2 4.029452e-04
2 80 2 4.037319e-04
3 80 2 5.073144e-04
4 80 2 6.859473e-04
5 80 2 1.023030e-03
6 80 2 1.556503e-03
7 80 2 2.004233e-03
8 80 2 1.984158e-03
9 80 2 1.646815e-03
10 80 2 1.154589e-03
11 80 2 6.735413e-04
12 80 2 4.978591e-04
1 81 2 1.720143e-10
2 81 2 1.558864e-10
3 81 2 1.641907e-10
4 81 2 1.946899e-10
5 81 2 2.803517e-10
6 81 2 3.777659e-10
7 81 2 5.040636e-10
8 81 2 5.408490e-10
9 81 2 4.918005e-10
10 81 2 3.773552e-10
11 81 2 2.494462e-10
12 81 2 2.042206e-10
1 84 2 1.574676e-02
2 84 2 1.664829e-02
3 84 2 2.059060e-02
4 84 2 2.602008e-02
5 84 2 3.488508e-02
6 84 2 5.716173e-02
7 84 2 7.655804e-02
8 84 2 7.336161e-02
9 84 2 5.504665e-02
10 84 2 3.473996e-02
11 84 2 2.333750e-02
12 84 2 1.782733e-02
1 85 2 1.623868e-02
2 85 2 1.828603e-02
3 85 2 2.377479e-02
4 85 2 3.454255e-02
5 85 2 5.529510e-02
6 85 2 8.447193e-02
7 85 2 1.168748e-01
8 85 2 1.111840e-01
9 85 2 8.006001e-02
10 85 2 4.416158e-02
11 85 2 2.490527e-02
12 85 2 1.807128e-02
1 86 2 5.035857e-03
2 86 2 5.701644e-03
3 86 2 7.286281e-03
4 86 2 1.058350e-02
5 86 2 1.700978e-02
6 86 2 2.468082e-02
7 86 2 3.390490e-02
8 86 2 3.401581e-02
9 86 2 2.517817e-02
10 86 2 1.460055e-02
11 86 2 8.042700e-03
12 86 2 5.748062e-03
1 87 2 5.690991e-03
2 87 2 7.699256e-03
3 87 2 1.099313e-02
4 87 2 1.737763e-02
5 87 2 3.048674e-02
6 87 2 4.582543e-02
7 87 2 6.212510e-02
8 87 2 6.330340e-02
9 87 2 4.589526e-02
10 87 2 2.584025e-02
11 87 2 1.135352e-02
12 87 2 6.901216e-03
1 88 2 2.917659e-03
2 88 2 4.143310e-03
3 88 2 6.497323e-03
4 88 2 1.232797e-02
5 88 2 2.530063e-02
6 88 2 3.976565e-02
7 88 2 5.092544e-02
8 88 2 4.466560e-02
9 88 2 2.886292e-02
10 88 2 1.364008e-02
11 88 2 6.992845e-03
12 88 2 3.884269e-03
1 89 2 2.997636e-03
2 89 2 4.170823e-03
3 89 2 7.916091e-03
4 89 2 1.488882e-02
5 89 2 2.971235e-02
6 89 2 4.438679e-02
7 89 2 5.178006e-02
8 89 2 4.534698e-02
9 89 2 2.959369e-02
10 89 2 1.408276e-02
11 89 2 7.749040e-03
12 89 2 4.289126e-03
1 90 2 6.334540e-04
2 90 2 8.348714e-04
3 90 2 1.656713e-03
4 90 2 2.973447e-03
5 90 2 4.565554e-03
6 90 2 6.043276e-03
7 90 2 6.786972e-03
8 90 2 6.279829e-03
9 90 2 4.576470e-03
10 90 2 2.729670e-03
11 90 2 1.505013e-03
12 90 2 8.567705e-04
1 91 2 8.295566e-06
2 91 2 1.173786e-05
3 91 2 2.452299e-05
4 91 2 4.634074e-05
5 91 2 6.839170e-05
6 91 2 8.693222e-05
7 91 2 9.761223e-05
8 91 2 8.951978e-05
9 91 2 6.436658e-05
10 91 2 3.984306e-05
11 91 2 2.064984e-05
12 91 2 1.060073e-05
1 92 2 4.126538e-05
2 92 2 5.894509e-05
3 92 2 1.477605e-04
4 92 2 3.525222e-04
5 92 2 6.648057e-04
6 92 2 1.018716e-03
7 92 2 1.222832e-03
8 92 2 1.112973e-03
9 92 2 6.962867e-04
10 92 2 3.700540e-04
11 92 2 1.451354e-04
12 92 2 6.230307e-05
1 93 2 2.014361e-03
2 93 2 2.430506e-03
3 93 2 4.997250e-03
4 93 2 1.164665e-02
5 93 2 2.077696e-02
6 93 2 3.297158e-02
7 93 2 4.422965e-02
8 93 2 4.348151e-02
9 93 2 2.924588e-02
10 93 2 1.684207e-02
11 93 2 7.212693e-03
12 93 2 3.004231e-03
1 94 2 9.204097e-05
2 94 2 9.157696e-05
3 94 2 1.222774e-04
4 94 2 2.166980e-04
5 94 2 3.698903e-04
6 94 2 5.824377e-04
7 94 2 8.046353e-04
8 94 2 8.768743e-04
9 94 2 7.222947e-04
10 94 2 4.359757e-04
11 94 2 2.339990e-04
12 94 2 1.278514e-04
1 98 2 2.596134e-05
2 98 2 2.416657e-05
3 98 2 2.275657e-05
4 98 2 2.422919e-05
5 98 2 2.749847e-05
6 98 2 3.146638e-05
7 98 2 3.539321e-05
8 98 2 3.730272e-05
9 98 2 3.680943e-05
10 98 2 3.479474e-05
11 98 2 3.129763e-05
12 98 2 2.848117e-05
1 101 2 1.339120e-03
2 101 2 1.375991e-03
3 101 2 1.410035e-03
4 101 2 1.738787e-03
5 101 2 2.236114e-03
6 101 2 2.610896e-03
7 101 2 2.786982e-03
8 101 2 2.792654e-03
9 101 2 2.684764e-03
10 101 2 2.301910e-03
11 101 2 1.770106e-03
12 101 2 1.419751e-03
1 102 2 7.093386e-03
2 102 2 8.018094e-03
3 102 2 9.854387e-03
4 102 2 1.232586e-02
5 102 2 1.426393e-02
6 102 2 1.557164e-02
7 102 2 1.601013e-02
8 102 2 1.621243e-02
9 102 2 1.461193e-02
10 102 2 1.125704e-02
11 102 2 9.035188e-03
12 102 2 7.405459e-03
1 103 2 2.265300e-03
2 103 2 2.311757e-03
3 103 2 2.519526e-03
4 103 2 2.846969e-03
5 103 2 3.315522e-03
6 103 2 3.794190e-03
7 103 2 4.104832e-03
8 103 2 4.307930e-03
9 103 2 4.225188e-03
10 103 2 3.692447e-03
11 103 2 3.037618e-03
12 103 2 2.525679e-03
1 104 2 2.247557e-03
2 104 2 2.156699e-03
3 104 2 2.180133e-03
4 104 2 2.390201e-03
5 104 2 2.794889e-03
6 104 2 3.207271e-03
7 104 2 3.599602e-03
8 104 2 3.888448e-03
9 104 2 3.919747e-03
10 104 2 3.661819e-03
11 104 2 3.012176e-03
12 104 2 2.494078e-03
1 107 2 8.203539e-04
2 107 2 8.654585e-04
3 107 2 1.010454e-03
4 107 2 1.157869e-03
5 107 2 1.298477e-03
6 107 2 1.662362e-03
7 107 2 1.817033e-03
8 107 2 1.809680e-03
9 107 2 1.694132e-03
10 107 2 1.449079e-03
11 107 2 1.151965e-03
12 107 2 9.008799e-04
1 108 2 1.089445e-04
2 108 2 1.392312e-04
3 108 2 2.022483e-04
4 108 2 3.132384e-04
5 108 2 4.862296e-04
6 108 2 6.673654e-04
7 108 2 7.143945e-04
8 108 2 6.313743e-04
9 108 2 5.108814e-04
10 108 2 3.524728e-04
11 108 2 1.836025e-04
12 108 2 1.168810e-04
1 109 2 2.066202e-04
2 109 2 2.729152e-04
3 109 2 4.268570e-04
4 109 2 7.407738e-04
5 109 2 1.262118e-03
6 109 2 1.590964e-03
7 109 2 1.616563e-03
8 109 2 1.486076e-03
9 109 2 1.193361e-03
10 109 2 8.373388e-04
11 109 2 3.724275e-04
12 109 2 2.175583e-04
1 110 2 9.104446e-05
2 110 2 1.159732e-04
3 110 2 1.862589e-04
4 110 2 2.883215e-04
5 110 2 4.471750e-04
6 110 2 5.178502e-04
7 110 2 5.567389e-04
8 110 2 5.506105e-04
9 110 2 4.636012e-04
10 110 2 3.379946e-04
11 110 2 1.634896e-04
12 110 2 9.623175e-05
1 111 2 3.123037e-03
2 111 2 3.906008e-03
3 111 2 6.323742e-03
4 111 2 9.584159e-03
5 111 2 1.448506e-02
6 111 2 1.857677e-02
7 111 2 1.963704e-02
8 111 2 1.944973e-02
9 111 2 1.656315e-02
10 111 2 1.078181e-02
11 111 2 5.808082e-03
12 111 2 3.547683e-03
1 112 2 3.598590e-03
2 112 2 4.639942e-03
3 112 2 8.139780e-03
4 112 2 1.353598e-02
5 112 2 2.058374e-02
6 112 2 2.508372e-02
7 112 2 2.554709e-02
8 112 2 2.381253e-02
9 112 2 1.817824e-02
10 112 2 1.206805e-02
11 112 2 6.925803e-03
12 112 2 4.257221e-03
1 113 2 2.063802e-03
2 113 2 2.614645e-03
3 113 2 4.392619e-03
4 113 2 6.568762e-03
5 113 2 8.083490e-03
6 113 2 7.058083e-03
7 113 2 6.056253e-03
8 113 2 5.784214e-03
9 113 2 5.720860e-03
10 113 2 5.223691e-03
11 113 2 3.653645e-03
12 113 2 2.467708e-03
1 114 2 5.626756e-03
2 114 2 7.630166e-03
3 114 2 1.359444e-02
4 114 2 1.981641e-02
5 114 2 2.286231e-02
6 114 2 1.673650e-02
7 114 2 1.382321e-02
8 114 2 1.267065e-02
9 114 2 1.222763e-02
10 114 2 1.094395e-02
11 114 2 8.342811e-03
12 114 2 6.179827e-03
1 115 2 1.901137e-03
2 115 2 2.765983e-03
3 115 2 4.384534e-03
4 115 2 5.435013e-03
5 115 2 4.853724e-03
6 115 2 4.506523e-03
7 115 2 4.346458e-03
8 115 2 4.170119e-03
9 115 2 3.835265e-03
10 115 2 3.427397e-03
11 115 2 2.603597e-03
12 115 2 1.867885e-03
1 116 2 1.302327e-03
2 116 2 1.667137e-03
3 116 2 2.549451e-03
4 116 2 3.608654e-03
5 116 2 4.197092e-03
6 116 2 4.779423e-03
7 116 2 5.010667e-03
8 116 2 4.796320e-03
9 116 2 3.885553e-03
10 116 2 3.106413e-03
11 116 2 2.256748e-03
12 116 2 1.486649e-03
1 117 2 2.330096e-04
2 117 2 2.433203e-04
3 117 2 3.072911e-04
4 117 2 4.206420e-04
5 117 2 5.356534e-04
6 117 2 6.346309e-04
7 117 2 6.756307e-04
8 117 2 6.747447e-04
9 117 2 6.156636e-04
10 117 2 5.270452e-04
11 117 2 4.254637e-04
12 117 2 3.073495e-04
1 126 2 2.466654e-05
2 126 2 2.563835e-05
3 126 2 2.778846e-05
4 126 2 2.934292e-05
5 126 2 2.899108e-05
6 126 2 2.694396e-05
7 126 2 2.597241e-05
8 126 2 2.622616e-05
9 126 2 2.608732e-05
10 126 2 2.563497e-05
11 126 2 2.504854e-05
12 126 2 2.466929e-05
1 127 2 2.486926e-03
2 127 2 2.529255e-03
3 127 2 2.669575e-03
4 127 2 2.771585e-03
5 127 2 2.809345e-03
6 127 2 2.721206e-03
7 127 2 2.721957e-03
8 127 2 2.784421e-03
9 127 2 2.754740e-03
10 127 2 2.644335e-03
11 127 2 2.562689e-03
12 127 2 2.530967e-03
1 128 2 1.126927e-02
2 128 2 1.157343e-02
3 128 2 1.188087e-02
4 128 2 1.159775e-02
5 128 2 1.128175e-02
6 128 2 1.094285e-02
7 128 2 1.166306e-02
8 128 2 1.326095e-02
9 128 2 1.394377e-02
10 128 2 1.317055e-02
11 128 2 1.197669e-02
12 128 2 1.128442e-02
1 129 2 3.210488e-04
2 129 2 3.166408e-04
3 129 2 3.246268e-04
4 129 2 3.340410e-04
5 129 2 3.391952e-04
6 129 2 3.483713e-04
7 129 2 3.640135e-04
8 129 2 3.967741e-04
9 129 2 4.145454e-04
10 129 2 4.163717e-04
11 129 2 3.801616e-04
12 129 2 3.377273e-04
1 133 2 6.898879e-03
2 133 2 8.020968e-03
3 133 2 9.628739e-03
4 133 2 9.886169e-03
5 133 2 9.430393e-03
6 133 2 8.667805e-03
7 133 2 7.736097e-03
8 133 2 7.243976e-03
9 133 2 7.553853e-03
10 133 2 8.045144e-03
11 133 2 7.675197e-03
12 133 2 6.715802e-03
1 135 2 2.984274e-04
2 135 2 3.362232e-04
3 135 2 3.998463e-04
4 135 2 4.306158e-04
5 135 2 4.137805e-04
6 135 2 3.691346e-04
7 135 2 3.188957e-04
8 135 2 3.220871e-04
9 135 2 3.422544e-04
10 135 2 3.218704e-04
11 135 2 3.085099e-04
12 135 2 2.898029e-04
1 136 2 3.335488e-04
2 136 2 3.432893e-04
3 136 2 4.245412e-04
4 136 2 5.161129e-04
5 136 2 5.651668e-04
6 136 2 5.156477e-04
7 136 2 4.562880e-04
8 136 2 4.552414e-04
9 136 2 4.575944e-04
10 136 2 4.304581e-04
11 136 2 4.069959e-04
12 136 2 3.614175e-04
1 137 2 8.106360e-05
2 137 2 8.504407e-05
3 137 2 9.750479e-05
4 137 2 1.071434e-04
5 137 2 1.057571e-04
6 137 2 9.730711e-05
7 137 2 9.001944e-05
8 137 2 8.685976e-05
9 137 2 8.691433e-05
10 137 2 9.054468e-05
11 137 2 8.952044e-05
12 137 2 8.440975e-05
1 138 2 3.245551e-03
2 138 2 3.569001e-03
3 138 2 4.140568e-03
4 138 2 4.608195e-03
5 138 2 4.649386e-03
6 138 2 4.086343e-03
7 138 2 3.785605e-03
8 138 2 3.650747e-03
9 138 2 3.660708e-03
10 138 2 3.682039e-03
11 138 2 3.571648e-03
12 138 2 3.312405e-03
1 139 2 5.478337e-03
2 139 2 6.238814e-03
3 139 2 6.971261e-03
4 139 2 7.316835e-03
5 139 2 7.213722e-03
6 139 2 6.717934e-03
7 139 2 6.356182e-03
8 139 2 6.118874e-03
9 139 2 6.039564e-03
10 139 2 6.086451e-03
11 139 2 5.791724e-03
12 139 2 5.301550e-03
1 140 2 1.815135e-03
2 140 2 1.876917e-03
3 140 2 2.038477e-03
4 140 2 2.309561e-03
5 140 2 2.452423e-03
6 140 2 2.355557e-03
7 140 2 2.230330e-03
8 140 2 2.151134e-03
9 140 2 2.119774e-03
10 140 2 2.131490e-03
11 140 2 2.086471e-03
12 140 2 1.945228e-03
1 141 2 2.847491e-03
2 141 2 2.818028e-03
3 141 2 2.898744e-03
4 141 2 3.181347e-03
5 141 2 3.433096e-03
6 141 2 3.394771e-03
7 141 2 3.302972e-03
8 141 2 3.202879e-03
9 141 2 3.175734e-03
10 141 2 3.183200e-03
11 141 2 3.214972e-03
12 141 2 3.121487e-03
1 150 2 3.292657e-06
2 150 2 3.604331e-06
3 150 2 3.858026e-06
4 150 2 3.945147e-06
5 150 2 3.691455e-06
6 150 2 3.255697e-06
7 150 2 2.970104e-06
8 150 2 2.898383e-06
9 150 2 2.804679e-06
10 150 2 2.740868e-06
11 150 2 2.794157e-06
12 150 2 2.972903e-06
1 151 2 2.136287e-03
2 151 2 2.272191e-03
3 151 2 2.409196e-03
4 151 2 2.466004e-03
5 151 2 2.386030e-03
6 151 2 2.245993e-03
7 151 2 2.196366e-03
8 151 2 2.281164e-03
9 151 2 2.171871e-03
10 151 2 2.038076e-03
11 151 2 1.978314e-03
12 151 2 2.027668e-03
1 152 2 1.692997e-03
2 152 2 1.714882e-03
3 152 2 1.730757e-03
4 152 2 1.644666e-03
5 152 2 1.580965e-03
6 152 2 1.552730e-03
7 152 2 1.775185e-03
8 152 2 2.366996e-03
9 152 2 2.512825e-03
10 152 2 2.141704e-03
11 152 2 1.836600e-03
12 152 2 1.698478e-03
1 153 2 1.961953e-03
2 153 2 2.009543e-03
3 153 2 2.120207e-03
4 153 2 2.079643e-03
5 153 2 2.008315e-03
6 153 2 1.971762e-03
7 153 2 2.301673e-03
8 153 2 3.007872e-03
9 153 2 3.658411e-03
10 153 2 3.269868e-03
11 153 2 2.473487e-03
12 153 2 2.063791e-03
1 154 2 5.342121e-03
2 154 2 5.313136e-03
3 154 2 5.529000e-03
4 154 2 5.297808e-03
5 154 2 4.953933e-03
6 154 2 4.456120e-03
7 154 2 4.207748e-03
8 154 2 4.383345e-03
9 154 2 4.942164e-03
10 154 2 5.554109e-03
11 154 2 5.853412e-03
12 154 2 5.659970e-03
1 157 2 2.130081e-04
2 157 2 2.211876e-04
3 157 2 2.368130e-04
4 157 2 2.334770e-04
5 157 2 2.275729e-04
6 157 2 2.139577e-04
7 157 2 2.041461e-04
8 157 2 2.020884e-04
9 157 2 2.006277e-04
10 157 2 2.041259e-04
11 157 2 2.055893e-04
12 157 2 2.082723e-04
1 163 2 9.903911e-04
2 163 2 1.003661e-03
3 163 2 1.033444e-03
4 163 2 1.095458e-03
5 163 2 1.096527e-03
6 163 2 1.013782e-03
7 163 2 9.372383e-04
8 163 2 8.800851e-04
9 163 2 8.926877e-04
10 163 2 9.444291e-04
11 163 2 9.813484e-04
12 163 2 9.890375e-04
1 164 2 3.747390e-03
2 164 2 3.715349e-03
3 164 2 3.818772e-03
4 164 2 3.996922e-03
5 164 2 3.949906e-03
6 164 2 3.653358e-03
7 164 2 3.381505e-03
8 164 2 3.303108e-03
9 164 2 3.536956e-03
10 164 2 3.874891e-03
11 164 2 3.953146e-03
12 164 2 3.887317e-03
1 165 2 1.627236e-03
2 165 2 1.594806e-03
3 165 2 1.614855e-03
4 165 2 1.650573e-03
5 165 2 1.632457e-03
6 165 2 1.502091e-03
7 165 2 1.416267e-03
8 165 2 1.433519e-03
9 165 2 1.527976e-03
10 165 2 1.633738e-03
11 165 2 1.718624e-03
12 165 2 1.720649e-03
1 166 2 7.100945e-04
2 166 2 7.030056e-04
3 166 2 6.913909e-04
4 166 2 6.881471e-04
5 166 2 6.656148e-04
6 166 2 6.155828e-04
7 166 2 5.812965e-04
8 166 2 5.856333e-04
9 166 2 6.075512e-04
10 166 2 6.390993e-04
11 166 2 6.890428e-04
12 166 2 7.237604e-04
1 170 2 3.277923e-05
2 170 2 3.605066e-05
3 170 2 3.541958e-05
4 170 2 3.219451e-05
5 170 2 2.682764e-05
6 170 2 2.255736e-05
7 170 2 2.133573e-05
8 170 2 2.036875e-05
9 170 2 2.071134e-05
10 170 2 2.306193e-05
11 170 2 2.544454e-05
12 170 2 2.930097e-05
1 171 2 1.179669e-04
2 171 2 1.294937e-04
3 171 2 1.310614e-04
4 171 2 1.166032e-04
5 171 2 9.700077e-05
6 171 2 8.312508e-05
7 171 2 7.546863e-05
8 171 2 7.150890e-05
9 171 2 7.255080e-05
10 171 2 7.891501e-05
11 171 2 9.006893e-05
12 171 2 1.064078e-04
1 175 2 3.392892e-06
2 175 2 3.587078e-06
3 175 2 3.597367e-06
4 175 2 3.369362e-06
5 175 2 2.927445e-06
6 175 2 2.667644e-06
7 175 2 2.612293e-06
8 175 2 2.590238e-06
9 175 2 2.409203e-06
10 175 2 2.435364e-06
11 175 2 2.546150e-06
12 175 2 2.970098e-06
1 176 2 2.264612e-03
2 176 2 2.281591e-03
3 176 2 2.233671e-03
4 176 2 1.972816e-03
5 176 2 1.595920e-03
6 176 2 1.446203e-03
7 176 2 1.443566e-03
8 176 2 1.646917e-03
9 176 2 1.793663e-03
10 176 2 1.914275e-03
11 176 2 2.043346e-03
12 176 2 2.170535e-03
1 177 2 1.073593e-02
2 177 2 1.043239e-02
3 177 2 9.850124e-03
4 177 2 8.613277e-03
5 177 2 7.043314e-03
6 177 2 6.014394e-03
7 177 2 6.257885e-03
8 177 2 7.498098e-03
9 177 2 9.423937e-03
10 177 2 9.800532e-03
11 177 2 9.999321e-03
12 177 2 1.001975e-02
1 178 2 3.912993e-03
2 178 2 3.867260e-03
3 178 2 3.707052e-03
4 178 2 3.107105e-03
5 178 2 2.705371e-03
6 178 2 2.286640e-03
7 178 2 2.177880e-03
8 178 2 2.193909e-03
9 178 2 2.502098e-03
10 178 2 2.692186e-03
11 178 2 3.040671e-03
12 178 2 3.375784e-03
1 181 2 4.780917e-05
2 181 2 5.049704e-05
3 181 2 5.119243e-05
4 181 2 4.894682e-05
5 181 2 4.036586e-05
6 181 2 3.490423e-05
7 181 2 3.086253e-05
8 181 2 3.158528e-05
9 181 2 3.421945e-05
10 181 2 3.705327e-05
11 181 2 4.196332e-05
12 181 2 4.467879e-05
1 182 2 5.708695e-03
2 182 2 5.276594e-03
3 182 2 4.975592e-03
4 182 2 4.156298e-03
5 182 2 3.254751e-03
6 182 2 2.434359e-03
7 182 2 2.413662e-03
8 182 2 3.354082e-03
9 182 2 4.654150e-03
10 182 2 5.708149e-03
11 182 2 6.308679e-03
12 182 2 6.055400e-03
1 183 2 1.216096e-03
2 183 2 1.168264e-03
3 183 2 1.115327e-03
4 183 2 1.011297e-03
5 183 2 8.508878e-04
6 183 2 6.905964e-04
7 183 2 6.425274e-04
8 183 2 7.629768e-04
9 183 2 8.871341e-04
10 183 2 1.049479e-03
11 183 2 1.142564e-03
12 183 2 1.175200e-03
1 184 2 3.791489e-04
2 184 2 3.841756e-04
3 184 2 3.720680e-04
4 184 2 3.348372e-04
5 184 2 2.783659e-04
6 184 2 2.249721e-04
7 184 2 2.028683e-04
8 184 2 2.118761e-04
9 184 2 2.244473e-04
10 184 2 2.577495e-04
11 184 2 3.015842e-04
12 184 2 3.437393e-04
1 188 2 1.413960e-05
2 188 2 1.401632e-05
3 188 2 1.299187e-05
4 188 2 1.060875e-05
5 188 2 7.497837e-06
6 188 2 5.703120e-06
7 188 2 4.907488e-06
8 188 2 4.992029e-06
9 188 2 6.761677e-06
10 188 2 8.885796e-06
11 188 2 1.058210e-05
12 188 2 1.319873e-05
1 189 2 1.233744e-05
2 189 2 1.140228e-05
3 189 2 1.034288e-05
4 189 2 7.644929e-06
5 189 2 5.061627e-06
6 189 2 3.579393e-06
7 189 2 3.403237e-06
8 189 2 4.180302e-06
9 189 2 6.724748e-06
10 189 2 9.575056e-06
11 189 2 1.164646e-05
12 189 2 1.217050e-05
1 190 2 5.050927e-05
2 190 2 4.785847e-05
3 190 2 4.154125e-05
4 190 2 2.942280e-05
5 190 2 2.052828e-05
6 190 2 1.489210e-05
7 190 2 1.399280e-05
8 190 2 1.686828e-05
9 190 2 2.369338e-05
10 190 2 3.229980e-05
11 190 2 4.232305e-05
12 190 2 4.748569e-05
1 191 2 6.071463e-05
2 191 2 6.291640e-05
3 191 2 6.115504e-05
4 191 2 5.052093e-05
5 191 2 4.154430e-05
6 191 2 3.412792e-05
7 191 2 3.000419e-05
8 191 2 3.047186e-05
9 191 2 3.324542e-05
10 191 2 3.731457e-05
11 191 2 4.589301e-05
12 191 2 5.399270e-05
1 192 2 2.263473e-04
2 192 2 2.446185e-04
3 192 2 2.383340e-04
4 192 2 2.063615e-04
5 192 2 1.744066e-04
6 192 2 1.485002e-04
7 192 2 1.305022e-04
8 192 2 1.212671e-04
9 192 2 1.248623e-04
10 192 2 1.371131e-04
11 192 2 1.636776e-04
12 192 2 1.965410e-04
1 200 2 9.399725e-03
2 200 2 9.669978e-03
3 200 2 7.907920e-03
4 200 2 5.227700e-03
5 200 2 3.421792e-03
6 200 2 2.786733e-03
7 200 2 2.647541e-03
8 200 2 2.855148e-03
9 200 2 3.162581e-03
10 200 2 4.043514e-03
11 200 2 5.619060e-03
12 200 2 7.741921e-03
1 201 2 7.197394e-03
2 201 2 7.426219e-03
3 201 2 6.798263e-03
4 201 2 5.232817e-03
5 201 2 3.943428e-03
6 201 2 3.262506e-03
7 201 2 3.083251e-03
8 201 2 3.189343e-03
9 201 2 3.156495e-03
10 201 2 3.755820e-03
11 201 2 4.787662e-03
12 201 2 5.962885e-03
1 206 2 3.797266e-03
2 206 2 4.101542e-03
3 206 2 3.710798e-03
4 206 2 3.166593e-03
5 206 2 2.618756e-03
6 206 2 2.283334e-03
7 206 2 1.958404e-03
8 206 2 1.922905e-03
9 206 2 2.081524e-03
10 206 2 2.356168e-03
11 206 2 2.761973e-03
12 206 2 3.253890e-03
1 207 2 1.440707e-04
2 207 2 1.573071e-04
3 207 2 1.491867e-04
4 207 2 1.352752e-04
5 207 2 1.199692e-04
6 207 2 1.028970e-04
7 207 2 9.069449e-05
8 207 2 8.931096e-05
9 207 2 9.010905e-05
10 207 2 9.925188e-05
11 207 2 1.069641e-04
12 207 2 1.223603e-04
1 212 2 1.992282e-05
2 212 2 2.126638e-05
3 212 2 1.887599e-05
4 212 2 1.586887e-05
5 212 2 1.236853e-05
6 212 2 9.982431e-06
7 212 2 8.285982e-06
8 212 2 8.008326e-06
9 212 2 9.095270e-06
10 212 2 1.073199e-05
11 212 2 1.273001e-05
12 212 2 1.683151e-05
1 213 2 4.333565e-06
2 213 2 4.736261e-06
3 213 2 4.013794e-06
4 213 2 3.396530e-06
5 213 2 2.620876e-06
6 213 2 2.020327e-06
7 213 2 1.714666e-06
8 213 2 1.673929e-06
9 213 2 2.016318e-06
10 213 2 2.484880e-06
11 213 2 3.051401e-06
12 213 2 3.734053e-06
1 214 2 1.541701e-04
2 214 2 1.634397e-04
3 214 2 1.313136e-04
4 214 2 9.753121e-05
5 214 2 7.209346e-05
6 214 2 5.312958e-05
7 214 2 4.601102e-05
8 214 2 4.743389e-05
9 214 2 5.987516e-05
10 214 2 8.027214e-05
11 214 2 1.098852e-04
12 214 2 1.332716e-04
1 215 2 5.714185e-05
2 215 2 5.877801e-05
3 215 2 5.480149e-05
4 215 2 4.367447e-05
5 215 2 3.547482e-05
6 215 2 2.850327e-05
7 215 2 2.463077e-05
8 215 2 2.469134e-05
9 215 2 2.776707e-05
10 215 2 3.303389e-05
11 215 2 4.159422e-05
12 215 2 5.024811e-05
1 216 2 5.064344e-05
2 216 2 5.287547e-05
3 216 2 4.958416e-05
4 216 2 4.030904e-05
5 216 2 3.227716e-05
6 216 2 2.776701e-05
7 216 2 2.439996e-05
8 216 2 2.333089e-05
9 216 2 2.420994e-05
10 216 2 2.751686e-05
11 216 2 3.309812e-05
12 216 2 4.253707e-05
1 224 2 2.746088e-04
2 224 2 3.002125e-04
3 224 2 2.619720e-04
4 224 2 2.255972e-04
5 224 2 1.821739e-04
6 224 2 1.548125e-04
7 224 2 1.406457e-04
8 224 2 1.469028e-04
9 224 2 1.510728e-04
10 224 2 1.781831e-04
11 224 2 2.127858e-04
12 224 2 2.538702e-04
1 240 2 3.124851e-06
2 240 2 3.187329e-06
3 240 2 2.914734e-06
4 240 2 2.574167e-06
5 240 2 2.237283e-06
6 240 2 1.929734e-06
7 240 2 1.890588e-06
8 240 2 1.949087e-06
9 240 2 1.897319e-06
10 240 2 2.043214e-06
11 240 2 2.244991e-06
12 240 2 2.782275e-06
