1 7 2 3.048265e-10
2 7 2 2.604099e-10
3 7 2 2.847960e-10
4 7 2 7.360809e-10
5 7 2 2.532645e-09
6 7 2 6.821366e-09
7 7 2 9.229508e-09
8 7 2 6.292766e-09
9 7 2 2.721410e-09
10 7 2 1.193058e-09
11 7 2 6.320987e-10
12 7 2 3.728971e-10
1 25 2 7.952032e-06
2 25 2 7.550422e-06
3 25 2 1.063730e-05
4 25 2 1.941070e-05
5 25 2 5.430180e-05
6 25 2 9.846941e-05
7 25 2 1.193738e-04
8 25 2 9.153858e-05
9 25 2 5.172414e-05
10 25 2 2.420502e-05
11 25 2 1.154124e-05
12 25 2 6.683493e-06
1 26 2 8.892218e-08
2 26 2 7.318380e-08
3 26 2 1.210154e-07
4 26 2 2.701163e-07
5 26 2 7.608760e-07
6 26 2 1.453252e-06
7 26 2 1.576774e-06
8 26 2 1.179747e-06
9 26 2 6.452597e-07
10 26 2 2.597422e-07
11 26 2 1.357047e-07
12 26 2 8.389934e-08
1 27 2 4.175885e-07
2 27 2 3.686932e-07
3 27 2 6.463173e-07
4 27 2 1.646091e-06
5 27 2 4.635514e-06
6 27 2 9.582171e-06
7 27 2 1.080707e-05
8 27 2 8.134195e-06
9 27 2 4.203464e-06
10 27 2 1.578502e-06
11 27 2 8.365499e-07
12 27 2 5.174637e-07
1 28 2 3.163461e-08
2 28 2 2.878835e-08
3 28 2 4.841700e-08
4 28 2 1.316090e-07
5 28 2 3.758241e-07
6 28 2 8.046334e-07
7 28 2 9.593099e-07
8 28 2 7.228508e-07
9 28 2 3.718498e-07
10 28 2 1.448175e-07
11 28 2 7.229497e-08
12 28 2 4.507190e-08
1 29 2 4.241322e-08
2 29 2 4.012303e-08
3 29 2 6.391798e-08
4 29 2 1.921907e-07
5 29 2 5.747348e-07
6 29 2 1.414474e-06
7 29 2 1.926840e-06
8 29 2 1.433582e-06
9 29 2 6.583725e-07
10 29 2 2.440174e-07
11 29 2 1.153480e-07
12 29 2 7.200526e-08
1 30 2 9.620599e-09
2 30 2 8.413813e-09
3 30 2 1.337249e-08
4 30 2 4.092942e-08
5 30 2 1.133809e-07
6 30 2 3.083518e-07
7 30 2 4.469413e-07
8 30 2 3.422706e-07
9 30 2 1.548656e-07
10 30 2 6.061722e-08
11 30 2 2.796105e-08
12 30 2 1.674583e-08
1 31 2 1.716232e-08
2 31 2 1.322501e-08
3 31 2 2.009040e-08
4 31 2 5.591826e-08
5 31 2 1.444081e-07
6 31 2 3.802191e-07
7 31 2 5.361934e-07
8 31 2 4.328020e-07
9 31 2 2.165163e-07
10 31 2 9.915381e-08
11 31 2 4.760594e-08
12 31 2 2.652824e-08
1 32 2 2.030802e-08
2 32 2 1.681113e-08
3 32 2 2.349906e-08
4 32 2 5.221585e-08
5 32 2 1.394615e-07
6 32 2 3.303569e-07
7 32 2 4.261996e-07
8 32 2 3.520601e-07
9 32 2 1.965944e-07
10 32 2 1.013464e-07
11 32 2 5.237166e-08
12 32 2 2.716048e-08
1 35 2 1.965639e-05
2 35 2 1.872958e-05
3 35 2 2.034586e-05
4 35 2 2.711270e-05
5 35 2 4.250277e-05
6 35 2 6.491100e-05
7 35 2 7.810787e-05
8 35 2 7.172371e-05
9 35 2 4.874620e-05
10 35 2 3.524344e-05
11 35 2 2.669502e-05
12 35 2 2.168729e-05
1 36 2 2.356134e-06
2 36 2 2.211952e-06
3 36 2 2.451496e-06
4 36 2 2.944462e-06
5 36 2 4.027041e-06
6 36 2 5.809339e-06
7 36 2 6.841760e-06
8 36 2 6.969886e-06
9 36 2 5.320322e-06
10 36 2 4.168258e-06
11 36 2 3.190326e-06
12 36 2 2.643455e-06
1 37 2 1.026537e-05
2 37 2 9.935450e-06
3 37 2 1.251913e-05
4 37 2 1.609792e-05
5 37 2 2.433698e-05
6 37 2 3.691231e-05
7 37 2 4.293091e-05
8 37 2 4.220210e-05
9 37 2 3.105682e-05
10 37 2 2.328718e-05
11 37 2 1.641307e-05
12 37 2 1.257381e-05
1 38 2 1.295255e-04
2 38 2 1.294093e-04
3 38 2 1.971380e-04
4 38 2 2.922896e-04
5 38 2 5.336451e-04
6 38 2 9.469125e-04
7 38 2 1.122528e-03
8 38 2 9.735580e-04
9 38 2 6.288441e-04
10 38 2 4.298143e-04
11 38 2 2.456044e-04
12 38 2 1.772376e-04
1 39 2 1.016023e-03
2 39 2 1.058492e-03
3 39 2 1.714538e-03
4 39 2 2.647389e-03
5 39 2 5.136811e-03
6 39 2 9.930750e-03
7 39 2 1.233121e-02
8 39 2 9.983569e-03
9 39 2 6.292766e-03
10 39 2 3.973807e-03
11 39 2 2.011455e-03
12 39 2 1.468216e-03
1 40 2 2.537832e-04
2 40 2 2.784442e-04
3 40 2 4.966012e-04
4 40 2 8.350743e-04
5 40 2 1.825514e-03
6 40 2 4.144722e-03
7 40 2 5.185687e-03
8 40 2 3.804089e-03
9 40 2 2.343280e-03
10 40 2 1.262582e-03
11 40 2 5.408534e-04
12 40 2 4.029189e-04
1 41 2 1.351026e-04
2 41 2 1.444314e-04
3 41 2 2.894358e-04
4 41 2 5.155056e-04
5 41 2 1.292964e-03
6 41 2 3.281028e-03
7 41 2 4.242174e-03
8 41 2 2.975441e-03
9 41 2 1.662814e-03
10 41 2 7.206793e-04
11 41 2 2.768656e-04
12 41 2 2.307639e-04
1 42 2 7.312577e-05
2 42 2 7.649101e-05
3 42 2 1.649518e-04
4 42 2 3.253991e-04
5 42 2 9.250550e-04
6 42 2 2.565825e-03
7 42 2 3.591855e-03
8 42 2 2.398697e-03
9 42 2 1.135909e-03
10 42 2 4.065296e-04
11 42 2 1.515620e-04
12 42 2 1.243346e-04
1 43 2 2.051966e-06
2 43 2 2.127624e-06
3 43 2 5.020089e-06
4 43 2 1.224917e-05
5 43 2 4.100020e-05
6 43 2 1.209160e-04
7 43 2 1.767624e-04
8 43 2 1.109592e-04
9 43 2 4.537329e-05
10 43 2 1.393075e-05
11 43 2 4.750685e-06
12 43 2 3.328841e-06
1 44 2 8.472756e-06
2 44 2 8.513211e-06
3 44 2 1.851754e-05
4 44 2 5.006172e-05
5 44 2 1.870290e-04
6 44 2 5.893905e-04
7 44 2 8.614266e-04
8 44 2 5.194349e-04
9 44 2 1.872485e-04
10 44 2 5.547793e-05
11 44 2 1.820801e-05
12 44 2 1.231066e-05
1 45 2 1.946414e-05
2 45 2 2.181361e-05
3 45 2 3.974818e-05
4 45 2 1.172206e-04
5 45 2 4.908969e-04
6 45 2 1.628847e-03
7 45 2 2.278736e-03
8 45 2 1.387519e-03
9 45 2 4.771367e-04
10 45 2 1.218230e-04
11 45 2 3.531123e-05
12 45 2 2.307768e-05
1 46 2 8.828039e-06
2 46 2 1.110589e-05
3 46 2 1.745762e-05
4 46 2 4.847803e-05
5 46 2 1.903712e-04
6 46 2 5.905103e-04
7 46 2 8.260822e-04
8 46 2 5.176326e-04
9 46 2 1.944376e-04
10 46 2 4.712936e-05
11 46 2 1.295772e-05
12 46 2 9.240666e-06
1 47 2 1.160120e-05
2 47 2 1.476412e-05
3 47 2 2.080496e-05
4 47 2 4.661409e-05
5 47 2 1.588841e-04
6 47 2 4.377254e-04
7 47 2 5.936491e-04
8 47 2 4.025366e-04
9 47 2 1.705268e-04
10 47 2 5.259700e-05
11 47 2 1.551749e-05
12 47 2 1.179536e-05
1 48 2 1.570259e-05
2 48 2 1.803816e-05
3 48 2 2.481048e-05
4 48 2 4.844963e-05
5 48 2 1.503485e-04
6 48 2 3.458273e-04
7 48 2 4.595723e-04
8 48 2 3.233355e-04
9 48 2 1.539207e-04
10 48 2 5.738710e-05
11 48 2 2.065864e-05
12 48 2 1.369955e-05
1 49 2 4.626155e-08
2 49 2 4.209393e-08
3 49 2 4.774686e-08
4 49 2 5.588347e-08
5 49 2 7.992527e-08
6 49 2 1.216017e-07
7 49 2 1.813489e-07
8 49 2 1.705331e-07
9 49 2 1.189449e-07
10 49 2 8.511652e-08
11 49 2 6.214195e-08
12 49 2 4.533244e-08
1 50 2 1.885220e-07
2 50 2 1.627321e-07
3 50 2 1.907472e-07
4 50 2 2.174320e-07
5 50 2 3.060204e-07
6 50 2 4.490806e-07
7 50 2 6.197973e-07
8 50 2 5.960361e-07
9 50 2 4.315844e-07
10 50 2 3.076515e-07
11 50 2 2.303327e-07
12 50 2 1.813619e-07
1 51 2 7.270647e-08
2 51 2 6.635605e-08
3 51 2 7.210318e-08
4 51 2 8.323091e-08
5 51 2 1.134458e-07
6 51 2 1.590988e-07
7 51 2 2.073289e-07
8 51 2 2.056074e-07
9 51 2 1.708296e-07
10 51 2 1.201572e-07
11 51 2 9.005337e-08
12 51 2 7.546748e-08
1 52 2 3.780488e-05
2 52 2 3.973618e-05
3 52 2 4.991767e-05
4 52 2 7.277316e-05
5 52 2 1.230690e-04
6 52 2 1.693705e-04
7 52 2 2.172491e-04
8 52 2 2.032023e-04
9 52 2 1.640324e-04
10 52 2 9.370601e-05
11 52 2 5.640184e-05
12 52 2 4.349442e-05
1 53 2 1.253041e-05
2 53 2 1.572109e-05
3 53 2 2.663483e-05
4 53 2 5.813588e-05
5 53 2 1.107085e-04
6 53 2 1.653160e-04
7 53 2 2.294782e-04
8 53 2 1.955421e-04
9 53 2 1.323444e-04
10 53 2 5.836946e-05
11 53 2 2.603435e-05
12 53 2 1.649382e-05
1 54 2 5.286910e-06
2 54 2 6.858475e-06
3 54 2 1.282563e-05
4 54 2 3.187042e-05
5 54 2 6.277479e-05
6 54 2 1.212523e-04
7 54 2 1.722446e-04
8 54 2 1.444315e-04
9 54 2 8.759544e-05
10 54 2 3.725411e-05
11 54 2 1.596881e-05
12 54 2 8.808709e-06
1 55 2 4.741996e-06
2 55 2 5.288590e-06
3 55 2 9.865720e-06
4 55 2 2.310108e-05
5 55 2 4.584191e-05
6 55 2 9.789991e-05
7 55 2 1.360883e-04
8 55 2 1.173643e-04
9 55 2 7.442486e-05
10 55 2 3.568553e-05
11 55 2 1.669589e-05
12 55 2 9.560117e-06
1 56 2 1.854508e-05
2 56 2 1.924574e-05
3 56 2 3.333414e-05
4 56 2 7.433037e-05
5 56 2 1.624763e-04
6 56 2 3.202764e-04
7 56 2 4.428102e-04
8 56 2 3.675101e-04
9 56 2 2.402133e-04
10 56 2 1.237666e-04
11 56 2 5.579858e-05
12 56 2 3.200102e-05
1 57 2 3.782546e-06
2 57 2 3.608924e-06
3 57 2 4.438770e-06
4 57 2 6.737359e-06
5 57 2 1.127266e-05
6 57 2 1.834202e-05
7 57 2 2.611925e-05
8 57 2 2.353982e-05
9 57 2 1.751364e-05
10 57 2 1.124985e-05
11 57 2 6.879344e-06
12 57 2 4.943873e-06
1 60 2 4.272918e-03
2 60 2 4.137935e-03
3 60 2 4.745390e-03
4 60 2 5.627962e-03
5 60 2 6.938830e-03
6 60 2 9.131454e-03
7 60 2 1.063084e-02
8 60 2 1.063531e-02
9 60 2 9.025589e-03
10 60 2 7.367879e-03
11 60 2 5.892580e-03
12 60 2 4.884345e-03
1 61 2 2.434281e-02
2 61 2 2.448924e-02
3 61 2 3.444369e-02
4 61 2 5.187947e-02
5 61 2 7.567632e-02
6 61 2 1.066157e-01
7 61 2 1.261693e-01
8 61 2 1.213853e-01
9 61 2 9.431960e-02
10 61 2 6.415676e-02
11 61 2 4.185335e-02
12 61 2 2.935559e-02
1 62 2 1.290067e-02
2 62 2 1.412927e-02
3 62 2 2.224205e-02
4 62 2 4.026489e-02
5 62 2 6.906296e-02
6 62 2 9.797132e-02
7 62 2 1.197991e-01
8 62 2 1.118281e-01
9 62 2 7.792434e-02
10 62 2 4.646931e-02
11 62 2 2.523489e-02
12 62 2 1.642215e-02
1 63 2 1.567379e-02
2 63 2 1.902732e-02
3 63 2 3.183770e-02
4 63 2 6.696274e-02
5 63 2 1.285125e-01
6 63 2 1.910543e-01
7 63 2 2.443123e-01
8 63 2 2.125996e-01
9 63 2 1.298492e-01
10 63 2 7.091203e-02
11 63 2 3.275479e-02
12 63 2 2.144267e-02
1 64 2 3.744809e-03
2 64 2 4.797491e-03
3 64 2 9.135580e-03
4 64 2 2.163914e-02
5 64 2 4.634422e-02
6 64 2 7.423283e-02
7 64 2 9.409173e-02
8 64 2 7.355872e-02
9 64 2 4.211863e-02
10 64 2 1.861972e-02
11 64 2 8.508295e-03
12 64 2 5.822718e-03
1 65 2 1.266595e-03
2 65 2 1.570585e-03
3 65 2 3.440857e-03
4 65 2 9.703339e-03
5 65 2 2.034481e-02
6 65 2 3.457677e-02
7 65 2 4.481640e-02
8 65 2 3.344853e-02
9 65 2 1.897095e-02
10 65 2 6.731961e-03
11 65 2 2.963541e-03
12 65 2 2.147674e-03
1 66 2 8.387683e-04
2 66 2 1.036979e-03
3 66 2 2.465197e-03
4 66 2 8.087492e-03
5 66 2 1.681621e-02
6 66 2 2.891622e-02
7 66 2 3.988030e-02
8 66 2 3.014954e-02
9 66 2 1.705511e-02
10 66 2 5.650553e-03
11 66 2 2.165376e-03
12 66 2 1.343141e-03
1 67 2 2.867352e-04
2 67 2 3.823480e-04
3 67 2 9.723135e-04
4 67 2 3.591810e-03
5 67 2 8.149610e-03
6 67 2 1.389922e-02
7 67 2 1.943264e-02
8 67 2 1.495501e-02
9 67 2 8.179350e-03
10 67 2 3.007928e-03
11 67 2 9.511296e-04
12 67 2 4.280984e-04
1 68 2 7.110068e-05
2 68 2 9.546908e-05
3 68 2 2.835378e-04
4 68 2 1.303289e-03
5 68 2 3.551630e-03
6 68 2 6.806025e-03
7 68 2 9.758551e-03
8 68 2 7.257765e-03
9 68 2 3.483072e-03
10 68 2 1.279639e-03
11 68 2 2.918030e-04
12 68 2 1.015373e-04
1 69 2 4.168062e-05
2 69 2 5.909538e-05
3 69 2 1.413226e-04
4 69 2 6.197079e-04
5 69 2 1.987123e-03
6 69 2 4.702749e-03
7 69 2 6.889489e-03
8 69 2 5.303513e-03
9 69 2 2.278354e-03
10 69 2 7.408328e-04
11 69 2 1.435467e-04
12 69 2 5.398286e-05
1 70 2 1.713402e-04
2 70 2 2.002640e-04
3 70 2 2.869725e-04
4 70 2 7.486964e-04
5 70 2 1.877492e-03
6 70 2 4.559086e-03
7 70 2 7.379714e-03
8 70 2 6.725901e-03
9 70 2 3.472805e-03
10 70 2 1.237878e-03
11 70 2 3.764886e-04
12 70 2 2.119358e-04
1 71 2 1.472078e-04
2 71 2 1.493815e-04
3 71 2 1.690365e-04
4 71 2 2.712524e-04
5 71 2 5.253152e-04
6 71 2 1.095857e-03
7 71 2 1.681796e-03
8 71 2 1.672127e-03
9 71 2 1.072821e-03
10 71 2 5.109703e-04
11 71 2 2.441035e-04
12 71 2 1.695382e-04
1 72 2 6.185561e-07
2 72 2 5.907749e-07
3 72 2 6.400434e-07
4 72 2 8.160615e-07
5 72 2 1.269732e-06
6 72 2 2.209375e-06
7 72 2 3.422069e-06
8 72 2 3.291228e-06
9 72 2 2.302653e-06
10 72 2 1.396198e-06
11 72 2 8.602507e-07
12 72 2 6.143320e-07
1 76 2 6.595010e-05
2 76 2 6.033756e-05
3 76 2 6.094483e-05
4 76 2 6.629346e-05
5 76 2 9.012708e-05
6 76 2 1.285155e-04
7 76 2 1.723321e-04
8 76 2 1.839100e-04
9 76 2 1.752304e-04
10 76 2 1.170189e-04
11 76 2 7.554062e-05
12 76 2 6.606684e-05
1 77 2 2.117129e-04
2 77 2 2.749075e-04
3 77 2 3.601124e-04
4 77 2 5.820207e-04
5 77 2 9.772363e-04
6 77 2 1.508751e-03
7 77 2 2.049985e-03
8 77 2 1.945769e-03
9 77 2 1.441343e-03
10 77 2 7.281834e-04
11 77 2 3.195290e-04
12 77 2 2.013976e-04
1 78 2 7.406776e-05
2 78 2 1.012032e-04
3 78 2 1.409315e-04
4 78 2 2.527754e-04
5 78 2 3.952677e-04
6 78 2 6.275480e-04
7 78 2 7.746386e-04
8 78 2 7.253550e-04
9 78 2 4.703122e-04
10 78 2 2.494158e-04
11 78 2 1.346899e-04
12 78 2 7.776104e-05
1 79 2 2.579969e-04
2 79 2 3.165665e-04
3 79 2 4.648110e-04
4 79 2 7.709661e-04
5 79 2 1.171311e-03
6 79 2 1.913537e-03
7 79 2 2.344800e-03
8 79 2 2.221282e-03
9 79 2 1.533809e-03
10 79 2 9.258766e-04
11 79 2 5.275167e-04
12 79 2 3.231470e-04
1 80 2 1.485479e-04
2 80 2 1.488379e-04
3 80 2 1.870242e-04
4 80 2 2.528782e-04
5 80 2 3.771453e-04
6 80 2 5.738130e-04
7 80 2 7.388713e-04
8 80 2 7.314703e-04
9 80 2 6.071070e-04
10 80 2 4.256454e-04
11 80 2 2.483046e-04
12 80 2 1.835384e-04
1 81 2 5.717380e-11
2 81 2 5.181324e-11
3 81 2 5.457341e-11
4 81 2 6.471069e-11
5 81 2 9.318281e-11
6 81 2 1.255612e-10
7 81 2 1.675398e-10
8 81 2 1.797664e-10
9 81 2 1.634638e-10
10 81 2 1.254247e-10
11 81 2 8.291048e-11
12 81 2 6.787849e-11
1 84 2 1.213845e-02
2 84 2 1.283339e-02
3 84 2 1.587234e-02
4 84 2 2.005767e-02
5 84 2 2.689128e-02
6 84 2 4.406332e-02
7 84 2 5.901504e-02
8 84 2 5.655106e-02
9 84 2 4.243290e-02
10 84 2 2.677942e-02
11 84 2 1.798980e-02
12 84 2 1.374226e-02
1 85 2 1.205078e-02
2 85 2 1.357013e-02
3 85 2 1.764336e-02
4 85 2 2.563416e-02
5 85 2 4.103470e-02
6 85 2 6.268693e-02
7 85 2 8.673319e-02
8 85 2 8.251004e-02
9 85 2 5.941283e-02
10 85 2 3.277247e-02
11 85 2 1.848229e-02
12 85 2 1.341077e-02
1 86 2 3.742763e-03
2 86 2 4.237590e-03
3 86 2 5.415328e-03
4 86 2 7.865898e-03
5 86 2 1.264205e-02
6 86 2 1.834334e-02
7 86 2 2.519888e-02
8 86 2 2.528131e-02
9 86 2 1.871298e-02
10 86 2 1.085145e-02
11 86 2 5.977515e-03
12 86 2 4.272089e-03
1 87 2 4.780887e-03
2 87 2 6.467991e-03
3 87 2 9.235105e-03
4 87 2 1.459860e-02
5 87 2 2.561130e-02
6 87 2 3.849702e-02
7 87 2 5.219005e-02
8 87 2 5.317992e-02
9 87 2 3.855569e-02
10 87 2 2.170788e-02
11 87 2 9.537868e-03
12 87 2 5.797574e-03
1 88 2 2.407838e-03
2 88 2 3.419324e-03
3 88 2 5.362005e-03
4 88 2 1.017383e-02
5 88 2 2.087970e-02
6 88 2 3.281715e-02
7 88 2 4.202693e-02
8 88 2 3.686090e-02
9 88 2 2.381952e-02
10 88 2 1.125666e-02
11 88 2 5.770942e-03
12 88 2 3.205547e-03
1 89 2 2.620808e-03
2 89 2 3.646515e-03
3 89 2 6.920971e-03
4 89 2 1.301717e-02
5 89 2 2.597725e-02
6 89 2 3.880700e-02
7 89 2 4.527086e-02
8 89 2 3.964648e-02
9 89 2 2.587351e-02
10 89 2 1.231244e-02
11 89 2 6.774920e-03
12 89 2 3.749946e-03
1 90 2 5.406768e-04
2 90 2 7.125940e-04
3 90 2 1.414066e-03
4 90 2 2.537948e-03
5 90 2 3.896872e-03
6 90 2 5.158163e-03
7 90 2 5.792936e-03
8 90 2 5.360070e-03
9 90 2 3.906189e-03
10 90 2 2.329876e-03
11 90 2 1.284585e-03
12 90 2 7.312858e-04
1 91 2 4.920478e-06
2 91 2 6.962259e-06
3 91 2 1.454570e-05
4 91 2 2.748680e-05
5 91 2 4.056623e-05
6 91 2 5.156346e-05
7 91 2 5.789826e-05
8 91 2 5.309826e-05
9 91 2 3.817875e-05
10 91 2 2.363274e-05
11 91 2 1.224836e-05
12 91 2 6.287775e-06
1 92 2 2.277164e-05
2 92 2 3.252789e-05
3 92 2 8.153923e-05
4 92 2 1.945337e-04
5 92 2 3.668623e-04
6 92 2 5.621622e-04
7 92 2 6.748000e-04
8 92 2 6.141761e-04
9 92 2 3.842346e-04
10 92 2 2.042083e-04
11 92 2 8.009065e-05
12 92 2 3.438095e-05
1 93 2 1.623660e-03
2 93 2 1.959091e-03
3 93 2 4.027995e-03
4 93 2 9.387691e-03
5 93 2 1.674711e-02
6 93 2 2.657649e-02
7 93 2 3.565097e-02
8 93 2 3.504794e-02
9 93 2 2.357342e-02
10 93 2 1.357543e-02
11 93 2 5.813736e-03
12 93 2 2.421538e-03
1 94 2 8.121723e-05
2 94 2 8.080778e-05
3 94 2 1.078979e-04
4 94 2 1.912150e-04
5 94 2 3.263923e-04
6 94 2 5.139448e-04
7 94 2 7.100126e-04
8 94 2 7.737565e-04
9 94 2 6.373550e-04
10 94 2 3.847063e-04
11 94 2 2.064814e-04
12 94 2 1.128165e-04
1 98 2 8.346377e-06
2 98 2 7.769370e-06
3 98 2 7.316065e-06
4 98 2 7.789502e-06
5 98 2 8.840550e-06
6 98 2 1.011620e-05
7 98 2 1.137865e-05
8 98 2 1.199254e-05
9 98 2 1.183396e-05
10 98 2 1.118625e-05
11 98 2 1.006195e-05
12 98 2 9.156484e-06
1 101 2 1.067487e-03
2 101 2 1.096879e-03
3 101 2 1.124017e-03
4 101 2 1.386084e-03
5 101 2 1.782531e-03
6 101 2 2.081290e-03
7 101 2 2.221659e-03
8 101 2 2.226180e-03
9 101 2 2.140175e-03
10 101 2 1.834981e-03
11 101 2 1.411050e-03
12 101 2 1.131763e-03
1 102 2 5.596202e-03
2 102 2 6.325734e-03
3 102 2 7.774445e-03
4 102 2 9.724268e-03
5 102 2 1.125328e-02
6 102 2 1.228497e-02
7 102 2 1.263091e-02
8 102 2 1.279051e-02
9 102 2 1.152782e-02
10 102 2 8.881047e-03
11 102 2 7.128152e-03
12 102 2 5.842407e-03
1 103 2 1.706335e-03
2 103 2 1.741329e-03
3 103 2 1.897831e-03
4 103 2 2.144477e-03
5 103 2 2.497414e-03
6 103 2 2.857970e-03
7 103 2 3.091961e-03
8 103 2 3.244944e-03
9 103 2 3.182619e-03
10 103 2 2.781333e-03
11 103 2 2.288083e-03
12 103 2 1.902465e-03
1 104 2 1.792358e-03
2 104 2 1.719902e-03
3 104 2 1.738589e-03
4 104 2 1.906113e-03
5 104 2 2.228839e-03
6 104 2 2.557701e-03
7 104 2 2.870573e-03
8 104 2 3.100918e-03
9 104 2 3.125878e-03
10 104 2 2.920189e-03
11 104 2 2.402119e-03
12 104 2 1.988951e-03
1 107 2 6.325654e-04
2 107 2 6.673450e-04
3 107 2 7.791491e-04
4 107 2 8.928191e-04
5 107 2 1.001240e-03
6 107 2 1.281828e-03
7 107 2 1.401093e-03
8 107 2 1.395424e-03
9 107 2 1.306325e-03
10 107 2 1.117368e-03
11 107 2 8.882667e-04
12 107 2 6.946581e-04
1 108 2 8.686188e-05
2 108 2 1.110096e-04
3 108 2 1.612533e-04
4 108 2 2.497462e-04
5 108 2 3.876727e-04
6 108 2 5.320929e-04
7 108 2 5.695894e-04
8 108 2 5.033971e-04
9 108 2 4.073277e-04
10 108 2 2.810279e-04
11 108 2 1.463870e-04
12 108 2 9.318963e-05
1 109 2 1.648468e-04
2 109 2 2.177386e-04
3 109 2 3.405573e-04
4 109 2 5.910081e-04
5 109 2 1.006950e-03
6 109 2 1.269311e-03
7 109 2 1.289735e-03
8 109 2 1.185629e-03
9 109 2 9.520937e-04
10 109 2 6.680500e-04
11 109 2 2.971320e-04
12 109 2 1.735735e-04
1 110 2 7.260202e-05
2 110 2 9.248108e-05
3 110 2 1.485293e-04
4 110 2 2.299176e-04
5 110 2 3.565929e-04
6 110 2 4.129518e-04
7 110 2 4.439630e-04
8 110 2 4.390760e-04
9 110 2 3.696917e-04
10 110 2 2.695287e-04
11 110 2 1.303723e-04
12 110 2 7.673855e-05
1 111 2 2.490859e-03
2 111 2 3.115338e-03
3 111 2 5.043665e-03
4 111 2 7.644095e-03
5 111 2 1.155293e-02
6 111 2 1.481639e-02
7 111 2 1.566203e-02
8 111 2 1.551264e-02
9 111 2 1.321037e-02
10 111 2 8.599311e-03
11 111 2 4.632386e-03
12 111 2 2.829547e-03
1 112 2 2.868709e-03
2 112 2 3.698849e-03
3 112 2 6.488835e-03
4 112 2 1.079055e-02
5 112 2 1.640886e-02
6 112 2 1.999613e-02
7 112 2 2.036552e-02
8 112 2 1.898277e-02
9 112 2 1.449126e-02
10 112 2 9.620359e-03
11 112 2 5.521082e-03
12 112 2 3.393753e-03
1 113 2 1.645245e-03
2 113 2 2.084372e-03
3 113 2 3.501757e-03
4 113 2 5.236559e-03
5 113 2 6.444087e-03
6 113 2 5.626641e-03
7 113 2 4.827991e-03
8 113 2 4.611124e-03
9 113 2 4.560619e-03
10 113 2 4.164281e-03
11 113 2 2.912654e-03
12 113 2 1.967235e-03
1 114 2 4.484090e-03
2 114 2 6.080653e-03
3 114 2 1.083372e-02
4 114 2 1.579215e-02
5 114 2 1.821949e-02
6 114 2 1.333769e-02
7 114 2 1.101603e-02
8 114 2 1.009753e-02
9 114 2 9.744475e-03
10 114 2 8.721484e-03
11 114 2 6.648576e-03
12 114 2 4.924845e-03
1 115 2 1.508440e-03
2 115 2 2.194644e-03
3 115 2 3.478869e-03
4 115 2 4.312362e-03
5 115 2 3.851143e-03
6 115 2 3.575660e-03
7 115 2 3.448658e-03
8 115 2 3.308743e-03
9 115 2 3.043056e-03
10 115 2 2.719437e-03
11 115 2 2.065800e-03
12 115 2 1.482056e-03
1 116 2 1.008052e-03
2 116 2 1.290430e-03
3 116 2 1.973375e-03
4 116 2 2.793240e-03
5 116 2 3.248715e-03
6 116 2 3.699462e-03
7 116 2 3.878453e-03
8 116 2 3.712541e-03
9 116 2 3.007571e-03
10 116 2 2.404486e-03
11 116 2 1.746812e-03
12 116 2 1.150725e-03
1 117 2 1.835773e-04
2 117 2 1.917006e-04
3 117 2 2.421002e-04
4 117 2 3.314040e-04
5 117 2 4.220162e-04
6 117 2 4.999958e-04
7 117 2 5.322977e-04
8 117 2 5.315996e-04
9 117 2 4.850525e-04
10 117 2 4.152342e-04
11 117 2 3.352028e-04
12 117 2 2.421462e-04
1 126 2 1.965874e-05
2 126 2 2.043325e-05
3 126 2 2.214685e-05
4 126 2 2.338572e-05
5 126 2 2.310531e-05
6 126 2 2.147379e-05
7 126 2 2.069949e-05
8 126 2 2.090172e-05
9 126 2 2.079107e-05
10 126 2 2.043055e-05
11 126 2 1.996318e-05
12 126 2 1.966093e-05
1 127 2 1.981136e-03
2 127 2 2.014855e-03
3 127 2 2.126637e-03
4 127 2 2.207901e-03
5 127 2 2.237980e-03
6 127 2 2.167767e-03
7 127 2 2.168366e-03
8 127 2 2.218126e-03
9 127 2 2.194481e-03
10 127 2 2.106531e-03
11 127 2 2.041489e-03
12 127 2 2.016219e-03
1 128 2 8.976276e-03
2 128 2 9.218554e-03
3 128 2 9.463433e-03
4 128 2 9.237919e-03
5 128 2 8.986217e-03
6 128 2 8.716280e-03
7 128 2 9.289946e-03
8 128 2 1.056271e-02
9 128 2 1.110659e-02
10 128 2 1.049070e-02
11 128 2 9.539757e-03
12 128 2 8.988350e-03
1 129 2 2.562353e-04
2 129 2 2.527172e-04
3 129 2 2.590910e-04
4 129 2 2.666046e-04
5 129 2 2.707183e-04
6 129 2 2.780419e-04
7 129 2 2.905263e-04
8 129 2 3.166732e-04
9 129 2 3.308568e-04
10 129 2 3.323144e-04
11 129 2 3.034144e-04
12 129 2 2.695467e-04
1 133 2 5.497864e-03
2 133 2 6.392080e-03
3 133 2 7.673348e-03
4 133 2 7.878499e-03
5 133 2 7.515281e-03
6 133 2 6.907558e-03
7 133 2 6.165061e-03
8 133 2 5.772879e-03
9 133 2 6.019827e-03
10 133 2 6.411347e-03
11 133 2 6.116528e-03
12 133 2 5.351966e-03
1 135 2 2.377860e-04
2 135 2 2.679016e-04
3 135 2 3.185963e-04
4 135 2 3.431134e-04
5 135 2 3.296991e-04
6 135 2 2.941253e-04
7 135 2 2.540951e-04
8 135 2 2.566380e-04
9 135 2 2.727072e-04
10 135 2 2.564653e-04
11 135 2 2.458198e-04
12 135 2 2.309141e-04
1 136 2 2.661720e-04
2 136 2 2.739449e-04
3 136 2 3.387840e-04
4 136 2 4.118582e-04
5 136 2 4.510032e-04
6 136 2 4.114870e-04
7 136 2 3.641179e-04
8 136 2 3.632828e-04
9 136 2 3.651605e-04
10 136 2 3.435057e-04
11 136 2 3.247828e-04
12 136 2 2.884112e-04
1 137 2 6.471003e-05
2 137 2 6.788750e-05
3 137 2 7.783442e-05
4 137 2 8.552860e-05
5 137 2 8.442191e-05
6 137 2 7.767662e-05
7 137 2 7.185915e-05
8 137 2 6.933689e-05
9 137 2 6.938046e-05
10 137 2 7.227842e-05
11 137 2 7.146081e-05
12 137 2 6.738114e-05
1 138 2 2.587179e-03
2 138 2 2.845015e-03
3 138 2 3.300638e-03
4 138 2 3.673405e-03
5 138 2 3.706241e-03
6 138 2 3.257413e-03
7 138 2 3.017681e-03
8 138 2 2.910179e-03
9 138 2 2.918120e-03
10 138 2 2.935124e-03
11 138 2 2.847126e-03
12 138 2 2.640471e-03
1 139 2 4.362210e-03
2 139 2 4.967751e-03
3 139 2 5.550973e-03
4 139 2 5.826142e-03
5 139 2 5.744037e-03
6 139 2 5.349258e-03
7 139 2 5.061207e-03
8 139 2 4.872247e-03
9 139 2 4.809095e-03
10 139 2 4.846430e-03
11 139 2 4.611749e-03
12 139 2 4.221440e-03
1 140 2 1.446497e-03
2 140 2 1.495732e-03
3 140 2 1.624481e-03
4 140 2 1.840510e-03
5 140 2 1.954358e-03
6 140 2 1.877165e-03
7 140 2 1.777370e-03
8 140 2 1.714258e-03
9 140 2 1.689267e-03
10 140 2 1.698603e-03
11 140 2 1.662728e-03
12 140 2 1.550170e-03
1 141 2 2.267901e-03
2 141 2 2.244435e-03
3 141 2 2.308722e-03
4 141 2 2.533803e-03
5 141 2 2.734309e-03
6 141 2 2.703785e-03
7 141 2 2.630671e-03
8 141 2 2.550952e-03
9 141 2 2.529332e-03
10 141 2 2.535279e-03
11 141 2 2.560584e-03
12 141 2 2.486127e-03
1 150 2 2.625105e-06
2 150 2 2.873590e-06
3 150 2 3.075851e-06
4 150 2 3.145309e-06
5 150 2 2.943051e-06
6 150 2 2.595638e-06
7 150 2 2.367946e-06
8 150 2 2.310765e-06
9 150 2 2.236059e-06
10 150 2 2.185185e-06
11 150 2 2.227670e-06
12 150 2 2.370177e-06
1 151 2 1.702885e-03
2 151 2 1.811217e-03
3 151 2 1.920427e-03
4 151 2 1.965710e-03
5 151 2 1.901961e-03
6 151 2 1.790334e-03
7 151 2 1.750775e-03
8 151 2 1.818369e-03
9 151 2 1.731249e-03
10 151 2 1.624598e-03
11 151 2 1.576961e-03
12 151 2 1.616302e-03
1 152 2 1.349518e-03
2 152 2 1.366963e-03
3 152 2 1.379617e-03
4 152 2 1.310993e-03
5 152 2 1.260215e-03
6 152 2 1.237708e-03
7 152 2 1.415032e-03
8 152 2 1.886774e-03
9 152 2 2.003017e-03
10 152 2 1.707190e-03
11 152 2 1.463986e-03
12 152 2 1.353887e-03
1 153 2 1.564225e-03
2 153 2 1.602168e-03
3 153 2 1.690398e-03
4 153 2 1.658057e-03
5 153 2 1.601189e-03
6 153 2 1.572046e-03
7 153 2 1.835077e-03
8 153 2 2.398115e-03
9 153 2 2.916777e-03
10 153 2 2.606999e-03
11 153 2 1.972061e-03
12 153 2 1.645418e-03
1 154 2 4.256486e-03
2 154 2 4.233391e-03
3 154 2 4.405388e-03
4 154 2 4.221178e-03
5 154 2 3.947187e-03
6 154 2 3.550540e-03
7 154 2 3.352643e-03
8 154 2 3.492555e-03
9 154 2 3.937809e-03
10 154 2 4.425394e-03
11 154 2 4.663872e-03
12 154 2 4.509742e-03
1 157 2 1.695506e-04
2 157 2 1.760614e-04
3 157 2 1.884989e-04
4 157 2 1.858435e-04
5 157 2 1.811440e-04
6 157 2 1.703065e-04
7 157 2 1.624967e-04
8 157 2 1.608587e-04
9 157 2 1.596961e-04
10 157 2 1.624806e-04
11 157 2 1.636454e-04
12 157 2 1.657810e-04
1 163 2 7.887500e-04
2 163 2 7.993182e-04
3 163 2 8.230378e-04
4 163 2 8.724254e-04
5 163 2 8.732769e-04
6 163 2 8.073788e-04
7 163 2 7.464190e-04
8 163 2 7.009021e-04
9 163 2 7.109388e-04
10 163 2 7.521458e-04
11 163 2 7.815484e-04
12 163 2 7.876721e-04
1 164 2 2.986505e-03
2 164 2 2.960969e-03
3 164 2 3.043393e-03
4 164 2 3.185371e-03
5 164 2 3.147901e-03
6 164 2 2.911565e-03
7 164 2 2.694911e-03
8 164 2 2.632432e-03
9 164 2 2.818798e-03
10 164 2 3.088118e-03
11 164 2 3.150483e-03
12 164 2 3.098021e-03
1 165 2 1.296498e-03
2 165 2 1.270659e-03
3 165 2 1.286634e-03
4 165 2 1.315092e-03
5 165 2 1.300658e-03
6 165 2 1.196789e-03
7 165 2 1.128409e-03
8 165 2 1.142154e-03
9 165 2 1.217413e-03
10 165 2 1.301678e-03
11 165 2 1.369311e-03
12 165 2 1.370925e-03
1 166 2 5.659571e-04
2 166 2 5.603071e-04
3 166 2 5.510500e-04
4 166 2 5.484647e-04
5 166 2 5.305060e-04
6 166 2 4.906298e-04
7 166 2 4.633029e-04
8 166 2 4.667595e-04
9 166 2 4.842284e-04
10 166 2 5.093727e-04
11 166 2 5.491786e-04
12 166 2 5.768491e-04
1 170 2 2.609505e-05
2 170 2 2.869939e-05
3 170 2 2.819699e-05
4 170 2 2.562956e-05
5 170 2 2.135708e-05
6 170 2 1.795757e-05
7 170 2 1.698505e-05
8 170 2 1.621526e-05
9 170 2 1.648798e-05
10 170 2 1.835925e-05
11 170 2 2.025602e-05
12 170 2 2.332606e-05
1 171 2 9.383730e-05
2 171 2 1.030064e-04
3 171 2 1.042534e-04
4 171 2 9.275256e-05
5 171 2 7.715971e-05
6 171 2 6.612223e-05
7 171 2 6.003187e-05
8 171 2 5.688208e-05
9 171 2 5.771086e-05
10 171 2 6.277331e-05
11 171 2 7.164574e-05
12 171 2 8.464253e-05
1 175 2 2.704032e-06
2 175 2 2.858792e-06
3 175 2 2.866992e-06
4 175 2 2.685280e-06
5 175 2 2.333085e-06
6 175 2 2.126032e-06
7 175 2 2.081919e-06
8 175 2 2.064341e-06
9 175 2 1.920062e-06
10 175 2 1.940911e-06
11 175 2 2.029204e-06
12 175 2 2.367078e-06
1 176 2 1.786861e-03
2 176 2 1.800259e-03
3 176 2 1.762447e-03
4 176 2 1.556624e-03
5 176 2 1.259239e-03
6 176 2 1.141107e-03
7 176 2 1.139026e-03
8 176 2 1.299477e-03
9 176 2 1.415265e-03
10 176 2 1.510433e-03
11 176 2 1.612274e-03
12 176 2 1.712631e-03
1 177 2 8.558653e-03
2 177 2 8.316674e-03
3 177 2 7.852490e-03
4 177 2 6.866479e-03
5 177 2 5.614909e-03
6 177 2 4.794658e-03
7 177 2 4.988768e-03
8 177 2 5.977462e-03
9 177 2 7.512735e-03
10 177 2 7.812956e-03
11 177 2 7.971430e-03
12 177 2 7.987717e-03
1 178 2 3.119809e-03
2 178 2 3.083347e-03
3 178 2 2.955613e-03
4 178 2 2.477279e-03
5 178 2 2.156978e-03
6 178 2 1.823127e-03
7 178 2 1.736413e-03
8 178 2 1.749192e-03
9 178 2 1.994910e-03
10 178 2 2.146466e-03
11 178 2 2.424311e-03
12 178 2 2.691495e-03
1 181 2 3.810220e-05
2 181 2 4.024433e-05
3 181 2 4.079853e-05
4 181 2 3.900886e-05
5 181 2 3.217015e-05
6 181 2 2.781742e-05
7 181 2 2.459633e-05
8 181 2 2.517234e-05
9 181 2 2.727167e-05
10 181 2 2.953013e-05
11 181 2 3.344326e-05
12 181 2 3.560739e-05
1 182 2 4.550962e-03
2 182 2 4.206492e-03
3 182 2 3.966533e-03
4 182 2 3.313394e-03
5 182 2 2.594682e-03
6 182 2 1.940667e-03
7 182 2 1.924167e-03
8 182 2 2.673869e-03
9 182 2 3.710280e-03
10 182 2 4.550527e-03
11 182 2 5.029268e-03
12 182 2 4.827355e-03
1 183 2 9.673542e-04
2 183 2 9.293058e-04
3 183 2 8.871968e-04
4 183 2 8.044450e-04
5 183 2 6.768461e-04
6 183 2 5.493409e-04
7 183 2 5.111040e-04
8 183 2 6.069165e-04
9 183 2 7.056785e-04
10 183 2 8.348169e-04
11 183 2 9.088621e-04
12 183 2 9.348233e-04
1 184 2 3.017131e-04
2 184 2 3.057131e-04
3 184 2 2.960784e-04
4 184 2 2.664514e-04
5 184 2 2.215136e-04
6 184 2 1.790247e-04
7 184 2 1.614353e-04
8 184 2 1.686034e-04
9 184 2 1.786071e-04
10 184 2 2.051077e-04
11 184 2 2.399899e-04
12 184 2 2.735353e-04
1 188 2 8.225241e-06
2 188 2 8.153527e-06
3 188 2 7.557588e-06
4 188 2 6.171286e-06
5 188 2 4.361618e-06
6 188 2 3.317601e-06
7 188 2 2.854768e-06
8 188 2 2.903947e-06
9 188 2 3.933381e-06
10 188 2 5.169017e-06
11 188 2 6.155786e-06
12 188 2 7.677920e-06
1 189 2 7.177925e-06
2 189 2 6.633850e-06
3 189 2 6.017493e-06
4 189 2 4.447821e-06
5 189 2 2.944856e-06
6 189 2 2.082492e-06
7 189 2 1.980004e-06
8 189 2 2.432101e-06
9 189 2 3.912460e-06
10 189 2 5.570770e-06
11 189 2 6.775914e-06
12 189 2 7.080797e-06
1 190 2 2.935667e-05
2 190 2 2.781598e-05
3 190 2 2.414433e-05
4 190 2 1.710093e-05
5 190 2 1.193131e-05
6 190 2 8.655487e-06
7 190 2 8.132801e-06
8 190 2 9.804068e-06
9 190 2 1.377091e-05
10 190 2 1.877308e-05
11 190 2 2.459872e-05
12 190 2 2.759932e-05
1 191 2 4.140330e-05
2 191 2 4.290476e-05
3 191 2 4.170363e-05
4 191 2 3.445188e-05
5 191 2 2.833042e-05
6 191 2 2.327295e-05
7 191 2 2.046084e-05
8 191 2 2.077976e-05
9 191 2 2.267114e-05
10 191 2 2.544603e-05
11 191 2 3.129595e-05
12 191 2 3.681940e-05
1 192 2 1.803336e-04
2 192 2 1.948904e-04
3 192 2 1.898835e-04
4 192 2 1.644106e-04
5 192 2 1.389518e-04
6 192 2 1.183119e-04
7 192 2 1.039726e-04
8 192 2 9.661495e-05
9 192 2 9.947925e-05
10 192 2 1.092396e-04
11 192 2 1.304038e-04
12 192 2 1.565865e-04
1 200 2 7.371421e-03
2 200 2 7.583358e-03
3 200 2 6.201523e-03
4 200 2 4.099649e-03
5 200 2 2.683426e-03
6 200 2 2.185402e-03
7 200 2 2.076245e-03
8 200 2 2.239054e-03
9 200 2 2.480149e-03
10 200 2 3.170991e-03
11 200 2 4.406560e-03
12 200 2 6.071344e-03
1 201 2 5.731016e-03
2 201 2 5.913221e-03
3 201 2 5.413203e-03
4 201 2 4.166697e-03
5 201 2 3.140004e-03
6 201 2 2.597812e-03
7 201 2 2.455078e-03
8 201 2 2.539555e-03
9 201 2 2.513399e-03
10 201 2 2.990619e-03
11 201 2 3.812237e-03
12 201 2 4.748022e-03
1 206 2 3.022279e-03
2 206 2 3.264455e-03
3 206 2 2.953458e-03
4 206 2 2.520320e-03
5 206 2 2.084292e-03
6 206 2 1.817326e-03
7 206 2 1.558712e-03
8 206 2 1.530458e-03
9 206 2 1.656704e-03
10 206 2 1.875296e-03
11 206 2 2.198279e-03
12 206 2 2.589801e-03
1 207 2 1.148863e-04
2 207 2 1.254414e-04
3 207 2 1.189660e-04
4 207 2 1.078725e-04
5 207 2 9.566702e-05
6 207 2 8.205318e-05
7 207 2 7.232252e-05
8 207 2 7.121924e-05
9 207 2 7.185567e-05
10 207 2 7.914643e-05
11 207 2 8.529640e-05
12 207 2 9.757379e-05
1 212 2 1.157998e-05
2 212 2 1.236091e-05
3 212 2 1.097152e-05
4 212 2 9.223652e-06
5 212 2 7.189106e-06
6 212 2 5.802207e-06
7 212 2 4.816160e-06
8 212 2 4.654774e-06
9 212 2 5.286551e-06
10 212 2 6.237882e-06
11 212 2 7.399215e-06
12 212 2 9.783176e-06
1 213 2 2.520937e-06
2 213 2 2.755195e-06
3 213 2 2.334919e-06
4 213 2 1.975842e-06
5 213 2 1.524625e-06
6 213 2 1.175272e-06
7 213 2 9.974615e-07
8 213 2 9.737640e-07
9 213 2 1.172940e-06
10 213 2 1.445513e-06
11 213 2 1.775072e-06
12 213 2 2.172187e-06
1 214 2 8.960084e-05
2 214 2 9.498812e-05
3 214 2 7.631705e-05
4 214 2 5.668334e-05
5 214 2 4.189938e-05
6 214 2 3.087793e-05
7 214 2 2.674076e-05
8 214 2 2.756770e-05
9 214 2 3.479833e-05
10 214 2 4.665268e-05
11 214 2 6.386324e-05
12 214 2 7.745499e-05
1 215 2 3.322006e-05
2 215 2 3.417126e-05
3 215 2 3.185947e-05
4 215 2 2.539065e-05
5 215 2 2.062369e-05
6 215 2 1.657070e-05
7 215 2 1.431938e-05
8 215 2 1.435459e-05
9 215 2 1.614270e-05
10 215 2 1.920463e-05
11 215 2 2.418127e-05
12 215 2 2.921231e-05
1 216 2 2.579493e-05
2 216 2 2.693181e-05
3 216 2 2.525540e-05
4 216 2 2.053117e-05
5 216 2 1.644018e-05
6 216 2 1.414296e-05
7 216 2 1.242798e-05
8 216 2 1.188345e-05
9 216 2 1.233119e-05
10 216 2 1.401555e-05
11 216 2 1.685833e-05
12 216 2 2.166600e-05
1 224 2 2.153860e-04
2 224 2 2.354680e-04
3 224 2 2.054745e-04
4 224 2 1.769444e-04
5 224 2 1.428859e-04
6 224 2 1.214253e-04
7 224 2 1.103137e-04
8 224 2 1.152214e-04
9 224 2 1.184921e-04
10 224 2 1.397557e-04
11 224 2 1.668959e-04
12 224 2 1.991200e-04
1 240 2 1.594483e-06
2 240 2 1.626362e-06
3 240 2 1.487269e-06
4 240 2 1.313491e-06
5 240 2 1.141593e-06
6 240 2 9.846638e-07
7 240 2 9.646893e-07
8 240 2 9.945387e-07
9 240 2 9.681237e-07
10 240 2 1.042568e-06
11 240 2 1.145526e-06
12 240 2 1.419680e-06
