1 7 2 1.854792e-10
2 7 2 1.584528e-10
3 7 2 1.732911e-10
4 7 2 4.478865e-10
5 7 2 1.541050e-09
6 7 2 4.150628e-09
7 7 2 5.615921e-09
8 7 2 3.828988e-09
9 7 2 1.655909e-09
10 7 2 7.259458e-10
11 7 2 3.846160e-10
12 7 2 2.268984e-10
1 25 2 6.946878e-06
2 25 2 6.596032e-06
3 25 2 9.292720e-06
4 25 2 1.695715e-05
5 25 2 4.743794e-05
6 25 2 8.602266e-05
7 25 2 1.042847e-04
8 25 2 7.996790e-05
9 25 2 4.518610e-05
10 25 2 2.114546e-05
11 25 2 1.008240e-05
12 25 2 5.838685e-06
1 26 2 7.275143e-08
2 26 2 5.987511e-08
3 26 2 9.900840e-08
4 26 2 2.209949e-07
5 26 2 6.225085e-07
6 26 2 1.188974e-06
7 26 2 1.290033e-06
8 26 2 9.652068e-07
9 26 2 5.279173e-07
10 26 2 2.125074e-07
11 26 2 1.110264e-07
12 26 2 6.864200e-08
1 27 2 3.306557e-07
2 27 2 2.919393e-07
3 27 2 5.117681e-07
4 27 2 1.303411e-06
5 27 2 3.670501e-06
6 27 2 7.587373e-06
7 27 2 8.557272e-06
8 27 2 6.440834e-06
9 27 2 3.328395e-06
10 27 2 1.249893e-06
11 27 2 6.623985e-07
12 27 2 4.097390e-07
1 28 2 1.928100e-08
2 28 2 1.754622e-08
3 28 2 2.950970e-08
4 28 2 8.021442e-08
5 28 2 2.290612e-07
6 28 2 4.904164e-07
7 28 2 5.846903e-07
8 28 2 4.405707e-07
9 28 2 2.266389e-07
10 28 2 8.826486e-08
11 28 2 4.406310e-08
12 28 2 2.747089e-08
1 29 2 2.583126e-08
2 29 2 2.443645e-08
3 29 2 3.892847e-08
4 29 2 1.170515e-07
5 29 2 3.500353e-07
6 29 2 8.614686e-07
7 29 2 1.173519e-06
8 29 2 8.731062e-07
9 29 2 4.009738e-07
10 29 2 1.486158e-07
11 29 2 7.025130e-08
12 29 2 4.385394e-08
1 30 2 5.862767e-09
2 30 2 5.127355e-09
3 30 2 8.149160e-09
4 30 2 2.494228e-08
5 30 2 6.909399e-08
6 30 2 1.879088e-07
7 30 2 2.723648e-07
8 30 2 2.085788e-07
9 30 2 9.437469e-08
10 30 2 3.693997e-08
11 30 2 1.703939e-08
12 30 2 1.020486e-08
1 31 2 1.046851e-08
2 31 2 8.066869e-09
3 31 2 1.225455e-08
4 31 2 3.410849e-08
5 31 2 8.808467e-08
6 31 2 2.319225e-07
7 31 2 3.270622e-07
8 31 2 2.639965e-07
9 31 2 1.320686e-07
10 31 2 6.048091e-08
11 31 2 2.903822e-08
12 31 2 1.618145e-08
1 32 2 1.237614e-08
2 32 2 1.024506e-08
3 32 2 1.432083e-08
4 32 2 3.182146e-08
5 32 2 8.499085e-08
6 32 2 2.013266e-07
7 32 2 2.597352e-07
8 32 2 2.145530e-07
9 32 2 1.198088e-07
10 32 2 6.176265e-08
11 32 2 3.191641e-08
12 32 2 1.655218e-08
1 35 2 1.111743e-05
2 35 2 1.059324e-05
3 35 2 1.150739e-05
4 35 2 1.533464e-05
5 35 2 2.403910e-05
6 35 2 3.671295e-05
7 35 2 4.417695e-05
8 35 2 4.056614e-05
9 35 2 2.757032e-05
10 35 2 1.993330e-05
11 35 2 1.509841e-05
12 35 2 1.226609e-05
1 36 2 1.332240e-06
2 36 2 1.250714e-06
3 36 2 1.386161e-06
4 36 2 1.664901e-06
5 36 2 2.277029e-06
6 36 2 3.284802e-06
7 36 2 3.868569e-06
8 36 2 3.941016e-06
9 36 2 3.008295e-06
10 36 2 2.356878e-06
11 36 2 1.803921e-06
12 36 2 1.494702e-06
1 37 2 3.811338e-06
2 37 2 3.688846e-06
3 37 2 4.648118e-06
4 37 2 5.976855e-06
5 37 2 9.035864e-06
6 37 2 1.370485e-05
7 37 2 1.593944e-05
8 37 2 1.566885e-05
9 37 2 1.153081e-05
10 37 2 8.646094e-06
11 37 2 6.093864e-06
12 37 2 4.668419e-06
1 38 2 8.622191e-05
2 38 2 8.614461e-05
3 38 2 1.312299e-04
4 38 2 1.945700e-04
5 38 2 3.552344e-04
6 38 2 6.303364e-04
7 38 2 7.472391e-04
8 38 2 6.480736e-04
9 38 2 4.186060e-04
10 38 2 2.861168e-04
11 38 2 1.634928e-04
12 38 2 1.179827e-04
1 39 2 8.889146e-04
2 39 2 9.260702e-04
3 39 2 1.500042e-03
4 39 2 2.316190e-03
5 39 2 4.494176e-03
6 39 2 8.688375e-03
7 39 2 1.078853e-02
8 39 2 8.734586e-03
9 39 2 5.505516e-03
10 39 2 3.476668e-03
11 39 2 1.759814e-03
12 39 2 1.284537e-03
1 40 2 2.218820e-04
2 40 2 2.434430e-04
3 40 2 4.341771e-04
4 40 2 7.301032e-04
5 40 2 1.596042e-03
6 40 2 3.623719e-03
7 40 2 4.533832e-03
8 40 2 3.325905e-03
9 40 2 2.048724e-03
10 40 2 1.103872e-03
11 40 2 4.728667e-04
12 40 2 3.522709e-04
1 41 2 1.180827e-04
2 41 2 1.262363e-04
3 41 2 2.529734e-04
4 41 2 4.505635e-04
5 41 2 1.130079e-03
6 41 2 2.867692e-03
7 41 2 3.707756e-03
8 41 2 2.600603e-03
9 41 2 1.453337e-03
10 41 2 6.298899e-04
11 41 2 2.419868e-04
12 41 2 2.016929e-04
1 42 2 6.393207e-05
2 42 2 6.687422e-05
3 42 2 1.442133e-04
4 42 2 2.844885e-04
5 42 2 8.087530e-04
6 42 2 2.243238e-03
7 42 2 3.140271e-03
8 42 2 2.097122e-03
9 42 2 9.930972e-04
10 42 2 3.554189e-04
11 42 2 1.325069e-04
12 42 2 1.087027e-04
1 43 2 1.793089e-06
2 43 2 1.859201e-06
3 43 2 4.386751e-06
4 43 2 1.070380e-05
5 43 2 3.582759e-05
6 43 2 1.056612e-04
7 43 2 1.544620e-04
8 43 2 9.696050e-05
9 43 2 3.964896e-05
10 43 2 1.217324e-05
11 43 2 4.151336e-06
12 43 2 2.908872e-06
1 44 2 7.403564e-06
2 44 2 7.438914e-06
3 44 2 1.618078e-05
4 44 2 4.374434e-05
5 44 2 1.634275e-04
6 44 2 5.150143e-04
7 44 2 7.527217e-04
8 44 2 4.538865e-04
9 44 2 1.636193e-04
10 44 2 4.847707e-05
11 44 2 1.591031e-05
12 44 2 1.075716e-05
1 45 2 1.702024e-05
2 45 2 1.907472e-05
3 45 2 3.475744e-05
4 45 2 1.025025e-04
5 45 2 4.292603e-04
6 45 2 1.424330e-03
7 45 2 1.992620e-03
8 45 2 1.213304e-03
9 45 2 4.172279e-04
10 45 2 1.065270e-04
11 45 2 3.087759e-05
12 45 2 2.018007e-05
1 46 2 7.718736e-06
2 46 2 9.710359e-06
3 46 2 1.526395e-05
4 46 2 4.238644e-05
5 46 2 1.664498e-04
6 46 2 5.163087e-04
7 46 2 7.222794e-04
8 46 2 4.525886e-04
9 46 2 1.700052e-04
10 46 2 4.120724e-05
11 46 2 1.132950e-05
12 46 2 8.079514e-06
1 47 2 1.014090e-05
2 47 2 1.290570e-05
3 47 2 1.818615e-05
4 47 2 4.074656e-05
5 47 2 1.388846e-04
6 47 2 3.826269e-04
7 47 2 5.189238e-04
8 47 2 3.518675e-04
9 47 2 1.490618e-04
10 47 2 4.597637e-05
11 47 2 1.356423e-05
12 47 2 1.031062e-05
1 48 2 1.373094e-05
2 48 2 1.577325e-05
3 48 2 2.169522e-05
4 48 2 4.236618e-05
5 48 2 1.314704e-04
6 48 2 3.024044e-04
7 48 2 4.018674e-04
8 48 2 2.827367e-04
9 48 2 1.345941e-04
10 48 2 5.018144e-05
11 48 2 1.806469e-05
12 48 2 1.197940e-05
1 49 2 3.780591e-08
2 49 2 3.440004e-08
3 49 2 3.901974e-08
4 49 2 4.566915e-08
5 49 2 6.531662e-08
6 49 2 9.937544e-08
7 49 2 1.482021e-07
8 49 2 1.393633e-07
9 49 2 9.720428e-08
10 49 2 6.955901e-08
11 49 2 5.078371e-08
12 49 2 3.704662e-08
1 50 2 1.542943e-07
2 50 2 1.331867e-07
3 50 2 1.561154e-07
4 50 2 1.779554e-07
5 50 2 2.504598e-07
6 50 2 3.675463e-07
7 50 2 5.072679e-07
8 50 2 4.878208e-07
9 50 2 3.532266e-07
10 50 2 2.517947e-07
11 50 2 1.885139e-07
12 50 2 1.484341e-07
1 51 2 5.945373e-08
2 51 2 5.426084e-08
3 51 2 5.896040e-08
4 51 2 6.805980e-08
5 51 2 9.276723e-08
6 51 2 1.300987e-07
7 51 2 1.695376e-07
8 51 2 1.681298e-07
9 51 2 1.396912e-07
10 51 2 9.825522e-08
11 51 2 7.363868e-08
12 51 2 6.171146e-08
1 52 2 2.660831e-05
2 52 2 2.796762e-05
3 52 2 3.513369e-05
4 52 2 5.122013e-05
5 52 2 8.661998e-05
6 52 2 1.192085e-04
7 52 2 1.529070e-04
8 52 2 1.430204e-04
9 52 2 1.154514e-04
10 52 2 6.595335e-05
11 52 2 3.969746e-05
12 52 2 3.061279e-05
1 53 2 8.130599e-06
2 53 2 1.020093e-05
3 53 2 1.728253e-05
4 53 2 3.772260e-05
5 53 2 7.183536e-05
6 53 2 1.072685e-04
7 53 2 1.489014e-04
8 53 2 1.268813e-04
9 53 2 8.587425e-05
10 53 2 3.787416e-05
11 53 2 1.689289e-05
12 53 2 1.070234e-05
1 54 2 3.724934e-06
2 54 2 4.832193e-06
3 54 2 9.036398e-06
4 54 2 2.245456e-05
5 54 2 4.422848e-05
6 54 2 8.542925e-05
7 54 2 1.213563e-04
8 54 2 1.017604e-04
9 54 2 6.171607e-05
10 54 2 2.624768e-05
11 54 2 1.125096e-05
12 54 2 6.206247e-06
1 55 2 2.997344e-06
2 55 2 3.342837e-06
3 55 2 6.235972e-06
4 55 2 1.460184e-05
5 55 2 2.897598e-05
6 55 2 6.188104e-05
7 55 2 8.601934e-05
8 55 2 7.418421e-05
9 55 2 4.704282e-05
10 55 2 2.255628e-05
11 55 2 1.055322e-05
12 55 2 6.042804e-06
1 56 2 1.133454e-05
2 56 2 1.176278e-05
3 56 2 2.037344e-05
4 56 2 4.542987e-05
5 56 2 9.930362e-05
6 56 2 1.957493e-04
7 56 2 2.706405e-04
8 56 2 2.246179e-04
9 56 2 1.468156e-04
10 56 2 7.564473e-05
11 56 2 3.410345e-05
12 56 2 1.955866e-05
1 57 2 2.306095e-06
2 57 2 2.200243e-06
3 57 2 2.706174e-06
4 57 2 4.107549e-06
5 57 2 6.872573e-06
6 57 2 1.118253e-05
7 57 2 1.592406e-05
8 57 2 1.435146e-05
9 57 2 1.067750e-05
10 57 2 6.858669e-06
11 57 2 4.194112e-06
12 57 2 3.014119e-06
1 60 2 3.055936e-03
2 60 2 2.959398e-03
3 60 2 3.393842e-03
4 60 2 4.025047e-03
5 60 2 4.962563e-03
6 60 2 6.530699e-03
7 60 2 7.603039e-03
8 60 2 7.606237e-03
9 60 2 6.454986e-03
10 60 2 5.269413e-03
11 60 2 4.214298e-03
12 60 2 3.493221e-03
1 61 2 1.626555e-02
2 61 2 1.636339e-02
3 61 2 2.301483e-02
4 61 2 3.466518e-02
5 61 2 5.056592e-02
6 61 2 7.123920e-02
7 61 2 8.430470e-02
8 61 2 8.110810e-02
9 61 2 6.302312e-02
10 61 2 4.286871e-02
11 61 2 2.796586e-02
12 61 2 1.961502e-02
1 62 2 1.080751e-02
2 62 2 1.183677e-02
3 62 2 1.863323e-02
4 62 2 3.373183e-02
5 62 2 5.785736e-02
6 62 2 8.207529e-02
7 62 2 1.003615e-01
8 62 2 9.368381e-02
9 62 2 6.528097e-02
10 62 2 3.892958e-02
11 62 2 2.114048e-02
12 62 2 1.375762e-02
1 63 2 1.370024e-02
2 63 2 1.663150e-02
3 63 2 2.782887e-02
4 63 2 5.853117e-02
5 63 2 1.123309e-01
6 63 2 1.669978e-01
7 63 2 2.135499e-01
8 63 2 1.858302e-01
9 63 2 1.134993e-01
10 63 2 6.198318e-02
11 63 2 2.863049e-02
12 63 2 1.874273e-02
1 64 2 3.274301e-03
2 64 2 4.194721e-03
3 64 2 7.987760e-03
4 64 2 1.892034e-02
5 64 2 4.052140e-02
6 64 2 6.490601e-02
7 64 2 8.226978e-02
8 64 2 6.431659e-02
9 64 2 3.682673e-02
10 64 2 1.628028e-02
11 64 2 7.439289e-03
12 64 2 5.091135e-03
1 65 2 1.107112e-03
2 65 2 1.372826e-03
3 65 2 3.007604e-03
4 65 2 8.481548e-03
5 65 2 1.778310e-02
6 65 2 3.022305e-02
7 65 2 3.917337e-02
8 65 2 2.923688e-02
9 65 2 1.658223e-02
10 65 2 5.884310e-03
11 65 2 2.590389e-03
12 65 2 1.877251e-03
1 66 2 7.332682e-04
2 66 2 9.065482e-04
3 66 2 2.155125e-03
4 66 2 7.070249e-03
5 66 2 1.470107e-02
6 66 2 2.527915e-02
7 66 2 3.486416e-02
8 66 2 2.635734e-02
9 66 2 1.490992e-02
10 66 2 4.939828e-03
11 66 2 1.893016e-03
12 66 2 1.174201e-03
1 67 2 2.502924e-04
2 67 2 3.337533e-04
3 67 2 8.487367e-04
4 67 2 3.135307e-03
5 67 2 7.113831e-03
6 67 2 1.213269e-02
7 67 2 1.696284e-02
8 67 2 1.305429e-02
9 67 2 7.139791e-03
10 67 2 2.625634e-03
11 67 2 8.302453e-04
12 67 2 3.736890e-04
1 68 2 6.179482e-05
2 68 2 8.297382e-05
3 68 2 2.464276e-04
4 68 2 1.132711e-03
5 68 2 3.086783e-03
6 68 2 5.915233e-03
7 68 2 8.481324e-03
8 68 2 6.307848e-03
9 68 2 3.027198e-03
10 68 2 1.112156e-03
11 68 2 2.536110e-04
12 68 2 8.824782e-05
1 69 2 3.619581e-05
2 69 2 5.131894e-05
3 69 2 1.227257e-04
4 69 2 5.381598e-04
5 69 2 1.725635e-03
6 69 2 4.083908e-03
7 69 2 5.982892e-03
8 69 2 4.605616e-03
9 69 2 1.978543e-03
10 69 2 6.433457e-04
11 69 2 1.246572e-04
12 69 2 4.687919e-05
1 70 2 1.498741e-04
2 70 2 1.751741e-04
3 70 2 2.510195e-04
4 70 2 6.548969e-04
5 70 2 1.642273e-03
6 70 2 3.987907e-03
7 70 2 6.455156e-03
8 70 2 5.883255e-03
9 70 2 3.037719e-03
10 70 2 1.082792e-03
11 70 2 3.293207e-04
12 70 2 1.853837e-04
1 71 2 1.286562e-04
2 71 2 1.305560e-04
3 71 2 1.477340e-04
4 71 2 2.370684e-04
5 71 2 4.591135e-04
6 71 2 9.577539e-04
7 71 2 1.469852e-03
8 71 2 1.461401e-03
9 71 2 9.376211e-04
10 71 2 4.465764e-04
11 71 2 2.133409e-04
12 71 2 1.481725e-04
1 72 2 5.400962e-07
2 72 2 5.158389e-07
3 72 2 5.588580e-07
4 72 2 7.125492e-07
5 72 2 1.108674e-06
6 72 2 1.929130e-06
7 72 2 2.988001e-06
8 72 2 2.873757e-06
9 72 2 2.010576e-06
10 72 2 1.219100e-06
11 72 2 7.511334e-07
12 72 2 5.364079e-07
1 76 2 5.395673e-05
2 76 2 4.936486e-05
3 76 2 4.986170e-05
4 76 2 5.423765e-05
5 76 2 7.373700e-05
6 76 2 1.051443e-04
7 76 2 1.409926e-04
8 76 2 1.504650e-04
9 76 2 1.433639e-04
10 76 2 9.573842e-05
11 76 2 6.180317e-05
12 76 2 5.405225e-05
1 77 2 1.640126e-04
2 77 2 2.129690e-04
3 77 2 2.789767e-04
4 77 2 4.508876e-04
5 77 2 7.570586e-04
6 77 2 1.168820e-03
7 77 2 1.588110e-03
8 77 2 1.507374e-03
9 77 2 1.116599e-03
10 77 2 5.641189e-04
11 77 2 2.475371e-04
12 77 2 1.560214e-04
1 78 2 6.055677e-05
2 78 2 8.274228e-05
3 78 2 1.152236e-04
4 78 2 2.066656e-04
5 78 2 3.231653e-04
6 78 2 5.130745e-04
7 78 2 6.333337e-04
8 78 2 5.930401e-04
9 78 2 3.845207e-04
10 78 2 2.039189e-04
11 78 2 1.101206e-04
12 78 2 6.357634e-05
1 79 2 2.027559e-04
2 79 2 2.487849e-04
3 79 2 3.652880e-04
4 79 2 6.058907e-04
5 79 2 9.205162e-04
6 79 2 1.503820e-03
7 79 2 1.842744e-03
8 79 2 1.745673e-03
9 79 2 1.205397e-03
10 79 2 7.276326e-04
11 79 2 4.145675e-04
12 79 2 2.539564e-04
1 80 2 1.186420e-04
2 80 2 1.188736e-04
3 80 2 1.493721e-04
4 80 2 2.019683e-04
5 80 2 3.012177e-04
6 80 2 4.582919e-04
7 80 2 5.901204e-04
8 80 2 5.842094e-04
9 80 2 4.848831e-04
10 80 2 3.399537e-04
11 80 2 1.983155e-04
12 80 2 1.465881e-04
1 81 2 3.474787e-11
2 81 2 3.148995e-11
3 81 2 3.316746e-11
4 81 2 3.932848e-11
5 81 2 5.663266e-11
6 81 2 7.631087e-11
7 81 2 1.018237e-10
8 81 2 1.092546e-10
9 81 2 9.934652e-11
10 81 2 7.622791e-11
11 81 2 5.038956e-11
12 81 2 4.125374e-11
1 84 2 8.996754e-03
2 84 2 9.511832e-03
3 84 2 1.176423e-02
4 84 2 1.486631e-02
5 84 2 1.993124e-02
6 84 2 3.265878e-02
7 84 2 4.374067e-02
8 84 2 4.191443e-02
9 84 2 3.145035e-02
10 84 2 1.984833e-02
11 84 2 1.333365e-02
12 84 2 1.018547e-02
1 85 2 8.631829e-03
2 85 2 9.720121e-03
3 85 2 1.263772e-02
4 85 2 1.836144e-02
5 85 2 2.939266e-02
6 85 2 4.490189e-02
7 85 2 6.212594e-02
8 85 2 5.910094e-02
9 85 2 4.255669e-02
10 85 2 2.347452e-02
11 85 2 1.323864e-02
12 85 2 9.605969e-03
1 86 2 2.715789e-03
2 86 2 3.074842e-03
3 86 2 3.929421e-03
4 86 2 5.707582e-03
5 86 2 9.173212e-03
6 86 2 1.331013e-02
7 86 2 1.828458e-02
8 86 2 1.834440e-02
9 86 2 1.357835e-02
10 86 2 7.873934e-03
11 86 2 4.337350e-03
12 86 2 3.099875e-03
1 87 2 3.931474e-03
2 87 2 5.318833e-03
3 87 2 7.594318e-03
4 87 2 1.200489e-02
5 87 2 2.106098e-02
6 87 2 3.165732e-02
7 87 2 4.291753e-02
8 87 2 4.373153e-02
9 87 2 3.170556e-02
10 87 2 1.785107e-02
11 87 2 7.843290e-03
12 87 2 4.767528e-03
1 88 2 1.922330e-03
2 88 2 2.729863e-03
3 88 2 4.280829e-03
4 88 2 8.122415e-03
5 88 2 1.666959e-02
6 88 2 2.620002e-02
7 88 2 3.355276e-02
8 88 2 2.942840e-02
9 88 2 1.901664e-02
10 88 2 8.986909e-03
11 88 2 4.607309e-03
12 88 2 2.559191e-03
1 89 2 2.263730e-03
2 89 2 3.149688e-03
3 89 2 5.978009e-03
4 89 2 1.124361e-02
5 89 2 2.243793e-02
6 89 2 3.351965e-02
7 89 2 3.910284e-02
8 89 2 3.424476e-02
9 89 2 2.234832e-02
10 89 2 1.063490e-02
11 89 2 5.851856e-03
12 89 2 3.239027e-03
1 90 2 4.523436e-04
2 90 2 5.961739e-04
3 90 2 1.183043e-03
4 90 2 2.123311e-03
5 90 2 3.260220e-03
6 90 2 4.315448e-03
7 90 2 4.846514e-03
8 90 2 4.484368e-03
9 90 2 3.268015e-03
10 90 2 1.949232e-03
11 90 2 1.074716e-03
12 90 2 6.118119e-04
1 91 2 2.372152e-06
2 91 2 3.356490e-06
3 91 2 7.012450e-06
4 91 2 1.325133e-05
5 91 2 1.955689e-05
6 91 2 2.485863e-05
7 91 2 2.791263e-05
8 91 2 2.559856e-05
9 91 2 1.840589e-05
10 91 2 1.139329e-05
11 91 2 5.904907e-06
12 91 2 3.031322e-06
1 92 2 9.178340e-06
2 92 2 1.311070e-05
3 92 2 3.286522e-05
4 92 2 7.840880e-05
5 92 2 1.478676e-04
6 92 2 2.265852e-04
7 92 2 2.719850e-04
8 92 2 2.475500e-04
9 92 2 1.548697e-04
10 92 2 8.230825e-05
11 92 2 3.228135e-05
12 92 2 1.385759e-05
1 93 2 1.250362e-03
2 93 2 1.508673e-03
3 93 2 3.101913e-03
4 93 2 7.229353e-03
5 93 2 1.289676e-02
6 93 2 2.046625e-02
7 93 2 2.745440e-02
8 93 2 2.699002e-02
9 93 2 1.815362e-02
10 93 2 1.045428e-02
11 93 2 4.477091e-03
12 93 2 1.864798e-03
1 94 2 7.141081e-05
2 94 2 7.105080e-05
3 94 2 9.486999e-05
4 94 2 1.681271e-04
5 94 2 2.869827e-04
6 94 2 4.518895e-04
7 94 2 6.242835e-04
8 94 2 6.803308e-04
9 94 2 5.603988e-04
10 94 2 3.382557e-04
11 94 2 1.815502e-04
12 94 2 9.919467e-05
1 98 2 6.832988e-06
2 98 2 6.360605e-06
3 98 2 5.989495e-06
4 98 2 6.377087e-06
5 98 2 7.237556e-06
6 98 2 8.281905e-06
7 98 2 9.315441e-06
8 98 2 9.818021e-06
9 98 2 9.688189e-06
10 98 2 9.157926e-06
11 98 2 8.237490e-06
12 98 2 7.496204e-06
1 101 2 8.063283e-04
2 101 2 8.285298e-04
3 101 2 8.490284e-04
4 101 2 1.046981e-03
5 101 2 1.346438e-03
6 101 2 1.572107e-03
7 101 2 1.678134e-03
8 101 2 1.681549e-03
9 101 2 1.616585e-03
10 101 2 1.386056e-03
11 101 2 1.065839e-03
12 101 2 8.548792e-04
1 102 2 4.234344e-03
2 102 2 4.786342e-03
3 102 2 5.882503e-03
4 102 2 7.357829e-03
5 102 2 8.514750e-03
6 102 2 9.295376e-03
7 102 2 9.557129e-03
8 102 2 9.677892e-03
9 102 2 8.722482e-03
10 102 2 6.719809e-03
11 102 2 5.393488e-03
12 102 2 4.420634e-03
1 103 2 1.294833e-03
2 103 2 1.321388e-03
3 103 2 1.440148e-03
4 103 2 1.627312e-03
5 103 2 1.895135e-03
6 103 2 2.168739e-03
7 103 2 2.346300e-03
8 103 2 2.462390e-03
9 103 2 2.415095e-03
10 103 2 2.110583e-03
11 103 2 1.736286e-03
12 103 2 1.443665e-03
1 104 2 1.354137e-03
2 104 2 1.299395e-03
3 104 2 1.313514e-03
4 104 2 1.440079e-03
5 104 2 1.683901e-03
6 104 2 1.932357e-03
7 104 2 2.168734e-03
8 104 2 2.342762e-03
9 104 2 2.361619e-03
10 104 2 2.206220e-03
11 104 2 1.814814e-03
12 104 2 1.502664e-03
1 107 2 4.698898e-04
2 107 2 4.957252e-04
3 107 2 5.787769e-04
4 107 2 6.632145e-04
5 107 2 7.437534e-04
6 107 2 9.521830e-04
7 107 2 1.040776e-03
8 107 2 1.036565e-03
9 107 2 9.703801e-04
10 107 2 8.300168e-04
11 107 2 6.598329e-04
12 107 2 5.160142e-04
1 108 2 6.560128e-05
2 108 2 8.383852e-05
3 108 2 1.217844e-04
4 108 2 1.886175e-04
5 108 2 2.927847e-04
6 108 2 4.018561e-04
7 108 2 4.301749e-04
8 108 2 3.801840e-04
9 108 2 3.076289e-04
10 108 2 2.122426e-04
11 108 2 1.105568e-04
12 108 2 7.038023e-05
1 109 2 1.244602e-04
2 109 2 1.643937e-04
3 109 2 2.571224e-04
4 109 2 4.462140e-04
5 109 2 7.602521e-04
6 109 2 9.583363e-04
7 109 2 9.737562e-04
8 109 2 8.951554e-04
9 109 2 7.188354e-04
10 109 2 5.043810e-04
11 109 2 2.243361e-04
12 109 2 1.310489e-04
1 110 2 5.479422e-05
2 110 2 6.979734e-05
3 110 2 1.120981e-04
4 110 2 1.735235e-04
5 110 2 2.691279e-04
6 110 2 3.116631e-04
7 110 2 3.350679e-04
8 110 2 3.313795e-04
9 110 2 2.790138e-04
10 110 2 2.034188e-04
11 110 2 9.839463e-05
12 110 2 5.791614e-05
1 111 2 1.882016e-03
2 111 2 2.353854e-03
3 111 2 3.810838e-03
4 111 2 5.775643e-03
5 111 2 8.729040e-03
6 111 2 1.119481e-02
7 111 2 1.183375e-02
8 111 2 1.172087e-02
9 111 2 9.981348e-03
10 111 2 6.497375e-03
11 111 2 3.500089e-03
12 111 2 2.137918e-03
1 112 2 2.168655e-03
2 112 2 2.796215e-03
3 112 2 4.905358e-03
4 112 2 8.157324e-03
5 112 2 1.240459e-02
6 112 2 1.511645e-02
7 112 2 1.539570e-02
8 112 2 1.435038e-02
9 112 2 1.095494e-02
10 112 2 7.272693e-03
11 112 2 4.173767e-03
12 112 2 2.565572e-03
1 113 2 1.243668e-03
2 113 2 1.575612e-03
3 113 2 2.647037e-03
4 113 2 3.958402e-03
5 113 2 4.871193e-03
6 113 2 4.253272e-03
7 113 2 3.649559e-03
8 113 2 3.485626e-03
9 113 2 3.447448e-03
10 113 2 3.147849e-03
11 113 2 2.201724e-03
12 113 2 1.487066e-03
1 114 2 3.389021e-03
2 114 2 4.595685e-03
3 114 2 8.187997e-03
4 114 2 1.193552e-02
5 114 2 1.377007e-02
6 114 2 1.008047e-02
7 114 2 8.325786e-03
8 114 2 7.631592e-03
9 114 2 7.364758e-03
10 114 2 6.591593e-03
11 114 2 5.024914e-03
12 114 2 3.722139e-03
1 115 2 1.134377e-03
2 115 2 1.650417e-03
3 115 2 2.616180e-03
4 115 2 3.242984e-03
5 115 2 2.896138e-03
6 115 2 2.688969e-03
7 115 2 2.593461e-03
8 115 2 2.488242e-03
9 115 2 2.288440e-03
10 115 2 2.045072e-03
11 115 2 1.553524e-03
12 115 2 1.114537e-03
1 116 2 7.387836e-04
2 116 2 9.457332e-04
3 116 2 1.446252e-03
4 116 2 2.047116e-03
5 116 2 2.380925e-03
6 116 2 2.711270e-03
7 116 2 2.842450e-03
8 116 2 2.720855e-03
9 116 2 2.204196e-03
10 116 2 1.762205e-03
11 116 2 1.280207e-03
12 116 2 8.433457e-04
1 117 2 1.371831e-04
2 117 2 1.432535e-04
3 117 2 1.809159e-04
4 117 2 2.476506e-04
5 117 2 3.153630e-04
6 117 2 3.736354e-04
7 117 2 3.977738e-04
8 117 2 3.972522e-04
9 117 2 3.624685e-04
10 117 2 3.102950e-04
11 117 2 2.504894e-04
12 117 2 1.809503e-04
1 126 2 1.485787e-05
2 126 2 1.544323e-05
3 126 2 1.673835e-05
4 126 2 1.767468e-05
5 126 2 1.746275e-05
6 126 2 1.622967e-05
7 126 2 1.564446e-05
8 126 2 1.579730e-05
9 126 2 1.571367e-05
10 126 2 1.544120e-05
11 126 2 1.508796e-05
12 126 2 1.485952e-05
1 127 2 1.497680e-03
2 127 2 1.523171e-03
3 127 2 1.607675e-03
4 127 2 1.669108e-03
5 127 2 1.691847e-03
6 127 2 1.638768e-03
7 127 2 1.639220e-03
8 127 2 1.676838e-03
9 127 2 1.658963e-03
10 127 2 1.592475e-03
11 127 2 1.543306e-03
12 127 2 1.524202e-03
1 128 2 6.787249e-03
2 128 2 6.970442e-03
3 128 2 7.155603e-03
4 128 2 6.985085e-03
5 128 2 6.794765e-03
6 128 2 6.590657e-03
7 128 2 7.024424e-03
8 128 2 7.986800e-03
9 128 2 8.398046e-03
10 128 2 7.932350e-03
11 128 2 7.213314e-03
12 128 2 6.796377e-03
1 129 2 1.935178e-04
2 129 2 1.908608e-04
3 129 2 1.956745e-04
4 129 2 2.013491e-04
5 129 2 2.044559e-04
6 129 2 2.099869e-04
7 129 2 2.194156e-04
8 129 2 2.391626e-04
9 129 2 2.498745e-04
10 129 2 2.509754e-04
11 129 2 2.291491e-04
12 129 2 2.035711e-04
1 133 2 4.154960e-03
2 133 2 4.830756e-03
3 133 2 5.799062e-03
4 133 2 5.954103e-03
5 133 2 5.679605e-03
6 133 2 5.220324e-03
7 133 2 4.659188e-03
8 133 2 4.362800e-03
9 133 2 4.549429e-03
10 133 2 4.845317e-03
11 133 2 4.622510e-03
12 133 2 4.044699e-03
1 135 2 1.798594e-04
2 135 2 2.026386e-04
3 135 2 2.409836e-04
4 135 2 2.595281e-04
5 135 2 2.493816e-04
6 135 2 2.224739e-04
7 135 2 1.921954e-04
8 135 2 1.941189e-04
9 135 2 2.062735e-04
10 135 2 1.939882e-04
11 135 2 1.859360e-04
12 135 2 1.746615e-04
1 136 2 2.010861e-04
2 136 2 2.069582e-04
3 136 2 2.559425e-04
4 136 2 3.111482e-04
5 136 2 3.407212e-04
6 136 2 3.108677e-04
7 136 2 2.750816e-04
8 136 2 2.744507e-04
9 136 2 2.758692e-04
10 136 2 2.595096e-04
11 136 2 2.453650e-04
12 136 2 2.178872e-04
1 137 2 4.894332e-05
2 137 2 5.134659e-05
3 137 2 5.886993e-05
4 137 2 6.468941e-05
5 137 2 6.385237e-05
6 137 2 5.875058e-05
7 137 2 5.435054e-05
8 137 2 5.244284e-05
9 137 2 5.247579e-05
10 137 2 5.466766e-05
11 137 2 5.404926e-05
12 137 2 5.096361e-05
1 138 2 1.953934e-03
2 138 2 2.148661e-03
3 138 2 2.492765e-03
4 138 2 2.774292e-03
5 138 2 2.799090e-03
6 138 2 2.460119e-03
7 138 2 2.279065e-03
8 138 2 2.197875e-03
9 138 2 2.203872e-03
10 138 2 2.216714e-03
11 138 2 2.150255e-03
12 138 2 1.994182e-03
1 139 2 3.298034e-03
2 139 2 3.755851e-03
3 139 2 4.196794e-03
4 139 2 4.404834e-03
5 139 2 4.342759e-03
6 139 2 4.044288e-03
7 139 2 3.826508e-03
8 139 2 3.683646e-03
9 139 2 3.635900e-03
10 139 2 3.664126e-03
11 139 2 3.486697e-03
12 139 2 3.191605e-03
1 140 2 1.093042e-03
2 140 2 1.130246e-03
3 140 2 1.227535e-03
4 140 2 1.390777e-03
5 140 2 1.476806e-03
6 140 2 1.418475e-03
7 140 2 1.343065e-03
8 140 2 1.295375e-03
9 140 2 1.276491e-03
10 140 2 1.283546e-03
11 140 2 1.256436e-03
12 140 2 1.171382e-03
1 141 2 1.715551e-03
2 141 2 1.697800e-03
3 141 2 1.746430e-03
4 141 2 1.916692e-03
5 141 2 2.068365e-03
6 141 2 2.045275e-03
7 141 2 1.989969e-03
8 141 2 1.929665e-03
9 141 2 1.913311e-03
10 141 2 1.917809e-03
11 141 2 1.936951e-03
12 141 2 1.880628e-03
1 150 2 1.984615e-06
2 150 2 2.172473e-06
3 150 2 2.325386e-06
4 150 2 2.377897e-06
5 150 2 2.224987e-06
6 150 2 1.962338e-06
7 150 2 1.790200e-06
8 150 2 1.746970e-06
9 150 2 1.690491e-06
10 150 2 1.652030e-06
11 150 2 1.684149e-06
12 150 2 1.791887e-06
1 151 2 1.287435e-03
2 151 2 1.369337e-03
3 151 2 1.451903e-03
4 151 2 1.486139e-03
5 151 2 1.437942e-03
6 151 2 1.353549e-03
7 151 2 1.323642e-03
8 151 2 1.374745e-03
9 151 2 1.308879e-03
10 151 2 1.228248e-03
11 151 2 1.192232e-03
12 151 2 1.221975e-03
1 152 2 1.020505e-03
2 152 2 1.033696e-03
3 152 2 1.043266e-03
4 152 2 9.913717e-04
5 152 2 9.529739e-04
6 152 2 9.359542e-04
7 152 2 1.070046e-03
8 152 2 1.426777e-03
9 152 2 1.514680e-03
10 152 2 1.290976e-03
11 152 2 1.107065e-03
12 152 2 1.023808e-03
1 153 2 1.182310e-03
2 153 2 1.210989e-03
3 153 2 1.277676e-03
4 153 2 1.253232e-03
5 153 2 1.210248e-03
6 153 2 1.188221e-03
7 153 2 1.387031e-03
8 153 2 1.812600e-03
9 153 2 2.204627e-03
10 153 2 1.970484e-03
11 153 2 1.490570e-03
12 153 2 1.243679e-03
1 154 2 3.217239e-03
2 154 2 3.199783e-03
3 154 2 3.329786e-03
4 154 2 3.190552e-03
5 154 2 2.983457e-03
6 154 2 2.683654e-03
7 154 2 2.534075e-03
8 154 2 2.639826e-03
9 154 2 2.976369e-03
10 154 2 3.344907e-03
11 154 2 3.525159e-03
12 154 2 3.408661e-03
1 157 2 1.282217e-04
2 157 2 1.331455e-04
3 157 2 1.425513e-04
4 157 2 1.405431e-04
5 157 2 1.369892e-04
6 157 2 1.287934e-04
7 157 2 1.228872e-04
8 157 2 1.216485e-04
9 157 2 1.207693e-04
10 157 2 1.228751e-04
11 157 2 1.237560e-04
12 157 2 1.253710e-04
1 163 2 5.964025e-04
2 163 2 6.043935e-04
3 163 2 6.223287e-04
4 163 2 6.596725e-04
5 163 2 6.603163e-04
6 163 2 6.104884e-04
7 163 2 5.643945e-04
8 163 2 5.299775e-04
9 163 2 5.375666e-04
10 163 2 5.687247e-04
11 163 2 5.909571e-04
12 163 2 5.955875e-04
1 164 2 2.257093e-03
2 164 2 2.237794e-03
3 164 2 2.300087e-03
4 164 2 2.407389e-03
5 164 2 2.379070e-03
6 164 2 2.200457e-03
7 164 2 2.036717e-03
8 164 2 1.989497e-03
9 164 2 2.130346e-03
10 164 2 2.333888e-03
11 164 2 2.381022e-03
12 164 2 2.341373e-03
1 165 2 9.795061e-04
2 165 2 9.599852e-04
3 165 2 9.720536e-04
4 165 2 9.935542e-04
5 165 2 9.826489e-04
6 165 2 9.041762e-04
7 165 2 8.525145e-04
8 165 2 8.628992e-04
9 165 2 9.197575e-04
10 165 2 9.834199e-04
11 165 2 1.034517e-03
12 165 2 1.035736e-03
1 166 2 4.272563e-04
2 166 2 4.229910e-04
3 166 2 4.160026e-04
4 166 2 4.140509e-04
5 166 2 4.004934e-04
6 166 2 3.703897e-04
7 166 2 3.497599e-04
8 166 2 3.523694e-04
9 166 2 3.655571e-04
10 166 2 3.845393e-04
11 166 2 4.145898e-04
12 166 2 4.354790e-04
1 170 2 1.973171e-05
2 170 2 2.170097e-05
3 170 2 2.132108e-05
4 170 2 1.937973e-05
5 170 2 1.614910e-05
6 170 2 1.357857e-05
7 170 2 1.284321e-05
8 170 2 1.226113e-05
9 170 2 1.246735e-05
10 170 2 1.388230e-05
11 170 2 1.531654e-05
12 170 2 1.763794e-05
1 171 2 7.078014e-05
2 171 2 7.769625e-05
3 171 2 7.863686e-05
4 171 2 6.996193e-05
5 171 2 5.820046e-05
6 171 2 4.987505e-05
7 171 2 4.528118e-05
8 171 2 4.290534e-05
9 171 2 4.353048e-05
10 171 2 4.734901e-05
11 171 2 5.404136e-05
12 171 2 6.384465e-05
1 175 2 2.046017e-06
2 175 2 2.163117e-06
3 175 2 2.169321e-06
4 175 2 2.031828e-06
5 175 2 1.765338e-06
6 175 2 1.608670e-06
7 175 2 1.575292e-06
8 175 2 1.561992e-06
9 175 2 1.452823e-06
10 175 2 1.468598e-06
11 175 2 1.535406e-06
12 175 2 1.791059e-06
1 176 2 1.332483e-03
2 176 2 1.342473e-03
3 176 2 1.314277e-03
4 176 2 1.160792e-03
5 176 2 9.390290e-04
6 176 2 8.509364e-04
7 176 2 8.493845e-04
8 176 2 9.690348e-04
9 176 2 1.055379e-03
10 176 2 1.126347e-03
11 176 2 1.202291e-03
12 176 2 1.277128e-03
1 177 2 6.467791e-03
2 177 2 6.284927e-03
3 177 2 5.934142e-03
4 177 2 5.189012e-03
5 177 2 4.243198e-03
6 177 2 3.623333e-03
7 177 2 3.770022e-03
8 177 2 4.517180e-03
9 177 2 5.677389e-03
10 177 2 5.904267e-03
11 177 2 6.024025e-03
12 177 2 6.036333e-03
1 178 2 2.355268e-03
2 178 2 2.327741e-03
3 178 2 2.231310e-03
4 178 2 1.870196e-03
5 178 2 1.628389e-03
6 178 2 1.376351e-03
7 178 2 1.310887e-03
8 178 2 1.320535e-03
9 178 2 1.506037e-03
10 178 2 1.620453e-03
11 178 2 1.830209e-03
12 178 2 2.031917e-03
1 181 2 2.882756e-05
2 181 2 3.044826e-05
3 181 2 3.086756e-05
4 181 2 2.951352e-05
5 181 2 2.433946e-05
6 181 2 2.104625e-05
7 181 2 1.860922e-05
8 181 2 1.904502e-05
9 181 2 2.063334e-05
10 181 2 2.234206e-05
11 181 2 2.530267e-05
12 181 2 2.694003e-05
1 182 2 3.436980e-03
2 182 2 3.176829e-03
3 182 2 2.995608e-03
4 182 2 2.502343e-03
5 182 2 1.959557e-03
6 182 2 1.465632e-03
7 182 2 1.453171e-03
8 182 2 2.019361e-03
9 182 2 2.802080e-03
10 182 2 3.436651e-03
11 182 2 3.798207e-03
12 182 2 3.645718e-03
1 183 2 7.308174e-04
2 183 2 7.020726e-04
3 183 2 6.702600e-04
4 183 2 6.077427e-04
5 183 2 5.113442e-04
6 183 2 4.150165e-04
7 183 2 3.861292e-04
8 183 2 4.585137e-04
9 183 2 5.331265e-04
10 183 2 6.306881e-04
11 183 2 6.866277e-04
12 183 2 7.062410e-04
1 184 2 2.282924e-04
2 184 2 2.313191e-04
3 184 2 2.240289e-04
4 184 2 2.016115e-04
5 184 2 1.676091e-04
6 184 2 1.354598e-04
7 184 2 1.221506e-04
8 184 2 1.275744e-04
9 184 2 1.351438e-04
10 184 2 1.551956e-04
11 184 2 1.815893e-04
12 184 2 2.069716e-04
1 188 2 2.995872e-06
2 188 2 2.969752e-06
3 188 2 2.752694e-06
4 188 2 2.247762e-06
5 188 2 1.588628e-06
6 188 2 1.208367e-06
7 188 2 1.039790e-06
8 188 2 1.057702e-06
9 188 2 1.432652e-06
10 188 2 1.882706e-06
11 188 2 2.242117e-06
12 188 2 2.796522e-06
1 189 2 2.613214e-06
2 189 2 2.415137e-06
3 189 2 2.190744e-06
4 189 2 1.619286e-06
5 189 2 1.072112e-06
6 189 2 7.581574e-07
7 189 2 7.208456e-07
8 189 2 8.854371e-07
9 189 2 1.424380e-06
10 189 2 2.028109e-06
11 189 2 2.466857e-06
12 189 2 2.577854e-06
1 190 2 1.069436e-05
2 190 2 1.013310e-05
3 190 2 8.795551e-06
4 190 2 6.229705e-06
5 190 2 4.346464e-06
6 190 2 3.153112e-06
7 190 2 2.962702e-06
8 190 2 3.571529e-06
9 190 2 5.016612e-06
10 190 2 6.838855e-06
11 190 2 8.961082e-06
12 190 2 1.005417e-05
1 191 2 2.391935e-05
2 191 2 2.478677e-05
3 191 2 2.409286e-05
4 191 2 1.990340e-05
5 191 2 1.636694e-05
6 191 2 1.344516e-05
7 191 2 1.182056e-05
8 191 2 1.200480e-05
9 191 2 1.309748e-05
10 191 2 1.470058e-05
11 191 2 1.808017e-05
12 191 2 2.127116e-05
1 192 2 1.363430e-04
2 192 2 1.473488e-04
3 192 2 1.435633e-04
4 192 2 1.243043e-04
5 192 2 1.050559e-04
6 192 2 8.945085e-05
7 192 2 7.860950e-05
8 192 2 7.304668e-05
9 192 2 7.521226e-05
10 192 2 8.259166e-05
11 192 2 9.859310e-05
12 192 2 1.183887e-04
1 200 2 5.449611e-03
2 200 2 5.606294e-03
3 200 2 4.584718e-03
4 200 2 3.030826e-03
5 200 2 1.983828e-03
6 200 2 1.615644e-03
7 200 2 1.534946e-03
8 200 2 1.655309e-03
9 200 2 1.833547e-03
10 200 2 2.344279e-03
11 200 2 3.257722e-03
12 200 2 4.488478e-03
1 201 2 4.330856e-03
2 201 2 4.468546e-03
3 201 2 4.090688e-03
4 201 2 3.148720e-03
5 201 2 2.372861e-03
6 201 2 1.963134e-03
7 201 2 1.855271e-03
8 201 2 1.919109e-03
9 201 2 1.899344e-03
10 201 2 2.259973e-03
11 201 2 2.880859e-03
12 201 2 3.588020e-03
1 206 2 2.285117e-03
2 206 2 2.468224e-03
3 206 2 2.233083e-03
4 206 2 1.905591e-03
5 206 2 1.575914e-03
6 206 2 1.374064e-03
7 206 2 1.178528e-03
8 206 2 1.157165e-03
9 206 2 1.252619e-03
10 206 2 1.417894e-03
11 206 2 1.662099e-03
12 206 2 1.958125e-03
1 207 2 8.635532e-05
2 207 2 9.428916e-05
3 207 2 8.942184e-05
4 207 2 8.108332e-05
5 207 2 7.190895e-05
6 207 2 6.167599e-05
7 207 2 5.436185e-05
8 207 2 5.353257e-05
9 207 2 5.401094e-05
10 207 2 5.949111e-05
11 207 2 6.411378e-05
12 207 2 7.334220e-05
1 212 2 4.218050e-06
2 212 2 4.502508e-06
3 212 2 3.996417e-06
4 212 2 3.359750e-06
5 212 2 2.618659e-06
6 212 2 2.113476e-06
7 212 2 1.754305e-06
8 212 2 1.695519e-06
9 212 2 1.925646e-06
10 212 2 2.272173e-06
11 212 2 2.695192e-06
12 212 2 3.563559e-06
1 213 2 9.182908e-07
2 213 2 1.003623e-06
3 213 2 8.505308e-07
4 213 2 7.197313e-07
5 213 2 5.553687e-07
6 213 2 4.281112e-07
7 213 2 3.633409e-07
8 213 2 3.547088e-07
9 213 2 4.272618e-07
10 213 2 5.265508e-07
11 213 2 6.465977e-07
12 213 2 7.912531e-07
1 214 2 3.262900e-05
2 214 2 3.459083e-05
3 214 2 2.779158e-05
4 214 2 2.064178e-05
5 214 2 1.525806e-05
6 214 2 1.124449e-05
7 214 2 9.737902e-06
8 214 2 1.003904e-05
9 214 2 1.267215e-05
10 214 2 1.698902e-05
11 214 2 2.325641e-05
12 214 2 2.820598e-05
1 215 2 1.206770e-05
2 215 2 1.241324e-05
3 215 2 1.157345e-05
4 215 2 9.223547e-06
5 215 2 7.491874e-06
6 215 2 6.019563e-06
7 215 2 5.201736e-06
8 215 2 5.214527e-06
9 215 2 5.864086e-06
10 215 2 6.976378e-06
11 215 2 8.784221e-06
12 215 2 1.061182e-05
1 216 2 9.169173e-06
2 216 2 9.573290e-06
3 216 2 8.977386e-06
4 216 2 7.298094e-06
5 216 2 5.843894e-06
6 216 2 5.027315e-06
7 216 2 4.417699e-06
8 216 2 4.224140e-06
9 216 2 4.383294e-06
10 216 2 4.982025e-06
11 216 2 5.992531e-06
12 216 2 7.701486e-06
1 224 2 1.592248e-04
2 224 2 1.740704e-04
3 224 2 1.518976e-04
4 224 2 1.308066e-04
5 224 2 1.056288e-04
6 224 2 8.976401e-05
7 224 2 8.154973e-05
8 224 2 8.517776e-05
9 224 2 8.759561e-05
10 224 2 1.033148e-04
11 224 2 1.233783e-04
12 224 2 1.472000e-04
1 240 2 5.669208e-07
2 240 2 5.782556e-07
3 240 2 5.288007e-07
4 240 2 4.670139e-07
5 240 2 4.058952e-07
6 240 2 3.500987e-07
7 240 2 3.429968e-07
8 240 2 3.536098e-07
9 240 2 3.442179e-07
10 240 2 3.706867e-07
11 240 2 4.072936e-07
12 240 2 5.047696e-07
