1 7 2 1.363969e-10
2 7 2 1.165224e-10
3 7 2 1.274342e-10
4 7 2 3.293650e-10
5 7 2 1.133252e-09
6 7 2 3.052272e-09
7 7 2 4.129814e-09
8 7 2 2.815746e-09
9 7 2 1.217716e-09
10 7 2 5.338431e-10
11 7 2 2.828374e-10
12 7 2 1.668556e-10
1 25 2 6.009016e-06
2 25 2 5.705537e-06
3 25 2 8.038159e-06
4 25 2 1.466785e-05
5 25 2 4.103359e-05
6 25 2 7.440919e-05
7 25 2 9.020574e-05
8 25 2 6.917186e-05
9 25 2 3.908576e-05
10 25 2 1.829072e-05
11 25 2 8.721227e-06
12 25 2 5.050435e-06
1 26 2 5.997568e-08
2 26 2 4.936056e-08
3 26 2 8.162172e-08
4 26 2 1.821864e-07
5 26 2 5.131909e-07
6 26 2 9.801803e-07
7 26 2 1.063493e-06
8 26 2 7.957086e-07
9 26 2 4.352108e-07
10 26 2 1.751893e-07
11 26 2 9.152926e-08
12 26 2 5.658791e-08
1 27 2 2.700157e-07
2 27 2 2.383996e-07
3 27 2 4.179132e-07
4 27 2 1.064374e-06
5 27 2 2.997356e-06
6 27 2 6.195899e-06
7 27 2 6.987925e-06
8 27 2 5.259628e-06
9 27 2 2.717989e-06
10 27 2 1.020671e-06
11 27 2 5.409190e-07
12 27 2 3.345956e-07
1 28 2 1.417340e-08
2 28 2 1.289817e-08
3 28 2 2.169249e-08
4 28 2 5.896536e-08
5 28 2 1.683821e-07
6 28 2 3.605035e-07
7 28 2 4.298039e-07
8 28 2 3.238620e-07
9 28 2 1.666015e-07
10 28 2 6.488321e-08
11 28 2 3.239064e-08
12 28 2 2.019376e-08
1 29 2 1.899336e-08
2 29 2 1.796777e-08
3 29 2 2.862356e-08
4 29 2 8.606628e-08
5 29 2 2.573760e-07
6 29 2 6.334257e-07
7 29 2 8.628717e-07
8 29 2 6.419826e-07
9 29 2 2.948304e-07
10 29 2 1.092751e-07
11 29 2 5.165478e-08
12 29 2 3.224518e-08
1 30 2 4.309687e-09
2 30 2 3.769090e-09
3 30 2 5.990402e-09
4 30 2 1.833493e-08
5 30 2 5.079061e-08
6 30 2 1.381307e-07
7 30 2 2.002139e-07
8 30 2 1.533251e-07
9 30 2 6.937431e-08
10 30 2 2.715436e-08
11 30 2 1.252556e-08
12 30 2 7.501537e-09
1 31 2 7.689784e-09
2 31 2 5.925626e-09
3 31 2 9.001746e-09
4 31 2 2.505485e-08
5 31 2 6.470376e-08
6 31 2 1.703617e-07
7 31 2 2.402479e-07
8 31 2 1.939221e-07
9 31 2 9.701275e-08
10 31 2 4.442706e-08
11 31 2 2.133041e-08
12 31 2 1.188630e-08
1 32 2 9.095137e-09
2 32 2 7.529024e-09
3 32 2 1.052428e-08
4 32 2 2.338536e-08
5 32 2 6.245916e-08
6 32 2 1.479534e-07
7 32 2 1.908775e-07
8 32 2 1.576734e-07
9 32 2 8.804664e-08
10 32 2 4.538892e-08
11 32 2 2.345514e-08
12 32 2 1.216408e-08
1 35 2 3.071401e-06
2 35 2 2.926583e-06
3 35 2 3.179135e-06
4 35 2 4.236484e-06
5 35 2 6.641253e-06
6 35 2 1.014264e-05
7 35 2 1.220471e-05
8 35 2 1.120716e-05
9 35 2 7.616819e-06
10 35 2 5.506950e-06
11 35 2 4.171221e-06
12 35 2 3.388739e-06
1 36 2 3.682740e-07
2 36 2 3.457377e-07
3 36 2 3.831796e-07
4 36 2 4.602322e-07
5 36 2 6.294439e-07
6 36 2 9.080249e-07
7 36 2 1.069397e-06
8 36 2 1.089424e-06
9 36 2 8.315894e-07
10 36 2 6.515169e-07
11 36 2 4.986618e-07
12 36 2 4.131835e-07
1 37 2 1.774720e-06
2 37 2 1.717682e-06
3 37 2 2.164359e-06
4 37 2 2.783075e-06
5 37 2 4.207479e-06
6 37 2 6.381554e-06
7 37 2 7.422075e-06
8 37 2 7.296074e-06
9 37 2 5.369232e-06
10 37 2 4.025985e-06
11 37 2 2.837560e-06
12 37 2 2.173813e-06
1 38 2 6.838423e-05
2 38 2 6.832292e-05
3 38 2 1.040809e-04
4 38 2 1.543172e-04
5 38 2 2.817431e-04
6 38 2 4.999317e-04
7 38 2 5.926495e-04
8 38 2 5.139994e-04
9 38 2 3.320044e-04
10 38 2 2.269247e-04
11 38 2 1.296692e-04
12 38 2 9.357432e-05
1 39 2 7.675811e-04
2 39 2 7.996650e-04
3 39 2 1.295292e-03
4 39 2 2.000039e-03
5 39 2 3.880738e-03
6 39 2 7.502444e-03
7 39 2 9.315937e-03
8 39 2 7.542348e-03
9 39 2 4.754034e-03
10 39 2 3.002116e-03
11 39 2 1.519606e-03
12 39 2 1.109202e-03
1 40 2 1.915792e-04
2 40 2 2.101956e-04
3 40 2 3.748808e-04
4 40 2 6.303919e-04
5 40 2 1.378068e-03
6 40 2 3.128822e-03
7 40 2 3.914639e-03
8 40 2 2.871681e-03
9 40 2 1.768926e-03
10 40 2 9.531141e-04
11 40 2 4.082865e-04
12 40 2 3.041607e-04
1 41 2 1.020562e-04
2 41 2 1.091032e-04
3 41 2 2.186392e-04
4 41 2 3.894118e-04
5 41 2 9.767020e-04
6 41 2 2.478481e-03
7 41 2 3.204529e-03
8 41 2 2.247642e-03
9 41 2 1.256086e-03
10 41 2 5.443996e-04
11 41 2 2.091437e-04
12 41 2 1.743186e-04
1 42 2 5.525953e-05
2 42 2 5.780257e-05
3 42 2 1.246504e-04
4 42 2 2.458969e-04
5 42 2 6.990436e-04
6 42 2 1.938938e-03
7 42 2 2.714285e-03
8 42 2 1.812643e-03
9 42 2 8.583811e-04
10 42 2 3.072054e-04
11 42 2 1.145320e-04
12 42 2 9.395688e-05
1 43 2 1.549981e-06
2 43 2 1.607130e-06
3 43 2 3.791993e-06
4 43 2 9.252575e-06
5 43 2 3.097007e-05
6 43 2 9.133555e-05
7 43 2 1.335199e-04
8 43 2 8.381454e-05
9 43 2 3.427333e-05
10 43 2 1.052278e-05
11 43 2 3.588495e-06
12 43 2 2.514486e-06
1 44 2 6.402148e-06
2 44 2 6.432716e-06
3 44 2 1.399215e-05
4 44 2 3.782743e-05
5 44 2 1.413221e-04
6 44 2 4.453528e-04
7 44 2 6.509076e-04
8 44 2 3.924932e-04
9 44 2 1.414879e-04
10 44 2 4.192000e-05
11 44 2 1.375826e-05
12 44 2 9.302131e-06
1 45 2 1.470192e-05
2 45 2 1.647656e-05
3 45 2 3.002314e-05
4 45 2 8.854063e-05
5 45 2 3.707909e-04
6 45 2 1.230323e-03
7 45 2 1.721206e-03
8 45 2 1.048040e-03
9 45 2 3.603974e-04
10 45 2 9.201698e-05
11 45 2 2.667176e-05
12 45 2 1.743135e-05
1 46 2 6.671605e-06
2 46 2 8.393043e-06
3 46 2 1.319323e-05
4 46 2 3.663626e-05
5 46 2 1.438691e-04
6 46 2 4.462658e-04
7 46 2 6.242943e-04
8 46 2 3.911900e-04
9 46 2 1.469421e-04
10 46 2 3.561703e-05
11 46 2 9.792526e-06
12 46 2 6.983440e-06
1 47 2 8.765728e-06
2 47 2 1.115560e-05
3 47 2 1.571998e-05
4 47 2 3.522105e-05
5 47 2 1.200509e-04
6 47 2 3.307401e-04
7 47 2 4.485542e-04
8 47 2 3.041519e-04
9 47 2 1.288480e-04
10 47 2 3.974166e-05
11 47 2 1.172483e-05
12 47 2 8.912430e-06
1 48 2 1.186554e-05
2 48 2 1.363040e-05
3 48 2 1.874785e-05
4 48 2 3.661060e-05
5 48 2 1.136097e-04
6 48 2 2.613218e-04
7 48 2 3.472724e-04
8 48 2 2.443260e-04
9 48 2 1.163091e-04
10 48 2 4.336413e-05
11 48 2 1.561054e-05
12 48 2 1.035196e-05
1 49 2 3.120577e-08
2 49 2 2.839449e-08
3 49 2 3.220768e-08
4 49 2 3.769624e-08
5 49 2 5.391366e-08
6 49 2 8.202651e-08
7 49 2 1.223290e-07
8 49 2 1.150333e-07
9 49 2 8.023438e-08
10 49 2 5.741542e-08
11 49 2 4.191790e-08
12 49 2 3.057904e-08
1 50 2 1.274076e-07
2 50 2 1.099781e-07
3 50 2 1.289114e-07
4 50 2 1.469456e-07
5 50 2 2.068157e-07
6 50 2 3.034991e-07
7 50 2 4.188735e-07
8 50 2 4.028151e-07
9 50 2 2.916748e-07
10 50 2 2.079180e-07
11 50 2 1.556642e-07
12 50 2 1.225686e-07
1 51 2 4.892670e-08
2 51 2 4.465328e-08
3 51 2 4.852073e-08
4 51 2 5.600897e-08
5 51 2 7.634164e-08
6 51 2 1.070631e-07
7 51 2 1.395188e-07
8 51 2 1.383603e-07
9 51 2 1.149571e-07
10 51 2 8.085791e-08
11 51 2 6.060003e-08
12 51 2 5.078468e-08
1 52 2 2.083725e-05
2 52 2 2.190173e-05
3 52 2 2.751356e-05
4 52 2 4.011102e-05
5 52 2 6.783301e-05
6 52 2 9.335340e-05
7 52 2 1.197431e-04
8 52 2 1.120008e-04
9 52 2 9.041119e-05
10 52 2 5.164876e-05
11 52 2 3.108749e-05
12 52 2 2.397320e-05
1 53 2 6.151871e-06
2 53 2 7.718351e-06
3 53 2 1.307651e-05
4 53 2 2.854212e-05
5 53 2 5.435293e-05
6 53 2 8.116277e-05
7 53 2 1.126635e-04
8 53 2 9.600246e-05
9 53 2 6.497521e-05
10 53 2 2.865680e-05
11 53 2 1.278170e-05
12 53 2 8.097730e-06
1 54 2 2.911576e-06
2 54 2 3.777059e-06
3 54 2 7.063254e-06
4 54 2 1.755149e-05
5 54 2 3.457097e-05
6 54 2 6.677534e-05
7 54 2 9.485754e-05
8 54 2 7.954048e-05
9 54 2 4.824005e-05
10 54 2 2.051637e-05
11 54 2 8.794252e-06
12 54 2 4.851081e-06
1 55 2 2.239592e-06
2 55 2 2.497742e-06
3 55 2 4.659470e-06
4 55 2 1.091038e-05
5 55 2 2.165063e-05
6 55 2 4.623703e-05
7 55 2 6.427298e-05
8 55 2 5.542987e-05
9 55 2 3.515003e-05
10 55 2 1.685388e-05
11 55 2 7.885284e-06
12 55 2 4.515137e-06
1 56 2 8.339335e-06
2 56 2 8.654409e-06
3 56 2 1.498967e-05
4 56 2 3.342482e-05
5 56 2 7.306218e-05
6 56 2 1.440216e-04
7 56 2 1.991225e-04
8 56 2 1.652616e-04
9 56 2 1.080189e-04
10 56 2 5.565526e-05
11 56 2 2.509146e-05
12 56 2 1.439019e-05
1 57 2 1.694668e-06
2 57 2 1.616881e-06
3 57 2 1.988672e-06
4 57 2 3.018493e-06
5 57 2 5.050411e-06
6 57 2 8.217649e-06
7 57 2 1.170203e-05
8 57 2 1.054638e-05
9 57 2 7.846517e-06
10 57 2 5.040193e-06
11 57 2 3.082105e-06
12 57 2 2.214969e-06
1 60 2 2.038158e-03
2 60 2 1.973772e-03
3 60 2 2.263524e-03
4 60 2 2.684507e-03
5 60 2 3.309783e-03
6 60 2 4.355652e-03
7 60 2 5.070850e-03
8 60 2 5.072983e-03
9 60 2 4.305156e-03
10 60 2 3.514437e-03
11 60 2 2.810728e-03
12 60 2 2.329805e-03
1 61 2 9.997091e-03
2 61 2 1.005722e-02
3 61 2 1.414531e-02
4 61 2 2.130583e-02
5 61 2 3.107870e-02
6 61 2 4.378486e-02
7 61 2 5.181515e-02
8 61 2 4.985046e-02
9 61 2 3.873511e-02
10 61 2 2.634786e-02
11 61 2 1.718831e-02
12 61 2 1.205573e-02
1 62 2 8.870090e-03
2 62 2 9.714836e-03
3 62 2 1.529293e-02
4 62 2 2.768486e-02
5 62 2 4.748550e-02
6 62 2 6.736198e-02
7 62 2 8.237009e-02
8 62 2 7.688949e-02
9 62 2 5.357831e-02
10 62 2 3.195083e-02
11 62 2 1.735071e-02
12 62 2 1.129135e-02
1 63 2 1.183609e-02
2 63 2 1.436851e-02
3 63 2 2.404229e-02
4 63 2 5.056701e-02
5 63 2 9.704642e-02
6 63 2 1.442750e-01
7 63 2 1.844928e-01
8 63 2 1.605449e-01
9 63 2 9.805580e-02
10 63 2 5.354933e-02
11 63 2 2.473483e-02
12 63 2 1.619247e-02
1 64 2 2.827938e-03
2 64 2 3.622883e-03
3 64 2 6.898843e-03
4 64 2 1.634106e-02
5 64 2 3.499740e-02
6 64 2 5.605782e-02
7 64 2 7.105450e-02
8 64 2 5.554875e-02
9 64 2 3.180639e-02
10 64 2 1.406090e-02
11 64 2 6.425142e-03
12 64 2 4.397095e-03
1 65 2 9.566430e-04
2 65 2 1.186243e-03
3 65 2 2.598836e-03
4 65 2 7.328810e-03
5 65 2 1.536618e-02
6 65 2 2.611540e-02
7 65 2 3.384926e-02
8 65 2 2.526325e-02
9 65 2 1.432852e-02
10 65 2 5.084565e-03
11 65 2 2.238325e-03
12 65 2 1.622111e-03
1 66 2 6.336157e-04
2 66 2 7.833466e-04
3 66 2 1.862239e-03
4 66 2 6.109389e-03
5 66 2 1.270317e-02
6 66 2 2.184366e-02
7 66 2 3.012606e-02
8 66 2 2.277533e-02
9 66 2 1.288363e-02
10 66 2 4.268496e-03
11 66 2 1.635751e-03
12 66 2 1.014625e-03
1 67 2 2.158044e-04
2 67 2 2.877652e-04
3 67 2 7.317887e-04
4 67 2 2.703291e-03
5 67 2 6.133611e-03
6 67 2 1.046092e-02
7 67 2 1.462552e-02
8 67 2 1.125553e-02
9 67 2 6.155994e-03
10 67 2 2.263846e-03
11 67 2 7.158452e-04
12 67 2 3.221981e-04
1 68 2 5.306865e-05
2 68 2 7.125692e-05
3 68 2 2.116291e-04
4 68 2 9.727588e-04
5 68 2 2.650892e-03
6 68 2 5.079931e-03
7 68 2 7.283660e-03
8 68 2 5.417104e-03
9 68 2 2.599721e-03
10 68 2 9.551064e-04
11 68 2 2.177981e-04
12 68 2 7.578618e-05
1 69 2 3.118191e-05
2 69 2 4.421016e-05
3 69 2 1.057256e-04
4 69 2 4.636130e-04
5 69 2 1.486597e-03
6 69 2 3.518198e-03
7 69 2 5.154132e-03
8 69 2 3.967639e-03
9 69 2 1.704472e-03
10 69 2 5.542284e-04
11 69 2 1.073895e-04
12 69 2 4.038540e-05
1 70 2 1.296026e-04
2 70 2 1.514806e-04
3 70 2 2.170674e-04
4 70 2 5.663176e-04
5 70 2 1.420144e-03
6 70 2 3.448515e-03
7 70 2 5.582051e-03
8 70 2 5.087504e-03
9 70 2 2.626846e-03
10 70 2 9.363369e-04
11 70 2 2.847778e-04
12 70 2 1.603093e-04
1 71 2 1.112564e-04
2 71 2 1.128992e-04
3 71 2 1.277541e-04
4 71 2 2.050067e-04
5 71 2 3.970217e-04
6 71 2 8.282247e-04
7 71 2 1.271065e-03
8 71 2 1.263757e-03
9 71 2 8.108147e-04
10 71 2 3.861802e-04
11 71 2 1.844881e-04
12 71 2 1.281332e-04
1 72 2 4.671102e-07
2 72 2 4.461309e-07
3 72 2 4.833366e-07
4 72 2 6.162588e-07
5 72 2 9.588533e-07
6 72 2 1.668437e-06
7 72 2 2.584217e-06
8 72 2 2.485411e-06
9 72 2 1.738877e-06
10 72 2 1.054356e-06
11 72 2 6.496289e-07
12 72 2 4.639203e-07
1 76 2 4.449074e-05
2 76 2 4.070446e-05
3 76 2 4.111413e-05
4 76 2 4.472238e-05
5 76 2 6.080083e-05
6 76 2 8.669811e-05
7 76 2 1.162574e-04
8 76 2 1.240679e-04
9 76 2 1.182126e-04
10 76 2 7.894239e-05
11 76 2 5.096063e-05
12 76 2 4.456950e-05
1 77 2 1.236796e-04
2 77 2 1.605969e-04
3 77 2 2.103724e-04
4 77 2 3.400080e-04
5 77 2 5.708871e-04
6 77 2 8.813902e-04
7 77 2 1.197571e-03
8 77 2 1.136689e-03
9 77 2 8.420113e-04
10 77 2 4.253941e-04
11 77 2 1.866642e-04
12 77 2 1.176535e-04
1 78 2 4.986868e-05
2 78 2 6.813853e-05
3 78 2 9.488698e-05
4 78 2 1.701898e-04
5 78 2 2.661277e-04
6 78 2 4.225184e-04
7 78 2 5.215522e-04
8 78 2 4.883704e-04
9 78 2 3.166540e-04
10 78 2 1.679278e-04
11 78 2 9.068464e-05
12 78 2 5.235531e-05
1 79 2 1.650208e-04
2 79 2 2.024832e-04
3 79 2 2.973038e-04
4 79 2 4.931277e-04
5 79 2 7.491978e-04
6 79 2 1.223942e-03
7 79 2 1.499788e-03
8 79 2 1.420784e-03
9 79 2 9.810595e-04
10 79 2 5.922121e-04
11 79 2 3.374119e-04
12 79 2 2.066923e-04
1 80 2 9.523015e-05
2 80 2 9.541609e-05
3 80 2 1.198963e-04
4 80 2 1.621135e-04
5 80 2 2.417779e-04
6 80 2 3.678564e-04
7 80 2 4.736710e-04
8 80 2 4.689264e-04
9 80 2 3.892004e-04
10 80 2 2.728701e-04
11 80 2 1.591816e-04
12 80 2 1.176617e-04
1 81 2 2.562963e-11
2 81 2 2.322663e-11
3 81 2 2.446394e-11
4 81 2 2.900824e-11
5 81 2 4.177161e-11
6 81 2 5.628603e-11
7 81 2 7.510403e-11
8 81 2 8.058495e-11
9 81 2 7.327687e-11
10 81 2 5.622484e-11
11 81 2 3.716677e-11
12 81 2 3.042829e-11
1 84 2 6.383704e-03
2 84 2 6.749182e-03
3 84 2 8.347387e-03
4 84 2 1.054849e-02
5 84 2 1.414234e-02
6 84 2 2.317325e-02
7 84 2 3.103647e-02
8 84 2 2.974065e-02
9 84 2 2.231580e-02
10 84 2 1.408351e-02
11 84 2 9.460976e-03
12 84 2 7.227164e-03
1 85 2 5.701819e-03
2 85 2 6.420699e-03
3 85 2 8.347943e-03
4 85 2 1.212878e-02
5 85 2 1.941554e-02
6 85 2 2.966028e-02
7 85 2 4.103775e-02
8 85 2 3.903957e-02
9 85 2 2.811114e-02
10 85 2 1.550627e-02
11 85 2 8.744884e-03
12 85 2 6.345295e-03
1 86 2 1.806627e-03
2 86 2 2.045480e-03
3 86 2 2.613972e-03
4 86 2 3.796860e-03
5 86 2 6.102304e-03
6 86 2 8.854309e-03
7 86 2 1.216347e-02
8 86 2 1.220326e-02
9 86 2 9.032735e-03
10 86 2 5.237984e-03
11 86 2 2.885339e-03
12 86 2 2.062132e-03
1 87 2 3.164527e-03
2 87 2 4.281242e-03
3 87 2 6.112828e-03
4 87 2 9.662988e-03
5 87 2 1.695243e-02
6 87 2 2.548165e-02
7 87 2 3.454523e-02
8 87 2 3.520044e-02
9 87 2 2.552048e-02
10 87 2 1.436871e-02
11 87 2 6.313231e-03
12 87 2 3.837484e-03
1 88 2 1.497455e-03
2 88 2 2.126507e-03
3 88 2 3.334677e-03
4 88 2 6.327193e-03
5 88 2 1.298526e-02
6 88 2 2.040927e-02
7 88 2 2.613691e-02
8 88 2 2.292411e-02
9 88 2 1.481357e-02
10 88 2 7.000616e-03
11 88 2 3.588998e-03
12 88 2 1.993557e-03
1 89 2 1.930352e-03
2 89 2 2.685835e-03
3 89 2 5.097630e-03
4 89 2 9.587774e-03
5 89 2 1.913350e-02
6 89 2 2.858323e-02
7 89 2 3.334418e-02
8 89 2 2.920155e-02
9 89 2 1.905709e-02
10 89 2 9.068707e-03
11 89 2 4.990056e-03
12 89 2 2.762017e-03
1 90 2 3.726182e-04
2 90 2 4.910985e-04
3 90 2 9.745322e-04
4 90 2 1.749078e-03
5 90 2 2.685607e-03
6 90 2 3.554852e-03
7 90 2 3.992318e-03
8 90 2 3.694000e-03
9 90 2 2.692029e-03
10 90 2 1.605681e-03
11 90 2 8.852973e-04
12 90 2 5.039803e-04
1 91 2 8.603207e-07
2 91 2 1.217316e-06
3 91 2 2.543242e-06
4 91 2 4.805929e-06
5 91 2 7.092801e-06
6 91 2 9.015611e-06
7 91 2 1.012322e-05
8 91 2 9.283963e-06
9 91 2 6.675361e-06
10 91 2 4.132065e-06
11 91 2 2.141564e-06
12 91 2 1.099386e-06
1 92 2 1.539471e-06
2 92 2 2.199040e-06
3 92 2 5.512440e-06
4 92 2 1.315140e-05
5 92 2 2.480164e-05
6 92 2 3.800484e-05
7 92 2 4.561969e-05
8 92 2 4.152123e-05
9 92 2 2.597608e-05
10 92 2 1.380545e-05
11 92 2 5.414509e-06
12 92 2 2.324316e-06
1 93 2 9.303506e-04
2 93 2 1.122551e-03
3 93 2 2.308025e-03
4 93 2 5.379109e-03
5 93 2 9.596027e-03
6 93 2 1.522822e-02
7 93 2 2.042786e-02
8 93 2 2.008233e-02
9 93 2 1.350747e-02
10 93 2 7.778664e-03
11 93 2 3.331247e-03
12 93 2 1.387531e-03
1 94 2 6.244197e-05
2 94 2 6.212718e-05
3 94 2 8.295479e-05
4 94 2 1.470112e-04
5 94 2 2.509391e-04
6 94 2 3.951344e-04
7 94 2 5.458766e-04
8 94 2 5.948846e-04
9 94 2 4.900155e-04
10 94 2 2.957724e-04
11 94 2 1.587484e-04
12 94 2 8.673632e-05
1 98 2 5.634338e-06
2 98 2 5.244821e-06
3 98 2 4.938812e-06
4 98 2 5.258412e-06
5 98 2 5.967937e-06
6 98 2 6.829085e-06
7 98 2 7.681318e-06
8 98 2 8.095734e-06
9 98 2 7.988678e-06
10 98 2 7.551434e-06
11 98 2 6.792461e-06
12 98 2 6.181212e-06
1 101 2 5.831514e-04
2 101 2 5.992079e-04
3 101 2 6.140329e-04
4 101 2 7.571957e-04
5 101 2 9.737686e-04
6 101 2 1.136976e-03
7 101 2 1.213657e-03
8 101 2 1.216127e-03
9 101 2 1.169144e-03
10 101 2 1.002421e-03
11 101 2 7.708344e-04
12 101 2 6.182643e-04
1 102 2 3.062626e-03
2 102 2 3.461876e-03
3 102 2 4.254710e-03
4 102 2 5.321787e-03
5 102 2 6.158568e-03
6 102 2 6.723181e-03
7 102 2 6.912502e-03
8 102 2 6.999848e-03
9 102 2 6.308817e-03
10 102 2 4.860319e-03
11 102 2 3.901014e-03
12 102 2 3.197366e-03
1 103 2 9.413303e-04
2 103 2 9.606354e-04
3 103 2 1.046972e-03
4 103 2 1.183039e-03
5 103 2 1.377743e-03
6 103 2 1.576650e-03
7 103 2 1.705735e-03
8 103 2 1.790131e-03
9 103 2 1.755749e-03
10 103 2 1.534372e-03
11 103 2 1.262262e-03
12 103 2 1.049529e-03
1 104 2 9.797463e-04
2 104 2 9.401398e-04
3 104 2 9.503550e-04
4 104 2 1.041927e-03
5 104 2 1.218337e-03
6 104 2 1.398101e-03
7 104 2 1.569124e-03
8 104 2 1.695037e-03
9 104 2 1.708681e-03
10 104 2 1.596246e-03
11 104 2 1.313056e-03
12 104 2 1.087209e-03
1 107 2 3.353964e-04
2 107 2 3.538371e-04
3 107 2 4.131174e-04
4 107 2 4.733871e-04
5 107 2 5.308739e-04
6 107 2 6.796461e-04
7 107 2 7.428820e-04
8 107 2 7.398761e-04
9 107 2 6.926348e-04
10 107 2 5.924466e-04
11 107 2 4.709733e-04
12 107 2 3.683189e-04
1 108 2 4.752415e-05
2 108 2 6.073592e-05
3 108 2 8.822542e-05
4 108 2 1.366419e-04
5 108 2 2.121047e-04
6 108 2 2.911204e-04
7 108 2 3.116356e-04
8 108 2 2.754202e-04
9 108 2 2.228584e-04
10 108 2 1.537569e-04
11 108 2 8.009173e-05
12 108 2 5.098621e-05
1 109 2 9.017395e-05
2 109 2 1.191067e-04
3 109 2 1.862905e-04
4 109 2 3.232913e-04
5 109 2 5.508183e-04
6 109 2 6.943344e-04
7 109 2 7.055064e-04
8 109 2 6.485586e-04
9 109 2 5.208111e-04
10 109 2 3.654345e-04
11 109 2 1.625362e-04
12 109 2 9.494760e-05
1 110 2 3.967726e-05
2 110 2 5.054123e-05
3 110 2 8.117179e-05
4 110 2 1.256508e-04
5 110 2 1.948793e-04
6 110 2 2.256796e-04
7 110 2 2.426273e-04
8 110 2 2.399566e-04
9 110 2 2.020378e-04
10 110 2 1.472984e-04
11 110 2 7.124892e-05
12 110 2 4.193789e-05
1 111 2 1.360920e-03
2 111 2 1.702115e-03
3 111 2 2.755686e-03
4 111 2 4.176473e-03
5 111 2 6.312128e-03
6 111 2 8.095169e-03
7 111 2 8.557200e-03
8 111 2 8.475577e-03
9 111 2 7.217694e-03
10 111 2 4.698370e-03
11 111 2 2.530978e-03
12 111 2 1.545968e-03
1 112 2 1.568431e-03
2 112 2 2.022300e-03
3 112 2 3.547690e-03
4 112 2 5.899602e-03
5 112 2 8.971340e-03
6 112 2 1.093264e-02
7 112 2 1.113460e-02
8 112 2 1.037859e-02
9 112 2 7.922915e-03
10 112 2 5.259813e-03
11 112 2 3.018583e-03
12 112 2 1.855493e-03
1 113 2 8.994018e-04
2 113 2 1.139458e-03
3 113 2 1.914297e-03
4 113 2 2.862656e-03
5 113 2 3.522773e-03
6 113 2 3.075902e-03
7 113 2 2.639306e-03
8 113 2 2.520752e-03
9 113 2 2.493142e-03
10 113 2 2.276477e-03
11 113 2 1.592253e-03
12 113 2 1.075423e-03
1 114 2 2.452256e-03
2 114 2 3.325383e-03
3 114 2 5.924738e-03
4 114 2 8.636398e-03
5 114 2 9.963863e-03
6 114 2 7.294109e-03
7 114 2 6.024440e-03
8 114 2 5.522130e-03
9 114 2 5.329052e-03
10 114 2 4.769599e-03
11 114 2 3.635969e-03
12 114 2 2.693296e-03
1 115 2 8.170708e-04
2 115 2 1.188765e-03
3 115 2 1.884386e-03
4 115 2 2.335861e-03
5 115 2 2.086034e-03
6 115 2 1.936814e-03
7 115 2 1.868022e-03
8 115 2 1.792234e-03
9 115 2 1.648321e-03
10 115 2 1.473027e-03
11 115 2 1.118974e-03
12 115 2 8.027799e-04
1 116 2 5.195398e-04
2 116 2 6.650744e-04
3 116 2 1.017057e-03
4 116 2 1.439607e-03
5 116 2 1.674354e-03
6 116 2 1.906665e-03
7 116 2 1.998915e-03
8 116 2 1.913405e-03
9 116 2 1.550071e-03
10 116 2 1.239247e-03
11 116 2 9.002890e-04
12 116 2 5.930718e-04
1 117 2 9.819258e-05
2 117 2 1.025376e-04
3 117 2 1.294956e-04
4 117 2 1.772628e-04
5 117 2 2.257297e-04
6 117 2 2.674398e-04
7 117 2 2.847176e-04
8 117 2 2.843442e-04
9 117 2 2.594468e-04
10 117 2 2.221022e-04
11 117 2 1.792947e-04
12 117 2 1.295202e-04
1 126 2 1.076057e-05
2 126 2 1.118451e-05
3 126 2 1.212248e-05
4 126 2 1.280060e-05
5 126 2 1.264712e-05
6 126 2 1.175408e-05
7 126 2 1.133025e-05
8 126 2 1.144094e-05
9 126 2 1.138038e-05
10 126 2 1.118304e-05
11 126 2 1.092722e-05
12 126 2 1.076177e-05
1 127 2 1.083695e-03
2 127 2 1.102140e-03
3 127 2 1.163285e-03
4 127 2 1.207737e-03
5 127 2 1.224191e-03
6 127 2 1.185783e-03
7 127 2 1.186111e-03
8 127 2 1.213330e-03
9 127 2 1.200396e-03
10 127 2 1.152287e-03
11 127 2 1.116709e-03
12 127 2 1.102886e-03
1 128 2 4.909552e-03
2 128 2 5.042065e-03
3 128 2 5.176001e-03
4 128 2 5.052657e-03
5 128 2 4.914989e-03
6 128 2 4.767347e-03
7 128 2 5.081113e-03
8 128 2 5.777246e-03
9 128 2 6.074721e-03
10 128 2 5.737861e-03
11 128 2 5.217746e-03
12 128 2 4.916155e-03
1 129 2 1.400833e-04
2 129 2 1.381599e-04
3 129 2 1.416444e-04
4 129 2 1.457521e-04
5 129 2 1.480011e-04
6 129 2 1.520049e-04
7 129 2 1.588301e-04
8 129 2 1.731245e-04
9 129 2 1.808786e-04
10 129 2 1.816755e-04
11 129 2 1.658760e-04
12 129 2 1.473606e-04
1 133 2 3.007154e-03
2 133 2 3.496262e-03
3 133 2 4.197074e-03
4 133 2 4.309285e-03
5 133 2 4.110616e-03
6 133 2 3.778211e-03
7 133 2 3.372089e-03
8 133 2 3.157578e-03
9 133 2 3.292651e-03
10 133 2 3.506800e-03
11 133 2 3.345544e-03
12 133 2 2.927353e-03
1 135 2 1.300386e-04
2 135 2 1.465080e-04
3 135 2 1.742315e-04
4 135 2 1.876393e-04
5 135 2 1.803033e-04
6 135 2 1.608490e-04
7 135 2 1.389576e-04
8 135 2 1.403483e-04
9 135 2 1.491361e-04
10 135 2 1.402538e-04
11 135 2 1.344321e-04
12 135 2 1.262805e-04
1 136 2 1.454396e-04
2 136 2 1.496867e-04
3 136 2 1.851156e-04
4 136 2 2.250442e-04
5 136 2 2.464335e-04
6 136 2 2.248414e-04
7 136 2 1.989583e-04
8 136 2 1.985020e-04
9 136 2 1.995280e-04
10 136 2 1.876956e-04
11 136 2 1.774652e-04
12 136 2 1.575913e-04
1 137 2 3.539490e-05
2 137 2 3.713290e-05
3 137 2 4.257364e-05
4 137 2 4.678218e-05
5 137 2 4.617685e-05
6 137 2 4.248733e-05
7 137 2 3.930530e-05
8 137 2 3.792569e-05
9 137 2 3.794952e-05
10 137 2 3.953464e-05
11 137 2 3.908742e-05
12 137 2 3.685594e-05
1 138 2 1.414398e-03
2 138 2 1.555356e-03
3 138 2 1.804443e-03
4 138 2 2.008233e-03
5 138 2 2.026184e-03
6 138 2 1.780812e-03
7 138 2 1.649752e-03
8 138 2 1.590981e-03
9 138 2 1.595322e-03
10 138 2 1.604618e-03
11 138 2 1.556510e-03
12 138 2 1.443533e-03
1 139 2 2.386481e-03
2 139 2 2.717761e-03
3 139 2 3.036831e-03
4 139 2 3.187370e-03
5 139 2 3.142452e-03
6 139 2 2.926476e-03
7 139 2 2.768889e-03
8 139 2 2.665513e-03
9 139 2 2.630964e-03
10 139 2 2.651389e-03
11 139 2 2.522999e-03
12 139 2 2.309469e-03
1 140 2 7.912047e-04
2 140 2 8.181351e-04
3 140 2 8.885582e-04
4 140 2 1.006722e-03
5 140 2 1.068994e-03
6 140 2 1.026771e-03
7 140 2 9.721853e-04
8 140 2 9.376645e-04
9 140 2 9.239949e-04
10 140 2 9.291016e-04
11 140 2 9.094784e-04
12 140 2 8.479116e-04
1 141 2 1.241254e-03
2 141 2 1.228411e-03
3 141 2 1.263596e-03
4 141 2 1.386786e-03
5 141 2 1.496526e-03
6 141 2 1.479820e-03
7 141 2 1.439804e-03
8 141 2 1.396172e-03
9 141 2 1.384339e-03
10 141 2 1.387594e-03
11 141 2 1.401444e-03
12 141 2 1.360692e-03
1 150 2 1.434335e-06
2 150 2 1.570106e-06
3 150 2 1.680620e-06
4 150 2 1.718571e-06
5 150 2 1.608059e-06
6 150 2 1.418235e-06
7 150 2 1.293826e-06
8 150 2 1.262583e-06
9 150 2 1.221764e-06
10 150 2 1.193967e-06
11 150 2 1.217181e-06
12 150 2 1.295045e-06
1 151 2 9.319947e-04
2 151 2 9.912850e-04
3 151 2 1.051056e-03
4 151 2 1.075840e-03
5 151 2 1.040950e-03
6 151 2 9.798559e-04
7 151 2 9.582053e-04
8 151 2 9.951998e-04
9 151 2 9.475186e-04
10 151 2 8.891482e-04
11 151 2 8.630760e-04
12 151 2 8.846076e-04
1 152 2 7.382508e-04
2 152 2 7.477938e-04
3 152 2 7.547164e-04
4 152 2 7.171755e-04
5 152 2 6.893978e-04
6 152 2 6.770855e-04
7 152 2 7.740897e-04
8 152 2 1.032155e-03
9 152 2 1.095746e-03
10 152 2 9.339144e-04
11 152 2 8.008702e-04
12 152 2 7.406406e-04
1 153 2 8.554174e-04
2 153 2 8.761669e-04
3 153 2 9.244165e-04
4 153 2 9.067306e-04
5 153 2 8.756313e-04
6 153 2 8.596943e-04
7 153 2 1.003536e-03
8 153 2 1.311441e-03
9 153 2 1.595078e-03
10 153 2 1.425672e-03
11 153 2 1.078448e-03
12 153 2 8.998189e-04
1 154 2 2.328251e-03
2 154 2 2.315619e-03
3 154 2 2.409699e-03
4 154 2 2.308938e-03
5 154 2 2.159068e-03
6 154 2 1.942107e-03
7 154 2 1.833859e-03
8 154 2 1.910389e-03
9 154 2 2.153939e-03
10 154 2 2.420642e-03
11 154 2 2.551087e-03
12 154 2 2.466779e-03
1 157 2 9.275419e-05
2 157 2 9.631596e-05
3 157 2 1.031200e-04
4 157 2 1.016674e-04
5 157 2 9.909645e-05
6 157 2 9.316770e-05
7 157 2 8.889526e-05
8 157 2 8.799921e-05
9 157 2 8.736318e-05
10 157 2 8.888646e-05
11 157 2 8.952371e-05
12 157 2 9.069201e-05
1 163 2 4.313092e-04
2 163 2 4.370882e-04
3 163 2 4.500587e-04
4 163 2 4.770651e-04
5 163 2 4.775307e-04
6 163 2 4.414959e-04
7 163 2 4.081615e-04
8 163 2 3.832717e-04
9 163 2 3.887600e-04
10 163 2 4.112931e-04
11 163 2 4.273712e-04
12 163 2 4.307198e-04
1 164 2 1.632602e-03
2 164 2 1.618643e-03
3 164 2 1.663700e-03
4 164 2 1.741314e-03
5 164 2 1.720831e-03
6 164 2 1.591636e-03
7 164 2 1.473199e-03
8 164 2 1.439044e-03
9 164 2 1.540923e-03
10 164 2 1.688150e-03
11 164 2 1.722243e-03
12 164 2 1.693563e-03
1 165 2 7.083557e-04
2 165 2 6.942386e-04
3 165 2 7.029662e-04
4 165 2 7.185149e-04
5 165 2 7.106285e-04
6 165 2 6.538789e-04
7 165 2 6.165183e-04
8 165 2 6.240283e-04
9 165 2 6.651469e-04
10 165 2 7.111860e-04
11 165 2 7.481381e-04
12 165 2 7.490195e-04
1 166 2 3.089560e-04
2 166 2 3.058717e-04
3 166 2 3.008183e-04
4 166 2 2.994069e-04
5 166 2 2.896033e-04
6 166 2 2.678348e-04
7 166 2 2.529171e-04
8 166 2 2.548040e-04
9 166 2 2.643403e-04
10 166 2 2.780666e-04
11 166 2 2.997966e-04
12 166 2 3.149020e-04
1 170 2 1.427742e-05
2 170 2 1.570233e-05
3 170 2 1.542745e-05
4 170 2 1.402273e-05
5 170 2 1.168512e-05
6 170 2 9.825147e-06
7 170 2 9.293051e-06
8 170 2 8.871871e-06
9 170 2 9.021087e-06
10 170 2 1.004492e-05
11 170 2 1.108270e-05
12 170 2 1.276241e-05
1 171 2 5.131560e-05
2 171 2 5.632978e-05
3 171 2 5.701172e-05
4 171 2 5.072240e-05
5 171 2 4.219534e-05
6 171 2 3.615941e-05
7 171 2 3.282886e-05
8 171 2 3.110637e-05
9 171 2 3.155960e-05
10 171 2 3.432803e-05
11 171 2 3.917998e-05
12 171 2 4.628737e-05
1 175 2 1.480535e-06
2 175 2 1.565270e-06
3 175 2 1.569760e-06
4 175 2 1.470267e-06
5 175 2 1.277431e-06
6 175 2 1.164063e-06
7 175 2 1.139910e-06
8 175 2 1.130286e-06
9 175 2 1.051289e-06
10 175 2 1.062704e-06
11 175 2 1.111047e-06
12 175 2 1.296043e-06
1 176 2 9.482531e-04
2 176 2 9.553627e-04
3 176 2 9.352970e-04
4 176 2 8.260704e-04
5 176 2 6.682541e-04
6 176 2 6.055636e-04
7 176 2 6.044592e-04
8 176 2 6.896076e-04
9 176 2 7.510540e-04
10 176 2 8.015576e-04
11 176 2 8.556030e-04
12 176 2 9.088603e-04
1 177 2 4.679110e-03
2 177 2 4.546817e-03
3 177 2 4.293043e-03
4 177 2 3.753980e-03
5 177 2 3.069733e-03
6 177 2 2.621292e-03
7 177 2 2.727414e-03
8 177 2 3.267944e-03
9 177 2 4.107295e-03
10 177 2 4.271429e-03
11 177 2 4.358068e-03
12 177 2 4.366972e-03
1 178 2 1.708283e-03
2 178 2 1.688318e-03
3 178 2 1.618376e-03
4 178 2 1.356459e-03
5 178 2 1.181075e-03
6 178 2 9.982714e-04
7 178 2 9.507903e-04
8 178 2 9.577879e-04
9 178 2 1.092333e-03
10 178 2 1.175319e-03
11 178 2 1.327456e-03
12 178 2 1.473755e-03
1 181 2 2.080360e-05
2 181 2 2.197320e-05
3 181 2 2.227579e-05
4 181 2 2.129864e-05
5 181 2 1.756474e-05
6 181 2 1.518817e-05
7 181 2 1.342947e-05
8 181 2 1.374397e-05
9 181 2 1.489019e-05
10 181 2 1.612330e-05
11 181 2 1.825985e-05
12 181 2 1.944145e-05
1 182 2 2.487305e-03
2 182 2 2.299037e-03
3 182 2 2.167889e-03
4 182 2 1.810919e-03
5 182 2 1.418111e-03
6 182 2 1.060662e-03
7 182 2 1.051644e-03
8 182 2 1.461390e-03
9 182 2 2.027835e-03
10 182 2 2.487068e-03
11 182 2 2.748721e-03
12 182 2 2.638366e-03
1 183 2 5.288969e-04
2 183 2 5.080941e-04
3 183 2 4.850711e-04
4 183 2 4.398270e-04
5 183 2 3.700628e-04
6 183 2 3.003499e-04
7 183 2 2.794440e-04
8 183 2 3.318291e-04
9 183 2 3.858268e-04
10 183 2 4.564327e-04
11 183 2 4.969165e-04
12 183 2 5.111108e-04
1 184 2 1.655980e-04
2 184 2 1.677935e-04
3 184 2 1.625054e-04
4 184 2 1.462443e-04
5 184 2 1.215798e-04
6 184 2 9.825939e-05
7 184 2 8.860526e-05
8 184 2 9.253953e-05
9 184 2 9.803017e-05
10 184 2 1.125753e-04
11 184 2 1.317207e-04
12 184 2 1.501324e-04
1 188 2 1.040438e-06
2 188 2 1.031367e-06
3 188 2 9.559844e-07
4 188 2 7.806264e-07
5 188 2 5.517155e-07
6 188 2 4.196544e-07
7 188 2 3.611091e-07
8 188 2 3.673299e-07
9 188 2 4.975464e-07
10 188 2 6.538461e-07
11 188 2 7.786658e-07
12 188 2 9.712056e-07
1 189 2 9.074417e-07
2 189 2 8.386592e-07
3 189 2 7.607386e-07
4 189 2 5.622988e-07
5 189 2 3.722922e-07
6 189 2 2.632710e-07
7 189 2 2.503145e-07
8 189 2 3.074691e-07
9 189 2 4.946178e-07
10 189 2 7.042633e-07
11 189 2 8.566190e-07
12 189 2 8.951627e-07
1 190 2 3.714614e-06
2 190 2 3.519665e-06
3 190 2 3.055077e-06
4 190 2 2.163847e-06
5 190 2 1.509716e-06
6 190 2 1.095213e-06
7 190 2 1.029075e-06
8 190 2 1.240547e-06
9 190 2 1.742487e-06
10 190 2 2.375431e-06
11 190 2 3.112573e-06
12 190 2 3.492249e-06
1 191 2 1.472560e-05
2 191 2 1.525961e-05
3 191 2 1.483241e-05
4 191 2 1.225324e-05
5 191 2 1.007607e-05
6 191 2 8.277313e-06
7 191 2 7.277151e-06
8 191 2 7.390580e-06
9 191 2 8.063273e-06
10 191 2 9.050196e-06
11 191 2 1.113079e-05
12 191 2 1.309527e-05
1 192 2 9.862125e-05
2 192 2 1.065822e-04
3 192 2 1.038439e-04
4 192 2 8.991329e-05
5 192 2 7.599029e-05
6 192 2 6.470268e-05
7 192 2 5.686078e-05
8 192 2 5.283702e-05
9 192 2 5.440345e-05
10 192 2 5.974121e-05
11 192 2 7.131556e-05
12 192 2 8.563440e-05
1 200 2 3.835818e-03
2 200 2 3.946103e-03
3 200 2 3.227046e-03
4 200 2 2.133308e-03
5 200 2 1.396357e-03
6 200 2 1.137204e-03
7 200 2 1.080402e-03
8 200 2 1.165122e-03
9 200 2 1.290579e-03
10 200 2 1.650068e-03
11 200 2 2.293013e-03
12 200 2 3.159306e-03
1 201 2 3.133568e-03
2 201 2 3.233193e-03
3 201 2 2.959796e-03
4 201 2 2.278239e-03
5 201 2 1.716871e-03
6 201 2 1.420415e-03
7 201 2 1.342372e-03
8 201 2 1.388561e-03
9 201 2 1.374260e-03
10 201 2 1.635191e-03
11 201 2 2.084430e-03
12 201 2 2.596093e-03
1 206 2 1.652651e-03
2 206 2 1.785079e-03
3 206 2 1.615019e-03
4 206 2 1.378169e-03
5 206 2 1.139738e-03
6 206 2 9.937557e-04
7 206 2 8.523393e-04
8 206 2 8.368893e-04
9 206 2 9.059239e-04
10 206 2 1.025455e-03
11 206 2 1.202069e-03
12 206 2 1.416162e-03
1 207 2 6.243609e-05
2 207 2 6.817237e-05
3 207 2 6.465323e-05
4 207 2 5.862437e-05
5 207 2 5.199117e-05
6 207 2 4.459260e-05
7 207 2 3.930437e-05
8 207 2 3.870479e-05
9 207 2 3.905066e-05
10 207 2 4.301290e-05
11 207 2 4.635515e-05
12 207 2 5.302743e-05
1 212 2 1.465056e-06
2 212 2 1.563857e-06
3 212 2 1.388076e-06
4 212 2 1.166943e-06
5 212 2 9.095395e-07
6 212 2 7.340740e-07
7 212 2 6.093229e-07
8 212 2 5.889051e-07
9 212 2 6.688352e-07
10 212 2 7.891941e-07
11 212 2 9.361217e-07
12 212 2 1.237732e-06
1 213 2 3.188680e-07
2 213 2 3.484987e-07
3 213 2 2.953389e-07
4 213 2 2.499200e-07
5 213 2 1.928466e-07
6 213 2 1.486576e-07
7 213 2 1.261668e-07
8 213 2 1.231693e-07
9 213 2 1.483627e-07
10 213 2 1.828399e-07
11 213 2 2.245251e-07
12 213 2 2.747553e-07
1 214 2 1.133557e-05
2 214 2 1.201713e-05
3 214 2 9.655015e-06
4 214 2 7.171117e-06
5 214 2 5.300771e-06
6 214 2 3.906426e-06
7 214 2 3.383024e-06
8 214 2 3.487642e-06
9 214 2 4.402404e-06
10 214 2 5.902120e-06
11 214 2 8.079461e-06
12 214 2 9.798979e-06
1 215 2 4.197544e-06
2 215 2 4.317733e-06
3 215 2 4.025625e-06
4 215 2 3.208253e-06
5 215 2 2.605920e-06
6 215 2 2.093802e-06
7 215 2 1.809335e-06
8 215 2 1.813784e-06
9 215 2 2.039722e-06
10 215 2 2.426614e-06
11 215 2 3.055441e-06
12 215 2 3.691141e-06
1 216 2 3.606617e-06
2 216 2 3.765573e-06
3 216 2 3.531179e-06
4 216 2 2.870644e-06
5 216 2 2.298646e-06
6 216 2 1.977452e-06
7 216 2 1.737665e-06
8 216 2 1.661530e-06
9 216 2 1.724132e-06
10 216 2 1.959637e-06
11 216 2 2.357112e-06
12 216 2 3.029314e-06
1 224 2 1.120431e-04
2 224 2 1.224897e-04
3 224 2 1.068872e-04
4 224 2 9.204591e-05
5 224 2 7.432879e-05
6 224 2 6.316506e-05
7 224 2 5.738485e-05
8 224 2 5.993782e-05
9 224 2 6.163921e-05
10 224 2 7.270049e-05
11 224 2 8.681874e-05
12 224 2 1.035816e-04
1 240 2 2.228984e-07
2 240 2 2.273549e-07
3 240 2 2.079105e-07
4 240 2 1.836176e-07
5 240 2 1.595873e-07
6 240 2 1.376496e-07
7 240 2 1.348573e-07
8 240 2 1.390301e-07
9 240 2 1.353374e-07
10 240 2 1.457443e-07
11 240 2 1.601371e-07
12 240 2 1.984621e-07
