1 7 2 1.115975e-10
2 7 2 9.533650e-11
3 7 2 1.042643e-10
4 7 2 2.694804e-10
5 7 2 9.272058e-10
6 7 2 2.497314e-09
7 7 2 3.378939e-09
8 7 2 2.303792e-09
9 7 2 9.963128e-10
10 7 2 4.367807e-10
11 7 2 2.314124e-10
12 7 2 1.365182e-10
1 25 2 4.288557e-06
2 25 2 4.071968e-06
3 25 2 5.736729e-06
4 25 2 1.046826e-05
5 25 2 2.928514e-05
6 25 2 5.310488e-05
7 25 2 6.437866e-05
8 25 2 4.936706e-05
9 25 2 2.789500e-05
10 25 2 1.305385e-05
11 25 2 6.224227e-06
12 25 2 3.604430e-06
1 26 2 4.134861e-08
2 26 2 3.403030e-08
3 26 2 5.627188e-08
4 26 2 1.256035e-07
5 26 2 3.538056e-07
6 26 2 6.757587e-07
7 26 2 7.331963e-07
8 26 2 5.485797e-07
9 26 2 3.000443e-07
10 26 2 1.207795e-07
11 26 2 6.310237e-08
12 26 2 3.901300e-08
1 27 2 1.889433e-07
2 27 2 1.668200e-07
3 27 2 2.924346e-07
4 27 2 7.447949e-07
5 27 2 2.097398e-06
6 27 2 4.335577e-06
7 27 2 4.889796e-06
8 27 2 3.680421e-06
9 27 2 1.901912e-06
10 27 2 7.142137e-07
11 27 2 3.785078e-07
12 27 2 2.341331e-07
1 28 2 1.157099e-08
2 28 2 1.052991e-08
3 28 2 1.770949e-08
4 28 2 4.813862e-08
5 28 2 1.374652e-07
6 28 2 2.943107e-07
7 28 2 3.508868e-07
8 28 2 2.643971e-07
9 28 2 1.360115e-07
10 28 2 5.296988e-08
11 28 2 2.644333e-08
12 28 2 1.648595e-08
1 29 2 1.551380e-08
2 29 2 1.467610e-08
3 29 2 2.337976e-08
4 29 2 7.029905e-08
5 29 2 2.102250e-07
6 29 2 5.173829e-07
7 29 2 7.047947e-07
8 29 2 5.243722e-07
9 29 2 2.408178e-07
10 29 2 8.925605e-08
11 29 2 4.219169e-08
12 29 2 2.633790e-08
1 30 2 3.521374e-09
2 30 2 3.079661e-09
3 30 2 4.894659e-09
4 30 2 1.498117e-08
5 30 2 4.150017e-08
6 30 2 1.128643e-07
7 30 2 1.635915e-07
8 30 2 1.252794e-07
9 30 2 5.668461e-08
10 30 2 2.218738e-08
11 30 2 1.023443e-08
12 30 2 6.129382e-09
1 31 2 6.280923e-09
2 31 2 4.839980e-09
3 31 2 7.352518e-09
4 31 2 2.046450e-08
5 31 2 5.284926e-08
6 31 2 1.391494e-07
7 31 2 1.962316e-07
8 31 2 1.583933e-07
9 31 2 7.923885e-08
10 31 2 3.628749e-08
11 31 2 1.742243e-08
12 31 2 9.708583e-09
1 32 2 7.429749e-09
2 32 2 6.150403e-09
3 32 2 8.597202e-09
4 32 2 1.910333e-08
5 32 2 5.102241e-08
6 32 2 1.208621e-07
7 32 2 1.559264e-07
8 32 2 1.288022e-07
9 32 2 7.192464e-08
10 32 2 3.707787e-08
11 32 2 1.916033e-08
12 32 2 9.936742e-09
1 35 2 5.242729e-07
2 35 2 4.995531e-07
3 35 2 5.426625e-07
4 35 2 7.231468e-07
5 35 2 1.133629e-06
6 35 2 1.731299e-06
7 35 2 2.083284e-06
8 35 2 1.913007e-06
9 35 2 1.300153e-06
10 35 2 9.400091e-07
11 35 2 7.120067e-07
12 35 2 5.784409e-07
1 36 2 6.277049e-08
2 36 2 5.892928e-08
3 36 2 6.531106e-08
4 36 2 7.844431e-08
5 36 2 1.072856e-07
6 36 2 1.547684e-07
7 36 2 1.822734e-07
8 36 2 1.856869e-07
9 36 2 1.417403e-07
10 36 2 1.110478e-07
11 36 2 8.499444e-08
12 36 2 7.042510e-08
1 37 2 1.449522e-06
2 37 2 1.402936e-06
3 37 2 1.767764e-06
4 37 2 2.273107e-06
5 37 2 3.436504e-06
6 37 2 5.212204e-06
7 37 2 6.062061e-06
8 37 2 5.959149e-06
9 37 2 4.385379e-06
10 37 2 3.288267e-06
11 37 2 2.317608e-06
12 37 2 1.775485e-06
1 38 2 4.958620e-05
2 38 2 4.954174e-05
3 38 2 7.547031e-05
4 38 2 1.118972e-04
5 38 2 2.042952e-04
6 38 2 3.625063e-04
7 38 2 4.297371e-04
8 38 2 3.727070e-04
9 38 2 2.407402e-04
10 38 2 1.645457e-04
11 38 2 9.402467e-05
12 38 2 6.785183e-05
1 39 2 5.485303e-04
2 39 2 5.714582e-04
3 39 2 9.256443e-04
4 39 2 1.429272e-03
5 39 2 2.773261e-03
6 39 2 5.361412e-03
7 39 2 6.657374e-03
8 39 2 5.389928e-03
9 39 2 3.397337e-03
10 39 2 2.145378e-03
11 39 2 1.085944e-03
12 39 2 7.926604e-04
1 40 2 1.369293e-04
2 40 2 1.502351e-04
3 40 2 2.679422e-04
4 40 2 4.505661e-04
5 40 2 9.849601e-04
6 40 2 2.236293e-03
7 40 2 2.797948e-03
8 40 2 2.052504e-03
9 40 2 1.264322e-03
10 40 2 6.812285e-04
11 40 2 2.918186e-04
12 40 2 2.173957e-04
1 41 2 7.289344e-05
2 41 2 7.792673e-05
3 41 2 1.561626e-04
4 41 2 2.781366e-04
5 41 2 6.976074e-04
6 41 2 1.770250e-03
7 41 2 2.288828e-03
8 41 2 1.605374e-03
9 41 2 8.971572e-04
10 41 2 3.888363e-04
11 41 2 1.493805e-04
12 41 2 1.245067e-04
1 42 2 3.945052e-05
2 42 2 4.126603e-05
3 42 2 8.898962e-05
4 42 2 1.755491e-04
5 42 2 4.990566e-04
6 42 2 1.384234e-03
7 42 2 1.937765e-03
8 42 2 1.294070e-03
9 42 2 6.128098e-04
10 42 2 2.193181e-04
11 42 2 8.176596e-05
12 42 2 6.707707e-05
1 43 2 1.108195e-06
2 43 2 1.149055e-06
3 43 2 2.711173e-06
4 43 2 6.615343e-06
5 43 2 2.214277e-05
6 43 2 6.530247e-05
7 43 2 9.546317e-05
8 43 2 5.992515e-05
9 43 2 2.450451e-05
10 43 2 7.523508e-06
11 43 2 2.565678e-06
12 43 2 1.797790e-06
1 44 2 4.569508e-06
2 44 2 4.591327e-06
3 44 2 9.986842e-06
4 44 2 2.699918e-05
5 44 2 1.008681e-04
6 44 2 3.178688e-04
7 44 2 4.645828e-04
8 44 2 2.801405e-04
9 44 2 1.009864e-04
10 44 2 2.992024e-05
11 44 2 9.819907e-06
12 44 2 6.639360e-06
1 45 2 1.050339e-05
2 45 2 1.177123e-05
3 45 2 2.144923e-05
4 45 2 6.325549e-05
5 45 2 2.649017e-04
6 45 2 8.789713e-04
7 45 2 1.229669e-03
8 45 2 7.487443e-04
9 45 2 2.574763e-04
10 45 2 6.573907e-05
11 45 2 1.905493e-05
12 45 2 1.245336e-05
1 46 2 4.762892e-06
2 46 2 5.991835e-06
3 46 2 9.418711e-06
4 46 2 2.615481e-05
5 46 2 1.027088e-04
6 46 2 3.185913e-04
7 46 2 4.456868e-04
8 46 2 2.792725e-04
9 46 2 1.049027e-04
10 46 2 2.542717e-05
11 46 2 6.990933e-06
12 46 2 4.985512e-06
1 47 2 6.255446e-06
2 47 2 7.960915e-06
3 47 2 1.121818e-05
4 47 2 2.513463e-05
5 47 2 8.567137e-05
6 47 2 2.360245e-04
7 47 2 3.200996e-04
8 47 2 2.170505e-04
9 47 2 9.194920e-05
10 47 2 2.836066e-05
11 47 2 8.367136e-06
12 47 2 6.360135e-06
1 48 2 8.470840e-06
2 48 2 9.730775e-06
3 48 2 1.338414e-05
4 48 2 2.613639e-05
5 48 2 8.110624e-05
6 48 2 1.865583e-04
7 48 2 2.479186e-04
8 48 2 1.744249e-04
9 48 2 8.303331e-05
10 48 2 3.095776e-05
11 48 2 1.114440e-05
12 48 2 7.390291e-06
1 49 2 2.148900e-08
2 49 2 1.955310e-08
3 49 2 2.217895e-08
4 49 2 2.595849e-08
5 49 2 3.712617e-08
6 49 2 5.648532e-08
7 49 2 8.423856e-08
8 49 2 7.921453e-08
9 49 2 5.525123e-08
10 49 2 3.953757e-08
11 49 2 2.886562e-08
12 49 2 2.105742e-08
1 50 2 8.767666e-08
2 50 2 7.568243e-08
3 50 2 8.871150e-08
4 50 2 1.011219e-07
5 50 2 1.423221e-07
6 50 2 2.088556e-07
7 50 2 2.882515e-07
8 50 2 2.772008e-07
9 50 2 2.007186e-07
10 50 2 1.430806e-07
11 50 2 1.071217e-07
12 50 2 8.434667e-08
1 51 2 3.374329e-08
2 51 2 3.079604e-08
3 51 2 3.346330e-08
4 51 2 3.862771e-08
5 51 2 5.265055e-08
6 51 2 7.383821e-08
7 51 2 9.622197e-08
8 51 2 9.542298e-08
9 51 2 7.928251e-08
10 51 2 5.576529e-08
11 51 2 4.179404e-08
12 51 2 3.502468e-08
1 52 2 1.552111e-05
2 52 2 1.631402e-05
3 52 2 2.049412e-05
4 52 2 2.987763e-05
5 52 2 5.052700e-05
6 52 2 6.953647e-05
7 52 2 8.919344e-05
8 52 2 8.342641e-05
9 52 2 6.734489e-05
10 52 2 3.847179e-05
11 52 2 2.315625e-05
12 52 2 1.785700e-05
1 53 2 4.820577e-06
2 53 2 6.048064e-06
3 53 2 1.024670e-05
4 53 2 2.236547e-05
5 53 2 4.259070e-05
6 53 2 6.359876e-05
7 53 2 8.828261e-05
8 53 2 7.522707e-05
9 53 2 5.091426e-05
10 53 2 2.245533e-05
11 53 2 1.001568e-05
12 53 2 6.345343e-06
1 54 2 2.172386e-06
2 54 2 2.818141e-06
3 54 2 5.270038e-06
4 54 2 1.309553e-05
5 54 2 2.579411e-05
6 54 2 4.982245e-05
7 54 2 7.077515e-05
8 54 2 5.934678e-05
9 54 2 3.599289e-05
10 54 2 1.530768e-05
11 54 2 6.561571e-06
12 54 2 3.619491e-06
1 55 2 1.783782e-06
2 55 2 1.989392e-06
3 55 2 3.711157e-06
4 55 2 8.689860e-06
5 55 2 1.724421e-05
6 55 2 3.682670e-05
7 55 2 5.119190e-05
8 55 2 4.414857e-05
9 55 2 2.799616e-05
10 55 2 1.342371e-05
11 55 2 6.280441e-06
12 55 2 3.596199e-06
1 56 2 6.800209e-06
2 56 2 7.057132e-06
3 56 2 1.222314e-05
4 56 2 2.725586e-05
5 56 2 5.957767e-05
6 56 2 1.174407e-04
7 56 2 1.623720e-04
8 56 2 1.347606e-04
9 56 2 8.808270e-05
10 56 2 4.538340e-05
11 56 2 2.046052e-05
12 56 2 1.173431e-05
1 57 2 1.384622e-06
2 57 2 1.321066e-06
3 57 2 1.624836e-06
4 57 2 2.466247e-06
5 57 2 4.126418e-06
6 57 2 6.714197e-06
7 57 2 9.561093e-06
8 57 2 8.616880e-06
9 57 2 6.410965e-06
10 57 2 4.118070e-06
11 57 2 2.518221e-06
12 57 2 1.809732e-06
1 60 2 8.612955e-04
2 60 2 8.340869e-04
3 60 2 9.565321e-04
4 60 2 1.134433e-03
5 60 2 1.398666e-03
6 60 2 1.840635e-03
7 60 2 2.142867e-03
8 60 2 2.143768e-03
9 60 2 1.819296e-03
10 60 2 1.485149e-03
11 60 2 1.187772e-03
12 60 2 9.845415e-04
1 61 2 3.402146e-03
2 61 2 3.422610e-03
3 61 2 4.813843e-03
4 61 2 7.250664e-03
5 61 2 1.057651e-02
6 61 2 1.490058e-02
7 61 2 1.763340e-02
8 61 2 1.696479e-02
9 61 2 1.318209e-02
10 61 2 8.966535e-03
11 61 2 5.849415e-03
12 61 2 4.102730e-03
1 62 2 5.597575e-03
2 62 2 6.130662e-03
3 62 2 9.650782e-03
4 62 2 1.747086e-02
5 62 2 2.996629e-02
6 62 2 4.250957e-02
7 62 2 5.198062e-02
8 62 2 4.852202e-02
9 62 2 3.381123e-02
10 62 2 2.016295e-02
11 62 2 1.094937e-02
12 62 2 7.125539e-03
1 63 2 8.450888e-03
2 63 2 1.025902e-02
3 63 2 1.716603e-02
4 63 2 3.610451e-02
5 63 2 6.929049e-02
6 63 2 1.030114e-01
7 63 2 1.317266e-01
8 63 2 1.146280e-01
9 63 2 7.001118e-02
10 63 2 3.823386e-02
11 63 2 1.766050e-02
12 63 2 1.156131e-02
1 64 2 2.020886e-03
2 64 2 2.588965e-03
3 64 2 4.930015e-03
4 64 2 1.167756e-02
5 64 2 2.500965e-02
6 64 2 4.005974e-02
7 64 2 5.077659e-02
8 64 2 3.969595e-02
9 64 2 2.272931e-02
10 64 2 1.004813e-02
11 64 2 4.591500e-03
12 64 2 3.142229e-03
1 65 2 6.832423e-04
2 65 2 8.472248e-04
3 65 2 1.856110e-03
4 65 2 5.234296e-03
5 65 2 1.097465e-02
6 65 2 1.865183e-02
7 65 2 2.417542e-02
8 65 2 1.804322e-02
9 65 2 1.023355e-02
10 65 2 3.631438e-03
11 65 2 1.598630e-03
12 65 2 1.158525e-03
1 66 2 4.524125e-04
2 66 2 5.593229e-04
3 66 2 1.329671e-03
4 66 2 4.362208e-03
5 66 2 9.070278e-03
6 66 2 1.559675e-02
7 66 2 2.151052e-02
8 66 2 1.626198e-02
9 66 2 9.199135e-03
10 66 2 3.047779e-03
11 66 2 1.167955e-03
12 66 2 7.244594e-04
1 67 2 1.535098e-04
2 67 2 2.046982e-04
3 67 2 5.205490e-04
4 67 2 1.922953e-03
5 67 2 4.363069e-03
6 67 2 7.441246e-03
7 67 2 1.040368e-02
8 67 2 8.006486e-03
9 67 2 4.378991e-03
10 67 2 1.610359e-03
11 67 2 5.092077e-04
12 67 2 2.291917e-04
1 68 2 3.735467e-05
2 68 2 5.015728e-05
3 68 2 1.489643e-04
4 68 2 6.847185e-04
5 68 2 1.865946e-03
6 68 2 3.575730e-03
7 68 2 5.126920e-03
8 68 2 3.813064e-03
9 68 2 1.829927e-03
10 68 2 6.722931e-04
11 68 2 1.533067e-04
12 68 2 5.334539e-05
1 69 2 2.225923e-05
2 69 2 3.155946e-05
3 69 2 7.547229e-05
4 69 2 3.309505e-04
5 69 2 1.061208e-03
6 69 2 2.511469e-03
7 69 2 3.679282e-03
8 69 2 2.832302e-03
9 69 2 1.216739e-03
10 69 2 3.956364e-04
11 69 2 7.666006e-05
12 69 2 2.882916e-05
1 70 2 9.244578e-05
2 70 2 1.080514e-04
3 70 2 1.548346e-04
4 70 2 4.039554e-04
5 70 2 1.012992e-03
6 70 2 2.459833e-03
7 70 2 3.981688e-03
8 70 2 3.628927e-03
9 70 2 1.873735e-03
10 70 2 6.678909e-04
11 70 2 2.031326e-04
12 70 2 1.143489e-04
1 71 2 7.935034e-05
2 71 2 8.052203e-05
3 71 2 9.111680e-05
4 71 2 1.462149e-04
5 71 2 2.831640e-04
6 71 2 5.907066e-04
7 71 2 9.065493e-04
8 71 2 9.013373e-04
9 71 2 5.782895e-04
10 71 2 2.754316e-04
11 71 2 1.315807e-04
12 71 2 9.138723e-05
1 72 2 3.339108e-07
2 72 2 3.189139e-07
3 72 2 3.455102e-07
4 72 2 4.405288e-07
5 72 2 6.854303e-07
6 72 2 1.192672e-06
7 72 2 1.847312e-06
8 72 2 1.776681e-06
9 72 2 1.243025e-06
10 72 2 7.537001e-07
11 72 2 4.643831e-07
12 72 2 3.316306e-07
1 76 2 3.064856e-05
2 76 2 2.804028e-05
3 76 2 2.832249e-05
4 76 2 3.080812e-05
5 76 2 4.188416e-05
6 76 2 5.972415e-05
7 76 2 8.008677e-05
8 76 2 8.546727e-05
9 76 2 8.143368e-05
10 76 2 5.438143e-05
11 76 2 3.510550e-05
12 76 2 3.070281e-05
1 77 2 6.087479e-05
2 77 2 7.904542e-05
3 77 2 1.035448e-04
4 77 2 1.673511e-04
5 77 2 2.809893e-04
6 77 2 4.338182e-04
7 77 2 5.894418e-04
8 77 2 5.594759e-04
9 77 2 4.144360e-04
10 77 2 2.093780e-04
11 77 2 9.187567e-05
12 77 2 5.790877e-05
1 78 2 3.426550e-05
2 78 2 4.681897e-05
3 78 2 6.519822e-05
4 78 2 1.169399e-04
5 78 2 1.828602e-04
6 78 2 2.903185e-04
7 78 2 3.583661e-04
8 78 2 3.355663e-04
9 78 2 2.175776e-04
10 78 2 1.153856e-04
11 78 2 6.231073e-05
12 78 2 3.597409e-05
1 79 2 1.159610e-04
2 79 2 1.422861e-04
3 79 2 2.089171e-04
4 79 2 3.465236e-04
5 79 2 5.264655e-04
6 79 2 8.600711e-04
7 79 2 1.053910e-03
8 79 2 9.983925e-04
9 79 2 6.893960e-04
10 79 2 4.161507e-04
11 79 2 2.371012e-04
12 79 2 1.452438e-04
1 80 2 6.078862e-05
2 80 2 6.090731e-05
3 80 2 7.653384e-05
4 80 2 1.034825e-04
5 80 2 1.543350e-04
6 80 2 2.348152e-04
7 80 2 3.023602e-04
8 80 2 2.993315e-04
9 80 2 2.484397e-04
10 80 2 1.741822e-04
11 80 2 1.016110e-04
12 80 2 7.510741e-05
1 81 2 2.092265e-11
2 81 2 1.896097e-11
3 81 2 1.997105e-11
4 81 2 2.368077e-11
5 81 2 3.410009e-11
6 81 2 4.594889e-11
7 81 2 6.131088e-11
8 81 2 6.578521e-11
9 81 2 5.981929e-11
10 81 2 4.589893e-11
11 81 2 3.034095e-11
12 81 2 2.484002e-11
1 84 2 2.732569e-03
2 84 2 2.889013e-03
3 84 2 3.573131e-03
4 84 2 4.515320e-03
5 84 2 6.053682e-03
6 84 2 9.919397e-03
7 84 2 1.328528e-02
8 84 2 1.273060e-02
9 84 2 9.552363e-03
10 84 2 6.028500e-03
11 84 2 4.049807e-03
12 84 2 3.093615e-03
1 85 2 2.199025e-03
2 85 2 2.476275e-03
3 85 2 3.219557e-03
4 85 2 4.677717e-03
5 85 2 7.488005e-03
6 85 2 1.143910e-02
7 85 2 1.582706e-02
8 85 2 1.505642e-02
9 85 2 1.084164e-02
10 85 2 5.980315e-03
11 85 2 3.372646e-03
12 85 2 2.447195e-03
1 86 2 7.049219e-04
2 86 2 7.981190e-04
3 86 2 1.019937e-03
4 86 2 1.481484e-03
5 86 2 2.381038e-03
6 86 2 3.454834e-03
7 86 2 4.746025e-03
8 86 2 4.761550e-03
9 86 2 3.524454e-03
10 86 2 2.043792e-03
11 86 2 1.125821e-03
12 86 2 8.046167e-04
1 87 2 1.933811e-03
2 87 2 2.616224e-03
3 87 2 3.735489e-03
4 87 2 5.904956e-03
5 87 2 1.035946e-02
6 87 2 1.557158e-02
7 87 2 2.111025e-02
8 87 2 2.151064e-02
9 87 2 1.559531e-02
10 87 2 8.780574e-03
11 87 2 3.857952e-03
12 87 2 2.345049e-03
1 88 2 7.940983e-04
2 88 2 1.127684e-03
3 88 2 1.768374e-03
4 88 2 3.355301e-03
5 88 2 6.886066e-03
6 88 2 1.082301e-02
7 88 2 1.386036e-02
8 88 2 1.215662e-02
9 88 2 7.855613e-03
10 88 2 3.712416e-03
11 88 2 1.903241e-03
12 88 2 1.057180e-03
1 89 2 1.337007e-03
2 89 2 1.860272e-03
3 89 2 3.530738e-03
4 89 2 6.640716e-03
5 89 2 1.325231e-02
6 89 2 1.979742e-02
7 89 2 2.309496e-02
8 89 2 2.022568e-02
9 89 2 1.319939e-02
10 89 2 6.281198e-03
11 89 2 3.456230e-03
12 89 2 1.913038e-03
1 90 2 2.365776e-04
2 90 2 3.118014e-04
3 90 2 6.187365e-04
4 90 2 1.110500e-03
5 90 2 1.705108e-03
6 90 2 2.256997e-03
7 90 2 2.534747e-03
8 90 2 2.345343e-03
9 90 2 1.709185e-03
10 90 2 1.019456e-03
11 90 2 5.620807e-04
12 90 2 3.199802e-04
1 91 2 3.963117e-07
2 91 2 5.607636e-07
3 91 2 1.171559e-06
4 91 2 2.213879e-06
5 91 2 3.267340e-06
6 91 2 4.153093e-06
7 91 2 4.663319e-06
8 91 2 4.276711e-06
9 91 2 3.075044e-06
10 91 2 1.903460e-06
11 91 2 9.865237e-07
12 91 2 5.064384e-07
1 92 2 9.598429e-07
2 92 2 1.371077e-06
3 92 2 3.436945e-06
4 92 2 8.199754e-06
5 92 2 1.546354e-05
6 92 2 2.369559e-05
7 92 2 2.844337e-05
8 92 2 2.588802e-05
9 92 2 1.619580e-05
10 92 2 8.607547e-06
11 92 2 3.375886e-06
12 92 2 1.449185e-06
1 93 2 4.173961e-04
2 93 2 5.036257e-04
3 93 2 1.035481e-03
4 93 2 2.413304e-03
5 93 2 4.305199e-03
6 93 2 6.832048e-03
7 93 2 9.164835e-03
8 93 2 9.009814e-03
9 93 2 6.060045e-03
10 93 2 3.489850e-03
11 93 2 1.494544e-03
12 93 2 6.225074e-04
1 94 2 4.703906e-05
2 94 2 4.680192e-05
3 94 2 6.249188e-05
4 94 2 1.107471e-04
5 94 2 1.890386e-04
6 94 2 2.976644e-04
7 94 2 4.112222e-04
8 94 2 4.481412e-04
9 94 2 3.691407e-04
10 94 2 2.228126e-04
11 94 2 1.195891e-04
12 94 2 6.534060e-05
1 98 2 3.882392e-06
2 98 2 3.613992e-06
3 98 2 3.403134e-06
4 98 2 3.623357e-06
5 98 2 4.112262e-06
6 98 2 4.705643e-06
7 98 2 5.292882e-06
8 98 2 5.578440e-06
9 98 2 5.504672e-06
10 98 2 5.203385e-06
11 98 2 4.680408e-06
12 98 2 4.259221e-06
1 101 2 2.273748e-04
2 101 2 2.336353e-04
3 101 2 2.394157e-04
4 101 2 2.952359e-04
5 101 2 3.796792e-04
6 101 2 4.433150e-04
7 101 2 4.732135e-04
8 101 2 4.741765e-04
9 101 2 4.558574e-04
10 101 2 3.908510e-04
11 101 2 3.005537e-04
12 101 2 2.410656e-04
1 102 2 1.201492e-03
2 102 2 1.358121e-03
3 102 2 1.669156e-03
4 102 2 2.087779e-03
5 102 2 2.416054e-03
6 102 2 2.637556e-03
7 102 2 2.711829e-03
8 102 2 2.746095e-03
9 102 2 2.474998e-03
10 102 2 1.906741e-03
11 102 2 1.530399e-03
12 102 2 1.254352e-03
1 103 2 3.805662e-04
2 103 2 3.883710e-04
3 103 2 4.232757e-04
4 103 2 4.782855e-04
5 103 2 5.570016e-04
6 103 2 6.374170e-04
7 103 2 6.896042e-04
8 103 2 7.237243e-04
9 103 2 7.098238e-04
10 103 2 6.203244e-04
11 103 2 5.103142e-04
12 103 2 4.243094e-04
1 104 2 3.819602e-04
2 104 2 3.665194e-04
3 104 2 3.705019e-04
4 104 2 4.062018e-04
5 104 2 4.749764e-04
6 104 2 5.450584e-04
7 104 2 6.117330e-04
8 104 2 6.608208e-04
9 104 2 6.661399e-04
10 104 2 6.223065e-04
11 104 2 5.119032e-04
12 104 2 4.238552e-04
1 107 2 1.453756e-04
2 107 2 1.533687e-04
3 107 2 1.790634e-04
4 107 2 2.051869e-04
5 107 2 2.301042e-04
6 107 2 2.945887e-04
7 107 2 3.219979e-04
8 107 2 3.206951e-04
9 107 2 3.002186e-04
10 107 2 2.567926e-04
11 107 2 2.041407e-04
12 107 2 1.596457e-04
1 108 2 1.850125e-05
2 108 2 2.364462e-05
3 108 2 3.434634e-05
4 108 2 5.319498e-05
5 108 2 8.257280e-05
6 108 2 1.133338e-04
7 108 2 1.213204e-04
8 108 2 1.072217e-04
9 108 2 8.675924e-05
10 108 2 5.985787e-05
11 108 2 3.117987e-05
12 108 2 1.984903e-05
1 109 2 3.511716e-05
2 109 2 4.638465e-05
3 109 2 7.254859e-05
4 109 2 1.259019e-04
5 109 2 2.145095e-04
6 109 2 2.704001e-04
7 109 2 2.747510e-04
8 109 2 2.525733e-04
9 109 2 2.028236e-04
10 109 2 1.423140e-04
11 109 2 6.329775e-05
12 109 2 3.697620e-05
1 110 2 1.546728e-05
2 110 2 1.970235e-05
3 110 2 3.164298e-05
4 110 2 4.898210e-05
5 110 2 7.596926e-05
6 110 2 8.797606e-05
7 110 2 9.458275e-05
8 110 2 9.354161e-05
9 110 2 7.875985e-05
10 110 2 5.742092e-05
11 110 2 2.777477e-05
12 110 2 1.634853e-05
1 111 2 5.307664e-04
2 111 2 6.638340e-04
3 111 2 1.074733e-03
4 111 2 1.628847e-03
5 111 2 2.461764e-03
6 111 2 3.157160e-03
7 111 2 3.337355e-03
8 111 2 3.305521e-03
9 111 2 2.814940e-03
10 111 2 1.832390e-03
11 111 2 9.870952e-04
12 111 2 6.029358e-04
1 112 2 6.113685e-04
2 112 2 7.882849e-04
3 112 2 1.382876e-03
4 112 2 2.299642e-03
5 112 2 3.496994e-03
6 112 2 4.261500e-03
7 112 2 4.340223e-03
8 112 2 4.045537e-03
9 112 2 3.088322e-03
10 112 2 2.050255e-03
11 112 2 1.176632e-03
12 112 2 7.232639e-04
1 113 2 3.505320e-04
2 113 2 4.440915e-04
3 113 2 7.460763e-04
4 113 2 1.115689e-03
5 113 2 1.372962e-03
6 113 2 1.198799e-03
7 113 2 1.028641e-03
8 113 2 9.824355e-04
9 113 2 9.716750e-04
10 113 2 8.872320e-04
11 113 2 6.205632e-04
12 113 2 4.191346e-04
1 114 2 9.556870e-04
2 114 2 1.295960e-03
3 114 2 2.308974e-03
4 114 2 3.365755e-03
5 114 2 3.883092e-03
6 114 2 2.842642e-03
7 114 2 2.347830e-03
8 114 2 2.152071e-03
9 114 2 2.076825e-03
10 114 2 1.858796e-03
11 114 2 1.417001e-03
12 114 2 1.049625e-03
1 115 2 3.186903e-04
2 115 2 4.636659e-04
3 115 2 7.349859e-04
4 115 2 9.110793e-04
5 115 2 8.136370e-04
6 115 2 7.554352e-04
7 115 2 7.286032e-04
8 115 2 6.990432e-04
9 115 2 6.429112e-04
10 115 2 5.745396e-04
11 115 2 4.364448e-04
12 115 2 3.131163e-04
1 116 2 2.036860e-04
2 116 2 2.607430e-04
3 116 2 3.987382e-04
4 116 2 5.643993e-04
5 116 2 6.564320e-04
6 116 2 7.475095e-04
7 116 2 7.836764e-04
8 116 2 7.501522e-04
9 116 2 6.077068e-04
10 116 2 4.858480e-04
11 116 2 3.529591e-04
12 116 2 2.325143e-04
1 117 2 3.868763e-05
2 117 2 4.039955e-05
3 117 2 5.102092e-05
4 117 2 6.984107e-05
5 117 2 8.893694e-05
6 117 2 1.053706e-04
7 117 2 1.121780e-04
8 117 2 1.120309e-04
9 117 2 1.022214e-04
10 117 2 8.750769e-05
11 117 2 7.064164e-05
12 117 2 5.103062e-05
1 126 2 4.180069e-06
2 126 2 4.344753e-06
3 126 2 4.709119e-06
4 126 2 4.972543e-06
5 126 2 4.912918e-06
6 126 2 4.566006e-06
7 126 2 4.401365e-06
8 126 2 4.444366e-06
9 126 2 4.420838e-06
10 126 2 4.344180e-06
11 126 2 4.244804e-06
12 126 2 4.180534e-06
1 127 2 4.219806e-04
2 127 2 4.291629e-04
3 127 2 4.529723e-04
4 127 2 4.702815e-04
5 127 2 4.766884e-04
6 127 2 4.617331e-04
7 127 2 4.618605e-04
8 127 2 4.724595e-04
9 127 2 4.674231e-04
10 127 2 4.486897e-04
11 127 2 4.348360e-04
12 127 2 4.294535e-04
1 128 2 1.914136e-03
2 128 2 1.965800e-03
3 128 2 2.018019e-03
4 128 2 1.969929e-03
5 128 2 1.916255e-03
6 128 2 1.858693e-03
7 128 2 1.981024e-03
8 128 2 2.252432e-03
9 128 2 2.368412e-03
10 128 2 2.237077e-03
11 128 2 2.034294e-03
12 128 2 1.916710e-03
1 129 2 5.455814e-05
2 129 2 5.380905e-05
3 129 2 5.516617e-05
4 129 2 5.676599e-05
5 129 2 5.764188e-05
6 129 2 5.920123e-05
7 129 2 6.185944e-05
8 129 2 6.742668e-05
9 129 2 7.044668e-05
10 129 2 7.075704e-05
11 129 2 6.460360e-05
12 129 2 5.739243e-05
1 133 2 1.171976e-03
2 133 2 1.362596e-03
3 133 2 1.635723e-03
4 133 2 1.679455e-03
5 133 2 1.602028e-03
6 133 2 1.472480e-03
7 133 2 1.314202e-03
8 133 2 1.230601e-03
9 133 2 1.283243e-03
10 133 2 1.366703e-03
11 133 2 1.303857e-03
12 133 2 1.140875e-03
1 135 2 5.068104e-05
2 135 2 5.709979e-05
3 135 2 6.790471e-05
4 135 2 7.313021e-05
5 135 2 7.027112e-05
6 135 2 6.268903e-05
7 135 2 5.415711e-05
8 135 2 5.469910e-05
9 135 2 5.812405e-05
10 135 2 5.466229e-05
11 135 2 5.239332e-05
12 135 2 4.921637e-05
1 136 2 5.666389e-05
2 136 2 5.831861e-05
3 136 2 7.212184e-05
4 136 2 8.767821e-05
5 136 2 9.601157e-05
6 136 2 8.759918e-05
7 136 2 7.751504e-05
8 136 2 7.733725e-05
9 136 2 7.773698e-05
10 136 2 7.312702e-05
11 136 2 6.914122e-05
12 136 2 6.139826e-05
1 137 2 1.381055e-05
2 137 2 1.448869e-05
3 137 2 1.661158e-05
4 137 2 1.825369e-05
5 137 2 1.801749e-05
6 137 2 1.657790e-05
7 137 2 1.533632e-05
8 137 2 1.479802e-05
9 137 2 1.480732e-05
10 137 2 1.542581e-05
11 137 2 1.525131e-05
12 137 2 1.438062e-05
1 138 2 5.512577e-04
2 138 2 6.061957e-04
3 138 2 7.032766e-04
4 138 2 7.827031e-04
5 138 2 7.896994e-04
6 138 2 6.940664e-04
7 138 2 6.429860e-04
8 138 2 6.200803e-04
9 138 2 6.217722e-04
10 138 2 6.253953e-04
11 138 2 6.066453e-04
12 138 2 5.626128e-04
1 139 2 9.305542e-04
2 139 2 1.059729e-03
3 139 2 1.184143e-03
4 139 2 1.242843e-03
5 139 2 1.225328e-03
6 139 2 1.141113e-03
7 139 2 1.079666e-03
8 139 2 1.039356e-03
9 139 2 1.025885e-03
10 139 2 1.033849e-03
11 139 2 9.837863e-04
12 139 2 9.005250e-04
1 140 2 3.084074e-04
2 140 2 3.189047e-04
3 140 2 3.463552e-04
4 140 2 3.924148e-04
5 140 2 4.166883e-04
6 140 2 4.002299e-04
7 140 2 3.789527e-04
8 140 2 3.654966e-04
9 140 2 3.601683e-04
10 140 2 3.621589e-04
11 140 2 3.545098e-04
12 140 2 3.305114e-04
1 141 2 4.837219e-04
2 141 2 4.787168e-04
3 141 2 4.924285e-04
4 141 2 5.404362e-04
5 141 2 5.832023e-04
6 141 2 5.766918e-04
7 141 2 5.610974e-04
8 141 2 5.440938e-04
9 141 2 5.394826e-04
10 141 2 5.407510e-04
11 141 2 5.461483e-04
12 141 2 5.302674e-04
1 150 2 5.593006e-07
2 150 2 6.122425e-07
3 150 2 6.553360e-07
4 150 2 6.701346e-07
5 150 2 6.270417e-07
6 150 2 5.530226e-07
7 150 2 5.045109e-07
8 150 2 4.923280e-07
9 150 2 4.764112e-07
10 150 2 4.655721e-07
11 150 2 4.746239e-07
12 150 2 5.049862e-07
1 151 2 3.627790e-04
2 151 2 3.858577e-04
3 151 2 4.091236e-04
4 151 2 4.187706e-04
5 151 2 4.051897e-04
6 151 2 3.814090e-04
7 151 2 3.729815e-04
8 151 2 3.873815e-04
9 151 2 3.688216e-04
10 151 2 3.461010e-04
11 151 2 3.359524e-04
12 151 2 3.443335e-04
1 152 2 2.876803e-04
2 152 2 2.913990e-04
3 152 2 2.940965e-04
4 152 2 2.794677e-04
5 152 2 2.686433e-04
6 152 2 2.638455e-04
7 152 2 3.016459e-04
8 152 2 4.022085e-04
9 152 2 4.269883e-04
10 152 2 3.639261e-04
11 152 2 3.120817e-04
12 152 2 2.886115e-04
1 153 2 3.334640e-04
2 153 2 3.415527e-04
3 153 2 3.603616e-04
4 153 2 3.534672e-04
5 153 2 3.413439e-04
6 153 2 3.351312e-04
7 153 2 3.912046e-04
8 153 2 5.112339e-04
9 153 2 6.218030e-04
10 153 2 5.557642e-04
11 153 2 4.204071e-04
12 153 2 3.507728e-04
1 154 2 9.069296e-04
2 154 2 9.020088e-04
3 154 2 9.386560e-04
4 154 2 8.994066e-04
5 154 2 8.410271e-04
6 154 2 7.565137e-04
7 154 2 7.143477e-04
8 154 2 7.441587e-04
9 154 2 8.390291e-04
10 154 2 9.429188e-04
11 154 2 9.937313e-04
12 154 2 9.608908e-04
1 157 2 3.614271e-05
2 157 2 3.753059e-05
3 157 2 4.018188e-05
4 157 2 3.961583e-05
5 157 2 3.861404e-05
6 157 2 3.630384e-05
7 157 2 3.463904e-05
8 157 2 3.428988e-05
9 157 2 3.404204e-05
10 157 2 3.463561e-05
11 157 2 3.488392e-05
12 157 2 3.533916e-05
1 163 2 1.681763e-04
2 163 2 1.704297e-04
3 163 2 1.754871e-04
4 163 2 1.860175e-04
5 163 2 1.861991e-04
6 163 2 1.721483e-04
7 163 2 1.591506e-04
8 163 2 1.494455e-04
9 163 2 1.515855e-04
10 163 2 1.603716e-04
11 163 2 1.666408e-04
12 163 2 1.679465e-04
1 164 2 6.364461e-04
2 164 2 6.310043e-04
3 164 2 6.485694e-04
4 164 2 6.788259e-04
5 164 2 6.708408e-04
6 164 2 6.204760e-04
7 164 2 5.743053e-04
8 164 2 5.609905e-04
9 164 2 6.007065e-04
10 164 2 6.581006e-04
11 164 2 6.713912e-04
12 164 2 6.602110e-04
1 165 2 2.760592e-04
2 165 2 2.705575e-04
3 165 2 2.739588e-04
4 165 2 2.800184e-04
5 165 2 2.769449e-04
6 165 2 2.548286e-04
7 165 2 2.402685e-04
8 165 2 2.431953e-04
9 165 2 2.592199e-04
10 165 2 2.771622e-04
11 165 2 2.915631e-04
12 165 2 2.919066e-04
1 166 2 1.204293e-04
2 166 2 1.192270e-04
3 166 2 1.172572e-04
4 166 2 1.167071e-04
5 166 2 1.128857e-04
6 166 2 1.044005e-04
7 166 2 9.858563e-05
8 166 2 9.932114e-05
9 166 2 1.030383e-04
10 166 2 1.083888e-04
11 166 2 1.168590e-04
12 166 2 1.227470e-04
1 170 2 5.561240e-06
2 170 2 6.116263e-06
3 170 2 6.009195e-06
4 170 2 5.462037e-06
5 170 2 4.551508e-06
6 170 2 3.827023e-06
7 170 2 3.619765e-06
8 170 2 3.455710e-06
9 170 2 3.513832e-06
10 170 2 3.912627e-06
11 170 2 4.316856e-06
12 170 2 4.971127e-06
1 171 2 2.000075e-05
2 171 2 2.195508e-05
3 171 2 2.222087e-05
4 171 2 1.976955e-05
5 171 2 1.644604e-05
6 171 2 1.409348e-05
7 171 2 1.279536e-05
8 171 2 1.212401e-05
9 171 2 1.230066e-05
10 171 2 1.337968e-05
11 171 2 1.527078e-05
12 171 2 1.804095e-05
1 175 2 5.757635e-07
2 175 2 6.087162e-07
3 175 2 6.104623e-07
4 175 2 5.717706e-07
5 175 2 4.967786e-07
6 175 2 4.526912e-07
7 175 2 4.432983e-07
8 175 2 4.395555e-07
9 175 2 4.088345e-07
10 175 2 4.132738e-07
11 175 2 4.320740e-07
12 175 2 5.040167e-07
1 176 2 3.526209e-04
2 176 2 3.552647e-04
3 176 2 3.478030e-04
4 176 2 3.071856e-04
5 176 2 2.484995e-04
6 176 2 2.251871e-04
7 176 2 2.247764e-04
8 176 2 2.564400e-04
9 176 2 2.792897e-04
10 176 2 2.980702e-04
11 176 2 3.181677e-04
12 176 2 3.379722e-04
1 177 2 1.824067e-03
2 177 2 1.772495e-03
3 177 2 1.673566e-03
4 177 2 1.463422e-03
5 177 2 1.196680e-03
6 177 2 1.021864e-03
7 177 2 1.063234e-03
8 177 2 1.273949e-03
9 177 2 1.601155e-03
10 177 2 1.665140e-03
11 177 2 1.698915e-03
12 177 2 1.702386e-03
1 178 2 6.646482e-04
2 178 2 6.568802e-04
3 178 2 6.296677e-04
4 178 2 5.277627e-04
5 178 2 4.595255e-04
6 178 2 3.884013e-04
7 178 2 3.699276e-04
8 178 2 3.726502e-04
9 178 2 4.249982e-04
10 178 2 4.572859e-04
11 178 2 5.164785e-04
12 178 2 5.733997e-04
1 181 2 8.122258e-06
2 181 2 8.578897e-06
3 181 2 8.697037e-06
4 181 2 8.315531e-06
5 181 2 6.857721e-06
6 181 2 5.929849e-06
7 181 2 5.243208e-06
8 181 2 5.365995e-06
9 181 2 5.813512e-06
10 181 2 6.294948e-06
11 181 2 7.129111e-06
12 181 2 7.590440e-06
1 182 2 9.692251e-04
2 182 2 8.958628e-04
3 182 2 8.447585e-04
4 182 2 7.056583e-04
5 182 2 5.525933e-04
6 182 2 4.133067e-04
7 182 2 4.097927e-04
8 182 2 5.694578e-04
9 182 2 7.901839e-04
10 182 2 9.691324e-04
11 182 2 1.071091e-03
12 182 2 1.028089e-03
1 183 2 2.061951e-04
2 183 2 1.980850e-04
3 183 2 1.891093e-04
4 183 2 1.714704e-04
5 183 2 1.442722e-04
6 183 2 1.170940e-04
7 183 2 1.089437e-04
8 183 2 1.293665e-04
9 183 2 1.504180e-04
10 183 2 1.779443e-04
11 183 2 1.937273e-04
12 183 2 1.992610e-04
1 184 2 6.435781e-05
2 184 2 6.521105e-05
3 184 2 6.315588e-05
4 184 2 5.683620e-05
5 184 2 4.725061e-05
6 184 2 3.818740e-05
7 184 2 3.443543e-05
8 184 2 3.596445e-05
9 184 2 3.809832e-05
10 184 2 4.375112e-05
11 184 2 5.119175e-05
12 184 2 5.834727e-05
1 188 2 7.166798e-07
2 188 2 7.104312e-07
3 188 2 6.585060e-07
4 188 2 5.377151e-07
5 188 2 3.800355e-07
6 188 2 2.890684e-07
7 188 2 2.487410e-07
8 188 2 2.530261e-07
9 188 2 3.427224e-07
10 188 2 4.503856e-07
11 188 2 5.363645e-07
12 188 2 6.689908e-07
1 189 2 6.248883e-07
2 189 2 5.775228e-07
3 189 2 5.238646e-07
4 189 2 3.872138e-07
5 189 2 2.563702e-07
6 189 2 1.812954e-07
7 189 2 1.723732e-07
8 189 2 2.117313e-07
9 189 2 3.406068e-07
10 189 2 4.849743e-07
11 189 2 5.898905e-07
12 189 2 6.164327e-07
1 190 2 2.558632e-06
2 190 2 2.424351e-06
3 190 2 2.104342e-06
4 190 2 1.490462e-06
5 190 2 1.039895e-06
6 190 2 7.543843e-07
7 190 2 7.088287e-07
8 190 2 8.544909e-07
9 190 2 1.200228e-06
10 190 2 1.636201e-06
11 190 2 2.143945e-06
12 190 2 2.405467e-06
1 191 2 6.448262e-06
2 191 2 6.682103e-06
3 191 2 6.495036e-06
4 191 2 5.365629e-06
5 191 2 4.412257e-06
6 191 2 3.624592e-06
7 191 2 3.186626e-06
8 191 2 3.236296e-06
9 191 2 3.530865e-06
10 191 2 3.963033e-06
11 191 2 4.874115e-06
12 191 2 5.734352e-06
1 192 2 3.848309e-05
2 192 2 4.158952e-05
3 192 2 4.052103e-05
4 192 2 3.508515e-05
5 192 2 2.965224e-05
6 192 2 2.524769e-05
7 192 2 2.218770e-05
8 192 2 2.061758e-05
9 192 2 2.122882e-05
10 192 2 2.331167e-05
11 192 2 2.782811e-05
12 192 2 3.341548e-05
1 200 2 1.379815e-03
2 200 2 1.419487e-03
3 200 2 1.160829e-03
4 200 2 7.673907e-04
5 200 2 5.022956e-04
6 200 2 4.090733e-04
7 200 2 3.886409e-04
8 200 2 4.191162e-04
9 200 2 4.642453e-04
10 200 2 5.935603e-04
11 200 2 8.248396e-04
12 200 2 1.136461e-03
1 201 2 1.218079e-03
2 201 2 1.256805e-03
3 201 2 1.150530e-03
4 201 2 8.855960e-04
5 201 2 6.673812e-04
6 201 2 5.521429e-04
7 201 2 5.218060e-04
8 201 2 5.397608e-04
9 201 2 5.342017e-04
10 201 2 6.356308e-04
11 201 2 8.102585e-04
12 201 2 1.009152e-03
1 206 2 6.438850e-04
2 206 2 6.954797e-04
3 206 2 6.292230e-04
4 206 2 5.369447e-04
5 206 2 4.440504e-04
6 206 2 3.871745e-04
7 206 2 3.320776e-04
8 206 2 3.260582e-04
9 206 2 3.529546e-04
10 206 2 3.995246e-04
11 206 2 4.683351e-04
12 206 2 5.517473e-04
1 207 2 2.444193e-05
2 207 2 2.668752e-05
3 207 2 2.530988e-05
4 207 2 2.294975e-05
5 207 2 2.035305e-05
6 207 2 1.745672e-05
7 207 2 1.538653e-05
8 207 2 1.515181e-05
9 207 2 1.528721e-05
10 207 2 1.683831e-05
11 207 2 1.814671e-05
12 207 2 2.075871e-05
1 212 2 1.009037e-06
2 212 2 1.077085e-06
3 212 2 9.560184e-07
4 212 2 8.037158e-07
5 212 2 6.264328e-07
6 212 2 5.055834e-07
7 212 2 4.196628e-07
8 212 2 4.056003e-07
9 212 2 4.606510e-07
10 212 2 5.435466e-07
11 212 2 6.447410e-07
12 212 2 8.524707e-07
1 213 2 2.197304e-07
2 213 2 2.401488e-07
3 213 2 2.035167e-07
4 213 2 1.722187e-07
5 213 2 1.328897e-07
6 213 2 1.024393e-07
7 213 2 8.694093e-08
8 213 2 8.487541e-08
9 213 2 1.022360e-07
10 213 2 1.259941e-07
11 213 2 1.547192e-07
12 213 2 1.893326e-07
1 214 2 7.807841e-06
2 214 2 8.277291e-06
3 214 2 6.650289e-06
4 214 2 4.939401e-06
5 214 2 3.651124e-06
6 214 2 2.690711e-06
7 214 2 2.330197e-06
8 214 2 2.402257e-06
9 214 2 3.032336e-06
10 214 2 4.065327e-06
11 214 2 5.565060e-06
12 214 2 6.749449e-06
1 215 2 2.894203e-06
2 215 2 2.977074e-06
3 215 2 2.775666e-06
4 215 2 2.212088e-06
5 215 2 1.796780e-06
6 215 2 1.443675e-06
7 215 2 1.247535e-06
8 215 2 1.250603e-06
9 215 2 1.406387e-06
10 215 2 1.673148e-06
11 215 2 2.106724e-06
12 215 2 2.545039e-06
1 216 2 2.376210e-06
2 216 2 2.480937e-06
3 216 2 2.326508e-06
4 216 2 1.891316e-06
5 216 2 1.514457e-06
6 216 2 1.302839e-06
7 216 2 1.144856e-06
8 216 2 1.094694e-06
9 216 2 1.135939e-06
10 216 2 1.291102e-06
11 216 2 1.552977e-06
12 216 2 1.995856e-06
1 224 2 4.029124e-05
2 224 2 4.404786e-05
3 224 2 3.843713e-05
4 224 2 3.310014e-05
5 224 2 2.672898e-05
6 224 2 2.271445e-05
7 224 2 2.063586e-05
8 224 2 2.155392e-05
9 224 2 2.216575e-05
10 224 2 2.614343e-05
11 224 2 3.122042e-05
12 224 2 3.724842e-05
1 240 2 1.467583e-07
2 240 2 1.496925e-07
3 240 2 1.368901e-07
4 240 2 1.208955e-07
5 240 2 1.050737e-07
6 240 2 9.062973e-08
7 240 2 8.879125e-08
8 240 2 9.153863e-08
9 240 2 8.910736e-08
10 240 2 9.595932e-08
11 240 2 1.054357e-07
12 240 2 1.306692e-07
