1 7 2 1.007477e-10
2 7 2 8.606768e-11
3 7 2 9.412750e-11
4 7 2 2.432810e-10
5 7 2 8.370608e-10
6 7 2 2.254519e-09
7 7 2 3.050431e-09
8 7 2 2.079813e-09
9 7 2 8.994491e-10
10 7 2 3.943159e-10
11 7 2 2.089140e-10
12 7 2 1.232456e-10
1 25 2 3.517876e-06
2 25 2 3.340209e-06
3 25 2 4.705803e-06
4 25 2 8.587045e-06
5 25 2 2.402242e-05
6 25 2 4.356159e-05
7 25 2 5.280941e-05
8 25 2 4.049548e-05
9 25 2 2.288209e-05
10 25 2 1.070799e-05
11 25 2 5.105694e-06
12 25 2 2.956691e-06
1 26 2 3.430042e-08
2 26 2 2.822957e-08
3 26 2 4.667990e-08
4 26 2 1.041934e-07
5 26 2 2.934967e-07
6 26 2 5.605704e-07
7 26 2 6.082173e-07
8 26 2 4.550701e-07
9 26 2 2.488994e-07
10 26 2 1.001917e-07
11 26 2 5.234608e-08
12 26 2 3.236293e-08
1 27 2 1.581671e-07
2 27 2 1.396473e-07
3 27 2 2.448010e-07
4 27 2 6.234782e-07
5 27 2 1.755761e-06
6 27 2 3.629372e-06
7 27 2 4.093317e-06
8 27 2 3.080932e-06
9 27 2 1.592117e-06
10 27 2 5.978783e-07
11 27 2 3.168541e-07
12 27 2 1.959961e-07
1 28 2 1.046612e-08
2 28 2 9.524452e-09
3 28 2 1.601848e-08
4 28 2 4.354204e-08
5 28 2 1.243391e-07
6 28 2 2.662081e-07
7 28 2 3.173819e-07
8 28 2 2.391508e-07
9 28 2 1.230243e-07
10 28 2 4.791199e-08
11 28 2 2.391836e-08
12 28 2 1.491177e-08
1 29 2 1.403466e-08
2 29 2 1.327683e-08
3 29 2 2.115065e-08
4 29 2 6.359649e-08
5 29 2 1.901815e-07
6 29 2 4.680538e-07
7 29 2 6.375971e-07
8 29 2 4.743768e-07
9 29 2 2.178574e-07
10 29 2 8.074608e-08
11 29 2 3.816899e-08
12 29 2 2.382676e-08
1 30 2 3.181109e-09
2 30 2 2.782078e-09
3 30 2 4.421696e-09
4 30 2 1.353356e-08
5 30 2 3.749007e-08
6 30 2 1.019584e-07
7 30 2 1.477839e-07
8 30 2 1.131738e-07
9 30 2 5.120726e-08
10 30 2 2.004345e-08
11 30 2 9.245491e-09
12 30 2 5.537109e-09
1 31 2 5.679485e-09
2 31 2 4.376521e-09
3 31 2 6.648467e-09
4 31 2 1.850489e-08
5 31 2 4.778861e-08
6 31 2 1.258250e-07
7 31 2 1.774412e-07
8 31 2 1.432261e-07
9 31 2 7.165122e-08
10 31 2 3.281273e-08
11 31 2 1.575412e-08
12 31 2 8.778925e-09
1 32 2 6.714059e-09
2 32 2 5.557949e-09
3 32 2 7.769053e-09
4 32 2 1.726315e-08
5 32 2 4.610754e-08
6 32 2 1.092197e-07
7 32 2 1.409064e-07
8 32 2 1.163950e-07
9 32 2 6.499630e-08
10 32 2 3.350624e-08
11 32 2 1.731466e-08
12 32 2 8.979559e-09
1 35 2 4.734992e-07
2 35 2 4.511735e-07
3 35 2 4.901079e-07
4 35 2 6.531130e-07
5 35 2 1.023842e-06
6 35 2 1.563630e-06
7 35 2 1.881527e-06
8 35 2 1.727740e-06
9 35 2 1.174239e-06
10 35 2 8.489730e-07
11 35 2 6.430517e-07
12 35 2 5.224213e-07
1 36 2 5.675210e-08
2 36 2 5.327918e-08
3 36 2 5.904909e-08
4 36 2 7.092313e-08
5 36 2 9.699915e-08
6 36 2 1.399293e-07
7 36 2 1.647972e-07
8 36 2 1.678834e-07
9 36 2 1.281504e-07
10 36 2 1.004007e-07
11 36 2 7.684524e-08
12 36 2 6.367279e-08
1 37 2 1.311005e-06
2 37 2 1.268871e-06
3 37 2 1.598836e-06
4 37 2 2.055889e-06
5 37 2 3.108111e-06
6 37 2 4.714125e-06
7 37 2 5.482769e-06
8 37 2 5.389692e-06
9 37 2 3.966312e-06
10 37 2 2.974040e-06
11 37 2 2.096137e-06
12 37 2 1.605820e-06
1 38 2 4.132877e-05
2 38 2 4.129172e-05
3 38 2 6.290248e-05
4 38 2 9.326329e-05
5 38 2 1.702746e-04
6 38 2 3.021393e-04
7 38 2 3.581743e-04
8 38 2 3.106413e-04
9 38 2 2.006505e-04
10 38 2 1.371444e-04
11 38 2 7.836704e-05
12 38 2 5.655268e-05
1 39 2 4.502372e-04
2 39 2 4.690566e-04
3 39 2 7.597748e-04
4 39 2 1.173155e-03
5 39 2 2.276310e-03
6 39 2 4.400681e-03
7 39 2 5.464415e-03
8 39 2 4.424087e-03
9 39 2 2.788556e-03
10 39 2 1.760940e-03
11 39 2 8.913497e-04
12 39 2 6.506207e-04
1 40 2 1.123806e-04
2 40 2 1.233010e-04
3 40 2 2.199056e-04
4 40 2 3.697887e-04
5 40 2 8.083767e-04
6 40 2 1.835371e-03
7 40 2 2.296333e-03
8 40 2 1.684532e-03
9 40 2 1.037655e-03
10 40 2 5.590980e-04
11 40 2 2.395014e-04
12 40 2 1.784211e-04
1 41 2 5.982923e-05
2 41 2 6.396044e-05
3 41 2 1.281746e-04
4 41 2 2.282880e-04
5 41 2 5.725798e-04
6 41 2 1.452980e-03
7 41 2 1.878617e-03
8 41 2 1.317653e-03
9 41 2 7.363656e-04
10 41 2 3.191477e-04
11 41 2 1.226080e-04
12 41 2 1.021922e-04
1 42 2 3.238581e-05
2 42 2 3.387621e-05
3 42 2 7.305357e-05
4 42 2 1.441122e-04
5 42 2 4.096868e-04
6 42 2 1.136348e-03
7 42 2 1.590754e-03
8 42 2 1.062331e-03
9 42 2 5.030693e-04
10 42 2 1.800431e-04
11 42 2 6.712351e-05
12 42 2 5.506507e-05
1 43 2 9.079761e-07
2 43 2 9.414540e-07
3 43 2 2.221343e-06
4 43 2 5.420143e-06
5 43 2 1.814221e-05
6 43 2 5.350422e-05
7 43 2 7.821575e-05
8 43 2 4.909842e-05
9 43 2 2.007726e-05
10 43 2 6.164229e-06
11 43 2 2.102135e-06
12 43 2 1.472982e-06
1 44 2 3.751253e-06
2 44 2 3.769164e-06
3 44 2 8.198511e-06
4 44 2 2.216447e-05
5 44 2 8.280579e-05
6 44 2 2.609485e-04
7 44 2 3.813906e-04
8 44 2 2.299761e-04
9 44 2 8.290294e-05
10 44 2 2.456246e-05
11 44 2 8.061470e-06
12 44 2 5.450459e-06
1 45 2 8.609923e-06
2 45 2 9.649207e-06
3 45 2 1.758253e-05
4 45 2 5.185228e-05
5 45 2 2.171472e-04
6 45 2 7.205171e-04
7 45 2 1.007994e-03
8 45 2 6.137664e-04
9 45 2 2.110605e-04
10 45 2 5.388814e-05
11 45 2 1.561985e-05
12 45 2 1.020836e-05
1 46 2 3.911083e-06
2 46 2 4.920238e-06
3 46 2 7.734242e-06
4 46 2 2.147721e-05
5 46 2 8.434010e-05
6 46 2 2.616136e-04
7 46 2 3.659789e-04
8 46 2 2.293266e-04
9 46 2 8.614161e-05
10 46 2 2.087970e-05
11 46 2 5.740655e-06
12 46 2 4.093889e-06
1 47 2 5.142543e-06
2 47 2 6.544594e-06
3 47 2 9.222357e-06
4 47 2 2.066294e-05
5 47 2 7.042963e-05
6 47 2 1.940335e-04
7 47 2 2.631509e-04
8 47 2 1.784351e-04
9 47 2 7.559057e-05
10 47 2 2.331503e-05
11 47 2 6.878544e-06
12 47 2 5.228608e-06
1 48 2 6.952841e-06
2 48 2 7.986993e-06
3 48 2 1.098566e-05
4 48 2 2.145268e-05
5 48 2 6.657177e-05
6 48 2 1.531265e-04
7 48 2 2.034909e-04
8 48 2 1.431675e-04
9 48 2 6.815350e-05
10 48 2 2.541004e-05
11 48 2 9.147295e-06
12 48 2 6.065929e-06
1 49 2 1.783692e-08
2 49 2 1.623002e-08
3 49 2 1.840961e-08
4 49 2 2.154681e-08
5 49 2 3.081654e-08
6 49 2 4.688558e-08
7 49 2 6.992212e-08
8 49 2 6.575193e-08
9 49 2 4.586122e-08
10 49 2 3.281811e-08
11 49 2 2.395988e-08
12 49 2 1.747869e-08
1 50 2 7.275735e-08
2 50 2 6.280409e-08
3 50 2 7.361610e-08
4 50 2 8.391473e-08
5 50 2 1.181041e-07
6 50 2 1.733162e-07
7 50 2 2.392018e-07
8 50 2 2.300315e-07
9 50 2 1.665637e-07
10 50 2 1.187336e-07
11 50 2 8.889359e-08
12 50 2 6.999400e-08
1 51 2 2.801158e-08
2 51 2 2.556496e-08
3 51 2 2.777915e-08
4 51 2 3.206632e-08
5 51 2 4.370721e-08
6 51 2 6.129589e-08
7 51 2 7.987750e-08
8 51 2 7.921422e-08
9 51 2 6.581541e-08
10 51 2 4.629287e-08
11 51 2 3.469481e-08
12 51 2 2.907531e-08
1 52 2 1.344923e-05
2 52 2 1.413629e-05
3 52 2 1.775840e-05
4 52 2 2.588933e-05
5 52 2 4.378226e-05
6 52 2 6.025419e-05
7 52 2 7.728718e-05
8 52 2 7.228999e-05
9 52 2 5.835516e-05
10 52 2 3.333626e-05
11 52 2 2.006517e-05
12 52 2 1.547330e-05
1 53 2 4.277319e-06
2 53 2 5.366473e-06
3 53 2 9.091937e-06
4 53 2 1.984498e-05
5 53 2 3.779091e-05
6 53 2 5.643146e-05
7 53 2 7.833355e-05
8 53 2 6.674931e-05
9 53 2 4.517645e-05
10 53 2 1.992471e-05
11 53 2 8.886959e-06
12 53 2 5.630250e-06
1 54 2 1.881469e-06
2 54 2 2.440747e-06
3 54 2 4.564296e-06
4 54 2 1.134182e-05
5 54 2 2.233986e-05
6 54 2 4.315042e-05
7 54 2 6.129722e-05
8 54 2 5.139930e-05
9 54 2 3.117286e-05
10 54 2 1.325774e-05
11 54 2 5.682872e-06
12 54 2 3.134783e-06
1 55 2 1.596987e-06
2 55 2 1.781066e-06
3 55 2 3.322530e-06
4 55 2 7.779872e-06
5 55 2 1.543842e-05
6 55 2 3.297027e-05
7 55 2 4.583117e-05
8 55 2 3.952540e-05
9 55 2 2.506445e-05
10 55 2 1.201800e-05
11 55 2 5.622764e-06
12 55 2 3.219611e-06
1 56 2 6.135762e-06
2 56 2 6.367581e-06
3 56 2 1.102882e-05
4 56 2 2.459270e-05
5 56 2 5.375634e-05
6 56 2 1.059656e-04
7 56 2 1.465067e-04
8 56 2 1.215931e-04
9 56 2 7.947616e-05
10 56 2 4.094900e-05
11 56 2 1.846133e-05
12 56 2 1.058775e-05
1 57 2 1.251338e-06
2 57 2 1.193901e-06
3 57 2 1.468430e-06
4 57 2 2.228847e-06
5 57 2 3.729211e-06
6 57 2 6.067891e-06
7 57 2 8.640746e-06
8 57 2 7.787423e-06
9 57 2 5.793848e-06
10 57 2 3.721666e-06
11 57 2 2.275818e-06
12 57 2 1.635528e-06
1 60 2 5.018912e-04
2 60 2 4.860363e-04
3 60 2 5.573871e-04
4 60 2 6.610530e-04
5 60 2 8.150258e-04
6 60 2 1.072568e-03
7 60 2 1.248684e-03
8 60 2 1.249209e-03
9 60 2 1.060134e-03
10 60 2 8.654212e-04
11 60 2 6.921346e-04
12 60 2 5.737087e-04
1 61 2 1.754941e-03
2 61 2 1.765497e-03
3 61 2 2.483142e-03
4 61 2 3.740135e-03
5 61 2 5.455716e-03
6 61 2 7.686221e-03
7 61 2 9.095898e-03
8 61 2 8.751007e-03
9 61 2 6.799762e-03
10 61 2 4.625239e-03
11 61 2 3.017324e-03
12 61 2 2.116326e-03
1 62 2 4.255198e-03
2 62 2 4.660443e-03
3 62 2 7.336389e-03
4 62 2 1.328110e-02
5 62 2 2.277995e-02
6 62 2 3.231518e-02
7 62 2 3.951494e-02
8 62 2 3.688576e-02
9 62 2 2.570282e-02
10 62 2 1.532759e-02
11 62 2 8.323560e-03
12 62 2 5.416735e-03
1 63 2 6.935138e-03
2 63 2 8.418961e-03
3 63 2 1.408713e-02
4 63 2 2.962881e-02
5 63 2 5.686255e-02
6 63 2 8.453525e-02
7 63 2 1.081001e-01
8 63 2 9.406831e-02
9 63 2 5.745398e-02
10 63 2 3.137624e-02
11 63 2 1.449292e-02
12 63 2 9.487675e-03
1 64 2 1.658412e-03
2 64 2 2.124599e-03
3 64 2 4.045748e-03
4 64 2 9.583027e-03
5 64 2 2.052382e-02
6 64 2 3.287447e-02
7 64 2 4.166911e-02
8 64 2 3.257593e-02
9 64 2 1.865250e-02
10 64 2 8.245857e-03
11 64 2 3.767951e-03
12 64 2 2.578627e-03
1 65 2 5.607786e-04
2 65 2 6.953690e-04
3 65 2 1.523423e-03
4 65 2 4.296106e-03
5 65 2 9.007566e-03
6 65 2 1.530869e-02
7 65 2 1.984224e-02
8 65 2 1.480917e-02
9 65 2 8.399296e-03
10 65 2 2.980543e-03
11 65 2 1.312093e-03
12 65 2 9.508722e-04
1 66 2 3.713784e-04
2 66 2 4.591395e-04
3 66 2 1.091506e-03
4 66 2 3.580869e-03
5 66 2 7.445650e-03
6 66 2 1.280313e-02
7 66 2 1.765765e-02
8 66 2 1.334920e-02
9 66 2 7.551427e-03
10 66 2 2.501875e-03
11 66 2 9.587557e-04
12 66 2 5.946975e-04
1 67 2 1.257065e-04
2 67 2 1.676238e-04
3 67 2 4.262684e-04
4 67 2 1.574672e-03
5 67 2 3.572840e-03
6 67 2 6.093505e-03
7 67 2 8.519392e-03
8 67 2 6.556370e-03
9 67 2 3.585879e-03
10 67 2 1.318695e-03
11 67 2 4.169812e-04
12 67 2 1.876810e-04
1 68 2 3.046478e-05
2 68 2 4.090600e-05
3 68 2 1.214885e-04
4 68 2 5.584254e-04
5 68 2 1.521781e-03
6 68 2 2.916203e-03
7 68 2 4.181284e-03
8 68 2 3.109762e-03
9 68 2 1.492405e-03
10 68 2 5.482918e-04
11 68 2 1.250299e-04
12 68 2 4.350608e-05
1 69 2 1.827167e-05
2 69 2 2.590584e-05
3 69 2 6.195204e-05
4 69 2 2.716634e-04
5 69 2 8.711015e-04
6 69 2 2.061560e-03
7 69 2 3.020168e-03
8 69 2 2.324918e-03
9 69 2 9.987697e-04
10 69 2 3.247613e-04
11 69 2 6.292703e-05
12 69 2 2.366465e-05
1 70 2 7.588604e-05
2 70 2 8.869626e-05
3 70 2 1.270992e-04
4 70 2 3.315952e-04
5 70 2 8.315353e-04
6 70 2 2.019205e-03
7 70 2 3.268451e-03
8 70 2 2.978880e-03
9 70 2 1.538094e-03
10 70 2 5.482521e-04
11 70 2 1.667456e-04
12 70 2 9.386569e-05
1 71 2 6.516175e-05
2 71 2 6.612393e-05
3 71 2 7.482426e-05
4 71 2 1.200703e-04
5 71 2 2.325316e-04
6 71 2 4.850827e-04
7 71 2 7.444498e-04
8 71 2 7.401697e-04
9 71 2 4.748859e-04
10 71 2 2.261818e-04
11 71 2 1.080528e-04
12 71 2 7.504633e-05
1 72 2 2.736974e-07
2 72 2 2.614048e-07
3 72 2 2.832050e-07
4 72 2 3.610891e-07
5 72 2 5.618281e-07
6 72 2 9.775997e-07
7 72 2 1.514190e-06
8 72 2 1.456296e-06
9 72 2 1.018873e-06
10 72 2 6.177869e-07
11 72 2 3.806419e-07
12 72 2 2.718283e-07
1 76 2 2.544788e-05
2 76 2 2.328219e-05
3 76 2 2.351652e-05
4 76 2 2.558037e-05
5 76 2 3.477695e-05
6 76 2 4.958971e-05
7 76 2 6.649705e-05
8 76 2 7.096454e-05
9 76 2 6.761541e-05
10 76 2 4.515358e-05
11 76 2 2.914853e-05
12 76 2 2.549293e-05
1 77 2 3.969196e-05
2 77 2 5.153970e-05
3 77 2 6.751392e-05
4 77 2 1.091173e-04
5 77 2 1.832124e-04
6 77 2 2.828608e-04
7 77 2 3.843315e-04
8 77 2 3.647930e-04
9 77 2 2.702231e-04
10 77 2 1.365199e-04
11 77 2 5.990535e-05
12 77 2 3.775804e-05
1 78 2 2.841561e-05
2 78 2 3.882592e-05
3 78 2 5.406742e-05
4 78 2 9.697561e-05
5 78 2 1.516418e-04
6 78 2 2.407547e-04
7 78 2 2.971850e-04
8 78 2 2.782777e-04
9 78 2 1.804322e-04
10 78 2 9.568672e-05
11 78 2 5.167289e-05
12 78 2 2.983251e-05
1 79 2 9.735189e-05
2 79 2 1.194524e-04
3 79 2 1.753906e-04
4 79 2 2.909143e-04
5 79 2 4.419796e-04
6 79 2 7.220490e-04
7 79 2 8.847808e-04
8 79 2 8.381729e-04
9 79 2 5.787634e-04
10 79 2 3.493679e-04
11 79 2 1.990518e-04
12 79 2 1.219355e-04
1 80 2 4.829332e-05
2 80 2 4.838761e-05
3 80 2 6.080206e-05
4 80 2 8.221136e-05
5 80 2 1.226109e-04
6 80 2 1.865481e-04
7 80 2 2.402090e-04
8 80 2 2.378030e-04
9 80 2 1.973721e-04
10 80 2 1.383785e-04
11 80 2 8.072449e-05
12 80 2 5.966884e-05
1 81 2 1.892650e-11
2 81 2 1.715197e-11
3 81 2 1.806568e-11
4 81 2 2.142147e-11
5 81 2 3.084672e-11
6 81 2 4.156507e-11
7 81 2 5.546144e-11
8 81 2 5.950889e-11
9 81 2 5.411215e-11
10 81 2 4.151988e-11
11 81 2 2.744623e-11
12 81 2 2.247012e-11
1 84 2 1.480754e-03
2 84 2 1.565529e-03
3 84 2 1.936246e-03
4 84 2 2.446810e-03
5 84 2 3.280434e-03
6 84 2 5.375229e-03
7 84 2 7.199170e-03
8 84 2 6.898593e-03
9 84 2 5.176337e-03
10 84 2 3.266788e-03
11 84 2 2.194553e-03
12 84 2 1.676401e-03
1 85 2 1.088193e-03
2 85 2 1.225392e-03
3 85 2 1.593207e-03
4 85 2 2.314781e-03
5 85 2 3.705460e-03
6 85 2 5.660671e-03
7 85 2 7.832064e-03
8 85 2 7.450710e-03
9 85 2 5.365017e-03
10 85 2 2.959375e-03
11 85 2 1.668963e-03
12 85 2 1.211001e-03
1 86 2 3.432449e-04
2 86 2 3.886250e-04
3 86 2 4.966341e-04
4 86 2 7.213734e-04
5 86 2 1.159390e-03
6 86 2 1.682249e-03
7 86 2 2.310963e-03
8 86 2 2.318523e-03
9 86 2 1.716148e-03
10 86 2 9.951756e-04
11 86 2 5.481917e-04
12 86 2 3.917889e-04
1 87 2 1.462001e-03
2 87 2 1.977919e-03
3 87 2 2.824106e-03
4 87 2 4.464268e-03
5 87 2 7.831965e-03
6 87 2 1.177244e-02
7 87 2 1.595978e-02
8 87 2 1.626248e-02
9 87 2 1.179038e-02
10 87 2 6.638295e-03
11 87 2 2.916692e-03
12 87 2 1.772905e-03
1 88 2 5.421774e-04
2 88 2 7.699356e-04
3 88 2 1.207373e-03
4 88 2 2.290860e-03
5 88 2 4.701520e-03
6 88 2 7.389499e-03
7 88 2 9.463281e-03
8 88 2 8.300038e-03
9 88 2 5.363486e-03
10 88 2 2.534684e-03
11 88 2 1.299454e-03
12 88 2 7.217989e-04
1 89 2 1.080241e-03
2 89 2 1.503015e-03
3 89 2 2.852676e-03
4 89 2 5.365397e-03
5 89 2 1.070727e-02
6 89 2 1.599541e-02
7 89 2 1.865968e-02
8 89 2 1.634143e-02
9 89 2 1.066451e-02
10 89 2 5.074923e-03
11 89 2 2.792477e-03
12 89 2 1.545647e-03
1 90 2 1.823453e-04
2 90 2 2.403251e-04
3 90 2 4.768994e-04
4 90 2 8.559329e-04
5 90 2 1.314235e-03
6 90 2 1.739611e-03
7 90 2 1.953690e-03
8 90 2 1.807704e-03
9 90 2 1.317377e-03
10 90 2 7.857596e-04
11 90 2 4.332312e-04
12 90 2 2.466290e-04
1 91 2 2.407972e-07
2 91 2 3.407174e-07
3 91 2 7.118341e-07
4 91 2 1.345143e-06
5 91 2 1.985221e-06
6 91 2 2.523401e-06
7 91 2 2.833412e-06
8 91 2 2.598510e-06
9 91 2 1.868383e-06
10 91 2 1.156533e-06
11 91 2 5.994073e-07
12 91 2 3.077096e-07
1 92 2 7.518241e-07
2 92 2 1.073935e-06
3 92 2 2.692084e-06
4 92 2 6.422689e-06
5 92 2 1.211226e-05
6 92 2 1.856024e-05
7 92 2 2.227907e-05
8 92 2 2.027753e-05
9 92 2 1.268582e-05
10 92 2 6.742104e-06
11 92 2 2.644258e-06
12 92 2 1.135115e-06
1 93 2 2.441112e-04
2 93 2 2.945420e-04
3 93 2 6.055940e-04
4 93 2 1.411404e-03
5 93 2 2.517866e-03
6 93 2 3.995676e-03
7 93 2 5.359990e-03
8 93 2 5.269327e-03
9 93 2 3.544176e-03
10 93 2 2.041015e-03
11 93 2 8.740736e-04
12 93 2 3.640692e-04
1 94 2 4.049082e-05
2 94 2 4.028669e-05
3 94 2 5.379247e-05
4 94 2 9.533018e-05
5 94 2 1.627228e-04
6 94 2 2.562270e-04
7 94 2 3.539766e-04
8 94 2 3.857561e-04
9 94 2 3.177531e-04
10 94 2 1.917952e-04
11 94 2 1.029412e-04
12 94 2 5.624462e-05
1 98 2 3.218329e-06
2 98 2 2.995838e-06
3 98 2 2.821045e-06
4 98 2 3.003601e-06
5 98 2 3.408881e-06
6 98 2 3.900767e-06
7 98 2 4.387562e-06
8 98 2 4.624277e-06
9 98 2 4.563126e-06
10 98 2 4.313373e-06
11 98 2 3.879848e-06
12 98 2 3.530703e-06
1 101 2 1.110531e-04
2 101 2 1.141108e-04
3 101 2 1.169341e-04
4 101 2 1.441974e-04
5 101 2 1.854408e-04
6 101 2 2.165214e-04
7 101 2 2.311242e-04
8 101 2 2.315946e-04
9 101 2 2.226473e-04
10 101 2 1.908972e-04
11 101 2 1.467947e-04
12 101 2 1.177399e-04
1 102 2 5.932274e-04
2 102 2 6.705617e-04
3 102 2 8.241328e-04
4 102 2 1.030824e-03
5 102 2 1.192908e-03
6 102 2 1.302273e-03
7 102 2 1.338944e-03
8 102 2 1.355863e-03
9 102 2 1.222011e-03
10 102 2 9.414385e-04
11 102 2 7.556223e-04
12 102 2 6.193264e-04
1 103 2 1.964850e-04
2 103 2 2.005146e-04
3 103 2 2.185357e-04
4 103 2 2.469371e-04
5 103 2 2.875779e-04
6 103 2 3.290961e-04
7 103 2 3.560402e-04
8 103 2 3.736562e-04
9 103 2 3.664795e-04
10 103 2 3.202713e-04
11 103 2 2.634734e-04
12 103 2 2.190694e-04
1 104 2 1.864363e-04
2 104 2 1.788996e-04
3 104 2 1.808435e-04
4 104 2 1.982688e-04
5 104 2 2.318379e-04
6 104 2 2.660452e-04
7 104 2 2.985893e-04
8 104 2 3.225493e-04
9 104 2 3.251456e-04
10 104 2 3.037503e-04
11 104 2 2.498620e-04
12 104 2 2.068854e-04
1 107 2 7.896604e-05
2 107 2 8.330774e-05
3 107 2 9.726476e-05
4 107 2 1.114547e-04
5 107 2 1.249894e-04
6 107 2 1.600165e-04
7 107 2 1.749048e-04
8 107 2 1.741971e-04
9 107 2 1.630746e-04
10 107 2 1.394862e-04
11 107 2 1.108864e-04
12 107 2 8.671735e-05
1 108 2 9.034902e-06
2 108 2 1.154662e-05
3 108 2 1.677270e-05
4 108 2 2.597724e-05
5 108 2 4.032362e-05
6 108 2 5.534543e-05
7 108 2 5.924561e-05
8 108 2 5.236064e-05
9 108 2 4.236802e-05
10 108 2 2.923100e-05
11 108 2 1.522638e-05
12 108 2 9.693081e-06
1 109 2 1.714794e-05
2 109 2 2.264993e-05
3 109 2 3.542595e-05
4 109 2 6.147872e-05
5 109 2 1.047464e-04
6 109 2 1.320382e-04
7 109 2 1.341627e-04
8 109 2 1.233332e-04
9 109 2 9.904010e-05
10 109 2 6.949289e-05
11 109 2 3.090871e-05
12 109 2 1.805572e-05
1 110 2 7.550864e-06
2 110 2 9.618355e-06
3 110 2 1.544757e-05
4 110 2 2.391223e-05
5 110 2 3.708691e-05
6 110 2 4.294843e-05
7 110 2 4.617371e-05
8 110 2 4.566544e-05
9 110 2 3.844923e-05
10 110 2 2.803193e-05
11 110 2 1.355918e-05
12 110 2 7.981078e-06
1 111 2 2.590789e-04
2 111 2 3.240322e-04
3 111 2 5.246011e-04
4 111 2 7.950767e-04
5 111 2 1.201642e-03
6 111 2 1.541080e-03
7 111 2 1.629037e-03
8 111 2 1.613499e-03
9 111 2 1.374035e-03
10 111 2 8.944305e-04
11 111 2 4.818232e-04
12 111 2 2.943065e-04
1 112 2 2.983803e-04
2 112 2 3.847250e-04
3 112 2 6.749172e-04
4 112 2 1.122348e-03
5 112 2 1.706719e-03
6 112 2 2.079839e-03
7 112 2 2.118260e-03
8 112 2 1.974437e-03
9 112 2 1.507266e-03
10 112 2 1.000634e-03
11 112 2 5.742592e-04
12 112 2 3.529913e-04
1 113 2 1.711223e-04
2 113 2 2.167960e-04
3 113 2 3.642186e-04
4 113 2 5.446557e-04
5 113 2 6.702510e-04
6 113 2 5.852283e-04
7 113 2 5.021605e-04
8 113 2 4.796042e-04
9 113 2 4.743511e-04
10 113 2 4.331278e-04
11 113 2 3.029458e-04
12 113 2 2.046126e-04
1 114 2 4.665197e-04
2 114 2 6.326243e-04
3 114 2 1.127128e-03
4 114 2 1.642997e-03
5 114 2 1.895536e-03
6 114 2 1.387639e-03
7 114 2 1.146096e-03
8 114 2 1.050536e-03
9 114 2 1.013804e-03
10 114 2 9.073734e-04
11 114 2 6.917104e-04
12 114 2 5.123754e-04
1 115 2 1.557762e-04
2 115 2 2.266405e-04
3 115 2 3.592621e-04
4 115 2 4.453367e-04
5 115 2 3.977068e-04
6 115 2 3.692577e-04
7 115 2 3.561422e-04
8 115 2 3.416932e-04
9 115 2 3.142558e-04
10 115 2 2.808357e-04
11 115 2 2.133348e-04
12 115 2 1.530517e-04
1 116 2 1.002530e-04
2 116 2 1.283361e-04
3 116 2 1.962564e-04
4 116 2 2.777938e-04
5 116 2 3.230917e-04
6 116 2 3.679195e-04
7 116 2 3.857206e-04
8 116 2 3.692202e-04
9 116 2 2.991095e-04
10 116 2 2.391313e-04
11 116 2 1.737242e-04
12 116 2 1.144421e-04
1 117 2 1.921849e-05
2 117 2 2.006891e-05
3 117 2 2.534519e-05
4 117 2 3.469430e-05
5 117 2 4.418037e-05
6 117 2 5.234397e-05
7 117 2 5.572561e-05
8 117 2 5.565254e-05
9 117 2 5.077956e-05
10 117 2 4.347037e-05
11 117 2 3.509199e-05
12 117 2 2.535000e-05
1 126 2 2.044509e-06
2 126 2 2.125058e-06
3 126 2 2.303272e-06
4 126 2 2.432115e-06
5 126 2 2.402952e-06
6 126 2 2.233274e-06
7 126 2 2.152747e-06
8 126 2 2.173779e-06
9 126 2 2.162271e-06
10 126 2 2.124777e-06
11 126 2 2.076171e-06
12 126 2 2.044736e-06
1 127 2 2.061532e-04
2 127 2 2.096620e-04
3 127 2 2.212937e-04
4 127 2 2.297499e-04
5 127 2 2.328799e-04
6 127 2 2.255737e-04
7 127 2 2.256360e-04
8 127 2 2.308139e-04
9 127 2 2.283535e-04
10 127 2 2.192015e-04
11 127 2 2.124335e-04
12 127 2 2.098039e-04
1 128 2 9.347317e-04
2 128 2 9.599609e-04
3 128 2 9.854611e-04
4 128 2 9.619775e-04
5 128 2 9.357668e-04
6 128 2 9.076573e-04
7 128 2 9.673952e-04
8 128 2 1.099932e-03
9 128 2 1.156569e-03
10 128 2 1.092434e-03
11 128 2 9.934090e-04
12 128 2 9.359889e-04
1 129 2 2.661268e-05
2 129 2 2.624728e-05
3 129 2 2.690927e-05
4 129 2 2.768964e-05
5 129 2 2.811688e-05
6 129 2 2.887751e-05
7 129 2 3.017415e-05
8 129 2 3.288977e-05
9 129 2 3.436288e-05
10 129 2 3.451427e-05
11 129 2 3.151271e-05
12 129 2 2.799520e-05
1 133 2 5.719347e-04
2 133 2 6.649587e-04
3 133 2 7.982471e-04
4 133 2 8.195887e-04
5 133 2 7.818037e-04
6 133 2 7.185832e-04
7 133 2 6.413423e-04
8 133 2 6.005441e-04
9 133 2 6.262338e-04
10 133 2 6.669630e-04
11 133 2 6.362935e-04
12 133 2 5.567571e-04
1 135 2 2.472684e-05
2 135 2 2.785850e-05
3 135 2 3.313012e-05
4 135 2 3.567960e-05
5 135 2 3.428467e-05
6 135 2 3.058544e-05
7 135 2 2.642279e-05
8 135 2 2.668722e-05
9 135 2 2.835822e-05
10 135 2 2.666926e-05
11 135 2 2.556225e-05
12 135 2 2.401224e-05
1 136 2 2.770871e-05
2 136 2 2.851787e-05
3 136 2 3.526766e-05
4 136 2 4.287475e-05
5 136 2 4.694977e-05
6 136 2 4.283610e-05
7 136 2 3.790495e-05
8 136 2 3.781801e-05
9 136 2 3.801348e-05
10 136 2 3.575920e-05
11 136 2 3.381014e-05
12 136 2 3.002382e-05
1 137 2 6.729218e-06
2 137 2 7.059643e-06
3 137 2 8.094027e-06
4 137 2 8.894147e-06
5 137 2 8.779062e-06
6 137 2 8.077618e-06
7 137 2 7.472656e-06
8 137 2 7.210366e-06
9 137 2 7.214896e-06
10 137 2 7.516257e-06
11 137 2 7.431233e-06
12 137 2 7.006987e-06
1 138 2 2.691180e-04
2 138 2 2.959381e-04
3 138 2 3.433319e-04
4 138 2 3.821071e-04
5 138 2 3.855226e-04
6 138 2 3.388356e-04
7 138 2 3.138988e-04
8 138 2 3.027164e-04
9 138 2 3.035424e-04
10 138 2 3.053111e-04
11 138 2 2.961576e-04
12 138 2 2.746614e-04
1 139 2 4.541048e-04
2 139 2 5.171415e-04
3 139 2 5.778548e-04
4 139 2 6.064997e-04
5 139 2 5.979526e-04
6 139 2 5.568563e-04
7 139 2 5.268703e-04
8 139 2 5.071996e-04
9 139 2 5.006255e-04
10 139 2 5.045120e-04
11 139 2 4.800817e-04
12 139 2 4.394508e-04
1 140 2 1.505138e-04
2 140 2 1.556369e-04
3 140 2 1.690337e-04
4 140 2 1.915125e-04
5 140 2 2.033588e-04
6 140 2 1.953265e-04
7 140 2 1.849425e-04
8 140 2 1.783754e-04
9 140 2 1.757750e-04
10 140 2 1.767465e-04
11 140 2 1.730135e-04
12 140 2 1.613014e-04
1 141 2 2.358732e-04
2 141 2 2.334326e-04
3 141 2 2.401187e-04
4 141 2 2.635283e-04
5 141 2 2.843820e-04
6 141 2 2.812073e-04
7 141 2 2.736031e-04
8 141 2 2.653119e-04
9 141 2 2.630633e-04
10 141 2 2.636818e-04
11 141 2 2.663137e-04
12 141 2 2.585698e-04
1 150 2 2.733356e-07
2 150 2 2.992088e-07
3 150 2 3.202690e-07
4 150 2 3.275013e-07
5 150 2 3.064413e-07
6 150 2 2.702675e-07
7 150 2 2.465593e-07
8 150 2 2.406055e-07
9 150 2 2.328268e-07
10 150 2 2.275296e-07
11 150 2 2.319533e-07
12 150 2 2.467917e-07
1 151 2 1.771397e-04
2 151 2 1.884087e-04
3 151 2 1.997691e-04
4 151 2 2.044796e-04
5 151 2 1.978482e-04
6 151 2 1.862365e-04
7 151 2 1.821214e-04
8 151 2 1.891528e-04
9 151 2 1.800903e-04
10 151 2 1.689961e-04
11 151 2 1.640407e-04
12 151 2 1.681331e-04
1 152 2 1.403875e-04
2 152 2 1.422022e-04
3 152 2 1.435186e-04
4 152 2 1.363798e-04
5 152 2 1.310975e-04
6 152 2 1.287562e-04
7 152 2 1.472027e-04
8 152 2 1.962771e-04
9 152 2 2.083696e-04
10 152 2 1.775954e-04
11 152 2 1.522954e-04
12 152 2 1.408419e-04
1 153 2 1.627023e-04
2 153 2 1.666489e-04
3 153 2 1.758261e-04
4 153 2 1.724622e-04
5 153 2 1.665470e-04
6 153 2 1.635158e-04
7 153 2 1.908748e-04
8 153 2 2.494390e-04
9 153 2 3.033874e-04
10 153 2 2.711660e-04
11 153 2 2.051232e-04
12 153 2 1.711476e-04
1 154 2 4.426466e-04
2 154 2 4.402449e-04
3 154 2 4.581314e-04
4 154 2 4.389749e-04
5 154 2 4.104815e-04
6 154 2 3.692329e-04
7 154 2 3.486529e-04
8 154 2 3.632028e-04
9 154 2 4.095063e-04
10 154 2 4.602119e-04
11 154 2 4.850121e-04
12 154 2 4.689835e-04
1 157 2 1.763903e-05
2 157 2 1.831637e-05
3 157 2 1.961030e-05
4 157 2 1.933404e-05
5 157 2 1.884513e-05
6 157 2 1.771767e-05
7 157 2 1.690518e-05
8 157 2 1.673478e-05
9 157 2 1.661382e-05
10 157 2 1.690351e-05
11 157 2 1.702469e-05
12 157 2 1.724687e-05
1 163 2 8.205666e-05
2 163 2 8.315611e-05
3 163 2 8.562374e-05
4 163 2 9.076173e-05
5 163 2 9.085030e-05
6 163 2 8.399468e-05
7 163 2 7.765280e-05
8 163 2 7.291750e-05
9 163 2 7.396166e-05
10 163 2 7.824858e-05
11 163 2 8.130744e-05
12 163 2 8.194451e-05
1 164 2 3.107734e-04
2 164 2 3.081162e-04
3 164 2 3.166931e-04
4 164 2 3.314672e-04
5 164 2 3.275681e-04
6 164 2 3.029753e-04
7 164 2 2.804303e-04
8 164 2 2.739288e-04
9 164 2 2.933219e-04
10 164 2 3.213471e-04
11 164 2 3.278369e-04
12 164 2 3.223776e-04
1 165 2 1.348112e-04
2 165 2 1.321245e-04
3 165 2 1.337855e-04
4 165 2 1.367446e-04
5 165 2 1.352437e-04
6 165 2 1.244434e-04
7 165 2 1.173331e-04
8 165 2 1.187623e-04
9 165 2 1.265878e-04
10 165 2 1.353498e-04
11 165 2 1.423824e-04
12 165 2 1.425501e-04
1 166 2 5.876626e-05
2 166 2 5.817959e-05
3 166 2 5.721838e-05
4 166 2 5.694993e-05
5 166 2 5.508519e-05
6 166 2 5.094463e-05
7 166 2 4.810714e-05
8 166 2 4.846605e-05
9 166 2 5.027994e-05
10 166 2 5.289081e-05
11 166 2 5.702406e-05
12 166 2 5.989723e-05
1 170 2 2.716452e-06
2 170 2 2.987559e-06
3 170 2 2.935260e-06
4 170 2 2.667995e-06
5 170 2 2.223237e-06
6 170 2 1.869354e-06
7 170 2 1.768116e-06
8 170 2 1.687982e-06
9 170 2 1.716372e-06
10 170 2 1.911168e-06
11 170 2 2.108618e-06
12 170 2 2.428204e-06
1 171 2 9.759080e-06
2 171 2 1.071266e-05
3 171 2 1.084235e-05
4 171 2 9.646266e-06
5 171 2 8.024609e-06
6 171 2 6.876712e-06
7 171 2 6.243314e-06
8 171 2 5.915736e-06
9 171 2 6.001930e-06
10 171 2 6.528424e-06
11 171 2 7.451157e-06
12 171 2 8.802823e-06
1 175 2 2.811988e-07
2 175 2 2.972926e-07
3 175 2 2.981454e-07
4 175 2 2.792487e-07
5 175 2 2.426231e-07
6 175 2 2.210911e-07
7 175 2 2.165037e-07
8 175 2 2.146758e-07
9 175 2 1.996719e-07
10 175 2 2.018400e-07
11 175 2 2.110218e-07
12 175 2 2.461582e-07
1 176 2 1.729570e-04
2 176 2 1.742537e-04
3 176 2 1.705938e-04
4 176 2 1.506714e-04
5 176 2 1.218865e-04
6 176 2 1.104520e-04
7 176 2 1.102506e-04
8 176 2 1.257812e-04
9 176 2 1.369888e-04
10 176 2 1.462004e-04
11 176 2 1.560580e-04
12 176 2 1.657719e-04
1 177 2 8.901826e-04
2 177 2 8.650145e-04
3 177 2 8.167348e-04
4 177 2 7.141802e-04
5 177 2 5.840048e-04
6 177 2 4.986907e-04
7 177 2 5.188801e-04
8 177 2 6.217138e-04
9 177 2 7.813970e-04
10 177 2 8.126229e-04
11 177 2 8.291057e-04
12 177 2 8.307997e-04
1 178 2 3.245463e-04
2 178 2 3.207532e-04
3 178 2 3.074654e-04
4 178 2 2.577054e-04
5 178 2 2.243853e-04
6 178 2 1.896555e-04
7 178 2 1.806349e-04
8 178 2 1.819643e-04
9 178 2 2.075257e-04
10 178 2 2.232918e-04
11 178 2 2.521954e-04
12 178 2 2.799899e-04
1 181 2 3.967199e-06
2 181 2 4.190238e-06
3 181 2 4.247941e-06
4 181 2 4.061600e-06
5 181 2 3.349554e-06
6 181 2 2.896349e-06
7 181 2 2.560968e-06
8 181 2 2.620942e-06
9 181 2 2.839525e-06
10 181 2 3.074676e-06
11 181 2 3.482110e-06
12 181 2 3.707440e-06
1 182 2 4.734595e-04
2 182 2 4.376225e-04
3 182 2 4.126584e-04
4 182 2 3.447090e-04
5 182 2 2.699379e-04
6 182 2 2.018973e-04
7 182 2 2.001808e-04
8 182 2 2.781760e-04
9 182 2 3.859992e-04
10 182 2 4.734142e-04
11 182 2 5.232201e-04
12 182 2 5.022140e-04
1 183 2 1.006234e-04
2 183 2 9.666563e-05
3 183 2 9.228548e-05
4 183 2 8.367771e-05
5 183 2 7.040498e-05
6 183 2 5.714199e-05
7 183 2 5.316462e-05
8 183 2 6.313096e-05
9 183 2 7.340410e-05
10 183 2 8.683698e-05
11 183 2 9.453909e-05
12 183 2 9.723956e-05
1 184 2 3.137587e-05
2 184 2 3.179184e-05
3 184 2 3.078990e-05
4 184 2 2.770892e-05
5 184 2 2.303573e-05
6 184 2 1.861721e-05
7 184 2 1.678804e-05
8 184 2 1.753347e-05
9 184 2 1.857378e-05
10 184 2 2.132965e-05
11 184 2 2.495712e-05
12 184 2 2.844559e-05
1 188 2 5.955682e-07
2 188 2 5.903756e-07
3 188 2 5.472252e-07
4 188 2 4.468467e-07
5 188 2 3.158134e-07
6 188 2 2.402188e-07
7 188 2 2.067063e-07
8 188 2 2.102672e-07
9 188 2 2.848059e-07
10 188 2 3.742750e-07
11 188 2 4.457244e-07
12 188 2 5.559382e-07
1 189 2 5.192837e-07
2 189 2 4.799229e-07
3 189 2 4.353328e-07
4 189 2 3.217756e-07
5 189 2 2.130443e-07
6 189 2 1.506569e-07
7 189 2 1.432425e-07
8 189 2 1.759492e-07
9 189 2 2.830451e-07
10 189 2 4.030148e-07
11 189 2 4.902005e-07
12 189 2 5.122571e-07
1 190 2 2.125523e-06
2 190 2 2.013972e-06
3 190 2 1.748132e-06
4 190 2 1.238166e-06
5 190 2 8.638680e-07
6 190 2 6.266869e-07
7 190 2 5.888427e-07
8 190 2 7.098481e-07
9 190 2 9.970610e-07
10 190 2 1.359235e-06
11 190 2 1.781032e-06
12 190 2 1.998285e-06
1 191 2 3.710403e-06
2 191 2 3.844958e-06
3 191 2 3.737318e-06
4 191 2 3.087444e-06
5 191 2 2.538863e-06
6 191 2 2.085632e-06
7 191 2 1.833621e-06
8 191 2 1.862202e-06
9 191 2 2.031700e-06
10 191 2 2.280375e-06
11 191 2 2.804622e-06
12 191 2 3.299612e-06
1 192 2 1.877879e-05
2 192 2 2.029465e-05
3 192 2 1.977325e-05
4 192 2 1.712068e-05
5 192 2 1.446955e-05
6 192 2 1.232024e-05
7 192 2 1.082704e-05
8 192 2 1.006086e-05
9 192 2 1.035913e-05
10 192 2 1.137551e-05
11 192 2 1.357942e-05
12 192 2 1.630592e-05
1 200 2 6.795214e-04
2 200 2 6.990585e-04
3 200 2 5.716764e-04
4 200 2 3.779189e-04
5 200 2 2.473669e-04
6 200 2 2.014574e-04
7 200 2 1.913950e-04
8 200 2 2.064033e-04
9 200 2 2.286281e-04
10 200 2 2.923122e-04
11 200 2 4.062110e-04
12 200 2 5.596761e-04
1 201 2 5.932371e-04
2 201 2 6.120978e-04
3 201 2 5.603392e-04
4 201 2 4.313091e-04
5 201 2 3.250326e-04
6 201 2 2.689084e-04
7 201 2 2.541335e-04
8 201 2 2.628780e-04
9 201 2 2.601706e-04
10 201 2 3.095693e-04
11 201 2 3.946177e-04
12 201 2 4.914841e-04
1 206 2 3.145554e-04
2 206 2 3.397609e-04
3 206 2 3.073927e-04
4 206 2 2.623122e-04
5 206 2 2.169308e-04
6 206 2 1.891453e-04
7 206 2 1.622290e-04
8 206 2 1.592883e-04
9 206 2 1.724280e-04
10 206 2 1.951787e-04
11 206 2 2.287945e-04
12 206 2 2.695436e-04
1 207 2 1.190244e-05
2 207 2 1.299597e-05
3 207 2 1.232510e-05
4 207 2 1.117580e-05
5 207 2 9.911285e-06
6 207 2 8.500865e-06
7 207 2 7.492750e-06
8 207 2 7.378449e-06
9 207 2 7.444383e-06
10 207 2 8.199720e-06
11 207 2 8.836868e-06
12 207 2 1.010883e-05
1 212 2 8.380715e-07
2 212 2 8.945895e-07
3 212 2 7.940358e-07
4 212 2 6.675385e-07
5 212 2 5.202934e-07
6 212 2 4.199200e-07
7 212 2 3.485574e-07
8 212 2 3.368775e-07
9 212 2 3.826008e-07
10 212 2 4.514510e-07
11 212 2 5.354995e-07
12 212 2 7.080326e-07
1 213 2 1.825184e-07
2 213 2 1.994789e-07
3 213 2 1.690505e-07
4 213 2 1.430530e-07
5 213 2 1.103844e-07
6 213 2 8.509088e-08
7 213 2 7.221723e-08
8 213 2 7.050151e-08
9 213 2 8.492206e-08
10 213 2 1.046566e-07
11 213 2 1.285170e-07
12 213 2 1.572686e-07
1 214 2 6.486250e-06
2 214 2 6.876238e-06
3 214 2 5.524630e-06
4 214 2 4.103335e-06
5 214 2 3.033117e-06
6 214 2 2.235269e-06
7 214 2 1.935777e-06
8 214 2 1.995640e-06
9 214 2 2.519069e-06
10 214 2 3.377211e-06
11 214 2 4.623092e-06
12 214 2 5.607006e-06
1 215 2 2.400721e-06
2 215 2 2.469461e-06
3 215 2 2.302395e-06
4 215 2 1.834911e-06
5 215 2 1.490416e-06
6 215 2 1.197518e-06
7 215 2 1.034821e-06
8 215 2 1.037366e-06
9 215 2 1.166588e-06
10 215 2 1.387865e-06
11 215 2 1.747513e-06
12 215 2 2.111092e-06
1 216 2 2.095392e-06
2 216 2 2.187744e-06
3 216 2 2.051564e-06
4 216 2 1.667803e-06
5 216 2 1.335481e-06
6 216 2 1.148871e-06
7 216 2 1.009558e-06
8 216 2 9.653249e-07
9 216 2 1.001696e-06
10 216 2 1.138521e-06
11 216 2 1.369448e-06
12 216 2 1.759988e-06
1 224 2 1.984038e-05
2 224 2 2.169024e-05
3 224 2 1.892738e-05
4 224 2 1.629931e-05
5 224 2 1.316200e-05
6 224 2 1.118515e-05
7 224 2 1.016160e-05
8 224 2 1.061367e-05
9 224 2 1.091495e-05
10 224 2 1.287366e-05
11 224 2 1.537369e-05
12 224 2 1.834203e-05
1 240 2 1.293896e-07
2 240 2 1.319766e-07
3 240 2 1.206894e-07
4 240 2 1.065877e-07
5 240 2 9.263839e-08
6 240 2 7.990383e-08
7 240 2 7.828294e-08
8 240 2 8.070517e-08
9 240 2 7.856163e-08
10 240 2 8.460267e-08
11 240 2 9.295756e-08
12 240 2 1.152047e-07
