1 7 2 9.093130e-11
2 7 2 7.768159e-11
3 7 2 8.495610e-11
4 7 2 2.195767e-10
5 7 2 7.555010e-10
6 7 2 2.034848e-09
7 7 2 2.753209e-09
8 7 2 1.877164e-09
9 7 2 8.118104e-10
10 7 2 3.558954e-10
11 7 2 1.885583e-10
12 7 2 1.112371e-10
1 25 2 2.811751e-06
2 25 2 2.669746e-06
3 25 2 3.761231e-06
4 25 2 6.863411e-06
5 25 2 1.920052e-05
6 25 2 3.481769e-05
7 25 2 4.220924e-05
8 25 2 3.236703e-05
9 25 2 1.828909e-05
10 25 2 8.558628e-06
11 25 2 4.080854e-06
12 25 2 2.363209e-06
1 26 2 2.849597e-08
2 26 2 2.345245e-08
3 26 2 3.878054e-08
4 26 2 8.656136e-08
5 26 2 2.438300e-07
6 26 2 4.657085e-07
7 26 2 5.052923e-07
8 26 2 3.780613e-07
9 26 2 2.067797e-07
10 26 2 8.323689e-08
11 26 2 4.348787e-08
12 26 2 2.688635e-08
1 27 2 1.325529e-07
2 27 2 1.170323e-07
3 27 2 2.051570e-07
4 27 2 5.225098e-07
5 27 2 1.471427e-06
6 27 2 3.041618e-06
7 27 2 3.430430e-06
8 27 2 2.581994e-06
9 27 2 1.334283e-06
10 27 2 5.010556e-07
11 27 2 2.655416e-07
12 27 2 1.642557e-07
1 28 2 9.456840e-09
2 28 2 8.605979e-09
3 28 2 1.447376e-08
4 28 2 3.934314e-08
5 28 2 1.123487e-07
6 28 2 2.405368e-07
7 28 2 2.867758e-07
8 28 2 2.160888e-07
9 28 2 1.111606e-07
10 28 2 4.329168e-08
11 28 2 2.161183e-08
12 28 2 1.347378e-08
1 29 2 1.268793e-08
2 29 2 1.200282e-08
3 29 2 1.912108e-08
4 29 2 5.749392e-08
5 29 2 1.719321e-07
6 29 2 4.231404e-07
7 29 2 5.764147e-07
8 29 2 4.288566e-07
9 29 2 1.969523e-07
10 29 2 7.299786e-08
11 29 2 3.450638e-08
12 29 2 2.154039e-08
1 30 2 2.876332e-09
2 30 2 2.515531e-09
3 30 2 3.998059e-09
4 30 2 1.223693e-08
5 30 2 3.389820e-08
6 30 2 9.218991e-08
7 30 2 1.336249e-07
8 30 2 1.023308e-07
9 30 2 4.630117e-08
10 30 2 1.812312e-08
11 30 2 8.359694e-09
12 30 2 5.006607e-09
1 31 2 5.133098e-09
2 31 2 3.955484e-09
3 31 2 6.008861e-09
4 31 2 1.672466e-08
5 31 2 4.319117e-08
6 31 2 1.137202e-07
7 31 2 1.603707e-07
8 31 2 1.294473e-07
9 31 2 6.475812e-08
10 31 2 2.965603e-08
11 31 2 1.423852e-08
12 31 2 7.934361e-09
1 32 2 6.071751e-09
2 32 2 5.026242e-09
3 32 2 7.025819e-09
4 32 2 1.561165e-08
5 32 2 4.169662e-08
6 32 2 9.877108e-08
7 32 2 1.274264e-07
8 32 2 1.052600e-07
9 32 2 5.877836e-08
10 32 2 3.030083e-08
11 32 2 1.565823e-08
12 32 2 8.120520e-09
1 35 2 4.275412e-07
2 35 2 4.073824e-07
3 35 2 4.425378e-07
4 35 2 5.897216e-07
5 35 2 9.244673e-07
6 35 2 1.411863e-06
7 35 2 1.698905e-06
8 35 2 1.560045e-06
9 35 2 1.060267e-06
10 35 2 7.665714e-07
11 35 2 5.806369e-07
12 35 2 4.717149e-07
1 36 2 5.127153e-08
2 36 2 4.813399e-08
3 36 2 5.334669e-08
4 36 2 6.407405e-08
5 36 2 8.763190e-08
6 36 2 1.264163e-07
7 36 2 1.488826e-07
8 36 2 1.516708e-07
9 36 2 1.157748e-07
10 36 2 9.070492e-08
11 36 2 6.942426e-08
12 36 2 5.752388e-08
1 37 2 1.184251e-06
2 37 2 1.146190e-06
3 37 2 1.444253e-06
4 37 2 1.857115e-06
5 37 2 2.807604e-06
6 37 2 4.258340e-06
7 37 2 4.952668e-06
8 37 2 4.868590e-06
9 37 2 3.582829e-06
10 37 2 2.686495e-06
11 37 2 1.893472e-06
12 37 2 1.450561e-06
1 38 2 3.365676e-05
2 38 2 3.362658e-05
3 38 2 5.122566e-05
4 38 2 7.595048e-05
5 38 2 1.386659e-04
6 38 2 2.460520e-04
7 38 2 2.916851e-04
8 38 2 2.529758e-04
9 38 2 1.634030e-04
10 38 2 1.116858e-04
11 38 2 6.381948e-05
12 38 2 4.605459e-05
1 39 2 3.592784e-04
2 39 2 3.742958e-04
3 39 2 6.062819e-04
4 39 2 9.361497e-04
5 39 2 1.816440e-03
6 39 2 3.511637e-03
7 39 2 4.360471e-03
8 39 2 3.530315e-03
9 39 2 2.225200e-03
10 39 2 1.405188e-03
11 39 2 7.112755e-04
12 39 2 5.191796e-04
1 40 2 8.973019e-05
2 40 2 9.844957e-05
3 40 2 1.755834e-04
4 40 2 2.952574e-04
5 40 2 6.454475e-04
6 40 2 1.465450e-03
7 40 2 1.833504e-03
8 40 2 1.345013e-03
9 40 2 8.285142e-04
10 40 2 4.464112e-04
11 40 2 1.912297e-04
12 40 2 1.424601e-04
1 41 2 4.777221e-05
2 41 2 5.107088e-05
3 41 2 1.023443e-04
4 41 2 1.822825e-04
5 41 2 4.571913e-04
6 41 2 1.160170e-03
7 41 2 1.500030e-03
8 41 2 1.052114e-03
9 41 2 5.879703e-04
10 41 2 2.548318e-04
11 41 2 9.789954e-05
12 41 2 8.159800e-05
1 42 2 2.586357e-05
2 42 2 2.705381e-05
3 42 2 5.834117e-05
4 42 2 1.150892e-04
5 42 2 3.271791e-04
6 42 2 9.074970e-04
7 42 2 1.270389e-03
8 42 2 8.483861e-04
9 42 2 4.017552e-04
10 42 2 1.437839e-04
11 42 2 5.360538e-05
12 42 2 4.397541e-05
1 43 2 7.254728e-07
2 43 2 7.522217e-07
3 43 2 1.774853e-06
4 43 2 4.330694e-06
5 43 2 1.449563e-05
6 43 2 4.274986e-05
7 43 2 6.249438e-05
8 43 2 3.922963e-05
9 43 2 1.604173e-05
10 43 2 4.925219e-06
11 43 2 1.679605e-06
12 43 2 1.176912e-06
1 44 2 2.998337e-06
2 44 2 3.012653e-06
3 44 2 6.552984e-06
4 44 2 1.771583e-05
5 44 2 6.618580e-05
6 44 2 2.085734e-04
7 44 2 3.048415e-04
8 44 2 1.838175e-04
9 44 2 6.626345e-05
10 44 2 1.963252e-05
11 44 2 6.443448e-06
12 44 2 4.356495e-06
1 45 2 6.878941e-06
2 45 2 7.709282e-06
3 45 2 1.404765e-05
4 45 2 4.142763e-05
5 45 2 1.734909e-04
6 45 2 5.756607e-04
7 45 2 8.053419e-04
8 45 2 4.903717e-04
9 45 2 1.686278e-04
10 45 2 4.305420e-05
11 45 2 1.247956e-05
12 45 2 8.156023e-06
1 46 2 3.121731e-06
2 46 2 3.927214e-06
3 46 2 6.173283e-06
4 46 2 1.714258e-05
5 46 2 6.731820e-05
6 46 2 2.088135e-04
7 46 2 2.921154e-04
8 46 2 1.830429e-04
9 46 2 6.875613e-05
10 46 2 1.666567e-05
11 46 2 4.582050e-06
12 46 2 3.267642e-06
1 47 2 4.103930e-06
2 47 2 5.222815e-06
3 47 2 7.359764e-06
4 47 2 1.648975e-05
5 47 2 5.620531e-05
6 47 2 1.548456e-04
7 47 2 2.100036e-04
8 47 2 1.423975e-04
9 47 2 6.032393e-05
10 47 2 1.860621e-05
11 47 2 5.489319e-06
12 47 2 4.172612e-06
1 48 2 5.554974e-06
2 48 2 6.381209e-06
3 48 2 8.776996e-06
4 48 2 1.713962e-05
5 48 2 5.318753e-05
6 48 2 1.223404e-04
7 48 2 1.625791e-04
8 48 2 1.143837e-04
9 48 2 5.445126e-05
10 48 2 2.030135e-05
11 48 2 7.308233e-06
12 48 2 4.846376e-06
1 49 2 1.481622e-08
2 49 2 1.348145e-08
3 49 2 1.529192e-08
4 49 2 1.789784e-08
5 49 2 2.559773e-08
6 49 2 3.894546e-08
7 49 2 5.808074e-08
8 49 2 5.461677e-08
9 49 2 3.809457e-08
10 49 2 2.726033e-08
11 49 2 1.990225e-08
12 49 2 1.451865e-08
1 50 2 6.038281e-08
2 50 2 5.212239e-08
3 50 2 6.109550e-08
4 50 2 6.964254e-08
5 50 2 9.801702e-08
6 50 2 1.438386e-07
7 50 2 1.985184e-07
8 50 2 1.909078e-07
9 50 2 1.382346e-07
10 50 2 9.853945e-08
11 50 2 7.377460e-08
12 50 2 5.808944e-08
1 51 2 2.323996e-08
2 51 2 2.121010e-08
3 51 2 2.304712e-08
4 51 2 2.660400e-08
5 51 2 3.626192e-08
6 51 2 5.085446e-08
7 51 2 6.627079e-08
8 51 2 6.572050e-08
9 51 2 5.460410e-08
10 51 2 3.840713e-08
11 51 2 2.878473e-08
12 51 2 2.412248e-08
1 52 2 1.166212e-05
2 52 2 1.225788e-05
3 52 2 1.539869e-05
4 52 2 2.244919e-05
5 52 2 3.796454e-05
6 52 2 5.224770e-05
7 52 2 6.701738e-05
8 52 2 6.268420e-05
9 52 2 5.060101e-05
10 52 2 2.890659e-05
11 52 2 1.739894e-05
12 52 2 1.341723e-05
1 53 2 3.798525e-06
2 53 2 4.765762e-06
3 53 2 8.074206e-06
4 53 2 1.762358e-05
5 53 2 3.356068e-05
6 53 2 5.011464e-05
7 53 2 6.956506e-05
8 53 2 5.927754e-05
9 53 2 4.011950e-05
10 53 2 1.769439e-05
11 53 2 7.892172e-06
12 53 2 5.000012e-06
1 54 2 1.631567e-06
2 54 2 2.116560e-06
3 54 2 3.958052e-06
4 54 2 9.835370e-06
5 54 2 1.937261e-05
6 54 2 3.741905e-05
7 54 2 5.315554e-05
8 54 2 4.457229e-05
9 54 2 2.703239e-05
10 54 2 1.149680e-05
11 54 2 4.928056e-06
12 54 2 2.718412e-06
1 55 2 1.428829e-06
2 55 2 1.593525e-06
3 55 2 2.972677e-06
4 55 2 6.960674e-06
5 55 2 1.381280e-05
6 55 2 2.949859e-05
7 55 2 4.100528e-05
8 55 2 3.536349e-05
9 55 2 2.242523e-05
10 55 2 1.075254e-05
11 55 2 5.030703e-06
12 55 2 2.880595e-06
1 56 2 5.542611e-06
2 56 2 5.752021e-06
3 56 2 9.962652e-06
4 56 2 2.221529e-05
5 56 2 4.855966e-05
6 56 2 9.572178e-05
7 56 2 1.323437e-04
8 56 2 1.098386e-04
9 56 2 7.179311e-05
10 56 2 3.699042e-05
11 56 2 1.667665e-05
12 56 2 9.564221e-06
1 57 2 1.131652e-06
2 57 2 1.079708e-06
3 57 2 1.327980e-06
4 57 2 2.015665e-06
5 57 2 3.372524e-06
6 57 2 5.487517e-06
7 57 2 7.814287e-06
8 57 2 7.042581e-06
9 57 2 5.239686e-06
10 57 2 3.365701e-06
11 57 2 2.058144e-06
12 57 2 1.479095e-06
1 60 2 2.430126e-04
2 60 2 2.353358e-04
3 60 2 2.698834e-04
4 60 2 3.200778e-04
5 60 2 3.946305e-04
6 60 2 5.193310e-04
7 60 2 6.046051e-04
8 60 2 6.048594e-04
9 60 2 5.133102e-04
10 60 2 4.190316e-04
11 60 2 3.351273e-04
12 60 2 2.777862e-04
1 61 2 7.813967e-04
2 61 2 7.860968e-04
3 61 2 1.105632e-03
4 61 2 1.665315e-03
5 61 2 2.429186e-03
6 61 2 3.422330e-03
7 61 2 4.049996e-03
8 61 2 3.896432e-03
9 61 2 3.027630e-03
10 61 2 2.059412e-03
11 61 2 1.343479e-03
12 61 2 9.423051e-04
1 62 2 3.135360e-03
2 62 2 3.433957e-03
3 62 2 5.405676e-03
4 62 2 9.785923e-03
5 62 2 1.678497e-02
6 62 2 2.381082e-02
7 62 2 2.911582e-02
8 62 2 2.717856e-02
9 62 2 1.893863e-02
10 62 2 1.129384e-02
11 62 2 6.133054e-03
12 62 2 3.991216e-03
1 63 2 5.541684e-03
2 63 2 6.727367e-03
3 63 2 1.125665e-02
4 63 2 2.367559e-02
5 63 2 4.543735e-02
6 63 2 6.754986e-02
7 63 2 8.637995e-02
8 63 2 7.516748e-02
9 63 2 4.590994e-02
10 63 2 2.507191e-02
11 63 2 1.158090e-02
12 63 2 7.581348e-03
1 64 2 1.324751e-03
2 64 2 1.697144e-03
3 64 2 3.231772e-03
4 64 2 7.654990e-03
5 64 2 1.639458e-02
6 64 2 2.626036e-02
7 64 2 3.328557e-02
8 64 2 2.602188e-02
9 64 2 1.489974e-02
10 64 2 6.586848e-03
11 64 2 3.009866e-03
12 64 2 2.059825e-03
1 65 2 4.477468e-04
2 65 2 5.552089e-04
3 65 2 1.216358e-03
4 65 2 3.430173e-03
5 65 2 7.191981e-03
6 65 2 1.222304e-02
7 65 2 1.584280e-02
8 65 2 1.182420e-02
9 65 2 6.706316e-03
10 65 2 2.379778e-03
11 65 2 1.047625e-03
12 65 2 7.592123e-04
1 66 2 2.966388e-04
2 66 2 3.667381e-04
3 66 2 8.718415e-04
4 66 2 2.860223e-03
5 66 2 5.947220e-03
6 66 2 1.022651e-02
7 66 2 1.410407e-02
8 66 2 1.066269e-02
9 66 2 6.031710e-03
10 66 2 1.998375e-03
11 66 2 7.658071e-04
12 66 2 4.750152e-04
1 67 2 1.001989e-04
2 67 2 1.336105e-04
3 67 2 3.397725e-04
4 67 2 1.255149e-03
5 67 2 2.847860e-03
6 67 2 4.857046e-03
7 67 2 6.790687e-03
8 67 2 5.225990e-03
9 67 2 2.858253e-03
10 67 2 1.051113e-03
11 67 2 3.323698e-04
12 67 2 1.495979e-04
1 68 2 2.417798e-05
2 68 2 3.246452e-05
3 68 2 9.641781e-05
4 68 2 4.431871e-04
5 68 2 1.207742e-03
6 68 2 2.314407e-03
7 68 2 3.318422e-03
8 68 2 2.468023e-03
9 68 2 1.184428e-03
10 68 2 4.351447e-04
11 68 2 9.922842e-05
12 68 2 3.452804e-05
1 69 2 1.458980e-05
2 69 2 2.068563e-05
3 69 2 4.946828e-05
4 69 2 2.169214e-04
5 69 2 6.955686e-04
6 69 2 1.646141e-03
7 69 2 2.411584e-03
8 69 2 1.856431e-03
9 69 2 7.975108e-04
10 69 2 2.593197e-04
11 69 2 5.024680e-05
12 69 2 1.889606e-05
1 70 2 6.064396e-05
2 70 2 7.088119e-05
3 70 2 1.015707e-04
4 70 2 2.649927e-04
5 70 2 6.645174e-04
6 70 2 1.613637e-03
7 70 2 2.611967e-03
8 70 2 2.380557e-03
9 70 2 1.229160e-03
10 70 2 4.381330e-04
11 70 2 1.332539e-04
12 70 2 7.501231e-05
1 71 2 5.203501e-05
2 71 2 5.280336e-05
3 71 2 5.975102e-05
4 71 2 9.588231e-05
5 71 2 1.856884e-04
6 71 2 3.873635e-04
7 71 2 5.944814e-04
8 71 2 5.910636e-04
9 71 2 3.792208e-04
10 71 2 1.806178e-04
11 71 2 8.628572e-05
12 71 2 5.992835e-05
1 72 2 2.189579e-07
2 72 2 2.091239e-07
3 72 2 2.265640e-07
4 72 2 2.888713e-07
5 72 2 4.494625e-07
6 72 2 7.820797e-07
7 72 2 1.211352e-06
8 72 2 1.165036e-06
9 72 2 8.150985e-07
10 72 2 4.942295e-07
11 72 2 3.045135e-07
12 72 2 2.174627e-07
1 76 2 2.111281e-05
2 76 2 1.931605e-05
3 76 2 1.951046e-05
4 76 2 2.122273e-05
5 76 2 2.885266e-05
6 76 2 4.114206e-05
7 76 2 5.516922e-05
8 76 2 5.887567e-05
9 76 2 5.609706e-05
10 76 2 3.746163e-05
11 76 2 2.418306e-05
12 76 2 2.115019e-05
1 77 2 2.492644e-05
2 77 2 3.236678e-05
3 77 2 4.239855e-05
4 77 2 6.852537e-05
5 77 2 1.150569e-04
6 77 2 1.776358e-04
7 77 2 2.413591e-04
8 77 2 2.290889e-04
9 77 2 1.696994e-04
10 77 2 8.573413e-05
11 77 2 3.762039e-05
12 77 2 2.371194e-05
1 78 2 2.354158e-05
2 78 2 3.216625e-05
3 78 2 4.479343e-05
4 78 2 8.034173e-05
5 78 2 1.256313e-04
6 78 2 1.994589e-04
7 78 2 2.462099e-04
8 78 2 2.305457e-04
9 78 2 1.494833e-04
10 78 2 7.927392e-05
11 78 2 4.280963e-05
12 78 2 2.471545e-05
1 79 2 8.176318e-05
2 79 2 1.003248e-04
3 79 2 1.473057e-04
4 79 2 2.443309e-04
5 79 2 3.712065e-04
6 79 2 6.064291e-04
7 79 2 7.431031e-04
8 79 2 7.039584e-04
9 79 2 4.860875e-04
10 79 2 2.934245e-04
11 79 2 1.671781e-04
12 79 2 1.024102e-04
1 80 2 3.850389e-05
2 80 2 3.857907e-05
3 80 2 4.847701e-05
4 80 2 6.554649e-05
5 80 2 9.775676e-05
6 80 2 1.487334e-04
7 80 2 1.915168e-04
8 80 2 1.895985e-04
9 80 2 1.573633e-04
10 80 2 1.103281e-04
11 80 2 6.436101e-05
12 80 2 4.757350e-05
1 81 2 1.710285e-11
2 81 2 1.549931e-11
3 81 2 1.632498e-11
4 81 2 1.935742e-11
5 81 2 2.787451e-11
6 81 2 3.756010e-11
7 81 2 5.011750e-11
8 81 2 5.377496e-11
9 81 2 4.889822e-11
10 81 2 3.751927e-11
11 81 2 2.480167e-11
12 81 2 2.030503e-11
1 84 2 5.859516e-04
2 84 2 6.194982e-04
3 84 2 7.661953e-04
4 84 2 9.682314e-04
5 84 2 1.298106e-03
6 84 2 2.127041e-03
7 84 2 2.848796e-03
8 84 2 2.729854e-03
9 84 2 2.048337e-03
10 84 2 1.292706e-03
11 84 2 8.684102e-04
12 84 2 6.633716e-04
1 85 2 3.714240e-04
2 85 2 4.182528e-04
3 85 2 5.437960e-04
4 85 2 7.900850e-04
5 85 2 1.264754e-03
6 85 2 1.932110e-03
7 85 2 2.673253e-03
8 85 2 2.543089e-03
9 85 2 1.831197e-03
10 85 2 1.010099e-03
11 85 2 5.696533e-04
12 85 2 4.133409e-04
1 86 2 1.125514e-04
2 86 2 1.274317e-04
3 86 2 1.628483e-04
4 86 2 2.365413e-04
5 86 2 3.801686e-04
6 86 2 5.516163e-04
7 86 2 7.577743e-04
8 86 2 7.602531e-04
9 86 2 5.627321e-04
10 86 2 3.263221e-04
11 86 2 1.797543e-04
12 86 2 1.284692e-04
1 87 2 1.079009e-03
2 87 2 1.459775e-03
3 87 2 2.084291e-03
4 87 2 3.294788e-03
5 87 2 5.780268e-03
6 87 2 8.688475e-03
7 87 2 1.177888e-02
8 87 2 1.200229e-02
9 87 2 8.701715e-03
10 87 2 4.899297e-03
11 87 2 2.152622e-03
12 87 2 1.308467e-03
1 88 2 3.548612e-04
2 88 2 5.039315e-04
3 88 2 7.902389e-04
4 88 2 1.499394e-03
5 88 2 3.077198e-03
6 88 2 4.836510e-03
7 88 2 6.193824e-03
8 88 2 5.432468e-03
9 88 2 3.510462e-03
10 88 2 1.658979e-03
11 88 2 8.505070e-04
12 88 2 4.724255e-04
1 89 2 8.513667e-04
2 89 2 1.184566e-03
3 89 2 2.248270e-03
4 89 2 4.228613e-03
5 89 2 8.438683e-03
6 89 2 1.260641e-02
7 89 2 1.470619e-02
8 89 2 1.287912e-02
9 89 2 8.404982e-03
10 89 2 3.999682e-03
11 89 2 2.200825e-03
12 89 2 1.218166e-03
1 90 2 1.372832e-04
2 90 2 1.809347e-04
3 90 2 3.590456e-04
4 90 2 6.444104e-04
5 90 2 9.894547e-04
6 90 2 1.309709e-03
7 90 2 1.470884e-03
8 90 2 1.360975e-03
9 90 2 9.918204e-04
10 90 2 5.915787e-04
11 90 2 3.261689e-04
12 90 2 1.856808e-04
1 91 2 1.349143e-07
2 91 2 1.908978e-07
3 91 2 3.988277e-07
4 91 2 7.536591e-07
5 91 2 1.112283e-06
6 91 2 1.413816e-06
7 91 2 1.587509e-06
8 91 2 1.455898e-06
9 91 2 1.046821e-06
10 91 2 6.479847e-07
11 91 2 3.358370e-07
12 91 2 1.724041e-07
1 92 2 5.907659e-07
2 92 2 8.438731e-07
3 92 2 2.115377e-06
4 92 2 5.046799e-06
5 92 2 9.517530e-06
6 92 2 1.458421e-05
7 92 2 1.750638e-05
8 92 2 1.593361e-05
9 92 2 9.968220e-06
10 92 2 5.297789e-06
11 92 2 2.077796e-06
12 92 2 8.919469e-07
1 93 2 1.251978e-04
2 93 2 1.510624e-04
3 93 2 3.105923e-04
4 93 2 7.238699e-04
5 93 2 1.291343e-03
6 93 2 2.049271e-03
7 93 2 2.748990e-03
8 93 2 2.702491e-03
9 93 2 1.817709e-03
10 93 2 1.046779e-03
11 93 2 4.482880e-04
12 93 2 1.867209e-04
1 94 2 3.455446e-05
2 94 2 3.438026e-05
3 94 2 4.590596e-05
4 94 2 8.135381e-05
5 94 2 1.388660e-04
6 94 2 2.186615e-04
7 94 2 3.020800e-04
8 94 2 3.292004e-04
9 94 2 2.711673e-04
10 94 2 1.636761e-04
11 94 2 8.784901e-05
12 94 2 4.799860e-05
1 98 2 2.673008e-06
2 98 2 2.488215e-06
3 98 2 2.343040e-06
4 98 2 2.494663e-06
5 98 2 2.831271e-06
6 98 2 3.239812e-06
7 98 2 3.644123e-06
8 98 2 3.840728e-06
9 98 2 3.789939e-06
10 98 2 3.582504e-06
11 98 2 3.222437e-06
12 98 2 2.932452e-06
1 101 2 3.473750e-05
2 101 2 3.569397e-05
3 101 2 3.657707e-05
4 101 2 4.510508e-05
5 101 2 5.800602e-05
6 101 2 6.772807e-05
7 101 2 7.229585e-05
8 101 2 7.244297e-05
9 101 2 6.964425e-05
10 101 2 5.971281e-05
11 101 2 4.591752e-05
12 101 2 3.682913e-05
1 102 2 1.936239e-04
2 102 2 2.188651e-04
3 102 2 2.689892e-04
4 102 2 3.364515e-04
5 102 2 3.893540e-04
6 102 2 4.250497e-04
7 102 2 4.370189e-04
8 102 2 4.425410e-04
9 102 2 3.988530e-04
10 102 2 3.072767e-04
11 102 2 2.466281e-04
12 102 2 2.021424e-04
1 103 2 7.498757e-05
2 103 2 7.652544e-05
3 103 2 8.340314e-05
4 103 2 9.424239e-05
5 103 2 1.097528e-04
6 103 2 1.255980e-04
7 103 2 1.358811e-04
8 103 2 1.426042e-04
9 103 2 1.398652e-04
10 103 2 1.222300e-04
11 103 2 1.005534e-04
12 103 2 8.360682e-05
1 104 2 5.834691e-05
2 104 2 5.598822e-05
3 104 2 5.659657e-05
4 104 2 6.204997e-05
5 104 2 7.255574e-05
6 104 2 8.326122e-05
7 104 2 9.344619e-05
8 104 2 1.009447e-04
9 104 2 1.017572e-04
10 104 2 9.506136e-05
11 104 2 7.819654e-05
12 104 2 6.474664e-05
1 107 2 3.147480e-05
2 107 2 3.320534e-05
3 107 2 3.876843e-05
4 107 2 4.442435e-05
5 107 2 4.981911e-05
6 107 2 6.378043e-05
7 107 2 6.971472e-05
8 107 2 6.943263e-05
9 107 2 6.499934e-05
10 107 2 5.559732e-05
11 107 2 4.419783e-05
12 107 2 3.456437e-05
1 108 2 2.827285e-06
2 108 2 3.613274e-06
3 108 2 5.248667e-06
4 108 2 8.129038e-06
5 108 2 1.261844e-05
6 108 2 1.731920e-05
7 108 2 1.853968e-05
8 108 2 1.638518e-05
9 108 2 1.325819e-05
10 108 2 9.147235e-06
11 108 2 4.764780e-06
12 108 2 3.033248e-06
1 109 2 5.365826e-06
2 109 2 7.087474e-06
3 109 2 1.108527e-05
4 109 2 1.923754e-05
5 109 2 3.277660e-05
6 109 2 4.131656e-05
7 109 2 4.198136e-05
8 109 2 3.859266e-05
9 109 2 3.099101e-05
10 109 2 2.174528e-05
11 109 2 9.671759e-06
12 109 2 5.649883e-06
1 110 2 2.363627e-06
2 110 2 3.010809e-06
3 110 2 4.835512e-06
4 110 2 7.485185e-06
5 110 2 1.160922e-05
6 110 2 1.344404e-05
7 110 2 1.445364e-05
8 110 2 1.429453e-05
9 110 2 1.203566e-05
10 110 2 8.774761e-06
11 110 2 4.244394e-06
12 110 2 2.498296e-06
1 111 2 8.113956e-05
2 111 2 1.014819e-04
3 111 2 1.642970e-04
4 111 2 2.490059e-04
5 111 2 3.763360e-04
6 111 2 4.826428e-04
7 111 2 5.101896e-04
8 111 2 5.053232e-04
9 111 2 4.303268e-04
10 111 2 2.801220e-04
11 111 2 1.508997e-04
12 111 2 9.217228e-05
1 112 2 9.336019e-05
2 112 2 1.203766e-04
3 112 2 2.111748e-04
4 112 2 3.511713e-04
5 112 2 5.340152e-04
6 112 2 6.507605e-04
7 112 2 6.627821e-04
8 112 2 6.177814e-04
9 112 2 4.716081e-04
10 112 2 3.130881e-04
11 112 2 1.796799e-04
12 112 2 1.104474e-04
1 113 2 5.357568e-05
2 113 2 6.787541e-05
3 113 2 1.140311e-04
4 113 2 1.705231e-04
5 113 2 2.098450e-04
6 113 2 1.832257e-04
7 113 2 1.572185e-04
8 113 2 1.501565e-04
9 113 2 1.485118e-04
10 113 2 1.356055e-04
11 113 2 9.484754e-05
12 113 2 6.406097e-05
1 114 2 1.460619e-04
2 114 2 1.980673e-04
3 114 2 3.528907e-04
4 114 2 5.144032e-04
5 114 2 5.934700e-04
6 114 2 4.344535e-04
7 114 2 3.588292e-04
8 114 2 3.289104e-04
9 114 2 3.174103e-04
10 114 2 2.840880e-04
11 114 2 2.165664e-04
12 114 2 1.604187e-04
1 115 2 4.899847e-05
2 115 2 7.128838e-05
3 115 2 1.130037e-04
4 115 2 1.400780e-04
5 115 2 1.250962e-04
6 115 2 1.161478e-04
7 115 2 1.120224e-04
8 115 2 1.074775e-04
9 115 2 9.884725e-05
10 115 2 8.833515e-05
11 115 2 6.710315e-05
12 115 2 4.814147e-05
1 116 2 3.238554e-05
2 116 2 4.145745e-05
3 116 2 6.339833e-05
4 116 2 8.973801e-05
5 116 2 1.043710e-04
6 116 2 1.188521e-04
7 116 2 1.246025e-04
8 116 2 1.192722e-04
9 116 2 9.662379e-05
10 116 2 7.724856e-05
11 116 2 5.611957e-05
12 116 2 3.696916e-05
1 117 2 6.438885e-06
2 117 2 6.723806e-06
3 117 2 8.491549e-06
4 117 2 1.162384e-05
5 117 2 1.480201e-05
6 117 2 1.753711e-05
7 117 2 1.867008e-05
8 117 2 1.864560e-05
9 117 2 1.701298e-05
10 117 2 1.456414e-05
11 117 2 1.175708e-05
12 117 2 8.493162e-06
1 126 2 6.414957e-07
2 126 2 6.667691e-07
3 126 2 7.226866e-07
4 126 2 7.631130e-07
5 126 2 7.539627e-07
6 126 2 7.007238e-07
7 126 2 6.754570e-07
8 126 2 6.820562e-07
9 126 2 6.784454e-07
10 126 2 6.666812e-07
11 126 2 6.514302e-07
12 126 2 6.415671e-07
1 127 2 6.454801e-05
2 127 2 6.564665e-05
3 127 2 6.928863e-05
4 127 2 7.193631e-05
5 127 2 7.291635e-05
6 127 2 7.062872e-05
7 127 2 7.064821e-05
8 127 2 7.226947e-05
9 127 2 7.149908e-05
10 127 2 6.863355e-05
11 127 2 6.651442e-05
12 127 2 6.569109e-05
1 128 2 2.924488e-04
2 128 2 3.003422e-04
3 128 2 3.083204e-04
4 128 2 3.009731e-04
5 128 2 2.927726e-04
6 128 2 2.839780e-04
7 128 2 3.026682e-04
8 128 2 3.441350e-04
9 128 2 3.618548e-04
10 128 2 3.417889e-04
11 128 2 3.108071e-04
12 128 2 2.928421e-04
1 129 2 8.336746e-06
2 129 2 8.222281e-06
3 129 2 8.429656e-06
4 129 2 8.674117e-06
5 129 2 8.807956e-06
6 129 2 9.046233e-06
7 129 2 9.452420e-06
8 129 2 1.030312e-05
9 129 2 1.076459e-05
10 129 2 1.081202e-05
11 129 2 9.871741e-06
12 129 2 8.769839e-06
1 133 2 1.791387e-04
2 133 2 2.082752e-04
3 133 2 2.500232e-04
4 133 2 2.567077e-04
5 133 2 2.448729e-04
6 133 2 2.250712e-04
7 133 2 2.008782e-04
8 133 2 1.880996e-04
9 133 2 1.961460e-04
10 133 2 2.089030e-04
11 133 2 1.992968e-04
12 133 2 1.743848e-04
1 135 2 7.742671e-06
2 135 2 8.723280e-06
3 135 2 1.037397e-05
4 135 2 1.117229e-05
5 135 2 1.073550e-05
6 135 2 9.577162e-06
7 135 2 8.273719e-06
8 135 2 8.356521e-06
9 135 2 8.879758e-06
10 135 2 8.350897e-06
11 135 2 8.004261e-06
12 135 2 7.518909e-06
1 136 2 8.663982e-06
2 136 2 8.916991e-06
3 136 2 1.102752e-05
4 136 2 1.340611e-05
5 136 2 1.468030e-05
6 136 2 1.339403e-05
7 136 2 1.185215e-05
8 136 2 1.182497e-05
9 136 2 1.188609e-05
10 136 2 1.118122e-05
11 136 2 1.057178e-05
12 136 2 9.387874e-06
1 137 2 2.106010e-06
2 137 2 2.209422e-06
3 137 2 2.533148e-06
4 137 2 2.783558e-06
5 137 2 2.747540e-06
6 137 2 2.528013e-06
7 137 2 2.338681e-06
8 137 2 2.256593e-06
9 137 2 2.258011e-06
10 137 2 2.352326e-06
11 137 2 2.325717e-06
12 137 2 2.192943e-06
1 138 2 8.420434e-05
2 138 2 9.259610e-05
3 138 2 1.074252e-04
4 138 2 1.195575e-04
5 138 2 1.206262e-04
6 138 2 1.060183e-04
7 138 2 9.821581e-05
8 138 2 9.471697e-05
9 138 2 9.497540e-05
10 138 2 9.552883e-05
11 138 2 9.266478e-05
12 138 2 8.593883e-05
1 139 2 1.421953e-04
2 139 2 1.619342e-04
3 139 2 1.809455e-04
4 139 2 1.899152e-04
5 139 2 1.872389e-04
6 139 2 1.743702e-04
7 139 2 1.649806e-04
8 139 2 1.588210e-04
9 139 2 1.567625e-04
10 139 2 1.579795e-04
11 139 2 1.503296e-04
12 139 2 1.376066e-04
1 140 2 4.707993e-05
2 140 2 4.868240e-05
3 140 2 5.287286e-05
4 140 2 5.990408e-05
5 140 2 6.360956e-05
6 140 2 6.109710e-05
7 140 2 5.784902e-05
8 140 2 5.579489e-05
9 140 2 5.498149e-05
10 140 2 5.528536e-05
11 140 2 5.411770e-05
12 140 2 5.045422e-05
1 141 2 7.389548e-05
2 141 2 7.313088e-05
3 141 2 7.522554e-05
4 141 2 8.255940e-05
5 141 2 8.909255e-05
6 141 2 8.809798e-05
7 141 2 8.571570e-05
8 141 2 8.311817e-05
9 141 2 8.241374e-05
10 141 2 8.260750e-05
11 141 2 8.343202e-05
12 141 2 8.100598e-05
1 150 2 8.569929e-08
2 150 2 9.381135e-08
3 150 2 1.004144e-07
4 150 2 1.026819e-07
5 150 2 9.607897e-08
6 150 2 8.473733e-08
7 150 2 7.730409e-08
8 150 2 7.543736e-08
9 150 2 7.299849e-08
10 150 2 7.133765e-08
11 150 2 7.272463e-08
12 150 2 7.737692e-08
1 151 2 5.541664e-05
2 151 2 5.894206e-05
3 151 2 6.249607e-05
4 151 2 6.396970e-05
5 151 2 6.189513e-05
6 151 2 5.826248e-05
7 151 2 5.697513e-05
8 151 2 5.917483e-05
9 151 2 5.633970e-05
10 151 2 5.286898e-05
11 151 2 5.131872e-05
12 151 2 5.259899e-05
1 152 2 4.394167e-05
2 152 2 4.450968e-05
3 152 2 4.492172e-05
4 152 2 4.268724e-05
5 152 2 4.103387e-05
6 152 2 4.030103e-05
7 152 2 4.607485e-05
8 152 2 6.143526e-05
9 152 2 6.522025e-05
10 152 2 5.558783e-05
11 152 2 4.766886e-05
12 152 2 4.408391e-05
1 153 2 5.090728e-05
2 153 2 5.214212e-05
3 153 2 5.501353e-05
4 153 2 5.396102e-05
5 153 2 5.211024e-05
6 153 2 5.116181e-05
7 153 2 5.972208e-05
8 153 2 7.804600e-05
9 153 2 9.492570e-05
10 153 2 8.484408e-05
11 153 2 6.418019e-05
12 153 2 5.354969e-05
1 154 2 1.385658e-04
2 154 2 1.378139e-04
3 154 2 1.434131e-04
4 154 2 1.374164e-04
5 154 2 1.284968e-04
6 154 2 1.155844e-04
7 154 2 1.091420e-04
8 154 2 1.136967e-04
9 154 2 1.281915e-04
10 154 2 1.440644e-04
11 154 2 1.518278e-04
12 154 2 1.468103e-04
1 157 2 5.524178e-06
2 157 2 5.736307e-06
3 157 2 6.141538e-06
4 157 2 6.055021e-06
5 157 2 5.901905e-06
6 157 2 5.548805e-06
7 157 2 5.294351e-06
8 157 2 5.240985e-06
9 157 2 5.203105e-06
10 157 2 5.293827e-06
11 157 2 5.331780e-06
12 157 2 5.401361e-06
1 163 2 2.568868e-05
2 163 2 2.603288e-05
3 163 2 2.680540e-05
4 163 2 2.841390e-05
5 163 2 2.844163e-05
6 163 2 2.629540e-05
7 163 2 2.431001e-05
8 163 2 2.282758e-05
9 163 2 2.315446e-05
10 163 2 2.449653e-05
11 163 2 2.545414e-05
12 163 2 2.565358e-05
1 164 2 9.723058e-05
2 164 2 9.639924e-05
3 164 2 9.908267e-05
4 164 2 1.037050e-04
5 164 2 1.024851e-04
6 164 2 9.479082e-05
7 164 2 8.773727e-05
8 164 2 8.570315e-05
9 164 2 9.177061e-05
10 164 2 1.005388e-04
11 164 2 1.025692e-04
12 164 2 1.008612e-04
1 165 2 4.225353e-05
2 165 2 4.141144e-05
3 165 2 4.193205e-05
4 165 2 4.285953e-05
5 165 2 4.238910e-05
6 165 2 3.900398e-05
7 165 2 3.677542e-05
8 165 2 3.722339e-05
9 165 2 3.967612e-05
10 165 2 4.242236e-05
11 165 2 4.462656e-05
12 165 2 4.467913e-05
1 166 2 1.843733e-05
2 166 2 1.825327e-05
3 166 2 1.795169e-05
4 166 2 1.786747e-05
5 166 2 1.728243e-05
6 166 2 1.598337e-05
7 166 2 1.509314e-05
8 166 2 1.520574e-05
9 166 2 1.577483e-05
10 166 2 1.659396e-05
11 166 2 1.789073e-05
12 166 2 1.879216e-05
1 170 2 8.502281e-07
2 170 2 9.350825e-07
3 170 2 9.187134e-07
4 170 2 8.350614e-07
5 170 2 6.958556e-07
6 170 2 5.850930e-07
7 170 2 5.534064e-07
8 170 2 5.283249e-07
9 170 2 5.372108e-07
10 170 2 5.981805e-07
11 170 2 6.599808e-07
12 170 2 7.600088e-07
1 171 2 3.056415e-06
2 171 2 3.355065e-06
3 171 2 3.395683e-06
4 171 2 3.021083e-06
5 171 2 2.513202e-06
6 171 2 2.153695e-06
7 171 2 1.955324e-06
8 171 2 1.852731e-06
9 171 2 1.879725e-06
10 171 2 2.044616e-06
11 171 2 2.333604e-06
12 171 2 2.756928e-06
1 175 2 8.790675e-08
2 175 2 9.293792e-08
3 175 2 9.320451e-08
4 175 2 8.729711e-08
5 175 2 7.584744e-08
6 175 2 6.911624e-08
7 175 2 6.768215e-08
8 175 2 6.711070e-08
9 175 2 6.242027e-08
10 175 2 6.309806e-08
11 175 2 6.596843e-08
12 175 2 7.695255e-08
1 176 2 5.548311e-05
2 176 2 5.589909e-05
3 176 2 5.472503e-05
4 176 2 4.833409e-05
5 176 2 3.910012e-05
6 176 2 3.543205e-05
7 176 2 3.536743e-05
8 176 2 4.034953e-05
9 176 2 4.394482e-05
10 176 2 4.689982e-05
11 176 2 5.006207e-05
12 176 2 5.317820e-05
1 177 2 2.785950e-04
2 177 2 2.707183e-04
3 177 2 2.556085e-04
4 177 2 2.235126e-04
5 177 2 1.827724e-04
6 177 2 1.560722e-04
7 177 2 1.623907e-04
8 177 2 1.945739e-04
9 177 2 2.445490e-04
10 177 2 2.543216e-04
11 177 2 2.594801e-04
12 177 2 2.600103e-04
1 178 2 1.015393e-04
2 178 2 1.003526e-04
3 178 2 9.619531e-05
4 178 2 8.062713e-05
5 178 2 7.020241e-05
6 178 2 5.933666e-05
7 178 2 5.651441e-05
8 178 2 5.693035e-05
9 178 2 6.492762e-05
10 178 2 6.986028e-05
11 178 2 7.890322e-05
12 178 2 8.759915e-05
1 181 2 1.242966e-06
2 181 2 1.312847e-06
3 181 2 1.330926e-06
4 181 2 1.272543e-06
5 181 2 1.049452e-06
6 181 2 9.074574e-07
7 181 2 8.023792e-07
8 181 2 8.211697e-07
9 181 2 8.896540e-07
10 181 2 9.633292e-07
11 181 2 1.090983e-06
12 181 2 1.161581e-06
1 182 2 1.480910e-04
2 182 2 1.368817e-04
3 182 2 1.290733e-04
4 182 2 1.078198e-04
5 182 2 8.443249e-05
6 182 2 6.315044e-05
7 182 2 6.261353e-05
8 182 2 8.700926e-05
9 182 2 1.207347e-04
10 182 2 1.480768e-04
11 182 2 1.636553e-04
12 182 2 1.570850e-04
1 183 2 3.149479e-05
2 183 2 3.025602e-05
3 183 2 2.888505e-05
4 183 2 2.619085e-05
5 183 2 2.203653e-05
6 183 2 1.788526e-05
7 183 2 1.664035e-05
8 183 2 1.975978e-05
9 183 2 2.297524e-05
10 183 2 2.717969e-05
11 183 2 2.959042e-05
12 183 2 3.043566e-05
1 184 2 9.831487e-06
2 184 2 9.961831e-06
3 184 2 9.647876e-06
4 184 2 8.682465e-06
5 184 2 7.218141e-06
6 184 2 5.833619e-06
7 184 2 5.260458e-06
8 184 2 5.494034e-06
9 184 2 5.820010e-06
10 184 2 6.683549e-06
11 184 2 7.820202e-06
12 184 2 8.913300e-06
1 188 2 4.935145e-07
2 188 2 4.892116e-07
3 188 2 4.534553e-07
4 188 2 3.702772e-07
5 188 2 2.616971e-07
6 188 2 1.990561e-07
7 188 2 1.712861e-07
8 188 2 1.742368e-07
9 188 2 2.360029e-07
10 188 2 3.101410e-07
11 188 2 3.693472e-07
12 188 2 4.606752e-07
1 189 2 4.303409e-07
2 189 2 3.977218e-07
3 189 2 3.607691e-07
4 189 2 2.666620e-07
5 189 2 1.765541e-07
6 189 2 1.248524e-07
7 189 2 1.187080e-07
8 189 2 1.458127e-07
9 189 2 2.345652e-07
10 189 2 3.339865e-07
11 189 2 4.062390e-07
12 189 2 4.245178e-07
1 190 2 1.761682e-06
2 190 2 1.669226e-06
3 190 2 1.448892e-06
4 190 2 1.026220e-06
5 190 2 7.159933e-07
6 190 2 5.194123e-07
7 190 2 4.880461e-07
8 190 2 5.883382e-07
9 190 2 8.263867e-07
10 190 2 1.126565e-06
11 190 2 1.476160e-06
12 190 2 1.656224e-06
1 191 2 1.864233e-06
2 191 2 1.931838e-06
3 191 2 1.877756e-06
4 191 2 1.551237e-06
5 191 2 1.275611e-06
6 191 2 1.047892e-06
7 191 2 9.212738e-07
8 191 2 9.356337e-07
9 191 2 1.020795e-06
10 191 2 1.145738e-06
11 191 2 1.409137e-06
12 191 2 1.657837e-06
1 192 2 5.870486e-06
2 192 2 6.344363e-06
3 192 2 6.181369e-06
4 192 2 5.352140e-06
5 192 2 4.523365e-06
6 192 2 3.851464e-06
7 192 2 3.384671e-06
8 192 2 3.145154e-06
9 192 2 3.238397e-06
10 192 2 3.556130e-06
11 192 2 4.245100e-06
12 192 2 5.097436e-06
1 200 2 2.223322e-04
2 200 2 2.287245e-04
3 200 2 1.870464e-04
4 200 2 1.236510e-04
5 200 2 8.093581e-05
6 200 2 6.591473e-05
7 200 2 6.262241e-05
8 200 2 6.753295e-05
9 200 2 7.480469e-05
10 200 2 9.564145e-05
11 200 2 1.329079e-04
12 200 2 1.831200e-04
1 201 2 1.852396e-04
2 201 2 1.911289e-04
3 201 2 1.749672e-04
4 201 2 1.346772e-04
5 201 2 1.014922e-04
6 201 2 8.396727e-05
7 201 2 7.935377e-05
8 201 2 8.208427e-05
9 201 2 8.123885e-05
10 201 2 9.666371e-05
11 201 2 1.232203e-04
12 201 2 1.534670e-04
1 206 2 9.850374e-05
2 206 2 1.063969e-04
3 206 2 9.626070e-05
4 206 2 8.214364e-05
5 206 2 6.793236e-05
6 206 2 5.923128e-05
7 206 2 5.080237e-05
8 206 2 4.988150e-05
9 206 2 5.399620e-05
10 206 2 6.112065e-05
11 206 2 7.164751e-05
12 206 2 8.440819e-05
1 207 2 3.733533e-06
2 207 2 4.076550e-06
3 207 2 3.866113e-06
4 207 2 3.505601e-06
5 207 2 3.108951e-06
6 207 2 2.666534e-06
7 207 2 2.350310e-06
8 207 2 2.314457e-06
9 207 2 2.335139e-06
10 207 2 2.572072e-06
11 207 2 2.771931e-06
12 207 2 3.170917e-06
1 212 2 6.948373e-07
2 212 2 7.416959e-07
3 212 2 6.583277e-07
4 212 2 5.534500e-07
5 212 2 4.313705e-07
6 212 2 3.481518e-07
7 212 2 2.889857e-07
8 212 2 2.793020e-07
9 212 2 3.172108e-07
10 212 2 3.742938e-07
11 212 2 4.439777e-07
12 212 2 5.870233e-07
1 213 2 1.511146e-07
2 213 2 1.651569e-07
3 213 2 1.399639e-07
4 213 2 1.184395e-07
5 213 2 9.139185e-08
6 213 2 7.045027e-08
7 213 2 5.979164e-08
8 213 2 5.837112e-08
9 213 2 7.031049e-08
10 213 2 8.664956e-08
11 213 2 1.064046e-07
12 213 2 1.302092e-07
1 214 2 5.381306e-06
2 214 2 5.704858e-06
3 214 2 4.583499e-06
4 214 2 3.404325e-06
5 214 2 2.516421e-06
6 214 2 1.854487e-06
7 214 2 1.606014e-06
8 214 2 1.655679e-06
9 214 2 2.089941e-06
10 214 2 2.801897e-06
11 214 2 3.835540e-06
12 214 2 4.651843e-06
1 215 2 1.992090e-06
2 215 2 2.049130e-06
3 215 2 1.910500e-06
4 215 2 1.522588e-06
5 215 2 1.236730e-06
6 215 2 9.936865e-07
7 215 2 8.586827e-07
8 215 2 8.607942e-07
9 215 2 9.680209e-07
10 215 2 1.151634e-06
11 215 2 1.450066e-06
12 215 2 1.751759e-06
1 216 2 1.848989e-06
2 216 2 1.930481e-06
3 216 2 1.810315e-06
4 216 2 1.471681e-06
5 216 2 1.178438e-06
6 216 2 1.013772e-06
7 216 2 8.908414e-07
8 216 2 8.518095e-07
9 216 2 8.839034e-07
10 216 2 1.004639e-06
11 216 2 1.208411e-06
12 216 2 1.553026e-06
1 224 2 6.494626e-06
2 224 2 7.100164e-06
3 224 2 6.195759e-06
4 224 2 5.335478e-06
5 224 2 4.308498e-06
6 224 2 3.661388e-06
7 224 2 3.326336e-06
8 224 2 3.474319e-06
9 224 2 3.572941e-06
10 224 2 4.214113e-06
11 224 2 5.032483e-06
12 224 2 6.004149e-06
1 240 2 1.142275e-07
2 240 2 1.165113e-07
3 240 2 1.065467e-07
4 240 2 9.409747e-08
5 240 2 8.178281e-08
6 240 2 7.054052e-08
7 240 2 6.910956e-08
8 240 2 7.124795e-08
9 240 2 6.935560e-08
10 240 2 7.468874e-08
11 240 2 8.206458e-08
12 240 2 1.017048e-07
