1 7 2 8.214816e-11
2 7 2 7.017826e-11
3 7 2 7.675012e-11
4 7 2 1.983676e-10
5 7 2 6.825265e-10
6 7 2 1.838300e-09
7 7 2 2.487274e-09
8 7 2 1.695847e-09
9 7 2 7.333969e-10
10 7 2 3.215192e-10
11 7 2 1.703452e-10
12 7 2 1.004926e-10
1 25 2 2.170912e-06
2 25 2 2.061273e-06
3 25 2 2.903992e-06
4 25 2 5.299141e-06
5 25 2 1.482444e-05
6 25 2 2.688224e-05
7 25 2 3.258915e-05
8 25 2 2.499012e-05
9 25 2 1.412074e-05
10 25 2 6.607995e-06
11 25 2 3.150769e-06
12 25 2 1.824600e-06
1 26 2 2.364799e-08
2 26 2 1.946252e-08
3 26 2 3.218287e-08
4 26 2 7.183481e-08
5 26 2 2.023476e-07
6 26 2 3.864782e-07
7 26 2 4.193277e-07
8 26 2 3.137423e-07
9 26 2 1.716005e-07
10 26 2 6.907592e-08
11 26 2 3.608934e-08
12 26 2 2.231221e-08
1 27 2 1.113554e-07
2 27 2 9.831682e-08
3 27 2 1.723489e-07
4 27 2 4.389514e-07
5 27 2 1.236120e-06
6 27 2 2.555210e-06
7 27 2 2.881844e-06
8 27 2 2.169089e-06
9 27 2 1.120908e-06
10 27 2 4.209281e-07
11 27 2 2.230769e-07
12 27 2 1.379884e-07
1 28 2 8.550666e-09
2 28 2 7.781335e-09
3 28 2 1.308686e-08
4 28 2 3.557320e-08
5 28 2 1.015832e-07
6 28 2 2.174881e-07
7 28 2 2.592963e-07
8 28 2 1.953827e-07
9 28 2 1.005090e-07
10 28 2 3.914338e-08
11 28 2 1.954094e-08
12 28 2 1.218269e-08
1 29 2 1.146795e-08
2 29 2 1.084872e-08
3 29 2 1.728255e-08
4 29 2 5.196575e-08
5 29 2 1.554004e-07
6 29 2 3.824545e-07
7 29 2 5.209912e-07
8 29 2 3.876211e-07
9 29 2 1.780149e-07
10 29 2 6.597895e-08
11 29 2 3.118851e-08
12 29 2 1.946924e-08
1 30 2 2.599410e-09
2 30 2 2.273346e-09
3 30 2 3.613142e-09
4 30 2 1.105881e-08
5 30 2 3.063462e-08
6 30 2 8.331423e-08
7 30 2 1.207600e-07
8 30 2 9.247881e-08
9 30 2 4.184347e-08
10 30 2 1.637829e-08
11 30 2 7.554856e-09
12 30 2 4.524590e-09
1 31 2 4.644057e-09
2 31 2 3.578637e-09
3 31 2 5.436384e-09
4 31 2 1.513126e-08
5 31 2 3.907626e-08
6 31 2 1.028858e-07
7 31 2 1.450918e-07
8 31 2 1.171145e-07
9 31 2 5.858848e-08
10 31 2 2.683063e-08
11 31 2 1.288198e-08
12 31 2 7.178438e-09
1 32 2 5.486423e-09
2 32 2 4.541703e-09
3 32 2 6.348517e-09
4 32 2 1.410666e-08
5 32 2 3.767699e-08
6 32 2 8.924937e-08
7 32 2 1.151423e-07
8 32 2 9.511270e-08
9 32 2 5.311202e-08
10 32 2 2.737978e-08
11 32 2 1.414875e-08
12 32 2 7.337687e-09
1 35 2 3.865836e-07
2 35 2 3.683560e-07
3 35 2 4.001436e-07
4 35 2 5.332275e-07
5 35 2 8.359052e-07
6 35 2 1.276610e-06
7 35 2 1.536153e-06
8 35 2 1.410596e-06
9 35 2 9.586953e-07
10 35 2 6.931354e-07
11 35 2 5.250131e-07
12 35 2 4.265256e-07
1 36 2 4.637999e-08
2 36 2 4.354179e-08
3 36 2 4.825717e-08
4 36 2 5.796109e-08
5 36 2 7.927142e-08
6 36 2 1.143556e-07
7 36 2 1.346786e-07
8 36 2 1.372007e-07
9 36 2 1.047294e-07
10 36 2 8.205125e-08
11 36 2 6.280087e-08
12 36 2 5.203584e-08
1 37 2 1.070846e-06
2 37 2 1.036430e-06
3 37 2 1.305950e-06
4 37 2 1.679277e-06
5 37 2 2.538746e-06
6 37 2 3.850558e-06
7 37 2 4.478397e-06
8 37 2 4.402370e-06
9 37 2 3.239735e-06
10 37 2 2.429235e-06
11 37 2 1.712152e-06
12 37 2 1.311654e-06
1 38 2 2.672247e-05
2 38 2 2.669851e-05
3 38 2 4.067166e-05
4 38 2 6.030244e-05
5 38 2 1.100966e-04
6 38 2 1.953581e-04
7 38 2 2.315893e-04
8 38 2 2.008553e-04
9 38 2 1.297372e-04
10 38 2 8.867524e-05
11 38 2 5.067078e-05
12 38 2 3.656599e-05
1 39 2 2.775174e-04
2 39 2 2.891173e-04
3 39 2 4.683103e-04
4 39 2 7.231101e-04
5 39 2 1.403073e-03
6 39 2 2.712494e-03
7 39 2 3.368158e-03
8 39 2 2.726921e-03
9 39 2 1.718811e-03
10 39 2 1.085409e-03
11 39 2 5.494105e-04
12 39 2 4.010299e-04
1 40 2 6.925414e-05
2 40 2 7.598380e-05
3 40 2 1.355160e-04
4 40 2 2.278809e-04
5 40 2 4.981592e-04
6 40 2 1.131041e-03
7 40 2 1.415107e-03
8 40 2 1.038087e-03
9 40 2 6.394508e-04
10 40 2 3.445421e-04
11 40 2 1.475919e-04
12 40 2 1.099513e-04
1 41 2 3.689820e-05
2 41 2 3.944601e-05
3 41 2 7.904850e-05
4 41 2 1.407910e-04
5 41 2 3.531244e-04
6 41 2 8.960894e-04
7 41 2 1.158590e-03
8 41 2 8.126299e-04
9 41 2 4.541352e-04
10 41 2 1.968264e-04
11 41 2 7.561544e-05
12 41 2 6.302449e-05
1 42 2 1.998976e-05
2 42 2 2.090969e-05
3 42 2 4.509146e-05
4 42 2 8.895156e-05
5 42 2 2.528743e-04
6 42 2 7.013976e-04
7 42 2 9.818744e-04
8 42 2 6.557113e-04
9 42 2 3.105136e-04
10 42 2 1.111295e-04
11 42 2 4.143120e-05
12 42 2 3.398827e-05
1 43 2 5.601172e-07
2 43 2 5.807693e-07
3 43 2 1.370314e-06
4 43 2 3.343607e-06
5 43 2 1.119167e-05
6 43 2 3.300597e-05
7 43 2 4.825016e-05
8 43 2 3.028810e-05
9 43 2 1.238537e-05
10 43 2 3.802623e-06
11 43 2 1.296776e-06
12 43 2 9.086609e-07
1 44 2 2.314988e-06
2 44 2 2.326042e-06
3 44 2 5.059499e-06
4 44 2 1.367823e-05
5 44 2 5.110144e-05
6 44 2 1.610376e-04
7 44 2 2.353653e-04
8 44 2 1.419238e-04
9 44 2 5.116140e-05
10 44 2 1.515809e-05
11 44 2 4.974927e-06
12 44 2 3.363609e-06
1 45 2 5.317541e-06
2 45 2 5.959409e-06
3 45 2 1.085908e-05
4 45 2 3.202428e-05
5 45 2 1.341114e-04
6 45 2 4.449957e-04
7 45 2 6.225433e-04
8 45 2 3.790659e-04
9 45 2 1.303522e-04
10 45 2 3.328164e-05
11 45 2 9.646916e-06
12 45 2 6.304747e-06
1 46 2 2.410852e-06
2 46 2 3.032911e-06
3 46 2 4.767507e-06
4 46 2 1.323888e-05
5 46 2 5.198855e-05
6 46 2 1.612627e-04
7 46 2 2.255951e-04
8 46 2 1.413605e-04
9 46 2 5.309903e-05
10 46 2 1.287057e-05
11 46 2 3.538629e-06
12 46 2 2.523537e-06
1 47 2 3.169455e-06
2 47 2 4.033567e-06
3 47 2 5.683927e-06
4 47 2 1.273500e-05
5 47 2 4.340722e-05
6 47 2 1.195868e-04
7 47 2 1.621853e-04
8 47 2 1.099732e-04
9 47 2 4.658802e-05
10 47 2 1.436953e-05
11 47 2 4.239388e-06
12 47 2 3.222498e-06
1 48 2 4.288294e-06
2 48 2 4.926126e-06
3 48 2 6.775611e-06
4 48 2 1.323134e-05
5 48 2 4.105938e-05
6 48 2 9.444361e-05
7 48 2 1.255068e-04
8 48 2 8.830122e-05
9 48 2 4.203494e-05
10 48 2 1.567211e-05
11 48 2 5.641765e-06
12 48 2 3.741275e-06
1 49 2 1.229652e-08
2 49 2 1.118875e-08
3 49 2 1.269133e-08
4 49 2 1.485407e-08
5 49 2 2.124449e-08
6 49 2 3.232226e-08
7 49 2 4.820333e-08
8 49 2 4.532846e-08
9 49 2 3.161608e-08
10 49 2 2.262435e-08
11 49 2 1.651761e-08
12 49 2 1.204956e-08
1 50 2 5.013037e-08
2 50 2 4.327249e-08
3 50 2 5.072205e-08
4 50 2 5.781788e-08
5 50 2 8.137463e-08
6 50 2 1.194161e-07
7 50 2 1.648119e-07
8 50 2 1.584935e-07
9 50 2 1.147637e-07
10 50 2 8.180836e-08
11 50 2 6.124835e-08
12 50 2 4.822639e-08
1 51 2 1.930619e-08
2 51 2 1.761992e-08
3 51 2 1.914599e-08
4 51 2 2.210081e-08
5 51 2 3.012396e-08
6 51 2 4.224646e-08
7 51 2 5.505330e-08
8 51 2 5.459616e-08
9 51 2 4.536141e-08
10 51 2 3.190605e-08
11 51 2 2.391241e-08
12 51 2 2.003933e-08
1 52 2 1.013301e-05
2 52 2 1.065066e-05
3 52 2 1.337965e-05
4 52 2 1.950570e-05
5 52 2 3.298671e-05
6 52 2 4.539710e-05
7 52 2 5.823021e-05
8 52 2 5.446519e-05
9 52 2 4.396633e-05
10 52 2 2.511643e-05
11 52 2 1.511763e-05
12 52 2 1.165800e-05
1 53 2 3.374729e-06
2 53 2 4.234053e-06
3 53 2 7.173378e-06
4 53 2 1.565734e-05
5 53 2 2.981636e-05
6 53 2 4.452342e-05
7 53 2 6.180379e-05
8 53 2 5.266403e-05
9 53 2 3.564342e-05
10 53 2 1.572025e-05
11 53 2 7.011654e-06
12 53 2 4.442168e-06
1 54 2 1.417628e-06
2 54 2 1.839026e-06
3 54 2 3.439053e-06
4 54 2 8.545708e-06
5 54 2 1.683238e-05
6 54 2 3.251248e-05
7 54 2 4.618553e-05
8 54 2 3.872775e-05
9 54 2 2.348777e-05
10 54 2 9.989287e-06
11 54 2 4.281865e-06
12 54 2 2.361960e-06
1 55 2 1.277206e-06
2 55 2 1.424425e-06
3 55 2 2.657225e-06
4 55 2 6.222027e-06
5 55 2 1.234703e-05
6 55 2 2.636828e-05
7 55 2 3.665392e-05
8 55 2 3.161082e-05
9 55 2 2.004553e-05
10 55 2 9.611513e-06
11 55 2 4.496859e-06
12 55 2 2.574914e-06
1 56 2 5.002129e-06
2 56 2 5.191118e-06
3 56 2 8.991155e-06
4 56 2 2.004899e-05
5 56 2 4.382442e-05
6 56 2 8.638757e-05
7 56 2 1.194384e-04
8 56 2 9.912781e-05
9 56 2 6.479228e-05
10 56 2 3.338334e-05
11 56 2 1.505045e-05
12 56 2 8.631576e-06
1 57 2 1.021965e-06
2 57 2 9.750559e-07
3 57 2 1.199263e-06
4 57 2 1.820294e-06
5 57 2 3.045637e-06
6 57 2 4.955631e-06
7 57 2 7.056876e-06
8 57 2 6.359968e-06
9 57 2 4.731821e-06
10 57 2 3.039475e-06
11 57 2 1.858655e-06
12 57 2 1.335731e-06
1 60 2 9.922636e-05
2 60 2 9.609176e-05
3 60 2 1.101982e-04
4 60 2 1.306934e-04
5 60 2 1.611346e-04
6 60 2 2.120520e-04
7 60 2 2.468710e-04
8 60 2 2.469748e-04
9 60 2 2.095936e-04
10 60 2 1.710980e-04
11 60 2 1.368384e-04
12 60 2 1.134250e-04
1 61 2 3.307995e-04
2 61 2 3.327893e-04
3 61 2 4.680625e-04
4 61 2 7.050009e-04
5 61 2 1.028381e-03
6 61 2 1.448823e-03
7 61 2 1.714541e-03
8 61 2 1.649531e-03
9 61 2 1.281729e-03
10 61 2 8.718396e-04
11 61 2 5.687538e-04
12 61 2 3.989192e-04
1 62 2 2.263810e-03
2 62 2 2.479404e-03
3 62 2 3.903036e-03
4 62 2 7.065685e-03
5 62 2 1.211917e-02
6 62 2 1.719201e-02
7 62 2 2.102236e-02
8 62 2 1.962361e-02
9 62 2 1.367417e-02
10 62 2 8.154438e-03
11 62 2 4.428221e-03
12 62 2 2.881759e-03
1 63 2 4.279297e-03
2 63 2 5.194884e-03
3 63 2 8.692405e-03
4 63 2 1.828233e-02
5 63 2 3.508680e-02
6 63 2 5.216211e-02
7 63 2 6.670274e-02
8 63 2 5.804445e-02
9 63 2 3.545173e-02
10 63 2 1.936057e-02
11 63 2 8.942792e-03
12 63 2 5.854329e-03
1 64 2 1.022678e-03
2 64 2 1.310157e-03
3 64 2 2.494856e-03
4 64 2 5.909481e-03
5 64 2 1.265625e-02
6 64 2 2.027241e-02
7 64 2 2.569572e-02
8 64 2 2.008831e-02
9 64 2 1.150227e-02
10 64 2 5.084900e-03
11 64 2 2.323549e-03
12 64 2 1.590139e-03
1 65 2 3.457312e-04
2 65 2 4.287088e-04
3 65 2 9.392205e-04
4 65 2 2.648635e-03
5 65 2 5.553343e-03
6 65 2 9.438114e-03
7 65 2 1.223314e-02
8 65 2 9.130150e-03
9 65 2 5.178333e-03
10 65 2 1.837564e-03
11 65 2 8.089317e-04
12 65 2 5.862316e-04
1 66 2 2.290385e-04
2 66 2 2.831630e-04
3 66 2 6.731595e-04
4 66 2 2.208413e-03
5 66 2 4.591922e-03
6 66 2 7.896016e-03
7 66 2 1.088992e-02
8 66 2 8.232793e-03
9 66 2 4.657157e-03
10 66 2 1.542970e-03
11 66 2 5.912890e-04
12 66 2 3.667650e-04
1 67 2 7.734811e-05
2 67 2 1.031401e-04
3 67 2 2.622860e-04
4 67 2 9.689071e-04
5 67 2 2.198394e-03
6 67 2 3.749377e-03
7 67 2 5.242043e-03
8 67 2 4.034181e-03
9 67 2 2.206417e-03
10 67 2 8.114023e-04
11 67 2 2.565715e-04
12 67 2 1.154815e-04
1 68 2 1.861248e-05
2 68 2 2.499155e-05
3 68 2 7.422351e-05
4 68 2 3.411704e-04
5 68 2 9.297330e-04
6 68 2 1.781657e-03
7 68 2 2.554559e-03
8 68 2 1.899912e-03
9 68 2 9.117862e-04
10 68 2 3.349793e-04
11 68 2 7.638715e-05
12 68 2 2.658007e-05
1 69 2 1.126964e-05
2 69 2 1.597826e-05
3 69 2 3.821091e-05
4 69 2 1.675572e-04
5 69 2 5.372799e-04
6 69 2 1.271533e-03
7 69 2 1.862786e-03
8 69 2 1.433968e-03
9 69 2 6.160234e-04
10 69 2 2.003070e-04
11 69 2 3.881227e-05
12 69 2 1.459593e-05
1 70 2 4.681788e-05
2 70 2 5.472114e-05
3 70 2 7.841381e-05
4 70 2 2.045776e-04
5 70 2 5.130156e-04
6 70 2 1.245748e-03
7 70 2 2.016470e-03
8 70 2 1.837819e-03
9 70 2 9.489268e-04
10 70 2 3.382440e-04
11 70 2 1.028737e-04
12 70 2 5.791042e-05
1 71 2 4.018654e-05
2 71 2 4.077994e-05
3 71 2 4.614560e-05
4 71 2 7.404973e-05
5 71 2 1.434068e-04
6 71 2 2.991601e-04
7 71 2 4.591169e-04
8 71 2 4.564773e-04
9 71 2 2.928715e-04
10 71 2 1.394908e-04
11 71 2 6.663830e-05
12 71 2 4.628256e-05
1 72 2 1.689625e-07
2 72 2 1.613739e-07
3 72 2 1.748319e-07
4 72 2 2.229124e-07
5 72 2 3.468352e-07
6 72 2 6.035049e-07
7 72 2 9.347598e-07
8 72 2 8.990198e-07
9 72 2 6.289843e-07
10 72 2 3.813805e-07
11 72 2 2.349829e-07
12 72 2 1.678087e-07
1 76 2 1.751510e-05
2 76 2 1.602452e-05
3 76 2 1.618580e-05
4 76 2 1.760629e-05
5 76 2 2.393605e-05
6 76 2 3.413128e-05
7 76 2 4.576815e-05
8 76 2 4.884301e-05
9 76 2 4.653789e-05
10 76 2 3.107801e-05
11 76 2 2.006216e-05
12 76 2 1.754610e-05
1 77 2 1.786076e-05
2 77 2 2.319205e-05
3 77 2 3.038020e-05
4 77 2 4.910107e-05
5 77 2 8.244269e-05
6 77 2 1.272829e-04
7 77 2 1.729431e-04
8 77 2 1.641511e-04
9 77 2 1.215962e-04
10 77 2 6.143181e-05
11 77 2 2.695646e-05
12 77 2 1.699052e-05
1 78 2 1.952948e-05
2 78 2 2.668429e-05
3 78 2 3.715947e-05
4 78 2 6.664941e-05
5 78 2 1.042204e-04
6 78 2 1.654659e-04
7 78 2 2.042493e-04
8 78 2 1.912547e-04
9 78 2 1.240075e-04
10 78 2 6.576358e-05
11 78 2 3.551375e-05
12 78 2 2.050329e-05
1 79 2 6.874272e-05
2 79 2 8.434846e-05
3 79 2 1.238479e-04
4 79 2 2.054222e-04
5 79 2 3.120934e-04
6 79 2 5.098577e-04
7 79 2 6.247669e-04
8 79 2 5.918559e-04
9 79 2 4.086800e-04
10 79 2 2.466978e-04
11 79 2 1.405557e-04
12 79 2 8.610182e-05
1 80 2 3.143634e-05
2 80 2 3.149772e-05
3 80 2 3.957886e-05
4 80 2 5.351516e-05
5 80 2 7.981311e-05
6 80 2 1.214328e-04
7 80 2 1.563631e-04
8 80 2 1.547969e-04
9 80 2 1.284786e-04
10 80 2 9.007691e-05
11 80 2 5.254729e-05
12 80 2 3.884119e-05
1 81 2 1.545171e-11
2 81 2 1.400298e-11
3 81 2 1.474894e-11
4 81 2 1.748862e-11
5 81 2 2.518346e-11
6 81 2 3.393398e-11
7 81 2 4.527906e-11
8 81 2 4.858343e-11
9 81 2 4.417750e-11
10 81 2 3.389709e-11
11 81 2 2.240727e-11
12 81 2 1.834475e-11
1 84 2 1.042849e-04
2 84 2 1.102553e-04
3 84 2 1.363638e-04
4 84 2 1.723212e-04
5 84 2 2.310307e-04
6 84 2 3.785606e-04
7 84 2 5.070150e-04
8 84 2 4.858463e-04
9 84 2 3.645532e-04
10 84 2 2.300696e-04
11 84 2 1.545555e-04
12 84 2 1.180637e-04
1 85 2 1.127087e-04
2 85 2 1.269189e-04
3 85 2 1.650150e-04
4 85 2 2.397515e-04
5 85 2 3.837899e-04
6 85 2 5.862992e-04
7 85 2 8.111994e-04
8 85 2 7.717010e-04
9 85 2 5.556771e-04
10 85 2 3.065148e-04
11 85 2 1.728614e-04
12 85 2 1.254284e-04
1 86 2 3.481478e-05
2 86 2 3.941762e-05
3 86 2 5.037281e-05
4 86 2 7.316776e-05
5 86 2 1.175951e-04
6 86 2 1.706279e-04
7 86 2 2.343974e-04
8 86 2 2.351641e-04
9 86 2 1.740662e-04
10 86 2 1.009391e-04
11 86 2 5.560222e-05
12 86 2 3.973853e-05
1 87 2 8.031399e-04
2 87 2 1.086556e-03
3 87 2 1.551403e-03
4 87 2 2.452414e-03
5 87 2 4.302434e-03
6 87 2 6.467105e-03
7 87 2 8.767393e-03
8 87 2 8.933680e-03
9 87 2 6.476959e-03
10 87 2 3.646700e-03
11 87 2 1.602264e-03
12 87 2 9.739328e-04
1 88 2 2.477092e-04
2 88 2 3.517670e-04
3 88 2 5.516226e-04
4 88 2 1.046645e-03
5 88 2 2.148024e-03
6 88 2 3.376103e-03
7 88 2 4.323570e-03
8 88 2 3.792109e-03
9 88 2 2.450462e-03
10 88 2 1.158043e-03
11 88 2 5.936925e-04
12 88 2 3.297744e-04
1 89 2 6.534671e-04
2 89 2 9.092148e-04
3 89 2 1.725661e-03
4 89 2 3.245675e-03
5 89 2 6.477117e-03
6 89 2 9.676060e-03
7 89 2 1.128775e-02
8 89 2 9.885376e-03
9 89 2 6.451250e-03
10 89 2 3.069959e-03
11 89 2 1.689245e-03
12 89 2 9.350042e-04
1 90 2 1.032928e-04
2 90 2 1.361365e-04
3 90 2 2.701483e-04
4 90 2 4.848587e-04
5 90 2 7.444723e-04
6 90 2 9.854340e-04
7 90 2 1.106703e-03
8 90 2 1.024007e-03
9 90 2 7.462523e-04
10 90 2 4.451078e-04
11 90 2 2.454117e-04
12 90 2 1.397075e-04
1 91 2 8.920878e-08
2 91 2 1.262265e-07
3 91 2 2.637151e-07
4 91 2 4.983387e-07
5 91 2 7.354701e-07
6 91 2 9.348510e-07
7 91 2 1.049702e-06
8 91 2 9.626771e-07
9 91 2 6.921848e-07
10 91 2 4.284640e-07
11 91 2 2.220640e-07
12 91 2 1.139980e-07
1 92 2 4.785180e-07
2 92 2 6.835338e-07
3 92 2 1.713447e-06
4 92 2 4.087887e-06
5 92 2 7.709162e-06
6 92 2 1.181315e-05
7 92 2 1.418009e-05
8 92 2 1.290616e-05
9 92 2 8.074218e-06
10 92 2 4.291188e-06
11 92 2 1.683007e-06
12 92 2 7.224734e-07
1 93 2 7.397569e-05
2 93 2 8.925828e-05
3 93 2 1.835198e-04
4 93 2 4.277133e-04
5 93 2 7.630163e-04
6 93 2 1.210853e-03
7 93 2 1.624296e-03
8 93 2 1.596822e-03
9 93 2 1.074030e-03
10 93 2 6.185109e-04
11 93 2 2.648800e-04
12 93 2 1.103279e-04
1 94 2 2.924893e-05
2 94 2 2.910147e-05
3 94 2 3.885750e-05
4 94 2 6.886265e-05
5 94 2 1.175443e-04
6 94 2 1.850880e-04
7 94 2 2.556983e-04
8 94 2 2.786545e-04
9 94 2 2.295320e-04
10 94 2 1.385451e-04
11 94 2 7.436057e-05
12 94 2 4.062883e-05
1 98 2 2.218937e-06
2 98 2 2.065536e-06
3 98 2 1.945022e-06
4 98 2 2.070888e-06
5 98 2 2.350316e-06
6 98 2 2.689457e-06
7 98 2 3.025087e-06
8 98 2 3.188294e-06
9 98 2 3.146132e-06
10 98 2 2.973935e-06
11 98 2 2.675034e-06
12 98 2 2.434309e-06
1 101 2 8.715699e-06
2 101 2 8.955678e-06
3 101 2 9.177250e-06
4 101 2 1.131694e-05
5 101 2 1.455381e-05
6 101 2 1.699309e-05
7 101 2 1.813915e-05
8 101 2 1.817607e-05
9 101 2 1.747386e-05
10 101 2 1.498205e-05
11 101 2 1.152078e-05
12 101 2 9.240492e-06
1 102 2 5.586814e-05
2 102 2 6.315122e-05
3 102 2 7.761402e-05
4 102 2 9.707954e-05
5 102 2 1.123440e-04
6 102 2 1.226436e-04
7 102 2 1.260972e-04
8 102 2 1.276906e-04
9 102 2 1.150848e-04
10 102 2 8.866147e-05
11 102 2 7.116194e-05
12 102 2 5.832605e-05
1 103 2 3.125446e-05
2 103 2 3.189544e-05
3 103 2 3.476203e-05
4 103 2 3.927978e-05
5 103 2 4.574443e-05
6 103 2 5.234864e-05
7 103 2 5.663458e-05
8 103 2 5.943674e-05
9 103 2 5.829514e-05
10 103 2 5.094489e-05
11 103 2 4.191017e-05
12 103 2 3.484692e-05
1 104 2 1.462235e-05
2 104 2 1.403124e-05
3 104 2 1.418370e-05
4 104 2 1.555038e-05
5 104 2 1.818324e-05
6 104 2 2.086614e-05
7 104 2 2.341861e-05
8 104 2 2.529780e-05
9 104 2 2.550143e-05
10 104 2 2.382338e-05
11 104 2 1.959688e-05
12 104 2 1.622619e-05
1 107 2 5.351832e-06
2 107 2 5.646086e-06
3 107 2 6.592007e-06
4 107 2 7.553714e-06
5 107 2 8.471016e-06
6 107 2 1.084494e-05
7 107 2 1.185397e-05
8 107 2 1.180601e-05
9 107 2 1.105219e-05
10 107 2 9.453516e-06
11 107 2 7.515199e-06
12 107 2 5.877169e-06
1 108 2 7.087782e-07
2 108 2 9.058193e-07
3 108 2 1.315800e-06
4 108 2 2.037886e-06
5 108 2 3.163343e-06
6 108 2 4.341788e-06
7 108 2 4.647753e-06
8 108 2 4.107635e-06
9 108 2 3.323725e-06
10 108 2 2.293140e-06
11 108 2 1.194493e-06
12 108 2 7.604115e-07
1 109 2 1.345541e-06
2 109 2 1.777264e-06
3 109 2 2.779756e-06
4 109 2 4.824029e-06
5 109 2 8.219101e-06
6 109 2 1.036059e-05
7 109 2 1.052730e-05
8 109 2 9.677544e-06
9 109 2 7.771345e-06
10 109 2 5.452874e-06
11 109 2 2.425303e-06
12 109 2 1.416772e-06
1 110 2 5.923665e-07
2 110 2 7.545615e-07
3 110 2 1.211864e-06
4 110 2 1.875919e-06
5 110 2 2.909474e-06
6 110 2 3.369311e-06
7 110 2 3.622335e-06
8 110 2 3.582461e-06
9 110 2 3.016348e-06
10 110 2 2.199109e-06
11 110 2 1.063720e-06
12 110 2 6.261168e-07
1 111 2 2.033851e-05
2 111 2 2.543754e-05
3 111 2 4.118282e-05
4 111 2 6.241600e-05
5 111 2 9.433266e-05
6 111 2 1.209796e-04
7 111 2 1.278845e-04
8 111 2 1.266647e-04
9 111 2 1.078661e-04
10 111 2 7.021559e-05
11 111 2 3.782463e-05
12 111 2 2.310398e-05
1 112 2 2.342922e-05
2 112 2 3.020911e-05
3 112 2 5.299538e-05
4 112 2 8.812823e-05
5 112 2 1.340138e-04
6 112 2 1.633117e-04
7 112 2 1.663286e-04
8 112 2 1.550354e-04
9 112 2 1.183525e-04
10 112 2 7.857106e-05
11 112 2 4.509158e-05
12 112 2 2.771734e-05
1 113 2 1.343672e-05
2 113 2 1.702307e-05
3 113 2 2.859886e-05
4 113 2 4.276699e-05
5 113 2 5.262887e-05
6 113 2 4.595279e-05
7 113 2 3.943022e-05
8 113 2 3.765907e-05
9 113 2 3.724659e-05
10 113 2 3.400969e-05
11 113 2 2.378765e-05
12 113 2 1.606641e-05
1 114 2 3.663605e-05
2 114 2 4.968034e-05
3 114 2 8.851401e-05
4 114 2 1.290255e-04
5 114 2 1.488575e-04
6 114 2 1.089720e-04
7 114 2 9.000353e-05
8 114 2 8.249915e-05
9 114 2 7.961461e-05
10 114 2 7.125654e-05
11 114 2 5.432040e-05
12 114 2 4.023712e-05
1 115 2 1.252792e-05
2 115 2 1.822700e-05
3 115 2 2.889276e-05
4 115 2 3.581510e-05
5 115 2 3.198458e-05
6 115 2 2.969663e-05
7 115 2 2.864185e-05
8 115 2 2.747983e-05
9 115 2 2.527325e-05
10 115 2 2.258551e-05
11 115 2 1.715692e-05
12 115 2 1.230880e-05
1 116 2 9.084834e-06
2 116 2 1.162970e-05
3 116 2 1.778458e-05
4 116 2 2.517342e-05
5 116 2 2.927828e-05
6 116 2 3.334053e-05
7 116 2 3.495365e-05
8 116 2 3.345840e-05
9 116 2 2.710503e-05
10 116 2 2.166986e-05
11 116 2 1.574273e-05
12 116 2 1.037064e-05
1 117 2 2.026242e-06
2 117 2 2.115903e-06
3 117 2 2.672192e-06
4 117 2 3.657886e-06
5 117 2 4.658021e-06
6 117 2 5.518725e-06
7 117 2 5.875258e-06
8 117 2 5.867553e-06
9 117 2 5.353787e-06
10 117 2 4.583165e-06
11 117 2 3.699816e-06
12 117 2 2.672699e-06
1 126 2 1.605809e-07
2 126 2 1.669074e-07
3 126 2 1.809048e-07
4 126 2 1.910244e-07
5 126 2 1.887339e-07
6 126 2 1.754070e-07
7 126 2 1.690821e-07
8 126 2 1.707341e-07
9 126 2 1.698302e-07
10 126 2 1.668853e-07
11 126 2 1.630677e-07
12 126 2 1.605987e-07
1 127 2 1.618305e-05
2 127 2 1.645849e-05
3 127 2 1.737159e-05
4 127 2 1.803540e-05
5 127 2 1.828111e-05
6 127 2 1.770757e-05
7 127 2 1.771245e-05
8 127 2 1.811892e-05
9 127 2 1.792578e-05
10 127 2 1.720735e-05
11 127 2 1.667605e-05
12 127 2 1.646963e-05
1 128 2 7.336296e-05
2 128 2 7.534309e-05
3 128 2 7.734449e-05
4 128 2 7.550136e-05
5 128 2 7.344421e-05
6 128 2 7.123802e-05
7 128 2 7.592658e-05
8 128 2 8.632884e-05
9 128 2 9.077398e-05
10 128 2 8.574030e-05
11 128 2 7.796828e-05
12 128 2 7.346164e-05
1 129 2 2.092718e-06
2 129 2 2.063984e-06
3 129 2 2.116040e-06
4 129 2 2.177406e-06
5 129 2 2.211002e-06
6 129 2 2.270816e-06
7 129 2 2.372778e-06
8 129 2 2.586324e-06
9 129 2 2.702164e-06
10 129 2 2.714068e-06
11 129 2 2.478037e-06
12 129 2 2.201434e-06
1 133 2 4.492667e-05
2 133 2 5.223390e-05
3 133 2 6.270398e-05
4 133 2 6.438040e-05
5 133 2 6.141231e-05
6 133 2 5.644621e-05
7 133 2 5.037877e-05
8 133 2 4.717400e-05
9 133 2 4.919197e-05
10 133 2 5.239134e-05
11 133 2 4.998218e-05
12 133 2 4.373444e-05
1 135 2 1.942359e-06
2 135 2 2.188359e-06
3 135 2 2.602459e-06
4 135 2 2.802727e-06
5 135 2 2.693152e-06
6 135 2 2.402567e-06
7 135 2 2.075580e-06
8 135 2 2.096352e-06
9 135 2 2.227613e-06
10 135 2 2.094941e-06
11 135 2 2.007983e-06
12 135 2 1.886225e-06
1 136 2 2.172969e-06
2 136 2 2.236425e-06
3 136 2 2.765757e-06
4 136 2 3.362318e-06
5 136 2 3.681890e-06
6 136 2 3.359288e-06
7 136 2 2.972577e-06
8 136 2 2.965759e-06
9 136 2 2.981088e-06
10 136 2 2.804304e-06
11 136 2 2.651455e-06
12 136 2 2.354525e-06
1 137 2 5.297303e-07
2 137 2 5.557417e-07
3 137 2 6.371693e-07
4 137 2 7.001555e-07
5 137 2 6.910960e-07
6 137 2 6.358776e-07
7 137 2 5.882544e-07
8 137 2 5.676067e-07
9 137 2 5.679633e-07
10 137 2 5.916867e-07
11 137 2 5.849936e-07
12 137 2 5.515966e-07
1 138 2 2.111794e-05
2 138 2 2.322254e-05
3 138 2 2.694158e-05
4 138 2 2.998430e-05
5 138 2 3.025232e-05
6 138 2 2.658875e-05
7 138 2 2.463193e-05
8 138 2 2.375444e-05
9 138 2 2.381926e-05
10 138 2 2.395805e-05
11 138 2 2.323977e-05
12 138 2 2.155294e-05
1 139 2 3.565201e-05
2 139 2 4.060105e-05
3 139 2 4.536768e-05
4 139 2 4.761661e-05
5 139 2 4.694557e-05
6 139 2 4.371908e-05
7 139 2 4.136486e-05
8 139 2 3.982050e-05
9 139 2 3.930437e-05
10 139 2 3.960950e-05
11 139 2 3.769147e-05
12 139 2 3.450151e-05
1 140 2 1.181182e-05
2 140 2 1.221386e-05
3 140 2 1.326520e-05
4 140 2 1.502925e-05
5 140 2 1.595891e-05
6 140 2 1.532856e-05
7 140 2 1.451366e-05
8 140 2 1.399830e-05
9 140 2 1.379423e-05
10 140 2 1.387047e-05
11 140 2 1.357751e-05
12 140 2 1.265839e-05
1 141 2 1.853626e-05
2 141 2 1.834446e-05
3 141 2 1.886990e-05
4 141 2 2.070955e-05
5 141 2 2.234835e-05
6 141 2 2.209887e-05
7 141 2 2.150129e-05
8 141 2 2.084972e-05
9 141 2 2.067301e-05
10 141 2 2.072162e-05
11 141 2 2.092844e-05
12 141 2 2.031989e-05
1 150 2 2.142482e-08
2 150 2 2.345284e-08
3 150 2 2.510360e-08
4 150 2 2.567048e-08
5 150 2 2.401974e-08
6 150 2 2.118433e-08
7 150 2 1.932602e-08
8 150 2 1.885934e-08
9 150 2 1.824962e-08
10 150 2 1.783441e-08
11 150 2 1.818116e-08
12 150 2 1.934423e-08
1 151 2 1.390677e-05
2 151 2 1.479147e-05
3 151 2 1.568335e-05
4 151 2 1.605315e-05
5 151 2 1.553254e-05
6 151 2 1.462093e-05
7 151 2 1.429787e-05
8 151 2 1.484989e-05
9 151 2 1.413841e-05
10 151 2 1.326744e-05
11 151 2 1.287840e-05
12 151 2 1.319968e-05
1 152 2 1.101922e-05
2 152 2 1.116166e-05
3 152 2 1.126499e-05
4 152 2 1.070465e-05
5 152 2 1.029004e-05
6 152 2 1.010626e-05
7 152 2 1.155416e-05
8 152 2 1.540608e-05
9 152 2 1.635524e-05
10 152 2 1.393972e-05
11 152 2 1.195389e-05
12 152 2 1.105489e-05
1 153 2 1.277424e-05
2 153 2 1.308410e-05
3 153 2 1.380463e-05
4 153 2 1.354052e-05
5 153 2 1.307610e-05
6 153 2 1.283811e-05
7 153 2 1.498615e-05
8 153 2 1.958420e-05
9 153 2 2.381985e-05
10 153 2 2.129005e-05
11 153 2 1.610483e-05
12 153 2 1.343731e-05
1 154 2 3.476003e-05
2 154 2 3.457143e-05
3 154 2 3.597602e-05
4 154 2 3.447170e-05
5 154 2 3.223418e-05
6 154 2 2.899502e-05
7 154 2 2.737892e-05
8 154 2 2.852149e-05
9 154 2 3.215760e-05
10 154 2 3.613940e-05
11 154 2 3.808689e-05
12 154 2 3.682821e-05
1 157 2 1.385474e-06
2 157 2 1.438676e-06
3 157 2 1.540309e-06
4 157 2 1.518610e-06
5 157 2 1.480208e-06
6 157 2 1.391650e-06
7 157 2 1.327833e-06
8 157 2 1.314448e-06
9 157 2 1.304948e-06
10 157 2 1.327701e-06
11 157 2 1.337220e-06
12 157 2 1.354671e-06
1 163 2 6.446649e-06
2 163 2 6.533025e-06
3 163 2 6.726891e-06
4 163 2 7.130549e-06
5 163 2 7.137507e-06
6 163 2 6.598906e-06
7 163 2 6.100667e-06
8 163 2 5.728646e-06
9 163 2 5.810678e-06
10 163 2 6.147473e-06
11 163 2 6.387788e-06
12 163 2 6.437838e-06
1 164 2 2.439948e-05
2 164 2 2.419086e-05
3 164 2 2.486425e-05
4 164 2 2.602420e-05
5 164 2 2.571808e-05
6 164 2 2.378724e-05
7 164 2 2.201719e-05
8 164 2 2.150674e-05
9 164 2 2.302933e-05
10 164 2 2.522965e-05
11 164 2 2.573918e-05
12 164 2 2.531056e-05
1 165 2 1.064990e-05
2 165 2 1.043765e-05
3 165 2 1.056887e-05
4 165 2 1.080264e-05
5 165 2 1.068407e-05
6 165 2 9.830858e-06
7 165 2 9.269154e-06
8 165 2 9.382065e-06
9 165 2 1.000027e-05
10 165 2 1.069245e-05
11 165 2 1.124802e-05
12 165 2 1.126127e-05
1 166 2 4.650284e-06
2 166 2 4.603860e-06
3 166 2 4.527798e-06
4 166 2 4.506555e-06
5 166 2 4.358994e-06
6 166 2 4.031344e-06
7 166 2 3.806809e-06
8 166 2 3.835210e-06
9 166 2 3.978746e-06
10 166 2 4.185349e-06
11 166 2 4.512421e-06
12 166 2 4.739780e-06
1 170 2 2.133591e-07
2 170 2 2.346528e-07
3 170 2 2.305451e-07
4 170 2 2.095532e-07
5 170 2 1.746204e-07
6 170 2 1.468252e-07
7 170 2 1.388737e-07
8 170 2 1.325797e-07
9 170 2 1.348095e-07
10 170 2 1.501094e-07
11 170 2 1.656178e-07
12 170 2 1.907192e-07
1 171 2 7.667848e-07
2 171 2 8.417093e-07
3 171 2 8.518993e-07
4 171 2 7.579209e-07
5 171 2 6.305050e-07
6 171 2 5.403131e-07
7 171 2 4.905461e-07
8 171 2 4.648079e-07
9 171 2 4.715802e-07
10 171 2 5.129476e-07
11 171 2 5.854480e-07
12 171 2 6.916504e-07
1 175 2 2.210521e-08
2 175 2 2.337035e-08
3 175 2 2.343739e-08
4 175 2 2.195191e-08
5 175 2 1.907275e-08
6 175 2 1.738011e-08
7 175 2 1.701949e-08
8 175 2 1.687579e-08
9 175 2 1.569633e-08
10 175 2 1.586676e-08
11 175 2 1.658855e-08
12 175 2 1.935064e-08
1 176 2 1.564313e-05
2 176 2 1.576041e-05
3 176 2 1.542939e-05
4 176 2 1.362750e-05
5 176 2 1.102404e-05
6 176 2 9.989851e-06
7 176 2 9.971632e-06
8 176 2 1.137631e-05
9 176 2 1.238998e-05
10 176 2 1.322312e-05
11 176 2 1.411470e-05
12 176 2 1.499327e-05
1 177 2 6.998854e-05
2 177 2 6.800976e-05
3 177 2 6.421388e-05
4 177 2 5.615076e-05
5 177 2 4.591602e-05
6 177 2 3.920840e-05
7 177 2 4.079574e-05
8 177 2 4.888080e-05
9 177 2 6.143553e-05
10 177 2 6.389059e-05
11 177 2 6.518651e-05
12 177 2 6.531970e-05
1 178 2 2.544487e-05
2 178 2 2.514749e-05
3 178 2 2.410570e-05
4 178 2 2.020445e-05
5 178 2 1.759211e-05
6 178 2 1.486925e-05
7 178 2 1.416202e-05
8 178 2 1.426625e-05
9 178 2 1.627030e-05
10 178 2 1.750638e-05
11 178 2 1.977246e-05
12 178 2 2.195158e-05
1 181 2 3.113335e-07
2 181 2 3.288369e-07
3 181 2 3.333653e-07
4 181 2 3.187418e-07
5 181 2 2.628626e-07
6 181 2 2.272965e-07
7 181 2 2.009769e-07
8 181 2 2.056835e-07
9 181 2 2.228372e-07
10 181 2 2.412910e-07
11 181 2 2.732653e-07
12 181 2 2.909484e-07
1 182 2 3.716179e-05
2 182 2 3.434895e-05
3 182 2 3.238952e-05
4 182 2 2.705618e-05
5 182 2 2.118740e-05
6 182 2 1.584690e-05
7 182 2 1.571217e-05
8 182 2 2.183401e-05
9 182 2 3.029704e-05
10 182 2 3.715823e-05
11 182 2 4.106749e-05
12 182 2 3.941873e-05
1 183 2 7.903520e-06
2 183 2 7.592655e-06
3 183 2 7.248614e-06
4 183 2 6.572512e-06
5 183 2 5.529998e-06
6 183 2 4.488249e-06
7 183 2 4.175845e-06
8 183 2 4.958656e-06
9 183 2 5.765566e-06
10 183 2 6.820658e-06
11 183 2 7.425625e-06
12 183 2 7.637735e-06
1 184 2 2.466476e-06
2 184 2 2.499176e-06
3 184 2 2.420412e-06
4 184 2 2.178215e-06
5 184 2 1.810852e-06
6 184 2 1.463510e-06
7 184 2 1.319718e-06
8 184 2 1.378317e-06
9 184 2 1.460096e-06
10 184 2 1.676736e-06
11 184 2 1.961894e-06
12 184 2 2.236125e-06
1 188 2 4.096234e-07
2 188 2 4.060520e-07
3 188 2 3.763738e-07
4 188 2 3.073349e-07
5 188 2 2.172120e-07
6 188 2 1.652191e-07
7 188 2 1.421697e-07
8 188 2 1.446188e-07
9 188 2 1.958855e-07
10 188 2 2.574211e-07
11 188 2 3.065630e-07
12 188 2 3.823665e-07
1 189 2 3.573639e-07
2 189 2 3.302763e-07
3 189 2 2.995900e-07
4 189 2 2.214416e-07
5 189 2 1.466141e-07
6 189 2 1.036800e-07
7 189 2 9.857753e-08
8 189 2 1.210858e-07
9 189 2 1.947878e-07
10 189 2 2.773492e-07
11 189 2 3.373492e-07
12 189 2 3.525282e-07
1 190 2 1.463241e-06
2 190 2 1.386448e-06
3 190 2 1.203440e-06
4 190 2 8.523711e-07
5 190 2 5.946992e-07
6 190 2 4.314203e-07
7 190 2 4.053678e-07
8 190 2 4.886697e-07
9 190 2 6.863912e-07
10 190 2 9.357171e-07
11 190 2 1.226088e-06
12 190 2 1.375648e-06
1 191 2 1.125134e-06
2 191 2 1.165937e-06
3 191 2 1.133296e-06
4 191 2 9.362297e-07
5 191 2 7.698792e-07
6 191 2 6.324423e-07
7 191 2 5.560232e-07
8 191 2 5.646900e-07
9 191 2 6.160882e-07
10 191 2 6.914958e-07
11 191 2 8.504672e-07
12 191 2 1.000567e-06
1 192 2 1.473078e-06
2 192 2 1.591988e-06
3 192 2 1.551088e-06
4 192 2 1.343010e-06
5 192 2 1.135046e-06
6 192 2 9.664461e-07
7 192 2 8.493138e-07
8 192 2 7.892119e-07
9 192 2 8.126093e-07
10 192 2 8.923380e-07
11 192 2 1.065221e-06
12 192 2 1.279097e-06
1 200 2 6.709603e-05
2 200 2 6.902512e-05
3 200 2 5.644740e-05
4 200 2 3.731577e-05
5 200 2 2.442504e-05
6 200 2 1.989193e-05
7 200 2 1.889837e-05
8 200 2 2.038029e-05
9 200 2 2.257477e-05
10 200 2 2.886295e-05
11 200 2 4.010933e-05
12 200 2 5.526249e-05
1 201 2 4.740641e-05
2 201 2 4.891359e-05
3 201 2 4.477748e-05
4 201 2 3.446651e-05
5 201 2 2.597381e-05
6 201 2 2.148885e-05
7 201 2 2.030816e-05
8 201 2 2.100695e-05
9 201 2 2.079059e-05
10 201 2 2.473811e-05
11 201 2 3.153445e-05
12 201 2 3.927518e-05
1 206 2 2.469497e-05
2 206 2 2.667378e-05
3 206 2 2.413263e-05
4 206 2 2.059348e-05
5 206 2 1.703070e-05
6 206 2 1.484933e-05
7 206 2 1.273620e-05
8 206 2 1.250533e-05
9 206 2 1.353689e-05
10 206 2 1.532300e-05
11 206 2 1.796209e-05
12 206 2 2.116120e-05
1 207 2 9.337917e-07
2 207 2 1.019583e-06
3 207 2 9.669511e-07
4 207 2 8.767837e-07
5 207 2 7.775779e-07
6 207 2 6.669251e-07
7 207 2 5.878347e-07
8 207 2 5.788673e-07
9 207 2 5.840401e-07
10 207 2 6.432992e-07
11 207 2 6.932859e-07
12 207 2 7.930761e-07
1 212 2 5.768725e-07
2 212 2 6.157758e-07
3 212 2 5.465613e-07
4 212 2 4.594890e-07
5 212 2 3.581353e-07
6 212 2 2.890450e-07
7 212 2 2.399237e-07
8 212 2 2.318840e-07
9 212 2 2.633569e-07
10 212 2 3.107488e-07
11 212 2 3.686022e-07
12 212 2 4.873625e-07
1 213 2 1.255832e-07
2 213 2 1.372530e-07
3 213 2 1.163165e-07
4 213 2 9.842871e-08
5 213 2 7.595088e-08
6 213 2 5.854745e-08
7 213 2 4.968963e-08
8 213 2 4.850912e-08
9 213 2 5.843129e-08
10 213 2 7.200982e-08
11 213 2 8.842715e-08
12 213 2 1.082099e-07
1 214 2 4.465211e-06
2 214 2 4.733684e-06
3 214 2 3.803221e-06
4 214 2 2.824785e-06
5 214 2 2.088034e-06
6 214 2 1.538786e-06
7 214 2 1.332612e-06
8 214 2 1.373822e-06
9 214 2 1.734157e-06
10 214 2 2.324912e-06
11 214 2 3.182592e-06
12 214 2 3.859929e-06
1 215 2 1.655479e-06
2 215 2 1.702881e-06
3 215 2 1.587676e-06
4 215 2 1.265311e-06
5 215 2 1.027755e-06
6 215 2 8.257796e-07
7 215 2 7.135879e-07
8 215 2 7.153426e-07
9 215 2 8.044508e-07
10 215 2 9.570380e-07
11 215 2 1.205043e-06
12 215 2 1.455758e-06
1 216 2 1.631167e-06
2 216 2 1.703058e-06
3 216 2 1.597049e-06
4 216 2 1.298308e-06
5 216 2 1.039610e-06
6 216 2 8.943434e-07
7 216 2 7.858947e-07
8 216 2 7.514611e-07
9 216 2 7.797741e-07
10 216 2 8.862864e-07
11 216 2 1.066052e-06
12 216 2 1.370070e-06
1 224 2 1.961130e-06
2 224 2 2.143980e-06
3 224 2 1.870884e-06
4 224 2 1.611112e-06
5 224 2 1.301003e-06
6 224 2 1.105600e-06
7 224 2 1.004427e-06
8 224 2 1.049112e-06
9 224 2 1.078892e-06
10 224 2 1.272502e-06
11 224 2 1.519619e-06
12 224 2 1.813025e-06
1 240 2 1.007808e-07
2 240 2 1.027958e-07
3 240 2 9.400422e-08
4 240 2 8.302046e-08
5 240 2 7.215547e-08
6 240 2 6.223660e-08
7 240 2 6.097409e-08
8 240 2 6.286075e-08
9 240 2 6.119117e-08
10 240 2 6.589650e-08
11 240 2 7.240407e-08
12 240 2 8.973224e-08
