1 7 2 7.439834e-11
2 7 2 6.355767e-11
3 7 2 6.950954e-11
4 7 2 1.796536e-10
5 7 2 6.181372e-10
6 7 2 1.664876e-09
7 7 2 2.252626e-09
8 7 2 1.535862e-09
9 7 2 6.642085e-10
10 7 2 2.911872e-10
11 7 2 1.542749e-10
12 7 2 9.101217e-11
1 25 2 1.599459e-06
2 25 2 1.518680e-06
3 25 2 2.139569e-06
4 25 2 3.904239e-06
5 25 2 1.092218e-05
6 25 2 1.980598e-05
7 25 2 2.401065e-05
8 25 2 1.841193e-05
9 25 2 1.040371e-05
10 25 2 4.868560e-06
11 25 2 2.321386e-06
12 25 2 1.344307e-06
1 26 2 1.962054e-08
2 26 2 1.614789e-08
3 26 2 2.670186e-08
4 26 2 5.960075e-08
5 26 2 1.678861e-07
6 26 2 3.206578e-07
7 26 2 3.479128e-07
8 26 2 2.603094e-07
9 26 2 1.423756e-07
10 26 2 5.731173e-08
11 26 2 2.994303e-08
12 26 2 1.851226e-08
1 27 2 9.336486e-08
2 27 2 8.243280e-08
3 27 2 1.445043e-07
4 27 2 3.680346e-07
5 27 2 1.036413e-06
6 27 2 2.142392e-06
7 27 2 2.416255e-06
8 27 2 1.818652e-06
9 27 2 9.398148e-07
10 27 2 3.529232e-07
11 27 2 1.870367e-07
12 27 2 1.156950e-07
1 28 2 7.726707e-09
2 28 2 7.031511e-09
3 28 2 1.182578e-08
4 28 2 3.214530e-08
5 28 2 9.179447e-08
6 28 2 1.965305e-07
7 28 2 2.343100e-07
8 28 2 1.765552e-07
9 28 2 9.082376e-08
10 28 2 3.537145e-08
11 28 2 1.765794e-08
12 28 2 1.100874e-08
1 29 2 1.036683e-08
2 29 2 9.807054e-09
3 29 2 1.562312e-08
4 29 2 4.697614e-08
5 29 2 1.404793e-07
6 29 2 3.457323e-07
7 29 2 4.709670e-07
8 29 2 3.504028e-07
9 29 2 1.609224e-07
10 29 2 5.964384e-08
11 29 2 2.819388e-08
12 29 2 1.759985e-08
1 30 2 2.347695e-09
2 30 2 2.053205e-09
3 30 2 3.263261e-09
4 30 2 9.987922e-09
5 30 2 2.766810e-08
6 30 2 7.524645e-08
7 30 2 1.090662e-07
8 30 2 8.352358e-08
9 30 2 3.779154e-08
10 30 2 1.479229e-08
11 30 2 6.823277e-09
12 30 2 4.086449e-09
1 31 2 4.195387e-09
2 31 2 3.232899e-09
3 31 2 4.911166e-09
4 31 2 1.366941e-08
5 31 2 3.530103e-08
6 31 2 9.294584e-08
7 31 2 1.310743e-07
8 31 2 1.057999e-07
9 31 2 5.292815e-08
10 31 2 2.423848e-08
11 31 2 1.163743e-08
12 31 2 6.484917e-09
1 32 2 4.962114e-09
2 32 2 4.107676e-09
3 32 2 5.741822e-09
4 32 2 1.275856e-08
5 32 2 3.407639e-08
6 32 2 8.072026e-08
7 32 2 1.041387e-07
8 32 2 8.602327e-08
9 32 2 4.803638e-08
10 32 2 2.476323e-08
11 32 2 1.279663e-08
12 32 2 6.636462e-09
1 35 2 3.492763e-07
2 35 2 3.328077e-07
3 35 2 3.615277e-07
4 35 2 4.817683e-07
5 35 2 7.552360e-07
6 35 2 1.153410e-06
7 35 2 1.387907e-06
8 35 2 1.274466e-06
9 35 2 8.661762e-07
10 35 2 6.262443e-07
11 35 2 4.743466e-07
12 35 2 3.853636e-07
1 36 2 4.187260e-08
2 36 2 3.931023e-08
3 36 2 4.356736e-08
4 36 2 5.232821e-08
5 36 2 7.156751e-08
6 36 2 1.032421e-07
7 36 2 1.215900e-07
8 36 2 1.238670e-07
9 36 2 9.455137e-08
10 36 2 7.407720e-08
11 36 2 5.669764e-08
12 36 2 4.697880e-08
1 37 2 9.678899e-07
2 37 2 9.367829e-07
3 37 2 1.180390e-06
4 37 2 1.517823e-06
5 37 2 2.294659e-06
6 37 2 3.480348e-06
7 37 2 4.047823e-06
8 37 2 3.979106e-06
9 37 2 2.928252e-06
10 37 2 2.195677e-06
11 37 2 1.547538e-06
12 37 2 1.185546e-06
1 38 2 2.053911e-05
2 38 2 2.052069e-05
3 38 2 3.126057e-05
4 38 2 4.634894e-05
5 38 2 8.462116e-05
6 38 2 1.501538e-04
7 38 2 1.780015e-04
8 38 2 1.543790e-04
9 38 2 9.971706e-05
10 38 2 6.815651e-05
11 38 2 3.894597e-05
12 38 2 2.810492e-05
1 39 2 2.045291e-04
2 39 2 2.130781e-04
3 39 2 3.451425e-04
4 39 2 5.329288e-04
5 39 2 1.034058e-03
6 39 2 1.999095e-03
7 39 2 2.482317e-03
8 39 2 2.009728e-03
9 39 2 1.266756e-03
10 39 2 7.999414e-04
11 39 2 4.049130e-04
12 39 2 2.955572e-04
1 40 2 5.106914e-05
2 40 2 5.603169e-05
3 40 2 9.993172e-05
4 40 2 1.680431e-04
5 40 2 3.673507e-04
6 40 2 8.340479e-04
7 40 2 1.043523e-03
8 40 2 7.655020e-04
9 40 2 4.715414e-04
10 40 2 2.540710e-04
11 40 2 1.088367e-04
12 40 2 8.107991e-05
1 41 2 2.719038e-05
2 41 2 2.906788e-05
3 41 2 5.825106e-05
4 41 2 1.037493e-04
5 41 2 2.602184e-04
6 41 2 6.603308e-04
7 41 2 8.537683e-04
8 41 2 5.988292e-04
9 41 2 3.346535e-04
10 41 2 1.450419e-04
11 41 2 5.572122e-05
12 41 2 4.644292e-05
1 42 2 1.470340e-05
2 42 2 1.538005e-05
3 42 2 3.316687e-05
4 42 2 6.542802e-05
5 42 2 1.860009e-04
6 42 2 5.159107e-04
7 42 2 7.222144e-04
8 42 2 4.823062e-04
9 42 2 2.283972e-04
10 42 2 8.174093e-05
11 42 2 3.047458e-05
12 42 2 2.499996e-05
1 43 2 4.126593e-07
2 43 2 4.278744e-07
3 43 2 1.009562e-06
4 43 2 2.463361e-06
5 43 2 8.245319e-06
6 43 2 2.431673e-05
7 43 2 3.554769e-05
8 43 2 2.231437e-05
9 43 2 9.124765e-06
10 43 2 2.801535e-06
11 43 2 9.553834e-07
12 43 2 6.694444e-07
1 44 2 1.704001e-06
2 44 2 1.712137e-06
3 44 2 3.724162e-06
4 44 2 1.006818e-05
5 44 2 3.761441e-05
6 44 2 1.185355e-04
7 44 2 1.732461e-04
8 44 2 1.044663e-04
9 44 2 3.765854e-05
10 44 2 1.115746e-05
11 44 2 3.661911e-06
12 44 2 2.475863e-06
1 45 2 3.915580e-06
2 45 2 4.388221e-06
3 45 2 7.996099e-06
4 45 2 2.358113e-05
5 45 2 9.875320e-05
6 45 2 3.276734e-04
7 45 2 4.584108e-04
8 45 2 2.791258e-04
9 45 2 9.598508e-05
10 45 2 2.450699e-05
11 45 2 7.103523e-06
12 45 2 4.642512e-06
1 46 2 1.776907e-06
2 46 2 2.235393e-06
3 46 2 3.513868e-06
4 46 2 9.757656e-06
5 46 2 3.831791e-05
6 46 2 1.188579e-04
7 46 2 1.662738e-04
8 46 2 1.041891e-04
9 46 2 3.913639e-05
10 46 2 9.486195e-06
11 46 2 2.608129e-06
12 46 2 1.859961e-06
1 47 2 2.334722e-06
2 47 2 2.971255e-06
3 47 2 4.186963e-06
4 47 2 9.381007e-06
5 47 2 3.197515e-05
6 47 2 8.809150e-05
7 47 2 1.194709e-04
8 47 2 8.100982e-05
9 47 2 3.431823e-05
10 47 2 1.058506e-05
11 47 2 3.122869e-06
12 47 2 2.373795e-06
1 48 2 3.161964e-06
2 48 2 3.632269e-06
3 48 2 4.995982e-06
4 48 2 9.756098e-06
5 48 2 3.027504e-05
6 48 2 6.963779e-05
7 48 2 9.254215e-05
8 48 2 6.510871e-05
9 48 2 3.099437e-05
10 48 2 1.155580e-05
11 48 2 4.159943e-06
12 48 2 2.758621e-06
1 49 2 1.018262e-08
2 49 2 9.265282e-09
3 49 2 1.050955e-08
4 49 2 1.230049e-08
5 49 2 1.759233e-08
6 49 2 2.676571e-08
7 49 2 3.991664e-08
8 49 2 3.753600e-08
9 49 2 2.618093e-08
10 49 2 1.873497e-08
11 49 2 1.367805e-08
12 49 2 9.978110e-09
1 50 2 4.158047e-08
2 50 2 3.589222e-08
3 50 2 4.207123e-08
4 50 2 4.795685e-08
5 50 2 6.749592e-08
6 50 2 9.904933e-08
7 50 2 1.367026e-07
8 50 2 1.314619e-07
9 50 2 9.519034e-08
10 50 2 6.785567e-08
11 50 2 5.080224e-08
12 50 2 4.000122e-08
1 51 2 1.603258e-08
2 51 2 1.463224e-08
3 51 2 1.589954e-08
4 51 2 1.835333e-08
5 51 2 2.501606e-08
6 51 2 3.508303e-08
7 51 2 4.571832e-08
8 51 2 4.533869e-08
9 51 2 3.766980e-08
10 51 2 2.649598e-08
11 51 2 1.985776e-08
12 51 2 1.664141e-08
1 52 2 8.804821e-06
2 52 2 9.254622e-06
3 52 2 1.162591e-05
4 52 2 1.694899e-05
5 52 2 2.866297e-05
6 52 2 3.944667e-05
7 52 2 5.059768e-05
8 52 2 4.732616e-05
9 52 2 3.820343e-05
10 52 2 2.182429e-05
11 52 2 1.313608e-05
12 52 2 1.012992e-05
1 53 2 3.004884e-06
2 53 2 3.770032e-06
3 53 2 6.387229e-06
4 53 2 1.394141e-05
5 53 2 2.654871e-05
6 53 2 3.964399e-05
7 53 2 5.503055e-05
8 53 2 4.689244e-05
9 53 2 3.173717e-05
10 53 2 1.399743e-05
11 53 2 6.243229e-06
12 53 2 3.955339e-06
1 54 2 1.233950e-06
2 54 2 1.600749e-06
3 54 2 2.993466e-06
4 54 2 7.438469e-06
5 54 2 1.465147e-05
6 54 2 2.829995e-05
7 54 2 4.020142e-05
8 54 2 3.370992e-05
9 54 2 2.044454e-05
10 54 2 8.695008e-06
11 54 2 3.727078e-06
12 54 2 2.055929e-06
1 55 2 1.145879e-06
2 55 2 1.277960e-06
3 55 2 2.384000e-06
4 55 2 5.582255e-06
5 55 2 1.107746e-05
6 55 2 2.365700e-05
7 55 2 3.288502e-05
8 55 2 2.836048e-05
9 55 2 1.798438e-05
10 55 2 8.623222e-06
11 55 2 4.034475e-06
12 55 2 2.310152e-06
1 56 2 4.521968e-06
2 56 2 4.692816e-06
3 56 2 8.128081e-06
4 56 2 1.812446e-05
5 56 2 3.961765e-05
6 56 2 7.809511e-05
7 56 2 1.079733e-04
8 56 2 8.961240e-05
9 56 2 5.857278e-05
10 56 2 3.017882e-05
11 56 2 1.360573e-05
12 56 2 7.803019e-06
1 57 2 9.243034e-07
2 57 2 8.818771e-07
3 57 2 1.084659e-06
4 57 2 1.646342e-06
5 57 2 2.754588e-06
6 57 2 4.482058e-06
7 57 2 6.382503e-06
8 57 2 5.752194e-06
9 57 2 4.279636e-06
10 57 2 2.749015e-06
11 57 2 1.681037e-06
12 57 2 1.208085e-06
1 60 2 8.748593e-05
2 60 2 8.472222e-05
3 60 2 9.715956e-05
4 60 2 1.152298e-04
5 60 2 1.420692e-04
6 60 2 1.869621e-04
7 60 2 2.176613e-04
8 60 2 2.177528e-04
9 60 2 1.847946e-04
10 60 2 1.508538e-04
11 60 2 1.206477e-04
12 60 2 1.000046e-04
1 61 2 2.906394e-04
2 61 2 2.923876e-04
3 61 2 4.112382e-04
4 61 2 6.194115e-04
5 61 2 9.035324e-04
6 61 2 1.272931e-03
7 61 2 1.506390e-03
8 61 2 1.449272e-03
9 61 2 1.126123e-03
10 61 2 7.659954e-04
11 61 2 4.997053e-04
12 61 2 3.504891e-04
1 62 2 1.674675e-03
2 62 2 1.834163e-03
3 62 2 2.887308e-03
4 62 2 5.226908e-03
5 62 2 8.965273e-03
6 62 2 1.271796e-02
7 62 2 1.555149e-02
8 62 2 1.451675e-02
9 62 2 1.011560e-02
10 62 2 6.032323e-03
11 62 2 3.275818e-03
12 62 2 2.131809e-03
1 63 2 3.154744e-03
2 63 2 3.829724e-03
3 63 2 6.408135e-03
4 63 2 1.347793e-02
5 63 2 2.586636e-02
6 63 2 3.845447e-02
7 63 2 4.917397e-02
8 63 2 4.279100e-02
9 63 2 2.613540e-02
10 63 2 1.427282e-02
11 63 2 6.592722e-03
12 63 2 4.315875e-03
1 64 2 7.538389e-04
2 64 2 9.657462e-04
3 64 2 1.839014e-03
4 64 2 4.356010e-03
5 64 2 9.329200e-03
6 64 2 1.494324e-02
7 64 2 1.894089e-02
8 64 2 1.480754e-02
9 64 2 8.478579e-03
10 64 2 3.748193e-03
11 64 2 1.712740e-03
12 64 2 1.172127e-03
1 65 2 2.549133e-04
2 65 2 3.160941e-04
3 65 2 6.925028e-04
4 65 2 1.952882e-03
5 65 2 4.094572e-03
6 65 2 6.958878e-03
7 65 2 9.019695e-03
8 65 2 6.731811e-03
9 65 2 3.818071e-03
10 65 2 1.354866e-03
11 65 2 5.964387e-04
12 65 2 4.322383e-04
1 66 2 1.688139e-04
2 66 2 2.087066e-04
3 66 2 4.961554e-04
4 66 2 1.627721e-03
5 66 2 3.384498e-03
6 66 2 5.819796e-03
7 66 2 8.026469e-03
8 66 2 6.068019e-03
9 66 2 3.432580e-03
10 66 2 1.137253e-03
11 66 2 4.358124e-04
12 66 2 2.703259e-04
1 67 2 5.702428e-05
2 67 2 7.603922e-05
3 67 2 1.933682e-04
4 67 2 7.143191e-04
5 67 2 1.620749e-03
6 67 2 2.764199e-03
7 67 2 3.864655e-03
8 67 2 2.974168e-03
9 67 2 1.626663e-03
10 67 2 5.981999e-04
11 67 2 1.891553e-04
12 67 2 8.513781e-05
1 68 2 1.372815e-05
2 68 2 1.843321e-05
3 68 2 5.474559e-05
4 68 2 2.516396e-04
5 68 2 6.857502e-04
6 68 2 1.314110e-03
7 68 2 1.884185e-03
8 68 2 1.401332e-03
9 68 2 6.725130e-04
10 68 2 2.470732e-04
11 68 2 5.634144e-05
12 68 2 1.960487e-05
1 69 2 8.306492e-06
2 69 2 1.177706e-05
3 69 2 2.816404e-05
4 69 2 1.235010e-04
5 69 2 3.960118e-04
6 69 2 9.372065e-04
7 69 2 1.373000e-03
8 69 2 1.056932e-03
9 69 2 4.540511e-04
10 69 2 1.476399e-04
11 69 2 2.860728e-05
12 69 2 1.075819e-05
1 70 2 3.448659e-05
2 70 2 4.030823e-05
3 70 2 5.776052e-05
4 70 2 1.506942e-04
5 70 2 3.778932e-04
6 70 2 9.176323e-04
7 70 2 1.485355e-03
8 70 2 1.353759e-03
9 70 2 6.989905e-04
10 70 2 2.491545e-04
11 70 2 7.577793e-05
12 70 2 4.265748e-05
1 71 2 2.967210e-05
2 71 2 3.011024e-05
3 71 2 3.407203e-05
4 71 2 5.467531e-05
5 71 2 1.058858e-04
6 71 2 2.208876e-04
7 71 2 3.389932e-04
8 71 2 3.370442e-04
9 71 2 2.162444e-04
10 71 2 1.029943e-04
11 71 2 4.920301e-05
12 71 2 3.417316e-05
1 72 2 1.244411e-07
2 72 2 1.188521e-07
3 72 2 1.287639e-07
4 72 2 1.641752e-07
5 72 2 2.554445e-07
6 72 2 4.444820e-07
7 72 2 6.884516e-07
8 72 2 6.621290e-07
9 72 2 4.632476e-07
10 72 2 2.808871e-07
11 72 2 1.730652e-07
12 72 2 1.235913e-07
1 76 2 1.454267e-05
2 76 2 1.330504e-05
3 76 2 1.343895e-05
4 76 2 1.461838e-05
5 76 2 1.987393e-05
6 76 2 2.833897e-05
7 76 2 3.800098e-05
8 76 2 4.055401e-05
9 76 2 3.864009e-05
10 76 2 2.580386e-05
11 76 2 1.665747e-05
12 76 2 1.456841e-05
1 77 2 1.483565e-05
2 77 2 1.926398e-05
3 77 2 2.523466e-05
4 77 2 4.078475e-05
5 77 2 6.847924e-05
6 77 2 1.057248e-04
7 77 2 1.436515e-04
8 77 2 1.363486e-04
9 77 2 1.010012e-04
10 77 2 5.102701e-05
11 77 2 2.239080e-05
12 77 2 1.411281e-05
1 78 2 1.620903e-05
2 78 2 2.214736e-05
3 78 2 3.084152e-05
4 78 2 5.531751e-05
5 78 2 8.650061e-05
6 78 2 1.373330e-04
7 78 2 1.695223e-04
8 78 2 1.587371e-04
9 78 2 1.029234e-04
10 78 2 5.458229e-05
11 78 2 2.947562e-05
12 78 2 1.701727e-05
1 79 2 5.786756e-05
2 79 2 7.100445e-05
3 79 2 1.042550e-04
4 79 2 1.729242e-04
5 79 2 2.627199e-04
6 79 2 4.291977e-04
7 79 2 5.259282e-04
8 79 2 4.982237e-04
9 79 2 3.440264e-04
10 79 2 2.076700e-04
11 79 2 1.183196e-04
12 79 2 7.248043e-05
1 80 2 2.616979e-05
2 80 2 2.622088e-05
3 80 2 3.294818e-05
4 80 2 4.454972e-05
5 80 2 6.644195e-05
6 80 2 1.010890e-04
7 80 2 1.301675e-04
8 80 2 1.288636e-04
9 80 2 1.069545e-04
10 80 2 7.498624e-05
11 80 2 4.374399e-05
12 80 2 3.233409e-05
1 81 2 1.397308e-11
2 81 2 1.266298e-11
3 81 2 1.333755e-11
4 81 2 1.581507e-11
5 81 2 2.277356e-11
6 81 2 3.068671e-11
7 81 2 4.094614e-11
8 81 2 4.393429e-11
9 81 2 3.994998e-11
10 81 2 3.065335e-11
11 81 2 2.026304e-11
12 81 2 1.658927e-11
1 84 2 8.704474e-05
2 84 2 9.202819e-05
3 84 2 1.138205e-04
4 84 2 1.438335e-04
5 84 2 1.928373e-04
6 84 2 3.159779e-04
7 84 2 4.231966e-04
8 84 2 4.055274e-04
9 84 2 3.042862e-04
10 84 2 1.920351e-04
11 84 2 1.290048e-04
12 84 2 9.854570e-05
1 85 2 9.578788e-05
2 85 2 1.078647e-04
3 85 2 1.402415e-04
4 85 2 2.037579e-04
5 85 2 3.261719e-04
6 85 2 4.982787e-04
7 85 2 6.894149e-04
8 85 2 6.558464e-04
9 85 2 4.722539e-04
10 85 2 2.604980e-04
11 85 2 1.469099e-04
12 85 2 1.065980e-04
1 86 2 2.959444e-05
2 86 2 3.350709e-05
3 86 2 4.281960e-05
4 86 2 6.219653e-05
5 86 2 9.996212e-05
6 86 2 1.450429e-04
7 86 2 1.992504e-04
8 86 2 1.999021e-04
9 86 2 1.479656e-04
10 86 2 8.580365e-05
11 86 2 4.726488e-05
12 86 2 3.377988e-05
1 87 2 5.941836e-04
2 87 2 8.038621e-04
3 87 2 1.147768e-03
4 87 2 1.814359e-03
5 87 2 3.183052e-03
6 87 2 4.784531e-03
7 87 2 6.486343e-03
8 87 2 6.609367e-03
9 87 2 4.791821e-03
10 87 2 2.697923e-03
11 87 2 1.185396e-03
12 87 2 7.205406e-04
1 88 2 1.837768e-04
2 88 2 2.609778e-04
3 88 2 4.092518e-04
4 88 2 7.765114e-04
5 88 2 1.593630e-03
6 88 2 2.504749e-03
7 88 2 3.207679e-03
8 88 2 2.813386e-03
9 88 2 1.818011e-03
10 88 2 8.591580e-04
11 88 2 4.404636e-04
12 88 2 2.446614e-04
1 89 2 4.822491e-04
2 89 2 6.709871e-04
3 89 2 1.273513e-03
4 89 2 2.395260e-03
5 89 2 4.780017e-03
6 89 2 7.140789e-03
7 89 2 8.330191e-03
8 89 2 7.295261e-03
9 89 2 4.760927e-03
10 89 2 2.265584e-03
11 89 2 1.246638e-03
12 89 2 6.900193e-04
1 90 2 7.624945e-05
2 90 2 1.004942e-04
3 90 2 1.994200e-04
4 90 2 3.579165e-04
5 90 2 5.495600e-04
6 90 2 7.274348e-04
7 90 2 8.169541e-04
8 90 2 7.559088e-04
9 90 2 5.508739e-04
10 90 2 3.285729e-04
11 90 2 1.811598e-04
12 90 2 1.031303e-04
1 91 2 7.407572e-08
2 91 2 1.048139e-07
3 91 2 2.189794e-07
4 91 2 4.138022e-07
5 91 2 6.107075e-07
6 91 2 7.762662e-07
7 91 2 8.716339e-07
8 91 2 7.993720e-07
9 91 2 5.747650e-07
10 91 2 3.557809e-07
11 91 2 1.843939e-07
12 91 2 9.465980e-08
1 92 2 3.971519e-07
2 92 2 5.673073e-07
3 92 2 1.422096e-06
4 92 2 3.392792e-06
5 92 2 6.398313e-06
6 92 2 9.804468e-06
7 92 2 1.176894e-05
8 92 2 1.071162e-05
9 92 2 6.701296e-06
10 92 2 3.561524e-06
11 92 2 1.396832e-06
12 92 2 5.996257e-07
1 93 2 5.663102e-05
2 93 2 6.833039e-05
3 93 2 1.404909e-04
4 93 2 3.274297e-04
5 93 2 5.841161e-04
6 93 2 9.269513e-04
7 93 2 1.243457e-03
8 93 2 1.222424e-03
9 93 2 8.222083e-04
10 93 2 4.734921e-04
11 93 2 2.027751e-04
12 93 2 8.445990e-05
1 94 2 2.454396e-05
2 94 2 2.442022e-05
3 94 2 3.260690e-05
4 94 2 5.778544e-05
5 94 2 9.863622e-05
6 94 2 1.553148e-04
7 94 2 2.145668e-04
8 94 2 2.338303e-04
9 94 2 1.926096e-04
10 94 2 1.162588e-04
11 94 2 6.239896e-05
12 94 2 3.409330e-05
1 98 2 1.841050e-06
2 98 2 1.713773e-06
3 98 2 1.613783e-06
4 98 2 1.718214e-06
5 98 2 1.950055e-06
6 98 2 2.231440e-06
7 98 2 2.509911e-06
8 98 2 2.645324e-06
9 98 2 2.610343e-06
10 98 2 2.467471e-06
11 98 2 2.219473e-06
12 98 2 2.019744e-06
1 101 2 7.227174e-06
2 101 2 7.426167e-06
3 101 2 7.609898e-06
4 101 2 9.384158e-06
5 101 2 1.206821e-05
6 101 2 1.409090e-05
7 101 2 1.504123e-05
8 101 2 1.507184e-05
9 101 2 1.448956e-05
10 101 2 1.242331e-05
11 101 2 9.553187e-06
12 101 2 7.662339e-06
1 102 2 4.638551e-05
2 102 2 5.243242e-05
3 102 2 6.444042e-05
4 102 2 8.060201e-05
5 102 2 9.327560e-05
6 102 2 1.018270e-04
7 102 2 1.046944e-04
8 102 2 1.060173e-04
9 102 2 9.555123e-05
10 102 2 7.361276e-05
11 102 2 5.908346e-05
12 102 2 4.842624e-05
1 103 2 2.592986e-05
2 103 2 2.646163e-05
3 103 2 2.883986e-05
4 103 2 3.258795e-05
5 103 2 3.795127e-05
6 103 2 4.343037e-05
7 103 2 4.698614e-05
8 103 2 4.931091e-05
9 103 2 4.836380e-05
10 103 2 4.226576e-05
11 103 2 3.477023e-05
12 103 2 2.891029e-05
1 104 2 1.215779e-05
2 104 2 1.166631e-05
3 104 2 1.179307e-05
4 104 2 1.292940e-05
5 104 2 1.511849e-05
6 104 2 1.734920e-05
7 104 2 1.947145e-05
8 104 2 2.103392e-05
9 104 2 2.120322e-05
10 104 2 1.980801e-05
11 104 2 1.629387e-05
12 104 2 1.349131e-05
1 107 2 4.442188e-06
2 107 2 4.686428e-06
3 107 2 5.471572e-06
4 107 2 6.269819e-06
5 107 2 7.031208e-06
6 107 2 9.001635e-06
7 107 2 9.839169e-06
8 107 2 9.799358e-06
9 107 2 9.173665e-06
10 107 2 7.846714e-06
11 107 2 6.237850e-06
12 107 2 4.878234e-06
1 108 2 5.889402e-07
2 108 2 7.526663e-07
3 108 2 1.093328e-06
4 108 2 1.693327e-06
5 108 2 2.628495e-06
6 108 2 3.607692e-06
7 108 2 3.861926e-06
8 108 2 3.413129e-06
9 108 2 2.761760e-06
10 108 2 1.905423e-06
11 108 2 9.925321e-07
12 108 2 6.318436e-07
1 109 2 1.117325e-06
2 109 2 1.475823e-06
3 109 2 2.308283e-06
4 109 2 4.005829e-06
5 109 2 6.825065e-06
6 109 2 8.603340e-06
7 109 2 8.741770e-06
8 109 2 8.036142e-06
9 109 2 6.453252e-06
10 109 2 4.528016e-06
11 109 2 2.013949e-06
12 109 2 1.176474e-06
1 110 2 4.917899e-07
2 110 2 6.264461e-07
3 110 2 1.006104e-06
4 110 2 1.557410e-06
5 110 2 2.415481e-06
6 110 2 2.797243e-06
7 110 2 3.007306e-06
8 110 2 2.974202e-06
9 110 2 2.504209e-06
10 110 2 1.825727e-06
11 110 2 8.831129e-07
12 110 2 5.198098e-07
1 111 2 1.688981e-05
2 111 2 2.112423e-05
3 111 2 3.419967e-05
4 111 2 5.183245e-05
5 111 2 7.833717e-05
6 111 2 1.004657e-04
7 111 2 1.061998e-04
8 111 2 1.051868e-04
9 111 2 8.957578e-05
10 111 2 5.830950e-05
11 111 2 3.141091e-05
12 111 2 1.918636e-05
1 112 2 1.945286e-05
2 112 2 2.508209e-05
3 112 2 4.400113e-05
4 112 2 7.317131e-05
5 112 2 1.112693e-04
6 112 2 1.355948e-04
7 112 2 1.380996e-04
8 112 2 1.287231e-04
9 112 2 9.826596e-05
10 112 2 6.523616e-05
11 112 2 3.743874e-05
12 112 2 2.301322e-05
1 113 2 1.115553e-05
2 113 2 1.413302e-05
3 113 2 2.374356e-05
4 113 2 3.550633e-05
5 113 2 4.369394e-05
6 113 2 3.815127e-05
7 113 2 3.273605e-05
8 113 2 3.126559e-05
9 113 2 3.092314e-05
10 113 2 2.823578e-05
11 113 2 1.974916e-05
12 113 2 1.333878e-05
1 114 2 3.040640e-05
2 114 2 4.123262e-05
3 114 2 7.346296e-05
4 114 2 1.070858e-04
5 114 2 1.235455e-04
6 114 2 9.044228e-05
7 114 2 7.469920e-05
8 114 2 6.847088e-05
9 114 2 6.607683e-05
10 114 2 5.913998e-05
11 114 2 4.508368e-05
12 114 2 3.339515e-05
1 115 2 1.039596e-05
2 115 2 1.512519e-05
3 115 2 2.397588e-05
4 115 2 2.972020e-05
5 115 2 2.654155e-05
6 115 2 2.464296e-05
7 115 2 2.376767e-05
8 115 2 2.280340e-05
9 115 2 2.097233e-05
10 115 2 1.874198e-05
11 115 2 1.423721e-05
12 115 2 1.021413e-05
1 116 2 7.535753e-06
2 116 2 9.646683e-06
3 116 2 1.475208e-05
4 116 2 2.088103e-05
5 116 2 2.428595e-05
6 116 2 2.765554e-05
7 116 2 2.899360e-05
8 116 2 2.775331e-05
9 116 2 2.248327e-05
10 116 2 1.797487e-05
11 116 2 1.305839e-05
12 116 2 8.602309e-06
1 117 2 1.705269e-06
2 117 2 1.780727e-06
3 117 2 2.248895e-06
4 117 2 3.078447e-06
5 117 2 3.920153e-06
6 117 2 4.644514e-06
7 117 2 4.944569e-06
8 117 2 4.938085e-06
9 117 2 4.505704e-06
10 117 2 3.857154e-06
11 117 2 3.113735e-06
12 117 2 2.249322e-06
1 126 2 1.332656e-07
2 126 2 1.385159e-07
3 126 2 1.501323e-07
4 126 2 1.585306e-07
5 126 2 1.566297e-07
6 126 2 1.455697e-07
7 126 2 1.403207e-07
8 126 2 1.416917e-07
9 126 2 1.409416e-07
10 126 2 1.384976e-07
11 126 2 1.353294e-07
12 126 2 1.332804e-07
1 127 2 1.343265e-05
2 127 2 1.366128e-05
3 127 2 1.441918e-05
4 127 2 1.497018e-05
5 127 2 1.517412e-05
6 127 2 1.469806e-05
7 127 2 1.470212e-05
8 127 2 1.503951e-05
9 127 2 1.487919e-05
10 127 2 1.428286e-05
11 127 2 1.384186e-05
12 127 2 1.367052e-05
1 128 2 6.088292e-05
2 128 2 6.252620e-05
3 128 2 6.418713e-05
4 128 2 6.265755e-05
5 128 2 6.095034e-05
6 128 2 5.911945e-05
7 128 2 6.301043e-05
8 128 2 7.164312e-05
9 128 2 7.533208e-05
10 128 2 7.115470e-05
11 128 2 6.470481e-05
12 128 2 6.096481e-05
1 129 2 1.735519e-06
2 129 2 1.711691e-06
3 129 2 1.754861e-06
4 129 2 1.805752e-06
5 129 2 1.833615e-06
6 129 2 1.883219e-06
7 129 2 1.967777e-06
8 129 2 2.144874e-06
9 129 2 2.240941e-06
10 129 2 2.250814e-06
11 129 2 2.055070e-06
12 129 2 1.825680e-06
1 133 2 3.728214e-05
2 133 2 4.334601e-05
3 133 2 5.203454e-05
4 133 2 5.342571e-05
5 133 2 5.096266e-05
6 133 2 4.684157e-05
7 133 2 4.180654e-05
8 133 2 3.914707e-05
9 133 2 4.082168e-05
10 133 2 4.347666e-05
11 133 2 4.147743e-05
12 133 2 3.629277e-05
1 135 2 1.613534e-06
2 135 2 1.817889e-06
3 135 2 2.161885e-06
4 135 2 2.328250e-06
5 135 2 2.237225e-06
6 135 2 1.995833e-06
7 135 2 1.724202e-06
8 135 2 1.741458e-06
9 135 2 1.850498e-06
10 135 2 1.740286e-06
11 135 2 1.668048e-06
12 135 2 1.566904e-06
1 136 2 1.803475e-06
2 136 2 1.856140e-06
3 136 2 2.295464e-06
4 136 2 2.790586e-06
5 136 2 3.055817e-06
6 136 2 2.788070e-06
7 136 2 2.467117e-06
8 136 2 2.461458e-06
9 136 2 2.474180e-06
10 136 2 2.327456e-06
11 136 2 2.200598e-06
12 136 2 1.954158e-06
1 137 2 4.385728e-07
2 137 2 4.601081e-07
3 137 2 5.275235e-07
4 137 2 5.796709e-07
5 137 2 5.721703e-07
6 137 2 5.264540e-07
7 137 2 4.870260e-07
8 137 2 4.699314e-07
9 137 2 4.702267e-07
10 137 2 4.898677e-07
11 137 2 4.843263e-07
12 137 2 4.566763e-07
1 138 2 1.754796e-05
2 138 2 1.929677e-05
3 138 2 2.238711e-05
4 138 2 2.491546e-05
5 138 2 2.513817e-05
6 138 2 2.209393e-05
7 138 2 2.046791e-05
8 138 2 1.973876e-05
9 138 2 1.979261e-05
10 138 2 1.990795e-05
11 138 2 1.931109e-05
12 138 2 1.790942e-05
1 139 2 2.959983e-05
2 139 2 3.370874e-05
3 139 2 3.766620e-05
4 139 2 3.953336e-05
5 139 2 3.897623e-05
6 139 2 3.629746e-05
7 139 2 3.434289e-05
8 139 2 3.306069e-05
9 139 2 3.263218e-05
10 139 2 3.288551e-05
11 139 2 3.129308e-05
12 139 2 2.864464e-05
1 140 2 9.813834e-06
2 140 2 1.014787e-05
3 140 2 1.102137e-05
4 140 2 1.248703e-05
5 140 2 1.325944e-05
6 140 2 1.273572e-05
7 140 2 1.205866e-05
8 140 2 1.163047e-05
9 140 2 1.146092e-05
10 140 2 1.152426e-05
11 140 2 1.128086e-05
12 140 2 1.051721e-05
1 141 2 1.538072e-05
2 141 2 1.522157e-05
3 141 2 1.565756e-05
4 141 2 1.718404e-05
5 141 2 1.854386e-05
6 141 2 1.833685e-05
7 141 2 1.784100e-05
8 141 2 1.730034e-05
9 141 2 1.715372e-05
10 141 2 1.719405e-05
11 141 2 1.736567e-05
12 141 2 1.686071e-05
1 150 2 1.781643e-08
2 150 2 1.950289e-08
3 150 2 2.087562e-08
4 150 2 2.134703e-08
5 150 2 1.997431e-08
6 150 2 1.761645e-08
7 150 2 1.607111e-08
8 150 2 1.568303e-08
9 150 2 1.517600e-08
10 150 2 1.483072e-08
11 150 2 1.511907e-08
12 150 2 1.608625e-08
1 151 2 1.154967e-05
2 151 2 1.228442e-05
3 151 2 1.302513e-05
4 151 2 1.333225e-05
5 151 2 1.289988e-05
6 151 2 1.214278e-05
7 151 2 1.187448e-05
8 151 2 1.233293e-05
9 151 2 1.174205e-05
10 151 2 1.101870e-05
11 151 2 1.069560e-05
12 151 2 1.096243e-05
1 152 2 9.148310e-06
2 152 2 9.266566e-06
3 152 2 9.352349e-06
4 152 2 8.887147e-06
5 152 2 8.542930e-06
6 152 2 8.390357e-06
7 152 2 9.592421e-06
8 152 2 1.279034e-05
9 152 2 1.357834e-05
10 152 2 1.157295e-05
11 152 2 9.924282e-06
12 152 2 9.177924e-06
1 153 2 1.060470e-05
2 153 2 1.086193e-05
3 153 2 1.146009e-05
4 153 2 1.124084e-05
5 153 2 1.085529e-05
6 153 2 1.065772e-05
7 153 2 1.244095e-05
8 153 2 1.625808e-05
9 153 2 1.977435e-05
10 153 2 1.767421e-05
11 153 2 1.336963e-05
12 153 2 1.115515e-05
1 154 2 2.884141e-05
2 154 2 2.868492e-05
3 154 2 2.985035e-05
4 154 2 2.860217e-05
5 154 2 2.674563e-05
6 154 2 2.405801e-05
7 154 2 2.271708e-05
8 154 2 2.366511e-05
9 154 2 2.668209e-05
10 154 2 2.998591e-05
11 154 2 3.160180e-05
12 154 2 3.055744e-05
1 157 2 1.150228e-06
2 157 2 1.194397e-06
3 157 2 1.278773e-06
4 157 2 1.260758e-06
5 157 2 1.228877e-06
6 157 2 1.155356e-06
7 157 2 1.102374e-06
8 157 2 1.091262e-06
9 157 2 1.083375e-06
10 157 2 1.102265e-06
11 157 2 1.110167e-06
12 157 2 1.124655e-06
1 163 2 5.352838e-06
2 163 2 5.424559e-06
3 163 2 5.585532e-06
4 163 2 5.920700e-06
5 163 2 5.926478e-06
6 163 2 5.479262e-06
7 163 2 5.065560e-06
8 163 2 4.756660e-06
9 163 2 4.824774e-06
10 163 2 5.104424e-06
11 163 2 5.303965e-06
12 163 2 5.345523e-06
1 164 2 2.024250e-05
2 164 2 2.006942e-05
3 164 2 2.062808e-05
4 164 2 2.159041e-05
5 164 2 2.133644e-05
6 164 2 1.973456e-05
7 164 2 1.826608e-05
8 164 2 1.784259e-05
9 164 2 1.910578e-05
10 164 2 2.093123e-05
11 164 2 2.135394e-05
12 164 2 2.099835e-05
1 165 2 8.837660e-06
2 165 2 8.661531e-06
3 165 2 8.770419e-06
4 165 2 8.964410e-06
5 165 2 8.866016e-06
6 165 2 8.157991e-06
7 165 2 7.691869e-06
8 165 2 7.785566e-06
9 165 2 8.298574e-06
10 165 2 8.872972e-06
11 165 2 9.333997e-06
12 165 2 9.344994e-06
1 166 2 3.854720e-06
2 166 2 3.816238e-06
3 166 2 3.753188e-06
4 166 2 3.735580e-06
5 166 2 3.613263e-06
6 166 2 3.341667e-06
7 166 2 3.155545e-06
8 166 2 3.179087e-06
9 166 2 3.298068e-06
10 166 2 3.469325e-06
11 166 2 3.740442e-06
12 166 2 3.928905e-06
1 170 2 1.769972e-07
2 170 2 1.946618e-07
3 170 2 1.912542e-07
4 170 2 1.738398e-07
5 170 2 1.448605e-07
6 170 2 1.218024e-07
7 170 2 1.152060e-07
8 170 2 1.099846e-07
9 170 2 1.118345e-07
10 170 2 1.245269e-07
11 170 2 1.373922e-07
12 170 2 1.582157e-07
1 171 2 6.380937e-07
2 171 2 7.004434e-07
3 171 2 7.089232e-07
4 171 2 6.307174e-07
5 171 2 5.246860e-07
6 171 2 4.496311e-07
7 171 2 4.082167e-07
8 171 2 3.867981e-07
9 171 2 3.924339e-07
10 171 2 4.268585e-07
11 171 2 4.871910e-07
12 171 2 5.755692e-07
1 175 2 1.835246e-08
2 175 2 1.940283e-08
3 175 2 1.945848e-08
4 175 2 1.822519e-08
5 175 2 1.583482e-08
6 175 2 1.442953e-08
7 175 2 1.413013e-08
8 175 2 1.401083e-08
9 175 2 1.303160e-08
10 175 2 1.317310e-08
11 175 2 1.377236e-08
12 175 2 1.606553e-08
1 176 2 1.365827e-05
2 176 2 1.376067e-05
3 176 2 1.347165e-05
4 176 2 1.189839e-05
5 176 2 9.625270e-06
6 176 2 8.722300e-06
7 176 2 8.706393e-06
8 176 2 9.932837e-06
9 176 2 1.081789e-05
10 176 2 1.154532e-05
11 176 2 1.232377e-05
12 176 2 1.309087e-05
1 177 2 5.831348e-05
2 177 2 5.666478e-05
3 177 2 5.350211e-05
4 177 2 4.678403e-05
5 177 2 3.825659e-05
6 177 2 3.266789e-05
7 177 2 3.399044e-05
8 177 2 4.072680e-05
9 177 2 5.118722e-05
10 177 2 5.323275e-05
11 177 2 5.431249e-05
12 177 2 5.442346e-05
1 178 2 2.114521e-05
2 178 2 2.089808e-05
3 178 2 2.003234e-05
4 178 2 1.679032e-05
5 178 2 1.461941e-05
6 178 2 1.235665e-05
7 178 2 1.176893e-05
8 178 2 1.185555e-05
9 178 2 1.352095e-05
10 178 2 1.454816e-05
11 178 2 1.643132e-05
12 178 2 1.824222e-05
1 181 2 2.581664e-07
2 181 2 2.726807e-07
3 181 2 2.764358e-07
4 181 2 2.643096e-07
5 181 2 2.179731e-07
6 181 2 1.884806e-07
7 181 2 1.666557e-07
8 181 2 1.705585e-07
9 181 2 1.847828e-07
10 181 2 2.000853e-07
11 181 2 2.265992e-07
12 181 2 2.412626e-07
1 182 2 3.085595e-05
2 182 2 2.852042e-05
3 182 2 2.689347e-05
4 182 2 2.246512e-05
5 182 2 1.759219e-05
6 182 2 1.315791e-05
7 182 2 1.304604e-05
8 182 2 1.812908e-05
9 182 2 2.515605e-05
10 182 2 3.085300e-05
11 182 2 3.409891e-05
12 182 2 3.272992e-05
1 183 2 6.561949e-06
2 183 2 6.303851e-06
3 183 2 6.018209e-06
4 183 2 5.456871e-06
5 183 2 4.591317e-06
6 183 2 3.726398e-06
7 183 2 3.467022e-06
8 183 2 4.116956e-06
9 183 2 4.786898e-06
10 183 2 5.662896e-06
11 183 2 6.165173e-06
12 183 2 6.341279e-06
1 184 2 2.051190e-06
2 184 2 2.078384e-06
3 184 2 2.012882e-06
4 184 2 1.811464e-06
5 184 2 1.505955e-06
6 184 2 1.217096e-06
7 184 2 1.097514e-06
8 184 2 1.146246e-06
9 184 2 1.214257e-06
10 184 2 1.394421e-06
11 184 2 1.631566e-06
12 184 2 1.859624e-06
1 188 2 3.401442e-07
2 188 2 3.371786e-07
3 188 2 3.125343e-07
4 188 2 2.552056e-07
5 188 2 1.803691e-07
6 188 2 1.371951e-07
7 188 2 1.180553e-07
8 188 2 1.200890e-07
9 188 2 1.626599e-07
10 188 2 2.137580e-07
11 188 2 2.545646e-07
12 188 2 3.175105e-07
1 189 2 2.966456e-07
2 189 2 2.741604e-07
3 189 2 2.486879e-07
4 189 2 1.838173e-07
5 189 2 1.217035e-07
6 189 2 8.606415e-08
7 189 2 8.182861e-08
8 189 2 1.005126e-07
9 189 2 1.616921e-07
10 189 2 2.302259e-07
11 189 2 2.800315e-07
12 189 2 2.926316e-07
1 190 2 1.213923e-06
2 190 2 1.150214e-06
3 190 2 9.983883e-07
4 190 2 7.071376e-07
5 190 2 4.933698e-07
6 190 2 3.579116e-07
7 190 2 3.362981e-07
8 190 2 4.054064e-07
9 190 2 5.694386e-07
10 190 2 7.762825e-07
11 190 2 1.017178e-06
12 190 2 1.141255e-06
1 191 2 9.334395e-07
2 191 2 9.672899e-07
3 191 2 9.402105e-07
4 191 2 7.767194e-07
5 191 2 6.387109e-07
6 191 2 5.246899e-07
7 191 2 4.612907e-07
8 191 2 4.684808e-07
9 191 2 5.111221e-07
10 191 2 5.736821e-07
11 191 2 7.055687e-07
12 191 2 8.300952e-07
1 192 2 1.222607e-06
2 192 2 1.321298e-06
3 192 2 1.287353e-06
4 192 2 1.114655e-06
5 192 2 9.420512e-07
6 192 2 8.021188e-07
7 192 2 7.049029e-07
8 192 2 6.550202e-07
9 192 2 6.744393e-07
10 192 2 7.406115e-07
11 192 2 8.840987e-07
12 192 2 1.061609e-06
1 200 2 5.920392e-05
2 200 2 6.090610e-05
3 200 2 4.980783e-05
4 200 2 3.292653e-05
5 200 2 2.155206e-05
6 200 2 1.755216e-05
7 200 2 1.667546e-05
8 200 2 1.798307e-05
9 200 2 1.991943e-05
10 200 2 2.546797e-05
11 200 2 3.539150e-05
12 200 2 4.876229e-05
1 201 2 4.137131e-05
2 201 2 4.268662e-05
3 201 2 3.907707e-05
4 201 2 3.007873e-05
5 201 2 2.266720e-05
6 201 2 1.875320e-05
7 201 2 1.772282e-05
8 201 2 1.833265e-05
9 201 2 1.814384e-05
10 201 2 2.158882e-05
11 201 2 2.751994e-05
12 201 2 3.427523e-05
1 206 2 2.050952e-05
2 206 2 2.215296e-05
3 206 2 2.004250e-05
4 206 2 1.710318e-05
5 206 2 1.414424e-05
6 206 2 1.233258e-05
7 206 2 1.057759e-05
8 206 2 1.038586e-05
9 206 2 1.124258e-05
10 206 2 1.272597e-05
11 206 2 1.491777e-05
12 206 2 1.757468e-05
1 207 2 7.760000e-07
2 207 2 8.472945e-07
3 207 2 8.035561e-07
4 207 2 7.286252e-07
5 207 2 6.461831e-07
6 207 2 5.542284e-07
7 207 2 4.885026e-07
8 207 2 4.810506e-07
9 207 2 4.853493e-07
10 207 2 5.345948e-07
11 207 2 5.761347e-07
12 207 2 6.590624e-07
1 212 2 4.791168e-07
2 212 2 5.114276e-07
3 212 2 4.539420e-07
4 212 2 3.816249e-07
5 212 2 2.974464e-07
6 212 2 2.400639e-07
7 212 2 1.992667e-07
8 212 2 1.925894e-07
9 212 2 2.187289e-07
10 212 2 2.580899e-07
11 212 2 3.061395e-07
12 212 2 4.047749e-07
1 213 2 1.042631e-07
2 213 2 1.139518e-07
3 213 2 9.656963e-08
4 213 2 8.171859e-08
5 213 2 6.305680e-08
6 213 2 4.860792e-08
7 213 2 4.125389e-08
8 213 2 4.027378e-08
9 213 2 4.851148e-08
10 213 2 5.978480e-08
11 213 2 7.341498e-08
12 213 2 8.983921e-08
1 214 2 3.704142e-06
2 214 2 3.926855e-06
3 214 2 3.154984e-06
4 214 2 2.343317e-06
5 214 2 1.732141e-06
6 214 2 1.276509e-06
7 214 2 1.105476e-06
8 214 2 1.139662e-06
9 214 2 1.438580e-06
10 214 2 1.928645e-06
11 214 2 2.640138e-06
12 214 2 3.202027e-06
1 215 2 1.375594e-06
2 215 2 1.414982e-06
3 215 2 1.319254e-06
4 215 2 1.051390e-06
5 215 2 8.539969e-07
6 215 2 6.861686e-07
7 215 2 5.929447e-07
8 215 2 5.944027e-07
9 215 2 6.684458e-07
10 215 2 7.952357e-07
11 215 2 1.001311e-06
12 215 2 1.209639e-06
1 216 2 1.438719e-06
2 216 2 1.502129e-06
3 216 2 1.408627e-06
4 216 2 1.145132e-06
5 216 2 9.169556e-07
6 216 2 7.888275e-07
7 216 2 6.931738e-07
8 216 2 6.628026e-07
9 216 2 6.877753e-07
10 216 2 7.817211e-07
11 216 2 9.402780e-07
12 216 2 1.208427e-06
1 224 2 1.730226e-06
2 224 2 1.891546e-06
3 224 2 1.650605e-06
4 224 2 1.421418e-06
5 224 2 1.147822e-06
6 224 2 9.754261e-07
7 224 2 8.861651e-07
8 224 2 9.255893e-07
9 224 2 9.518631e-07
10 224 2 1.122677e-06
11 224 2 1.340698e-06
12 224 2 1.599558e-06
1 240 2 8.886476e-08
2 240 2 9.064150e-08
3 240 2 8.288944e-08
4 240 2 7.320437e-08
5 240 2 6.362402e-08
6 240 2 5.487793e-08
7 240 2 5.376470e-08
8 240 2 5.542828e-08
9 240 2 5.395610e-08
10 240 2 5.810509e-08
11 240 2 6.384322e-08
12 240 2 7.912257e-08
