1 7 2 6.716516e-11
2 7 2 5.737845e-11
3 7 2 6.275167e-11
4 7 2 1.621873e-10
5 7 2 5.580405e-10
6 7 2 1.503013e-09
7 7 2 2.033621e-09
8 7 2 1.386542e-09
9 7 2 5.996327e-10
10 7 2 2.628773e-10
11 7 2 1.392760e-10
12 7 2 8.216376e-11
1 25 2 1.107098e-06
2 25 2 1.051185e-06
3 25 2 1.480946e-06
4 25 2 2.702397e-06
5 25 2 7.560006e-06
6 25 2 1.370911e-05
7 25 2 1.661945e-05
8 25 2 1.274418e-05
9 25 2 7.201138e-06
10 25 2 3.369872e-06
11 25 2 1.606794e-06
12 25 2 9.304892e-07
1 26 2 1.628280e-08
2 26 2 1.340090e-08
3 26 2 2.215948e-08
4 26 2 4.946178e-08
5 26 2 1.393262e-07
6 26 2 2.661092e-07
7 26 2 2.887277e-07
8 26 2 2.160269e-07
9 26 2 1.181554e-07
10 26 2 4.756215e-08
11 26 2 2.484928e-08
12 26 2 1.536305e-08
1 27 2 7.844378e-08
2 27 2 6.925882e-08
3 27 2 1.214103e-07
4 27 2 3.092172e-07
5 27 2 8.707788e-07
6 27 2 1.800006e-06
7 27 2 2.030102e-06
8 27 2 1.528004e-06
9 27 2 7.896185e-07
10 27 2 2.965208e-07
11 27 2 1.571454e-07
12 27 2 9.720526e-08
1 28 2 6.984109e-09
2 28 2 6.355726e-09
3 28 2 1.068923e-08
4 28 2 2.905588e-08
5 28 2 8.297229e-08
6 28 2 1.776423e-07
7 28 2 2.117909e-07
8 28 2 1.595868e-07
9 28 2 8.209487e-08
10 28 2 3.197197e-08
11 28 2 1.596087e-08
12 28 2 9.950716e-09
1 29 2 9.354074e-09
2 29 2 8.848982e-09
3 29 2 1.409687e-08
4 29 2 4.238694e-08
5 29 2 1.267556e-07
6 29 2 3.119570e-07
7 29 2 4.249573e-07
8 29 2 3.161712e-07
9 29 2 1.452016e-07
10 29 2 5.381710e-08
11 29 2 2.543956e-08
12 29 2 1.588049e-08
1 30 2 2.123172e-09
2 30 2 1.856846e-09
3 30 2 2.951178e-09
4 30 2 9.032723e-09
5 30 2 2.502205e-08
6 30 2 6.805022e-08
7 30 2 9.863557e-08
8 30 2 7.553577e-08
9 30 2 3.417733e-08
10 30 2 1.337763e-08
11 30 2 6.170730e-09
12 30 2 3.695640e-09
1 31 2 3.790299e-09
2 31 2 2.920745e-09
3 31 2 4.436966e-09
4 31 2 1.234955e-08
5 31 2 3.189252e-08
6 31 2 8.397141e-08
7 31 2 1.184183e-07
8 31 2 9.558434e-08
9 31 2 4.781764e-08
10 31 2 2.189812e-08
11 31 2 1.051377e-08
12 31 2 5.858762e-09
1 32 2 4.484655e-09
2 32 2 3.712432e-09
3 32 2 5.189339e-09
4 32 2 1.153092e-08
5 32 2 3.079753e-08
6 32 2 7.295329e-08
7 32 2 9.411841e-08
8 32 2 7.774604e-08
9 32 2 4.341428e-08
10 32 2 2.238049e-08
11 32 2 1.156533e-08
12 32 2 5.997896e-09
1 35 2 3.157556e-07
2 35 2 3.008675e-07
3 35 2 3.268311e-07
4 35 2 4.355320e-07
5 35 2 6.827545e-07
6 35 2 1.042715e-06
7 35 2 1.254706e-06
8 35 2 1.152153e-06
9 35 2 7.830476e-07
10 35 2 5.661424e-07
11 35 2 4.288226e-07
12 35 2 3.483795e-07
1 36 2 3.790303e-08
2 36 2 3.558357e-08
3 36 2 3.943712e-08
4 36 2 4.736743e-08
5 36 2 6.478283e-08
6 36 2 9.345458e-08
7 36 2 1.100631e-07
8 36 2 1.121243e-07
9 36 2 8.558779e-08
10 36 2 6.705459e-08
11 36 2 5.132263e-08
12 36 2 4.252515e-08
1 37 2 8.747549e-07
2 37 2 8.466412e-07
3 37 2 1.066807e-06
4 37 2 1.371771e-06
5 37 2 2.073856e-06
6 37 2 3.145452e-06
7 37 2 3.658322e-06
8 37 2 3.596217e-06
9 37 2 2.646481e-06
10 37 2 1.984398e-06
11 37 2 1.398626e-06
12 37 2 1.071467e-06
1 38 2 1.516762e-05
2 38 2 1.515402e-05
3 38 2 2.308515e-05
4 38 2 3.422754e-05
5 38 2 6.249061e-05
6 38 2 1.108848e-04
7 38 2 1.314496e-04
8 38 2 1.140050e-04
9 38 2 7.363856e-05
10 38 2 5.033188e-05
11 38 2 2.876063e-05
12 38 2 2.075478e-05
1 39 2 1.413218e-04
2 39 2 1.472289e-04
3 39 2 2.384805e-04
4 39 2 3.682337e-04
5 39 2 7.144953e-04
6 39 2 1.381299e-03
7 39 2 1.715187e-03
8 39 2 1.388646e-03
9 39 2 8.752806e-04
10 39 2 5.527293e-04
11 39 2 2.797796e-04
12 39 2 2.042189e-04
1 40 2 3.528708e-05
2 40 2 3.871604e-05
3 40 2 6.904951e-05
4 40 2 1.161122e-04
5 40 2 2.538272e-04
6 40 2 5.762994e-04
7 40 2 7.210396e-04
8 40 2 5.289365e-04
9 40 2 3.258195e-04
10 40 2 1.755546e-04
11 40 2 7.520252e-05
12 40 2 5.602353e-05
1 41 2 1.877551e-05
2 41 2 2.007196e-05
3 41 2 4.022354e-05
4 41 2 7.164098e-05
5 41 2 1.796861e-04
6 41 2 4.559719e-04
7 41 2 5.895444e-04
8 41 2 4.135038e-04
9 41 2 2.310851e-04
10 41 2 1.001544e-04
11 41 2 3.847664e-05
12 41 2 3.206978e-05
1 42 2 1.016822e-05
2 42 2 1.063616e-05
3 42 2 2.293673e-05
4 42 2 4.524711e-05
5 42 2 1.286299e-04
6 42 2 3.567809e-04
7 42 2 4.994514e-04
8 42 2 3.335416e-04
9 42 2 1.579494e-04
10 42 2 5.652839e-05
11 42 2 2.107486e-05
12 42 2 1.728886e-05
1 43 2 2.854299e-07
2 43 2 2.959540e-07
3 43 2 6.982979e-07
4 43 2 1.703868e-06
5 43 2 5.703158e-06
6 43 2 1.681950e-05
7 43 2 2.458778e-05
8 43 2 1.543450e-05
9 43 2 6.311456e-06
10 43 2 1.937777e-06
11 43 2 6.608237e-07
12 43 2 4.630442e-07
1 44 2 1.178235e-06
2 44 2 1.183861e-06
3 44 2 2.575080e-06
4 44 2 6.961665e-06
5 44 2 2.600857e-05
6 44 2 8.196161e-05
7 44 2 1.197914e-04
8 44 2 7.223348e-05
9 44 2 2.603908e-05
10 44 2 7.714852e-06
11 44 2 2.532036e-06
12 44 2 1.711941e-06
1 45 2 2.706685e-06
2 45 2 3.033402e-06
3 45 2 5.527385e-06
4 45 2 1.630070e-05
5 45 2 6.826415e-05
6 45 2 2.265075e-04
7 45 2 3.168811e-04
8 45 2 1.929485e-04
9 45 2 6.635066e-05
10 45 2 1.694071e-05
11 45 2 4.910382e-06
12 45 2 3.209183e-06
1 46 2 1.228211e-06
2 46 2 1.545120e-06
3 46 2 2.428811e-06
4 46 2 6.744563e-06
5 46 2 2.648562e-05
6 46 2 8.215543e-05
7 46 2 1.149297e-04
8 46 2 7.201625e-05
9 46 2 2.705136e-05
10 46 2 6.556927e-06
11 46 2 1.802758e-06
12 46 2 1.285619e-06
1 47 2 1.613876e-06
2 47 2 2.053879e-06
3 47 2 2.894237e-06
4 47 2 6.484618e-06
5 47 2 2.210282e-05
6 47 2 6.089322e-05
7 47 2 8.258421e-05
8 47 2 5.599801e-05
9 47 2 2.372247e-05
10 47 2 7.316918e-06
11 47 2 2.158682e-06
12 47 2 1.640885e-06
1 48 2 2.185709e-06
2 48 2 2.510807e-06
3 48 2 3.453475e-06
4 48 2 6.743908e-06
5 48 2 2.092764e-05
6 48 2 4.813716e-05
7 48 2 6.396981e-05
8 48 2 4.500643e-05
9 48 2 2.142488e-05
10 48 2 7.987952e-06
11 48 2 2.875563e-06
12 48 2 1.906898e-06
1 49 2 8.468207e-09
2 49 2 7.705322e-09
3 49 2 8.740095e-09
4 49 2 1.022951e-08
5 49 2 1.463037e-08
6 49 2 2.225927e-08
7 49 2 3.319603e-08
8 49 2 3.121620e-08
9 49 2 2.177294e-08
10 49 2 1.558064e-08
11 49 2 1.137513e-08
12 49 2 8.298134e-09
1 50 2 3.452823e-08
2 50 2 2.980474e-08
3 50 2 3.493576e-08
4 50 2 3.982315e-08
5 50 2 5.604831e-08
6 50 2 8.225011e-08
7 50 2 1.135173e-07
8 50 2 1.091653e-07
9 50 2 7.904563e-08
10 50 2 5.634705e-08
11 50 2 4.218595e-08
12 50 2 3.321683e-08
1 51 2 1.333055e-08
2 51 2 1.216622e-08
3 51 2 1.321994e-08
4 51 2 1.526018e-08
5 51 2 2.080001e-08
6 51 2 2.917037e-08
7 51 2 3.801325e-08
8 51 2 3.769760e-08
9 51 2 3.132118e-08
10 51 2 2.203052e-08
11 51 2 1.651106e-08
12 51 2 1.383678e-08
1 52 2 7.688226e-06
2 52 2 8.080985e-06
3 52 2 1.015155e-05
4 52 2 1.479958e-05
5 52 2 2.502804e-05
6 52 2 3.444419e-05
7 52 2 4.418107e-05
8 52 2 4.132443e-05
9 52 2 3.335861e-05
10 52 2 1.905661e-05
11 52 2 1.147021e-05
12 52 2 8.845284e-06
1 53 2 2.678220e-06
2 53 2 3.360187e-06
3 53 2 5.692866e-06
4 53 2 1.242582e-05
5 53 2 2.366257e-05
6 53 2 3.533424e-05
7 53 2 4.904811e-05
8 53 2 4.179471e-05
9 53 2 2.828698e-05
10 53 2 1.247575e-05
11 53 2 5.564520e-06
12 53 2 3.525350e-06
1 54 2 1.076220e-06
2 54 2 1.396133e-06
3 54 2 2.610825e-06
4 54 2 6.487642e-06
5 54 2 1.277863e-05
6 54 2 2.468249e-05
7 54 2 3.506265e-05
8 54 2 2.940093e-05
9 54 2 1.783120e-05
10 54 2 7.583564e-06
11 54 2 3.250662e-06
12 54 2 1.793128e-06
1 55 2 1.027705e-06
2 55 2 1.146165e-06
3 55 2 2.138140e-06
4 55 2 5.006563e-06
5 55 2 9.935052e-06
6 55 2 2.121728e-05
7 55 2 2.949363e-05
8 55 2 2.543569e-05
9 55 2 1.612967e-05
10 55 2 7.733918e-06
11 55 2 3.618404e-06
12 55 2 2.071909e-06
1 56 2 4.083137e-06
2 56 2 4.237405e-06
3 56 2 7.339297e-06
4 56 2 1.636559e-05
5 56 2 3.577298e-05
6 56 2 7.051642e-05
7 56 2 9.749513e-05
8 56 2 8.091602e-05
9 56 2 5.288863e-05
10 56 2 2.725014e-05
11 56 2 1.228537e-05
12 56 2 7.045780e-06
1 57 2 8.345076e-07
2 57 2 7.962030e-07
3 57 2 9.792843e-07
4 57 2 1.486400e-06
5 57 2 2.486981e-06
6 57 2 4.046628e-06
7 57 2 5.762445e-06
8 57 2 5.193370e-06
9 57 2 3.863871e-06
10 57 2 2.481949e-06
11 57 2 1.517725e-06
12 57 2 1.090720e-06
1 60 2 7.722663e-05
2 60 2 7.478701e-05
3 60 2 8.576586e-05
4 60 2 1.017170e-04
5 60 2 1.254090e-04
6 60 2 1.650374e-04
7 60 2 1.921366e-04
8 60 2 1.922174e-04
9 60 2 1.631241e-04
10 60 2 1.331634e-04
11 60 2 1.064996e-04
12 60 2 8.827727e-05
1 61 2 2.555746e-04
2 61 2 2.571118e-04
3 61 2 3.616235e-04
4 61 2 5.446812e-04
5 61 2 7.945237e-04
6 61 2 1.119355e-03
7 61 2 1.324649e-03
8 61 2 1.274422e-03
9 61 2 9.902590e-04
10 61 2 6.735802e-04
11 61 2 4.394172e-04
12 61 2 3.082035e-04
1 62 2 1.164086e-03
2 62 2 1.274948e-03
3 62 2 2.007001e-03
4 62 2 3.633284e-03
5 62 2 6.231866e-03
6 62 2 8.840399e-03
7 62 2 1.081002e-02
8 62 2 1.009076e-02
9 62 2 7.031469e-03
10 62 2 4.193138e-03
11 62 2 2.277060e-03
12 62 2 1.481845e-03
1 63 2 2.179445e-03
2 63 2 2.645753e-03
3 63 2 4.427040e-03
4 63 2 9.311185e-03
5 63 2 1.786970e-02
6 63 2 2.656615e-02
7 63 2 3.397169e-02
8 63 2 2.956202e-02
9 63 2 1.805556e-02
10 63 2 9.860335e-03
11 63 2 4.554561e-03
12 63 2 2.981608e-03
1 64 2 5.207615e-04
2 64 2 6.671498e-04
3 64 2 1.270414e-03
4 64 2 3.009187e-03
5 64 2 6.444730e-03
6 64 2 1.032298e-02
7 64 2 1.308461e-02
8 64 2 1.022924e-02
9 64 2 5.857110e-03
10 64 2 2.589299e-03
11 64 2 1.183182e-03
12 64 2 8.097201e-04
1 65 2 1.760703e-04
2 65 2 2.183283e-04
3 65 2 4.783162e-04
4 65 2 1.348868e-03
5 65 2 2.828147e-03
6 65 2 4.806542e-03
7 65 2 6.229962e-03
8 65 2 4.649706e-03
9 65 2 2.637166e-03
10 65 2 9.358149e-04
11 65 2 4.119641e-04
12 65 2 2.985498e-04
1 66 2 1.166267e-04
2 66 2 1.441869e-04
3 66 2 3.427736e-04
4 66 2 1.124526e-03
5 66 2 2.338212e-03
6 66 2 4.020660e-03
7 66 2 5.545161e-03
8 66 2 4.192147e-03
9 66 2 2.371430e-03
10 66 2 7.856819e-04
11 66 2 3.010850e-04
12 66 2 1.867572e-04
1 67 2 3.938087e-05
2 67 2 5.251256e-05
3 67 2 1.335398e-04
4 67 2 4.933076e-04
5 67 2 1.119286e-03
6 67 2 1.908951e-03
7 67 2 2.668924e-03
8 67 2 2.053956e-03
9 67 2 1.123371e-03
10 67 2 4.131158e-04
11 67 2 1.306303e-04
12 67 2 5.879603e-05
1 68 2 9.483445e-06
2 68 2 1.273372e-05
3 68 2 3.781842e-05
4 68 2 1.738334e-04
5 68 2 4.737183e-04
6 68 2 9.077911e-04
7 68 2 1.301601e-03
8 68 2 9.680444e-04
9 68 2 4.645740e-04
10 68 2 1.706789e-04
11 68 2 3.892084e-05
12 68 2 1.354310e-05
1 69 2 5.737590e-06
2 69 2 8.134837e-06
3 69 2 1.945391e-05
4 69 2 8.530655e-05
5 69 2 2.735395e-04
6 69 2 6.473619e-04
7 69 2 9.483800e-04
8 69 2 7.300607e-04
9 69 2 3.136293e-04
10 69 2 1.019801e-04
11 69 2 1.976007e-05
12 69 2 7.431068e-06
1 70 2 2.383312e-05
2 70 2 2.785635e-05
3 70 2 3.991735e-05
4 70 2 1.041423e-04
5 70 2 2.611558e-04
6 70 2 6.341606e-04
7 70 2 1.026505e-03
8 70 2 9.355606e-04
9 70 2 4.830608e-04
10 70 2 1.721866e-04
11 70 2 5.236888e-05
12 70 2 2.947989e-05
1 71 2 2.049414e-05
2 71 2 2.079676e-05
3 71 2 2.353311e-05
4 71 2 3.776353e-05
5 71 2 7.313392e-05
6 71 2 1.525642e-04
7 71 2 2.341382e-04
8 71 2 2.327921e-04
9 71 2 1.493572e-04
10 71 2 7.113685e-05
11 71 2 3.398388e-05
12 71 2 2.360296e-05
1 72 2 8.594099e-08
2 72 2 8.208112e-08
3 72 2 8.892638e-08
4 72 2 1.133820e-07
5 72 2 1.764140e-07
6 72 2 3.069663e-07
7 72 2 4.754556e-07
8 72 2 4.572768e-07
9 72 2 3.199261e-07
10 72 2 1.939851e-07
11 72 2 1.195216e-07
12 72 2 8.535409e-08
1 76 2 1.207054e-05
2 76 2 1.104330e-05
3 76 2 1.115445e-05
4 76 2 1.213338e-05
5 76 2 1.649554e-05
6 76 2 2.352159e-05
7 76 2 3.154114e-05
8 76 2 3.366018e-05
9 76 2 3.207160e-05
10 76 2 2.141742e-05
11 76 2 1.382585e-05
12 76 2 1.209190e-05
1 77 2 1.230469e-05
2 77 2 1.597754e-05
3 77 2 2.092962e-05
4 77 2 3.382687e-05
5 77 2 5.679668e-05
6 77 2 8.768815e-05
7 77 2 1.191445e-04
8 77 2 1.130875e-04
9 77 2 8.377040e-05
10 77 2 4.232180e-05
11 77 2 1.857093e-05
12 77 2 1.170516e-05
1 78 2 1.345221e-05
2 78 2 1.838055e-05
3 78 2 2.559602e-05
4 78 2 4.590916e-05
5 78 2 7.178866e-05
6 78 2 1.139755e-04
7 78 2 1.406901e-04
8 78 2 1.317392e-04
9 78 2 8.541828e-05
10 78 2 4.529898e-05
11 78 2 2.446243e-05
12 78 2 1.412299e-05
1 79 2 4.873692e-05
2 79 2 5.980100e-05
3 79 2 8.780513e-05
4 79 2 1.456394e-04
5 79 2 2.212666e-04
6 79 2 3.614767e-04
7 79 2 4.429446e-04
8 79 2 4.196114e-04
9 79 2 2.897442e-04
10 79 2 1.749027e-04
11 79 2 9.965056e-05
12 79 2 6.104410e-05
1 80 2 2.180071e-05
2 80 2 2.184328e-05
3 80 2 2.744745e-05
4 80 2 3.711210e-05
5 80 2 5.534939e-05
6 80 2 8.421211e-05
7 80 2 1.084359e-04
8 80 2 1.073497e-04
9 80 2 8.909830e-05
10 80 2 6.246721e-05
11 80 2 3.644089e-05
12 80 2 2.693588e-05
1 81 2 1.261767e-11
2 81 2 1.143465e-11
3 81 2 1.204379e-11
4 81 2 1.428098e-11
5 81 2 2.056448e-11
6 81 2 2.771005e-11
7 81 2 3.697429e-11
8 81 2 3.967259e-11
9 81 2 3.607477e-11
10 81 2 2.767992e-11
11 81 2 1.829749e-11
12 81 2 1.498008e-11
1 84 2 7.259703e-05
2 84 2 7.675333e-05
3 84 2 9.492851e-05
4 84 2 1.199600e-04
5 84 2 1.608301e-04
6 84 2 2.635318e-04
7 84 2 3.529543e-04
8 84 2 3.382179e-04
9 84 2 2.537807e-04
10 84 2 1.601611e-04
11 84 2 1.075925e-04
12 84 2 8.218906e-05
1 85 2 8.153401e-05
2 85 2 9.181373e-05
3 85 2 1.193727e-04
4 85 2 1.734373e-04
5 85 2 2.776354e-04
6 85 2 4.241316e-04
7 85 2 5.868254e-04
8 85 2 5.582521e-04
9 85 2 4.019794e-04
10 85 2 2.217342e-04
11 85 2 1.250488e-04
12 85 2 9.073549e-05
1 86 2 2.517566e-05
2 86 2 2.850411e-05
3 86 2 3.642615e-05
4 86 2 5.290989e-05
5 86 2 8.503665e-05
6 86 2 1.233863e-04
7 86 2 1.695000e-04
8 86 2 1.700545e-04
9 86 2 1.258727e-04
10 86 2 7.299220e-05
11 86 2 4.020770e-05
12 86 2 2.873617e-05
1 87 2 4.126208e-04
2 87 2 5.582286e-04
3 87 2 7.970480e-04
4 87 2 1.259951e-03
5 87 2 2.210417e-03
6 87 2 3.322537e-03
7 87 2 4.504332e-03
8 87 2 4.589764e-03
9 87 2 3.327600e-03
10 87 2 1.873527e-03
11 87 2 8.231784e-04
12 87 2 5.003673e-04
1 88 2 1.285074e-04
2 88 2 1.824909e-04
3 88 2 2.861727e-04
4 88 2 5.429820e-04
5 88 2 1.114359e-03
6 88 2 1.751466e-03
7 88 2 2.242996e-03
8 88 2 1.967283e-03
9 88 2 1.271259e-03
10 88 2 6.007733e-04
11 88 2 3.079978e-04
12 88 2 1.710815e-04
1 89 2 3.335590e-04
2 89 2 4.641041e-04
3 89 2 8.808551e-04
4 89 2 1.656738e-03
5 89 2 3.306212e-03
6 89 2 4.939096e-03
7 89 2 5.761774e-03
8 89 2 5.045940e-03
9 89 2 3.293008e-03
10 89 2 1.567045e-03
11 89 2 8.622667e-04
12 89 2 4.772682e-04
1 90 2 5.282942e-05
2 90 2 6.962743e-05
3 90 2 1.381682e-04
4 90 2 2.479824e-04
5 90 2 3.807626e-04
6 90 2 5.040031e-04
7 90 2 5.660266e-04
8 90 2 5.237314e-04
9 90 2 3.816730e-04
10 90 2 2.276517e-04
11 90 2 1.255165e-04
12 90 2 7.145380e-05
1 91 2 6.146521e-08
2 91 2 8.697056e-08
3 91 2 1.817007e-07
4 91 2 3.433573e-07
5 91 2 5.067418e-07
6 91 2 6.441161e-07
7 91 2 7.232486e-07
8 91 2 6.632884e-07
9 91 2 4.769181e-07
10 91 2 2.952134e-07
11 91 2 1.530030e-07
12 91 2 7.854509e-08
1 92 2 3.296999e-07
2 92 2 4.709562e-07
3 92 2 1.180568e-06
4 92 2 2.816563e-06
5 92 2 5.311628e-06
6 92 2 8.139284e-06
7 92 2 9.770114e-06
8 92 2 8.892370e-06
9 92 2 5.563153e-06
10 92 2 2.956637e-06
11 92 2 1.159595e-06
12 92 2 4.977857e-07
1 93 2 4.165142e-05
2 93 2 5.025616e-05
3 93 2 1.033293e-04
4 93 2 2.408205e-04
5 93 2 4.296102e-04
6 93 2 6.817613e-04
7 93 2 9.145471e-04
8 93 2 8.990777e-04
9 93 2 6.047241e-04
10 93 2 3.482476e-04
11 93 2 1.491386e-04
12 93 2 6.211922e-05
1 94 2 2.044047e-05
2 94 2 2.033743e-05
3 94 2 2.715538e-05
4 94 2 4.812434e-05
5 94 2 8.214531e-05
6 94 2 1.293479e-04
7 94 2 1.786936e-04
8 94 2 1.947364e-04
9 94 2 1.604073e-04
10 94 2 9.682157e-05
11 94 2 5.196653e-05
12 94 2 2.839327e-05
1 98 2 1.527844e-06
2 98 2 1.422220e-06
3 98 2 1.339240e-06
4 98 2 1.425905e-06
5 98 2 1.618305e-06
6 98 2 1.851819e-06
7 98 2 2.082916e-06
8 98 2 2.195292e-06
9 98 2 2.166262e-06
10 98 2 2.047696e-06
11 98 2 1.841888e-06
12 98 2 1.676138e-06
1 101 2 6.000447e-06
2 101 2 6.165664e-06
3 101 2 6.318208e-06
4 101 2 7.791310e-06
5 101 2 1.001978e-05
6 101 2 1.169913e-05
7 101 2 1.248816e-05
8 101 2 1.251357e-05
9 101 2 1.203013e-05
10 101 2 1.031460e-05
11 101 2 7.931648e-06
12 101 2 6.361748e-06
1 102 2 3.848385e-05
2 102 2 4.350068e-05
3 102 2 5.346314e-05
4 102 2 6.687164e-05
5 102 2 7.738632e-05
6 102 2 8.448104e-05
7 102 2 8.685998e-05
8 102 2 8.795754e-05
9 102 2 7.927430e-05
10 102 2 6.107300e-05
11 102 2 4.901873e-05
12 102 2 4.017694e-05
1 103 2 2.152223e-05
2 103 2 2.196361e-05
3 103 2 2.393758e-05
4 103 2 2.704856e-05
5 103 2 3.150020e-05
6 103 2 3.604795e-05
7 103 2 3.899930e-05
8 103 2 4.092890e-05
9 103 2 4.014278e-05
10 103 2 3.508131e-05
11 103 2 2.885988e-05
12 103 2 2.399604e-05
1 104 2 1.007810e-05
2 104 2 9.670690e-06
3 104 2 9.775768e-06
4 104 2 1.071772e-05
5 104 2 1.253235e-05
6 104 2 1.438148e-05
7 104 2 1.614070e-05
8 104 2 1.743589e-05
9 104 2 1.757624e-05
10 104 2 1.641969e-05
11 104 2 1.350667e-05
12 104 2 1.118351e-05
1 107 2 3.686012e-06
2 107 2 3.888676e-06
3 107 2 4.540168e-06
4 107 2 5.202532e-06
5 107 2 5.834313e-06
6 107 2 7.469322e-06
7 107 2 8.164286e-06
8 107 2 8.131251e-06
9 107 2 7.612068e-06
10 107 2 6.510998e-06
11 107 2 5.176005e-06
12 107 2 4.047831e-06
1 108 2 4.892084e-07
2 108 2 6.252089e-07
3 108 2 9.081829e-07
4 108 2 1.406577e-06
5 108 2 2.183383e-06
6 108 2 2.996761e-06
7 108 2 3.207943e-06
8 108 2 2.835146e-06
9 108 2 2.294080e-06
10 108 2 1.582757e-06
11 108 2 8.244555e-07
12 108 2 5.248464e-07
1 109 2 9.273991e-07
2 109 2 1.224959e-06
3 109 2 1.915915e-06
4 109 2 3.324907e-06
5 109 2 5.664922e-06
6 109 2 7.140921e-06
7 109 2 7.255821e-06
8 109 2 6.670137e-06
9 109 2 5.356311e-06
10 109 2 3.758331e-06
11 109 2 1.671612e-06
12 109 2 9.764940e-07
1 110 2 4.083991e-07
2 110 2 5.202222e-07
3 110 2 8.355034e-07
4 110 2 1.293327e-06
5 110 2 2.005898e-06
6 110 2 2.322926e-06
7 110 2 2.497370e-06
8 110 2 2.469879e-06
9 110 2 2.079581e-06
10 110 2 1.516146e-06
11 110 2 7.333670e-07
12 110 2 4.316678e-07
1 111 2 1.401428e-05
2 111 2 1.752778e-05
3 111 2 2.837709e-05
4 111 2 4.300785e-05
5 111 2 6.500009e-05
6 111 2 8.336122e-05
7 111 2 8.811905e-05
8 111 2 8.727853e-05
9 111 2 7.432529e-05
10 111 2 4.838217e-05
11 111 2 2.606313e-05
12 111 2 1.591983e-05
1 112 2 1.613393e-05
2 112 2 2.080274e-05
3 112 2 3.649392e-05
4 112 2 6.068726e-05
5 112 2 9.228521e-05
6 112 2 1.124604e-04
7 112 2 1.145379e-04
8 112 2 1.067612e-04
9 112 2 8.150042e-05
10 112 2 5.410596e-05
11 112 2 3.105117e-05
12 112 2 1.908684e-05
1 113 2 9.260175e-06
2 113 2 1.173178e-05
3 113 2 1.970946e-05
4 113 2 2.947370e-05
5 113 2 3.627021e-05
6 113 2 3.166926e-05
7 113 2 2.717410e-05
8 113 2 2.595348e-05
9 113 2 2.566921e-05
10 113 2 2.343844e-05
11 113 2 1.639372e-05
12 113 2 1.107248e-05
1 114 2 2.524106e-05
2 114 2 3.422816e-05
3 114 2 6.098330e-05
4 114 2 8.889441e-05
5 114 2 1.025580e-04
6 114 2 7.507823e-05
7 114 2 6.200954e-05
8 114 2 5.683926e-05
9 114 2 5.485191e-05
10 114 2 4.909346e-05
11 114 2 3.742501e-05
12 114 2 2.772208e-05
1 115 2 8.630116e-06
2 115 2 1.255605e-05
3 115 2 1.990338e-05
4 115 2 2.467198e-05
5 115 2 2.203324e-05
6 115 2 2.045714e-05
7 115 2 1.973053e-05
8 115 2 1.893005e-05
9 115 2 1.741000e-05
10 115 2 1.555850e-05
11 115 2 1.181890e-05
12 115 2 8.479172e-06
1 116 2 6.263843e-06
2 116 2 8.018483e-06
3 116 2 1.226217e-05
4 116 2 1.735666e-05
5 116 2 2.018689e-05
6 116 2 2.298774e-05
7 116 2 2.409996e-05
8 116 2 2.306901e-05
9 116 2 1.868847e-05
10 116 2 1.494101e-05
11 116 2 1.085435e-05
12 116 2 7.150382e-06
1 117 2 1.437739e-06
2 117 2 1.501359e-06
3 117 2 1.896079e-06
4 117 2 2.595488e-06
5 117 2 3.305143e-06
6 117 2 3.915864e-06
7 117 2 4.168845e-06
8 117 2 4.163378e-06
9 117 2 3.798830e-06
10 117 2 3.252028e-06
11 117 2 2.625239e-06
12 117 2 1.896439e-06
1 126 2 1.105028e-07
2 126 2 1.148564e-07
3 126 2 1.244886e-07
4 126 2 1.314524e-07
5 126 2 1.298761e-07
6 126 2 1.207053e-07
7 126 2 1.163529e-07
8 126 2 1.174897e-07
9 126 2 1.168677e-07
10 126 2 1.148412e-07
11 126 2 1.122141e-07
12 126 2 1.105151e-07
1 127 2 1.115152e-05
2 127 2 1.134133e-05
3 127 2 1.197053e-05
4 127 2 1.242795e-05
5 127 2 1.259727e-05
6 127 2 1.220205e-05
7 127 2 1.220542e-05
8 127 2 1.248551e-05
9 127 2 1.235241e-05
10 127 2 1.185736e-05
11 127 2 1.149125e-05
12 127 2 1.134901e-05
1 128 2 5.053740e-05
2 128 2 5.190144e-05
3 128 2 5.328014e-05
4 128 2 5.201047e-05
5 128 2 5.059336e-05
6 128 2 4.907359e-05
7 128 2 5.230339e-05
8 128 2 5.946917e-05
9 128 2 6.253128e-05
10 128 2 5.906375e-05
11 128 2 5.370985e-05
12 128 2 5.060537e-05
1 129 2 1.440486e-06
2 129 2 1.420708e-06
3 129 2 1.456540e-06
4 129 2 1.498779e-06
5 129 2 1.521905e-06
6 129 2 1.563077e-06
7 129 2 1.633261e-06
8 129 2 1.780251e-06
9 129 2 1.859988e-06
10 129 2 1.868182e-06
11 129 2 1.705714e-06
12 129 2 1.515319e-06
1 133 2 3.094162e-05
2 133 2 3.597421e-05
3 133 2 4.318509e-05
4 133 2 4.433967e-05
5 133 2 4.229551e-05
6 133 2 3.887528e-05
7 133 2 3.469656e-05
8 133 2 3.248938e-05
9 133 2 3.387919e-05
10 133 2 3.608264e-05
11 133 2 3.442342e-05
12 133 2 3.012051e-05
1 135 2 1.338622e-06
2 135 2 1.508158e-06
3 135 2 1.793545e-06
4 135 2 1.931564e-06
5 135 2 1.856048e-06
6 135 2 1.655785e-06
7 135 2 1.430434e-06
8 135 2 1.444750e-06
9 135 2 1.535212e-06
10 135 2 1.443777e-06
11 135 2 1.383848e-06
12 135 2 1.299936e-06
1 136 2 1.496978e-06
2 136 2 1.540693e-06
3 136 2 1.905354e-06
4 136 2 2.316331e-06
5 136 2 2.536487e-06
6 136 2 2.314243e-06
7 136 2 2.047835e-06
8 136 2 2.043138e-06
9 136 2 2.053698e-06
10 136 2 1.931910e-06
11 136 2 1.826611e-06
12 136 2 1.622053e-06
1 137 2 3.643950e-07
2 137 2 3.822879e-07
3 137 2 4.383010e-07
4 137 2 4.816284e-07
5 137 2 4.753964e-07
6 137 2 4.374124e-07
7 137 2 4.046530e-07
8 137 2 3.904497e-07
9 137 2 3.906950e-07
10 137 2 4.070141e-07
11 137 2 4.024099e-07
12 137 2 3.794365e-07
1 138 2 1.455901e-05
2 138 2 1.600995e-05
3 138 2 1.857391e-05
4 138 2 2.067160e-05
5 138 2 2.085638e-05
6 138 2 1.833066e-05
7 138 2 1.698160e-05
8 138 2 1.637665e-05
9 138 2 1.642133e-05
10 138 2 1.651702e-05
11 138 2 1.602183e-05
12 138 2 1.485890e-05
1 139 2 2.457180e-05
2 139 2 2.798274e-05
3 139 2 3.126796e-05
4 139 2 3.281795e-05
5 139 2 3.235546e-05
6 139 2 3.013172e-05
7 139 2 2.850917e-05
8 139 2 2.744478e-05
9 139 2 2.708905e-05
10 139 2 2.729935e-05
11 139 2 2.597742e-05
12 139 2 2.377886e-05
1 140 2 8.138839e-06
2 140 2 8.415862e-06
3 140 2 9.140279e-06
4 140 2 1.035579e-05
5 140 2 1.099636e-05
6 140 2 1.056203e-05
7 140 2 1.000052e-05
8 140 2 9.645418e-06
9 140 2 9.504804e-06
10 140 2 9.557335e-06
11 140 2 9.355478e-06
12 140 2 8.722162e-06
1 141 2 1.276939e-05
2 141 2 1.263726e-05
3 141 2 1.299922e-05
4 141 2 1.426654e-05
5 141 2 1.539549e-05
6 141 2 1.522362e-05
7 141 2 1.481196e-05
8 141 2 1.436310e-05
9 141 2 1.424137e-05
10 141 2 1.427485e-05
11 141 2 1.441733e-05
12 141 2 1.399810e-05
1 150 2 1.474930e-08
2 150 2 1.614543e-08
3 150 2 1.728184e-08
4 150 2 1.767210e-08
5 150 2 1.653570e-08
6 150 2 1.458374e-08
7 150 2 1.330444e-08
8 150 2 1.298317e-08
9 150 2 1.256342e-08
10 150 2 1.227759e-08
11 150 2 1.251629e-08
12 150 2 1.331698e-08
1 151 2 9.576590e-06
2 151 2 1.018582e-05
3 151 2 1.079999e-05
4 151 2 1.105465e-05
5 151 2 1.069614e-05
6 151 2 1.006838e-05
7 151 2 9.845914e-06
8 151 2 1.022605e-05
9 151 2 9.736104e-06
10 151 2 9.136327e-06
11 151 2 8.868425e-06
12 151 2 9.089670e-06
1 152 2 7.594066e-06
2 152 2 7.692231e-06
3 152 2 7.763440e-06
4 152 2 7.377273e-06
5 152 2 7.091536e-06
6 152 2 6.964885e-06
7 152 2 7.962725e-06
8 152 2 1.061734e-05
9 152 2 1.127146e-05
10 152 2 9.606773e-06
11 152 2 8.238205e-06
12 152 2 7.618648e-06
1 153 2 8.803027e-06
2 153 2 9.016558e-06
3 153 2 9.513090e-06
4 153 2 9.331086e-06
5 153 2 9.011046e-06
6 153 2 8.847039e-06
7 153 2 1.032731e-05
8 153 2 1.349593e-05
9 153 2 1.641481e-05
10 153 2 1.467147e-05
11 153 2 1.109821e-05
12 153 2 9.259959e-06
1 154 2 2.395650e-05
2 154 2 2.382652e-05
3 154 2 2.479455e-05
4 154 2 2.375778e-05
5 154 2 2.221569e-05
6 154 2 1.998327e-05
7 154 2 1.886946e-05
8 154 2 1.965692e-05
9 154 2 2.216291e-05
10 154 2 2.490715e-05
11 154 2 2.624936e-05
12 154 2 2.538188e-05
1 157 2 9.546009e-07
2 157 2 9.912576e-07
3 157 2 1.061283e-06
4 157 2 1.046333e-06
5 157 2 1.019874e-06
6 157 2 9.588566e-07
7 157 2 9.148859e-07
8 157 2 9.056639e-07
9 157 2 8.991181e-07
10 157 2 9.147953e-07
11 157 2 9.213536e-07
12 157 2 9.333775e-07
1 163 2 4.441300e-06
2 163 2 4.500808e-06
3 163 2 4.634368e-06
4 163 2 4.912460e-06
5 163 2 4.917255e-06
6 163 2 4.546195e-06
7 163 2 4.202942e-06
8 163 2 3.946645e-06
9 163 2 4.003160e-06
10 163 2 4.235189e-06
11 163 2 4.400749e-06
12 163 2 4.435230e-06
1 164 2 1.680313e-05
2 164 2 1.665946e-05
3 164 2 1.712320e-05
4 164 2 1.792202e-05
5 164 2 1.771120e-05
6 164 2 1.638149e-05
7 164 2 1.516252e-05
8 164 2 1.481099e-05
9 164 2 1.585955e-05
10 164 2 1.737484e-05
11 164 2 1.772573e-05
12 164 2 1.743056e-05
1 165 2 7.334085e-06
2 165 2 7.187921e-06
3 165 2 7.278284e-06
4 165 2 7.439271e-06
5 165 2 7.357617e-06
6 165 2 6.770050e-06
7 165 2 6.383231e-06
8 165 2 6.460987e-06
9 165 2 6.886715e-06
10 165 2 7.363390e-06
11 165 2 7.745980e-06
12 165 2 7.755105e-06
1 166 2 3.201345e-06
2 166 2 3.169386e-06
3 166 2 3.117023e-06
4 166 2 3.102399e-06
5 166 2 3.000815e-06
6 166 2 2.775255e-06
7 166 2 2.620680e-06
8 166 2 2.640232e-06
9 166 2 2.739045e-06
10 166 2 2.881275e-06
11 166 2 3.106437e-06
12 166 2 3.262955e-06
1 170 2 1.470520e-07
2 170 2 1.617281e-07
3 170 2 1.588970e-07
4 170 2 1.444289e-07
5 170 2 1.203524e-07
6 170 2 1.011953e-07
7 170 2 9.571494e-08
8 170 2 9.137695e-08
9 170 2 9.291382e-08
10 170 2 1.034589e-07
11 170 2 1.141476e-07
12 170 2 1.314481e-07
1 171 2 5.276338e-07
2 171 2 5.791902e-07
3 171 2 5.862020e-07
4 171 2 5.215344e-07
5 171 2 4.338580e-07
6 171 2 3.717958e-07
7 171 2 3.375506e-07
8 171 2 3.198398e-07
9 171 2 3.244999e-07
10 171 2 3.529653e-07
11 171 2 4.028537e-07
12 171 2 4.759329e-07
1 175 2 1.521661e-08
2 175 2 1.608750e-08
3 175 2 1.613365e-08
4 175 2 1.511108e-08
5 175 2 1.312915e-08
6 175 2 1.196398e-08
7 175 2 1.171574e-08
8 175 2 1.161682e-08
9 175 2 1.080491e-08
10 175 2 1.092224e-08
11 175 2 1.141910e-08
12 175 2 1.332044e-08
1 176 2 1.193523e-05
2 176 2 1.202472e-05
3 176 2 1.177216e-05
4 176 2 1.039737e-05
5 176 2 8.411011e-06
6 176 2 7.621953e-06
7 176 2 7.608053e-06
8 176 2 8.679777e-06
9 176 2 9.453175e-06
10 176 2 1.008884e-05
11 176 2 1.076909e-05
12 176 2 1.143941e-05
1 177 2 4.854578e-05
2 177 2 4.717325e-05
3 177 2 4.454034e-05
4 177 2 3.894756e-05
5 177 2 3.184849e-05
6 177 2 2.719592e-05
7 177 2 2.829693e-05
8 177 2 3.390493e-05
9 177 2 4.261320e-05
10 177 2 4.431609e-05
11 177 2 4.521498e-05
12 177 2 4.530736e-05
1 178 2 1.752017e-05
2 178 2 1.731540e-05
3 178 2 1.659808e-05
4 178 2 1.391186e-05
5 178 2 1.211312e-05
6 178 2 1.023828e-05
7 178 2 9.751316e-06
8 178 2 9.823083e-06
9 178 2 1.120298e-05
10 178 2 1.205409e-05
11 178 2 1.361441e-05
12 178 2 1.511485e-05
1 181 2 2.141093e-07
2 181 2 2.261467e-07
3 181 2 2.292610e-07
4 181 2 2.192042e-07
5 181 2 1.807751e-07
6 181 2 1.563156e-07
7 181 2 1.382152e-07
8 181 2 1.414520e-07
9 181 2 1.532489e-07
10 181 2 1.659399e-07
11 181 2 1.879292e-07
12 181 2 2.000902e-07
1 182 2 2.560526e-05
2 182 2 2.366715e-05
3 182 2 2.231707e-05
4 182 2 1.864228e-05
5 182 2 1.459856e-05
6 182 2 1.091885e-05
7 182 2 1.082602e-05
8 182 2 1.504409e-05
9 182 2 2.087530e-05
10 182 2 2.560281e-05
11 182 2 2.829637e-05
12 182 2 2.716034e-05
1 183 2 5.444267e-06
2 183 2 5.230130e-06
3 183 2 4.993141e-06
4 183 2 4.527414e-06
5 183 2 3.809288e-06
6 183 2 3.091689e-06
7 183 2 2.876492e-06
8 183 2 3.415725e-06
9 183 2 3.971557e-06
10 183 2 4.698347e-06
11 183 2 5.115073e-06
12 183 2 5.261183e-06
1 184 2 1.697853e-06
2 184 2 1.720363e-06
3 184 2 1.666144e-06
4 184 2 1.499422e-06
5 184 2 1.246540e-06
6 184 2 1.007439e-06
7 184 2 9.084571e-07
8 184 2 9.487946e-07
9 184 2 1.005089e-06
10 184 2 1.154219e-06
11 184 2 1.350513e-06
12 184 2 1.539286e-06
1 188 2 2.820299e-07
2 188 2 2.795709e-07
3 188 2 2.591372e-07
4 188 2 2.116032e-07
5 188 2 1.495527e-07
6 188 2 1.137550e-07
7 188 2 9.788528e-08
8 188 2 9.957154e-08
9 188 2 1.348691e-07
10 188 2 1.772370e-07
11 188 2 2.110717e-07
12 188 2 2.632632e-07
1 189 2 2.462657e-07
2 189 2 2.275991e-07
3 189 2 2.064527e-07
4 189 2 1.525992e-07
5 189 2 1.010343e-07
6 189 2 7.144769e-08
7 189 2 6.793148e-08
8 189 2 8.344235e-08
9 189 2 1.342316e-07
10 189 2 1.911262e-07
11 189 2 2.324732e-07
12 189 2 2.429333e-07
1 190 2 1.007677e-06
2 190 2 9.547920e-07
3 190 2 8.287616e-07
4 190 2 5.869945e-07
5 190 2 4.095460e-07
6 190 2 2.971022e-07
7 190 2 2.791609e-07
8 190 2 3.365276e-07
9 190 2 4.726907e-07
10 190 2 6.443916e-07
11 190 2 8.443587e-07
12 190 2 9.473550e-07
1 191 2 7.748429e-07
2 191 2 8.029419e-07
3 191 2 7.804634e-07
4 191 2 6.447504e-07
5 191 2 5.301903e-07
6 191 2 4.355421e-07
7 191 2 3.829148e-07
8 191 2 3.888833e-07
9 191 2 4.242795e-07
10 191 2 4.762102e-07
11 191 2 5.856886e-07
12 191 2 6.890573e-07
1 192 2 1.014821e-06
2 192 2 1.096740e-06
3 192 2 1.068563e-06
4 192 2 9.252158e-07
5 192 2 7.819469e-07
6 192 2 6.657964e-07
7 192 2 5.851026e-07
8 192 2 5.436976e-07
9 192 2 5.598164e-07
10 192 2 6.147424e-07
11 192 2 7.338435e-07
12 192 2 8.811856e-07
1 200 2 5.222992e-05
2 200 2 5.373160e-05
3 200 2 4.394066e-05
4 200 2 2.904791e-05
5 200 2 1.901331e-05
6 200 2 1.548458e-05
7 200 2 1.471116e-05
8 200 2 1.586473e-05
9 200 2 1.757300e-05
10 200 2 2.246794e-05
11 200 2 3.122252e-05
12 200 2 4.301828e-05
1 201 2 3.609225e-05
2 201 2 3.723973e-05
3 201 2 3.409076e-05
4 201 2 2.624063e-05
5 201 2 1.977482e-05
6 201 2 1.636026e-05
7 201 2 1.546136e-05
8 201 2 1.599337e-05
9 201 2 1.582865e-05
10 201 2 1.883404e-05
11 201 2 2.400835e-05
12 201 2 2.990165e-05
1 206 2 1.701279e-05
2 206 2 1.837603e-05
3 206 2 1.662539e-05
4 206 2 1.418720e-05
5 206 2 1.173274e-05
6 206 2 1.022996e-05
7 206 2 8.774184e-06
8 206 2 8.615138e-06
9 206 2 9.325797e-06
10 206 2 1.055628e-05
11 206 2 1.237439e-05
12 206 2 1.457832e-05
1 207 2 6.473926e-07
2 207 2 7.068715e-07
3 207 2 6.703819e-07
4 207 2 6.078693e-07
5 207 2 5.390905e-07
6 207 2 4.623755e-07
7 207 2 4.075425e-07
8 207 2 4.013255e-07
9 207 2 4.049118e-07
10 207 2 4.459958e-07
11 207 2 4.806512e-07
12 207 2 5.498353e-07
1 212 2 3.969687e-07
2 212 2 4.237395e-07
3 212 2 3.761103e-07
4 212 2 3.161924e-07
5 212 2 2.464470e-07
6 212 2 1.989032e-07
7 212 2 1.651009e-07
8 212 2 1.595685e-07
9 212 2 1.812262e-07
10 212 2 2.138384e-07
11 212 2 2.536496e-07
12 212 2 3.353733e-07
1 213 2 8.646525e-08
2 213 2 9.450002e-08
3 213 2 8.008504e-08
4 213 2 6.776910e-08
5 213 2 5.229290e-08
6 213 2 4.031047e-08
7 213 2 3.421178e-08
8 213 2 3.339899e-08
9 213 2 4.023050e-08
10 213 2 4.957944e-08
11 213 2 6.088293e-08
12 213 2 7.450352e-08
1 214 2 3.076514e-06
2 214 2 3.261490e-06
3 214 2 2.620405e-06
4 214 2 1.946266e-06
5 214 2 1.438648e-06
6 214 2 1.060218e-06
7 214 2 9.181645e-07
8 214 2 9.465582e-07
9 214 2 1.194828e-06
10 214 2 1.601856e-06
11 214 2 2.192794e-06
12 214 2 2.659477e-06
1 215 2 1.139762e-06
2 215 2 1.172397e-06
3 215 2 1.093081e-06
4 215 2 8.711391e-07
5 215 2 7.075872e-07
6 215 2 5.685315e-07
7 215 2 4.912899e-07
8 215 2 4.924980e-07
9 215 2 5.538471e-07
10 215 2 6.589001e-07
11 215 2 8.296459e-07
12 215 2 1.002258e-06
1 216 2 1.270195e-06
2 216 2 1.326177e-06
3 216 2 1.243627e-06
4 216 2 1.010997e-06
5 216 2 8.095481e-07
6 216 2 6.964283e-07
7 216 2 6.119789e-07
8 216 2 5.851653e-07
9 216 2 6.072128e-07
10 216 2 6.901543e-07
11 216 2 8.301386e-07
12 216 2 1.066878e-06
1 224 2 1.526647e-06
2 224 2 1.668987e-06
3 224 2 1.456394e-06
4 224 2 1.254174e-06
5 224 2 1.012769e-06
6 224 2 8.606574e-07
7 224 2 7.818989e-07
8 224 2 8.166844e-07
9 224 2 8.398668e-07
10 224 2 9.905826e-07
11 224 2 1.182951e-06
12 224 2 1.411354e-06
1 240 2 7.851405e-08
2 240 2 8.008384e-08
3 240 2 7.323472e-08
4 240 2 6.467774e-08
5 240 2 5.621328e-08
6 240 2 4.848591e-08
7 240 2 4.750234e-08
8 240 2 4.897216e-08
9 240 2 4.767145e-08
10 240 2 5.133718e-08
11 240 2 5.640695e-08
12 240 2 6.990660e-08
