1 7 2 6.096530e-11
2 7 2 5.208198e-11
3 7 2 5.695921e-11
4 7 2 1.472162e-10
5 7 2 5.065291e-10
6 7 2 1.364273e-09
7 7 2 1.845902e-09
8 7 2 1.258553e-09
9 7 2 5.442820e-10
10 7 2 2.386117e-10
11 7 2 1.264197e-10
12 7 2 7.457941e-11
1 25 2 6.953279e-07
2 25 2 6.602111e-07
3 25 2 9.301283e-07
4 25 2 1.697278e-06
5 25 2 4.748165e-06
6 25 2 8.610193e-06
7 25 2 1.043808e-05
8 25 2 8.004159e-06
9 25 2 4.522774e-06
10 25 2 2.116494e-06
11 25 2 1.009169e-06
12 25 2 5.844065e-07
1 26 2 1.350788e-08
2 26 2 1.111711e-08
3 26 2 1.838305e-08
4 26 2 4.103249e-08
5 26 2 1.155822e-07
6 26 2 2.207587e-07
7 26 2 2.395226e-07
8 26 2 1.792115e-07
9 26 2 9.801929e-08
10 26 2 3.945659e-08
11 26 2 2.061446e-08
12 26 2 1.274487e-08
1 27 2 6.601986e-08
2 27 2 5.828962e-08
3 27 2 1.021814e-07
4 27 2 2.602435e-07
5 27 2 7.328650e-07
6 27 2 1.514921e-06
7 27 2 1.708575e-06
8 27 2 1.285999e-06
9 27 2 6.645588e-07
10 27 2 2.495579e-07
11 27 2 1.322568e-07
12 27 2 8.180991e-08
1 28 2 6.310444e-09
2 28 2 5.742673e-09
3 28 2 9.658179e-09
4 28 2 2.625324e-08
5 28 2 7.496904e-08
6 28 2 1.605075e-07
7 28 2 1.913623e-07
8 28 2 1.441936e-07
9 28 2 7.417625e-08
10 28 2 2.888805e-08
11 28 2 1.442133e-08
12 28 2 8.990901e-09
1 29 2 8.475694e-09
2 29 2 8.018032e-09
3 29 2 1.277312e-08
4 29 2 3.840666e-08
5 29 2 1.148528e-07
6 29 2 2.826631e-07
7 29 2 3.850523e-07
8 29 2 2.864816e-07
9 29 2 1.315666e-07
10 29 2 4.876349e-08
11 29 2 2.305069e-08
12 29 2 1.438925e-08
1 30 2 1.918415e-09
2 30 2 1.677774e-09
3 30 2 2.666570e-09
4 30 2 8.161616e-09
5 30 2 2.260895e-08
6 30 2 6.148753e-08
7 30 2 8.912326e-08
8 30 2 6.825117e-08
9 30 2 3.088130e-08
10 30 2 1.208750e-08
11 30 2 5.575631e-09
12 30 2 3.339236e-09
1 31 2 3.426500e-09
2 31 2 2.640407e-09
3 31 2 4.011099e-09
4 31 2 1.116422e-08
5 31 2 2.883143e-08
6 31 2 7.591170e-08
7 31 2 1.070523e-07
8 31 2 8.641000e-08
9 31 2 4.322803e-08
10 31 2 1.979631e-08
11 31 2 9.504645e-09
12 31 2 5.296429e-09
1 32 2 4.053551e-09
2 32 2 3.355560e-09
3 32 2 4.690494e-09
4 32 2 1.042246e-08
5 32 2 2.783700e-08
6 32 2 6.594038e-08
7 32 2 8.507092e-08
8 32 2 7.027241e-08
9 32 2 3.924092e-08
10 32 2 2.022908e-08
11 32 2 1.045356e-08
12 32 2 5.421325e-09
1 35 2 2.855596e-07
2 35 2 2.720953e-07
3 35 2 2.955760e-07
4 35 2 3.938818e-07
5 35 2 6.174622e-07
6 35 2 9.429995e-07
7 35 2 1.134718e-06
8 35 2 1.041972e-06
9 35 2 7.081642e-07
10 35 2 5.120017e-07
11 35 2 3.878140e-07
12 35 2 3.150637e-07
1 36 2 3.424078e-08
2 36 2 3.214543e-08
3 36 2 3.562664e-08
4 36 2 4.279071e-08
5 36 2 5.852340e-08
6 36 2 8.442485e-08
7 36 2 9.942862e-08
8 36 2 1.012906e-07
9 36 2 7.731816e-08
10 36 2 6.057566e-08
11 36 2 4.636375e-08
12 36 2 3.841630e-08
1 37 2 7.904022e-07
2 37 2 7.649995e-07
3 37 2 9.639350e-07
4 37 2 1.239491e-06
5 37 2 1.873874e-06
6 37 2 2.842136e-06
7 37 2 3.305550e-06
8 37 2 3.249434e-06
9 37 2 2.391281e-06
10 37 2 1.793043e-06
11 37 2 1.263757e-06
12 37 2 9.681453e-07
1 38 2 1.066467e-05
2 38 2 1.065511e-05
3 38 2 1.623165e-05
4 38 2 2.406610e-05
5 38 2 4.393846e-05
6 38 2 7.796544e-05
7 38 2 9.242498e-05
8 38 2 8.015933e-05
9 38 2 5.177681e-05
10 38 2 3.538940e-05
11 38 2 2.022220e-05
12 38 2 1.459312e-05
1 39 2 8.873933e-05
2 39 2 9.244853e-05
3 39 2 1.497475e-04
4 39 2 2.312226e-04
5 39 2 4.486485e-04
6 39 2 8.673506e-04
7 39 2 1.077007e-03
8 39 2 8.719638e-04
9 39 2 5.496094e-04
10 39 2 3.470718e-04
11 39 2 1.756802e-04
12 39 2 1.282338e-04
1 40 2 2.214544e-05
2 40 2 2.429739e-05
3 40 2 4.333404e-05
4 40 2 7.286963e-05
5 40 2 1.592967e-04
6 40 2 3.616736e-04
7 40 2 4.525095e-04
8 40 2 3.319496e-04
9 40 2 2.044776e-04
10 40 2 1.101744e-04
11 40 2 4.719555e-05
12 40 2 3.515921e-05
1 41 2 1.179638e-05
2 41 2 1.261092e-05
3 41 2 2.527186e-05
4 41 2 4.501097e-05
5 41 2 1.128941e-04
6 41 2 2.864804e-04
7 41 2 3.704020e-04
8 41 2 2.597983e-04
9 41 2 1.451873e-04
10 41 2 6.292554e-05
11 41 2 2.417430e-05
12 41 2 2.014897e-05
1 42 2 6.382587e-06
2 42 2 6.676313e-06
3 42 2 1.439738e-05
4 42 2 2.840159e-05
5 42 2 8.074095e-05
6 42 2 2.239512e-04
7 42 2 3.135054e-04
8 42 2 2.093639e-04
9 42 2 9.914475e-05
10 42 2 3.548285e-05
11 42 2 1.322868e-05
12 42 2 1.085221e-05
1 43 2 1.790454e-07
2 43 2 1.856469e-07
3 43 2 4.380305e-07
4 43 2 1.068807e-06
5 43 2 3.577494e-06
6 43 2 1.055059e-05
7 43 2 1.542350e-05
8 43 2 9.681801e-06
9 43 2 3.959070e-06
10 43 2 1.215535e-06
11 43 2 4.145235e-07
12 43 2 2.904598e-07
1 44 2 7.396041e-07
2 44 2 7.431355e-07
3 44 2 1.616434e-06
4 44 2 4.369990e-06
5 44 2 1.632615e-05
6 44 2 5.144910e-05
7 44 2 7.519569e-05
8 44 2 4.534253e-05
9 44 2 1.634530e-05
10 44 2 4.842781e-06
11 44 2 1.589415e-06
12 44 2 1.074623e-06
1 45 2 1.698843e-06
2 45 2 1.903906e-06
3 45 2 3.469247e-06
4 45 2 1.023109e-05
5 45 2 4.284579e-05
6 45 2 1.421668e-04
7 45 2 1.988895e-04
8 45 2 1.211036e-04
9 45 2 4.164480e-05
10 45 2 1.063279e-05
11 45 2 3.081987e-06
12 45 2 2.014235e-06
1 46 2 7.709171e-07
2 46 2 9.698326e-07
3 46 2 1.524503e-06
4 46 2 4.233392e-06
5 46 2 1.662435e-05
6 46 2 5.156689e-05
7 46 2 7.213843e-05
8 46 2 4.520278e-05
9 46 2 1.697945e-05
10 46 2 4.115617e-06
11 46 2 1.131546e-06
12 46 2 8.069502e-07
1 47 2 1.013307e-06
2 47 2 1.289572e-06
3 47 2 1.817209e-06
4 47 2 4.071507e-06
5 47 2 1.387773e-05
6 47 2 3.823312e-05
7 47 2 5.185228e-05
8 47 2 3.515956e-05
9 47 2 1.489466e-05
10 47 2 4.594084e-06
11 47 2 1.355375e-06
12 47 2 1.030265e-06
1 48 2 1.370739e-06
2 48 2 1.574620e-06
3 48 2 2.165802e-06
4 48 2 4.229353e-06
5 48 2 1.312449e-05
6 48 2 3.018859e-05
7 48 2 4.011783e-05
8 48 2 2.822519e-05
9 48 2 1.343633e-05
10 48 2 5.009539e-06
11 48 2 1.803371e-06
12 48 2 1.195886e-06
1 49 2 7.020832e-09
2 49 2 6.388337e-09
3 49 2 7.246248e-09
4 49 2 8.481091e-09
5 49 2 1.212977e-08
6 49 2 1.845474e-08
7 49 2 2.752221e-08
8 49 2 2.588077e-08
9 49 2 1.805154e-08
10 49 2 1.291761e-08
11 49 2 9.430903e-09
12 49 2 6.879827e-09
1 50 2 2.862695e-08
2 50 2 2.471076e-08
3 50 2 2.896483e-08
4 50 2 3.301691e-08
5 50 2 4.646900e-08
6 50 2 6.819261e-08
7 50 2 9.411583e-08
8 50 2 9.050771e-08
9 50 2 6.553581e-08
10 50 2 4.671668e-08
11 50 2 3.497588e-08
12 50 2 2.753969e-08
1 51 2 1.105822e-08
2 51 2 1.009236e-08
3 51 2 1.096646e-08
4 51 2 1.265893e-08
5 51 2 1.725444e-08
6 51 2 2.419798e-08
7 51 2 3.153350e-08
8 51 2 3.127166e-08
9 51 2 2.598216e-08
10 51 2 1.827519e-08
11 51 2 1.369658e-08
12 51 2 1.147815e-08
1 52 2 6.714186e-06
2 52 2 7.057185e-06
3 52 2 8.865429e-06
4 52 2 1.292459e-05
5 52 2 2.185718e-05
6 52 2 3.008037e-05
7 52 2 3.858366e-05
8 52 2 3.608894e-05
9 52 2 2.913233e-05
10 52 2 1.664228e-05
11 52 2 1.001703e-05
12 52 2 7.724654e-06
1 53 2 2.389882e-06
2 53 2 2.998429e-06
3 53 2 5.079972e-06
4 53 2 1.108806e-05
5 53 2 2.111506e-05
6 53 2 3.153016e-05
7 53 2 4.376759e-05
8 53 2 3.729509e-05
9 53 2 2.524160e-05
10 53 2 1.113261e-05
11 53 2 4.965444e-06
12 53 2 3.145811e-06
1 54 2 9.403051e-07
2 54 2 1.219816e-06
3 54 2 2.281106e-06
4 54 2 5.668324e-06
5 54 2 1.116483e-05
6 54 2 2.156536e-05
7 54 2 3.063462e-05
8 54 2 2.568792e-05
9 54 2 1.557932e-05
10 54 2 6.625842e-06
11 54 2 2.840139e-06
12 54 2 1.566676e-06
1 55 2 9.216993e-07
2 55 2 1.027941e-06
3 55 2 1.917595e-06
4 55 2 4.490145e-06
5 55 2 8.910269e-06
6 55 2 1.902875e-05
7 55 2 2.645141e-05
8 55 2 2.281204e-05
9 55 2 1.446592e-05
10 55 2 6.936178e-06
11 55 2 3.245172e-06
12 55 2 1.858195e-06
1 56 2 3.689775e-06
2 56 2 3.829181e-06
3 56 2 6.632243e-06
4 56 2 1.478896e-05
5 56 2 3.232668e-05
6 56 2 6.372300e-05
7 56 2 8.810263e-05
8 56 2 7.312072e-05
9 56 2 4.779343e-05
10 56 2 2.462491e-05
11 56 2 1.110182e-05
12 56 2 6.367003e-06
1 57 2 7.549729e-07
2 57 2 7.203190e-07
3 57 2 8.859513e-07
4 57 2 1.344736e-06
5 57 2 2.249953e-06
6 57 2 3.660955e-06
7 57 2 5.213241e-06
8 57 2 4.698404e-06
9 57 2 3.495616e-06
10 57 2 2.245401e-06
11 57 2 1.373075e-06
12 57 2 9.867667e-07
1 60 2 6.812538e-05
2 60 2 6.597328e-05
3 60 2 7.565825e-05
4 60 2 8.972957e-05
5 60 2 1.106294e-04
6 60 2 1.455876e-04
7 60 2 1.694931e-04
8 60 2 1.695643e-04
9 60 2 1.438997e-04
10 60 2 1.174700e-04
11 60 2 9.394851e-05
12 60 2 7.787369e-05
1 61 2 2.246009e-04
2 61 2 2.259519e-04
3 61 2 3.177975e-04
4 61 2 4.786701e-04
5 61 2 6.982336e-04
6 61 2 9.836981e-04
7 61 2 1.164111e-03
8 61 2 1.119972e-03
9 61 2 8.702473e-04
10 61 2 5.919475e-04
11 61 2 3.861633e-04
12 61 2 2.708517e-04
1 62 2 7.394338e-04
2 62 2 8.098540e-04
3 62 2 1.274858e-03
4 62 2 2.307882e-03
5 62 2 3.958515e-03
6 62 2 5.615470e-03
7 62 2 6.866585e-03
8 62 2 6.409708e-03
9 62 2 4.466428e-03
10 62 2 2.663504e-03
11 62 2 1.446401e-03
12 62 2 9.412763e-04
1 63 2 1.368601e-03
2 63 2 1.661423e-03
3 63 2 2.779997e-03
4 63 2 5.847038e-03
5 63 2 1.122143e-02
6 63 2 1.668244e-02
7 63 2 2.133281e-02
8 63 2 1.856373e-02
9 63 2 1.133814e-02
10 63 2 6.191882e-03
11 63 2 2.860076e-03
12 63 2 1.872327e-03
1 64 2 3.270075e-04
2 64 2 4.189307e-04
3 64 2 7.977451e-04
4 64 2 1.889592e-03
5 64 2 4.046910e-03
6 64 2 6.482224e-03
7 64 2 8.216360e-03
8 64 2 6.423358e-03
9 64 2 3.677920e-03
10 64 2 1.625927e-03
11 64 2 7.429688e-04
12 64 2 5.084564e-04
1 65 2 1.105413e-04
2 65 2 1.370720e-04
3 65 2 3.002989e-04
4 65 2 8.468535e-04
5 65 2 1.775582e-03
6 65 2 3.017668e-03
7 65 2 3.911326e-03
8 65 2 2.919202e-03
9 65 2 1.655679e-03
10 65 2 5.875281e-04
11 65 2 2.586414e-04
12 65 2 1.874371e-04
1 66 2 7.318729e-05
2 66 2 9.048232e-05
3 66 2 2.151024e-04
4 66 2 7.056796e-04
5 66 2 1.467309e-03
6 66 2 2.523105e-03
7 66 2 3.479782e-03
8 66 2 2.630719e-03
9 66 2 1.488155e-03
10 66 2 4.930428e-04
11 66 2 1.889414e-04
12 66 2 1.171966e-04
1 67 2 2.473225e-05
2 67 2 3.297930e-05
3 67 2 8.386659e-05
4 67 2 3.098105e-04
5 67 2 7.029420e-04
6 67 2 1.198873e-03
7 67 2 1.676156e-03
8 67 2 1.289940e-03
9 67 2 7.055072e-04
10 67 2 2.594479e-04
11 67 2 8.203939e-05
12 67 2 3.692549e-05
1 68 2 5.959126e-06
2 68 2 8.001503e-06
3 68 2 2.376401e-05
4 68 2 1.092319e-04
5 68 2 2.976710e-04
6 68 2 5.704300e-04
7 68 2 8.178886e-04
8 68 2 6.082915e-04
9 68 2 2.919250e-04
10 68 2 1.072497e-04
11 68 2 2.445674e-05
12 68 2 8.510097e-06
1 69 2 3.605450e-06
2 69 2 5.111858e-06
3 69 2 1.222466e-05
4 69 2 5.360587e-05
5 69 2 1.718897e-04
6 69 2 4.067964e-04
7 69 2 5.959534e-04
8 69 2 4.587635e-04
9 69 2 1.970818e-04
10 69 2 6.408340e-05
11 69 2 1.241705e-05
12 69 2 4.669616e-06
1 70 2 1.498877e-05
2 70 2 1.751901e-05
3 70 2 2.510423e-05
4 70 2 6.549565e-05
5 70 2 1.642423e-04
6 70 2 3.988270e-04
7 70 2 6.455743e-04
8 70 2 5.883791e-04
9 70 2 3.037995e-04
10 70 2 1.082891e-04
11 70 2 3.293507e-05
12 70 2 1.854006e-05
1 71 2 1.284318e-05
2 71 2 1.303282e-05
3 71 2 1.474763e-05
4 71 2 2.366548e-05
5 71 2 4.583125e-05
6 71 2 9.560830e-05
7 71 2 1.467287e-04
8 71 2 1.458851e-04
9 71 2 9.359853e-05
10 71 2 4.457973e-05
11 71 2 2.129687e-05
12 71 2 1.479140e-05
1 72 2 5.400962e-08
2 72 2 5.158389e-08
3 72 2 5.588580e-08
4 72 2 7.125492e-08
5 72 2 1.108674e-07
6 72 2 1.929130e-07
7 72 2 2.988001e-07
8 72 2 2.873757e-07
9 72 2 2.010576e-07
10 72 2 1.219100e-07
11 72 2 7.511334e-08
12 72 2 5.364079e-08
1 76 2 1.001796e-05
2 76 2 9.165404e-06
3 76 2 9.257650e-06
4 76 2 1.007012e-05
5 76 2 1.369050e-05
6 76 2 1.952178e-05
7 76 2 2.617762e-05
8 76 2 2.793632e-05
9 76 2 2.661787e-05
10 76 2 1.777542e-05
11 76 2 1.147478e-05
12 76 2 1.003569e-05
1 77 2 1.022129e-05
2 77 2 1.327226e-05
3 77 2 1.738587e-05
4 77 2 2.809939e-05
5 77 2 4.718001e-05
6 77 2 7.284102e-05
7 77 2 9.897128e-05
8 77 2 9.393980e-05
9 77 2 6.958662e-05
10 77 2 3.515598e-05
11 77 2 1.542655e-05
12 77 2 9.723277e-06
1 78 2 1.116435e-05
2 78 2 1.525451e-05
3 78 2 2.124281e-05
4 78 2 3.810122e-05
5 78 2 5.957930e-05
6 78 2 9.459128e-05
7 78 2 1.167625e-04
8 78 2 1.093339e-04
9 78 2 7.089088e-05
10 78 2 3.759482e-05
11 78 2 2.030202e-05
12 78 2 1.172104e-05
1 79 2 4.110369e-05
2 79 2 5.043491e-05
3 79 2 7.405300e-05
4 79 2 1.228292e-04
5 79 2 1.866116e-04
6 79 2 3.048619e-04
7 79 2 3.735701e-04
8 79 2 3.538915e-04
9 79 2 2.443642e-04
10 79 2 1.475093e-04
11 79 2 8.404319e-05
12 79 2 5.148331e-05
1 80 2 1.816796e-05
2 80 2 1.820343e-05
3 80 2 2.287375e-05
4 80 2 3.092794e-05
5 80 2 4.612627e-05
6 80 2 7.017946e-05
7 80 2 9.036672e-05
8 80 2 8.946155e-05
9 80 2 7.425145e-05
10 80 2 5.205802e-05
11 80 2 3.036858e-05
12 80 2 2.244743e-05
1 81 2 1.141012e-11
2 81 2 1.034032e-11
3 81 2 1.089116e-11
4 81 2 1.291425e-11
5 81 2 1.859640e-11
6 81 2 2.505811e-11
7 81 2 3.343574e-11
8 81 2 3.587580e-11
9 81 2 3.262230e-11
10 81 2 2.503087e-11
11 81 2 1.654636e-11
12 81 2 1.354644e-11
1 84 2 6.062053e-05
2 84 2 6.409115e-05
3 84 2 7.926793e-05
4 84 2 1.001699e-04
5 84 2 1.342976e-04
6 84 2 2.200563e-04
7 84 2 2.947266e-04
8 84 2 2.824213e-04
9 84 2 2.119139e-04
10 84 2 1.337389e-04
11 84 2 8.984273e-05
12 84 2 6.863014e-05
1 85 2 6.944254e-05
2 85 2 7.819779e-05
3 85 2 1.016697e-04
4 85 2 1.477166e-04
5 85 2 2.364622e-04
6 85 2 3.612330e-04
7 85 2 4.997994e-04
8 85 2 4.754635e-04
9 85 2 3.423660e-04
10 85 2 1.888511e-04
11 85 2 1.065041e-04
12 85 2 7.727945e-05
1 86 2 2.143556e-05
2 86 2 2.426954e-05
3 86 2 3.101468e-05
4 86 2 4.504960e-05
5 86 2 7.240361e-05
6 86 2 1.050561e-04
7 86 2 1.443191e-04
8 86 2 1.447912e-04
9 86 2 1.071731e-04
10 86 2 6.214848e-05
11 86 2 3.423444e-05
12 86 2 2.446712e-05
1 87 2 2.616808e-04
2 87 2 3.540240e-04
3 87 2 5.054814e-04
4 87 2 7.990508e-04
5 87 2 1.401828e-03
6 87 2 2.107126e-03
7 87 2 2.856611e-03
8 87 2 2.910791e-03
9 87 2 2.110337e-03
10 87 2 1.188176e-03
11 87 2 5.220530e-04
12 87 2 3.173289e-04
1 88 2 8.245315e-05
2 88 2 1.170901e-04
3 88 2 1.836146e-04
4 88 2 3.483891e-04
5 88 2 7.149969e-04
6 88 2 1.123779e-03
7 88 2 1.439155e-03
8 88 2 1.262252e-03
9 88 2 8.156673e-04
10 88 2 3.854692e-04
11 88 2 1.976181e-04
12 88 2 1.097696e-04
1 89 2 2.098565e-04
2 89 2 2.919882e-04
3 89 2 5.541845e-04
4 89 2 1.042326e-03
5 89 2 2.080082e-03
6 89 2 3.107401e-03
7 89 2 3.624984e-03
8 89 2 3.174622e-03
9 89 2 2.071775e-03
10 89 2 9.858966e-04
11 89 2 5.424897e-04
12 89 2 3.002703e-04
1 90 2 3.332116e-05
2 90 2 4.391618e-05
3 90 2 8.714695e-05
4 90 2 1.564102e-04
5 90 2 2.401588e-04
6 90 2 3.178904e-04
7 90 2 3.570106e-04
8 90 2 3.303337e-04
9 90 2 2.407330e-04
10 90 2 1.435870e-04
11 90 2 7.916717e-05
12 90 2 4.506813e-05
1 91 2 5.101344e-08
2 91 2 7.218177e-08
3 91 2 1.508037e-07
4 91 2 2.849716e-07
5 91 2 4.205736e-07
6 91 2 5.345882e-07
7 91 2 6.002647e-07
8 91 2 5.505004e-07
9 91 2 3.958212e-07
10 91 2 2.450142e-07
11 91 2 1.269858e-07
12 91 2 6.518900e-08
1 92 2 2.736728e-07
2 92 2 3.909249e-07
3 92 2 9.799502e-07
4 92 2 2.337934e-06
5 92 2 4.409004e-06
6 92 2 6.756146e-06
7 92 2 8.109844e-06
8 92 2 7.381258e-06
9 92 2 4.617787e-06
10 92 2 2.454205e-06
11 92 2 9.625409e-07
12 92 2 4.131952e-07
1 93 2 2.904944e-05
2 93 2 3.505074e-05
3 93 2 7.206619e-05
4 93 2 1.679583e-04
5 93 2 2.996281e-04
6 93 2 4.754887e-04
7 93 2 6.378433e-04
8 93 2 6.270543e-04
9 93 2 4.217598e-04
10 93 2 2.428824e-04
11 93 2 1.040155e-04
12 93 2 4.332453e-05
1 94 2 1.691941e-05
2 94 2 1.683412e-05
3 94 2 2.247761e-05
4 94 2 3.983448e-05
5 94 2 6.799502e-05
6 94 2 1.070665e-04
7 94 2 1.479119e-04
8 94 2 1.611913e-04
9 94 2 1.327757e-04
10 94 2 8.014316e-05
11 94 2 4.301482e-05
12 94 2 2.350227e-05
1 98 2 1.267164e-06
2 98 2 1.179562e-06
3 98 2 1.110740e-06
4 98 2 1.182619e-06
5 98 2 1.342191e-06
6 98 2 1.535863e-06
7 98 2 1.727531e-06
8 98 2 1.820733e-06
9 98 2 1.796656e-06
10 98 2 1.698320e-06
11 98 2 1.527627e-06
12 98 2 1.390157e-06
1 101 2 4.984691e-06
2 101 2 5.121940e-06
3 101 2 5.248662e-06
4 101 2 6.472396e-06
5 101 2 8.323629e-06
6 101 2 9.718705e-06
7 101 2 1.037416e-05
8 101 2 1.039527e-05
9 101 2 9.993669e-06
10 101 2 8.568547e-06
11 101 2 6.588978e-06
12 101 2 5.284831e-06
1 102 2 3.195953e-05
2 102 2 3.612584e-05
3 102 2 4.439932e-05
4 102 2 5.553463e-05
5 102 2 6.426671e-05
6 102 2 7.015864e-05
7 102 2 7.213427e-05
8 102 2 7.304575e-05
9 102 2 6.583461e-05
10 102 2 5.071905e-05
11 102 2 4.070839e-05
12 102 2 3.336559e-05
1 103 2 1.785485e-05
2 103 2 1.822103e-05
3 103 2 1.985864e-05
4 103 2 2.243951e-05
5 103 2 2.613259e-05
6 103 2 2.990541e-05
7 103 2 3.235385e-05
8 103 2 3.395465e-05
9 103 2 3.330248e-05
10 103 2 2.910348e-05
11 103 2 2.394218e-05
12 103 2 1.990713e-05
1 104 2 8.362706e-06
2 104 2 8.024642e-06
3 104 2 8.111834e-06
4 104 2 8.893456e-06
5 104 2 1.039922e-05
6 104 2 1.193361e-05
7 104 2 1.339339e-05
8 104 2 1.446813e-05
9 104 2 1.458459e-05
10 104 2 1.362489e-05
11 104 2 1.120770e-05
12 104 2 9.279963e-06
1 107 2 3.060980e-06
2 107 2 3.229279e-06
3 107 2 3.770298e-06
4 107 2 4.320346e-06
5 107 2 4.844997e-06
6 107 2 6.202760e-06
7 107 2 6.779880e-06
8 107 2 6.752447e-06
9 107 2 6.321301e-06
10 107 2 5.406938e-06
11 107 2 4.298317e-06
12 107 2 3.361447e-06
1 108 2 4.052891e-07
2 108 2 5.179600e-07
3 108 2 7.523923e-07
4 108 2 1.165291e-06
5 108 2 1.808843e-06
6 108 2 2.482694e-06
7 108 2 2.657649e-06
8 108 2 2.348802e-06
9 108 2 1.900552e-06
10 108 2 1.311249e-06
11 108 2 6.830276e-07
12 108 2 4.348138e-07
1 109 2 7.693568e-07
2 109 2 1.016208e-06
3 109 2 1.589415e-06
4 109 2 2.758295e-06
5 109 2 4.699537e-06
6 109 2 5.924005e-06
7 109 2 6.019324e-06
8 109 2 5.533449e-06
9 109 2 4.443518e-06
10 109 2 3.117857e-06
11 109 2 1.386745e-06
12 109 2 8.100852e-07
1 110 2 3.388433e-07
2 110 2 4.316215e-07
3 110 2 6.932061e-07
4 110 2 1.073056e-06
5 110 2 1.664267e-06
6 110 2 1.927301e-06
7 110 2 2.072034e-06
8 110 2 2.049226e-06
9 110 2 1.725400e-06
10 110 2 1.257926e-06
11 110 2 6.084649e-07
12 110 2 3.581490e-07
1 111 2 1.163284e-05
2 111 2 1.454930e-05
3 111 2 2.355499e-05
4 111 2 3.569956e-05
5 111 2 5.395467e-05
6 111 2 6.919570e-05
7 111 2 7.314504e-05
8 111 2 7.244735e-05
9 111 2 6.169525e-05
10 111 2 4.016062e-05
11 111 2 2.163424e-05
12 111 2 1.321459e-05
1 112 2 1.339041e-05
2 112 2 1.726530e-05
3 112 2 3.028825e-05
4 112 2 5.036759e-05
5 112 2 7.659241e-05
6 112 2 9.333689e-05
7 112 2 9.506112e-05
8 112 2 8.860678e-05
9 112 2 6.764153e-05
10 112 2 4.490541e-05
11 112 2 2.577102e-05
12 112 2 1.584118e-05
1 113 2 7.685651e-06
2 113 2 9.737006e-06
3 113 2 1.635823e-05
4 113 2 2.446224e-05
5 113 2 3.010312e-05
6 113 2 2.628448e-05
7 113 2 2.255364e-05
8 113 2 2.154056e-05
9 113 2 2.130463e-05
10 113 2 1.945316e-05
11 113 2 1.360627e-05
12 113 2 9.189809e-06
1 114 2 2.094752e-05
2 114 2 2.840590e-05
3 114 2 5.060997e-05
4 114 2 7.377336e-05
5 114 2 8.511276e-05
6 114 2 6.230733e-05
7 114 2 5.146164e-05
8 114 2 4.717083e-05
9 114 2 4.552153e-05
10 114 2 4.074260e-05
11 114 2 3.105897e-05
12 114 2 2.300652e-05
1 115 2 7.164553e-06
2 115 2 1.042378e-05
3 115 2 1.652339e-05
4 115 2 2.048219e-05
5 115 2 1.829157e-05
6 115 2 1.698312e-05
7 115 2 1.637990e-05
8 115 2 1.571536e-05
9 115 2 1.445344e-05
10 115 2 1.291636e-05
11 115 2 9.811819e-06
12 115 2 7.039243e-06
1 116 2 5.189390e-06
2 116 2 6.643052e-06
3 116 2 1.015881e-05
4 116 2 1.437943e-05
5 116 2 1.672418e-05
6 116 2 1.904460e-05
7 116 2 1.996604e-05
8 116 2 1.911193e-05
9 116 2 1.548279e-05
10 116 2 1.237814e-05
11 116 2 8.992479e-06
12 116 2 5.923859e-06
1 117 2 1.211584e-06
2 117 2 1.265196e-06
3 117 2 1.597827e-06
4 117 2 2.187219e-06
5 117 2 2.785245e-06
6 117 2 3.299900e-06
7 117 2 3.513087e-06
8 117 2 3.508481e-06
9 117 2 3.201276e-06
10 117 2 2.740486e-06
11 117 2 2.212290e-06
12 117 2 1.598130e-06
1 126 2 9.187873e-08
2 126 2 9.549854e-08
3 126 2 1.035074e-07
4 126 2 1.092975e-07
5 126 2 1.079869e-07
6 126 2 1.003617e-07
7 126 2 9.674288e-08
8 126 2 9.768804e-08
9 126 2 9.717089e-08
10 126 2 9.548595e-08
11 126 2 9.330162e-08
12 126 2 9.188897e-08
1 127 2 9.252225e-06
2 127 2 9.409702e-06
3 127 2 9.931739e-06
4 127 2 1.031125e-05
5 127 2 1.045173e-05
6 127 2 1.012383e-05
7 127 2 1.012662e-05
8 127 2 1.035901e-05
9 127 2 1.024858e-05
10 127 2 9.837840e-06
11 127 2 9.534087e-06
12 127 2 9.416072e-06
1 128 2 4.193248e-05
2 128 2 4.306427e-05
3 128 2 4.420822e-05
4 128 2 4.315474e-05
5 128 2 4.197892e-05
6 128 2 4.071791e-05
7 128 2 4.339778e-05
8 128 2 4.934346e-05
9 128 2 5.188419e-05
10 128 2 4.900706e-05
11 128 2 4.456477e-05
12 128 2 4.198888e-05
1 129 2 1.195645e-06
2 129 2 1.179229e-06
3 129 2 1.208971e-06
4 129 2 1.244031e-06
5 129 2 1.263226e-06
6 129 2 1.297399e-06
7 129 2 1.355654e-06
8 129 2 1.477661e-06
9 129 2 1.543844e-06
10 129 2 1.550646e-06
11 129 2 1.415793e-06
12 129 2 1.257759e-06
1 133 2 2.569854e-05
2 133 2 2.987835e-05
3 133 2 3.586735e-05
4 133 2 3.682628e-05
5 133 2 3.512851e-05
6 133 2 3.228784e-05
7 133 2 2.881720e-05
8 133 2 2.698403e-05
9 133 2 2.813834e-05
10 133 2 2.996841e-05
11 133 2 2.859035e-05
12 133 2 2.501657e-05
1 135 2 1.111121e-06
2 135 2 1.251845e-06
3 135 2 1.488729e-06
4 135 2 1.603292e-06
5 135 2 1.540610e-06
6 135 2 1.374382e-06
7 135 2 1.187330e-06
8 135 2 1.199212e-06
9 135 2 1.274300e-06
10 135 2 1.198405e-06
11 135 2 1.148661e-06
12 135 2 1.079010e-06
1 136 2 1.242159e-06
2 136 2 1.278433e-06
3 136 2 1.581020e-06
4 136 2 1.922040e-06
5 136 2 2.104720e-06
6 136 2 1.920307e-06
7 136 2 1.699248e-06
8 136 2 1.695350e-06
9 136 2 1.704113e-06
10 136 2 1.603055e-06
11 136 2 1.515681e-06
12 136 2 1.345943e-06
1 137 2 3.023062e-07
2 137 2 3.171503e-07
3 137 2 3.636194e-07
4 137 2 3.995644e-07
5 137 2 3.943943e-07
6 137 2 3.628823e-07
7 137 2 3.357047e-07
8 137 2 3.239215e-07
9 137 2 3.241250e-07
10 137 2 3.376635e-07
11 137 2 3.338438e-07
12 137 2 3.147848e-07
1 138 2 1.207974e-05
2 138 2 1.328359e-05
3 138 2 1.541093e-05
4 138 2 1.715141e-05
5 138 2 1.730472e-05
6 138 2 1.520911e-05
7 138 2 1.408978e-05
8 138 2 1.358785e-05
9 138 2 1.362492e-05
10 138 2 1.370432e-05
11 138 2 1.329345e-05
12 138 2 1.232856e-05
1 139 2 2.038645e-05
2 139 2 2.321640e-05
3 139 2 2.594204e-05
4 139 2 2.722802e-05
5 139 2 2.684431e-05
6 139 2 2.499934e-05
7 139 2 2.365316e-05
8 139 2 2.277007e-05
9 139 2 2.247493e-05
10 139 2 2.264941e-05
11 139 2 2.155265e-05
12 139 2 1.972857e-05
1 140 2 6.753605e-06
2 140 2 6.983479e-06
3 140 2 7.584600e-06
4 140 2 8.593227e-06
5 140 2 9.124777e-06
6 140 2 8.764365e-06
7 140 2 8.298429e-06
8 140 2 8.003764e-06
9 140 2 7.887083e-06
10 140 2 7.930672e-06
11 140 2 7.763172e-06
12 140 2 7.237647e-06
1 141 2 1.059737e-05
2 141 2 1.048772e-05
3 141 2 1.078812e-05
4 141 2 1.183987e-05
5 141 2 1.277679e-05
6 141 2 1.263416e-05
7 141 2 1.229251e-05
8 141 2 1.192000e-05
9 141 2 1.181898e-05
10 141 2 1.184676e-05
11 141 2 1.196501e-05
12 141 2 1.161709e-05
1 150 2 1.226853e-08
2 150 2 1.342984e-08
3 150 2 1.437511e-08
4 150 2 1.469973e-08
5 150 2 1.375446e-08
6 150 2 1.213082e-08
7 150 2 1.106669e-08
8 150 2 1.079945e-08
9 150 2 1.045031e-08
10 150 2 1.021255e-08
11 150 2 1.041110e-08
12 150 2 1.107712e-08
1 151 2 7.956194e-06
2 151 2 8.462340e-06
3 151 2 8.972590e-06
4 151 2 9.184160e-06
5 151 2 8.886313e-06
6 151 2 8.364773e-06
7 151 2 8.179947e-06
8 151 2 8.495759e-06
9 151 2 8.088717e-06
10 151 2 7.590425e-06
11 151 2 7.367853e-06
12 151 2 7.551662e-06
1 152 2 6.304319e-06
2 152 2 6.385813e-06
3 152 2 6.444928e-06
4 152 2 6.124346e-06
5 152 2 5.887138e-06
6 152 2 5.781996e-06
7 152 2 6.610367e-06
8 152 2 8.814129e-06
9 152 2 9.357162e-06
10 152 2 7.975197e-06
11 152 2 6.839061e-06
12 152 2 6.324727e-06
1 153 2 7.305401e-06
2 153 2 7.482606e-06
3 153 2 7.894664e-06
4 153 2 7.743624e-06
5 153 2 7.478031e-06
6 153 2 7.341926e-06
7 153 2 8.570361e-06
8 153 2 1.119992e-05
9 153 2 1.362222e-05
10 153 2 1.217547e-05
11 153 2 9.210118e-06
12 153 2 7.684597e-06
1 154 2 1.987099e-05
2 154 2 1.976317e-05
3 154 2 2.056612e-05
4 154 2 1.970616e-05
5 154 2 1.842705e-05
6 154 2 1.657535e-05
7 154 2 1.565148e-05
8 154 2 1.630465e-05
9 154 2 1.838328e-05
10 154 2 2.065952e-05
11 154 2 2.177283e-05
12 154 2 2.105329e-05
1 157 2 7.917180e-07
2 157 2 8.221201e-07
3 157 2 8.801973e-07
4 157 2 8.677978e-07
5 157 2 8.458534e-07
6 157 2 7.952476e-07
7 157 2 7.587796e-07
8 157 2 7.511311e-07
9 157 2 7.457022e-07
10 157 2 7.587045e-07
11 157 2 7.641438e-07
12 157 2 7.741160e-07
1 163 2 3.685202e-06
2 163 2 3.734579e-06
3 163 2 3.845401e-06
4 163 2 4.076150e-06
5 163 2 4.080129e-06
6 163 2 3.772239e-06
7 163 2 3.487423e-06
8 163 2 3.274758e-06
9 163 2 3.321652e-06
10 163 2 3.514179e-06
11 163 2 3.651554e-06
12 163 2 3.680165e-06
1 164 2 1.394733e-05
2 164 2 1.382808e-05
3 164 2 1.421301e-05
4 164 2 1.487606e-05
5 164 2 1.470107e-05
6 164 2 1.359736e-05
7 164 2 1.258556e-05
8 164 2 1.229377e-05
9 164 2 1.316412e-05
10 164 2 1.442188e-05
11 164 2 1.471313e-05
12 164 2 1.446813e-05
1 165 2 6.086752e-06
2 165 2 5.965447e-06
3 165 2 6.040442e-06
4 165 2 6.174048e-06
5 165 2 6.106282e-06
6 165 2 5.618644e-06
7 165 2 5.297613e-06
8 165 2 5.362145e-06
9 165 2 5.715468e-06
10 165 2 6.111073e-06
11 165 2 6.428594e-06
12 165 2 6.436168e-06
1 166 2 2.656703e-06
2 166 2 2.630181e-06
3 166 2 2.586727e-06
4 166 2 2.574591e-06
5 166 2 2.490289e-06
6 166 2 2.303103e-06
7 166 2 2.174826e-06
8 166 2 2.191052e-06
9 166 2 2.273054e-06
10 166 2 2.391086e-06
11 166 2 2.577942e-06
12 166 2 2.707832e-06
1 170 2 1.219195e-07
2 170 2 1.340873e-07
3 170 2 1.317400e-07
4 170 2 1.197447e-07
5 170 2 9.978306e-08
6 170 2 8.390013e-08
7 170 2 7.935639e-08
8 170 2 7.575980e-08
9 170 2 7.703401e-08
10 170 2 8.577682e-08
11 170 2 9.463876e-08
12 170 2 1.089824e-07
1 171 2 4.380862e-07
2 171 2 4.808927e-07
3 171 2 4.867145e-07
4 171 2 4.330219e-07
5 171 2 3.602256e-07
6 171 2 3.086963e-07
7 171 2 2.802631e-07
8 171 2 2.655581e-07
9 171 2 2.694273e-07
10 171 2 2.930617e-07
11 171 2 3.344832e-07
12 171 2 3.951597e-07
1 175 2 1.264623e-08
2 175 2 1.337002e-08
3 175 2 1.340837e-08
4 175 2 1.255853e-08
5 175 2 1.091139e-08
6 175 2 9.943038e-09
7 175 2 9.736730e-09
8 175 2 9.654522e-09
9 175 2 8.979758e-09
10 175 2 9.077264e-09
11 175 2 9.490196e-09
12 175 2 1.107037e-08
1 176 2 1.043037e-05
2 176 2 1.050857e-05
3 176 2 1.028785e-05
4 176 2 9.086409e-06
5 176 2 7.350500e-06
6 176 2 6.660932e-06
7 176 2 6.648784e-06
8 176 2 7.585379e-06
9 176 2 8.261263e-06
10 176 2 8.816779e-06
11 176 2 9.411255e-06
12 176 2 9.997062e-06
1 177 2 4.047529e-05
2 177 2 3.933093e-05
3 177 2 3.713573e-05
4 177 2 3.247272e-05
5 177 2 2.655384e-05
6 177 2 2.267473e-05
7 177 2 2.359271e-05
8 177 2 2.826841e-05
9 177 2 3.552897e-05
10 177 2 3.694876e-05
11 177 2 3.769821e-05
12 177 2 3.777523e-05
1 178 2 1.457963e-05
2 178 2 1.440923e-05
3 178 2 1.381230e-05
4 178 2 1.157693e-05
5 178 2 1.008009e-05
6 178 2 8.519917e-06
7 178 2 8.114681e-06
8 178 2 8.174404e-06
9 178 2 9.322701e-06
10 178 2 1.003096e-05
11 178 2 1.132940e-05
12 178 2 1.257802e-05
1 181 2 1.782615e-07
2 181 2 1.882834e-07
3 181 2 1.908763e-07
4 181 2 1.825033e-07
5 181 2 1.505083e-07
6 181 2 1.301440e-07
7 181 2 1.150741e-07
8 181 2 1.177690e-07
9 181 2 1.275908e-07
10 181 2 1.381570e-07
11 181 2 1.564646e-07
12 181 2 1.665895e-07
1 182 2 2.124350e-05
2 182 2 1.963554e-05
3 182 2 1.851544e-05
4 182 2 1.546664e-05
5 182 2 1.211175e-05
6 182 2 9.058867e-06
7 182 2 8.981847e-06
8 182 2 1.248139e-05
9 182 2 1.731927e-05
10 182 2 2.124147e-05
11 182 2 2.347619e-05
12 182 2 2.253368e-05
1 183 2 4.519216e-06
2 183 2 4.341464e-06
3 183 2 4.144743e-06
4 183 2 3.758149e-06
5 183 2 3.162041e-06
6 183 2 2.566372e-06
7 183 2 2.387739e-06
8 183 2 2.835349e-06
9 183 2 3.296738e-06
10 183 2 3.900038e-06
11 183 2 4.245957e-06
12 183 2 4.367241e-06
1 184 2 1.409333e-06
2 184 2 1.428017e-06
3 184 2 1.383012e-06
4 184 2 1.244622e-06
5 184 2 1.034713e-06
6 184 2 8.362428e-07
7 184 2 7.540808e-07
8 184 2 7.875637e-07
9 184 2 8.342921e-07
10 184 2 9.580794e-07
11 184 2 1.121017e-06
12 184 2 1.277712e-06
1 188 2 2.342960e-07
2 188 2 2.322532e-07
3 188 2 2.152779e-07
4 188 2 1.757891e-07
5 188 2 1.242407e-07
6 188 2 9.450186e-08
7 188 2 8.131807e-08
8 188 2 8.271893e-08
9 188 2 1.120423e-07
10 188 2 1.472394e-07
11 188 2 1.753476e-07
12 188 2 2.187056e-07
1 189 2 2.043370e-07
2 189 2 1.888486e-07
3 189 2 1.713025e-07
4 189 2 1.266180e-07
5 189 2 8.383245e-08
6 189 2 5.928316e-08
7 189 2 5.636561e-08
8 189 2 6.923564e-08
9 189 2 1.113776e-07
10 189 2 1.585854e-07
11 189 2 1.928928e-07
12 189 2 2.015720e-07
1 190 2 8.364122e-07
2 190 2 7.925159e-07
3 190 2 6.879055e-07
4 190 2 4.872291e-07
5 190 2 3.399397e-07
6 190 2 2.466068e-07
7 190 2 2.317148e-07
8 190 2 2.793315e-07
9 190 2 3.923523e-07
10 190 2 5.348711e-07
11 190 2 7.008517e-07
12 190 2 7.863428e-07
1 191 2 6.434924e-07
2 191 2 6.668282e-07
3 191 2 6.481602e-07
4 191 2 5.354531e-07
5 191 2 4.403131e-07
6 191 2 3.617095e-07
7 191 2 3.180036e-07
8 191 2 3.229603e-07
9 191 2 3.523562e-07
10 191 2 3.954837e-07
11 191 2 4.864034e-07
12 191 2 5.722492e-07
1 192 2 8.433385e-07
2 192 2 9.114144e-07
3 192 2 8.879991e-07
4 192 2 7.688742e-07
5 192 2 6.498147e-07
6 192 2 5.532911e-07
7 192 2 4.862328e-07
8 192 2 4.518244e-07
9 192 2 4.652195e-07
10 192 2 5.108642e-07
11 192 2 6.098398e-07
12 192 2 7.322842e-07
1 200 2 4.609413e-05
2 200 2 4.741939e-05
3 200 2 3.877865e-05
4 200 2 2.563546e-05
5 200 2 1.677969e-05
6 200 2 1.366551e-05
7 200 2 1.298294e-05
8 200 2 1.400100e-05
9 200 2 1.550858e-05
10 200 2 1.982848e-05
11 200 2 2.755460e-05
12 200 2 3.796463e-05
1 201 2 3.151465e-05
2 201 2 3.251659e-05
3 201 2 2.976701e-05
4 201 2 2.291251e-05
5 201 2 1.726677e-05
6 201 2 1.428528e-05
7 201 2 1.350038e-05
8 201 2 1.396492e-05
9 201 2 1.382109e-05
10 201 2 1.644531e-05
11 201 2 2.096335e-05
12 201 2 2.610920e-05
1 206 2 1.412299e-05
2 206 2 1.525467e-05
3 206 2 1.380139e-05
4 206 2 1.177736e-05
5 206 2 9.739813e-06
6 206 2 8.492294e-06
7 206 2 7.283798e-06
8 206 2 7.151768e-06
9 206 2 7.741713e-06
10 206 2 8.763183e-06
11 206 2 1.027247e-05
12 206 2 1.210204e-05
1 207 2 5.355010e-07
2 207 2 5.846998e-07
3 207 2 5.545169e-07
4 207 2 5.028086e-07
5 207 2 4.459171e-07
6 207 2 3.824611e-07
7 207 2 3.371052e-07
8 207 2 3.319627e-07
9 207 2 3.349291e-07
10 207 2 3.689124e-07
11 207 2 3.975782e-07
12 207 2 4.548049e-07
1 212 2 3.298400e-07
2 212 2 3.520838e-07
3 212 2 3.125088e-07
4 212 2 2.627232e-07
5 212 2 2.047720e-07
6 212 2 1.652680e-07
7 212 2 1.371818e-07
8 212 2 1.325849e-07
9 212 2 1.505803e-07
10 212 2 1.776776e-07
11 212 2 2.107566e-07
12 212 2 2.786605e-07
1 213 2 7.182256e-08
2 213 2 7.849666e-08
3 213 2 6.652283e-08
4 213 2 5.629256e-08
5 213 2 4.343722e-08
6 213 2 3.348399e-08
7 213 2 2.841810e-08
8 213 2 2.774295e-08
9 213 2 3.341756e-08
10 213 2 4.118328e-08
11 213 2 5.057255e-08
12 213 2 6.188652e-08
1 214 2 2.552476e-06
2 214 2 2.705944e-06
3 214 2 2.174058e-06
4 214 2 1.614749e-06
5 214 2 1.193596e-06
6 214 2 8.796253e-07
7 214 2 7.617689e-07
8 214 2 7.853261e-07
9 214 2 9.913066e-07
10 214 2 1.329004e-06
11 214 2 1.819284e-06
12 214 2 2.206475e-06
1 215 2 9.455389e-07
2 215 2 9.726127e-07
3 215 2 9.068125e-07
4 215 2 7.226912e-07
5 215 2 5.870097e-07
6 215 2 4.716500e-07
7 215 2 4.075709e-07
8 215 2 4.085731e-07
9 215 2 4.594679e-07
10 215 2 5.466191e-07
11 215 2 6.882688e-07
12 215 2 8.314666e-07
1 216 2 1.120716e-06
2 216 2 1.170110e-06
3 216 2 1.097275e-06
4 216 2 8.920210e-07
5 216 2 7.142791e-07
6 216 2 6.144714e-07
7 216 2 5.399602e-07
8 216 2 5.163021e-07
9 216 2 5.357550e-07
10 216 2 6.089358e-07
11 216 2 7.324465e-07
12 216 2 9.413261e-07
1 224 2 1.347712e-06
2 224 2 1.473369e-06
3 224 2 1.285694e-06
4 224 2 1.107175e-06
5 224 2 8.940647e-07
6 224 2 7.597816e-07
7 224 2 6.902543e-07
8 224 2 7.209627e-07
9 224 2 7.414279e-07
10 224 2 8.744786e-07
11 224 2 1.044300e-06
12 224 2 1.245932e-06
1 240 2 6.919726e-08
2 240 2 7.058077e-08
3 240 2 6.454439e-08
4 240 2 5.700282e-08
5 240 2 4.954278e-08
6 240 2 4.273238e-08
7 240 2 4.186552e-08
8 240 2 4.316093e-08
9 240 2 4.201457e-08
10 240 2 4.524530e-08
11 240 2 4.971348e-08
12 240 2 6.161120e-08
