1 7 2 4.965056e-11
2 7 2 4.241592e-11
3 7 2 4.638796e-11
4 7 2 1.198938e-10
5 7 2 4.125207e-10
6 7 2 1.111073e-09
7 7 2 1.503315e-09
8 7 2 1.024974e-09
9 7 2 4.432669e-10
10 7 2 1.943270e-10
11 7 2 1.029571e-10
12 7 2 6.073798e-11
1 25 2 1.491486e-07
2 25 2 1.416160e-07
3 25 2 1.995136e-07
4 25 2 3.640679e-07
5 25 2 1.018487e-06
6 25 2 1.846896e-06
7 25 2 2.238979e-06
8 25 2 1.716901e-06
9 25 2 9.701401e-07
10 25 2 4.539904e-07
11 25 2 2.164679e-07
12 25 2 1.253559e-07
1 26 2 9.306274e-09
2 26 2 7.659152e-09
3 26 2 1.266503e-08
4 26 2 2.826939e-08
5 26 2 7.963053e-08
6 26 2 1.520921e-07
7 26 2 1.650195e-07
8 26 2 1.234681e-07
9 26 2 6.753054e-08
10 26 2 2.718368e-08
11 26 2 1.420236e-08
12 26 2 8.780601e-09
1 27 2 4.677236e-08
2 27 2 4.129580e-08
3 27 2 7.239132e-08
4 27 2 1.843718e-07
5 27 2 5.192047e-07
6 27 2 1.073259e-06
7 27 2 1.210455e-06
8 27 2 9.110775e-07
9 27 2 4.708126e-07
10 27 2 1.768015e-07
11 27 2 9.369848e-08
12 27 2 5.795896e-08
1 28 2 5.157316e-09
2 28 2 4.693296e-09
3 28 2 7.893308e-09
4 28 2 2.145590e-08
5 28 2 6.126970e-08
6 28 2 1.311775e-07
7 28 2 1.563940e-07
8 28 2 1.178446e-07
9 28 2 6.062178e-08
10 28 2 2.360924e-08
11 28 2 1.178608e-08
12 28 2 7.347964e-09
1 29 2 6.904061e-09
2 29 2 6.531262e-09
3 29 2 1.040462e-08
4 29 2 3.128498e-08
5 29 2 9.355584e-08
6 29 2 2.302494e-07
7 29 2 3.136527e-07
8 29 2 2.333598e-07
9 29 2 1.071705e-07
10 29 2 3.972136e-08
11 29 2 1.877645e-08
12 29 2 1.172108e-08
1 30 2 1.566576e-09
2 30 2 1.370069e-09
3 30 2 2.177518e-09
4 30 2 6.664769e-09
5 30 2 1.846245e-08
6 30 2 5.021066e-08
7 30 2 7.277797e-08
8 30 2 5.573385e-08
9 30 2 2.521764e-08
10 30 2 9.870643e-09
11 30 2 4.553056e-09
12 30 2 2.726818e-09
1 31 2 2.798454e-09
2 31 2 2.156444e-09
3 31 2 3.275901e-09
4 31 2 9.117919e-09
5 31 2 2.354689e-08
6 31 2 6.199777e-08
7 31 2 8.743062e-08
8 31 2 7.057183e-08
9 31 2 3.530472e-08
10 31 2 1.616782e-08
11 31 2 7.762530e-09
12 31 2 4.325642e-09
1 32 2 3.306854e-09
2 32 2 2.737439e-09
3 32 2 3.826467e-09
4 32 2 8.502562e-09
5 32 2 2.270920e-08
6 32 2 5.379363e-08
7 32 2 6.940017e-08
8 32 2 5.732766e-08
9 32 2 3.201242e-08
10 32 2 1.650272e-08
11 32 2 8.527933e-09
12 32 2 4.422673e-09
1 35 2 2.331103e-07
2 35 2 2.221191e-07
3 35 2 2.412870e-07
4 35 2 3.215368e-07
5 35 2 5.040517e-07
6 35 2 7.697970e-07
7 35 2 9.263021e-07
8 35 2 8.505908e-07
9 35 2 5.780943e-07
10 35 2 4.179614e-07
11 35 2 3.165835e-07
12 35 2 2.571954e-07
1 36 2 2.794068e-08
2 36 2 2.623086e-08
3 36 2 2.907155e-08
4 36 2 3.491748e-08
5 36 2 4.775545e-08
6 36 2 6.889118e-08
7 36 2 8.113435e-08
8 36 2 8.265376e-08
9 36 2 6.309208e-08
10 36 2 4.943010e-08
11 36 2 3.783310e-08
12 36 2 3.134793e-08
1 37 2 6.464165e-07
2 37 2 6.256414e-07
3 37 2 7.883372e-07
4 37 2 1.013696e-06
5 37 2 1.532515e-06
6 37 2 2.324391e-06
7 37 2 2.703386e-06
8 37 2 2.657492e-06
9 37 2 1.955667e-06
10 37 2 1.466408e-06
11 37 2 1.033541e-06
12 37 2 7.917805e-07
1 38 2 4.533573e-06
2 38 2 4.529508e-06
3 38 2 6.900108e-06
4 38 2 1.023055e-05
5 38 2 1.867833e-05
6 38 2 3.314327e-05
7 38 2 3.929005e-05
8 38 2 3.407589e-05
9 38 2 2.201043e-05
10 38 2 1.504410e-05
11 38 2 8.596498e-06
12 38 2 6.203564e-06
1 39 2 1.892927e-05
2 39 2 1.972049e-05
3 39 2 3.194312e-05
4 39 2 4.932283e-05
5 39 2 9.570262e-05
6 39 2 1.850173e-04
7 39 2 2.297397e-04
8 39 2 1.860013e-04
9 39 2 1.172389e-04
10 39 2 7.403498e-05
11 39 2 3.747490e-05
12 39 2 2.735397e-05
1 40 2 4.720400e-06
2 40 2 5.179097e-06
3 40 2 9.236846e-06
4 40 2 1.553249e-05
5 40 2 3.395480e-05
6 40 2 7.709235e-05
7 40 2 9.645444e-05
8 40 2 7.075655e-05
9 40 2 4.358532e-05
10 40 2 2.348418e-05
11 40 2 1.005994e-05
12 40 2 7.494343e-06
1 41 2 2.514425e-06
2 41 2 2.688046e-06
3 41 2 5.386754e-06
4 41 2 9.594191e-06
5 41 2 2.406364e-05
6 41 2 6.106395e-05
7 41 2 7.895205e-05
8 41 2 5.537661e-05
9 41 2 3.094702e-05
10 41 2 1.341272e-05
11 41 2 5.152809e-06
12 41 2 4.294800e-06
1 42 2 1.360379e-06
2 42 2 1.422983e-06
3 42 2 3.068644e-06
4 42 2 6.053489e-06
5 42 2 1.720905e-05
6 42 2 4.773276e-05
7 42 2 6.682026e-05
8 42 2 4.462363e-05
9 42 2 2.113162e-05
10 42 2 7.562781e-06
11 42 2 2.819549e-06
12 42 2 2.313030e-06
1 43 2 3.819718e-08
2 43 2 3.960555e-08
3 43 2 9.344855e-08
4 43 2 2.280172e-07
5 43 2 7.632155e-07
6 43 2 2.250842e-06
7 43 2 3.290419e-06
8 43 2 2.065496e-06
9 43 2 8.446201e-07
10 43 2 2.593198e-07
11 43 2 8.843362e-08
12 43 2 6.196611e-08
1 44 2 1.577190e-07
2 44 2 1.584720e-07
3 44 2 3.447011e-07
4 44 2 9.318908e-07
5 44 2 3.481515e-06
6 44 2 1.097141e-05
7 44 2 1.603532e-05
8 44 2 9.669197e-06
9 44 2 3.485600e-06
10 44 2 1.032713e-06
11 44 2 3.389392e-07
12 44 2 2.291610e-07
1 45 2 3.626355e-07
2 45 2 4.064084e-07
3 45 2 7.405465e-07
4 45 2 2.183931e-06
5 45 2 9.145876e-06
6 45 2 3.034697e-05
7 45 2 4.245501e-05
8 45 2 2.585081e-05
9 45 2 8.889511e-06
10 45 2 2.269678e-06
11 45 2 6.578819e-07
12 45 2 4.299591e-07
1 46 2 1.643647e-07
2 46 2 2.067749e-07
3 46 2 3.250344e-07
4 46 2 9.025878e-07
5 46 2 3.544425e-06
6 46 2 1.099441e-05
7 46 2 1.538040e-05
8 46 2 9.637538e-06
9 46 2 3.620134e-06
10 46 2 8.774775e-07
11 46 2 2.412532e-07
12 46 2 1.720472e-07
1 47 2 2.159671e-07
2 47 2 2.748479e-07
3 47 2 3.873037e-07
4 47 2 8.677646e-07
5 47 2 2.957775e-06
6 47 2 8.148665e-06
7 47 2 1.105133e-05
8 47 2 7.493593e-06
9 47 2 3.174515e-06
10 47 2 9.791420e-07
11 47 2 2.888725e-07
12 47 2 2.195815e-07
1 48 2 2.921394e-07
2 48 2 3.355916e-07
3 48 2 4.615875e-07
4 48 2 9.013829e-07
5 48 2 2.797164e-06
6 48 2 6.433957e-06
7 48 2 8.550131e-06
8 48 2 6.015507e-06
9 48 2 2.863624e-06
10 48 2 1.067660e-06
11 48 2 3.843444e-07
12 48 2 2.548738e-07
1 49 2 4.840106e-09
2 49 2 4.404070e-09
3 49 2 4.995507e-09
4 49 2 5.846798e-09
5 49 2 8.362168e-09
6 49 2 1.272255e-08
7 49 2 1.897359e-08
8 49 2 1.784200e-08
9 49 2 1.244459e-08
10 49 2 8.905301e-09
11 49 2 6.501591e-09
12 49 2 4.742899e-09
1 50 2 1.974455e-08
2 50 2 1.704348e-08
3 50 2 1.997760e-08
4 50 2 2.277239e-08
5 50 2 3.205055e-08
6 50 2 4.703374e-08
7 50 2 6.491347e-08
8 50 2 6.242488e-08
9 50 2 4.520129e-08
10 50 2 3.222138e-08
11 50 2 2.412353e-08
12 50 2 1.899465e-08
1 51 2 7.636805e-09
2 51 2 6.969781e-09
3 51 2 7.573437e-09
4 51 2 8.742251e-09
5 51 2 1.191591e-08
6 51 2 1.671112e-08
7 51 2 2.177702e-08
8 51 2 2.159620e-08
9 51 2 1.794327e-08
10 51 2 1.262084e-08
11 51 2 9.458856e-09
12 51 2 7.926810e-09
1 52 2 5.150316e-06
2 52 2 5.413424e-06
3 52 2 6.800491e-06
4 52 2 9.914189e-06
5 52 2 1.676620e-05
6 52 2 2.307404e-05
7 52 2 2.959674e-05
8 52 2 2.768309e-05
9 52 2 2.234682e-05
10 52 2 1.276596e-05
11 52 2 7.683856e-06
12 52 2 5.925425e-06
1 53 2 1.905611e-06
2 53 2 2.390845e-06
3 53 2 4.050596e-06
4 53 2 8.841240e-06
5 53 2 1.683643e-05
6 53 2 2.514107e-05
7 53 2 3.489878e-05
8 53 2 2.973783e-05
9 53 2 2.012679e-05
10 53 2 8.876763e-06
11 53 2 3.959275e-06
12 53 2 2.508362e-06
1 54 2 7.212948e-07
2 54 2 9.357039e-07
3 54 2 1.749804e-06
4 54 2 4.348091e-06
5 54 2 8.564385e-06
6 54 2 1.654249e-05
7 54 2 2.349939e-05
8 54 2 1.970484e-05
9 54 2 1.195067e-05
10 54 2 5.082590e-06
11 54 2 2.178630e-06
12 54 2 1.201775e-06
1 55 2 7.429296e-07
2 55 2 8.285646e-07
3 55 2 1.545664e-06
4 55 2 3.619251e-06
5 55 2 7.182063e-06
6 55 2 1.533800e-05
7 55 2 2.132098e-05
8 55 2 1.838750e-05
9 55 2 1.166016e-05
10 55 2 5.590860e-06
11 55 2 2.615749e-06
12 55 2 1.497786e-06
1 56 2 3.009412e-06
2 56 2 3.123113e-06
3 56 2 5.409314e-06
4 56 2 1.206200e-05
5 56 2 2.636592e-05
6 56 2 5.197303e-05
7 56 2 7.185726e-05
8 56 2 5.963789e-05
9 56 2 3.898074e-05
10 56 2 2.008429e-05
11 56 2 9.054744e-06
12 56 2 5.192982e-06
1 57 2 6.160041e-07
2 57 2 5.877290e-07
3 57 2 7.228731e-07
4 57 2 1.097208e-06
5 57 2 1.835801e-06
6 57 2 2.987078e-06
7 57 2 4.253633e-06
8 57 2 3.833563e-06
9 57 2 2.852173e-06
10 57 2 1.832087e-06
11 57 2 1.120331e-06
12 57 2 8.051313e-07
1 60 2 5.300466e-05
2 60 2 5.133022e-05
3 60 2 5.886558e-05
4 60 2 6.981371e-05
5 60 2 8.607475e-05
6 60 2 1.132738e-04
7 60 2 1.318733e-04
8 60 2 1.319288e-04
9 60 2 1.119606e-04
10 60 2 9.139701e-05
11 60 2 7.309624e-05
12 60 2 6.058929e-05
1 61 2 1.737147e-04
2 61 2 1.747596e-04
3 61 2 2.457965e-04
4 61 2 3.702214e-04
5 61 2 5.400400e-04
6 61 2 7.608289e-04
7 61 2 9.003674e-04
8 61 2 8.662279e-04
9 61 2 6.730818e-04
10 61 2 4.578343e-04
11 61 2 2.986731e-04
12 61 2 2.094868e-04
1 62 2 1.738867e-04
2 62 2 1.904469e-04
3 62 2 2.997982e-04
4 62 2 5.427261e-04
5 62 2 9.308922e-04
6 62 2 1.320545e-03
7 62 2 1.614760e-03
8 62 2 1.507319e-03
9 62 2 1.050334e-03
10 62 2 6.263549e-04
11 62 2 3.401384e-04
12 62 2 2.213524e-04
1 63 2 2.914739e-04
2 63 2 3.538368e-04
3 63 2 5.920619e-04
4 63 2 1.245256e-03
5 63 2 2.389851e-03
6 63 2 3.552895e-03
7 63 2 4.543294e-03
8 63 2 3.953556e-03
9 63 2 2.414708e-03
10 63 2 1.318698e-03
11 63 2 6.091164e-04
12 63 2 3.987534e-04
1 64 2 6.968872e-05
2 64 2 8.927851e-05
3 64 2 1.700078e-04
4 64 2 4.026918e-04
5 64 2 8.624389e-04
6 64 2 1.381430e-03
7 64 2 1.750992e-03
8 64 2 1.368885e-03
9 64 2 7.838031e-04
10 64 2 3.465021e-04
11 64 2 1.583344e-04
12 64 2 1.083574e-04
1 65 2 2.356761e-05
2 65 2 2.922399e-05
3 65 2 6.402427e-05
4 65 2 1.805507e-04
5 65 2 3.785573e-04
6 65 2 6.433722e-04
7 65 2 8.339018e-04
8 65 2 6.223791e-04
9 65 2 3.529938e-04
10 65 2 1.252620e-04
11 65 2 5.514281e-05
12 65 2 3.996192e-05
1 66 2 1.560431e-05
2 66 2 1.929179e-05
3 66 2 4.586212e-05
4 66 2 1.504584e-04
5 66 2 3.128460e-04
6 66 2 5.379527e-04
7 66 2 7.419265e-04
8 66 2 5.608972e-04
9 66 2 3.172905e-04
10 66 2 1.051220e-04
11 66 2 4.028431e-05
12 66 2 2.498757e-05
1 67 2 5.280170e-06
2 67 2 7.040861e-06
3 67 2 1.790496e-05
4 67 2 6.614246e-05
5 67 2 1.500734e-04
6 67 2 2.559513e-04
7 67 2 3.578482e-04
8 67 2 2.753935e-04
9 67 2 1.506211e-04
10 67 2 5.539039e-05
11 67 2 1.751486e-05
12 67 2 7.883346e-06
1 68 2 1.275751e-06
2 68 2 1.712991e-06
3 68 2 5.087487e-06
4 68 2 2.338478e-05
5 68 2 6.372650e-05
6 68 2 1.221197e-04
7 68 2 1.750966e-04
8 68 2 1.302253e-04
9 68 2 6.249638e-05
10 68 2 2.296042e-05
11 68 2 5.235789e-06
12 68 2 1.821873e-06
1 69 2 7.708991e-07
2 69 2 1.092992e-06
3 69 2 2.613815e-06
4 69 2 1.146174e-05
5 69 2 3.675260e-05
6 69 2 8.697915e-05
7 69 2 1.274238e-04
8 69 2 9.809050e-05
9 69 2 4.213904e-05
10 69 2 1.370199e-05
11 69 2 2.654951e-06
12 69 2 9.984337e-07
1 70 2 3.206180e-06
2 70 2 3.747411e-06
3 70 2 5.369931e-06
4 70 2 1.400987e-05
5 70 2 3.513231e-05
6 70 2 8.531125e-05
7 70 2 1.380918e-04
8 70 2 1.258575e-04
9 70 2 6.498436e-05
10 70 2 2.316362e-05
11 70 2 7.044990e-06
12 70 2 3.965819e-06
1 71 2 2.736946e-06
2 71 2 2.777360e-06
3 71 2 3.142794e-06
4 71 2 5.043234e-06
5 71 2 9.766871e-06
6 71 2 2.037461e-05
7 71 2 3.126864e-05
8 71 2 3.108886e-05
9 71 2 1.994632e-05
10 71 2 9.500166e-06
11 71 2 4.538471e-06
12 71 2 3.152122e-06
1 72 2 1.151354e-08
2 72 2 1.099643e-08
3 72 2 1.191349e-08
4 72 2 1.518982e-08
5 72 2 2.363424e-08
6 72 2 4.112436e-08
7 72 2 6.369692e-08
8 72 2 6.126150e-08
9 72 2 4.286059e-08
10 72 2 2.598824e-08
11 72 2 1.601234e-08
12 72 2 1.143491e-08
1 76 2 6.898356e-06
2 76 2 6.311287e-06
3 76 2 6.374807e-06
4 76 2 6.934271e-06
5 76 2 9.427259e-06
6 76 2 1.344267e-05
7 76 2 1.802588e-05
8 76 2 1.923691e-05
9 76 2 1.832904e-05
10 76 2 1.224013e-05
11 76 2 7.901521e-06
12 76 2 6.910567e-06
1 77 2 7.039043e-06
2 77 2 9.140141e-06
3 77 2 1.197304e-05
4 77 2 1.935106e-05
5 77 2 3.249121e-05
6 77 2 5.016304e-05
7 77 2 6.815804e-05
8 77 2 6.469303e-05
9 77 2 4.792185e-05
10 77 2 2.421069e-05
11 77 2 1.062372e-05
12 77 2 6.696078e-06
1 78 2 7.690283e-06
2 78 2 1.050769e-05
3 78 2 1.463259e-05
4 78 2 2.624508e-05
5 78 2 4.103973e-05
6 78 2 6.515685e-05
7 78 2 8.042892e-05
8 78 2 7.531192e-05
9 78 2 4.883143e-05
10 78 2 2.589626e-05
11 78 2 1.398454e-05
12 78 2 8.073748e-06
1 79 2 2.935261e-05
2 79 2 3.601614e-05
3 79 2 5.288208e-05
4 79 2 8.771370e-05
5 79 2 1.332614e-04
6 79 2 2.177053e-04
7 79 2 2.667706e-04
8 79 2 2.527179e-04
9 79 2 1.745032e-04
10 79 2 1.053380e-04
11 79 2 6.001619e-05
12 79 2 3.676481e-05
1 80 2 1.261329e-05
2 80 2 1.263792e-05
3 80 2 1.588034e-05
4 80 2 2.147204e-05
5 80 2 3.202364e-05
6 80 2 4.872281e-05
7 80 2 6.273801e-05
8 80 2 6.210959e-05
9 80 2 5.154983e-05
10 80 2 3.614181e-05
11 80 2 2.108369e-05
12 80 2 1.558436e-05
1 81 2 9.315386e-12
2 81 2 8.441985e-12
3 81 2 8.891702e-12
4 81 2 1.054338e-11
5 81 2 1.518237e-11
6 81 2 2.045781e-11
7 81 2 2.729743e-11
8 81 2 2.928953e-11
9 81 2 2.663332e-11
10 81 2 2.043557e-11
11 81 2 1.350869e-11
12 81 2 1.105951e-11
1 84 2 4.227260e-05
2 84 2 4.469277e-05
3 84 2 5.527601e-05
4 84 2 6.985160e-05
5 84 2 9.364992e-05
6 84 2 1.534522e-04
7 84 2 2.055221e-04
8 84 2 1.969412e-04
9 84 2 1.477742e-04
10 84 2 9.326035e-05
11 84 2 6.265015e-05
12 84 2 4.785795e-05
1 85 2 5.047972e-05
2 85 2 5.684415e-05
3 85 2 7.390656e-05
4 85 2 1.073793e-04
5 85 2 1.718909e-04
6 85 2 2.625903e-04
7 85 2 3.633181e-04
8 85 2 3.456277e-04
9 85 2 2.488754e-04
10 85 2 1.372811e-04
11 85 2 7.742078e-05
12 85 2 5.617658e-05
1 86 2 1.557605e-05
2 86 2 1.763535e-05
3 86 2 2.253668e-05
4 86 2 3.273508e-05
5 86 2 5.261175e-05
6 86 2 7.633850e-05
7 86 2 1.048688e-04
8 86 2 1.052119e-04
9 86 2 7.787682e-05
10 86 2 4.515991e-05
11 86 2 2.487630e-05
12 86 2 1.777892e-05
1 87 2 6.063012e-05
2 87 2 8.202559e-05
3 87 2 1.171175e-04
4 87 2 1.851361e-04
5 87 2 3.247966e-04
6 87 2 4.882105e-04
7 87 2 6.618624e-04
8 87 2 6.744156e-04
9 87 2 4.889544e-04
10 87 2 2.752943e-04
11 87 2 1.209571e-04
12 87 2 7.352351e-05
1 88 2 2.102885e-05
2 88 2 2.986265e-05
3 88 2 4.682905e-05
4 88 2 8.885312e-05
5 88 2 1.823528e-04
6 88 2 2.866085e-04
7 88 2 3.670420e-04
8 88 2 3.219245e-04
9 88 2 2.080277e-04
10 88 2 9.831003e-05
11 88 2 5.040050e-05
12 88 2 2.799563e-05
1 89 2 4.529630e-05
2 89 2 6.302393e-05
3 89 2 1.196175e-04
4 89 2 2.249800e-04
5 89 2 4.489735e-04
6 89 2 6.707142e-04
7 89 2 7.824314e-04
8 89 2 6.852234e-04
9 89 2 4.471805e-04
10 89 2 2.128000e-04
11 89 2 1.170932e-04
12 89 2 6.481157e-05
1 90 2 7.492237e-06
2 90 2 9.874519e-06
3 90 2 1.959492e-05
4 90 2 3.516872e-05
5 90 2 5.399952e-05
6 90 2 7.147742e-05
7 90 2 8.027355e-05
8 90 2 7.427527e-05
9 90 2 5.412863e-05
10 90 2 3.228543e-05
11 90 2 1.780068e-05
12 90 2 1.013353e-05
1 91 2 3.513305e-08
2 91 2 4.971172e-08
3 91 2 1.038588e-07
4 91 2 1.962605e-07
5 91 2 2.896498e-07
6 91 2 3.681719e-07
7 91 2 4.134034e-07
8 91 2 3.791306e-07
9 91 2 2.726028e-07
10 91 2 1.687418e-07
11 91 2 8.745536e-08
12 91 2 4.489578e-08
1 92 2 1.884712e-07
2 92 2 2.692196e-07
3 92 2 6.748657e-07
4 92 2 1.610073e-06
5 92 2 3.036364e-06
6 92 2 4.652779e-06
7 92 2 5.585034e-06
8 92 2 5.083276e-06
9 92 2 3.180147e-06
10 92 2 1.690146e-06
11 92 2 6.628764e-07
12 92 2 2.845566e-07
1 93 2 1.188581e-05
2 93 2 1.434129e-05
3 93 2 2.948646e-05
4 93 2 6.872149e-05
5 93 2 1.225953e-04
6 93 2 1.945501e-04
7 93 2 2.609787e-04
8 93 2 2.565643e-04
9 93 2 1.725664e-04
10 93 2 9.937730e-05
11 93 2 4.255877e-05
12 93 2 1.772658e-05
1 94 2 1.160395e-05
2 94 2 1.154545e-05
3 94 2 1.541596e-05
4 94 2 2.731992e-05
5 94 2 4.663345e-05
6 94 2 7.343008e-05
7 94 2 1.014434e-04
8 94 2 1.105508e-04
9 94 2 9.106236e-05
10 94 2 5.496508e-05
11 94 2 2.950112e-05
12 94 2 1.611870e-05
1 98 2 8.753978e-07
2 98 2 8.148792e-07
3 98 2 7.673351e-07
4 98 2 8.169908e-07
5 98 2 9.272285e-07
6 98 2 1.061024e-06
7 98 2 1.193434e-06
8 98 2 1.257821e-06
9 98 2 1.241188e-06
10 98 2 1.173254e-06
11 98 2 1.055334e-06
12 98 2 9.603647e-07
1 101 2 3.432441e-06
2 101 2 3.526950e-06
3 101 2 3.614210e-06
4 101 2 4.456869e-06
5 101 2 5.731622e-06
6 101 2 6.692266e-06
7 101 2 7.143612e-06
8 101 2 7.158149e-06
9 101 2 6.881606e-06
10 101 2 5.900271e-06
11 101 2 4.537147e-06
12 101 2 3.639116e-06
1 102 2 2.202599e-05
2 102 2 2.489734e-05
3 102 2 3.059930e-05
4 102 2 3.827357e-05
5 102 2 4.429158e-05
6 102 2 4.835220e-05
7 102 2 4.971377e-05
8 102 2 5.034195e-05
9 102 2 4.537215e-05
10 102 2 3.495475e-05
11 102 2 2.805557e-05
12 102 2 2.299502e-05
1 103 2 1.230196e-05
2 103 2 1.255425e-05
3 103 2 1.368256e-05
4 103 2 1.546078e-05
5 103 2 1.800530e-05
6 103 2 2.060477e-05
7 103 2 2.229174e-05
8 103 2 2.339469e-05
9 103 2 2.294535e-05
10 103 2 2.005224e-05
11 103 2 1.649612e-05
12 103 2 1.371598e-05
1 104 2 5.765315e-06
2 104 2 5.532251e-06
3 104 2 5.592362e-06
4 104 2 6.131219e-06
5 104 2 7.169304e-06
6 104 2 8.227123e-06
7 104 2 9.233510e-06
8 104 2 9.974442e-06
9 104 2 1.005473e-05
10 104 2 9.393107e-06
11 104 2 7.726676e-06
12 104 2 6.397679e-06
1 107 2 2.106691e-06
2 107 2 2.222521e-06
3 107 2 2.594872e-06
4 107 2 2.973438e-06
5 107 2 3.334524e-06
6 107 2 4.268992e-06
7 107 2 4.666189e-06
8 107 2 4.647308e-06
9 107 2 4.350576e-06
10 107 2 3.721275e-06
11 107 2 2.958277e-06
12 107 2 2.313484e-06
1 108 2 2.792597e-07
2 108 2 3.568942e-07
3 108 2 5.184270e-07
4 108 2 8.029302e-07
5 108 2 1.246362e-06
6 108 2 1.710671e-06
7 108 2 1.831222e-06
8 108 2 1.618414e-06
9 108 2 1.309553e-06
10 108 2 9.035007e-07
11 108 2 4.706321e-07
12 108 2 2.996033e-07
1 109 2 5.305198e-07
2 109 2 7.007393e-07
3 109 2 1.096002e-06
4 109 2 1.902017e-06
5 109 2 3.240625e-06
6 109 2 4.084972e-06
7 109 2 4.150701e-06
8 109 2 3.815660e-06
9 109 2 3.064084e-06
10 109 2 2.149958e-06
11 109 2 9.562478e-07
12 109 2 5.586045e-07
1 110 2 2.336465e-07
2 110 2 2.976209e-07
3 110 2 4.779944e-07
4 110 2 7.399167e-07
5 110 2 1.147581e-06
6 110 2 1.328954e-06
7 110 2 1.428754e-06
8 110 2 1.413026e-06
9 110 2 1.189735e-06
10 110 2 8.673923e-07
11 110 2 4.195618e-07
12 110 2 2.469586e-07
1 111 2 8.014719e-06
2 111 2 1.002408e-05
3 111 2 1.622876e-05
4 111 2 2.459604e-05
5 111 2 3.717332e-05
6 111 2 4.767399e-05
7 111 2 5.039498e-05
8 111 2 4.991429e-05
9 111 2 4.250638e-05
10 111 2 2.766960e-05
11 111 2 1.490541e-05
12 111 2 9.104498e-06
1 112 2 9.227861e-06
2 112 2 1.189820e-05
3 112 2 2.087283e-05
4 112 2 3.471030e-05
5 112 2 5.278286e-05
6 112 2 6.432215e-05
7 112 2 6.551038e-05
8 112 2 6.106244e-05
9 112 2 4.661446e-05
10 112 2 3.094610e-05
11 112 2 1.775983e-05
12 112 2 1.091679e-05
1 113 2 5.292887e-06
2 113 2 6.705595e-06
3 113 2 1.126544e-05
4 113 2 1.684644e-05
5 113 2 2.073115e-05
6 113 2 1.810136e-05
7 113 2 1.553204e-05
8 113 2 1.483437e-05
9 113 2 1.467189e-05
10 113 2 1.339683e-05
11 113 2 9.370245e-06
12 113 2 6.328756e-06
1 114 2 1.442672e-05
2 114 2 1.956337e-05
3 114 2 3.485548e-05
4 114 2 5.080828e-05
5 114 2 5.861782e-05
6 114 2 4.291154e-05
7 114 2 3.544203e-05
8 114 2 3.248692e-05
9 114 2 3.135103e-05
10 114 2 2.805975e-05
11 114 2 2.139055e-05
12 114 2 1.584477e-05
1 115 2 4.935051e-06
2 115 2 7.180057e-06
3 115 2 1.138156e-05
4 115 2 1.410844e-05
5 115 2 1.259950e-05
6 115 2 1.169822e-05
7 115 2 1.128272e-05
8 115 2 1.082497e-05
9 115 2 9.955744e-06
10 115 2 8.896981e-06
11 115 2 6.758526e-06
12 115 2 4.848735e-06
1 116 2 3.574332e-06
2 116 2 4.575581e-06
3 116 2 6.997155e-06
4 116 2 9.904217e-06
5 116 2 1.151923e-05
6 116 2 1.311748e-05
7 116 2 1.375214e-05
8 116 2 1.316385e-05
9 116 2 1.066419e-05
10 116 2 8.525779e-06
11 116 2 6.193812e-06
12 116 2 4.080217e-06
1 117 2 8.635700e-07
2 117 2 9.017830e-07
3 117 2 1.138869e-06
4 117 2 1.558965e-06
5 117 2 1.985215e-06
6 117 2 2.352041e-06
7 117 2 2.503993e-06
8 117 2 2.500709e-06
9 117 2 2.281746e-06
10 117 2 1.953312e-06
11 117 2 1.576835e-06
12 117 2 1.139085e-06
1 126 2 6.332183e-08
2 126 2 6.581656e-08
3 126 2 7.133616e-08
4 126 2 7.532664e-08
5 126 2 7.442341e-08
6 126 2 6.916822e-08
7 126 2 6.667415e-08
8 126 2 6.732554e-08
9 126 2 6.696913e-08
10 126 2 6.580788e-08
11 126 2 6.430247e-08
12 126 2 6.332888e-08
1 127 2 6.377056e-06
2 127 2 6.485596e-06
3 127 2 6.845408e-06
4 127 2 7.106987e-06
5 127 2 7.203811e-06
6 127 2 6.977803e-06
7 127 2 6.979729e-06
8 127 2 7.139902e-06
9 127 2 7.063791e-06
10 127 2 6.780689e-06
11 127 2 6.571328e-06
12 127 2 6.489987e-06
1 128 2 2.890297e-05
2 128 2 2.968309e-05
3 128 2 3.047158e-05
4 128 2 2.974544e-05
5 128 2 2.893498e-05
6 128 2 2.806580e-05
7 128 2 2.991296e-05
8 128 2 3.401117e-05
9 128 2 3.576243e-05
10 128 2 3.377930e-05
11 128 2 3.071734e-05
12 128 2 2.894185e-05
1 129 2 8.236519e-07
2 129 2 8.123430e-07
3 129 2 8.328312e-07
4 129 2 8.569834e-07
5 129 2 8.702064e-07
6 129 2 8.937476e-07
7 129 2 9.338780e-07
8 129 2 1.017925e-06
9 129 2 1.063518e-06
10 129 2 1.068203e-06
11 129 2 9.753059e-07
12 129 2 8.664405e-07
1 133 2 1.769658e-05
2 133 2 2.057489e-05
3 133 2 2.469905e-05
4 133 2 2.535939e-05
5 133 2 2.419027e-05
6 133 2 2.223412e-05
7 133 2 1.984416e-05
8 133 2 1.858180e-05
9 133 2 1.937668e-05
10 133 2 2.063691e-05
11 133 2 1.968794e-05
12 133 2 1.722696e-05
1 135 2 7.647082e-07
2 135 2 8.615586e-07
3 135 2 1.024590e-06
4 135 2 1.103436e-06
5 135 2 1.060296e-06
6 135 2 9.458925e-07
7 135 2 8.171575e-07
8 135 2 8.253354e-07
9 135 2 8.770132e-07
10 135 2 8.247799e-07
11 135 2 7.905443e-07
12 135 2 7.426083e-07
1 136 2 8.556853e-07
2 136 2 8.806734e-07
3 136 2 1.089117e-06
4 136 2 1.324035e-06
5 136 2 1.449878e-06
6 136 2 1.322841e-06
7 136 2 1.170560e-06
8 136 2 1.167875e-06
9 136 2 1.173912e-06
10 136 2 1.104296e-06
11 136 2 1.044106e-06
12 136 2 9.271794e-07
1 137 2 2.080189e-07
2 137 2 2.182333e-07
3 137 2 2.502090e-07
4 137 2 2.749429e-07
5 137 2 2.713853e-07
6 137 2 2.497017e-07
7 137 2 2.310007e-07
8 137 2 2.228925e-07
9 137 2 2.230326e-07
10 137 2 2.323485e-07
11 137 2 2.297202e-07
12 137 2 2.166055e-07
1 138 2 8.320565e-06
2 138 2 9.149787e-06
3 138 2 1.061511e-05
4 138 2 1.181395e-05
5 138 2 1.191955e-05
6 138 2 1.047609e-05
7 138 2 9.705093e-06
8 138 2 9.359359e-06
9 138 2 9.384896e-06
10 138 2 9.439582e-06
11 138 2 9.156575e-06
12 138 2 8.491956e-06
1 139 2 1.406184e-05
2 139 2 1.601384e-05
3 139 2 1.789389e-05
4 139 2 1.878091e-05
5 139 2 1.851624e-05
6 139 2 1.724365e-05
7 139 2 1.631510e-05
8 139 2 1.570597e-05
9 139 2 1.550240e-05
10 139 2 1.562275e-05
11 139 2 1.486624e-05
12 139 2 1.360806e-05
1 140 2 4.653496e-06
2 140 2 4.811887e-06
3 140 2 5.226083e-06
4 140 2 5.921066e-06
5 140 2 6.287325e-06
6 140 2 6.038987e-06
7 140 2 5.717939e-06
8 140 2 5.514904e-06
9 140 2 5.434505e-06
10 140 2 5.464541e-06
11 140 2 5.349126e-06
12 140 2 4.987019e-06
1 141 2 7.300457e-06
2 141 2 7.224919e-06
3 141 2 7.431860e-06
4 141 2 8.156404e-06
5 141 2 8.801842e-06
6 141 2 8.703584e-06
7 141 2 8.468229e-06
8 141 2 8.211607e-06
9 141 2 8.142014e-06
10 141 2 8.161155e-06
11 141 2 8.242614e-06
12 141 2 8.002935e-06
1 150 2 8.434614e-09
2 150 2 9.233012e-09
3 150 2 9.882889e-09
4 150 2 1.010606e-08
5 150 2 9.456193e-09
6 150 2 8.339937e-09
7 150 2 7.608349e-09
8 150 2 7.424624e-09
9 150 2 7.184588e-09
10 150 2 7.021127e-09
11 150 2 7.157634e-09
12 150 2 7.615518e-09
1 151 2 5.479447e-06
2 151 2 5.828030e-06
3 151 2 6.179441e-06
4 151 2 6.325149e-06
5 151 2 6.120022e-06
6 151 2 5.760835e-06
7 151 2 5.633546e-06
8 151 2 5.851046e-06
9 151 2 5.570716e-06
10 151 2 5.227541e-06
11 151 2 5.074255e-06
12 151 2 5.200845e-06
1 152 2 4.342765e-06
2 152 2 4.398902e-06
3 152 2 4.439624e-06
4 152 2 4.218789e-06
5 152 2 4.055387e-06
6 152 2 3.982960e-06
7 152 2 4.553587e-06
8 152 2 6.071661e-06
9 152 2 6.445732e-06
10 152 2 5.493757e-06
11 152 2 4.711124e-06
12 152 2 4.356823e-06
1 153 2 5.033620e-06
2 153 2 5.155718e-06
3 153 2 5.439638e-06
4 153 2 5.335567e-06
5 153 2 5.152566e-06
6 153 2 5.058787e-06
7 153 2 5.905211e-06
8 153 2 7.717048e-06
9 153 2 9.386081e-06
10 153 2 8.389229e-06
11 153 2 6.346021e-06
12 153 2 5.294896e-06
1 154 2 1.369106e-05
2 154 2 1.361678e-05
3 154 2 1.417000e-05
4 154 2 1.357749e-05
5 154 2 1.269619e-05
6 154 2 1.142037e-05
7 154 2 1.078383e-05
8 154 2 1.123386e-05
9 154 2 1.266603e-05
10 154 2 1.423435e-05
11 154 2 1.500142e-05
12 154 2 1.450566e-05
1 157 2 5.458954e-07
2 157 2 5.668579e-07
3 157 2 6.069025e-07
4 157 2 5.983530e-07
5 157 2 5.832222e-07
6 157 2 5.483291e-07
7 157 2 5.231841e-07
8 157 2 5.179105e-07
9 157 2 5.141672e-07
10 157 2 5.231323e-07
11 157 2 5.268828e-07
12 157 2 5.337587e-07
1 163 2 2.537727e-06
2 163 2 2.571729e-06
3 163 2 2.648045e-06
4 163 2 2.806945e-06
5 163 2 2.809684e-06
6 163 2 2.597663e-06
7 163 2 2.401531e-06
8 163 2 2.255085e-06
9 163 2 2.287377e-06
10 163 2 2.419957e-06
11 163 2 2.514557e-06
12 163 2 2.534259e-06
1 164 2 9.607517e-06
2 164 2 9.525370e-06
3 164 2 9.790525e-06
4 164 2 1.024726e-05
5 164 2 1.012673e-05
6 164 2 9.366440e-06
7 164 2 8.669467e-06
8 164 2 8.468473e-06
9 164 2 9.068008e-06
10 164 2 9.934404e-06
11 164 2 1.013503e-05
12 164 2 9.966262e-06
1 165 2 4.194672e-06
2 165 2 4.111075e-06
3 165 2 4.162757e-06
4 165 2 4.254832e-06
5 165 2 4.208131e-06
6 165 2 3.872076e-06
7 165 2 3.650838e-06
8 165 2 3.695310e-06
9 165 2 3.938802e-06
10 165 2 4.211432e-06
11 165 2 4.430251e-06
12 165 2 4.435471e-06
1 166 2 1.830242e-06
2 166 2 1.811970e-06
3 166 2 1.782034e-06
4 166 2 1.773673e-06
5 166 2 1.715597e-06
6 166 2 1.586641e-06
7 166 2 1.498270e-06
8 166 2 1.509448e-06
9 166 2 1.565940e-06
10 166 2 1.647254e-06
11 166 2 1.775982e-06
12 166 2 1.865465e-06
1 170 2 8.395334e-08
2 170 2 9.233204e-08
3 170 2 9.071573e-08
4 170 2 8.245575e-08
5 170 2 6.871027e-08
6 170 2 5.777333e-08
7 170 2 5.464453e-08
8 170 2 5.216793e-08
9 170 2 5.304535e-08
10 170 2 5.906562e-08
11 170 2 6.516792e-08
12 170 2 7.504489e-08
1 171 2 3.018880e-07
2 171 2 3.313863e-07
3 171 2 3.353981e-07
4 171 2 2.983982e-07
5 171 2 2.482338e-07
6 171 2 2.127246e-07
7 171 2 1.931311e-07
8 171 2 1.829978e-07
9 171 2 1.856641e-07
10 171 2 2.019507e-07
11 171 2 2.304946e-07
12 171 2 2.723071e-07
1 175 2 8.687860e-09
2 175 2 9.185093e-09
3 175 2 9.211439e-09
4 175 2 8.627609e-09
5 175 2 7.496034e-09
6 175 2 6.830786e-09
7 175 2 6.689054e-09
8 175 2 6.632578e-09
9 175 2 6.169021e-09
10 175 2 6.236007e-09
11 175 2 6.519687e-09
12 175 2 7.605252e-09
1 176 2 7.975395e-06
2 176 2 8.035191e-06
3 176 2 7.866426e-06
4 176 2 6.947763e-06
5 176 2 5.620430e-06
6 176 2 5.093164e-06
7 176 2 5.083875e-06
8 176 2 5.800026e-06
9 176 2 6.316829e-06
10 176 2 6.741595e-06
11 176 2 7.196150e-06
12 176 2 7.644077e-06
1 177 2 2.811928e-05
2 177 2 2.732426e-05
3 177 2 2.579919e-05
4 177 2 2.255967e-05
5 177 2 1.844767e-05
6 177 2 1.575275e-05
7 177 2 1.639049e-05
8 177 2 1.963883e-05
9 177 2 2.468293e-05
10 177 2 2.566930e-05
11 177 2 2.618997e-05
12 177 2 2.624348e-05
1 178 2 1.003222e-05
2 178 2 9.914972e-06
3 178 2 9.504226e-06
4 178 2 7.966069e-06
5 178 2 6.936093e-06
6 178 2 5.862542e-06
7 178 2 5.583700e-06
8 178 2 5.624795e-06
9 178 2 6.414937e-06
10 178 2 6.902290e-06
11 178 2 7.795744e-06
12 178 2 8.654914e-06
1 181 2 1.226496e-07
2 181 2 1.295451e-07
3 181 2 1.313291e-07
4 181 2 1.255682e-07
5 181 2 1.035546e-07
6 181 2 8.954331e-08
7 181 2 7.917473e-08
8 181 2 8.102888e-08
9 181 2 8.778657e-08
10 181 2 9.505646e-08
11 181 2 1.076527e-07
12 181 2 1.146190e-07
1 182 2 1.463800e-05
2 182 2 1.353002e-05
3 182 2 1.275820e-05
4 182 2 1.065740e-05
5 182 2 8.345697e-06
6 182 2 6.242082e-06
7 182 2 6.189011e-06
8 182 2 8.600397e-06
9 182 2 1.193398e-05
10 182 2 1.463660e-05
11 182 2 1.617645e-05
12 182 2 1.552700e-05
1 183 2 3.115238e-06
2 183 2 2.992708e-06
3 183 2 2.857102e-06
4 183 2 2.590611e-06
5 183 2 2.179695e-06
6 183 2 1.769081e-06
7 183 2 1.645944e-06
8 183 2 1.954496e-06
9 183 2 2.272546e-06
10 183 2 2.688419e-06
11 183 2 2.926872e-06
12 183 2 3.010477e-06
1 184 2 9.711031e-07
2 184 2 9.839778e-07
3 184 2 9.529670e-07
4 184 2 8.576087e-07
5 184 2 7.129705e-07
6 184 2 5.762145e-07
7 184 2 5.196006e-07
8 184 2 5.426721e-07
9 184 2 5.748703e-07
10 184 2 6.601662e-07
11 184 2 7.724388e-07
12 184 2 8.804094e-07
1 188 2 1.613237e-07
2 188 2 1.599172e-07
3 188 2 1.482289e-07
4 188 2 1.210390e-07
5 188 2 8.554550e-08
6 188 2 6.506893e-08
7 188 2 5.599128e-08
8 188 2 5.695584e-08
9 188 2 7.714638e-08
10 188 2 1.013812e-07
11 188 2 1.207350e-07
12 188 2 1.505890e-07
1 189 2 1.408284e-07
2 189 2 1.301538e-07
3 189 2 1.180611e-07
4 189 2 8.726471e-08
5 189 2 5.777705e-08
6 189 2 4.085776e-08
7 189 2 3.884699e-08
8 189 2 4.771697e-08
9 189 2 7.676110e-08
10 189 2 1.092966e-07
11 189 2 1.329411e-07
12 189 2 1.389228e-07
1 190 2 5.761776e-07
2 190 2 5.459389e-07
3 190 2 4.738761e-07
4 190 2 3.356366e-07
5 190 2 2.341736e-07
6 190 2 1.698796e-07
7 190 2 1.596209e-07
8 190 2 1.924225e-07
9 190 2 2.702790e-07
10 190 2 3.684556e-07
11 190 2 4.827944e-07
12 190 2 5.416864e-07
1 191 2 4.431683e-07
2 191 2 4.592395e-07
3 191 2 4.463830e-07
4 191 2 3.687625e-07
5 191 2 3.032403e-07
6 191 2 2.491066e-07
7 191 2 2.190066e-07
8 191 2 2.224203e-07
9 191 2 2.426650e-07
10 191 2 2.723666e-07
11 191 2 3.349823e-07
12 191 2 3.941036e-07
1 192 2 5.802668e-07
2 192 2 6.271071e-07
3 192 2 6.109959e-07
4 192 2 5.290310e-07
5 192 2 4.471109e-07
6 192 2 3.806970e-07
7 192 2 3.345570e-07
8 192 2 3.108820e-07
9 192 2 3.200985e-07
10 192 2 3.515048e-07
11 192 2 4.196059e-07
12 192 2 5.038549e-07
1 200 2 3.586439e-05
2 200 2 3.689554e-05
3 200 2 3.017245e-05
4 200 2 1.994615e-05
5 200 2 1.305575e-05
6 200 2 1.063270e-05
7 200 2 1.010162e-05
8 200 2 1.089374e-05
9 200 2 1.206674e-05
10 200 2 1.542792e-05
11 200 2 2.143937e-05
12 200 2 2.953909e-05
1 201 2 2.404492e-05
2 201 2 2.480938e-05
3 201 2 2.271151e-05
4 201 2 1.748170e-05
5 201 2 1.317413e-05
6 201 2 1.089932e-05
7 201 2 1.030047e-05
8 201 2 1.065490e-05
9 201 2 1.054516e-05
10 201 2 1.254738e-05
11 201 2 1.599453e-05
12 201 2 1.992070e-05
1 206 2 9.727573e-06
2 206 2 1.050705e-05
3 206 2 9.506066e-06
4 206 2 8.111959e-06
5 206 2 6.708547e-06
6 206 2 5.849287e-06
7 206 2 5.016904e-06
8 206 2 4.925965e-06
9 206 2 5.332305e-06
10 206 2 6.035869e-06
11 206 2 7.075431e-06
12 206 2 8.335591e-06
1 207 2 3.687252e-07
2 207 2 4.026016e-07
3 207 2 3.818188e-07
4 207 2 3.462145e-07
5 207 2 3.070413e-07
6 207 2 2.633479e-07
7 207 2 2.321176e-07
8 207 2 2.285766e-07
9 207 2 2.306192e-07
10 207 2 2.540188e-07
11 207 2 2.737570e-07
12 207 2 3.131610e-07
1 212 2 2.272242e-07
2 212 2 2.425478e-07
3 212 2 2.152849e-07
4 212 2 1.809880e-07
5 212 2 1.410658e-07
6 212 2 1.138519e-07
7 212 2 9.450349e-08
8 212 2 9.133676e-08
9 212 2 1.037336e-07
10 212 2 1.224008e-07
11 212 2 1.451886e-07
12 212 2 1.919671e-07
1 213 2 4.943999e-08
2 213 2 5.403419e-08
3 213 2 4.579185e-08
4 213 2 3.874971e-08
5 213 2 2.990057e-08
6 213 2 2.304914e-08
7 213 2 1.956196e-08
8 213 2 1.909722e-08
9 213 2 2.300341e-08
10 213 2 2.834904e-08
11 213 2 3.481227e-08
12 213 2 4.260039e-08
1 214 2 1.757296e-06
2 214 2 1.862954e-06
3 214 2 1.496768e-06
4 214 2 1.111702e-06
5 214 2 8.217513e-07
6 214 2 6.055932e-07
7 214 2 5.244529e-07
8 214 2 5.406713e-07
9 214 2 6.824821e-07
10 214 2 9.149754e-07
11 214 2 1.252517e-06
12 214 2 1.519086e-06
1 215 2 6.509047e-07
2 215 2 6.695422e-07
3 215 2 6.242456e-07
4 215 2 4.974974e-07
5 215 2 4.040948e-07
6 215 2 3.246817e-07
7 215 2 2.805699e-07
8 215 2 2.812599e-07
9 215 2 3.162956e-07
10 215 2 3.762901e-07
11 215 2 4.738011e-07
12 215 2 5.723778e-07
1 216 2 8.722956e-07
2 216 2 9.107406e-07
3 216 2 8.540502e-07
4 216 2 6.942933e-07
5 216 2 5.559501e-07
6 216 2 4.782661e-07
7 216 2 4.202712e-07
8 216 2 4.018572e-07
9 216 2 4.169981e-07
10 216 2 4.739575e-07
11 216 2 5.700905e-07
12 216 2 7.326693e-07
1 224 2 1.048377e-06
2 224 2 1.146125e-06
3 224 2 1.000134e-06
4 224 2 8.612652e-07
5 224 2 6.954877e-07
6 224 2 5.910297e-07
7 224 2 5.369448e-07
8 224 2 5.608327e-07
9 224 2 5.767524e-07
10 224 2 6.802518e-07
11 224 2 8.123550e-07
12 224 2 9.692036e-07
1 240 2 5.390802e-08
2 240 2 5.498584e-08
3 240 2 5.028321e-08
4 240 2 4.440795e-08
5 240 2 3.859623e-08
6 240 2 3.329059e-08
7 240 2 3.261527e-08
8 240 2 3.362445e-08
9 240 2 3.273138e-08
10 240 2 3.524828e-08
11 240 2 3.872920e-08
12 240 2 4.799811e-08
