1 7 2 3.668251e-11
2 7 2 3.133746e-11
3 7 2 3.427206e-11
4 7 2 8.857922e-11
5 7 2 3.047760e-10
6 7 2 8.208762e-10
7 7 2 1.110670e-09
8 7 2 7.572651e-10
9 7 2 3.274917e-10
10 7 2 1.435714e-10
11 7 2 7.606611e-11
12 7 2 4.487405e-11
1 25 2 2.141883e-08
2 25 2 2.033709e-08
3 25 2 2.865160e-08
4 25 2 5.228281e-08
5 25 2 1.462621e-07
6 25 2 2.652277e-07
7 25 2 3.215337e-07
8 25 2 2.465595e-07
9 25 2 1.393192e-07
10 25 2 6.519633e-08
11 25 2 3.108637e-08
12 25 2 1.800201e-08
1 26 2 5.322941e-09
2 26 2 4.380831e-09
3 26 2 7.244062e-09
4 26 2 1.616934e-08
5 26 2 4.554654e-08
6 26 2 8.699262e-08
7 26 2 9.438674e-08
8 26 2 7.062045e-08
9 26 2 3.862567e-08
10 26 2 1.554834e-08
11 26 2 8.123373e-09
12 26 2 5.022270e-09
1 27 2 2.819185e-08
2 27 2 2.489087e-08
3 27 2 4.363357e-08
4 27 2 1.111293e-07
5 27 2 3.129485e-07
6 27 2 6.469026e-07
7 27 2 7.295966e-07
8 27 2 5.491482e-07
9 27 2 2.837804e-07
10 27 2 1.065664e-07
11 27 2 5.647637e-08
12 27 2 3.493452e-08
1 28 2 3.806721e-09
2 28 2 3.464218e-09
3 28 2 5.826214e-09
4 28 2 1.583704e-08
5 28 2 4.522443e-08
6 28 2 9.682479e-08
7 28 2 1.154376e-07
8 28 2 8.698356e-08
9 28 2 4.474619e-08
10 28 2 1.742647e-08
11 28 2 8.699546e-09
12 28 2 5.423684e-09
1 29 2 5.105720e-09
2 29 2 4.830026e-09
3 29 2 7.694471e-09
4 29 2 2.313600e-08
5 29 2 6.918680e-08
6 29 2 1.702750e-07
7 29 2 2.319538e-07
8 29 2 1.725752e-07
9 29 2 7.925514e-08
10 29 2 2.937491e-08
11 29 2 1.388563e-08
12 29 2 8.668021e-09
1 30 2 1.158161e-09
2 30 2 1.012884e-09
3 30 2 1.609827e-09
4 30 2 4.927224e-09
5 30 2 1.364918e-08
6 30 2 3.712045e-08
7 30 2 5.380433e-08
8 30 2 4.120371e-08
9 30 2 1.864326e-08
10 30 2 7.297308e-09
11 30 2 3.366047e-09
12 30 2 2.015920e-09
1 31 2 2.067186e-09
2 31 2 1.592941e-09
3 31 2 2.419870e-09
4 31 2 6.735302e-09
5 31 2 1.739382e-08
6 31 2 4.579704e-08
7 31 2 6.458400e-08
8 31 2 5.213060e-08
9 31 2 2.607919e-08
10 31 2 1.194299e-08
11 31 2 5.734092e-09
12 31 2 3.195302e-09
1 32 2 2.445453e-09
2 32 2 2.024364e-09
3 32 2 2.829712e-09
4 32 2 6.287733e-09
5 32 2 1.679369e-08
6 32 2 3.978094e-08
7 32 2 5.132214e-08
8 32 2 4.239440e-08
9 32 2 2.367352e-08
10 32 2 1.220393e-08
11 32 2 6.306495e-09
12 32 2 3.270613e-09
1 35 2 1.721467e-07
2 35 2 1.640299e-07
3 35 2 1.781850e-07
4 35 2 2.374477e-07
5 35 2 3.722308e-07
6 35 2 5.684778e-07
7 35 2 6.840533e-07
8 35 2 6.281421e-07
9 35 2 4.269096e-07
10 35 2 3.086551e-07
11 35 2 2.337898e-07
12 35 2 1.899330e-07
1 36 2 2.063922e-08
2 36 2 1.937622e-08
3 36 2 2.147458e-08
4 36 2 2.579285e-08
5 36 2 3.527600e-08
6 36 2 5.088855e-08
7 36 2 5.993233e-08
8 36 2 6.105469e-08
9 36 2 4.660486e-08
10 36 2 3.651303e-08
11 36 2 2.794656e-08
12 36 2 2.315609e-08
1 37 2 4.768643e-07
2 37 2 4.615383e-07
3 37 2 5.815598e-07
4 37 2 7.478078e-07
5 37 2 1.130543e-06
6 37 2 1.714713e-06
7 37 2 1.994299e-06
8 37 2 1.960443e-06
9 37 2 1.442704e-06
10 37 2 1.081776e-06
11 37 2 7.624476e-07
12 37 2 5.840999e-07
1 38 2 2.462025e-06
2 38 2 2.459817e-06
3 38 2 3.747207e-06
4 38 2 5.555852e-06
5 38 2 1.014355e-05
6 38 2 1.799895e-05
7 38 2 2.133705e-05
8 38 2 1.850542e-05
9 38 2 1.195309e-05
10 38 2 8.169926e-06
11 38 2 4.668457e-06
12 38 2 3.368939e-06
1 39 2 2.644638e-06
2 39 2 2.755181e-06
3 39 2 4.462824e-06
4 39 2 6.890971e-06
5 39 2 1.337077e-05
6 39 2 2.584906e-05
7 39 2 3.209730e-05
8 39 2 2.598654e-05
9 39 2 1.637964e-05
10 39 2 1.034355e-05
11 39 2 5.235679e-06
12 39 2 3.821666e-06
1 40 2 6.556932e-07
2 40 2 7.194091e-07
3 40 2 1.283056e-06
4 40 2 2.157560e-06
5 40 2 4.716535e-06
6 40 2 1.070861e-05
7 40 2 1.339813e-05
8 40 2 9.828529e-06
9 40 2 6.054273e-06
10 40 2 3.262100e-06
11 40 2 1.397389e-06
12 40 2 1.041011e-06
1 41 2 3.491491e-07
2 41 2 3.732579e-07
3 41 2 7.479963e-07
4 41 2 1.332234e-06
5 41 2 3.341439e-06
6 41 2 8.479245e-06
7 41 2 1.096316e-05
8 41 2 7.689509e-06
9 41 2 4.297254e-06
10 41 2 1.862470e-06
11 41 2 7.155110e-07
12 41 2 5.963692e-07
1 42 2 1.887161e-07
2 42 2 1.974008e-07
3 42 2 4.256922e-07
4 42 2 8.397595e-07
5 42 2 2.387295e-06
6 42 2 6.621641e-06
7 42 2 9.269522e-06
8 42 2 6.190333e-06
9 42 2 2.931447e-06
10 42 2 1.049133e-06
11 42 2 3.911369e-07
12 42 2 3.208709e-07
1 43 2 5.304432e-09
2 43 2 5.500012e-09
3 43 2 1.297717e-08
4 43 2 3.166469e-08
5 43 2 1.059875e-07
6 43 2 3.125737e-07
7 43 2 4.569395e-07
8 43 2 2.868349e-07
9 43 2 1.172922e-07
10 43 2 3.601167e-08
11 43 2 1.228075e-08
12 43 2 8.605217e-09
1 44 2 2.190165e-08
2 44 2 2.200623e-08
3 44 2 4.786693e-08
4 44 2 1.294071e-07
5 44 2 4.834608e-07
6 44 2 1.523545e-06
7 44 2 2.226745e-06
8 44 2 1.342713e-06
9 44 2 4.840280e-07
10 44 2 1.434077e-07
11 44 2 4.706681e-08
12 44 2 3.182245e-08
1 45 2 5.035710e-08
2 45 2 5.643559e-08
3 45 2 1.028354e-07
4 45 2 3.032699e-07
5 45 2 1.270035e-06
6 45 2 4.214109e-06
7 45 2 5.895484e-06
8 45 2 3.589753e-06
9 45 2 1.234435e-06
10 45 2 3.151771e-07
11 45 2 9.135628e-08
12 45 2 5.970595e-08
1 46 2 2.280910e-08
2 46 2 2.869441e-08
3 46 2 4.510543e-08
4 46 2 1.252532e-07
5 46 2 4.918642e-07
6 46 2 1.525708e-06
7 46 2 2.134358e-06
8 46 2 1.337413e-06
9 46 2 5.023705e-07
10 46 2 1.217686e-07
11 46 2 3.347901e-08
12 46 2 2.387521e-08
1 47 2 2.999788e-08
2 47 2 3.817643e-08
3 47 2 5.379656e-08
4 47 2 1.205327e-07
5 47 2 4.108355e-07
6 47 2 1.131851e-06
7 47 2 1.535032e-06
8 47 2 1.040862e-06
9 47 2 4.409407e-07
10 47 2 1.360030e-07
11 47 2 4.012445e-08
12 47 2 3.049991e-08
1 48 2 4.053917e-08
2 48 2 4.656889e-08
3 48 2 6.405290e-08
4 48 2 1.250818e-07
5 48 2 3.881528e-07
6 48 2 8.928179e-07
7 48 2 1.186472e-06
8 48 2 8.347511e-07
9 48 2 3.973752e-07
10 48 2 1.481555e-07
11 48 2 5.333414e-08
12 48 2 3.536795e-08
1 49 2 2.766474e-09
2 49 2 2.517247e-09
3 49 2 2.855296e-09
4 49 2 3.341871e-09
5 49 2 4.779588e-09
6 49 2 7.271866e-09
7 49 2 1.084479e-08
8 49 2 1.019800e-08
9 49 2 7.112990e-09
10 49 2 5.090028e-09
11 49 2 3.716133e-09
12 49 2 2.710912e-09
1 50 2 1.128190e-08
2 50 2 9.738524e-09
3 50 2 1.141506e-08
4 50 2 1.301198e-08
5 50 2 1.831346e-08
6 50 2 2.687474e-08
7 50 2 3.709110e-08
8 50 2 3.566913e-08
9 50 2 2.582770e-08
10 50 2 1.841107e-08
11 50 2 1.378401e-08
12 50 2 1.085341e-08
1 51 2 4.379619e-09
2 51 2 3.997089e-09
3 51 2 4.343279e-09
4 51 2 5.013580e-09
5 51 2 6.833636e-09
6 51 2 9.583632e-09
7 51 2 1.248887e-08
8 51 2 1.238517e-08
9 51 2 1.029026e-08
10 51 2 7.237906e-09
11 51 2 5.424544e-09
12 51 2 4.545934e-09
1 52 2 3.501381e-06
2 52 2 3.680252e-06
3 52 2 4.623233e-06
4 52 2 6.740044e-06
5 52 2 1.139830e-05
6 52 2 1.568661e-05
7 52 2 2.012100e-05
8 52 2 1.882002e-05
9 52 2 1.519222e-05
10 52 2 8.678785e-06
11 52 2 5.223779e-06
12 52 2 4.028330e-06
1 53 2 1.366179e-06
2 53 2 1.714056e-06
3 53 2 2.903972e-06
4 53 2 6.338503e-06
5 53 2 1.207045e-05
6 53 2 1.802425e-05
7 53 2 2.501980e-05
8 53 2 2.131978e-05
9 53 2 1.442939e-05
10 53 2 6.363970e-06
11 53 2 2.838502e-06
12 53 2 1.798306e-06
1 54 2 4.905855e-07
2 54 2 6.364150e-07
3 54 2 1.190122e-06
4 54 2 2.957335e-06
5 54 2 5.825029e-06
6 54 2 1.125130e-05
7 54 2 1.598301e-05
8 54 2 1.340216e-05
9 54 2 8.128199e-06
10 54 2 3.456902e-06
11 54 2 1.481786e-06
12 54 2 8.173821e-07
1 55 2 5.395475e-07
2 55 2 6.017393e-07
3 55 2 1.122528e-06
4 55 2 2.628456e-06
5 55 2 5.215924e-06
6 55 2 1.113912e-05
7 55 2 1.548422e-05
8 55 2 1.335379e-05
9 55 2 8.468110e-06
10 55 2 4.060323e-06
11 55 2 1.899670e-06
12 55 2 1.087756e-06
1 56 2 2.220627e-06
2 56 2 2.304526e-06
3 56 2 3.991501e-06
4 56 2 8.900478e-06
5 56 2 1.945525e-05
6 56 2 3.835059e-05
7 56 2 5.302304e-05
8 56 2 4.400644e-05
9 56 2 2.876365e-05
10 56 2 1.482008e-05
11 56 2 6.681441e-06
12 56 2 3.831871e-06
1 57 2 4.552415e-07
2 57 2 4.343455e-07
3 57 2 5.342202e-07
4 57 2 8.108627e-07
5 57 2 1.356700e-06
6 57 2 2.207521e-06
7 57 2 3.143535e-06
8 57 2 2.833093e-06
9 57 2 2.107823e-06
10 57 2 1.353956e-06
11 57 2 8.279510e-07
12 57 2 5.950109e-07
1 60 2 3.641836e-05
2 60 2 3.526789e-05
3 60 2 4.044527e-05
4 60 2 4.796750e-05
5 60 2 5.914011e-05
6 60 2 7.782799e-05
7 60 2 9.060734e-05
8 60 2 9.064545e-05
9 60 2 7.692570e-05
10 60 2 6.279692e-05
11 60 2 5.022285e-05
12 60 2 4.162960e-05
1 61 2 1.183856e-04
2 61 2 1.190977e-04
3 61 2 1.675089e-04
4 61 2 2.523038e-04
5 61 2 3.680343e-04
6 61 2 5.185007e-04
7 61 2 6.135954e-04
8 61 2 5.903296e-04
9 61 2 4.587016e-04
10 61 2 3.120116e-04
11 61 2 2.035441e-04
12 61 2 1.427641e-04
1 62 2 3.533894e-05
2 62 2 3.870446e-05
3 62 2 6.092789e-05
4 62 2 1.102981e-04
5 62 2 1.891850e-04
6 62 2 2.683740e-04
7 62 2 3.281671e-04
8 62 2 3.063321e-04
9 62 2 2.134590e-04
10 62 2 1.272939e-04
11 62 2 6.912624e-05
12 62 2 4.498538e-05
1 63 2 3.956513e-05
2 63 2 4.803037e-05
3 63 2 8.036743e-05
4 63 2 1.690330e-04
5 63 2 3.244022e-04
6 63 2 4.822756e-04
7 63 2 6.167139e-04
8 63 2 5.366620e-04
9 63 2 3.277763e-04
10 63 2 1.790022e-04
11 63 2 8.268243e-05
12 63 2 5.412741e-05
1 64 2 9.678930e-06
2 64 2 1.239972e-05
3 64 2 2.361205e-05
4 64 2 5.592907e-05
5 64 2 1.197825e-04
6 64 2 1.918641e-04
7 64 2 2.431919e-04
8 64 2 1.901217e-04
9 64 2 1.088609e-04
10 64 2 4.812499e-05
11 64 2 2.199076e-05
12 64 2 1.504955e-05
1 65 2 3.271751e-06
2 65 2 4.056992e-06
3 65 2 8.888108e-06
4 65 2 2.506478e-05
5 65 2 5.255285e-05
6 65 2 8.931554e-05
7 65 2 1.157656e-04
8 65 2 8.640118e-05
9 65 2 4.900402e-05
10 65 2 1.738938e-05
11 65 2 7.655148e-06
12 65 2 5.547675e-06
1 66 2 2.167888e-06
2 66 2 2.680185e-06
3 66 2 6.371568e-06
4 66 2 2.090300e-05
5 66 2 4.346331e-05
6 66 2 7.473712e-05
7 66 2 1.030750e-04
8 66 2 7.792477e-05
9 66 2 4.408078e-05
10 66 2 1.460447e-05
11 66 2 5.596650e-06
12 66 2 3.471493e-06
1 67 2 7.382769e-07
2 67 2 9.844579e-07
3 67 2 2.503483e-06
4 67 2 9.248084e-06
5 67 2 2.098337e-05
6 67 2 3.578728e-05
7 67 2 5.003457e-05
8 67 2 3.850570e-05
9 67 2 2.105994e-05
10 67 2 7.744722e-06
11 67 2 2.448940e-06
12 67 2 1.102255e-06
1 68 2 1.816036e-07
2 68 2 2.438448e-07
3 68 2 7.242054e-07
4 68 2 3.328830e-06
5 68 2 9.071488e-06
6 68 2 1.738378e-05
7 68 2 2.492505e-05
8 68 2 1.853761e-05
9 68 2 8.896379e-06
10 68 2 3.268423e-06
11 68 2 7.453162e-07
12 68 2 2.593441e-07
1 69 2 1.085838e-07
2 69 2 1.539516e-07
3 69 2 3.681648e-07
4 69 2 1.614425e-06
5 69 2 5.176729e-06
6 69 2 1.225131e-05
7 69 2 1.794807e-05
8 69 2 1.381638e-05
9 69 2 5.935428e-06
10 69 2 1.929972e-06
11 69 2 3.739589e-07
12 69 2 1.406328e-07
1 70 2 4.539552e-07
2 70 2 5.305868e-07
3 70 2 7.603156e-07
4 70 2 1.983624e-06
5 70 2 4.974299e-06
6 70 2 1.207901e-05
7 70 2 1.955209e-05
8 70 2 1.781985e-05
9 70 2 9.200979e-06
10 70 2 3.279680e-06
11 70 2 9.974831e-07
12 70 2 5.615107e-07
1 71 2 3.810216e-07
2 71 2 3.866478e-07
3 71 2 4.375213e-07
4 71 2 7.020894e-07
5 71 2 1.359686e-06
6 71 2 2.836434e-06
7 71 2 4.353036e-06
8 71 2 4.328009e-06
9 71 2 2.776809e-06
10 71 2 1.322557e-06
11 71 2 6.318193e-07
12 71 2 4.388199e-07
1 72 2 1.598393e-09
2 72 2 1.526604e-09
3 72 2 1.653917e-09
4 72 2 2.108761e-09
5 72 2 3.281076e-09
6 72 2 5.709182e-09
7 72 2 8.842869e-09
8 72 2 8.504766e-09
9 72 2 5.950219e-09
10 72 2 3.607876e-09
11 72 2 2.222949e-09
12 72 2 1.587477e-09
1 76 2 3.946306e-06
2 76 2 3.610464e-06
3 76 2 3.646802e-06
4 76 2 3.966852e-06
5 76 2 5.393002e-06
6 76 2 7.690078e-06
7 76 2 1.031197e-05
8 76 2 1.100476e-05
9 76 2 1.048540e-05
10 76 2 7.002149e-06
11 76 2 4.520182e-06
12 76 2 3.953292e-06
1 77 2 4.023166e-06
2 77 2 5.224049e-06
3 77 2 6.843192e-06
4 77 2 1.106010e-05
5 77 2 1.857036e-05
6 77 2 2.867070e-05
7 77 2 3.895574e-05
8 77 2 3.697531e-05
9 77 2 2.738974e-05
10 77 2 1.383762e-05
11 77 2 6.071990e-06
12 77 2 3.827145e-06
1 78 2 4.395692e-06
2 78 2 6.006094e-06
3 78 2 8.363845e-06
4 78 2 1.500144e-05
5 78 2 2.345791e-05
6 78 2 3.724303e-05
7 78 2 4.597240e-05
8 78 2 4.304757e-05
9 78 2 2.791157e-05
10 78 2 1.480205e-05
11 78 2 7.993429e-06
12 78 2 4.614877e-06
1 79 2 1.787009e-05
2 79 2 2.192689e-05
3 79 2 3.219500e-05
4 79 2 5.340075e-05
5 79 2 8.113056e-05
6 79 2 1.325406e-04
7 79 2 1.624120e-04
8 79 2 1.538565e-04
9 79 2 1.062388e-04
10 79 2 6.413059e-05
11 79 2 3.653830e-05
12 79 2 2.238269e-05
1 80 2 7.313518e-06
2 80 2 7.327798e-06
3 80 2 9.207836e-06
4 80 2 1.245005e-05
5 80 2 1.856815e-05
6 80 2 2.825076e-05
7 80 2 3.637715e-05
8 80 2 3.601277e-05
9 80 2 2.988994e-05
10 80 2 2.095597e-05
11 80 2 1.222488e-05
12 80 2 9.036221e-06
1 81 2 6.875642e-12
2 81 2 6.230989e-12
3 81 2 6.562923e-12
4 81 2 7.782019e-12
5 81 2 1.120604e-11
6 81 2 1.509981e-11
7 81 2 2.014810e-11
8 81 2 2.161846e-11
9 81 2 1.965793e-11
10 81 2 1.508340e-11
11 81 2 9.970700e-12
12 81 2 8.162974e-12
1 84 2 2.468269e-05
2 84 2 2.609582e-05
3 84 2 3.227530e-05
4 84 2 4.078589e-05
5 84 2 5.468157e-05
6 84 2 8.959973e-05
7 84 2 1.200030e-04
8 84 2 1.149927e-04
9 84 2 8.628438e-05
10 84 2 5.445411e-05
11 84 2 3.658101e-05
12 84 2 2.794394e-05
1 85 2 3.152474e-05
2 85 2 3.549934e-05
3 85 2 4.615487e-05
4 85 2 6.705873e-05
5 85 2 1.073464e-04
6 85 2 1.639885e-04
7 85 2 2.268933e-04
8 85 2 2.158455e-04
9 85 2 1.554234e-04
10 85 2 8.573249e-05
11 85 2 4.834951e-05
12 85 2 3.508245e-05
1 86 2 9.714005e-06
2 86 2 1.099829e-05
3 86 2 1.405500e-05
4 86 2 2.041524e-05
5 86 2 3.281132e-05
6 86 2 4.760851e-05
7 86 2 6.540144e-05
8 86 2 6.561538e-05
9 86 2 4.856788e-05
10 86 2 2.816398e-05
11 86 2 1.551411e-05
12 86 2 1.108783e-05
1 87 2 1.083719e-05
2 87 2 1.466147e-05
3 87 2 2.093389e-05
4 87 2 3.309170e-05
5 87 2 5.805499e-05
6 87 2 8.726401e-05
7 87 2 1.183030e-04
8 87 2 1.205468e-04
9 87 2 8.739699e-05
10 87 2 4.920682e-05
11 87 2 2.162018e-05
12 87 2 1.314178e-05
1 88 2 4.898487e-06
2 88 2 6.956246e-06
3 88 2 1.090842e-05
4 88 2 2.069756e-05
5 88 2 4.247749e-05
6 88 2 6.676296e-05
7 88 2 8.549925e-05
8 88 2 7.498953e-05
9 88 2 4.845825e-05
10 88 2 2.290047e-05
11 88 2 1.174036e-05
12 88 2 6.521339e-06
1 89 2 5.612740e-06
2 89 2 7.809400e-06
3 89 2 1.482200e-05
4 89 2 2.787765e-05
5 89 2 5.563306e-05
6 89 2 8.310932e-05
7 89 2 9.695238e-05
8 89 2 8.490717e-05
9 89 2 5.541088e-05
10 89 2 2.636840e-05
11 89 2 1.450921e-05
12 89 2 8.030909e-06
1 90 2 1.229294e-06
2 90 2 1.620168e-06
3 90 2 3.215050e-06
4 90 2 5.770330e-06
5 90 2 8.860006e-06
6 90 2 1.172770e-05
7 90 2 1.317093e-05
8 90 2 1.218676e-05
9 90 2 8.881190e-06
10 90 2 5.297252e-06
11 90 2 2.920658e-06
12 90 2 1.662666e-06
1 91 2 2.008823e-08
2 91 2 2.842396e-08
3 91 2 5.938395e-08
4 91 2 1.122170e-07
5 91 2 1.656148e-07
6 91 2 2.105118e-07
7 91 2 2.363741e-07
8 91 2 2.167778e-07
9 91 2 1.558677e-07
10 91 2 9.648247e-08
11 91 2 5.000487e-08
12 91 2 2.567033e-08
1 92 2 1.078415e-07
2 92 2 1.540451e-07
3 92 2 3.861521e-07
4 92 2 9.212694e-07
5 92 2 1.737380e-06
6 92 2 2.662278e-06
7 92 2 3.195706e-06
8 92 2 2.908605e-06
9 92 2 1.819652e-06
10 92 2 9.670863e-07
11 92 2 3.792919e-07
12 92 2 1.628207e-07
1 93 2 5.948264e-06
2 93 2 7.177112e-06
3 93 2 1.475652e-05
4 93 2 3.439172e-05
5 93 2 6.135290e-05
6 93 2 9.736273e-05
7 93 2 1.306070e-04
8 93 2 1.283978e-04
9 93 2 8.636102e-05
10 93 2 4.973345e-05
11 93 2 2.129857e-05
12 93 2 8.871283e-06
1 94 2 7.637846e-06
2 94 2 7.599341e-06
3 94 2 1.014696e-05
4 94 2 1.798228e-05
5 94 2 3.069465e-05
6 94 2 4.833249e-05
7 94 2 6.677114e-05
8 94 2 7.276576e-05
9 94 2 5.993826e-05
10 94 2 3.617862e-05
11 94 2 1.941796e-05
12 94 2 1.060951e-05
1 98 2 4.993778e-07
2 98 2 4.648545e-07
3 98 2 4.377325e-07
4 98 2 4.660590e-07
5 98 2 5.289450e-07
6 98 2 6.052696e-07
7 98 2 6.808039e-07
8 98 2 7.175341e-07
9 98 2 7.080456e-07
10 98 2 6.692922e-07
11 98 2 6.020236e-07
12 98 2 5.478479e-07
1 101 2 1.961877e-06
2 101 2 2.015896e-06
3 101 2 2.065771e-06
4 101 2 2.547409e-06
5 101 2 3.276018e-06
6 101 2 3.825093e-06
7 101 2 4.083068e-06
8 101 2 4.091377e-06
9 101 2 3.933313e-06
10 101 2 3.372413e-06
11 101 2 2.593293e-06
12 101 2 2.080006e-06
1 102 2 1.258374e-05
2 102 2 1.422418e-05
3 102 2 1.748179e-05
4 102 2 2.186620e-05
5 102 2 2.530437e-05
6 102 2 2.762426e-05
7 102 2 2.840214e-05
8 102 2 2.876103e-05
9 102 2 2.592172e-05
10 102 2 1.997012e-05
11 102 2 1.602852e-05
12 102 2 1.313736e-05
1 103 2 7.033022e-06
2 103 2 7.177257e-06
3 103 2 7.822310e-06
4 103 2 8.838914e-06
5 103 2 1.029362e-05
6 103 2 1.177973e-05
7 103 2 1.274417e-05
8 103 2 1.337472e-05
9 103 2 1.311784e-05
10 103 2 1.146385e-05
11 103 2 9.430818e-06
12 103 2 7.841413e-06
1 104 2 3.299574e-06
2 104 2 3.166188e-06
3 104 2 3.200591e-06
4 104 2 3.508986e-06
5 104 2 4.103097e-06
6 104 2 4.708502e-06
7 104 2 5.284472e-06
8 104 2 5.708519e-06
9 104 2 5.754468e-06
10 104 2 5.375812e-06
11 104 2 4.422090e-06
12 104 2 3.661485e-06
1 107 2 1.202628e-06
2 107 2 1.268750e-06
3 107 2 1.481311e-06
4 107 2 1.697420e-06
5 107 2 1.903549e-06
6 107 2 2.437001e-06
7 107 2 2.663745e-06
8 107 2 2.652967e-06
9 107 2 2.483574e-06
10 107 2 2.124330e-06
11 107 2 1.688765e-06
12 107 2 1.320678e-06
1 108 2 1.598092e-07
2 108 2 2.042364e-07
3 108 2 2.966752e-07
4 108 2 4.594851e-07
5 108 2 7.132435e-07
6 108 2 9.789490e-07
7 108 2 1.047935e-06
8 108 2 9.261542e-07
9 108 2 7.494049e-07
10 108 2 5.170375e-07
11 108 2 2.693240e-07
12 108 2 1.714511e-07
1 109 2 3.032816e-07
2 109 2 4.005908e-07
3 109 2 6.265499e-07
4 109 2 1.087324e-06
5 109 2 1.852565e-06
6 109 2 2.335251e-06
7 109 2 2.372826e-06
8 109 2 2.181294e-06
9 109 2 1.751641e-06
10 109 2 1.229064e-06
11 109 2 5.466571e-07
12 109 2 3.193368e-07
1 110 2 1.335268e-07
2 110 2 1.700876e-07
3 110 2 2.731693e-07
4 110 2 4.228555e-07
5 110 2 6.558318e-07
6 110 2 7.594848e-07
7 110 2 8.165194e-07
8 110 2 8.075313e-07
9 110 2 6.799226e-07
10 110 2 4.957066e-07
11 110 2 2.397757e-07
12 110 2 1.411345e-07
1 111 2 4.580094e-06
2 111 2 5.728361e-06
3 111 2 9.274092e-06
4 111 2 1.405566e-05
5 111 2 2.124308e-05
6 111 2 2.724379e-05
7 111 2 2.879873e-05
8 111 2 2.852403e-05
9 111 2 2.429070e-05
10 111 2 1.581207e-05
11 111 2 8.517850e-06
12 111 2 5.202859e-06
1 112 2 5.276393e-06
2 112 2 6.803265e-06
3 112 2 1.193486e-05
4 112 2 1.984698e-05
5 112 2 3.018068e-05
6 112 2 3.677872e-05
7 112 2 3.745814e-05
8 112 2 3.491486e-05
9 112 2 2.665365e-05
10 112 2 1.769465e-05
11 112 2 1.015488e-05
12 112 2 6.242103e-06
1 113 2 3.027058e-06
2 113 2 3.835001e-06
3 113 2 6.442824e-06
4 113 2 9.634656e-06
5 113 2 1.185637e-05
6 113 2 1.035236e-05
7 113 2 8.882939e-06
8 113 2 8.483930e-06
9 113 2 8.391006e-06
10 113 2 7.661790e-06
11 113 2 5.358942e-06
12 113 2 3.619483e-06
1 114 2 8.252836e-06
2 114 2 1.119126e-05
3 114 2 1.993915e-05
4 114 2 2.906498e-05
5 114 2 3.353244e-05
6 114 2 2.454764e-05
7 114 2 2.027469e-05
8 114 2 1.858421e-05
9 114 2 1.793442e-05
10 114 2 1.605164e-05
11 114 2 1.223651e-05
12 114 2 9.064034e-06
1 115 2 2.822441e-06
2 115 2 4.106399e-06
3 115 2 6.509311e-06
4 115 2 8.068860e-06
5 115 2 7.205874e-06
6 115 2 6.690418e-06
7 115 2 6.452784e-06
8 115 2 6.190989e-06
9 115 2 5.693863e-06
10 115 2 5.088338e-06
11 115 2 3.865319e-06
12 115 2 2.773076e-06
1 116 2 2.045401e-06
2 116 2 2.618363e-06
3 116 2 4.004102e-06
4 116 2 5.667659e-06
5 116 2 6.591845e-06
6 116 2 7.506439e-06
7 116 2 7.869625e-06
8 116 2 7.532977e-06
9 116 2 6.102550e-06
10 116 2 4.878852e-06
11 116 2 3.544391e-06
12 116 2 2.334893e-06
1 117 2 5.225839e-07
2 117 2 5.457082e-07
3 117 2 6.891793e-07
4 117 2 9.433977e-07
5 117 2 1.201340e-06
6 117 2 1.423323e-06
7 117 2 1.515275e-06
8 117 2 1.513288e-06
9 117 2 1.380784e-06
10 117 2 1.182034e-06
11 117 2 9.542117e-07
12 117 2 6.893102e-07
1 126 2 3.617208e-08
2 126 2 3.759717e-08
3 126 2 4.075020e-08
4 126 2 4.302973e-08
5 126 2 4.251377e-08
6 126 2 3.951178e-08
7 126 2 3.808706e-08
8 126 2 3.845917e-08
9 126 2 3.825557e-08
10 126 2 3.759222e-08
11 126 2 3.673226e-08
12 126 2 3.617611e-08
1 127 2 3.646439e-06
2 127 2 3.708503e-06
3 127 2 3.914246e-06
4 127 2 4.063819e-06
5 127 2 4.119183e-06
6 127 2 3.989950e-06
7 127 2 3.991051e-06
8 127 2 4.082639e-06
9 127 2 4.039118e-06
10 127 2 3.877239e-06
11 127 2 3.757525e-06
12 127 2 3.711014e-06
1 128 2 1.652392e-05
2 128 2 1.696992e-05
3 128 2 1.742070e-05
4 128 2 1.700557e-05
5 128 2 1.654222e-05
6 128 2 1.604531e-05
7 128 2 1.710134e-05
8 128 2 1.944430e-05
9 128 2 2.044550e-05
10 128 2 1.931174e-05
11 128 2 1.756120e-05
12 128 2 1.654615e-05
1 129 2 4.710236e-07
2 129 2 4.645563e-07
3 129 2 4.762729e-07
4 129 2 4.900849e-07
5 129 2 4.976468e-07
6 129 2 5.111094e-07
7 129 2 5.340588e-07
8 129 2 5.821232e-07
9 129 2 6.081961e-07
10 129 2 6.108755e-07
11 129 2 5.577503e-07
12 129 2 4.954932e-07
1 133 2 1.012271e-05
2 133 2 1.176915e-05
3 133 2 1.412823e-05
4 133 2 1.450596e-05
5 133 2 1.383720e-05
6 133 2 1.271826e-05
7 133 2 1.135116e-05
8 133 2 1.062907e-05
9 133 2 1.108376e-05
10 133 2 1.180463e-05
11 133 2 1.126180e-05
12 133 2 9.854085e-06
1 135 2 4.378719e-07
2 135 2 4.933284e-07
3 135 2 5.866803e-07
4 135 2 6.318273e-07
5 135 2 6.071255e-07
6 135 2 5.416181e-07
7 135 2 4.679044e-07
8 135 2 4.725870e-07
9 135 2 5.021777e-07
10 135 2 4.722690e-07
11 135 2 4.526657e-07
12 135 2 4.252175e-07
1 136 2 4.892566e-07
2 136 2 5.035441e-07
3 136 2 6.227262e-07
4 136 2 7.570455e-07
5 136 2 8.289989e-07
6 136 2 7.563632e-07
7 136 2 6.692931e-07
8 136 2 6.677580e-07
9 136 2 6.712094e-07
10 136 2 6.314053e-07
11 136 2 5.969904e-07
12 136 2 5.301349e-07
1 137 2 1.192480e-07
2 137 2 1.251034e-07
3 137 2 1.434337e-07
4 137 2 1.576126e-07
5 137 2 1.555732e-07
6 137 2 1.431429e-07
7 137 2 1.324224e-07
8 137 2 1.277744e-07
9 137 2 1.278547e-07
10 137 2 1.331951e-07
11 137 2 1.316884e-07
12 137 2 1.241703e-07
1 138 2 4.759668e-06
2 138 2 5.234014e-06
3 138 2 6.072230e-06
4 138 2 6.758014e-06
5 138 2 6.818422e-06
6 138 2 5.992707e-06
7 138 2 5.551669e-06
8 138 2 5.353897e-06
9 138 2 5.368505e-06
10 138 2 5.399787e-06
11 138 2 5.237896e-06
12 138 2 4.857710e-06
1 139 2 8.031582e-06
2 139 2 9.146489e-06
3 139 2 1.022030e-05
4 139 2 1.072693e-05
5 139 2 1.057576e-05
6 139 2 9.848908e-06
7 139 2 9.318557e-06
8 139 2 8.970649e-06
9 139 2 8.854376e-06
10 139 2 8.923115e-06
11 139 2 8.491026e-06
12 139 2 7.772401e-06
1 140 2 2.663024e-06
2 140 2 2.753666e-06
3 140 2 2.990695e-06
4 140 2 3.388408e-06
5 140 2 3.598004e-06
6 140 2 3.455890e-06
7 140 2 3.272166e-06
8 140 2 3.155976e-06
9 140 2 3.109967e-06
10 140 2 3.127155e-06
11 140 2 3.061108e-06
12 140 2 2.853887e-06
1 141 2 4.176769e-06
2 141 2 4.133552e-06
3 141 2 4.251948e-06
4 141 2 4.666477e-06
5 141 2 5.035748e-06
6 141 2 4.979533e-06
7 141 2 4.844880e-06
8 141 2 4.698060e-06
9 141 2 4.658244e-06
10 141 2 4.669196e-06
11 141 2 4.715800e-06
12 141 2 4.578674e-06
1 150 2 4.826223e-09
2 150 2 5.283060e-09
3 150 2 5.654915e-09
4 150 2 5.782613e-09
5 150 2 5.410763e-09
6 150 2 4.772050e-09
7 150 2 4.353441e-09
8 150 2 4.248314e-09
9 150 2 4.110968e-09
10 150 2 4.017436e-09
11 150 2 4.095545e-09
12 150 2 4.357542e-09
1 151 2 3.133053e-06
2 151 2 3.332368e-06
3 151 2 3.533298e-06
4 151 2 3.616612e-06
5 151 2 3.499323e-06
6 151 2 3.293947e-06
7 151 2 3.221165e-06
8 151 2 3.345528e-06
9 151 2 3.185240e-06
10 151 2 2.989018e-06
11 151 2 2.901372e-06
12 151 2 2.973754e-06
1 152 2 2.483099e-06
2 152 2 2.515197e-06
3 152 2 2.538481e-06
4 152 2 2.412213e-06
5 152 2 2.318783e-06
6 152 2 2.277371e-06
7 152 2 2.603643e-06
8 152 2 3.471645e-06
9 152 2 3.685531e-06
10 152 2 3.141212e-06
11 152 2 2.693719e-06
12 152 2 2.491137e-06
1 153 2 2.878288e-06
2 153 2 2.948106e-06
3 153 2 3.110455e-06
4 153 2 3.050946e-06
5 153 2 2.946304e-06
6 153 2 2.892679e-06
7 153 2 3.376676e-06
8 153 2 4.412707e-06
9 153 2 5.367082e-06
10 153 2 4.797069e-06
11 153 2 3.628736e-06
12 153 2 3.027690e-06
1 154 2 7.832723e-06
2 154 2 7.790225e-06
3 154 2 8.106730e-06
4 154 2 7.767751e-06
5 154 2 7.263555e-06
6 154 2 6.533652e-06
7 154 2 6.169484e-06
8 154 2 6.426948e-06
9 154 2 7.246299e-06
10 154 2 8.143545e-06
11 154 2 8.582389e-06
12 154 2 8.298761e-06
1 157 2 3.124477e-07
2 157 2 3.244457e-07
3 157 2 3.473656e-07
4 157 2 3.424722e-07
5 157 2 3.338119e-07
6 157 2 3.138406e-07
7 157 2 2.994487e-07
8 157 2 2.964303e-07
9 157 2 2.942878e-07
10 157 2 2.994190e-07
11 157 2 3.015656e-07
12 157 2 3.055011e-07
1 163 2 1.452757e-06
2 163 2 1.472222e-06
3 163 2 1.515910e-06
4 163 2 1.606874e-06
5 163 2 1.608443e-06
6 163 2 1.487068e-06
7 163 2 1.374790e-06
8 163 2 1.290955e-06
9 163 2 1.309441e-06
10 163 2 1.385338e-06
11 163 2 1.439493e-06
12 163 2 1.450772e-06
1 164 2 5.497174e-06
2 164 2 5.450172e-06
3 164 2 5.601886e-06
4 164 2 5.863221e-06
5 164 2 5.794251e-06
6 164 2 5.359236e-06
7 164 2 4.960446e-06
8 164 2 4.845442e-06
9 164 2 5.188481e-06
10 164 2 5.684210e-06
11 164 2 5.799005e-06
12 164 2 5.702438e-06
1 165 2 2.400425e-06
2 165 2 2.352586e-06
3 165 2 2.382161e-06
4 165 2 2.434851e-06
5 165 2 2.408126e-06
6 165 2 2.215818e-06
7 165 2 2.089213e-06
8 165 2 2.114662e-06
9 165 2 2.254002e-06
10 165 2 2.410016e-06
11 165 2 2.535236e-06
12 165 2 2.538223e-06
1 166 2 1.047208e-06
2 166 2 1.036754e-06
3 166 2 1.019625e-06
4 166 2 1.014841e-06
5 166 2 9.816116e-07
6 166 2 9.078273e-07
7 166 2 8.572637e-07
8 166 2 8.636594e-07
9 166 2 8.959827e-07
10 166 2 9.425081e-07
11 166 2 1.016162e-06
12 166 2 1.067362e-06
1 170 2 4.807265e-08
2 170 2 5.287039e-08
3 170 2 5.194487e-08
4 170 2 4.721511e-08
5 170 2 3.934429e-08
6 170 2 3.308167e-08
7 170 2 3.129009e-08
8 170 2 2.987196e-08
9 170 2 3.037437e-08
10 170 2 3.382165e-08
11 170 2 3.731590e-08
12 170 2 4.297157e-08
1 171 2 1.726606e-07
2 171 2 1.895318e-07
3 171 2 1.918263e-07
4 171 2 1.706647e-07
5 171 2 1.419739e-07
6 171 2 1.216649e-07
7 171 2 1.104586e-07
8 171 2 1.046630e-07
9 171 2 1.061880e-07
10 171 2 1.155029e-07
11 171 2 1.318282e-07
12 171 2 1.557423e-07
1 175 2 4.976242e-09
2 175 2 5.261047e-09
3 175 2 5.276138e-09
4 175 2 4.941731e-09
5 175 2 4.293586e-09
6 175 2 3.912545e-09
7 175 2 3.831364e-09
8 175 2 3.799015e-09
9 175 2 3.533498e-09
10 175 2 3.571867e-09
11 175 2 3.734353e-09
12 175 2 4.356144e-09
1 176 2 5.344971e-06
2 176 2 5.385045e-06
3 176 2 5.271942e-06
4 176 2 4.656270e-06
5 176 2 3.766715e-06
6 176 2 3.413350e-06
7 176 2 3.407125e-06
8 176 2 3.887076e-06
9 176 2 4.233429e-06
10 176 2 4.518099e-06
11 176 2 4.822734e-06
12 176 2 5.122927e-06
1 177 2 1.633038e-05
2 177 2 1.586867e-05
3 177 2 1.498298e-05
4 177 2 1.310162e-05
5 177 2 1.071356e-05
6 177 2 9.148472e-06
7 177 2 9.518845e-06
8 177 2 1.140533e-05
9 177 2 1.433471e-05
10 177 2 1.490755e-05
11 177 2 1.520993e-05
12 177 2 1.524100e-05
1 178 2 5.739844e-06
2 178 2 5.672760e-06
3 178 2 5.437756e-06
4 178 2 4.557713e-06
5 178 2 3.968422e-06
6 178 2 3.354200e-06
7 178 2 3.194663e-06
8 178 2 3.218175e-06
9 178 2 3.670247e-06
10 178 2 3.949082e-06
11 178 2 4.460263e-06
12 178 2 4.951830e-06
1 181 2 7.013110e-08
2 181 2 7.407392e-08
3 181 2 7.509399e-08
4 181 2 7.179991e-08
5 181 2 5.921254e-08
6 181 2 5.120089e-08
7 181 2 4.527213e-08
8 181 2 4.633233e-08
9 181 2 5.019638e-08
10 181 2 5.435331e-08
11 181 2 6.155583e-08
12 181 2 6.553915e-08
1 182 2 8.368421e-06
2 182 2 7.735002e-06
3 182 2 7.293760e-06
4 182 2 6.092750e-06
5 182 2 4.771166e-06
6 182 2 3.568546e-06
7 182 2 3.538206e-06
8 182 2 4.916776e-06
9 182 2 6.822556e-06
10 182 2 8.367621e-06
11 182 2 9.247942e-06
12 182 2 8.876659e-06
1 183 2 1.778969e-06
2 183 2 1.708997e-06
3 183 2 1.631559e-06
4 183 2 1.479378e-06
5 183 2 1.244723e-06
6 183 2 1.010240e-06
7 183 2 9.399225e-07
8 183 2 1.116122e-06
9 183 2 1.297746e-06
10 183 2 1.535232e-06
11 183 2 1.671401e-06
12 183 2 1.719144e-06
1 184 2 5.552438e-07
2 184 2 5.626052e-07
3 184 2 5.448742e-07
4 184 2 4.903516e-07
5 184 2 4.076523e-07
6 184 2 3.294599e-07
7 184 2 2.970900e-07
8 184 2 3.102815e-07
9 184 2 3.286914e-07
10 184 2 3.774606e-07
11 184 2 4.416543e-07
12 184 2 5.033882e-07
1 188 2 9.226037e-08
2 188 2 9.145597e-08
3 188 2 8.477148e-08
4 188 2 6.922169e-08
5 188 2 4.892312e-08
6 188 2 3.721266e-08
7 188 2 3.202119e-08
8 188 2 3.257281e-08
9 188 2 4.411970e-08
10 188 2 5.797950e-08
11 188 2 6.904783e-08
12 188 2 8.612122e-08
1 189 2 8.049286e-08
2 189 2 7.439164e-08
3 189 2 6.747984e-08
4 189 2 4.987763e-08
5 189 2 3.302346e-08
6 189 2 2.335295e-08
7 189 2 2.220366e-08
8 189 2 2.727345e-08
9 189 2 4.387411e-08
10 189 2 6.247031e-08
11 189 2 7.598473e-08
12 189 2 7.940368e-08
1 190 2 3.293275e-07
2 190 2 3.120438e-07
3 190 2 2.708547e-07
4 190 2 1.918407e-07
5 190 2 1.338473e-07
6 190 2 9.709854e-08
7 190 2 9.123498e-08
8 190 2 1.099835e-07
9 190 2 1.544841e-07
10 190 2 2.105992e-07
11 190 2 2.759521e-07
12 190 2 3.096132e-07
1 191 2 2.532171e-07
2 191 2 2.623998e-07
3 191 2 2.550539e-07
4 191 2 2.107031e-07
5 191 2 1.732651e-07
6 191 2 1.423343e-07
7 191 2 1.251358e-07
8 191 2 1.270863e-07
9 191 2 1.386537e-07
10 191 2 1.556245e-07
11 191 2 1.914019e-07
12 191 2 2.251825e-07
1 192 2 3.320809e-07
2 192 2 3.588871e-07
3 192 2 3.496669e-07
4 192 2 3.027592e-07
5 192 2 2.558771e-07
6 192 2 2.178691e-07
7 192 2 1.914636e-07
8 192 2 1.779146e-07
9 192 2 1.831892e-07
10 192 2 2.011627e-07
11 192 2 2.401363e-07
12 192 2 2.883511e-07
1 200 2 2.463518e-05
2 200 2 2.534347e-05
3 200 2 2.072540e-05
4 200 2 1.370097e-05
5 200 2 8.967971e-06
6 200 2 7.303583e-06
7 200 2 6.938782e-06
8 200 2 7.482887e-06
9 200 2 8.288622e-06
10 200 2 1.059741e-05
11 200 2 1.472666e-05
12 200 2 2.029034e-05
1 201 2 1.605514e-05
2 201 2 1.656558e-05
3 201 2 1.516480e-05
4 201 2 1.167278e-05
5 201 2 8.796558e-06
6 201 2 7.277635e-06
7 201 2 6.877772e-06
8 201 2 7.114431e-06
9 201 2 7.041157e-06
10 201 2 8.378064e-06
11 201 2 1.067978e-05
12 201 2 1.330134e-05
1 206 2 5.562261e-06
2 206 2 6.007966e-06
3 206 2 5.435602e-06
4 206 2 4.638447e-06
5 206 2 3.835971e-06
6 206 2 3.344643e-06
7 206 2 2.868684e-06
8 206 2 2.816684e-06
9 206 2 3.049031e-06
10 206 2 3.451331e-06
11 206 2 4.045756e-06
12 206 2 4.766320e-06
1 207 2 2.111513e-07
2 207 2 2.305507e-07
3 207 2 2.186494e-07
4 207 2 1.982605e-07
5 207 2 1.758278e-07
6 207 2 1.508067e-07
7 207 2 1.329226e-07
8 207 2 1.308949e-07
9 207 2 1.320646e-07
10 207 2 1.454644e-07
11 207 2 1.567675e-07
12 207 2 1.793323e-07
1 212 2 1.298640e-07
2 212 2 1.386218e-07
3 212 2 1.230404e-07
4 212 2 1.034389e-07
5 212 2 8.062247e-08
6 212 2 6.506904e-08
7 212 2 5.401098e-08
8 212 2 5.220112e-08
9 212 2 5.928620e-08
10 212 2 6.995494e-08
11 212 2 8.297874e-08
12 212 2 1.097137e-07
1 213 2 2.826025e-08
2 213 2 3.088633e-08
3 213 2 2.617495e-08
4 213 2 2.214961e-08
5 213 2 1.709138e-08
6 213 2 1.317505e-08
7 213 2 1.118176e-08
8 213 2 1.091611e-08
9 213 2 1.314891e-08
10 213 2 1.620452e-08
11 213 2 1.989894e-08
12 213 2 2.435069e-08
1 214 2 1.005447e-06
2 214 2 1.065900e-06
3 214 2 8.563840e-07
4 214 2 6.360663e-07
5 214 2 4.701697e-07
6 214 2 3.464936e-07
7 214 2 3.000687e-07
8 214 2 3.093481e-07
9 214 2 3.904860e-07
10 214 2 5.235083e-07
11 214 2 7.166349e-07
12 214 2 8.691534e-07
1 215 2 3.722791e-07
2 215 2 3.829386e-07
3 215 2 3.570317e-07
4 215 2 2.845391e-07
5 215 2 2.311184e-07
6 215 2 1.856988e-07
7 215 2 1.604695e-07
8 215 2 1.608641e-07
9 215 2 1.809024e-07
10 215 2 2.152158e-07
11 215 2 2.709863e-07
12 215 2 3.273664e-07
1 216 2 5.986063e-07
2 216 2 6.249890e-07
3 216 2 5.860856e-07
4 216 2 4.764536e-07
5 216 2 3.815166e-07
6 216 2 3.282065e-07
7 216 2 2.884080e-07
8 216 2 2.757715e-07
9 216 2 2.861619e-07
10 216 2 3.252498e-07
11 216 2 3.912204e-07
12 216 2 5.027889e-07
1 224 2 7.197811e-07
2 224 2 7.868912e-07
3 224 2 6.866585e-07
4 224 2 5.913160e-07
5 224 2 4.774987e-07
6 224 2 4.057814e-07
7 224 2 3.686484e-07
8 224 2 3.850491e-07
9 224 2 3.959790e-07
10 224 2 4.670383e-07
11 224 2 5.577359e-07
12 224 2 6.654229e-07
1 240 2 3.701880e-08
2 240 2 3.775894e-08
3 240 2 3.452963e-08
4 240 2 3.049508e-08
5 240 2 2.650415e-08
6 240 2 2.286075e-08
7 240 2 2.239701e-08
8 240 2 2.309001e-08
9 240 2 2.247674e-08
10 240 2 2.420510e-08
11 240 2 2.659546e-08
12 240 2 3.296045e-08
