1 7 2 3.316926e-11
2 7 2 2.833613e-11
3 7 2 3.098967e-11
4 7 2 8.009558e-11
5 7 2 2.755862e-10
6 7 2 7.422571e-10
7 7 2 1.004296e-09
8 7 2 6.847383e-10
9 7 2 2.961263e-10
10 7 2 1.298209e-10
11 7 2 6.878091e-11
12 7 2 4.057626e-11
1 25 2 1.928118e-08
2 25 2 1.830740e-08
3 25 2 2.579211e-08
4 25 2 4.706487e-08
5 25 2 1.316648e-07
6 25 2 2.387574e-07
7 25 2 2.894439e-07
8 25 2 2.219523e-07
9 25 2 1.254148e-07
10 25 2 5.868958e-08
11 25 2 2.798388e-08
12 25 2 1.620537e-08
1 26 2 4.418361e-09
2 26 2 3.636353e-09
3 26 2 6.013007e-09
4 26 2 1.342152e-08
5 26 2 3.780637e-08
6 26 2 7.220910e-08
7 26 2 7.834666e-08
8 26 2 5.861922e-08
9 26 2 3.206163e-08
10 26 2 1.290606e-08
11 26 2 6.742888e-09
12 26 2 4.168786e-09
1 27 2 2.387820e-08
2 27 2 2.108231e-08
3 27 2 3.695718e-08
4 27 2 9.412540e-08
5 27 2 2.650641e-07
6 27 2 5.479198e-07
7 27 2 6.179608e-07
8 27 2 4.651228e-07
9 27 2 2.403590e-07
10 27 2 9.026062e-08
11 27 2 4.783490e-08
12 27 2 2.958918e-08
1 28 2 3.442491e-09
2 28 2 3.132759e-09
3 28 2 5.268757e-09
4 28 2 1.432174e-08
5 28 2 4.089732e-08
6 28 2 8.756051e-08
7 28 2 1.043925e-07
8 28 2 7.866090e-08
9 28 2 4.046484e-08
10 28 2 1.575909e-08
11 28 2 7.867166e-09
12 28 2 4.904741e-09
1 29 2 4.615891e-09
2 29 2 4.366647e-09
3 29 2 6.956285e-09
4 29 2 2.091639e-08
5 29 2 6.254921e-08
6 29 2 1.539393e-07
7 29 2 2.097007e-07
8 29 2 1.560188e-07
9 29 2 7.165162e-08
10 29 2 2.655676e-08
11 29 2 1.255348e-08
12 29 2 7.836435e-09
1 30 2 1.046960e-09
2 30 2 9.156320e-10
3 30 2 1.455260e-09
4 30 2 4.454139e-09
5 30 2 1.233866e-08
6 30 2 3.355634e-08
7 30 2 4.863832e-08
8 30 2 3.724755e-08
9 30 2 1.685323e-08
10 30 2 6.596660e-09
11 30 2 3.042857e-09
12 30 2 1.822362e-09
1 31 2 1.869000e-09
2 31 2 1.440222e-09
3 31 2 2.187872e-09
4 31 2 6.089574e-09
5 31 2 1.572623e-08
6 31 2 4.140638e-08
7 31 2 5.839219e-08
8 31 2 4.713273e-08
9 31 2 2.357892e-08
10 31 2 1.079799e-08
11 31 2 5.184352e-09
12 31 2 2.888961e-09
1 32 2 2.209209e-09
2 32 2 1.828800e-09
3 32 2 2.556347e-09
4 32 2 5.680304e-09
5 32 2 1.517133e-08
6 32 2 3.593789e-08
7 32 2 4.636415e-08
8 32 2 3.829887e-08
9 32 2 2.138653e-08
10 32 2 1.102497e-08
11 32 2 5.697253e-09
12 32 2 2.954654e-09
1 35 2 1.556502e-07
2 35 2 1.483113e-07
3 35 2 1.611099e-07
4 35 2 2.146935e-07
5 35 2 3.365607e-07
6 35 2 5.140016e-07
7 35 2 6.185018e-07
8 35 2 5.679485e-07
9 35 2 3.859997e-07
10 35 2 2.790773e-07
11 35 2 2.113861e-07
12 35 2 1.717321e-07
1 36 2 1.866212e-08
2 36 2 1.752010e-08
3 36 2 1.941745e-08
4 36 2 2.332206e-08
5 36 2 3.189679e-08
6 36 2 4.601375e-08
7 36 2 5.419120e-08
8 36 2 5.520605e-08
9 36 2 4.214042e-08
10 36 2 3.301532e-08
11 36 2 2.526946e-08
12 36 2 2.093789e-08
1 37 2 4.315867e-07
2 37 2 4.177159e-07
3 37 2 5.263415e-07
4 37 2 6.768045e-07
5 37 2 1.023199e-06
6 37 2 1.551903e-06
7 37 2 1.804943e-06
8 37 2 1.774302e-06
9 37 2 1.305721e-06
10 37 2 9.790626e-07
11 37 2 6.900543e-07
12 37 2 5.286404e-07
1 38 2 2.225852e-06
2 38 2 2.223857e-06
3 38 2 3.387752e-06
4 38 2 5.022900e-06
5 38 2 9.170514e-06
6 38 2 1.627238e-05
7 38 2 1.929027e-05
8 38 2 1.673027e-05
9 38 2 1.080648e-05
10 38 2 7.386217e-06
11 38 2 4.220630e-06
12 38 2 3.045769e-06
1 39 2 2.391560e-06
2 39 2 2.491524e-06
3 39 2 4.035755e-06
4 39 2 6.231541e-06
5 39 2 1.209125e-05
6 39 2 2.337544e-05
7 39 2 2.902576e-05
8 39 2 2.349977e-05
9 39 2 1.481219e-05
10 39 2 9.353722e-06
11 39 2 4.734652e-06
12 39 2 3.455953e-06
1 40 2 5.927711e-07
2 40 2 6.503727e-07
3 40 2 1.159930e-06
4 40 2 1.950515e-06
5 40 2 4.263923e-06
6 40 2 9.680984e-06
7 40 2 1.211241e-05
8 40 2 8.885357e-06
9 40 2 5.473289e-06
10 40 2 2.949060e-06
11 40 2 1.263292e-06
12 40 2 9.411130e-07
1 41 2 3.155273e-07
2 41 2 3.373144e-07
3 41 2 6.759669e-07
4 41 2 1.203945e-06
5 41 2 3.019670e-06
6 41 2 7.662724e-06
7 41 2 9.907445e-06
8 41 2 6.949037e-06
9 41 2 3.883444e-06
10 41 2 1.683121e-06
11 41 2 6.466098e-07
12 41 2 5.389409e-07
1 42 2 1.708610e-07
2 42 2 1.787240e-07
3 42 2 3.854159e-07
4 42 2 7.603069e-07
5 42 2 2.161425e-06
6 42 2 5.995145e-06
7 42 2 8.392499e-06
8 42 2 5.604644e-06
9 42 2 2.654092e-06
10 42 2 9.498712e-07
11 42 2 3.541301e-07
12 42 2 2.905122e-07
1 43 2 4.793650e-09
2 43 2 4.970396e-09
3 43 2 1.172756e-08
4 43 2 2.861559e-08
5 43 2 9.578162e-08
6 43 2 2.824749e-07
7 43 2 4.129392e-07
8 43 2 2.592146e-07
9 43 2 1.059977e-07
10 43 2 3.254398e-08
11 43 2 1.109820e-08
12 43 2 7.776591e-09
1 44 2 1.975857e-08
2 44 2 1.985292e-08
3 44 2 4.318315e-08
4 44 2 1.167446e-07
5 44 2 4.361541e-07
6 44 2 1.374466e-06
7 44 2 2.008858e-06
8 44 2 1.211329e-06
9 44 2 4.366658e-07
10 44 2 1.293752e-07
11 44 2 4.246132e-08
12 44 2 2.870862e-08
1 45 2 4.547838e-08
2 45 2 5.096797e-08
3 45 2 9.287247e-08
4 45 2 2.738883e-07
5 45 2 1.146991e-06
6 45 2 3.805835e-06
7 45 2 5.324314e-06
8 45 2 3.241969e-06
9 45 2 1.114840e-06
10 45 2 2.846419e-07
11 45 2 8.250545e-08
12 45 2 5.392148e-08
1 46 2 2.061866e-08
2 46 2 2.593878e-08
3 46 2 4.077379e-08
4 46 2 1.132247e-07
5 46 2 4.446287e-07
6 46 2 1.379189e-06
7 46 2 1.929387e-06
8 46 2 1.208976e-06
9 46 2 4.541260e-07
10 46 2 1.100748e-07
11 46 2 3.026389e-08
12 46 2 2.158239e-08
1 47 2 2.709130e-08
2 47 2 3.447741e-08
3 47 2 4.858406e-08
4 47 2 1.088539e-07
5 47 2 3.710285e-07
6 47 2 1.022183e-06
7 47 2 1.386298e-06
8 47 2 9.400097e-07
9 47 2 3.982168e-07
10 47 2 1.228253e-07
11 47 2 3.623668e-08
12 47 2 2.754469e-08
1 48 2 3.668288e-08
2 48 2 4.213902e-08
3 48 2 5.795986e-08
4 48 2 1.131834e-07
5 48 2 3.512297e-07
6 48 2 8.078886e-07
7 48 2 1.073609e-06
8 48 2 7.553454e-07
9 48 2 3.595749e-07
10 48 2 1.340622e-07
11 48 2 4.826072e-08
12 48 2 3.200357e-08
1 49 2 2.296967e-09
2 49 2 2.090037e-09
3 49 2 2.370715e-09
4 49 2 2.774712e-09
5 49 2 3.968430e-09
6 49 2 6.037736e-09
7 49 2 9.004289e-09
8 49 2 8.467269e-09
9 49 2 5.905823e-09
10 49 2 4.226184e-09
11 49 2 3.085457e-09
12 49 2 2.250835e-09
1 50 2 9.347253e-09
2 50 2 8.068542e-09
3 50 2 9.457578e-09
4 50 2 1.078066e-08
5 50 2 1.517303e-08
6 50 2 2.226620e-08
7 50 2 3.073064e-08
8 50 2 2.955252e-08
9 50 2 2.139871e-08
10 50 2 1.525390e-08
11 50 2 1.142030e-08
12 50 2 8.992241e-09
1 51 2 3.639120e-09
2 51 2 3.321267e-09
3 51 2 3.608924e-09
4 51 2 4.165891e-09
5 51 2 5.678215e-09
6 51 2 7.963246e-09
7 51 2 1.037727e-08
8 51 2 1.029110e-08
9 51 2 8.550398e-09
10 51 2 6.014131e-09
11 51 2 4.507371e-09
12 51 2 3.777314e-09
1 52 2 3.087577e-06
2 52 2 3.245308e-06
3 52 2 4.076844e-06
4 52 2 5.943484e-06
5 52 2 1.005121e-05
6 52 2 1.383272e-05
7 52 2 1.774303e-05
8 52 2 1.659581e-05
9 52 2 1.339675e-05
10 52 2 7.653098e-06
11 52 2 4.606416e-06
12 52 2 3.552249e-06
1 53 2 1.224172e-06
2 53 2 1.535889e-06
3 53 2 2.602120e-06
4 53 2 5.679649e-06
5 53 2 1.081579e-05
6 53 2 1.615073e-05
7 53 2 2.241912e-05
8 53 2 1.910370e-05
9 53 2 1.292953e-05
10 53 2 5.702469e-06
11 53 2 2.543455e-06
12 53 2 1.611382e-06
1 54 2 4.328424e-07
2 54 2 5.615074e-07
3 54 2 1.050042e-06
4 54 2 2.609250e-06
5 54 2 5.139409e-06
6 54 2 9.926994e-06
7 54 2 1.410177e-05
8 54 2 1.182469e-05
9 54 2 7.171490e-06
10 54 2 3.050016e-06
11 54 2 1.307376e-06
12 54 2 7.211742e-07
1 55 2 4.857334e-07
2 55 2 5.417223e-07
3 55 2 1.010568e-06
4 55 2 2.366296e-06
5 55 2 4.695691e-06
6 55 2 1.002811e-05
7 55 2 1.393983e-05
8 55 2 1.202189e-05
9 55 2 7.623507e-06
10 55 2 3.655350e-06
11 55 2 1.710198e-06
12 55 2 9.792644e-07
1 56 2 2.004277e-06
2 56 2 2.080002e-06
3 56 2 3.602619e-06
4 56 2 8.033327e-06
5 56 2 1.755978e-05
6 56 2 3.461418e-05
7 56 2 4.785714e-05
8 56 2 3.971901e-05
9 56 2 2.596128e-05
10 56 2 1.337619e-05
11 56 2 6.030485e-06
12 56 2 3.458541e-06
1 57 2 4.116989e-07
2 57 2 3.928016e-07
3 57 2 4.831235e-07
4 57 2 7.333060e-07
5 57 2 1.226936e-06
6 57 2 1.996378e-06
7 57 2 2.842865e-06
8 57 2 2.562115e-06
9 57 2 1.906216e-06
10 57 2 1.224454e-06
11 57 2 7.487598e-07
12 57 2 5.380998e-07
1 60 2 3.213297e-05
2 60 2 3.111787e-05
3 60 2 3.568602e-05
4 60 2 4.232310e-05
5 60 2 5.218102e-05
6 60 2 6.866987e-05
7 60 2 7.994545e-05
8 60 2 7.997908e-05
9 60 2 6.787375e-05
10 60 2 5.540753e-05
11 60 2 4.431306e-05
12 60 2 3.673099e-05
1 61 2 1.041800e-04
2 61 2 1.048066e-04
3 61 2 1.474087e-04
4 61 2 2.220287e-04
5 61 2 3.238721e-04
6 61 2 4.562834e-04
7 61 2 5.399672e-04
8 61 2 5.194931e-04
9 61 2 4.036598e-04
10 61 2 2.745718e-04
11 61 2 1.791199e-04
12 61 2 1.256332e-04
1 62 2 3.123053e-05
2 62 2 3.420479e-05
3 62 2 5.384458e-05
4 62 2 9.747512e-05
5 62 2 1.671908e-04
6 62 2 2.371736e-04
7 62 2 2.900153e-04
8 62 2 2.707188e-04
9 62 2 1.886429e-04
10 62 2 1.124951e-04
11 62 2 6.108981e-05
12 62 2 3.975550e-05
1 63 2 3.547089e-05
2 63 2 4.306015e-05
3 63 2 7.205094e-05
4 63 2 1.515414e-04
5 63 2 2.908328e-04
6 63 2 4.323693e-04
7 63 2 5.528958e-04
8 63 2 4.811277e-04
9 63 2 2.938577e-04
10 63 2 1.604789e-04
11 63 2 7.412638e-05
12 63 2 4.852626e-05
1 64 2 8.748755e-06
2 64 2 1.120807e-05
3 64 2 2.134286e-05
4 64 2 5.055412e-05
5 64 2 1.082710e-04
6 64 2 1.734253e-04
7 64 2 2.198204e-04
8 64 2 1.718504e-04
9 64 2 9.839901e-05
10 64 2 4.350003e-05
11 64 2 1.987738e-05
12 64 2 1.360324e-05
1 65 2 2.959020e-06
2 65 2 3.669204e-06
3 65 2 8.038536e-06
4 65 2 2.266895e-05
5 65 2 4.752957e-05
6 65 2 8.077829e-05
7 65 2 1.047001e-04
8 65 2 7.814250e-05
9 65 2 4.431996e-05
10 65 2 1.572722e-05
11 65 2 6.923429e-06
12 65 2 5.017399e-06
1 66 2 1.959895e-06
2 66 2 2.423042e-06
3 66 2 5.760265e-06
4 66 2 1.889752e-05
5 66 2 3.929334e-05
6 66 2 6.756666e-05
7 66 2 9.318570e-05
8 66 2 7.044848e-05
9 66 2 3.985156e-05
10 66 2 1.320328e-05
11 66 2 5.059694e-06
12 66 2 3.138430e-06
1 67 2 6.666507e-07
2 67 2 8.889478e-07
3 67 2 2.260600e-06
4 67 2 8.350853e-06
5 67 2 1.894760e-05
6 67 2 3.231527e-05
7 67 2 4.518032e-05
8 67 2 3.476995e-05
9 67 2 1.901675e-05
10 67 2 6.993344e-06
11 67 2 2.211348e-06
12 67 2 9.953162e-07
1 68 2 1.636480e-07
2 68 2 2.197352e-07
3 68 2 6.526012e-07
4 68 2 2.999699e-06
5 68 2 8.174564e-06
6 68 2 1.566500e-05
7 68 2 2.246064e-05
8 68 2 1.670474e-05
9 68 2 8.016769e-06
10 68 2 2.945265e-06
11 68 2 6.716247e-07
12 68 2 2.337021e-07
1 69 2 9.799266e-08
2 69 2 1.389354e-07
3 69 2 3.322545e-07
4 69 2 1.456956e-06
5 69 2 4.671798e-06
6 69 2 1.105633e-05
7 69 2 1.619744e-05
8 69 2 1.246875e-05
9 69 2 5.356494e-06
10 69 2 1.741725e-06
11 69 2 3.374835e-07
12 69 2 1.269157e-07
1 70 2 4.097970e-07
2 70 2 4.789743e-07
3 70 2 6.863563e-07
4 70 2 1.790668e-06
5 70 2 4.490427e-06
6 70 2 1.090403e-05
7 70 2 1.765017e-05
8 70 2 1.608644e-05
9 70 2 8.305959e-06
10 70 2 2.960651e-06
11 70 2 9.004535e-07
12 70 2 5.068901e-07
1 71 2 3.439510e-07
2 71 2 3.490298e-07
3 71 2 3.949537e-07
4 71 2 6.337813e-07
5 71 2 1.227399e-06
6 71 2 2.560470e-06
7 71 2 3.929517e-06
8 71 2 3.906925e-06
9 71 2 2.506646e-06
10 71 2 1.193882e-06
11 71 2 5.703479e-07
12 71 2 3.961260e-07
1 72 2 1.445122e-09
2 72 2 1.380218e-09
3 72 2 1.495323e-09
4 72 2 1.906551e-09
5 72 2 2.966452e-09
6 72 2 5.161726e-09
7 72 2 7.994922e-09
8 72 2 7.689240e-09
9 72 2 5.379650e-09
10 72 2 3.261915e-09
11 72 2 2.009789e-09
12 72 2 1.435254e-09
1 76 2 3.274974e-06
2 76 2 2.996265e-06
3 76 2 3.026421e-06
4 76 2 3.292025e-06
5 76 2 4.475563e-06
6 76 2 6.381868e-06
7 76 2 8.557731e-06
8 76 2 9.132668e-06
9 76 2 8.701656e-06
10 76 2 5.810968e-06
11 76 2 3.751224e-06
12 76 2 3.280771e-06
1 77 2 3.338603e-06
2 77 2 4.335149e-06
3 77 2 5.678785e-06
4 77 2 9.178165e-06
5 77 2 1.541051e-05
6 77 2 2.379222e-05
7 77 2 3.232721e-05
8 77 2 3.068376e-05
9 77 2 2.272923e-05
10 77 2 1.148308e-05
11 77 2 5.038808e-06
12 77 2 3.175935e-06
1 78 2 3.649192e-06
2 78 2 4.986106e-06
3 78 2 6.943451e-06
4 78 2 1.245381e-05
5 78 2 1.947416e-05
6 78 2 3.091822e-05
7 78 2 3.816511e-05
8 78 2 3.573700e-05
9 78 2 2.317148e-05
10 78 2 1.228829e-05
11 78 2 6.635941e-06
12 78 2 3.831153e-06
1 79 2 1.518166e-05
2 79 2 1.862815e-05
3 79 2 2.735150e-05
4 79 2 4.536699e-05
5 79 2 6.892505e-05
6 79 2 1.126008e-04
7 79 2 1.379782e-04
8 79 2 1.307099e-04
9 79 2 9.025597e-05
10 79 2 5.448260e-05
11 79 2 3.104138e-05
12 79 2 1.901538e-05
1 80 2 6.110985e-06
2 80 2 6.122917e-06
3 80 2 7.693828e-06
4 80 2 1.040294e-05
5 80 2 1.551506e-05
6 80 2 2.360560e-05
7 80 2 3.039580e-05
8 80 2 3.009133e-05
9 80 2 2.497526e-05
10 80 2 1.751026e-05
11 80 2 1.021479e-05
12 80 2 7.550431e-06
1 81 2 6.234901e-12
2 81 2 5.650323e-12
3 81 2 5.951325e-12
4 81 2 7.056812e-12
5 81 2 1.016175e-11
6 81 2 1.369266e-11
7 81 2 1.827050e-11
8 81 2 1.960384e-11
9 81 2 1.782601e-11
10 81 2 1.367777e-11
11 81 2 9.041531e-12
12 81 2 7.402267e-12
1 84 2 2.064886e-05
2 84 2 2.183104e-05
3 84 2 2.700063e-05
4 84 2 3.412036e-05
5 84 2 4.574510e-05
6 84 2 7.495667e-05
7 84 2 1.003912e-04
8 84 2 9.619972e-05
9 84 2 7.218315e-05
10 84 2 4.555481e-05
11 84 2 3.060267e-05
12 84 2 2.337713e-05
1 85 2 2.699858e-05
2 85 2 3.040253e-05
3 85 2 3.952819e-05
4 85 2 5.743078e-05
5 85 2 9.193416e-05
6 85 2 1.404438e-04
7 85 2 1.943171e-04
8 85 2 1.848555e-04
9 85 2 1.331085e-04
10 85 2 7.342345e-05
11 85 2 4.140773e-05
12 85 2 3.004549e-05
1 86 2 8.315334e-06
2 86 2 9.414698e-06
3 86 2 1.203129e-05
4 86 2 1.747575e-05
5 86 2 2.808698e-05
6 86 2 4.075360e-05
7 86 2 5.598462e-05
8 86 2 5.616775e-05
9 86 2 4.157483e-05
10 86 2 2.410879e-05
11 86 2 1.328031e-05
12 86 2 9.491345e-06
1 87 2 9.306051e-06
2 87 2 1.259002e-05
3 87 2 1.797624e-05
4 87 2 2.841633e-05
5 87 2 4.985267e-05
6 87 2 7.493489e-05
7 87 2 1.015885e-04
8 87 2 1.035153e-04
9 87 2 7.504908e-05
10 87 2 4.225462e-05
11 87 2 1.856557e-05
12 87 2 1.128504e-05
1 88 2 4.158625e-06
2 88 2 5.905583e-06
3 88 2 9.260826e-06
4 88 2 1.757143e-05
5 88 2 3.606174e-05
6 88 2 5.667916e-05
7 88 2 7.258554e-05
8 88 2 6.366320e-05
9 88 2 4.113917e-05
10 88 2 1.944161e-05
11 88 2 9.967108e-06
12 88 2 5.536364e-06
1 89 2 4.715726e-06
2 89 2 6.561321e-06
3 89 2 1.245318e-05
4 89 2 2.342231e-05
5 89 2 4.674192e-05
6 89 2 6.982699e-05
7 89 2 8.145769e-05
8 89 2 7.133751e-05
9 89 2 4.655525e-05
10 89 2 2.215427e-05
11 89 2 1.219039e-05
12 89 2 6.747429e-06
1 90 2 1.072635e-06
2 90 2 1.413698e-06
3 90 2 2.805331e-06
4 90 2 5.034973e-06
5 90 2 7.730907e-06
6 90 2 1.023315e-05
7 90 2 1.149246e-05
8 90 2 1.063371e-05
9 90 2 7.749392e-06
10 90 2 4.622183e-06
11 90 2 2.548456e-06
12 90 2 1.450780e-06
1 91 2 1.667354e-08
2 91 2 2.359232e-08
3 91 2 4.928957e-08
4 91 2 9.314181e-08
5 91 2 1.374628e-07
6 91 2 1.747280e-07
7 91 2 1.961941e-07
8 91 2 1.799288e-07
9 91 2 1.293725e-07
10 91 2 8.008191e-08
11 91 2 4.150480e-08
12 91 2 2.130676e-08
1 92 2 8.947966e-08
2 92 2 1.278162e-07
3 92 2 3.204031e-07
4 92 2 7.644075e-07
5 92 2 1.441562e-06
6 92 2 2.208980e-06
7 92 2 2.651583e-06
8 92 2 2.413365e-06
9 92 2 1.509825e-06
10 92 2 8.024233e-07
11 92 2 3.147110e-07
12 92 2 1.350977e-07
1 93 2 5.254956e-06
2 93 2 6.340574e-06
3 93 2 1.303656e-05
4 93 2 3.038315e-05
5 93 2 5.420183e-05
6 93 2 8.601449e-05
7 93 2 1.153839e-04
8 93 2 1.134322e-04
9 93 2 7.629509e-05
10 93 2 4.393670e-05
11 93 2 1.881609e-05
12 93 2 7.837278e-06
1 94 2 6.747431e-06
2 94 2 6.713415e-06
3 94 2 8.964032e-06
4 94 2 1.588592e-05
5 94 2 2.711629e-05
6 94 2 4.269793e-05
7 94 2 5.898701e-05
8 94 2 6.428278e-05
9 94 2 5.295070e-05
10 94 2 3.196095e-05
11 94 2 1.715423e-05
12 94 2 9.372661e-06
1 98 2 4.145334e-07
2 98 2 3.858756e-07
3 98 2 3.633617e-07
4 98 2 3.868755e-07
5 98 2 4.390771e-07
6 98 2 5.024341e-07
7 98 2 5.651351e-07
8 98 2 5.956249e-07
9 98 2 5.877484e-07
10 98 2 5.555793e-07
11 98 2 4.997396e-07
12 98 2 4.547684e-07
1 101 2 1.628714e-06
2 101 2 1.673560e-06
3 101 2 1.714965e-06
4 101 2 2.114812e-06
5 101 2 2.719690e-06
6 101 2 3.175522e-06
7 101 2 3.389688e-06
8 101 2 3.396586e-06
9 101 2 3.265364e-06
10 101 2 2.799715e-06
11 101 2 2.152904e-06
12 101 2 1.726783e-06
1 102 2 1.044567e-05
2 102 2 1.180739e-05
3 102 2 1.451150e-05
4 102 2 1.815097e-05
5 102 2 2.100497e-05
6 102 2 2.293069e-05
7 102 2 2.357640e-05
8 102 2 2.387431e-05
9 102 2 2.151742e-05
10 102 2 1.657704e-05
11 102 2 1.330515e-05
12 102 2 1.090523e-05
1 103 2 5.839628e-06
2 103 2 5.959389e-06
3 103 2 6.494987e-06
4 103 2 7.339089e-06
5 103 2 8.546954e-06
6 103 2 9.780894e-06
7 103 2 1.058168e-05
8 103 2 1.110524e-05
9 103 2 1.089195e-05
10 103 2 9.518616e-06
11 103 2 7.830556e-06
12 103 2 6.510848e-06
1 104 2 2.735978e-06
2 104 2 2.625375e-06
3 104 2 2.653901e-06
4 104 2 2.909620e-06
5 104 2 3.402252e-06
6 104 2 3.904248e-06
7 104 2 4.381838e-06
8 104 2 4.733453e-06
9 104 2 4.771554e-06
10 104 2 4.457575e-06
11 104 2 3.666757e-06
12 104 2 3.036071e-06
1 107 2 1.001725e-06
2 107 2 1.056801e-06
3 107 2 1.233853e-06
4 107 2 1.413860e-06
5 107 2 1.585555e-06
6 107 2 2.029891e-06
7 107 2 2.218757e-06
8 107 2 2.209780e-06
9 107 2 2.068685e-06
10 107 2 1.769454e-06
11 107 2 1.406651e-06
12 107 2 1.100054e-06
1 108 2 1.326032e-07
2 108 2 1.694670e-07
3 108 2 2.461690e-07
4 108 2 3.812620e-07
5 108 2 5.918204e-07
6 108 2 8.122921e-07
7 108 2 8.695342e-07
8 108 2 7.684851e-07
9 108 2 6.218257e-07
10 108 2 4.290167e-07
11 108 2 2.234741e-07
12 108 2 1.422631e-07
1 109 2 2.514895e-07
2 109 2 3.321810e-07
3 109 2 5.195525e-07
4 109 2 9.016391e-07
5 109 2 1.536198e-06
6 109 2 1.936455e-06
7 109 2 1.967613e-06
8 109 2 1.808789e-06
9 109 2 1.452510e-06
10 109 2 1.019174e-06
11 109 2 4.533032e-07
12 109 2 2.648029e-07
1 110 2 1.108450e-07
2 110 2 1.411953e-07
3 110 2 2.267669e-07
4 110 2 3.510263e-07
5 110 2 5.444277e-07
6 110 2 6.304734e-07
7 110 2 6.778198e-07
8 110 2 6.703585e-07
9 110 2 5.644262e-07
10 110 2 4.115024e-07
11 110 2 1.990457e-07
12 110 2 1.171604e-07
1 111 2 3.804108e-06
2 111 2 4.757830e-06
3 111 2 7.702823e-06
4 111 2 1.167427e-05
5 111 2 1.764396e-05
6 111 2 2.262800e-05
7 111 2 2.391949e-05
8 111 2 2.369133e-05
9 111 2 2.017524e-05
10 111 2 1.313310e-05
11 111 2 7.074708e-06
12 111 2 4.321361e-06
1 112 2 4.378909e-06
2 112 2 5.646068e-06
3 112 2 9.904811e-06
4 112 2 1.647112e-05
5 112 2 2.504712e-05
6 112 2 3.052287e-05
7 112 2 3.108672e-05
8 112 2 2.897604e-05
9 112 2 2.212002e-05
10 112 2 1.468489e-05
11 112 2 8.427595e-06
12 112 2 5.180357e-06
1 113 2 2.513201e-06
2 113 2 3.183992e-06
3 113 2 5.349126e-06
4 113 2 7.999130e-06
5 113 2 9.843695e-06
6 113 2 8.595002e-06
7 113 2 7.375020e-06
8 113 2 7.043745e-06
9 113 2 6.966595e-06
10 113 2 6.361166e-06
11 113 2 4.449238e-06
12 113 2 3.005059e-06
1 114 2 6.849332e-06
2 114 2 9.288041e-06
3 114 2 1.654823e-05
4 114 2 2.412210e-05
5 114 2 2.782981e-05
6 114 2 2.037299e-05
7 114 2 1.682671e-05
8 114 2 1.542372e-05
9 114 2 1.488444e-05
10 114 2 1.332184e-05
11 114 2 1.015553e-05
12 114 2 7.522575e-06
1 115 2 2.342920e-06
2 115 2 3.408739e-06
3 115 2 5.403406e-06
4 115 2 6.697994e-06
5 115 2 5.981626e-06
6 115 2 5.553743e-06
7 115 2 5.356482e-06
8 115 2 5.139166e-06
9 115 2 4.726499e-06
10 115 2 4.223851e-06
11 115 2 3.208617e-06
12 115 2 2.301942e-06
1 116 2 1.698581e-06
2 116 2 2.174390e-06
3 116 2 3.325162e-06
4 116 2 4.706645e-06
5 116 2 5.474125e-06
6 116 2 6.233639e-06
7 116 2 6.535242e-06
8 116 2 6.255677e-06
9 116 2 5.067795e-06
10 116 2 4.051589e-06
11 116 2 2.943400e-06
12 116 2 1.938986e-06
1 117 2 4.429490e-07
2 117 2 4.625495e-07
3 117 2 5.841576e-07
4 117 2 7.996365e-07
5 117 2 1.018272e-06
6 117 2 1.206427e-06
7 117 2 1.284368e-06
8 117 2 1.282683e-06
9 117 2 1.170371e-06
10 117 2 1.001908e-06
11 117 2 8.088025e-07
12 117 2 5.842685e-07
1 126 2 3.000544e-08
2 126 2 3.118759e-08
3 126 2 3.380308e-08
4 126 2 3.569399e-08
5 126 2 3.526600e-08
6 126 2 3.277579e-08
7 126 2 3.159396e-08
8 126 2 3.190263e-08
9 126 2 3.173374e-08
10 126 2 3.118347e-08
11 126 2 3.047012e-08
12 126 2 3.000878e-08
1 127 2 3.026590e-06
2 127 2 3.078104e-06
3 127 2 3.248873e-06
4 127 2 3.373020e-06
5 127 2 3.418973e-06
6 127 2 3.311709e-06
7 127 2 3.312623e-06
8 127 2 3.388642e-06
9 127 2 3.352519e-06
10 127 2 3.218157e-06
11 127 2 3.118793e-06
12 127 2 3.080188e-06
1 128 2 1.371857e-05
2 128 2 1.408885e-05
3 128 2 1.446310e-05
4 128 2 1.411844e-05
5 128 2 1.373376e-05
6 128 2 1.332122e-05
7 128 2 1.419796e-05
8 128 2 1.614314e-05
9 128 2 1.697436e-05
10 128 2 1.603308e-05
11 128 2 1.457975e-05
12 128 2 1.373702e-05
1 129 2 3.909413e-07
2 129 2 3.855736e-07
3 129 2 3.952982e-07
4 129 2 4.067619e-07
5 129 2 4.130381e-07
6 129 2 4.242118e-07
7 129 2 4.432595e-07
8 129 2 4.831521e-07
9 129 2 5.047921e-07
10 129 2 5.070160e-07
11 129 2 4.629230e-07
12 129 2 4.112507e-07
1 133 2 8.398057e-06
2 133 2 9.763984e-06
3 133 2 1.172114e-05
4 133 2 1.203451e-05
5 133 2 1.147969e-05
6 133 2 1.055138e-05
7 133 2 9.417209e-06
8 133 2 8.818146e-06
9 133 2 9.195362e-06
10 133 2 9.793414e-06
11 133 2 9.343075e-06
12 133 2 8.175195e-06
1 135 2 3.631982e-07
2 135 2 4.091972e-07
3 135 2 4.866291e-07
4 135 2 5.240768e-07
5 135 2 5.035876e-07
6 135 2 4.492517e-07
7 135 2 3.881089e-07
8 135 2 3.919930e-07
9 135 2 4.165374e-07
10 135 2 3.917292e-07
11 135 2 3.754690e-07
12 135 2 3.527018e-07
1 136 2 4.064842e-07
2 136 2 4.183545e-07
3 136 2 5.173734e-07
4 136 2 6.289686e-07
5 136 2 6.887489e-07
6 136 2 6.284017e-07
7 136 2 5.560621e-07
8 136 2 5.547867e-07
9 136 2 5.576542e-07
10 136 2 5.245842e-07
11 136 2 4.959916e-07
12 136 2 4.404467e-07
1 137 2 9.886473e-08
2 137 2 1.037193e-07
3 137 2 1.189163e-07
4 137 2 1.306716e-07
5 137 2 1.289808e-07
6 137 2 1.186752e-07
7 137 2 1.097872e-07
8 137 2 1.059337e-07
9 137 2 1.060002e-07
10 137 2 1.104278e-07
11 137 2 1.091786e-07
12 137 2 1.029457e-07
1 138 2 3.950421e-06
2 138 2 4.344118e-06
3 138 2 5.039819e-06
4 138 2 5.609005e-06
5 138 2 5.659142e-06
6 138 2 4.973817e-06
7 138 2 4.607765e-06
8 138 2 4.443618e-06
9 138 2 4.455742e-06
10 138 2 4.481706e-06
11 138 2 4.347340e-06
12 138 2 4.031794e-06
1 139 2 6.666704e-06
2 139 2 7.592144e-06
3 139 2 8.483474e-06
4 139 2 8.904010e-06
5 139 2 8.778531e-06
6 139 2 8.175196e-06
7 139 2 7.734972e-06
8 139 2 7.446187e-06
9 139 2 7.349673e-06
10 139 2 7.406731e-06
11 139 2 7.048071e-06
12 139 2 6.451568e-06
1 140 2 2.208858e-06
2 140 2 2.284041e-06
3 140 2 2.480646e-06
4 140 2 2.810531e-06
5 140 2 2.984382e-06
6 140 2 2.866504e-06
7 140 2 2.714114e-06
8 140 2 2.617740e-06
9 140 2 2.579577e-06
10 140 2 2.593834e-06
11 140 2 2.539051e-06
12 140 2 2.367171e-06
1 141 2 3.464678e-06
2 141 2 3.428829e-06
3 141 2 3.527040e-06
4 141 2 3.870897e-06
5 141 2 4.177211e-06
6 141 2 4.130579e-06
7 141 2 4.018883e-06
8 141 2 3.897095e-06
9 141 2 3.864067e-06
10 141 2 3.873151e-06
11 141 2 3.911810e-06
12 141 2 3.798062e-06
1 150 2 4.009825e-09
2 150 2 4.389384e-09
3 150 2 4.698336e-09
4 150 2 4.804433e-09
5 150 2 4.495484e-09
6 150 2 3.964815e-09
7 150 2 3.617017e-09
8 150 2 3.529674e-09
9 150 2 3.415561e-09
10 150 2 3.337851e-09
11 150 2 3.402747e-09
12 150 2 3.620425e-09
1 151 2 2.601405e-06
2 151 2 2.766898e-06
3 151 2 2.933732e-06
4 151 2 3.002908e-06
5 151 2 2.905522e-06
6 151 2 2.734996e-06
7 151 2 2.674565e-06
8 151 2 2.777824e-06
9 151 2 2.644736e-06
10 151 2 2.481811e-06
11 151 2 2.409038e-06
12 151 2 2.469137e-06
1 152 2 2.061161e-06
2 152 2 2.087805e-06
3 152 2 2.107133e-06
4 152 2 2.002320e-06
5 152 2 1.924766e-06
6 152 2 1.890391e-06
7 152 2 2.161222e-06
8 152 2 2.881729e-06
9 152 2 3.059271e-06
10 152 2 2.607445e-06
11 152 2 2.235992e-06
12 152 2 2.067834e-06
1 153 2 2.388996e-06
2 153 2 2.446945e-06
3 153 2 2.581696e-06
4 153 2 2.532303e-06
5 153 2 2.445449e-06
6 153 2 2.400940e-06
7 153 2 2.802660e-06
8 153 2 3.662572e-06
9 153 2 4.454709e-06
10 153 2 3.981595e-06
11 153 2 3.011872e-06
12 153 2 2.513000e-06
1 154 2 6.499433e-06
2 154 2 6.464169e-06
3 154 2 6.726798e-06
4 154 2 6.445520e-06
5 154 2 6.027149e-06
6 154 2 5.421490e-06
7 154 2 5.119311e-06
8 154 2 5.332950e-06
9 154 2 6.012830e-06
10 154 2 6.757347e-06
11 154 2 7.121490e-06
12 154 2 6.886141e-06
1 157 2 2.588497e-07
2 157 2 2.687896e-07
3 157 2 2.877777e-07
4 157 2 2.837237e-07
5 157 2 2.765491e-07
6 157 2 2.600037e-07
7 157 2 2.480806e-07
8 157 2 2.455800e-07
9 157 2 2.438050e-07
10 157 2 2.480560e-07
11 157 2 2.498344e-07
12 157 2 2.530948e-07
1 163 2 1.205048e-06
2 163 2 1.221194e-06
3 163 2 1.257433e-06
4 163 2 1.332887e-06
5 163 2 1.334188e-06
6 163 2 1.233509e-06
7 163 2 1.140375e-06
8 163 2 1.070835e-06
9 163 2 1.086169e-06
10 163 2 1.149125e-06
11 163 2 1.194046e-06
12 163 2 1.203401e-06
1 164 2 4.561727e-06
2 164 2 4.522723e-06
3 164 2 4.648621e-06
4 164 2 4.865485e-06
5 164 2 4.808252e-06
6 164 2 4.447262e-06
7 164 2 4.116333e-06
8 164 2 4.020900e-06
9 164 2 4.305564e-06
10 164 2 4.716936e-06
11 164 2 4.812196e-06
12 164 2 4.732062e-06
1 165 2 1.990390e-06
2 165 2 1.950723e-06
3 165 2 1.975246e-06
4 165 2 2.018936e-06
5 165 2 1.996776e-06
6 165 2 1.837317e-06
7 165 2 1.732339e-06
8 165 2 1.753441e-06
9 165 2 1.868979e-06
10 165 2 1.998343e-06
11 165 2 2.102174e-06
12 165 2 2.104650e-06
1 166 2 8.686184e-07
2 166 2 8.599469e-07
3 166 2 8.457393e-07
4 166 2 8.417714e-07
5 166 2 8.142088e-07
6 166 2 7.530076e-07
7 166 2 7.110670e-07
8 166 2 7.163720e-07
9 166 2 7.431829e-07
10 166 2 7.817739e-07
11 166 2 8.428671e-07
12 166 2 8.853351e-07
1 170 2 3.989121e-08
2 170 2 4.387242e-08
3 170 2 4.310442e-08
4 170 2 3.917961e-08
5 170 2 3.264832e-08
6 170 2 2.745153e-08
7 170 2 2.596485e-08
8 170 2 2.478808e-08
9 170 2 2.520499e-08
10 170 2 2.806557e-08
11 170 2 3.096514e-08
12 170 2 3.565827e-08
1 171 2 1.431689e-07
2 171 2 1.571583e-07
3 171 2 1.590609e-07
4 171 2 1.415139e-07
5 171 2 1.177237e-07
6 171 2 1.008836e-07
7 171 2 9.159148e-08
8 171 2 8.678580e-08
9 171 2 8.805029e-08
10 171 2 9.577413e-08
11 171 2 1.093109e-07
12 171 2 1.291403e-07
1 175 2 4.133160e-09
2 175 2 4.369713e-09
3 175 2 4.382247e-09
4 175 2 4.104496e-09
5 175 2 3.566161e-09
6 175 2 3.249676e-09
7 175 2 3.182248e-09
8 175 2 3.155380e-09
9 175 2 2.934848e-09
10 175 2 2.966716e-09
11 175 2 3.101674e-09
12 175 2 3.618120e-09
1 176 2 4.682861e-06
2 176 2 4.717971e-06
3 176 2 4.618878e-06
4 176 2 4.079473e-06
5 176 2 3.300112e-06
6 176 2 2.990520e-06
7 176 2 2.985066e-06
8 176 2 3.405564e-06
9 176 2 3.709011e-06
10 176 2 3.958419e-06
11 176 2 4.225317e-06
12 176 2 4.488323e-06
1 177 2 1.362883e-05
2 177 2 1.324350e-05
3 177 2 1.250433e-05
4 177 2 1.093420e-05
5 177 2 8.941201e-06
6 177 2 7.635029e-06
7 177 2 7.944131e-06
8 177 2 9.518530e-06
9 177 2 1.196330e-05
10 177 2 1.244138e-05
11 177 2 1.269373e-05
12 177 2 1.271967e-05
1 178 2 4.765692e-06
2 178 2 4.709994e-06
3 178 2 4.514873e-06
4 178 2 3.784189e-06
5 178 2 3.294911e-06
6 178 2 2.784933e-06
7 178 2 2.652473e-06
8 178 2 2.671994e-06
9 178 2 3.047342e-06
10 178 2 3.278853e-06
11 178 2 3.703278e-06
12 178 2 4.111417e-06
1 181 2 5.822127e-08
2 181 2 6.149451e-08
3 181 2 6.234135e-08
4 181 2 5.960667e-08
5 181 2 4.915692e-08
6 181 2 4.250583e-08
7 181 2 3.758391e-08
8 181 2 3.846406e-08
9 181 2 4.167191e-08
10 181 2 4.512290e-08
11 181 2 5.110227e-08
12 181 2 5.440914e-08
1 182 2 6.946280e-06
2 182 2 6.420505e-06
3 182 2 6.054248e-06
4 182 2 5.057340e-06
5 182 2 3.960347e-06
6 182 2 2.962103e-06
7 182 2 2.936919e-06
8 182 2 4.081212e-06
9 182 2 5.663121e-06
10 182 2 6.945616e-06
11 182 2 7.676334e-06
12 182 2 7.368147e-06
1 183 2 1.479749e-06
2 183 2 1.421547e-06
3 183 2 1.357133e-06
4 183 2 1.230549e-06
5 183 2 1.035363e-06
6 183 2 8.403197e-07
7 183 2 7.818293e-07
8 183 2 9.283924e-07
9 183 2 1.079467e-06
10 183 2 1.277009e-06
11 183 2 1.390275e-06
12 183 2 1.429987e-06
1 184 2 4.611736e-07
2 184 2 4.672878e-07
3 184 2 4.525608e-07
4 184 2 4.072755e-07
5 184 2 3.385873e-07
6 184 2 2.736423e-07
7 184 2 2.467566e-07
8 184 2 2.577131e-07
9 184 2 2.730040e-07
10 184 2 3.135107e-07
11 184 2 3.668286e-07
12 184 2 4.181034e-07
1 188 2 7.657785e-08
2 188 2 7.591019e-08
3 188 2 7.036193e-08
4 188 2 5.745532e-08
5 188 2 4.060712e-08
6 188 2 3.088721e-08
7 188 2 2.657819e-08
8 188 2 2.703605e-08
9 188 2 3.662019e-08
10 188 2 4.812409e-08
11 188 2 5.731101e-08
12 188 2 7.148224e-08
1 189 2 6.677605e-08
2 189 2 6.171453e-08
3 189 2 5.598058e-08
4 189 2 4.137797e-08
5 189 2 2.739592e-08
6 189 2 1.937336e-08
7 189 2 1.841993e-08
8 189 2 2.262577e-08
9 189 2 3.639751e-08
10 189 2 5.182472e-08
11 189 2 6.303615e-08
12 189 2 6.587247e-08
1 190 2 2.732562e-07
2 190 2 2.589153e-07
3 190 2 2.247390e-07
4 190 2 1.591780e-07
5 190 2 1.110584e-07
6 190 2 8.056656e-08
7 190 2 7.570132e-08
8 190 2 9.125772e-08
9 190 2 1.281817e-07
10 190 2 1.747426e-07
11 190 2 2.289686e-07
12 190 2 2.568985e-07
1 191 2 2.099896e-07
2 191 2 2.176047e-07
3 191 2 2.115128e-07
4 191 2 1.747334e-07
5 191 2 1.436865e-07
6 191 2 1.180360e-07
7 191 2 1.037735e-07
8 191 2 1.053910e-07
9 191 2 1.149837e-07
10 191 2 1.290574e-07
11 191 2 1.587271e-07
12 191 2 1.867409e-07
1 192 2 2.755924e-07
2 192 2 2.978388e-07
3 192 2 2.901869e-07
4 192 2 2.512584e-07
5 192 2 2.123512e-07
6 192 2 1.808086e-07
7 192 2 1.588948e-07
8 192 2 1.476505e-07
9 192 2 1.520279e-07
10 192 2 1.669440e-07
11 192 2 1.992880e-07
12 192 2 2.393012e-07
1 200 2 2.174979e-05
2 200 2 2.237512e-05
3 200 2 1.829794e-05
4 200 2 1.209625e-05
5 200 2 7.917599e-06
6 200 2 6.448152e-06
7 200 2 6.126079e-06
8 200 2 6.606455e-06
9 200 2 7.317819e-06
10 200 2 9.356188e-06
11 200 2 1.300180e-05
12 200 2 1.791384e-05
1 201 2 1.404416e-05
2 201 2 1.449066e-05
3 201 2 1.326534e-05
4 201 2 1.021071e-05
5 201 2 7.694748e-06
6 201 2 6.366077e-06
7 201 2 6.016299e-06
8 201 2 6.223315e-06
9 201 2 6.159219e-06
10 201 2 7.328672e-06
11 201 2 9.342089e-06
12 201 2 1.163528e-05
1 206 2 4.619283e-06
2 206 2 4.989428e-06
3 206 2 4.514097e-06
4 206 2 3.852085e-06
5 206 2 3.185654e-06
6 206 2 2.777621e-06
7 206 2 2.382352e-06
8 206 2 2.339168e-06
9 206 2 2.532125e-06
10 206 2 2.866222e-06
11 206 2 3.359874e-06
12 206 2 3.958280e-06
1 207 2 1.749975e-07
2 207 2 1.910753e-07
3 207 2 1.812117e-07
4 207 2 1.643139e-07
5 207 2 1.457222e-07
6 207 2 1.249853e-07
7 207 2 1.101633e-07
8 207 2 1.084828e-07
9 207 2 1.094522e-07
10 207 2 1.205576e-07
11 207 2 1.299254e-07
12 207 2 1.486266e-07
1 212 2 1.077459e-07
2 212 2 1.150121e-07
3 212 2 1.020845e-07
4 212 2 8.582145e-08
5 212 2 6.689103e-08
6 212 2 5.398662e-08
7 212 2 4.481195e-08
8 212 2 4.331034e-08
9 212 2 4.918871e-08
10 212 2 5.804037e-08
11 212 2 6.884599e-08
12 212 2 9.102754e-08
1 213 2 2.346886e-08
2 213 2 2.564970e-08
3 213 2 2.173711e-08
4 213 2 1.839425e-08
5 213 2 1.419362e-08
6 213 2 1.094129e-08
7 213 2 9.285946e-09
8 213 2 9.065332e-09
9 213 2 1.091958e-08
10 213 2 1.345712e-08
11 213 2 1.652517e-08
12 213 2 2.022215e-08
1 214 2 8.343716e-07
2 214 2 8.845384e-07
3 214 2 7.106717e-07
4 214 2 5.278406e-07
5 214 2 3.901711e-07
6 214 2 2.875382e-07
7 214 2 2.490125e-07
8 214 2 2.567130e-07
9 214 2 3.240454e-07
10 214 2 4.344342e-07
11 214 2 5.947006e-07
12 214 2 7.212683e-07
1 215 2 3.088901e-07
2 215 2 3.177346e-07
3 215 2 2.962389e-07
4 215 2 2.360899e-07
5 215 2 1.917652e-07
6 215 2 1.540793e-07
7 215 2 1.331459e-07
8 215 2 1.334733e-07
9 215 2 1.500997e-07
10 215 2 1.785704e-07
11 215 2 2.248447e-07
12 215 2 2.716248e-07
1 216 2 5.287478e-07
2 216 2 5.520515e-07
3 216 2 5.176883e-07
4 216 2 4.208505e-07
5 216 2 3.369929e-07
6 216 2 2.899042e-07
7 216 2 2.547502e-07
8 216 2 2.435884e-07
9 216 2 2.527662e-07
10 216 2 2.872925e-07
11 216 2 3.455642e-07
12 216 2 4.441124e-07
1 224 2 6.351847e-07
2 224 2 6.944073e-07
3 224 2 6.059551e-07
4 224 2 5.218182e-07
5 224 2 4.213780e-07
6 224 2 3.580896e-07
7 224 2 3.253209e-07
8 224 2 3.397940e-07
9 224 2 3.494393e-07
10 224 2 4.121469e-07
11 224 2 4.921848e-07
12 224 2 5.872153e-07
1 240 2 3.262322e-08
2 240 2 3.327548e-08
3 240 2 3.042961e-08
4 240 2 2.687412e-08
5 240 2 2.335707e-08
6 240 2 2.014628e-08
7 240 2 1.973760e-08
8 240 2 2.034832e-08
9 240 2 1.980787e-08
10 240 2 2.133101e-08
11 240 2 2.343754e-08
12 240 2 2.904675e-08
