1 7 2 2.996600e-11
2 7 2 2.559962e-11
3 7 2 2.799690e-11
4 7 2 7.236049e-11
5 7 2 2.489719e-10
6 7 2 6.705749e-10
7 7 2 9.073076e-10
8 7 2 6.186109e-10
9 7 2 2.675284e-10
10 7 2 1.172837e-10
11 7 2 6.213851e-11
12 7 2 3.665768e-11
1 25 2 1.737813e-08
2 25 2 1.650046e-08
3 25 2 2.324642e-08
4 25 2 4.241956e-08
5 25 2 1.186695e-07
6 25 2 2.151920e-07
7 25 2 2.608758e-07
8 25 2 2.000456e-07
9 25 2 1.130364e-07
10 25 2 5.289692e-08
11 25 2 2.522187e-08
12 25 2 1.460590e-08
1 26 2 3.665721e-09
2 26 2 3.016923e-09
3 26 2 4.988730e-09
4 26 2 1.113525e-08
5 26 2 3.136629e-08
6 26 2 5.990874e-08
7 26 2 6.500081e-08
8 26 2 4.863381e-08
9 26 2 2.660014e-08
10 26 2 1.070759e-08
11 26 2 5.594280e-09
12 26 2 3.458660e-09
1 27 2 2.022035e-08
2 27 2 1.785276e-08
3 27 2 3.129579e-08
4 27 2 7.970653e-08
5 27 2 2.244595e-07
6 27 2 4.639851e-07
7 27 2 5.232967e-07
8 27 2 3.938717e-07
9 27 2 2.035389e-07
10 27 2 7.643379e-08
11 27 2 4.050718e-08
12 27 2 2.505648e-08
1 28 2 3.110453e-09
2 28 2 2.830596e-09
3 28 2 4.760571e-09
4 28 2 1.294037e-08
5 28 2 3.695267e-08
6 28 2 7.911507e-08
7 28 2 9.432354e-08
8 28 2 7.107384e-08
9 28 2 3.656190e-08
10 28 2 1.423908e-08
11 28 2 7.108357e-09
12 28 2 4.431666e-09
1 29 2 4.170774e-09
2 29 2 3.945565e-09
3 29 2 6.285481e-09
4 29 2 1.889940e-08
5 29 2 5.651751e-08
6 29 2 1.390947e-07
7 29 2 1.894790e-07
8 29 2 1.409737e-07
9 29 2 6.474216e-08
10 29 2 2.399585e-08
11 29 2 1.134294e-08
12 29 2 7.080758e-09
1 30 2 9.454450e-10
2 30 2 8.268505e-10
3 30 2 1.314155e-09
4 30 2 4.022257e-09
5 30 2 1.114228e-08
6 30 2 3.030265e-08
7 30 2 4.392226e-08
8 30 2 3.363595e-08
9 30 2 1.521911e-08
10 30 2 5.957035e-09
11 30 2 2.747816e-09
12 30 2 1.645663e-09
1 31 2 1.687330e-09
2 31 2 1.300230e-09
3 31 2 1.975207e-09
4 31 2 5.497657e-09
5 31 2 1.419762e-08
6 31 2 3.738161e-08
7 31 2 5.271637e-08
8 31 2 4.255134e-08
9 31 2 2.128701e-08
10 31 2 9.748402e-09
11 31 2 4.680424e-09
12 31 2 2.608149e-09
1 32 2 1.994856e-09
2 32 2 1.651357e-09
3 32 2 2.308312e-09
4 32 2 5.129161e-09
5 32 2 1.369930e-08
6 32 2 3.245094e-08
7 32 2 4.186557e-08
8 32 2 3.458284e-08
9 32 2 1.931146e-08
10 32 2 9.955249e-09
11 32 2 5.144466e-09
12 32 2 2.667973e-09
1 35 2 1.406974e-07
2 35 2 1.340635e-07
3 35 2 1.456326e-07
4 35 2 1.940686e-07
5 35 2 3.042283e-07
6 35 2 4.646231e-07
7 35 2 5.590842e-07
8 35 2 5.133874e-07
9 35 2 3.489179e-07
10 35 2 2.522672e-07
11 35 2 1.910789e-07
12 35 2 1.552343e-07
1 36 2 1.685916e-08
2 36 2 1.582748e-08
3 36 2 1.754152e-08
4 36 2 2.106891e-08
5 36 2 2.881523e-08
6 36 2 4.156835e-08
7 36 2 4.895577e-08
8 36 2 4.987257e-08
9 36 2 3.806922e-08
10 36 2 2.982570e-08
11 36 2 2.282817e-08
12 36 2 1.891507e-08
1 37 2 3.897573e-07
2 37 2 3.772309e-07
3 37 2 4.753285e-07
4 37 2 6.112086e-07
5 37 2 9.240308e-07
6 37 2 1.401493e-06
7 37 2 1.630008e-06
8 37 2 1.602337e-06
9 37 2 1.179171e-06
10 37 2 8.841719e-07
11 37 2 6.231743e-07
12 37 2 4.774046e-07
1 38 2 2.012768e-06
2 38 2 2.010963e-06
3 38 2 3.063437e-06
4 38 2 4.542050e-06
5 38 2 8.292607e-06
6 38 2 1.471460e-05
7 38 2 1.744358e-05
8 38 2 1.512866e-05
9 38 2 9.771957e-06
10 38 2 6.679123e-06
11 38 2 3.816583e-06
12 38 2 2.754193e-06
1 39 2 2.160645e-06
2 39 2 2.250957e-06
3 39 2 3.646086e-06
4 39 2 5.629861e-06
5 39 2 1.092379e-05
6 39 2 2.111845e-05
7 39 2 2.622320e-05
8 39 2 2.123077e-05
9 39 2 1.338201e-05
10 39 2 8.450582e-06
11 39 2 4.277502e-06
12 39 2 3.122267e-06
1 40 2 5.357699e-07
2 40 2 5.878324e-07
3 40 2 1.048391e-06
4 40 2 1.762952e-06
5 40 2 3.853902e-06
6 40 2 8.750055e-06
7 40 2 1.094767e-05
8 40 2 8.030935e-06
9 40 2 4.946974e-06
10 40 2 2.665476e-06
11 40 2 1.141813e-06
12 40 2 8.506150e-07
1 41 2 2.853273e-07
2 41 2 3.050291e-07
3 41 2 6.112682e-07
4 41 2 1.088712e-06
5 41 2 2.730649e-06
6 41 2 6.929303e-06
7 41 2 8.959176e-06
8 41 2 6.283925e-06
9 41 2 3.511749e-06
10 41 2 1.522025e-06
11 41 2 5.847210e-07
12 41 2 4.873574e-07
1 42 2 1.541621e-07
2 42 2 1.612566e-07
3 42 2 3.477476e-07
4 42 2 6.859989e-07
5 42 2 1.950180e-06
6 42 2 5.409214e-06
7 42 2 7.572265e-06
8 42 2 5.056878e-06
9 42 2 2.394696e-06
10 42 2 8.570363e-07
11 42 2 3.195195e-07
12 42 2 2.621192e-07
1 43 2 4.330297e-09
2 43 2 4.489960e-09
3 43 2 1.059398e-08
4 43 2 2.584962e-08
5 43 2 8.652341e-08
6 43 2 2.551710e-07
7 43 2 3.730247e-07
8 43 2 2.341590e-07
9 43 2 9.575199e-08
10 43 2 2.939829e-08
11 43 2 1.002545e-08
12 43 2 7.024908e-09
1 44 2 1.789366e-08
2 44 2 1.797910e-08
3 44 2 3.910730e-08
4 44 2 1.057256e-07
5 44 2 3.949877e-07
6 44 2 1.244737e-06
7 44 2 1.819252e-06
8 44 2 1.096998e-06
9 44 2 3.954511e-07
10 44 2 1.171641e-07
11 44 2 3.845361e-08
12 44 2 2.599896e-08
1 45 2 4.116300e-08
2 45 2 4.613170e-08
3 45 2 8.405994e-08
4 45 2 2.478995e-07
5 45 2 1.038155e-06
6 45 2 3.444705e-06
7 45 2 4.819098e-06
8 45 2 2.934343e-06
9 45 2 1.009055e-06
10 45 2 2.576327e-07
11 45 2 7.467663e-08
12 45 2 4.880496e-08
1 46 2 1.865159e-08
2 46 2 2.346415e-08
3 46 2 3.688387e-08
4 46 2 1.024228e-07
5 46 2 4.022100e-07
6 46 2 1.247611e-06
7 46 2 1.745319e-06
8 46 2 1.093637e-06
9 46 2 4.108013e-07
10 46 2 9.957335e-08
11 46 2 2.737664e-08
12 46 2 1.952337e-08
1 47 2 2.451253e-08
2 47 2 3.119556e-08
3 47 2 4.395943e-08
4 47 2 9.849232e-08
5 47 2 3.357110e-07
6 47 2 9.248832e-07
7 47 2 1.254339e-06
8 47 2 8.505318e-07
9 47 2 3.603112e-07
10 47 2 1.111338e-07
11 47 2 3.278738e-08
12 47 2 2.492276e-08
1 48 2 3.316799e-08
2 48 2 3.810134e-08
3 48 2 5.240625e-08
4 48 2 1.023383e-07
5 48 2 3.175755e-07
6 48 2 7.304782e-07
7 48 2 9.707376e-07
8 48 2 6.829696e-07
9 48 2 3.251211e-07
10 48 2 1.212166e-07
11 48 2 4.363647e-08
12 48 2 2.893705e-08
1 49 2 1.905428e-09
2 49 2 1.733771e-09
3 49 2 1.966605e-09
4 49 2 2.301737e-09
5 49 2 3.291975e-09
6 49 2 5.008549e-09
7 49 2 7.469427e-09
8 49 2 7.023946e-09
9 49 2 4.899122e-09
10 49 2 3.505793e-09
11 49 2 2.559513e-09
12 49 2 1.867160e-09
1 50 2 7.769834e-09
2 50 2 6.706914e-09
3 50 2 7.861540e-09
4 50 2 8.961341e-09
5 50 2 1.261246e-08
6 50 2 1.850861e-08
7 50 2 2.554461e-08
8 50 2 2.456530e-08
9 50 2 1.778751e-08
10 50 2 1.267969e-08
11 50 2 9.493039e-09
12 50 2 7.474732e-09
1 51 2 3.019210e-09
2 51 2 2.755502e-09
3 51 2 2.994157e-09
4 51 2 3.456248e-09
5 51 2 4.710953e-09
6 51 2 6.606738e-09
7 51 2 8.609545e-09
8 51 2 8.538054e-09
9 51 2 7.093871e-09
10 51 2 4.989648e-09
11 51 2 3.739558e-09
12 51 2 3.133863e-09
1 52 2 2.728947e-06
2 52 2 2.868357e-06
3 52 2 3.603308e-06
4 52 2 5.253133e-06
5 52 2 8.883739e-06
6 52 2 1.222601e-05
7 52 2 1.568213e-05
8 52 2 1.466816e-05
9 52 2 1.184069e-05
10 52 2 6.764171e-06
11 52 2 4.071369e-06
12 52 2 3.139646e-06
1 53 2 1.097297e-06
2 53 2 1.376707e-06
3 53 2 2.332432e-06
4 53 2 5.091001e-06
5 53 2 9.694822e-06
6 53 2 1.447684e-05
7 53 2 2.009557e-05
8 53 2 1.712376e-05
9 53 2 1.158950e-05
10 53 2 5.111455e-06
11 53 2 2.279847e-06
12 53 2 1.444376e-06
1 54 2 3.822647e-07
2 54 2 4.958951e-07
3 54 2 9.273440e-07
4 54 2 2.304358e-06
5 54 2 4.538868e-06
6 54 2 8.767023e-06
7 54 2 1.245397e-05
8 54 2 1.044298e-05
9 54 2 6.333500e-06
10 54 2 2.693621e-06
11 54 2 1.154609e-06
12 54 2 6.369049e-07
1 55 2 4.370878e-07
2 55 2 4.874695e-07
3 55 2 9.093609e-07
4 55 2 2.129314e-06
5 55 2 4.225424e-06
6 55 2 9.023806e-06
7 55 2 1.254378e-05
8 55 2 1.081792e-05
9 55 2 6.860022e-06
10 55 2 3.289271e-06
11 55 2 1.538924e-06
12 55 2 8.811923e-07
1 56 2 1.810072e-06
2 56 2 1.878460e-06
3 56 2 3.253543e-06
4 56 2 7.254937e-06
5 56 2 1.585832e-05
6 56 2 3.126024e-05
7 56 2 4.322002e-05
8 56 2 3.587043e-05
9 56 2 2.344576e-05
10 56 2 1.208011e-05
11 56 2 5.446161e-06
12 56 2 3.123425e-06
1 57 2 3.721038e-07
2 57 2 3.550239e-07
3 57 2 4.366591e-07
4 57 2 6.627803e-07
5 57 2 1.108935e-06
6 57 2 1.804376e-06
7 57 2 2.569452e-06
8 57 2 2.315704e-06
9 57 2 1.722885e-06
10 57 2 1.106692e-06
11 57 2 6.767479e-07
12 57 2 4.863481e-07
1 60 2 2.835647e-05
2 60 2 2.746068e-05
3 60 2 3.149195e-05
4 60 2 3.734899e-05
5 60 2 4.604833e-05
6 60 2 6.059929e-05
7 60 2 7.054969e-05
8 60 2 7.057936e-05
9 60 2 5.989674e-05
10 60 2 4.889564e-05
11 60 2 3.910508e-05
12 60 2 3.241410e-05
1 61 2 9.172587e-05
2 61 2 9.227760e-05
3 61 2 1.297869e-04
4 61 2 1.954864e-04
5 61 2 2.851550e-04
6 61 2 4.017373e-04
7 61 2 4.754172e-04
8 61 2 4.573907e-04
9 61 2 3.554046e-04
10 61 2 2.417483e-04
11 61 2 1.577071e-04
12 61 2 1.106144e-04
1 62 2 2.758909e-05
2 62 2 3.021654e-05
3 62 2 4.756636e-05
4 62 2 8.610962e-05
5 62 2 1.476966e-04
6 62 2 2.095194e-04
7 62 2 2.561998e-04
8 62 2 2.391532e-04
9 62 2 1.666473e-04
10 62 2 9.937827e-05
11 62 2 5.396680e-05
12 62 2 3.512005e-05
1 63 2 3.181834e-05
2 63 2 3.862611e-05
3 63 2 6.463162e-05
4 63 2 1.359367e-04
5 63 2 2.608848e-04
6 63 2 3.878468e-04
7 63 2 4.959623e-04
8 63 2 4.315844e-04
9 63 2 2.635982e-04
10 63 2 1.439538e-04
11 63 2 6.649334e-05
12 63 2 4.352935e-05
1 64 2 7.909402e-06
2 64 2 1.013277e-05
3 64 2 1.929523e-05
4 64 2 4.570397e-05
5 64 2 9.788350e-05
6 64 2 1.567870e-04
7 64 2 1.987309e-04
8 64 2 1.553632e-04
9 64 2 8.895864e-05
10 64 2 3.932665e-05
11 64 2 1.797035e-05
12 64 2 1.229815e-05
1 65 2 2.673921e-06
2 65 2 3.315679e-06
3 65 2 7.264030e-06
4 65 2 2.048482e-05
5 65 2 4.295014e-05
6 65 2 7.299537e-05
7 65 2 9.461236e-05
8 65 2 7.061354e-05
9 65 2 4.004977e-05
10 65 2 1.421191e-05
11 65 2 6.256362e-06
12 65 2 4.533977e-06
1 66 2 1.771360e-06
2 66 2 2.189954e-06
3 66 2 5.206147e-06
4 66 2 1.707964e-05
5 66 2 3.551346e-05
6 66 2 6.106699e-05
7 66 2 8.422156e-05
8 66 2 6.367158e-05
9 66 2 3.601798e-05
10 66 2 1.193317e-05
11 66 2 4.572969e-06
12 66 2 2.836524e-06
1 67 2 6.023803e-07
2 67 2 8.032461e-07
3 67 2 2.042660e-06
4 67 2 7.545764e-06
5 67 2 1.712090e-05
6 67 2 2.919982e-05
7 67 2 4.082457e-05
8 67 2 3.141785e-05
9 67 2 1.718338e-05
10 67 2 6.319130e-06
11 67 2 1.998157e-06
12 67 2 8.993597e-07
1 68 2 1.476899e-07
2 68 2 1.983078e-07
3 68 2 5.889631e-07
4 68 2 2.707185e-06
5 68 2 7.377426e-06
6 68 2 1.413743e-05
7 68 2 2.027041e-05
8 68 2 1.507579e-05
9 68 2 7.235017e-06
10 68 2 2.658059e-06
11 68 2 6.061315e-07
12 68 2 2.109127e-07
1 69 2 8.849657e-08
2 69 2 1.254717e-07
3 69 2 3.000570e-07
4 69 2 1.315768e-06
5 69 2 4.219072e-06
6 69 2 9.984907e-06
7 69 2 1.462781e-05
8 69 2 1.126045e-05
9 69 2 4.837417e-06
10 69 2 1.572941e-06
11 69 2 3.047793e-07
12 69 2 1.146168e-07
1 70 2 3.704727e-07
2 70 2 4.330117e-07
3 70 2 6.204933e-07
4 70 2 1.618835e-06
5 70 2 4.059523e-06
6 70 2 9.857679e-06
7 70 2 1.595645e-05
8 70 2 1.454278e-05
9 70 2 7.508916e-06
10 70 2 2.676546e-06
11 70 2 8.140456e-07
12 70 2 4.582487e-07
1 71 2 3.107906e-07
2 71 2 3.153797e-07
3 71 2 3.568762e-07
4 71 2 5.726783e-07
5 71 2 1.109065e-06
6 71 2 2.313614e-06
7 71 2 3.550672e-06
8 71 2 3.530258e-06
9 71 2 2.264980e-06
10 71 2 1.078780e-06
11 71 2 5.153605e-07
12 71 2 3.579354e-07
1 72 2 1.306449e-09
2 72 2 1.247772e-09
3 72 2 1.351832e-09
4 72 2 1.723599e-09
5 72 2 2.681793e-09
6 72 2 4.666409e-09
7 72 2 7.227733e-09
8 72 2 6.951384e-09
9 72 2 4.863421e-09
10 72 2 2.948903e-09
11 72 2 1.816931e-09
12 72 2 1.297527e-09
1 76 2 2.716931e-06
2 76 2 2.485713e-06
3 76 2 2.510730e-06
4 76 2 2.731077e-06
5 76 2 3.712945e-06
6 76 2 5.294423e-06
7 76 2 7.099527e-06
8 76 2 7.576497e-06
9 76 2 7.218928e-06
10 76 2 4.820802e-06
11 76 2 3.112030e-06
12 76 2 2.721741e-06
1 77 2 2.771643e-06
2 77 2 3.598957e-06
3 77 2 4.714418e-06
4 77 2 7.619536e-06
5 77 2 1.279351e-05
6 77 2 1.975184e-05
7 77 2 2.683742e-05
8 77 2 2.547307e-05
9 77 2 1.886937e-05
10 77 2 9.533028e-06
11 77 2 4.183121e-06
12 77 2 2.636600e-06
1 78 2 3.028311e-06
2 78 2 4.137760e-06
3 78 2 5.762079e-06
4 78 2 1.033490e-05
5 78 2 1.616079e-05
6 78 2 2.565773e-05
7 78 2 3.167163e-05
8 78 2 2.965664e-05
9 78 2 1.922904e-05
10 78 2 1.019754e-05
11 78 2 5.506889e-06
12 78 2 3.179313e-06
1 79 2 1.291722e-05
2 79 2 1.584964e-05
3 79 2 2.327185e-05
4 79 2 3.860022e-05
5 79 2 5.864445e-05
6 79 2 9.580570e-05
7 79 2 1.173979e-04
8 79 2 1.112137e-04
9 79 2 7.679373e-05
10 79 2 4.635618e-05
11 79 2 2.641136e-05
12 79 2 1.617911e-05
1 80 2 5.102238e-06
2 80 2 5.112200e-06
3 80 2 6.423799e-06
4 80 2 8.685714e-06
5 80 2 1.295397e-05
6 80 2 1.970900e-05
7 80 2 2.537833e-05
8 80 2 2.512412e-05
9 80 2 2.085256e-05
10 80 2 1.461982e-05
11 80 2 8.528624e-06
12 80 2 6.304073e-06
1 81 2 5.618804e-12
2 81 2 5.091991e-12
3 81 2 5.363249e-12
4 81 2 6.359499e-12
5 81 2 9.157621e-12
6 81 2 1.233963e-11
7 81 2 1.646511e-11
8 81 2 1.766670e-11
9 81 2 1.606454e-11
10 81 2 1.232622e-11
11 81 2 8.148099e-12
12 81 2 6.670817e-12
1 84 2 1.728733e-05
2 84 2 1.827705e-05
3 84 2 2.260506e-05
4 84 2 2.856572e-05
5 84 2 3.829802e-05
6 84 2 6.275408e-05
7 84 2 8.404801e-05
8 84 2 8.053886e-05
9 84 2 6.043207e-05
10 84 2 3.813870e-05
11 84 2 2.562070e-05
12 84 2 1.957145e-05
1 85 2 2.314470e-05
2 85 2 2.606276e-05
3 85 2 3.388579e-05
4 85 2 4.923289e-05
5 85 2 7.881113e-05
6 85 2 1.203963e-04
7 85 2 1.665795e-04
8 85 2 1.584686e-04
9 85 2 1.141081e-04
10 85 2 6.294271e-05
11 85 2 3.549704e-05
12 85 2 2.575668e-05
1 86 2 7.126448e-06
2 86 2 8.068630e-06
3 86 2 1.031111e-05
4 86 2 1.497715e-05
5 86 2 2.407124e-05
6 86 2 3.492684e-05
7 86 2 4.798021e-05
8 86 2 4.813716e-05
9 86 2 3.563066e-05
10 86 2 2.066183e-05
11 86 2 1.138155e-05
12 86 2 8.134318e-06
1 87 2 7.999027e-06
2 87 2 1.082176e-05
3 87 2 1.545150e-05
4 87 2 2.442529e-05
5 87 2 4.285093e-05
6 87 2 6.441038e-05
7 87 2 8.732054e-05
8 87 2 8.897671e-05
9 87 2 6.450853e-05
10 87 2 3.632001e-05
11 87 2 1.595806e-05
12 87 2 9.700072e-06
1 88 2 3.537393e-06
2 88 2 5.023383e-06
3 88 2 7.877407e-06
4 88 2 1.494654e-05
5 88 2 3.067469e-05
6 88 2 4.821220e-05
7 88 2 6.174242e-05
8 88 2 5.415293e-05
9 88 2 3.499364e-05
10 88 2 1.653734e-05
11 88 2 8.478182e-06
12 88 2 4.709320e-06
1 89 2 3.963101e-06
2 89 2 5.514142e-06
3 89 2 1.046567e-05
4 89 2 1.968414e-05
5 89 2 3.928196e-05
6 89 2 5.868269e-05
7 89 2 6.845714e-05
8 89 2 5.995213e-05
9 89 2 3.912509e-05
10 89 2 1.861847e-05
11 89 2 1.024481e-05
12 89 2 5.670548e-06
1 90 2 9.373493e-07
2 90 2 1.235395e-06
3 90 2 2.451510e-06
4 90 2 4.399938e-06
5 90 2 6.755848e-06
6 90 2 8.942498e-06
7 90 2 1.004298e-05
8 90 2 9.292535e-06
9 90 2 6.772001e-06
10 90 2 4.039211e-06
11 90 2 2.227032e-06
12 90 2 1.267801e-06
1 91 2 1.384492e-08
2 91 2 1.958995e-08
3 91 2 4.092773e-08
4 91 2 7.734056e-08
5 91 2 1.141426e-07
6 91 2 1.450859e-07
7 91 2 1.629103e-07
8 91 2 1.494044e-07
9 91 2 1.074249e-07
10 91 2 6.649624e-08
11 91 2 3.446362e-08
12 91 2 1.769213e-08
1 92 2 7.429021e-08
2 92 2 1.061190e-07
3 92 2 2.660137e-07
4 92 2 6.346470e-07
5 92 2 1.196852e-06
6 92 2 1.833999e-06
7 92 2 2.201468e-06
8 92 2 2.003689e-06
9 92 2 1.253527e-06
10 92 2 6.662095e-07
11 92 2 2.612878e-07
12 92 2 1.121644e-07
1 93 2 4.648640e-06
2 93 2 5.608999e-06
3 93 2 1.153240e-05
4 93 2 2.687754e-05
5 93 2 4.794802e-05
6 93 2 7.609014e-05
7 93 2 1.020709e-04
8 93 2 1.003444e-04
9 93 2 6.749217e-05
10 93 2 3.886729e-05
11 93 2 1.664509e-05
12 93 2 6.933014e-06
1 94 2 5.945627e-06
2 94 2 5.915653e-06
3 94 2 7.898827e-06
4 94 2 1.399818e-05
5 94 2 2.389403e-05
6 94 2 3.762409e-05
7 94 2 5.197753e-05
8 94 2 5.664399e-05
9 94 2 4.665851e-05
10 94 2 2.816299e-05
11 94 2 1.511578e-05
12 94 2 8.258898e-06
1 98 2 3.439671e-07
2 98 2 3.201877e-07
3 98 2 3.015064e-07
4 98 2 3.210174e-07
5 98 2 3.643327e-07
6 98 2 4.169044e-07
7 98 2 4.689318e-07
8 98 2 4.942313e-07
9 98 2 4.876956e-07
10 98 2 4.610026e-07
11 98 2 4.146686e-07
12 98 2 3.773528e-07
1 101 2 1.352721e-06
2 101 2 1.389967e-06
3 101 2 1.424356e-06
4 101 2 1.756447e-06
5 101 2 2.258825e-06
6 101 2 2.637414e-06
7 101 2 2.815288e-06
8 101 2 2.821017e-06
9 101 2 2.712032e-06
10 101 2 2.325289e-06
11 101 2 1.788084e-06
12 101 2 1.434171e-06
1 102 2 8.667468e-06
2 102 2 9.797377e-06
3 102 2 1.204116e-05
4 102 2 1.506107e-05
5 102 2 1.742922e-05
6 102 2 1.902712e-05
7 102 2 1.956291e-05
8 102 2 1.981011e-05
9 102 2 1.785444e-05
10 102 2 1.375508e-05
11 102 2 1.104017e-05
12 102 2 9.048793e-06
1 103 2 4.848711e-06
2 103 2 4.948150e-06
3 103 2 5.392863e-06
4 103 2 6.093731e-06
5 103 2 7.096635e-06
6 103 2 8.121191e-06
7 103 2 8.786096e-06
8 103 2 9.220813e-06
9 103 2 9.043710e-06
10 103 2 7.903418e-06
11 103 2 6.501802e-06
12 103 2 5.406033e-06
1 104 2 2.270130e-06
2 104 2 2.178359e-06
3 104 2 2.202028e-06
4 104 2 2.414206e-06
5 104 2 2.822959e-06
6 104 2 3.239482e-06
7 104 2 3.635753e-06
8 104 2 3.927500e-06
9 104 2 3.959113e-06
10 104 2 3.698595e-06
11 104 2 3.042428e-06
12 104 2 2.519127e-06
1 107 2 8.287248e-07
2 107 2 8.742897e-07
3 107 2 1.020764e-06
4 107 2 1.169684e-06
5 107 2 1.311727e-06
6 107 2 1.679325e-06
7 107 2 1.835574e-06
8 107 2 1.828146e-06
9 107 2 1.711419e-06
10 107 2 1.463866e-06
11 107 2 1.163720e-06
12 107 2 9.100726e-07
1 108 2 1.101043e-07
2 108 2 1.407134e-07
3 108 2 2.044013e-07
4 108 2 3.165730e-07
5 108 2 4.914057e-07
6 108 2 6.744698e-07
7 108 2 7.219995e-07
8 108 2 6.380956e-07
9 108 2 5.163200e-07
10 108 2 3.562251e-07
11 108 2 1.855571e-07
12 108 2 1.181252e-07
1 109 2 2.089744e-07
2 109 2 2.760247e-07
3 109 2 4.317205e-07
4 109 2 7.492141e-07
5 109 2 1.276499e-06
6 109 2 1.609091e-06
7 109 2 1.634982e-06
8 109 2 1.503008e-06
9 109 2 1.206958e-06
10 109 2 8.468792e-07
11 109 2 3.766708e-07
12 109 2 2.200371e-07
1 110 2 9.197102e-08
2 110 2 1.171535e-07
3 110 2 1.881545e-07
4 110 2 2.912558e-07
5 110 2 4.517260e-07
6 110 2 5.231204e-07
7 110 2 5.624049e-07
8 110 2 5.562141e-07
9 110 2 4.683193e-07
10 110 2 3.414344e-07
11 110 2 1.651535e-07
12 110 2 9.721111e-08
1 111 2 3.156301e-06
2 111 2 3.947612e-06
3 111 2 6.391097e-06
4 111 2 9.686241e-06
5 111 2 1.463934e-05
6 111 2 1.877464e-05
7 111 2 1.984620e-05
8 111 2 1.965690e-05
9 111 2 1.673956e-05
10 111 2 1.089665e-05
11 111 2 5.869945e-06
12 111 2 3.585470e-06
1 112 2 3.636384e-06
2 112 2 4.688672e-06
3 112 2 8.225266e-06
4 112 2 1.367814e-05
5 112 2 2.079991e-05
6 112 2 2.534715e-05
7 112 2 2.581539e-05
8 112 2 2.406261e-05
9 112 2 1.836916e-05
10 112 2 1.219480e-05
11 112 2 6.998540e-06
12 112 2 4.301931e-06
1 113 2 2.085741e-06
2 113 2 2.642440e-06
3 113 2 4.439314e-06
4 113 2 6.638590e-06
5 113 2 8.169420e-06
6 113 2 7.133112e-06
7 113 2 6.120632e-06
8 113 2 5.845702e-06
9 113 2 5.781675e-06
10 113 2 5.279221e-06
11 113 2 3.692484e-06
12 113 2 2.493941e-06
1 114 2 5.684910e-06
2 114 2 7.709026e-06
3 114 2 1.373495e-05
4 114 2 2.002122e-05
5 114 2 2.309860e-05
6 114 2 1.690947e-05
7 114 2 1.396608e-05
8 114 2 1.280161e-05
9 114 2 1.235400e-05
10 114 2 1.105706e-05
11 114 2 8.429036e-06
12 114 2 6.243698e-06
1 115 2 1.944671e-06
2 115 2 2.829323e-06
3 115 2 4.484937e-06
4 115 2 5.559472e-06
5 115 2 4.964871e-06
6 115 2 4.609720e-06
7 115 2 4.445989e-06
8 115 2 4.265612e-06
9 115 2 3.923091e-06
10 115 2 3.505882e-06
11 115 2 2.663218e-06
12 115 2 1.910658e-06
1 116 2 1.410058e-06
2 116 2 1.805047e-06
3 116 2 2.760347e-06
4 116 2 3.907170e-06
5 116 2 4.544285e-06
6 116 2 5.174788e-06
7 116 2 5.425160e-06
8 116 2 5.193082e-06
9 116 2 4.206975e-06
10 116 2 3.363382e-06
11 116 2 2.443431e-06
12 116 2 1.609628e-06
1 117 2 3.755805e-07
2 117 2 3.922000e-07
3 117 2 4.953125e-07
4 117 2 6.780191e-07
5 117 2 8.634022e-07
6 117 2 1.022941e-06
7 117 2 1.089027e-06
8 117 2 1.087599e-06
9 117 2 9.923681e-07
10 117 2 8.495270e-07
11 117 2 6.857910e-07
12 117 2 4.954066e-07
1 126 2 2.491486e-08
2 126 2 2.589645e-08
3 126 2 2.806821e-08
4 126 2 2.963832e-08
5 126 2 2.928294e-08
6 126 2 2.721521e-08
7 126 2 2.623388e-08
8 126 2 2.649018e-08
9 126 2 2.634995e-08
10 126 2 2.589304e-08
11 126 2 2.530071e-08
12 126 2 2.491764e-08
1 127 2 2.511941e-06
2 127 2 2.554696e-06
3 127 2 2.696427e-06
4 127 2 2.799464e-06
5 127 2 2.837603e-06
6 127 2 2.748577e-06
7 127 2 2.749336e-06
8 127 2 2.812429e-06
9 127 2 2.782448e-06
10 127 2 2.670934e-06
11 127 2 2.588466e-06
12 127 2 2.556425e-06
1 128 2 1.137734e-05
2 128 2 1.168442e-05
3 128 2 1.199481e-05
4 128 2 1.170897e-05
5 128 2 1.138994e-05
6 128 2 1.104780e-05
7 128 2 1.177491e-05
8 128 2 1.338812e-05
9 128 2 1.407749e-05
10 128 2 1.329685e-05
11 128 2 1.209155e-05
12 128 2 1.139264e-05
1 129 2 3.244056e-07
2 129 2 3.199515e-07
3 129 2 3.280210e-07
4 129 2 3.375337e-07
5 129 2 3.427417e-07
6 129 2 3.520137e-07
7 129 2 3.678196e-07
8 129 2 4.009227e-07
9 129 2 4.188798e-07
10 129 2 4.207252e-07
11 129 2 3.841365e-07
12 129 2 3.412585e-07
1 133 2 6.970532e-06
2 133 2 8.104275e-06
3 133 2 9.728744e-06
4 133 2 9.988848e-06
5 133 2 9.528338e-06
6 133 2 8.757829e-06
7 133 2 7.816445e-06
8 133 2 7.319213e-06
9 133 2 7.632308e-06
10 133 2 8.128702e-06
11 133 2 7.754913e-06
12 133 2 6.785553e-06
1 135 2 3.012186e-07
2 135 2 3.393679e-07
3 135 2 4.035860e-07
4 135 2 4.346434e-07
5 135 2 4.176506e-07
6 135 2 3.725871e-07
7 135 2 3.218783e-07
8 135 2 3.250996e-07
9 135 2 3.454555e-07
10 135 2 3.248808e-07
11 135 2 3.113954e-07
12 135 2 2.925134e-07
1 136 2 3.374230e-07
2 136 2 3.472766e-07
3 136 2 4.294723e-07
4 136 2 5.221076e-07
5 136 2 5.717312e-07
6 136 2 5.216370e-07
7 136 2 4.615878e-07
8 136 2 4.605291e-07
9 136 2 4.629094e-07
10 136 2 4.354579e-07
11 136 2 4.117232e-07
12 136 2 3.656153e-07
1 137 2 8.204168e-08
2 137 2 8.607018e-08
3 137 2 9.868124e-08
4 137 2 1.084362e-07
5 137 2 1.070331e-07
6 137 2 9.848119e-08
7 137 2 9.110558e-08
8 137 2 8.790778e-08
9 137 2 8.796301e-08
10 137 2 9.163716e-08
11 137 2 9.060056e-08
12 137 2 8.542821e-08
1 138 2 3.278340e-06
2 138 2 3.605057e-06
3 138 2 4.182399e-06
4 138 2 4.654751e-06
5 138 2 4.696358e-06
6 138 2 4.127626e-06
7 138 2 3.823850e-06
8 138 2 3.687630e-06
9 138 2 3.697691e-06
10 138 2 3.719238e-06
11 138 2 3.607732e-06
12 138 2 3.345869e-06
1 139 2 5.534688e-06
2 139 2 6.302987e-06
3 139 2 7.042968e-06
4 139 2 7.392096e-06
5 139 2 7.287923e-06
6 139 2 6.787036e-06
7 139 2 6.421562e-06
8 139 2 6.181813e-06
9 139 2 6.101688e-06
10 139 2 6.149057e-06
11 139 2 5.851298e-06
12 139 2 5.356082e-06
1 140 2 1.833443e-06
2 140 2 1.895848e-06
3 140 2 2.059038e-06
4 140 2 2.332856e-06
5 140 2 2.477160e-06
6 140 2 2.379316e-06
7 140 2 2.252826e-06
8 140 2 2.172831e-06
9 140 2 2.141155e-06
10 140 2 2.152989e-06
11 140 2 2.107516e-06
12 140 2 1.964849e-06
1 141 2 2.875381e-06
2 141 2 2.845629e-06
3 141 2 2.927136e-06
4 141 2 3.212507e-06
5 141 2 3.466721e-06
6 141 2 3.428021e-06
7 141 2 3.335323e-06
8 141 2 3.234249e-06
9 141 2 3.206839e-06
10 141 2 3.214378e-06
11 141 2 3.246462e-06
12 141 2 3.152061e-06
1 150 2 3.328741e-09
2 150 2 3.643830e-09
3 150 2 3.900306e-09
4 150 2 3.988382e-09
5 150 2 3.731909e-09
6 150 2 3.291376e-09
7 150 2 3.002653e-09
8 150 2 2.930146e-09
9 150 2 2.835415e-09
10 150 2 2.770905e-09
11 150 2 2.824778e-09
12 150 2 3.005483e-09
1 151 2 2.158100e-06
2 151 2 2.295391e-06
3 151 2 2.433795e-06
4 151 2 2.491183e-06
5 151 2 2.410393e-06
6 151 2 2.268926e-06
7 151 2 2.218792e-06
8 151 2 2.304456e-06
9 151 2 2.194047e-06
10 151 2 2.058886e-06
11 151 2 1.998514e-06
12 151 2 2.048372e-06
1 152 2 1.710725e-06
2 152 2 1.732839e-06
3 152 2 1.748880e-06
4 152 2 1.661888e-06
5 152 2 1.597519e-06
6 152 2 1.568989e-06
7 152 2 1.793773e-06
8 152 2 2.391781e-06
9 152 2 2.539137e-06
10 152 2 2.164130e-06
11 152 2 1.855831e-06
12 152 2 1.716263e-06
1 153 2 1.982888e-06
2 153 2 2.030986e-06
3 153 2 2.142830e-06
4 153 2 2.101834e-06
5 153 2 2.029744e-06
6 153 2 1.992802e-06
7 153 2 2.326233e-06
8 153 2 3.039967e-06
9 153 2 3.697448e-06
10 153 2 3.304759e-06
11 153 2 2.499881e-06
12 153 2 2.085812e-06
1 154 2 5.394248e-06
2 154 2 5.364980e-06
3 154 2 5.582951e-06
4 154 2 5.349503e-06
5 154 2 5.002272e-06
6 154 2 4.499602e-06
7 154 2 4.248807e-06
8 154 2 4.426117e-06
9 154 2 4.990388e-06
10 154 2 5.608305e-06
11 154 2 5.910528e-06
12 154 2 5.715199e-06
1 157 2 2.151146e-07
2 157 2 2.233750e-07
3 157 2 2.391550e-07
4 157 2 2.357859e-07
5 157 2 2.298235e-07
6 157 2 2.160736e-07
7 157 2 2.061650e-07
8 157 2 2.040869e-07
9 157 2 2.026118e-07
10 157 2 2.061446e-07
11 157 2 2.076225e-07
12 157 2 2.103320e-07
1 163 2 1.000520e-06
2 163 2 1.013925e-06
3 163 2 1.044013e-06
4 163 2 1.106661e-06
5 163 2 1.107741e-06
6 163 2 1.024150e-06
7 163 2 9.468234e-07
8 163 2 8.890857e-07
9 163 2 9.018172e-07
10 163 2 9.540877e-07
11 163 2 9.913846e-07
12 163 2 9.991524e-07
1 164 2 3.784592e-06
2 164 2 3.752232e-06
3 164 2 3.856682e-06
4 164 2 4.036601e-06
5 164 2 3.989118e-06
6 164 2 3.689626e-06
7 164 2 3.415075e-06
8 164 2 3.335899e-06
9 164 2 3.572068e-06
10 164 2 3.913359e-06
11 164 2 3.992391e-06
12 164 2 3.925908e-06
1 165 2 1.652416e-06
2 165 2 1.619484e-06
3 165 2 1.639844e-06
4 165 2 1.676115e-06
5 165 2 1.657718e-06
6 165 2 1.525335e-06
7 165 2 1.438183e-06
8 165 2 1.455701e-06
9 165 2 1.551621e-06
10 165 2 1.659019e-06
11 165 2 1.745218e-06
12 165 2 1.747274e-06
1 166 2 7.211927e-07
2 166 2 7.139930e-07
3 166 2 7.021968e-07
4 166 2 6.989023e-07
5 166 2 6.760178e-07
6 166 2 6.252039e-07
7 166 2 5.903817e-07
8 166 2 5.947863e-07
9 166 2 6.170467e-07
10 166 2 6.490879e-07
11 166 2 6.998121e-07
12 166 2 7.350722e-07
1 170 2 3.310008e-08
2 170 2 3.640353e-08
3 170 2 3.576626e-08
4 170 2 3.250962e-08
5 170 2 2.709023e-08
6 170 2 2.277815e-08
7 170 2 2.154456e-08
8 170 2 2.056812e-08
9 170 2 2.091406e-08
10 170 2 2.328765e-08
11 170 2 2.569359e-08
12 170 2 2.958776e-08
1 171 2 1.190393e-07
2 171 2 1.306710e-07
3 171 2 1.322529e-07
4 171 2 1.176632e-07
5 171 2 9.788260e-08
6 171 2 8.388077e-08
7 171 2 7.615471e-08
8 171 2 7.215898e-08
9 171 2 7.321035e-08
10 171 2 7.963242e-08
11 171 2 9.088773e-08
12 171 2 1.073751e-07
1 175 2 3.428877e-09
2 175 2 3.625122e-09
3 175 2 3.635521e-09
4 175 2 3.405098e-09
5 175 2 2.958494e-09
6 175 2 2.695938e-09
7 175 2 2.639999e-09
8 175 2 2.617710e-09
9 175 2 2.434756e-09
10 175 2 2.461193e-09
11 175 2 2.573155e-09
12 175 2 3.001600e-09
1 176 2 4.104768e-06
2 176 2 4.135544e-06
3 176 2 4.048684e-06
4 176 2 3.575867e-06
5 176 2 2.892717e-06
6 176 2 2.621344e-06
7 176 2 2.616564e-06
8 176 2 2.985151e-06
9 176 2 3.251139e-06
10 176 2 3.469757e-06
11 176 2 3.703707e-06
12 176 2 3.934246e-06
1 177 2 1.137884e-05
2 177 2 1.105713e-05
3 177 2 1.043999e-05
4 177 2 9.129075e-06
5 177 2 7.465096e-06
6 177 2 6.374561e-06
7 177 2 6.632633e-06
8 177 2 7.947114e-06
9 177 2 9.988280e-06
10 177 2 1.038743e-05
11 177 2 1.059812e-05
12 177 2 1.061977e-05
1 178 2 3.949541e-06
2 178 2 3.903381e-06
3 178 2 3.741676e-06
4 178 2 3.136126e-06
5 178 2 2.730640e-06
6 178 2 2.307998e-06
7 178 2 2.198222e-06
8 178 2 2.214400e-06
9 178 2 2.525468e-06
10 178 2 2.717332e-06
11 178 2 3.069072e-06
12 178 2 3.407315e-06
1 181 2 4.832386e-08
2 181 2 5.104066e-08
3 181 2 5.174354e-08
4 181 2 4.947375e-08
5 181 2 4.080042e-08
6 181 2 3.527999e-08
7 181 2 3.119478e-08
8 181 2 3.192531e-08
9 181 2 3.458783e-08
10 181 2 3.745217e-08
11 181 2 4.241507e-08
12 181 2 4.515978e-08
1 182 2 5.772733e-06
2 182 2 5.335786e-06
3 182 2 5.031407e-06
4 182 2 4.202922e-06
5 182 2 3.291262e-06
6 182 2 2.461667e-06
7 182 2 2.440738e-06
8 182 2 3.391707e-06
9 182 2 4.706359e-06
10 182 2 5.772181e-06
11 182 2 6.379448e-06
12 182 2 6.123328e-06
1 183 2 1.228467e-06
2 183 2 1.180148e-06
3 183 2 1.126673e-06
4 183 2 1.021585e-06
5 183 2 8.595436e-07
6 183 2 6.976216e-07
7 183 2 6.490636e-07
8 183 2 7.707382e-07
9 183 2 8.961585e-07
10 183 2 1.060155e-06
11 183 2 1.154186e-06
12 183 2 1.187155e-06
1 184 2 3.820169e-07
2 184 2 3.870816e-07
3 184 2 3.748825e-07
4 184 2 3.373700e-07
5 184 2 2.804715e-07
6 184 2 2.266739e-07
7 184 2 2.044028e-07
8 184 2 2.134788e-07
9 184 2 2.261451e-07
10 184 2 2.596992e-07
11 184 2 3.038655e-07
12 184 2 3.463394e-07
1 188 2 6.352631e-08
2 188 2 6.297244e-08
3 188 2 5.836980e-08
4 188 2 4.766293e-08
5 188 2 3.368625e-08
6 188 2 2.562295e-08
7 188 2 2.204834e-08
8 188 2 2.242817e-08
9 188 2 3.037883e-08
10 188 2 3.992206e-08
11 188 2 4.754321e-08
12 188 2 5.929917e-08
1 189 2 5.539321e-08
2 189 2 5.119450e-08
3 189 2 4.643797e-08
4 189 2 3.432456e-08
5 189 2 2.272593e-08
6 189 2 1.607093e-08
7 189 2 1.528001e-08
8 189 2 1.876892e-08
9 189 2 3.019309e-08
10 189 2 4.299053e-08
11 189 2 5.229083e-08
12 189 2 5.464366e-08
1 190 2 2.269179e-07
2 190 2 2.150089e-07
3 190 2 1.866282e-07
4 190 2 1.321849e-07
5 190 2 9.222535e-08
6 190 2 6.690423e-08
7 190 2 6.286403e-08
8 190 2 7.578240e-08
9 190 2 1.064449e-07
10 190 2 1.451101e-07
11 190 2 1.901405e-07
12 190 2 2.133342e-07
1 191 2 1.744211e-07
2 191 2 1.807464e-07
3 191 2 1.756864e-07
4 191 2 1.451367e-07
5 191 2 1.193486e-07
6 191 2 9.804278e-08
7 191 2 8.619610e-08
8 191 2 8.753964e-08
9 191 2 9.550752e-08
10 191 2 1.071974e-07
11 191 2 1.318415e-07
12 191 2 1.551104e-07
1 192 2 2.288207e-07
2 192 2 2.472915e-07
3 192 2 2.409383e-07
4 192 2 2.086165e-07
5 192 2 1.763124e-07
6 192 2 1.501229e-07
7 192 2 1.319282e-07
8 192 2 1.225923e-07
9 192 2 1.262267e-07
10 192 2 1.386113e-07
11 192 2 1.654661e-07
12 192 2 1.986886e-07
1 200 2 1.917506e-05
2 200 2 1.972636e-05
3 200 2 1.613183e-05
4 200 2 1.066430e-05
5 200 2 6.980315e-06
6 200 2 5.684821e-06
7 200 2 5.400875e-06
8 200 2 5.824385e-06
9 200 2 6.451537e-06
10 200 2 8.248604e-06
11 200 2 1.146265e-05
12 200 2 1.579320e-05
1 201 2 1.228560e-05
2 201 2 1.267620e-05
3 201 2 1.160430e-05
4 201 2 8.932164e-06
5 201 2 6.731240e-06
6 201 2 5.568940e-06
7 201 2 5.262960e-06
8 201 2 5.444054e-06
9 201 2 5.387984e-06
10 201 2 6.411003e-06
11 201 2 8.172307e-06
12 201 2 1.017835e-05
1 206 2 3.833786e-06
2 206 2 4.140988e-06
3 206 2 3.746486e-06
4 206 2 3.197047e-06
5 206 2 2.643941e-06
6 206 2 2.305294e-06
7 206 2 1.977239e-06
8 206 2 1.941398e-06
9 206 2 2.101543e-06
10 206 2 2.378828e-06
11 206 2 2.788536e-06
12 206 2 3.285184e-06
1 207 2 1.452686e-07
2 207 2 1.586151e-07
3 207 2 1.504271e-07
4 207 2 1.363999e-07
5 207 2 1.209666e-07
6 207 2 1.037525e-07
7 207 2 9.144857e-08
8 207 2 9.005353e-08
9 207 2 9.085826e-08
10 207 2 1.000771e-07
11 207 2 1.078535e-07
12 207 2 1.233777e-07
1 212 2 8.944074e-08
2 212 2 9.547246e-08
3 212 2 8.474115e-08
4 212 2 7.124110e-08
5 212 2 5.552680e-08
6 212 2 4.481474e-08
7 212 2 3.719877e-08
8 212 2 3.595227e-08
9 212 2 4.083195e-08
10 212 2 4.817979e-08
11 212 2 5.714963e-08
12 212 2 7.556272e-08
1 213 2 1.945790e-08
2 213 2 2.126602e-08
3 213 2 1.802212e-08
4 213 2 1.525057e-08
5 213 2 1.176785e-08
6 213 2 9.071357e-09
7 213 2 7.698925e-09
8 213 2 7.516015e-09
9 213 2 9.053360e-09
10 213 2 1.115722e-08
11 213 2 1.370093e-08
12 213 2 1.676607e-08
1 214 2 6.920851e-07
2 214 2 7.336970e-07
3 214 2 5.894799e-07
4 214 2 4.378273e-07
5 214 2 3.236347e-07
6 214 2 2.385040e-07
7 214 2 2.065481e-07
8 214 2 2.129354e-07
9 214 2 2.687855e-07
10 214 2 3.603496e-07
11 214 2 4.932856e-07
12 214 2 5.982695e-07
1 215 2 2.562199e-07
2 215 2 2.635563e-07
3 215 2 2.457259e-07
4 215 2 1.958332e-07
5 215 2 1.590665e-07
6 215 2 1.278066e-07
7 215 2 1.104426e-07
8 215 2 1.107142e-07
9 215 2 1.245055e-07
10 215 2 1.481216e-07
11 215 2 1.865054e-07
12 215 2 2.253088e-07
1 216 2 4.665011e-07
2 216 2 4.870614e-07
3 216 2 4.567436e-07
4 216 2 3.713060e-07
5 216 2 2.973205e-07
6 216 2 2.557753e-07
7 216 2 2.247598e-07
8 216 2 2.149121e-07
9 216 2 2.230094e-07
10 216 2 2.534711e-07
11 216 2 3.048827e-07
12 216 2 3.918294e-07
1 224 2 5.605717e-07
2 224 2 6.128376e-07
3 224 2 5.347755e-07
4 224 2 4.605219e-07
5 224 2 3.718801e-07
6 224 2 3.160260e-07
7 224 2 2.871065e-07
8 224 2 2.998795e-07
9 224 2 3.083918e-07
10 224 2 3.637334e-07
11 224 2 4.343695e-07
12 224 2 5.182370e-07
1 240 2 2.882834e-08
2 240 2 2.940473e-08
3 240 2 2.688991e-08
4 240 2 2.374800e-08
5 240 2 2.064007e-08
6 240 2 1.780278e-08
7 240 2 1.744164e-08
8 240 2 1.798132e-08
9 240 2 1.750373e-08
10 240 2 1.884969e-08
11 240 2 2.071118e-08
12 240 2 2.566791e-08
