1 7 2 2.707273e-11
2 7 2 2.312793e-11
3 7 2 2.529375e-11
4 7 2 6.537396e-11
5 7 2 2.249333e-10
6 7 2 6.058298e-10
7 7 2 8.197055e-10
8 7 2 5.588830e-10
9 7 2 2.416981e-10
10 7 2 1.059598e-10
11 7 2 5.613893e-11
12 7 2 3.311832e-11
1 25 2 1.566438e-08
2 25 2 1.487326e-08
3 25 2 2.095397e-08
4 25 2 3.823635e-08
5 25 2 1.069669e-07
6 25 2 1.939708e-07
7 25 2 2.351494e-07
8 25 2 1.803181e-07
9 25 2 1.018893e-07
10 25 2 4.768048e-08
11 25 2 2.273460e-08
12 25 2 1.316554e-08
1 26 2 3.045224e-09
2 26 2 2.506249e-09
3 26 2 4.144287e-09
4 26 2 9.250389e-09
5 26 2 2.605692e-08
6 26 2 4.976799e-08
7 26 2 5.399812e-08
8 26 2 4.040156e-08
9 26 2 2.209753e-08
10 26 2 8.895119e-09
11 26 2 4.647336e-09
12 26 2 2.873212e-09
1 27 2 1.717606e-08
2 27 2 1.516492e-08
3 27 2 2.658403e-08
4 27 2 6.770625e-08
5 27 2 1.906658e-07
6 27 2 3.941295e-07
7 27 2 4.445113e-07
8 27 2 3.345720e-07
9 27 2 1.728950e-07
10 27 2 6.492624e-08
11 27 2 3.440859e-08
12 27 2 2.128408e-08
1 28 2 2.809483e-09
2 28 2 2.556705e-09
3 28 2 4.299934e-09
4 28 2 1.168825e-08
5 28 2 3.337709e-08
6 28 2 7.145982e-08
7 28 2 8.519672e-08
8 28 2 6.419668e-08
9 28 2 3.302414e-08
10 28 2 1.286130e-08
11 28 2 6.420547e-09
12 28 2 4.002854e-09
1 29 2 3.765774e-09
2 29 2 3.562434e-09
3 29 2 5.675134e-09
4 29 2 1.706419e-08
5 29 2 5.102942e-08
6 29 2 1.255880e-07
7 29 2 1.710798e-07
8 29 2 1.272846e-07
9 29 2 5.845542e-08
10 29 2 2.166576e-08
11 29 2 1.024149e-08
12 29 2 6.393186e-09
1 30 2 8.543429e-10
2 30 2 7.471761e-10
3 30 2 1.187524e-09
4 30 2 3.634676e-09
5 30 2 1.006862e-08
6 30 2 2.738272e-08
7 30 2 3.968996e-08
8 30 2 3.039483e-08
9 30 2 1.375261e-08
10 30 2 5.383021e-09
11 30 2 2.483040e-09
12 30 2 1.487088e-09
1 31 2 1.525846e-09
2 31 2 1.175792e-09
3 31 2 1.786171e-09
4 31 2 4.971508e-09
5 31 2 1.283884e-08
6 31 2 3.380403e-08
7 31 2 4.767119e-08
8 31 2 3.847900e-08
9 31 2 1.924976e-08
10 31 2 8.815439e-09
11 31 2 4.232487e-09
12 31 2 2.358538e-09
1 32 2 1.804543e-09
2 32 2 1.493815e-09
3 32 2 2.088095e-09
4 32 2 4.639831e-09
5 32 2 1.239236e-08
6 32 2 2.935507e-08
7 32 2 3.787153e-08
8 32 2 3.128359e-08
9 32 2 1.746911e-08
10 32 2 9.005502e-09
11 32 2 4.653676e-09
12 32 2 2.413444e-09
1 35 2 1.270903e-07
2 35 2 1.210980e-07
3 35 2 1.315482e-07
4 35 2 1.752999e-07
5 35 2 2.748059e-07
6 35 2 4.196886e-07
7 35 2 5.050142e-07
8 35 2 4.637368e-07
9 35 2 3.151735e-07
10 35 2 2.278700e-07
11 35 2 1.725994e-07
12 35 2 1.402213e-07
1 36 2 1.525597e-08
2 36 2 1.432239e-08
3 36 2 1.587344e-08
4 36 2 1.906539e-08
5 36 2 2.607509e-08
6 36 2 3.761547e-08
7 36 2 4.430040e-08
8 36 2 4.513002e-08
9 36 2 3.444908e-08
10 36 2 2.698947e-08
11 36 2 2.065736e-08
12 36 2 1.711637e-08
1 37 2 3.519427e-07
2 37 2 3.406316e-07
3 37 2 4.292117e-07
4 37 2 5.519086e-07
5 37 2 8.343804e-07
6 37 2 1.265519e-06
7 37 2 1.471863e-06
8 37 2 1.446876e-06
9 37 2 1.064766e-06
10 37 2 7.983887e-07
11 37 2 5.627133e-07
12 37 2 4.310864e-07
1 38 2 1.817237e-06
2 38 2 1.815607e-06
3 38 2 2.765838e-06
4 38 2 4.100811e-06
5 38 2 7.487017e-06
6 38 2 1.328514e-05
7 38 2 1.574902e-05
8 38 2 1.365898e-05
9 38 2 8.822655e-06
10 38 2 6.030276e-06
11 38 2 3.445819e-06
12 38 2 2.486636e-06
1 39 2 1.953319e-06
2 39 2 2.034966e-06
3 39 2 3.296224e-06
4 39 2 5.089645e-06
5 39 2 9.875596e-06
6 39 2 1.909202e-05
7 39 2 2.370694e-05
8 39 2 1.919356e-05
9 39 2 1.209794e-05
10 39 2 7.639703e-06
11 39 2 3.867052e-06
12 39 2 2.822668e-06
1 40 2 4.844337e-07
2 40 2 5.315078e-07
3 40 2 9.479364e-07
4 40 2 1.594030e-06
5 40 2 3.484630e-06
6 40 2 7.911646e-06
7 40 2 9.898691e-06
8 40 2 7.261431e-06
9 40 2 4.472967e-06
10 40 2 2.410077e-06
11 40 2 1.032407e-06
12 40 2 7.691112e-07
1 41 2 2.580264e-07
2 41 2 2.758431e-07
3 41 2 5.527804e-07
4 41 2 9.845411e-07
5 41 2 2.469373e-06
6 41 2 6.266288e-06
7 41 2 8.101937e-06
8 41 2 5.682662e-06
9 41 2 3.175735e-06
10 41 2 1.376393e-06
11 41 2 5.287733e-07
12 41 2 4.407257e-07
1 42 2 1.395568e-07
2 42 2 1.459792e-07
3 42 2 3.148021e-07
4 42 2 6.210075e-07
5 42 2 1.765420e-06
6 42 2 4.896746e-06
7 42 2 6.854870e-06
8 42 2 4.577791e-06
9 42 2 2.167823e-06
10 42 2 7.758408e-07
11 42 2 2.892483e-07
12 42 2 2.372861e-07
1 43 2 3.917213e-09
2 43 2 4.061644e-09
3 43 2 9.583373e-09
4 43 2 2.338371e-08
5 43 2 7.826958e-08
6 43 2 2.308292e-07
7 43 2 3.374403e-07
8 43 2 2.118216e-07
9 43 2 8.661782e-08
10 43 2 2.659387e-08
11 43 2 9.069080e-09
12 43 2 6.354773e-09
1 44 2 1.616505e-08
2 44 2 1.624223e-08
3 44 2 3.532935e-08
4 44 2 9.551203e-08
5 44 2 3.568300e-07
6 44 2 1.124490e-06
7 44 2 1.643503e-06
8 44 2 9.910224e-07
9 44 2 3.572487e-07
10 44 2 1.058455e-07
11 44 2 3.473881e-08
12 44 2 2.348734e-08
1 45 2 3.710316e-08
2 45 2 4.158180e-08
3 45 2 7.576924e-08
4 45 2 2.234495e-07
5 45 2 9.357632e-07
6 45 2 3.104960e-06
7 45 2 4.343798e-06
8 45 2 2.644934e-06
9 45 2 9.095332e-07
10 45 2 2.322228e-07
11 45 2 6.731139e-08
12 45 2 4.399140e-08
1 46 2 1.684784e-08
2 46 2 2.119500e-08
3 46 2 3.331693e-08
4 46 2 9.251775e-08
5 46 2 3.633133e-07
6 46 2 1.126957e-06
7 46 2 1.576534e-06
8 46 2 9.878743e-07
9 46 2 3.710738e-07
10 46 2 8.994387e-08
11 46 2 2.472912e-08
12 46 2 1.763532e-08
1 47 2 2.213445e-08
2 47 2 2.816913e-08
3 47 2 3.969471e-08
4 47 2 8.893710e-08
5 47 2 3.031420e-07
6 47 2 8.351558e-07
7 47 2 1.132650e-06
8 47 2 7.680176e-07
9 47 2 3.253557e-07
10 47 2 1.003522e-07
11 47 2 2.960651e-08
12 47 2 2.250489e-08
1 48 2 2.998172e-08
2 48 2 3.444114e-08
3 48 2 4.737186e-08
4 48 2 9.250724e-08
5 48 2 2.870677e-07
6 48 2 6.603049e-07
7 48 2 8.774839e-07
8 48 2 6.173602e-07
9 48 2 2.938884e-07
10 48 2 1.095720e-07
11 48 2 3.944454e-08
12 48 2 2.615722e-08
1 49 2 1.582987e-09
2 49 2 1.440379e-09
3 49 2 1.633812e-09
4 49 2 1.912232e-09
5 49 2 2.734899e-09
6 49 2 4.160991e-09
7 49 2 6.205433e-09
8 49 2 5.835338e-09
9 49 2 4.070081e-09
10 49 2 2.912535e-09
11 49 2 2.126386e-09
12 49 2 1.551195e-09
1 50 2 6.452522e-09
2 50 2 5.569812e-09
3 50 2 6.528681e-09
4 50 2 7.442020e-09
5 50 2 1.047412e-08
6 50 2 1.537063e-08
7 50 2 2.121373e-08
8 50 2 2.040046e-08
9 50 2 1.477179e-08
10 50 2 1.052995e-08
11 50 2 7.883572e-09
12 50 2 6.207453e-09
1 51 2 2.510682e-09
2 51 2 2.291391e-09
3 51 2 2.489849e-09
4 51 2 2.874109e-09
5 51 2 3.917484e-09
6 51 2 5.493960e-09
7 51 2 7.159432e-09
8 51 2 7.099983e-09
9 51 2 5.899045e-09
10 51 2 4.149237e-09
11 51 2 3.109701e-09
12 51 2 2.606024e-09
1 52 2 2.412808e-06
2 52 2 2.536069e-06
3 52 2 3.185879e-06
4 52 2 4.644577e-06
5 52 2 7.854591e-06
6 52 2 1.080968e-05
7 52 2 1.386542e-05
8 52 2 1.296891e-05
9 52 2 1.046899e-05
10 52 2 5.980567e-06
11 52 2 3.599716e-06
12 52 2 2.775930e-06
1 53 2 9.848483e-07
2 53 2 1.235625e-06
3 53 2 2.093409e-06
4 53 2 4.569287e-06
5 53 2 8.701319e-06
6 53 2 1.299328e-05
7 53 2 1.803622e-05
8 53 2 1.536896e-05
9 53 2 1.040183e-05
10 53 2 4.587645e-06
11 53 2 2.046213e-06
12 53 2 1.296359e-06
1 54 2 3.382288e-07
2 54 2 4.387693e-07
3 54 2 8.205163e-07
4 54 2 2.038902e-06
5 54 2 4.016002e-06
6 54 2 7.757084e-06
7 54 2 1.101931e-05
8 54 2 9.239971e-06
9 54 2 5.603897e-06
10 54 2 2.383323e-06
11 54 2 1.021601e-06
12 54 2 5.635350e-07
1 55 2 3.932035e-07
2 55 2 4.385267e-07
3 55 2 8.180595e-07
4 55 2 1.915528e-06
5 55 2 3.801184e-06
6 55 2 8.117801e-06
7 55 2 1.128436e-05
8 55 2 9.731779e-06
9 55 2 6.171264e-06
10 55 2 2.959022e-06
11 55 2 1.384413e-06
12 55 2 7.927191e-07
1 56 2 1.638499e-06
2 56 2 1.700404e-06
3 56 2 2.945145e-06
4 56 2 6.567254e-06
5 56 2 1.435514e-05
6 56 2 2.829714e-05
7 56 2 3.912327e-05
8 56 2 3.247033e-05
9 56 2 2.122338e-05
10 56 2 1.093505e-05
11 56 2 4.929928e-06
12 56 2 2.827361e-06
1 57 2 3.361462e-07
2 57 2 3.207168e-07
3 57 2 3.944634e-07
4 57 2 5.987338e-07
5 57 2 1.001775e-06
6 57 2 1.630014e-06
7 57 2 2.321158e-06
8 57 2 2.091930e-06
9 57 2 1.556398e-06
10 57 2 9.997487e-07
11 57 2 6.113516e-07
12 57 2 4.393508e-07
1 60 2 2.501274e-05
2 60 2 2.422258e-05
3 60 2 2.777849e-05
4 60 2 3.294488e-05
5 60 2 4.061842e-05
6 60 2 5.345357e-05
7 60 2 6.223064e-05
8 60 2 6.225681e-05
9 60 2 5.283386e-05
10 60 2 4.312998e-05
11 60 2 3.449390e-05
12 60 2 2.859191e-05
1 61 2 8.077962e-05
2 61 2 8.126552e-05
3 61 2 1.142986e-04
4 61 2 1.721578e-04
5 61 2 2.511256e-04
6 61 2 3.537954e-04
7 61 2 4.186826e-04
8 61 2 4.028073e-04
9 61 2 3.129918e-04
10 61 2 2.128989e-04
11 61 2 1.388869e-04
12 61 2 9.741410e-05
1 62 2 2.438221e-05
2 62 2 2.670426e-05
3 62 2 4.203738e-05
4 62 2 7.610049e-05
5 62 2 1.305287e-04
6 62 2 1.851654e-04
7 62 2 2.264199e-04
8 62 2 2.113548e-04
9 62 2 1.472767e-04
10 62 2 8.782683e-05
11 62 2 4.769386e-05
12 62 2 3.103780e-05
1 63 2 2.853190e-05
2 63 2 3.463651e-05
3 63 2 5.795598e-05
4 63 2 1.218961e-04
5 63 2 2.339387e-04
6 63 2 3.477871e-04
7 63 2 4.447357e-04
8 63 2 3.870072e-04
9 63 2 2.363719e-04
10 63 2 1.290852e-04
11 63 2 5.962542e-05
12 63 2 3.903332e-05
1 64 2 7.146638e-06
2 64 2 9.155588e-06
3 64 2 1.743445e-05
4 64 2 4.129639e-05
5 64 2 8.844385e-05
6 64 2 1.416668e-04
7 64 2 1.795658e-04
8 64 2 1.403803e-04
9 64 2 8.037968e-05
10 64 2 3.553408e-05
11 64 2 1.623733e-05
12 64 2 1.111214e-05
1 65 2 2.417434e-06
2 65 2 2.997633e-06
3 65 2 6.567251e-06
4 65 2 1.851988e-05
5 65 2 3.883028e-05
6 65 2 6.599352e-05
7 65 2 8.553697e-05
8 65 2 6.384016e-05
9 65 2 3.620812e-05
10 65 2 1.284868e-05
11 65 2 5.656241e-06
12 65 2 4.099069e-06
1 66 2 1.601209e-06
2 66 2 1.979593e-06
3 66 2 4.706060e-06
4 66 2 1.543902e-05
5 66 2 3.210213e-05
6 66 2 5.520106e-05
7 66 2 7.613147e-05
8 66 2 5.755547e-05
9 66 2 3.255820e-05
10 66 2 1.078690e-05
11 66 2 4.133703e-06
12 66 2 2.564055e-06
1 67 2 5.439972e-07
2 67 2 7.253950e-07
3 67 2 1.844684e-06
4 67 2 6.814424e-06
5 67 2 1.546153e-05
6 67 2 2.636976e-05
7 67 2 3.686783e-05
8 67 2 2.837281e-05
9 67 2 1.551796e-05
10 67 2 5.706676e-06
11 67 2 1.804494e-06
12 67 2 8.121932e-07
1 68 2 1.332323e-07
2 68 2 1.788951e-07
3 68 2 5.313085e-07
4 68 2 2.442174e-06
5 68 2 6.655238e-06
6 68 2 1.275350e-05
7 68 2 1.828610e-05
8 68 2 1.359999e-05
9 68 2 6.526770e-06
10 68 2 2.397857e-06
11 68 2 5.467963e-07
12 68 2 1.902661e-07
1 69 2 7.988662e-08
2 69 2 1.132644e-07
3 69 2 2.708641e-07
4 69 2 1.187755e-06
5 69 2 3.808593e-06
6 69 2 9.013463e-06
7 69 2 1.320465e-05
8 69 2 1.016491e-05
9 69 2 4.366778e-06
10 69 2 1.419908e-06
11 69 2 2.751269e-07
12 69 2 1.034656e-07
1 70 2 3.345064e-07
2 70 2 3.909740e-07
3 70 2 5.602544e-07
4 70 2 1.461675e-06
5 70 2 3.665416e-06
6 70 2 8.900673e-06
7 70 2 1.440737e-05
8 70 2 1.313093e-05
9 70 2 6.779933e-06
10 70 2 2.416701e-06
11 70 2 7.350162e-07
12 70 2 4.137609e-07
1 71 2 2.811869e-07
2 71 2 2.853390e-07
3 71 2 3.228827e-07
4 71 2 5.181292e-07
5 71 2 1.003424e-06
6 71 2 2.093236e-06
7 71 2 3.212461e-06
8 71 2 3.193991e-06
9 71 2 2.049235e-06
10 71 2 9.760231e-07
11 71 2 4.662710e-07
12 71 2 3.238410e-07
1 72 2 1.180548e-09
2 72 2 1.127526e-09
3 72 2 1.221558e-09
4 72 2 1.557498e-09
5 72 2 2.423352e-09
6 72 2 4.216713e-09
7 72 2 6.531205e-09
8 72 2 6.281488e-09
9 72 2 4.394739e-09
10 72 2 2.664721e-09
11 72 2 1.641835e-09
12 72 2 1.172486e-09
1 76 2 2.256354e-06
2 76 2 2.064332e-06
3 76 2 2.085109e-06
4 76 2 2.268101e-06
5 76 2 3.083522e-06
6 76 2 4.396907e-06
7 76 2 5.896008e-06
8 76 2 6.292121e-06
9 76 2 5.995167e-06
10 76 2 4.003574e-06
11 76 2 2.584475e-06
12 76 2 2.260348e-06
1 77 2 2.301389e-06
2 77 2 2.988335e-06
3 77 2 3.914540e-06
4 77 2 6.326757e-06
5 77 2 1.062288e-05
6 77 2 1.640062e-05
7 77 2 2.228402e-05
8 77 2 2.115115e-05
9 77 2 1.566787e-05
10 77 2 7.915594e-06
11 77 2 3.473386e-06
12 77 2 2.189258e-06
1 78 2 2.513992e-06
2 78 2 3.435015e-06
3 78 2 4.783464e-06
4 78 2 8.579647e-06
5 78 2 1.341609e-05
6 78 2 2.130010e-05
7 78 2 2.629261e-05
8 78 2 2.461984e-05
9 78 2 1.596324e-05
10 78 2 8.465616e-06
11 78 2 4.571615e-06
12 78 2 2.639348e-06
1 79 2 1.102206e-05
2 79 2 1.352424e-05
3 79 2 1.985749e-05
4 79 2 3.293695e-05
5 79 2 5.004036e-05
6 79 2 8.174946e-05
7 79 2 1.001737e-04
8 79 2 9.489686e-05
9 79 2 6.552685e-05
10 79 2 3.955498e-05
11 79 2 2.253639e-05
12 79 2 1.380538e-05
1 80 2 4.264299e-06
2 80 2 4.272626e-06
3 80 2 5.368821e-06
4 80 2 7.259263e-06
5 80 2 1.082655e-05
6 80 2 1.647220e-05
7 80 2 2.121046e-05
8 80 2 2.099800e-05
9 80 2 1.742796e-05
10 80 2 1.221882e-05
11 80 2 7.127971e-06
12 80 2 5.268757e-06
1 81 2 5.076639e-12
2 81 2 4.600659e-12
3 81 2 4.845743e-12
4 81 2 5.745863e-12
5 81 2 8.273991e-12
6 81 2 1.114896e-11
7 81 2 1.487637e-11
8 81 2 1.596202e-11
9 81 2 1.451446e-11
10 81 2 1.113684e-11
11 81 2 7.361879e-12
12 81 2 6.027142e-12
1 84 2 1.446620e-05
2 84 2 1.529441e-05
3 84 2 1.891613e-05
4 84 2 2.390407e-05
5 84 2 3.204815e-05
6 84 2 5.251322e-05
7 84 2 7.033218e-05
8 84 2 6.739570e-05
9 84 2 5.057014e-05
10 84 2 3.191483e-05
11 84 2 2.143965e-05
12 84 2 1.637758e-05
1 85 2 1.986201e-05
2 85 2 2.236619e-05
3 85 2 2.907965e-05
4 85 2 4.225002e-05
5 85 2 6.763308e-05
6 85 2 1.033201e-04
7 85 2 1.429530e-04
8 85 2 1.359924e-04
9 85 2 9.792378e-05
10 85 2 5.401534e-05
11 85 2 3.046237e-05
12 85 2 2.210352e-05
1 86 2 6.109898e-06
2 86 2 6.917683e-06
3 86 2 8.840289e-06
4 86 2 1.284074e-05
5 86 2 2.063761e-05
6 86 2 2.994471e-05
7 86 2 4.113608e-05
8 86 2 4.127065e-05
9 86 2 3.054814e-05
10 86 2 1.771453e-05
11 86 2 9.758035e-06
12 86 2 6.974001e-06
1 87 2 6.889521e-06
2 87 2 9.320730e-06
3 87 2 1.330829e-05
4 87 2 2.103738e-05
5 87 2 3.690728e-05
6 87 2 5.547632e-05
7 87 2 7.520873e-05
8 87 2 7.663518e-05
9 87 2 5.556086e-05
10 87 2 3.128224e-05
11 87 2 1.374459e-05
12 87 2 8.354622e-06
1 88 2 3.010644e-06
2 88 2 4.275357e-06
3 88 2 6.704391e-06
4 88 2 1.272086e-05
5 88 2 2.610696e-05
6 88 2 4.103298e-05
7 88 2 5.254843e-05
8 88 2 4.608908e-05
9 88 2 2.978278e-05
10 88 2 1.407479e-05
11 88 2 7.215705e-06
12 88 2 4.008060e-06
1 89 2 3.333913e-06
2 89 2 4.638708e-06
3 89 2 8.804123e-06
4 89 2 1.655905e-05
5 89 2 3.304550e-05
6 89 2 4.936613e-05
7 89 2 5.758878e-05
8 89 2 5.043404e-05
9 89 2 3.291353e-05
10 89 2 1.566257e-05
11 89 2 8.618332e-06
12 89 2 4.770282e-06
1 90 2 8.209330e-07
2 90 2 1.081962e-06
3 90 2 2.147038e-06
4 90 2 3.853477e-06
5 90 2 5.916790e-06
6 90 2 7.831863e-06
7 90 2 8.795666e-06
8 90 2 8.138427e-06
9 90 2 5.930936e-06
10 90 2 3.537551e-06
11 90 2 1.950441e-06
12 90 2 1.110343e-06
1 91 2 1.149189e-08
2 91 2 1.626052e-08
3 91 2 3.397182e-08
4 91 2 6.419606e-08
5 91 2 9.474337e-08
6 91 2 1.204277e-07
7 91 2 1.352227e-07
8 91 2 1.240122e-07
9 91 2 8.916735e-08
10 91 2 5.519480e-08
11 91 2 2.860632e-08
12 91 2 1.468524e-08
1 92 2 6.166572e-08
2 92 2 8.808573e-08
3 92 2 2.208087e-07
4 92 2 5.267984e-07
5 92 2 9.934652e-07
6 92 2 1.522338e-06
7 92 2 1.827362e-06
8 92 2 1.663193e-06
9 92 2 1.040509e-06
10 92 2 5.529973e-07
11 92 2 2.168859e-07
12 92 2 9.310380e-08
1 93 2 4.109811e-06
2 93 2 4.958855e-06
3 93 2 1.019567e-05
4 93 2 2.376214e-05
5 93 2 4.239032e-05
6 93 2 6.727046e-05
7 93 2 9.023980e-05
8 93 2 8.871342e-05
9 93 2 5.966908e-05
10 93 2 3.436214e-05
11 93 2 1.471574e-05
12 93 2 6.129401e-06
1 94 2 5.258605e-06
2 94 2 5.232095e-06
3 94 2 6.986111e-06
4 94 2 1.238068e-05
5 94 2 2.113306e-05
6 94 2 3.327659e-05
7 94 2 4.597148e-05
8 94 2 5.009873e-05
9 94 2 4.126708e-05
10 94 2 2.490874e-05
11 94 2 1.336914e-05
12 94 2 7.304576e-06
1 98 2 2.858692e-07
2 98 2 2.661063e-07
3 98 2 2.505803e-07
4 98 2 2.667959e-07
5 98 2 3.027950e-07
6 98 2 3.464870e-07
7 98 2 3.897267e-07
8 98 2 4.107530e-07
9 98 2 4.053213e-07
10 98 2 3.831368e-07
11 98 2 3.446289e-07
12 98 2 3.136159e-07
1 101 2 1.122490e-06
2 101 2 1.153397e-06
3 101 2 1.181933e-06
4 101 2 1.457503e-06
5 101 2 1.874377e-06
6 101 2 2.188531e-06
7 101 2 2.336131e-06
8 101 2 2.340885e-06
9 101 2 2.250449e-06
10 101 2 1.929529e-06
11 101 2 1.483755e-06
12 101 2 1.190078e-06
1 102 2 7.198353e-06
2 102 2 8.136745e-06
3 102 2 1.000021e-05
4 102 2 1.250825e-05
5 102 2 1.447501e-05
6 102 2 1.580207e-05
7 102 2 1.624705e-05
8 102 2 1.645234e-05
9 102 2 1.482815e-05
10 102 2 1.142362e-05
11 102 2 9.168889e-06
12 102 2 7.515044e-06
1 103 2 4.020876e-06
2 103 2 4.103337e-06
3 103 2 4.472123e-06
4 103 2 5.053330e-06
5 103 2 5.885005e-06
6 103 2 6.734635e-06
7 103 2 7.286019e-06
8 103 2 7.646516e-06
9 103 2 7.499650e-06
10 103 2 6.554043e-06
11 103 2 5.391729e-06
12 103 2 4.483045e-06
1 104 2 1.886230e-06
2 104 2 1.809979e-06
3 104 2 1.829645e-06
4 104 2 2.005942e-06
5 104 2 2.345571e-06
6 104 2 2.691656e-06
7 104 2 3.020914e-06
8 104 2 3.263324e-06
9 104 2 3.289591e-06
10 104 2 3.073129e-06
11 104 2 2.527926e-06
12 104 2 2.093119e-06
1 107 2 6.892089e-07
2 107 2 7.271028e-07
3 107 2 8.489186e-07
4 107 2 9.727672e-07
5 107 2 1.090897e-06
6 107 2 1.396611e-06
7 107 2 1.526555e-06
8 107 2 1.520378e-06
9 107 2 1.423301e-06
10 107 2 1.217424e-06
11 107 2 9.678071e-07
12 107 2 7.568617e-07
1 108 2 9.129935e-08
2 108 2 1.166807e-07
3 108 2 1.694912e-07
4 108 2 2.625048e-07
5 108 2 4.074776e-07
6 108 2 5.592757e-07
7 108 2 5.986878e-07
8 108 2 5.291139e-07
9 108 2 4.281367e-07
10 108 2 2.953847e-07
11 108 2 1.538654e-07
12 108 2 9.795036e-08
1 109 2 1.733391e-07
2 109 2 2.289557e-07
3 109 2 3.581015e-07
4 109 2 6.214546e-07
5 109 2 1.058824e-06
6 109 2 1.334701e-06
7 109 2 1.356177e-06
8 109 2 1.246708e-06
9 109 2 1.001142e-06
10 109 2 7.024654e-07
11 109 2 3.124391e-07
12 109 2 1.825154e-07
1 110 2 7.637174e-08
2 110 2 9.728298e-08
3 110 2 1.562414e-07
4 110 2 2.418556e-07
5 110 2 3.751084e-07
6 110 2 4.343935e-07
7 110 2 4.670149e-07
8 110 2 4.618742e-07
9 110 2 3.888873e-07
10 110 2 2.835234e-07
11 110 2 1.371416e-07
12 110 2 8.072305e-08
1 111 2 2.619163e-06
2 111 2 3.275809e-06
3 111 2 5.303463e-06
4 111 2 8.037840e-06
5 111 2 1.214802e-05
6 111 2 1.557958e-05
7 111 2 1.646878e-05
8 111 2 1.631169e-05
9 111 2 1.389083e-05
10 111 2 9.042259e-06
11 111 2 4.871000e-06
12 111 2 2.975296e-06
1 112 2 3.017927e-06
2 112 2 3.891248e-06
3 112 2 6.826357e-06
4 112 2 1.135183e-05
5 112 2 1.726238e-05
6 112 2 2.103625e-05
7 112 2 2.142485e-05
8 112 2 1.997017e-05
9 112 2 1.524503e-05
10 112 2 1.012077e-05
11 112 2 5.808266e-06
12 112 2 3.570282e-06
1 113 2 1.730806e-06
2 113 2 2.192770e-06
3 113 2 3.683867e-06
4 113 2 5.508887e-06
5 113 2 6.779212e-06
6 113 2 5.919255e-06
7 113 2 5.079072e-06
8 113 2 4.850927e-06
9 113 2 4.797795e-06
10 113 2 4.380845e-06
11 113 2 3.064127e-06
12 113 2 2.069542e-06
1 114 2 4.718410e-06
2 114 2 6.398403e-06
3 114 2 1.139985e-05
4 114 2 1.661738e-05
5 114 2 1.917157e-05
6 114 2 1.403467e-05
7 114 2 1.159169e-05
8 114 2 1.062519e-05
9 114 2 1.025368e-05
10 114 2 9.177233e-06
11 114 2 6.996003e-06
12 114 2 5.182197e-06
1 115 2 1.614590e-06
2 115 2 2.349084e-06
3 115 2 3.723680e-06
4 115 2 4.615827e-06
5 115 2 4.122152e-06
6 115 2 3.827283e-06
7 115 2 3.691343e-06
8 115 2 3.541582e-06
9 115 2 3.257199e-06
10 115 2 2.910806e-06
11 115 2 2.211172e-06
12 115 2 1.586350e-06
1 116 2 1.169239e-06
2 116 2 1.496769e-06
3 116 2 2.288917e-06
4 116 2 3.239878e-06
5 116 2 3.768182e-06
6 116 2 4.291003e-06
7 116 2 4.498616e-06
8 116 2 4.306174e-06
9 116 2 3.488480e-06
10 116 2 2.788962e-06
11 116 2 2.026126e-06
12 116 2 1.334725e-06
1 117 2 3.186763e-07
2 117 2 3.327778e-07
3 117 2 4.202678e-07
4 117 2 5.752924e-07
5 117 2 7.325882e-07
6 117 2 8.679550e-07
7 117 2 9.240286e-07
8 117 2 9.228169e-07
9 117 2 8.420145e-07
10 117 2 7.208152e-07
11 117 2 5.818869e-07
12 117 2 4.203476e-07
1 126 2 2.069341e-08
2 126 2 2.150868e-08
3 126 2 2.331247e-08
4 126 2 2.461655e-08
5 126 2 2.432138e-08
6 126 2 2.260399e-08
7 126 2 2.178894e-08
8 126 2 2.200181e-08
9 126 2 2.188534e-08
10 126 2 2.150584e-08
11 126 2 2.101388e-08
12 126 2 2.069571e-08
1 127 2 2.084049e-06
2 127 2 2.119520e-06
3 127 2 2.237108e-06
4 127 2 2.322594e-06
5 127 2 2.354236e-06
6 127 2 2.280375e-06
7 127 2 2.281005e-06
8 127 2 2.333350e-06
9 127 2 2.308477e-06
10 127 2 2.215958e-06
11 127 2 2.147538e-06
12 127 2 2.120955e-06
1 128 2 9.441071e-06
2 128 2 9.695893e-06
3 128 2 9.953453e-06
4 128 2 9.716261e-06
5 128 2 9.451526e-06
6 128 2 9.167612e-06
7 128 2 9.770982e-06
8 128 2 1.110965e-05
9 128 2 1.168169e-05
10 128 2 1.103391e-05
11 128 2 1.003373e-05
12 128 2 9.453769e-06
1 129 2 2.697103e-07
2 129 2 2.660071e-07
3 129 2 2.727161e-07
4 129 2 2.806249e-07
5 129 2 2.849549e-07
6 129 2 2.926636e-07
7 129 2 3.058046e-07
8 129 2 3.333265e-07
9 129 2 3.482559e-07
10 129 2 3.497902e-07
11 129 2 3.193704e-07
12 129 2 2.837217e-07
1 133 2 5.788162e-06
2 133 2 6.729595e-06
3 133 2 8.078516e-06
4 133 2 8.294499e-06
5 133 2 7.912103e-06
6 133 2 7.272291e-06
7 133 2 6.490588e-06
8 133 2 6.077698e-06
9 133 2 6.337686e-06
10 133 2 6.749879e-06
11 133 2 6.439493e-06
12 133 2 5.634560e-06
1 135 2 2.503272e-07
2 135 2 2.820312e-07
3 135 2 3.353996e-07
4 135 2 3.612097e-07
5 135 2 3.470879e-07
6 135 2 3.096379e-07
7 135 2 2.674965e-07
8 135 2 2.701735e-07
9 135 2 2.870903e-07
10 135 2 2.699917e-07
11 135 2 2.587847e-07
12 135 2 2.430928e-07
1 136 2 2.799843e-07
2 136 2 2.881605e-07
3 136 2 3.563642e-07
4 136 2 4.332304e-07
5 136 2 4.744068e-07
6 136 2 4.328399e-07
7 136 2 3.830128e-07
8 136 2 3.821343e-07
9 136 2 3.841094e-07
10 136 2 3.613309e-07
11 136 2 3.416365e-07
12 136 2 3.033775e-07
1 137 2 6.823114e-08
2 137 2 7.158149e-08
3 137 2 8.206967e-08
4 137 2 9.018251e-08
5 137 2 8.901561e-08
6 137 2 8.190328e-08
7 137 2 7.576926e-08
8 137 2 7.310976e-08
9 137 2 7.315569e-08
10 137 2 7.621135e-08
11 137 2 7.534925e-08
12 137 2 7.104759e-08
1 138 2 2.720889e-06
2 138 2 2.992051e-06
3 138 2 3.471221e-06
4 138 2 3.863254e-06
5 138 2 3.897786e-06
6 138 2 3.425762e-06
7 138 2 3.173640e-06
8 138 2 3.060583e-06
9 138 2 3.068933e-06
10 138 2 3.086816e-06
11 138 2 2.994271e-06
12 138 2 2.776935e-06
1 139 2 4.589871e-06
2 139 2 5.227015e-06
3 139 2 5.840675e-06
4 139 2 6.130204e-06
5 139 2 6.043814e-06
6 139 2 5.628432e-06
7 139 2 5.325348e-06
8 139 2 5.126527e-06
9 139 2 5.060079e-06
10 139 2 5.099362e-06
11 139 2 4.852433e-06
12 139 2 4.441755e-06
1 140 2 1.521044e-06
2 140 2 1.572816e-06
3 140 2 1.708200e-06
4 140 2 1.935362e-06
5 140 2 2.055078e-06
6 140 2 1.973906e-06
7 140 2 1.868968e-06
8 140 2 1.802604e-06
9 140 2 1.776325e-06
10 140 2 1.786142e-06
11 140 2 1.748418e-06
12 140 2 1.630059e-06
1 141 2 2.389978e-06
2 141 2 2.365248e-06
3 141 2 2.432995e-06
4 141 2 2.670192e-06
5 141 2 2.881491e-06
6 141 2 2.849324e-06
7 141 2 2.772275e-06
8 141 2 2.688264e-06
9 141 2 2.665481e-06
10 141 2 2.671748e-06
11 141 2 2.698415e-06
12 141 2 2.619950e-06
1 150 2 2.760419e-09
2 150 2 3.021713e-09
3 150 2 3.234400e-09
4 150 2 3.307439e-09
5 150 2 3.094754e-09
6 150 2 2.729434e-09
7 150 2 2.490005e-09
8 150 2 2.429877e-09
9 150 2 2.351320e-09
10 150 2 2.297823e-09
11 150 2 2.342498e-09
12 150 2 2.492351e-09
1 151 2 1.791476e-06
2 151 2 1.905444e-06
3 151 2 2.020335e-06
4 151 2 2.067974e-06
5 151 2 2.000909e-06
6 151 2 1.883475e-06
7 151 2 1.841858e-06
8 151 2 1.912968e-06
9 151 2 1.821316e-06
10 151 2 1.709117e-06
11 151 2 1.659001e-06
12 151 2 1.700389e-06
1 152 2 1.420190e-06
2 152 2 1.438548e-06
3 152 2 1.451865e-06
4 152 2 1.379647e-06
5 152 2 1.326210e-06
6 152 2 1.302525e-06
7 152 2 1.489134e-06
8 152 2 1.985581e-06
9 152 2 2.107912e-06
10 152 2 1.796593e-06
11 152 2 1.540653e-06
12 152 2 1.424787e-06
1 153 2 1.645826e-06
2 153 2 1.685748e-06
3 153 2 1.778580e-06
4 153 2 1.744552e-06
5 153 2 1.684717e-06
6 153 2 1.654054e-06
7 153 2 1.930807e-06
8 153 2 2.523217e-06
9 153 2 3.068935e-06
10 153 2 2.742998e-06
11 153 2 2.074937e-06
12 153 2 1.731254e-06
1 154 2 4.477817e-06
2 154 2 4.453521e-06
3 154 2 4.634461e-06
4 154 2 4.440673e-06
5 154 2 4.152434e-06
6 154 2 3.735163e-06
7 154 2 3.526975e-06
8 154 2 3.674162e-06
9 154 2 4.142569e-06
10 154 2 4.655508e-06
11 154 2 4.906386e-06
12 154 2 4.744241e-06
1 157 2 1.784836e-07
2 157 2 1.853374e-07
3 157 2 1.984302e-07
4 157 2 1.956349e-07
5 157 2 1.906878e-07
6 157 2 1.792793e-07
7 157 2 1.710580e-07
8 157 2 1.693338e-07
9 157 2 1.681099e-07
10 157 2 1.710411e-07
11 157 2 1.722673e-07
12 157 2 1.745154e-07
1 163 2 8.301089e-07
2 163 2 8.412312e-07
3 163 2 8.661945e-07
4 163 2 9.181719e-07
5 163 2 9.190679e-07
6 163 2 8.497144e-07
7 163 2 7.855582e-07
8 163 2 7.376545e-07
9 163 2 7.482175e-07
10 163 2 7.915853e-07
11 163 2 8.225296e-07
12 163 2 8.289744e-07
1 164 2 3.141315e-06
2 164 2 3.114456e-06
3 164 2 3.201152e-06
4 164 2 3.350490e-06
5 164 2 3.311078e-06
6 164 2 3.062492e-06
7 164 2 2.834606e-06
8 164 2 2.768888e-06
9 164 2 2.964915e-06
10 164 2 3.248196e-06
11 164 2 3.313794e-06
12 164 2 3.258612e-06
1 165 2 1.371864e-06
2 165 2 1.344524e-06
3 165 2 1.361427e-06
4 165 2 1.391540e-06
5 165 2 1.376266e-06
6 165 2 1.266360e-06
7 165 2 1.194004e-06
8 165 2 1.208548e-06
9 165 2 1.288182e-06
10 165 2 1.377346e-06
11 165 2 1.448910e-06
12 165 2 1.450617e-06
1 166 2 5.986188e-07
2 166 2 5.926428e-07
3 166 2 5.828514e-07
4 166 2 5.801169e-07
5 166 2 5.611218e-07
6 166 2 5.189443e-07
7 166 2 4.900404e-07
8 166 2 4.936964e-07
9 166 2 5.121735e-07
10 166 2 5.387689e-07
11 166 2 5.808720e-07
12 166 2 6.101394e-07
1 170 2 2.748536e-08
2 170 2 3.022845e-08
3 170 2 2.969929e-08
4 170 2 2.699507e-08
5 170 2 2.249495e-08
6 170 2 1.891433e-08
7 170 2 1.788999e-08
8 170 2 1.707918e-08
9 170 2 1.736644e-08
10 170 2 1.933741e-08
11 170 2 2.133523e-08
12 170 2 2.456884e-08
1 171 2 9.866322e-08
2 171 2 1.083039e-07
3 171 2 1.096150e-07
4 171 2 9.752269e-08
5 171 2 8.112792e-08
6 171 2 6.952280e-08
7 171 2 6.311922e-08
8 171 2 5.980744e-08
9 171 2 6.067885e-08
10 171 2 6.600165e-08
11 171 2 7.533037e-08
12 171 2 8.899558e-08
1 175 2 2.847973e-09
2 175 2 3.010971e-09
3 175 2 3.019608e-09
4 175 2 2.828222e-09
5 175 2 2.457280e-09
6 175 2 2.239205e-09
7 175 2 2.192743e-09
8 175 2 2.174230e-09
9 175 2 2.022271e-09
10 175 2 2.044229e-09
11 175 2 2.137223e-09
12 175 2 2.493083e-09
1 176 2 3.598851e-06
2 176 2 3.625833e-06
3 176 2 3.549679e-06
4 176 2 3.135138e-06
5 176 2 2.536187e-06
6 176 2 2.298261e-06
7 176 2 2.294069e-06
8 176 2 2.617228e-06
9 176 2 2.850432e-06
10 176 2 3.042106e-06
11 176 2 3.247221e-06
12 176 2 3.449346e-06
1 177 2 9.502680e-06
2 177 2 9.234011e-06
3 177 2 8.718627e-06
4 177 2 7.623858e-06
5 177 2 6.234239e-06
6 177 2 5.323513e-06
7 177 2 5.539034e-06
8 177 2 6.636781e-06
9 177 2 8.341396e-06
10 177 2 8.674732e-06
11 177 2 8.850686e-06
12 177 2 8.868769e-06
1 178 2 3.281971e-06
2 178 2 3.243613e-06
3 178 2 3.109240e-06
4 178 2 2.606043e-06
5 178 2 2.269094e-06
6 178 2 1.917889e-06
7 178 2 1.826668e-06
8 178 2 1.840112e-06
9 178 2 2.098601e-06
10 178 2 2.258035e-06
11 178 2 2.550322e-06
12 178 2 2.831394e-06
1 181 2 4.010947e-08
2 181 2 4.236445e-08
3 181 2 4.294785e-08
4 181 2 4.106390e-08
5 181 2 3.386491e-08
6 181 2 2.928288e-08
7 181 2 2.589210e-08
8 181 2 2.649845e-08
9 181 2 2.870838e-08
10 181 2 3.108582e-08
11 181 2 3.520509e-08
12 181 2 3.748324e-08
1 182 2 4.785028e-06
2 182 2 4.422841e-06
3 182 2 4.170541e-06
4 182 2 3.483809e-06
5 182 2 2.728133e-06
6 182 2 2.040480e-06
7 182 2 2.023131e-06
8 182 2 2.811392e-06
9 182 2 3.901109e-06
10 182 2 4.784571e-06
11 182 2 5.287935e-06
12 182 2 5.075636e-06
1 183 2 1.017997e-06
2 183 2 9.779569e-07
3 183 2 9.336434e-07
4 183 2 8.465594e-07
5 183 2 7.122805e-07
6 183 2 5.781001e-07
7 183 2 5.378614e-07
8 183 2 6.386899e-07
9 183 2 7.426223e-07
10 183 2 8.785214e-07
11 183 2 9.564429e-07
12 183 2 9.837633e-07
1 184 2 3.177739e-07
2 184 2 3.219868e-07
3 184 2 3.118392e-07
4 184 2 2.806351e-07
5 184 2 2.333052e-07
6 184 2 1.885546e-07
7 184 2 1.700288e-07
8 184 2 1.775785e-07
9 184 2 1.881147e-07
10 184 2 2.160260e-07
11 184 2 2.527650e-07
12 184 2 2.880962e-07
1 188 2 5.276157e-08
2 188 2 5.230156e-08
3 188 2 4.847885e-08
4 188 2 3.958629e-08
5 188 2 2.797800e-08
6 188 2 2.128106e-08
7 188 2 1.831218e-08
8 188 2 1.862764e-08
9 188 2 2.523104e-08
10 188 2 3.315714e-08
11 188 2 3.948686e-08
12 188 2 4.925074e-08
1 189 2 4.606934e-08
2 189 2 4.257736e-08
3 189 2 3.862146e-08
4 189 2 2.854699e-08
5 189 2 1.890067e-08
6 189 2 1.336584e-08
7 189 2 1.270806e-08
8 189 2 1.560970e-08
9 189 2 2.511094e-08
10 189 2 3.575430e-08
11 189 2 4.348915e-08
12 189 2 4.544595e-08
1 190 2 1.883354e-07
2 190 2 1.784513e-07
3 190 2 1.548961e-07
4 190 2 1.097097e-07
5 190 2 7.654443e-08
6 190 2 5.552861e-08
7 190 2 5.217536e-08
8 190 2 6.289724e-08
9 190 2 8.834621e-08
10 190 2 1.204372e-07
11 190 2 1.578112e-07
12 190 2 1.770613e-07
1 191 2 1.446017e-07
2 191 2 1.498455e-07
3 191 2 1.456506e-07
4 191 2 1.203237e-07
5 191 2 9.894445e-08
6 191 2 8.128114e-08
7 191 2 7.145980e-08
8 191 2 7.257364e-08
9 191 2 7.917931e-08
10 191 2 8.887065e-08
11 191 2 1.093016e-07
12 191 2 1.285923e-07
1 192 2 1.898053e-07
2 192 2 2.051268e-07
3 192 2 1.998568e-07
4 192 2 1.730461e-07
5 192 2 1.462500e-07
6 192 2 1.245260e-07
7 192 2 1.094336e-07
8 192 2 1.016895e-07
9 192 2 1.047042e-07
10 192 2 1.149772e-07
11 192 2 1.372531e-07
12 192 2 1.648110e-07
1 200 2 1.692394e-05
2 200 2 1.741052e-05
3 200 2 1.423799e-05
4 200 2 9.412327e-06
5 200 2 6.160839e-06
6 200 2 5.017434e-06
7 200 2 4.766822e-06
8 200 2 5.140613e-06
9 200 2 5.694138e-06
10 200 2 7.280234e-06
11 200 2 1.011696e-05
12 200 2 1.393911e-05
1 201 2 1.082054e-05
2 201 2 1.116456e-05
3 201 2 1.022049e-05
4 201 2 7.867003e-06
5 201 2 5.928539e-06
6 201 2 4.904843e-06
7 201 2 4.635352e-06
8 201 2 4.794850e-06
9 201 2 4.745466e-06
10 201 2 5.646490e-06
11 201 2 7.197758e-06
12 201 2 8.964585e-06
1 206 2 3.180946e-06
2 206 2 3.435836e-06
3 206 2 3.108512e-06
4 206 2 2.652635e-06
5 206 2 2.193715e-06
6 206 2 1.912734e-06
7 206 2 1.640543e-06
8 206 2 1.610805e-06
9 206 2 1.743680e-06
10 206 2 1.973747e-06
11 206 2 2.313687e-06
12 206 2 2.725763e-06
1 207 2 1.207668e-07
2 207 2 1.318621e-07
3 207 2 1.250553e-07
4 207 2 1.133940e-07
5 207 2 1.005637e-07
6 207 2 8.625306e-08
7 207 2 7.602433e-08
8 207 2 7.486459e-08
9 207 2 7.553359e-08
10 207 2 8.319753e-08
11 207 2 8.966228e-08
12 207 2 1.025681e-07
1 212 2 7.426747e-08
2 212 2 7.927593e-08
3 212 2 7.036515e-08
4 212 2 5.915533e-08
5 212 2 4.610689e-08
6 212 2 3.721210e-08
7 212 2 3.088815e-08
8 212 2 2.985311e-08
9 212 2 3.390497e-08
10 212 2 4.000628e-08
11 212 2 4.745442e-08
12 212 2 6.274380e-08
1 213 2 1.618294e-08
2 213 2 1.768673e-08
3 213 2 1.498881e-08
4 213 2 1.268374e-08
5 213 2 9.787200e-09
6 213 2 7.544555e-09
7 213 2 6.403117e-09
8 213 2 6.250993e-09
9 213 2 7.529586e-09
10 213 2 9.279345e-09
11 213 2 1.139492e-08
12 213 2 1.394416e-08
1 214 2 5.748395e-07
2 214 2 6.094019e-07
3 214 2 4.896165e-07
4 214 2 3.636553e-07
5 214 2 2.688080e-07
6 214 2 1.980992e-07
7 214 2 1.715569e-07
8 214 2 1.768622e-07
9 214 2 2.232508e-07
10 214 2 2.993030e-07
11 214 2 4.097184e-07
12 214 2 4.969171e-07
1 215 2 2.129777e-07
2 215 2 2.190759e-07
3 215 2 2.042548e-07
4 215 2 1.627824e-07
5 215 2 1.322209e-07
6 215 2 1.062367e-07
7 215 2 9.180320e-08
8 215 2 9.202895e-08
9 215 2 1.034927e-07
10 215 2 1.231231e-07
11 215 2 1.550289e-07
12 215 2 1.872835e-07
1 216 2 4.117080e-07
2 216 2 4.298533e-07
3 216 2 4.030965e-07
4 216 2 3.276941e-07
5 216 2 2.623986e-07
6 216 2 2.257331e-07
7 216 2 1.983605e-07
8 216 2 1.896694e-07
9 216 2 1.968157e-07
10 216 2 2.236995e-07
11 216 2 2.690726e-07
12 216 2 3.458069e-07
1 224 2 4.945947e-07
2 224 2 5.407091e-07
3 224 2 4.718347e-07
4 224 2 4.063204e-07
5 224 2 3.281113e-07
6 224 2 2.788310e-07
7 224 2 2.533153e-07
8 224 2 2.645849e-07
9 224 2 2.720954e-07
10 224 2 3.209235e-07
11 224 2 3.832460e-07
12 224 2 4.572427e-07
1 240 2 2.540313e-08
2 240 2 2.591104e-08
3 240 2 2.369501e-08
4 240 2 2.092641e-08
5 240 2 1.818774e-08
6 240 2 1.568756e-08
7 240 2 1.536933e-08
8 240 2 1.584489e-08
9 240 2 1.542405e-08
10 240 2 1.661009e-08
11 240 2 1.825041e-08
12 240 2 2.261820e-08
