1 7 2 2.211284e-11
2 7 2 1.889075e-11
3 7 2 2.065978e-11
4 7 2 5.339705e-11
5 7 2 1.837241e-10
6 7 2 4.948381e-10
7 7 2 6.695304e-10
8 7 2 4.564922e-10
9 7 2 1.974175e-10
10 7 2 8.654729e-11
11 7 2 4.585394e-11
12 7 2 2.705084e-11
1 25 2 1.273412e-08
2 25 2 1.209099e-08
3 25 2 1.703421e-08
4 25 2 3.108365e-08
5 25 2 8.695710e-08
6 25 2 1.576856e-07
7 25 2 1.911612e-07
8 25 2 1.465868e-07
9 25 2 8.282932e-08
10 25 2 3.876112e-08
11 25 2 1.848175e-08
12 25 2 1.070272e-08
1 26 2 2.094055e-09
2 26 2 1.723427e-09
3 26 2 2.849827e-09
4 26 2 6.361048e-09
5 26 2 1.791809e-08
6 26 2 3.422305e-08
7 26 2 3.713191e-08
8 26 2 2.778221e-08
9 26 2 1.519541e-08
10 26 2 6.116746e-09
11 26 2 3.195750e-09
12 26 2 1.975770e-09
1 27 2 1.246243e-08
2 27 2 1.100320e-08
3 27 2 1.928856e-08
4 27 2 4.912559e-08
5 27 2 1.383413e-07
6 27 2 2.859683e-07
7 27 2 3.225239e-07
8 27 2 2.427552e-07
9 27 2 1.254473e-07
10 27 2 4.710850e-08
11 27 2 2.496582e-08
12 27 2 1.544308e-08
1 28 2 2.298737e-09
2 28 2 2.091912e-09
3 28 2 3.518233e-09
4 28 2 9.563398e-09
5 28 2 2.730935e-08
6 28 2 5.846888e-08
7 28 2 6.970849e-08
8 28 2 5.252613e-08
9 28 2 2.702056e-08
10 28 2 1.052320e-08
11 28 2 5.253332e-09
12 28 2 3.275161e-09
1 29 2 3.080304e-09
2 29 2 2.913977e-09
3 29 2 4.642109e-09
4 29 2 1.395805e-08
5 29 2 4.174071e-08
6 29 2 1.027277e-07
7 29 2 1.399387e-07
8 29 2 1.041154e-07
9 29 2 4.781498e-08
10 29 2 1.772201e-08
11 29 2 8.377266e-09
12 29 2 5.229456e-09
1 30 2 6.984379e-10
2 30 2 6.108274e-10
3 30 2 9.708185e-10
4 30 2 2.971401e-09
5 30 2 8.231244e-09
6 30 2 2.238578e-08
7 30 2 3.244712e-08
8 30 2 2.484822e-08
9 30 2 1.124296e-08
10 30 2 4.400699e-09
11 30 2 2.029921e-09
12 30 2 1.215716e-09
1 31 2 1.246597e-09
2 31 2 9.606075e-10
3 31 2 1.459280e-09
4 31 2 4.061659e-09
5 31 2 1.048917e-08
6 31 2 2.761747e-08
7 31 2 3.894676e-08
8 31 2 3.143686e-08
9 31 2 1.572681e-08
10 31 2 7.202102e-09
11 31 2 3.457889e-09
12 31 2 1.926896e-09
1 32 2 1.475337e-09
2 32 2 1.221295e-09
3 32 2 1.707160e-09
4 32 2 3.793377e-09
5 32 2 1.013160e-08
6 32 2 2.399977e-08
7 32 2 3.096255e-08
8 32 2 2.557646e-08
9 32 2 1.428219e-08
10 32 2 7.362610e-09
11 32 2 3.804696e-09
12 32 2 1.973154e-09
1 35 2 1.037507e-07
2 35 2 9.885881e-08
3 35 2 1.073899e-07
4 35 2 1.431068e-07
5 35 2 2.243389e-07
6 35 2 3.426145e-07
7 35 2 4.122704e-07
8 35 2 3.785735e-07
9 35 2 2.572931e-07
10 35 2 1.860226e-07
11 35 2 1.409022e-07
12 35 2 1.144703e-07
1 36 2 1.246702e-08
2 36 2 1.170411e-08
3 36 2 1.297161e-08
4 36 2 1.558004e-08
5 36 2 2.130830e-08
6 36 2 3.073898e-08
7 36 2 3.620183e-08
8 36 2 3.687979e-08
9 36 2 2.815144e-08
10 36 2 2.205552e-08
11 36 2 1.688098e-08
12 36 2 1.398733e-08
1 37 2 2.877597e-07
2 37 2 2.785114e-07
3 37 2 3.509374e-07
4 37 2 4.512583e-07
5 37 2 6.822165e-07
6 37 2 1.034729e-06
7 37 2 1.203443e-06
8 37 2 1.183013e-06
9 37 2 8.705876e-07
10 37 2 6.527884e-07
11 37 2 4.600926e-07
12 37 2 3.524702e-07
1 38 2 1.486002e-06
2 38 2 1.484670e-06
3 38 2 2.261698e-06
4 38 2 3.353340e-06
5 38 2 6.122330e-06
6 38 2 1.086361e-05
7 38 2 1.287838e-05
8 38 2 1.116930e-05
9 38 2 7.214517e-06
10 38 2 4.931115e-06
11 38 2 2.817736e-06
12 38 2 2.033387e-06
1 39 2 1.595419e-06
2 39 2 1.662106e-06
3 39 2 2.692268e-06
4 39 2 4.157086e-06
5 39 2 8.066123e-06
6 39 2 1.559385e-05
7 39 2 1.936320e-05
8 39 2 1.567679e-05
9 39 2 9.881271e-06
10 39 2 6.239905e-06
11 39 2 3.158505e-06
12 39 2 2.305480e-06
1 40 2 3.956222e-07
2 40 2 4.340661e-07
3 40 2 7.741507e-07
4 40 2 1.301796e-06
5 40 2 2.845791e-06
6 40 2 6.461199e-06
7 40 2 8.083958e-06
8 40 2 5.930188e-06
9 40 2 3.652936e-06
10 40 2 1.968236e-06
11 40 2 8.431354e-07
12 40 2 6.281096e-07
1 41 2 2.106520e-07
2 41 2 2.251975e-07
3 41 2 4.512884e-07
4 41 2 8.037765e-07
5 41 2 2.015989e-06
6 41 2 5.115780e-06
7 41 2 6.614399e-06
8 41 2 4.639309e-06
9 41 2 2.592661e-06
10 41 2 1.123683e-06
11 41 2 4.316890e-07
12 41 2 3.598072e-07
1 42 2 1.140632e-07
2 42 2 1.193123e-07
3 42 2 2.572954e-07
4 42 2 5.075646e-07
5 42 2 1.442921e-06
6 42 2 4.002231e-06
7 42 2 5.602653e-06
8 42 2 3.741540e-06
9 42 2 1.771815e-06
10 42 2 6.341137e-07
11 42 2 2.364097e-07
12 42 2 1.939398e-07
1 43 2 3.199077e-09
2 43 2 3.317030e-09
3 43 2 7.826471e-09
4 43 2 1.909682e-08
5 43 2 6.392056e-08
6 43 2 1.885117e-07
7 43 2 2.755780e-07
8 43 2 1.729887e-07
9 43 2 7.073833e-08
10 43 2 2.171846e-08
11 43 2 7.406462e-09
12 43 2 5.189764e-09
1 44 2 1.321489e-08
2 44 2 1.327799e-08
3 44 2 2.888167e-08
4 44 2 7.808088e-08
5 44 2 2.917078e-07
6 44 2 9.192678e-07
7 44 2 1.343561e-06
8 44 2 8.101587e-07
9 44 2 2.920500e-07
10 44 2 8.652850e-08
11 44 2 2.839890e-08
12 44 2 1.920085e-08
1 45 2 3.035532e-08
2 45 2 3.401944e-08
3 45 2 6.198931e-08
4 45 2 1.828114e-07
5 45 2 7.655786e-07
6 45 2 2.540269e-06
7 45 2 3.553804e-06
8 45 2 2.163907e-06
9 45 2 7.441190e-07
10 45 2 1.899891e-07
11 45 2 5.506966e-08
12 45 2 3.599081e-08
1 46 2 1.376380e-08
2 46 2 1.731520e-08
3 46 2 2.721818e-08
4 46 2 7.558214e-08
5 46 2 2.968079e-07
6 46 2 9.206650e-07
7 46 2 1.287945e-06
8 46 2 8.070414e-07
9 46 2 3.031478e-07
10 46 2 7.347942e-08
11 46 2 2.020239e-08
12 46 2 1.440713e-08
1 47 2 1.809538e-08
2 47 2 2.302886e-08
3 47 2 3.245126e-08
4 47 2 7.270795e-08
5 47 2 2.478250e-07
6 47 2 6.827575e-07
7 47 2 9.259650e-07
8 47 2 6.278706e-07
9 47 2 2.659851e-07
10 47 2 8.204001e-08
11 47 2 2.420395e-08
12 47 2 1.839822e-08
1 48 2 2.449313e-08
2 48 2 2.813619e-08
3 48 2 3.869975e-08
4 48 2 7.557245e-08
5 48 2 2.345158e-07
6 48 2 5.394266e-07
7 48 2 7.168478e-07
8 48 2 5.043435e-07
9 48 2 2.400879e-07
10 48 2 8.951325e-08
11 48 2 3.222365e-08
12 48 2 2.136876e-08
1 49 2 1.087802e-09
2 49 2 9.898036e-10
3 49 2 1.122728e-09
4 49 2 1.314053e-09
5 49 2 1.879376e-09
6 49 2 2.859362e-09
7 49 2 4.264267e-09
8 49 2 4.009944e-09
9 49 2 2.796890e-09
10 49 2 2.001444e-09
11 49 2 1.461216e-09
12 49 2 1.065955e-09
1 50 2 4.440632e-09
2 50 2 3.833150e-09
3 50 2 4.493044e-09
4 50 2 5.121605e-09
5 50 2 7.208302e-09
6 50 2 1.057808e-08
7 50 2 1.459931e-08
8 50 2 1.403962e-08
9 50 2 1.016596e-08
10 50 2 7.246722e-09
11 50 2 5.425482e-09
12 50 2 4.271975e-09
1 51 2 1.735855e-09
2 51 2 1.584240e-09
3 51 2 1.721452e-09
4 51 2 1.987125e-09
5 51 2 2.708501e-09
6 51 2 3.798458e-09
7 51 2 4.949945e-09
8 51 2 4.908842e-09
9 51 2 4.078529e-09
10 51 2 2.868733e-09
11 51 2 2.150010e-09
12 51 2 1.801774e-09
1 52 2 1.895680e-06
2 52 2 1.992523e-06
3 52 2 2.503062e-06
4 52 2 3.649123e-06
5 52 2 6.171147e-06
6 52 2 8.492879e-06
7 52 2 1.089370e-05
8 52 2 1.018934e-05
9 52 2 8.225210e-06
10 52 2 4.698775e-06
11 52 2 2.828203e-06
12 52 2 2.180975e-06
1 53 2 7.944515e-07
2 53 2 9.967464e-07
3 53 2 1.688699e-06
4 53 2 3.685924e-06
5 53 2 7.019127e-06
6 53 2 1.048134e-05
7 53 2 1.454935e-05
8 53 2 1.239774e-05
9 53 2 8.390886e-06
10 53 2 3.700734e-06
11 53 2 1.650627e-06
12 53 2 1.045739e-06
1 54 2 2.657335e-07
2 54 2 3.447243e-07
3 54 2 6.446485e-07
4 54 2 1.601888e-06
5 54 2 3.155220e-06
6 54 2 6.094446e-06
7 54 2 8.657450e-06
8 54 2 7.259494e-06
9 54 2 4.402769e-06
10 54 2 1.872486e-06
11 54 2 8.026331e-07
12 54 2 4.427481e-07
1 55 2 3.189993e-07
2 55 2 3.557693e-07
3 55 2 6.636778e-07
4 55 2 1.554035e-06
5 55 2 3.083836e-06
6 55 2 6.585834e-06
7 55 2 9.154809e-06
8 55 2 7.895228e-06
9 55 2 5.006642e-06
10 55 2 2.400605e-06
11 55 2 1.123151e-06
12 55 2 6.431196e-07
1 56 2 1.336945e-06
2 56 2 1.387457e-06
3 56 2 2.403113e-06
4 56 2 5.358600e-06
5 56 2 1.171318e-05
6 56 2 2.308926e-05
7 56 2 3.192292e-05
8 56 2 2.649441e-05
9 56 2 1.731737e-05
10 56 2 8.922539e-06
11 56 2 4.022612e-06
12 56 2 2.307007e-06
1 57 2 2.746992e-07
2 57 2 2.620902e-07
3 57 2 3.223560e-07
4 57 2 4.892861e-07
5 57 2 8.186522e-07
6 57 2 1.332049e-06
7 57 2 1.896853e-06
8 57 2 1.709528e-06
9 57 2 1.271890e-06
10 57 2 8.169960e-07
11 57 2 4.995974e-07
12 57 2 3.590380e-07
1 60 2 1.947073e-05
2 60 2 1.885565e-05
3 60 2 2.162368e-05
4 60 2 2.564537e-05
5 60 2 3.161870e-05
6 60 2 4.161000e-05
7 60 2 4.844236e-05
8 60 2 4.846273e-05
9 60 2 4.112760e-05
10 60 2 3.357378e-05
11 60 2 2.685117e-05
12 60 2 2.225687e-05
1 61 2 6.264955e-05
2 61 2 6.302639e-05
3 61 2 8.864554e-05
4 61 2 1.335189e-04
5 61 2 1.947633e-04
6 61 2 2.743900e-04
7 61 2 3.247140e-04
8 61 2 3.124017e-04
9 61 2 2.427443e-04
10 61 2 1.651162e-04
11 61 2 1.077153e-04
12 61 2 7.555060e-05
1 62 2 1.903630e-05
2 62 2 2.084923e-05
3 62 2 3.282050e-05
4 62 2 5.941512e-05
5 62 2 1.019097e-04
6 62 2 1.445671e-04
7 62 2 1.767763e-04
8 62 2 1.650143e-04
9 62 2 1.149856e-04
10 62 2 6.857041e-05
11 62 2 3.723677e-05
12 62 2 2.423262e-05
1 63 2 2.295460e-05
2 63 2 2.786590e-05
3 63 2 4.662697e-05
4 63 2 9.806831e-05
5 63 2 1.882092e-04
6 63 2 2.798030e-04
7 63 2 3.578004e-04
8 63 2 3.113565e-04
9 63 2 1.901668e-04
10 63 2 1.038521e-04
11 63 2 4.797007e-05
12 63 2 3.140323e-05
1 64 2 5.841136e-06
2 64 2 7.483104e-06
3 64 2 1.424964e-05
4 64 2 3.375263e-05
5 64 2 7.228750e-05
6 64 2 1.157880e-04
7 64 2 1.467638e-04
8 64 2 1.147365e-04
9 64 2 6.569644e-05
10 64 2 2.904295e-05
11 64 2 1.327120e-05
12 64 2 9.082248e-06
1 65 2 1.974870e-06
2 65 2 2.448851e-06
3 65 2 5.364972e-06
4 65 2 1.512941e-05
5 65 2 3.172155e-05
6 65 2 5.391196e-05
7 65 2 6.987756e-05
8 65 2 5.215282e-05
9 65 2 2.957943e-05
10 65 2 1.049645e-05
11 65 2 4.620742e-06
12 65 2 3.348645e-06
1 66 2 1.307767e-06
2 66 2 1.616808e-06
3 66 2 3.843616e-06
4 66 2 1.260963e-05
5 66 2 2.621902e-05
6 66 2 4.508478e-05
7 66 2 6.217943e-05
8 66 2 4.700771e-05
9 66 2 2.659150e-05
10 66 2 8.810070e-06
11 66 2 3.376150e-06
12 66 2 2.094160e-06
1 67 2 4.440698e-07
2 67 2 5.921464e-07
3 67 2 1.505832e-06
4 67 2 5.562675e-06
5 67 2 1.262139e-05
6 67 2 2.152587e-05
7 67 2 3.009554e-05
8 67 2 2.316098e-05
9 67 2 1.266745e-05
10 67 2 4.658411e-06
11 67 2 1.473025e-06
12 67 2 6.630006e-07
1 68 2 1.084088e-07
2 68 2 1.455639e-07
3 68 2 4.323165e-07
4 68 2 1.987155e-06
5 68 2 5.415251e-06
6 68 2 1.037730e-05
7 68 2 1.487908e-05
8 68 2 1.106608e-05
9 68 2 5.310719e-06
10 68 2 1.951094e-06
11 68 2 4.449187e-07
12 68 2 1.548162e-07
1 69 2 6.511689e-08
2 69 2 9.232366e-08
3 69 2 2.207857e-07
4 69 2 9.681587e-07
5 69 2 3.104446e-06
6 69 2 7.347021e-06
7 69 2 1.076333e-05
8 69 2 8.285584e-06
9 69 2 3.559433e-06
10 69 2 1.157390e-06
11 69 2 2.242604e-07
12 69 2 8.433647e-08
1 70 2 2.728613e-07
2 70 2 3.189227e-07
3 70 2 4.570070e-07
4 70 2 1.192308e-06
5 70 2 2.989928e-06
6 70 2 7.260398e-06
7 70 2 1.175228e-05
8 70 2 1.071108e-05
9 70 2 5.530482e-06
10 70 2 1.971335e-06
11 70 2 5.995625e-07
12 70 2 3.375103e-07
1 71 2 2.291246e-07
2 71 2 2.325079e-07
3 71 2 2.631003e-07
4 71 2 4.221965e-07
5 71 2 8.176378e-07
6 71 2 1.705669e-06
7 71 2 2.617667e-06
8 71 2 2.602617e-06
9 71 2 1.669815e-06
10 71 2 7.953105e-07
11 71 2 3.799400e-07
12 71 2 2.638812e-07
1 72 2 9.652395e-10
2 72 2 9.218877e-10
3 72 2 9.987698e-10
4 72 2 1.273441e-09
5 72 2 1.981380e-09
6 72 2 3.447668e-09
7 72 2 5.340043e-09
8 72 2 5.135869e-09
9 72 2 3.593226e-09
10 72 2 2.178729e-09
11 72 2 1.342397e-09
12 72 2 9.586479e-10
1 76 2 1.553894e-06
2 76 2 1.421654e-06
3 76 2 1.435962e-06
4 76 2 1.561984e-06
5 76 2 2.123544e-06
6 76 2 3.028039e-06
7 76 2 4.060432e-06
8 76 2 4.333225e-06
9 76 2 4.128721e-06
10 76 2 2.757161e-06
11 76 2 1.779863e-06
12 76 2 1.556645e-06
1 77 2 1.584766e-06
2 77 2 2.057807e-06
3 77 2 2.695603e-06
4 77 2 4.356687e-06
5 77 2 7.315054e-06
6 77 2 1.129368e-05
7 77 2 1.534506e-05
8 77 2 1.456495e-05
9 77 2 1.078910e-05
10 77 2 5.450781e-06
11 77 2 2.391819e-06
12 77 2 1.507552e-06
1 78 2 1.730238e-06
2 78 2 2.364126e-06
3 78 2 3.292187e-06
4 78 2 5.904883e-06
5 78 2 9.233532e-06
6 78 2 1.465965e-05
7 78 2 1.809571e-05
8 78 2 1.694444e-05
9 78 2 1.098659e-05
10 78 2 5.826403e-06
11 78 2 3.146383e-06
12 78 2 1.816513e-06
1 79 2 8.047231e-06
2 79 2 9.874085e-06
3 79 2 1.449801e-05
4 79 2 2.404735e-05
5 79 2 3.653459e-05
6 79 2 5.968549e-05
7 79 2 7.313711e-05
8 79 2 6.928444e-05
9 79 2 4.784132e-05
10 79 2 2.887919e-05
11 79 2 1.645387e-05
12 79 2 1.007934e-05
1 80 2 2.980187e-06
2 80 2 2.986006e-06
3 80 2 3.752103e-06
4 80 2 5.073274e-06
5 80 2 7.566338e-06
6 80 2 1.151191e-05
7 80 2 1.482333e-05
8 80 2 1.467485e-05
9 80 2 1.217986e-05
10 80 2 8.539353e-06
11 80 2 4.981519e-06
12 80 2 3.682172e-06
1 81 2 4.164816e-12
2 81 2 3.774327e-12
3 81 2 3.975391e-12
4 81 2 4.713839e-12
5 81 2 6.787886e-12
6 81 2 9.146481e-12
7 81 2 1.220440e-11
8 81 2 1.309505e-11
9 81 2 1.190749e-11
10 81 2 9.136537e-12
11 81 2 6.039600e-12
12 81 2 4.944597e-12
1 84 2 1.016320e-05
2 84 2 1.074506e-05
3 84 2 1.328948e-05
4 84 2 1.679375e-05
5 84 2 2.251536e-05
6 84 2 3.689305e-05
7 84 2 4.941172e-05
8 84 2 4.734870e-05
9 84 2 3.552794e-05
10 84 2 2.242170e-05
11 84 2 1.506238e-05
12 84 2 1.150603e-05
1 85 2 1.466164e-05
2 85 2 1.651016e-05
3 85 2 2.146587e-05
4 85 2 3.118791e-05
5 85 2 4.992505e-05
6 85 2 7.626833e-05
7 85 2 1.055243e-04
8 85 2 1.003862e-04
9 85 2 7.228488e-05
10 85 2 3.987277e-05
11 85 2 2.248656e-05
12 85 2 1.631627e-05
1 86 2 4.508188e-06
2 86 2 5.104211e-06
3 86 2 6.522806e-06
4 86 2 9.474538e-06
5 86 2 1.522746e-05
6 86 2 2.209470e-05
7 86 2 3.035226e-05
8 86 2 3.045154e-05
9 86 2 2.253994e-05
10 86 2 1.307066e-05
11 86 2 7.199965e-06
12 86 2 5.145766e-06
1 87 2 5.132132e-06
2 87 2 6.943185e-06
3 87 2 9.913595e-06
4 87 2 1.567113e-05
5 87 2 2.749292e-05
6 87 2 4.132535e-05
7 87 2 5.602438e-05
8 87 2 5.708697e-05
9 87 2 4.138832e-05
10 87 2 2.330272e-05
11 87 2 1.023860e-05
12 87 2 6.223513e-06
1 88 2 2.194635e-06
2 88 2 3.116559e-06
3 88 2 4.887224e-06
4 88 2 9.272985e-06
5 88 2 1.903089e-05
6 88 2 2.991134e-05
7 88 2 3.830563e-05
8 88 2 3.359704e-05
9 88 2 2.171041e-05
10 88 2 1.025994e-05
11 88 2 5.259951e-06
12 88 2 2.921710e-06
1 89 2 2.368277e-06
2 89 2 3.295150e-06
3 89 2 6.254093e-06
4 89 2 1.176288e-05
5 89 2 2.347418e-05
6 89 2 3.506770e-05
7 89 2 4.090873e-05
8 89 2 3.582630e-05
9 89 2 2.338044e-05
10 89 2 1.112606e-05
11 89 2 6.122114e-06
12 89 2 3.388616e-06
1 90 2 6.322932e-07
2 90 2 8.333414e-07
3 90 2 1.653677e-06
4 90 2 2.967998e-06
5 90 2 4.557187e-06
6 90 2 6.032202e-06
7 90 2 6.774535e-06
8 90 2 6.268321e-06
9 90 2 4.568083e-06
10 90 2 2.724668e-06
11 90 2 1.502255e-06
12 90 2 8.552005e-07
1 91 2 7.917978e-09
2 91 2 1.120359e-08
3 91 2 2.340678e-08
4 91 2 4.423146e-08
5 91 2 6.527873e-08
6 91 2 8.297534e-08
7 91 2 9.316923e-08
8 91 2 8.544513e-08
9 91 2 6.143682e-08
10 91 2 3.802953e-08
11 91 2 1.970992e-08
12 91 2 1.011822e-08
1 92 2 4.247865e-08
2 92 2 6.067816e-08
3 92 2 1.521049e-07
4 92 2 3.628869e-07
5 92 2 6.843520e-07
6 92 2 1.048668e-06
7 92 2 1.258785e-06
8 92 2 1.145696e-06
9 92 2 7.167586e-07
10 92 2 3.809342e-07
11 92 2 1.494026e-07
12 92 2 6.413488e-08
1 93 2 3.214876e-06
2 93 2 3.879035e-06
3 93 2 7.975502e-06
4 93 2 1.858780e-05
5 93 2 3.315958e-05
6 93 2 5.262192e-05
7 93 2 7.058956e-05
8 93 2 6.939555e-05
9 93 2 4.667579e-05
10 93 2 2.687959e-05
11 93 2 1.151130e-05
12 93 2 4.794688e-06
1 94 2 4.095295e-06
2 94 2 4.074649e-06
3 94 2 5.440642e-06
4 94 2 9.641820e-06
5 94 2 1.645800e-05
6 94 2 2.591514e-05
7 94 2 3.580166e-05
8 94 2 3.901588e-05
9 94 2 3.213797e-05
10 94 2 1.939842e-05
11 94 2 1.041161e-05
12 94 2 5.688655e-06
1 98 2 1.966693e-07
2 98 2 1.830730e-07
3 98 2 1.723916e-07
4 98 2 1.835474e-07
5 98 2 2.083137e-07
6 98 2 2.383725e-07
7 98 2 2.681201e-07
8 98 2 2.825855e-07
9 98 2 2.788486e-07
10 98 2 2.635864e-07
11 98 2 2.370941e-07
12 98 2 2.157582e-07
1 101 2 7.731849e-07
2 101 2 7.944739e-07
3 101 2 8.141299e-07
4 101 2 1.003946e-06
5 101 2 1.291094e-06
6 101 2 1.507487e-06
7 101 2 1.609156e-06
8 101 2 1.612431e-06
9 101 2 1.550137e-06
10 101 2 1.329084e-06
11 101 2 1.022029e-06
12 101 2 8.197402e-07
1 102 2 4.959223e-06
2 102 2 5.605717e-06
3 102 2 6.889531e-06
4 102 2 8.617418e-06
5 102 2 9.972393e-06
6 102 2 1.088665e-05
7 102 2 1.119322e-05
8 102 2 1.133465e-05
9 102 2 1.021569e-05
10 102 2 7.870175e-06
11 102 2 6.316801e-06
12 102 2 5.177404e-06
1 103 2 2.769955e-06
2 103 2 2.826762e-06
3 103 2 3.080816e-06
4 103 2 3.481206e-06
5 103 2 4.054141e-06
6 103 2 4.639446e-06
7 103 2 5.019291e-06
8 103 2 5.267634e-06
9 103 2 5.166459e-06
10 103 2 4.515037e-06
11 103 2 3.714327e-06
12 103 2 3.088340e-06
1 104 2 1.297636e-06
2 104 2 1.245179e-06
3 104 2 1.258709e-06
4 104 2 1.379992e-06
5 104 2 1.613641e-06
6 104 2 1.851731e-06
7 104 2 2.078245e-06
8 104 2 2.245011e-06
9 104 2 2.263082e-06
10 104 2 2.114166e-06
11 104 2 1.739092e-06
12 104 2 1.439966e-06
1 107 2 4.743543e-07
2 107 2 5.004352e-07
3 107 2 5.842759e-07
4 107 2 6.695159e-07
5 107 2 7.508199e-07
6 107 2 9.612299e-07
7 107 2 1.050665e-06
8 107 2 1.046414e-06
9 107 2 9.795999e-07
10 107 2 8.379029e-07
11 107 2 6.661021e-07
12 107 2 5.209170e-07
1 108 2 6.296367e-08
2 108 2 8.046765e-08
3 108 2 1.168879e-07
4 108 2 1.810338e-07
5 108 2 2.810128e-07
6 108 2 3.856988e-07
7 108 2 4.128789e-07
8 108 2 3.648981e-07
9 108 2 2.952601e-07
10 108 2 2.037090e-07
11 108 2 1.061117e-07
12 108 2 6.755047e-08
1 109 2 1.194723e-07
2 109 2 1.578055e-07
3 109 2 2.468180e-07
4 109 2 4.283315e-07
5 109 2 7.297842e-07
6 109 2 9.199300e-07
7 109 2 9.347319e-07
8 109 2 8.592812e-07
9 109 2 6.900274e-07
10 109 2 4.841675e-07
11 109 2 2.153456e-07
12 109 2 1.257969e-07
1 110 2 5.256539e-08
2 110 2 6.695824e-08
3 110 2 1.075383e-07
4 110 2 1.664652e-07
5 110 2 2.581808e-07
6 110 2 2.989858e-07
7 110 2 3.214385e-07
8 110 2 3.179002e-07
9 110 2 2.676646e-07
10 110 2 1.951444e-07
11 110 2 9.439229e-08
12 110 2 5.556032e-08
1 111 2 1.805131e-06
2 111 2 2.257693e-06
3 111 2 3.655156e-06
4 111 2 5.539693e-06
5 111 2 8.372437e-06
6 111 2 1.073747e-05
7 111 2 1.135031e-05
8 111 2 1.124205e-05
9 111 2 9.573585e-06
10 111 2 6.231941e-06
11 111 2 3.357101e-06
12 111 2 2.050579e-06
1 112 2 2.078586e-06
2 112 2 2.680083e-06
3 112 2 4.701629e-06
4 112 2 7.818535e-06
5 112 2 1.188940e-05
6 112 2 1.448864e-05
7 112 2 1.475629e-05
8 112 2 1.375439e-05
9 112 2 1.049996e-05
10 112 2 6.970645e-06
11 112 2 4.000422e-06
12 112 2 2.459019e-06
1 113 2 1.192489e-06
2 113 2 1.510773e-06
3 113 2 2.538107e-06
4 113 2 3.795508e-06
5 113 2 4.670735e-06
6 113 2 4.078243e-06
7 113 2 3.499374e-06
8 113 2 3.342187e-06
9 113 2 3.305580e-06
10 113 2 3.018310e-06
11 113 2 2.111119e-06
12 113 2 1.425871e-06
1 114 2 3.250354e-06
2 114 2 4.407645e-06
3 114 2 7.852972e-06
4 114 2 1.144715e-05
5 114 2 1.320665e-05
6 114 2 9.668011e-06
7 114 2 7.985123e-06
8 114 2 7.319333e-06
9 114 2 7.063416e-06
10 114 2 6.321888e-06
11 114 2 4.819312e-06
12 114 2 3.569842e-06
1 115 2 1.111394e-06
2 115 2 1.616979e-06
3 115 2 2.563175e-06
4 115 2 3.177280e-06
5 115 2 2.837461e-06
6 115 2 2.634490e-06
7 115 2 2.540916e-06
8 115 2 2.437829e-06
9 115 2 2.242076e-06
10 115 2 2.003638e-06
11 115 2 1.522049e-06
12 115 2 1.091956e-06
1 116 2 8.053675e-07
2 116 2 1.030969e-06
3 116 2 1.576597e-06
4 116 2 2.231615e-06
5 116 2 2.595509e-06
6 116 2 2.955627e-06
7 116 2 3.098629e-06
8 116 2 2.966076e-06
9 116 2 2.402852e-06
10 116 2 1.921026e-06
11 116 2 1.395588e-06
12 116 2 9.193534e-07
1 117 2 2.302569e-07
2 117 2 2.404457e-07
3 117 2 3.036608e-07
4 117 2 4.156726e-07
5 117 2 5.293253e-07
6 117 2 6.271334e-07
7 117 2 6.676489e-07
8 117 2 6.667734e-07
9 117 2 6.083903e-07
10 117 2 5.208188e-07
11 117 2 4.204373e-07
12 117 2 3.037185e-07
1 126 2 1.423707e-08
2 126 2 1.479797e-08
3 126 2 1.603898e-08
4 126 2 1.693618e-08
5 126 2 1.673311e-08
6 126 2 1.555155e-08
7 126 2 1.499079e-08
8 126 2 1.513725e-08
9 126 2 1.505711e-08
10 126 2 1.479602e-08
11 126 2 1.445755e-08
12 126 2 1.423865e-08
1 127 2 1.436964e-06
2 127 2 1.461422e-06
3 127 2 1.542500e-06
4 127 2 1.601442e-06
5 127 2 1.623260e-06
6 127 2 1.572333e-06
7 127 2 1.572767e-06
8 127 2 1.608859e-06
9 127 2 1.591709e-06
10 127 2 1.527916e-06
11 127 2 1.480740e-06
12 127 2 1.462411e-06
1 128 2 6.510345e-06
2 128 2 6.686065e-06
3 128 2 6.863672e-06
4 128 2 6.700110e-06
5 128 2 6.517555e-06
6 128 2 6.321774e-06
7 128 2 6.737845e-06
8 128 2 7.660958e-06
9 128 2 8.055426e-06
10 128 2 7.608730e-06
11 128 2 6.919029e-06
12 128 2 6.519102e-06
1 129 2 1.856269e-07
2 129 2 1.830782e-07
3 129 2 1.876957e-07
4 129 2 1.931389e-07
5 129 2 1.961190e-07
6 129 2 2.014245e-07
7 129 2 2.104686e-07
8 129 2 2.294105e-07
9 129 2 2.396856e-07
10 129 2 2.407416e-07
11 129 2 2.198053e-07
12 129 2 1.952702e-07
1 133 2 3.985225e-06
2 133 2 4.633413e-06
3 133 2 5.562163e-06
4 133 2 5.710870e-06
5 133 2 5.447585e-06
6 133 2 5.007066e-06
7 133 2 4.468854e-06
8 133 2 4.184574e-06
9 133 2 4.363578e-06
10 133 2 4.647379e-06
11 133 2 4.433674e-06
12 133 2 3.879467e-06
1 135 2 1.724417e-07
2 135 2 1.942815e-07
3 135 2 2.310451e-07
4 135 2 2.488248e-07
5 135 2 2.390968e-07
6 135 2 2.132988e-07
7 135 2 1.842690e-07
8 135 2 1.861131e-07
9 135 2 1.977665e-07
10 135 2 1.859879e-07
11 135 2 1.782677e-07
12 135 2 1.674582e-07
1 136 2 1.928796e-07
2 136 2 1.985121e-07
3 136 2 2.454972e-07
4 136 2 2.984499e-07
5 136 2 3.268161e-07
6 136 2 2.981809e-07
7 136 2 2.638553e-07
8 136 2 2.632501e-07
9 136 2 2.646108e-07
10 136 2 2.489188e-07
11 136 2 2.353514e-07
12 136 2 2.089950e-07
1 137 2 4.690891e-08
2 137 2 4.921228e-08
3 137 2 5.642290e-08
4 137 2 6.200048e-08
5 137 2 6.119823e-08
6 137 2 5.630851e-08
7 137 2 5.209136e-08
8 137 2 5.026296e-08
9 137 2 5.029454e-08
10 137 2 5.239530e-08
11 137 2 5.180261e-08
12 137 2 4.884522e-08
1 138 2 1.874571e-06
2 138 2 2.061390e-06
3 138 2 2.391517e-06
4 138 2 2.661610e-06
5 138 2 2.685401e-06
6 138 2 2.360197e-06
7 138 2 2.186497e-06
8 138 2 2.108605e-06
9 138 2 2.114358e-06
10 138 2 2.126679e-06
11 138 2 2.062919e-06
12 138 2 1.913185e-06
1 139 2 3.164496e-06
2 139 2 3.603777e-06
3 139 2 4.026866e-06
4 139 2 4.226482e-06
5 139 2 4.166921e-06
6 139 2 3.880535e-06
7 139 2 3.671573e-06
8 139 2 3.534495e-06
9 139 2 3.488682e-06
10 139 2 3.515766e-06
11 139 2 3.345520e-06
12 139 2 3.062377e-06
1 140 2 1.048248e-06
2 140 2 1.083927e-06
3 140 2 1.177229e-06
4 140 2 1.333781e-06
5 140 2 1.416285e-06
6 140 2 1.360344e-06
7 140 2 1.288025e-06
8 140 2 1.242289e-06
9 140 2 1.224178e-06
10 140 2 1.230944e-06
11 140 2 1.204946e-06
12 140 2 1.123377e-06
1 141 2 1.645093e-06
2 141 2 1.628071e-06
3 141 2 1.674703e-06
4 141 2 1.837973e-06
5 141 2 1.983416e-06
6 141 2 1.961275e-06
7 141 2 1.908240e-06
8 141 2 1.850412e-06
9 141 2 1.834730e-06
10 141 2 1.839043e-06
11 141 2 1.857399e-06
12 141 2 1.803390e-06
1 150 2 1.903426e-09
2 150 2 2.083599e-09
3 150 2 2.230256e-09
4 150 2 2.280619e-09
5 150 2 2.133965e-09
6 150 2 1.882061e-09
7 150 2 1.716964e-09
8 150 2 1.675503e-09
9 150 2 1.621335e-09
10 150 2 1.584447e-09
11 150 2 1.615252e-09
12 150 2 1.718582e-09
1 151 2 1.234219e-06
2 151 2 1.312735e-06
3 151 2 1.391889e-06
4 151 2 1.424709e-06
5 151 2 1.378505e-06
6 151 2 1.297600e-06
7 151 2 1.268929e-06
8 151 2 1.317920e-06
9 151 2 1.254777e-06
10 151 2 1.177478e-06
11 151 2 1.142951e-06
12 151 2 1.171465e-06
1 152 2 9.786059e-07
2 152 2 9.912560e-07
3 152 2 1.000432e-06
4 152 2 9.506691e-07
5 152 2 9.138477e-07
6 152 2 8.975268e-07
7 152 2 1.026113e-06
8 152 2 1.368198e-06
9 152 2 1.452492e-06
10 152 2 1.237973e-06
11 152 2 1.061613e-06
12 152 2 9.817738e-07
1 153 2 1.134181e-06
2 153 2 1.161692e-06
3 153 2 1.225665e-06
4 153 2 1.202216e-06
5 153 2 1.160982e-06
6 153 2 1.139851e-06
7 153 2 1.330569e-06
8 153 2 1.738814e-06
9 153 2 2.114882e-06
10 153 2 1.890270e-06
11 153 2 1.429892e-06
12 153 2 1.193052e-06
1 154 2 3.086929e-06
2 154 2 3.070180e-06
3 154 2 3.194916e-06
4 154 2 3.061323e-06
5 154 2 2.862616e-06
6 154 2 2.574956e-06
7 154 2 2.431435e-06
8 154 2 2.532903e-06
9 154 2 2.855815e-06
10 154 2 3.209426e-06
11 154 2 3.382377e-06
12 154 2 3.270597e-06
1 157 2 1.229598e-07
2 157 2 1.276814e-07
3 157 2 1.367013e-07
4 157 2 1.347755e-07
5 157 2 1.313674e-07
6 157 2 1.235080e-07
7 157 2 1.178442e-07
8 157 2 1.166563e-07
9 157 2 1.158132e-07
10 157 2 1.178325e-07
11 157 2 1.186773e-07
12 157 2 1.202261e-07
1 163 2 5.722003e-07
2 163 2 5.798670e-07
3 163 2 5.970744e-07
4 163 2 6.329028e-07
5 163 2 6.335204e-07
6 163 2 5.857145e-07
7 163 2 5.414912e-07
8 163 2 5.084708e-07
9 163 2 5.157520e-07
10 163 2 5.456457e-07
11 163 2 5.669758e-07
12 163 2 5.714183e-07
1 164 2 2.164037e-06
2 164 2 2.145534e-06
3 164 2 2.205259e-06
4 164 2 2.308137e-06
5 164 2 2.280986e-06
6 164 2 2.109736e-06
7 164 2 1.952747e-06
8 164 2 1.907474e-06
9 164 2 2.042516e-06
10 164 2 2.237667e-06
11 164 2 2.282857e-06
12 164 2 2.244843e-06
1 165 2 9.445532e-07
2 165 2 9.257288e-07
3 165 2 9.373666e-07
4 165 2 9.581000e-07
5 165 2 9.475838e-07
6 165 2 8.719114e-07
7 165 2 8.220932e-07
8 165 2 8.321073e-07
9 165 2 8.869366e-07
10 165 2 9.483273e-07
11 165 2 9.976009e-07
12 165 2 9.987761e-07
1 166 2 4.127467e-07
2 166 2 4.086262e-07
3 166 2 4.018751e-07
4 166 2 3.999896e-07
5 166 2 3.868925e-07
6 166 2 3.578112e-07
7 166 2 3.378820e-07
8 166 2 3.404029e-07
9 166 2 3.531427e-07
10 166 2 3.714803e-07
11 166 2 4.005103e-07
12 166 2 4.206901e-07
1 170 2 1.892961e-08
2 170 2 2.081882e-08
3 170 2 2.045437e-08
4 170 2 1.859193e-08
5 170 2 1.549263e-08
6 170 2 1.302660e-08
7 170 2 1.232112e-08
8 170 2 1.176271e-08
9 170 2 1.196054e-08
10 170 2 1.331798e-08
11 170 2 1.469391e-08
12 170 2 1.692095e-08
1 171 2 6.809907e-08
2 171 2 7.475321e-08
3 171 2 7.565819e-08
4 171 2 6.731186e-08
5 171 2 5.599590e-08
6 171 2 4.798584e-08
7 171 2 4.356598e-08
8 171 2 4.128014e-08
9 171 2 4.188160e-08
10 171 2 4.555548e-08
11 171 2 5.199433e-08
12 171 2 6.142629e-08
1 175 2 1.963765e-09
2 175 2 2.076157e-09
3 175 2 2.082112e-09
4 175 2 1.950146e-09
5 175 2 1.694370e-09
6 175 2 1.544000e-09
7 175 2 1.511964e-09
8 175 2 1.499198e-09
9 175 2 1.394418e-09
10 175 2 1.409559e-09
11 175 2 1.473681e-09
12 175 2 1.719057e-09
1 176 2 2.768945e-06
2 176 2 2.789705e-06
3 176 2 2.731113e-06
4 176 2 2.412166e-06
5 176 2 1.951334e-06
6 176 2 1.768275e-06
7 176 2 1.765050e-06
8 176 2 2.013688e-06
9 176 2 2.193114e-06
10 176 2 2.340587e-06
11 176 2 2.498402e-06
12 176 2 2.653916e-06
1 177 2 6.641126e-06
2 177 2 6.453361e-06
3 177 2 6.093175e-06
4 177 2 5.328076e-06
5 177 2 4.356914e-06
6 177 2 3.720437e-06
7 177 2 3.871057e-06
8 177 2 4.638238e-06
9 177 2 5.829541e-06
10 177 2 6.062499e-06
11 177 2 6.185467e-06
12 177 2 6.198105e-06
1 178 2 2.263663e-06
2 178 2 2.237207e-06
3 178 2 2.144527e-06
4 178 2 1.797458e-06
5 178 2 1.565055e-06
6 178 2 1.322820e-06
7 178 2 1.259902e-06
8 178 2 1.269175e-06
9 178 2 1.447462e-06
10 178 2 1.557428e-06
11 178 2 1.759026e-06
12 178 2 1.952888e-06
1 181 2 2.758202e-08
2 181 2 2.913270e-08
3 181 2 2.953388e-08
4 181 2 2.823835e-08
5 181 2 2.328783e-08
6 181 2 2.013691e-08
7 181 2 1.780518e-08
8 181 2 1.822215e-08
9 181 2 1.974185e-08
10 181 2 2.137673e-08
11 181 2 2.420943e-08
12 181 2 2.577604e-08
1 182 2 3.301427e-06
2 182 2 3.051536e-06
3 182 2 2.877462e-06
4 182 2 2.403651e-06
5 182 2 1.882273e-06
6 182 2 1.407827e-06
7 182 2 1.395858e-06
8 182 2 1.939718e-06
9 182 2 2.691567e-06
10 182 2 3.301111e-06
11 182 2 3.648406e-06
12 182 2 3.501931e-06
1 183 2 7.015472e-07
2 183 2 6.739536e-07
3 183 2 6.434152e-07
4 183 2 5.834017e-07
5 183 2 4.908641e-07
6 183 2 3.983945e-07
7 183 2 3.706642e-07
8 183 2 4.401496e-07
9 183 2 5.117740e-07
10 183 2 6.054282e-07
11 183 2 6.591274e-07
12 183 2 6.779550e-07
1 184 2 2.185412e-07
2 184 2 2.214386e-07
3 184 2 2.144598e-07
4 184 2 1.929999e-07
5 184 2 1.604499e-07
6 184 2 1.296738e-07
7 184 2 1.169332e-07
8 184 2 1.221253e-07
9 184 2 1.293713e-07
10 184 2 1.485666e-07
11 184 2 1.738330e-07
12 184 2 1.981311e-07
1 188 2 3.629661e-08
2 188 2 3.598015e-08
3 188 2 3.335037e-08
4 188 2 2.723285e-08
5 188 2 1.924709e-08
6 188 2 1.464002e-08
7 188 2 1.259762e-08
8 188 2 1.281463e-08
9 188 2 1.735735e-08
10 188 2 2.281001e-08
11 188 2 2.716446e-08
12 188 2 3.388138e-08
1 189 2 3.166464e-08
2 189 2 2.926451e-08
3 189 2 2.654552e-08
4 189 2 1.962108e-08
5 189 2 1.299091e-08
6 189 2 9.186686e-09
7 189 2 8.734575e-09
8 189 2 1.072895e-08
9 189 2 1.725939e-08
10 189 2 2.457485e-08
11 189 2 2.989121e-08
12 189 2 3.123617e-08
1 190 2 1.297073e-07
2 190 2 1.229001e-07
3 190 2 1.066775e-07
4 190 2 7.555747e-08
5 190 2 5.271644e-08
6 190 2 3.824277e-08
7 190 2 3.593337e-08
8 190 2 4.331757e-08
9 190 2 6.084437e-08
10 190 2 8.294559e-08
11 190 2 1.086852e-07
12 190 2 1.219428e-07
1 191 2 9.974669e-08
2 191 2 1.033639e-07
3 191 2 1.004702e-07
4 191 2 8.299970e-08
5 191 2 6.825220e-08
6 191 2 5.606799e-08
7 191 2 4.929320e-08
8 191 2 5.006153e-08
9 191 2 5.461815e-08
10 191 2 6.130326e-08
11 191 2 7.539658e-08
12 191 2 8.870339e-08
1 192 2 1.308719e-07
2 192 2 1.414361e-07
3 192 2 1.378025e-07
4 192 2 1.193163e-07
5 192 2 1.008403e-07
6 192 2 8.586145e-08
7 192 2 7.545513e-08
8 192 2 7.011553e-08
9 192 2 7.219421e-08
10 192 2 7.927750e-08
11 192 2 9.463685e-08
12 192 2 1.136382e-07
1 200 2 1.317314e-05
2 200 2 1.355188e-05
3 200 2 1.108246e-05
4 200 2 7.326300e-06
5 200 2 4.795431e-06
6 200 2 3.905435e-06
7 200 2 3.710365e-06
8 200 2 4.001314e-06
9 200 2 4.432163e-06
10 200 2 5.666737e-06
11 200 2 7.874767e-06
12 200 2 1.084983e-05
1 201 2 8.292412e-06
2 201 2 8.556051e-06
3 201 2 7.832556e-06
4 201 2 6.028942e-06
5 201 2 4.543384e-06
6 201 2 3.758867e-06
7 201 2 3.552340e-06
8 201 2 3.674573e-06
9 201 2 3.636727e-06
10 201 2 4.327234e-06
11 201 2 5.516061e-06
12 201 2 6.870083e-06
1 206 2 2.192660e-06
2 206 2 2.368359e-06
3 206 2 2.142731e-06
4 206 2 1.828490e-06
5 206 2 1.512152e-06
6 206 2 1.318469e-06
7 206 2 1.130844e-06
8 206 2 1.110346e-06
9 206 2 1.201937e-06
10 206 2 1.360525e-06
11 206 2 1.594850e-06
12 206 2 1.878898e-06
1 207 2 8.287061e-08
2 207 2 9.048430e-08
3 207 2 8.581339e-08
4 207 2 7.781136e-08
5 207 2 6.900721e-08
6 207 2 5.918717e-08
7 207 2 5.216818e-08
8 207 2 5.137236e-08
9 207 2 5.183143e-08
10 207 2 5.709046e-08
11 207 2 6.152659e-08
12 207 2 7.038261e-08
1 212 2 5.115405e-08
2 212 2 5.460378e-08
3 212 2 4.846620e-08
4 212 2 4.074509e-08
5 212 2 3.175757e-08
6 212 2 2.563100e-08
7 212 2 2.127518e-08
8 212 2 2.056227e-08
9 212 2 2.335311e-08
10 212 2 2.755558e-08
11 212 2 3.268572e-08
12 212 2 4.321676e-08
1 213 2 1.112561e-08
2 213 2 1.215945e-08
3 213 2 1.030466e-08
4 213 2 8.719947e-09
5 213 2 6.728603e-09
6 213 2 5.186806e-09
7 213 2 4.402079e-09
8 213 2 4.297495e-09
9 213 2 5.176516e-09
10 213 2 6.379458e-09
11 213 2 7.833894e-09
12 213 2 9.586474e-09
1 214 2 3.956328e-07
2 214 2 4.194203e-07
3 214 2 3.369782e-07
4 214 2 2.502855e-07
5 214 2 1.850069e-07
6 214 2 1.363416e-07
7 214 2 1.180739e-07
8 214 2 1.217253e-07
9 214 2 1.536522e-07
10 214 2 2.059951e-07
11 214 2 2.819884e-07
12 214 2 3.420028e-07
1 215 2 1.464629e-07
2 215 2 1.506566e-07
3 215 2 1.404642e-07
4 215 2 1.119440e-07
5 215 2 9.092713e-08
6 215 2 7.305804e-08
7 215 2 6.313226e-08
8 215 2 6.328750e-08
9 215 2 7.117105e-08
10 215 2 8.467068e-08
11 215 2 1.066120e-07
12 215 2 1.287932e-07
1 216 2 3.202193e-07
2 216 2 3.343324e-07
3 216 2 3.135214e-07
4 216 2 2.548747e-07
5 216 2 2.040890e-07
6 216 2 1.755712e-07
7 216 2 1.542814e-07
8 216 2 1.475216e-07
9 216 2 1.530798e-07
10 216 2 1.739896e-07
11 216 2 2.092799e-07
12 216 2 2.689625e-07
1 224 2 3.851842e-07
2 224 2 4.210975e-07
3 224 2 3.674589e-07
4 224 2 3.164373e-07
5 224 2 2.555290e-07
6 224 2 2.171501e-07
7 224 2 1.972788e-07
8 224 2 2.060554e-07
9 224 2 2.119045e-07
10 224 2 2.499312e-07
11 224 2 2.984672e-07
12 224 2 3.560949e-07
1 240 2 1.977725e-08
2 240 2 2.017267e-08
3 240 2 1.844741e-08
4 240 2 1.629196e-08
5 240 2 1.415981e-08
6 240 2 1.221333e-08
7 240 2 1.196557e-08
8 240 2 1.233581e-08
9 240 2 1.200817e-08
10 240 2 1.293155e-08
11 240 2 1.420859e-08
12 240 2 1.760908e-08
