1 7 2 1.808293e-11
2 7 2 1.544804e-11
3 7 2 1.689468e-11
4 7 2 4.366581e-11
5 7 2 1.502417e-10
6 7 2 4.046573e-10
7 7 2 5.475132e-10
8 7 2 3.732997e-10
9 7 2 1.614396e-10
10 7 2 7.077466e-11
11 7 2 3.749738e-11
12 7 2 2.212101e-11
1 25 2 1.035619e-08
2 25 2 9.833158e-09
3 25 2 1.385330e-08
4 25 2 2.527919e-08
5 25 2 7.071899e-08
6 25 2 1.282399e-07
7 25 2 1.554643e-07
8 25 2 1.192136e-07
9 25 2 6.736202e-08
10 25 2 3.152298e-08
11 25 2 1.503052e-08
12 25 2 8.704128e-09
1 26 2 1.441907e-09
2 26 2 1.186704e-09
3 26 2 1.962311e-09
4 26 2 4.380040e-09
5 26 2 1.233790e-08
6 26 2 2.356504e-08
7 26 2 2.556800e-08
8 26 2 1.913006e-08
9 26 2 1.046313e-08
10 26 2 4.211820e-09
11 26 2 2.200504e-09
12 26 2 1.360460e-09
1 27 2 9.063187e-09
2 27 2 8.001981e-09
3 27 2 1.402743e-08
4 27 2 3.572614e-08
5 27 2 1.006075e-07
6 27 2 2.079679e-07
7 27 2 2.345526e-07
8 27 2 1.765416e-07
9 27 2 9.123043e-08
10 27 2 3.425923e-08
11 27 2 1.815617e-08
12 27 2 1.123084e-08
1 28 2 1.876857e-09
2 28 2 1.707990e-09
3 28 2 2.872542e-09
4 28 2 7.808256e-09
5 28 2 2.229734e-08
6 28 2 4.773826e-08
7 28 2 5.691510e-08
8 28 2 4.288616e-08
9 28 2 2.206155e-08
10 28 2 8.591905e-09
11 28 2 4.289203e-09
12 28 2 2.674080e-09
1 29 2 2.515385e-09
2 29 2 2.379561e-09
3 29 2 3.790759e-09
4 29 2 1.139818e-08
5 29 2 3.408558e-08
6 29 2 8.388770e-08
7 29 2 1.142744e-07
8 29 2 8.502094e-08
9 29 2 3.904585e-08
10 29 2 1.447185e-08
11 29 2 6.840899e-09
12 29 2 4.270389e-09
1 30 2 5.708553e-10
2 30 2 4.992485e-10
3 30 2 7.934805e-10
4 30 2 2.428620e-09
5 30 2 6.727655e-09
6 30 2 1.829660e-08
7 30 2 2.652005e-08
8 30 2 2.030923e-08
9 30 2 9.189226e-09
10 30 2 3.596830e-09
11 30 2 1.659119e-09
12 30 2 9.936433e-10
1 31 2 1.018362e-09
2 31 2 7.847336e-10
3 31 2 1.192106e-09
4 31 2 3.318026e-09
5 31 2 8.568752e-09
6 31 2 2.256109e-08
7 31 2 3.181615e-08
8 31 2 2.568121e-08
9 31 2 1.284745e-08
10 31 2 5.883497e-09
11 31 2 2.824797e-09
12 31 2 1.574108e-09
1 32 2 1.204464e-09
2 32 2 9.970647e-10
3 32 2 1.393724e-09
4 32 2 3.096911e-09
5 32 2 8.271434e-09
6 32 2 1.959340e-08
7 32 2 2.527781e-08
8 32 2 2.088061e-08
9 32 2 1.165997e-08
10 32 2 6.010831e-09
11 32 2 3.106152e-09
12 32 2 1.610882e-09
1 35 2 8.484856e-08
2 35 2 8.084791e-08
3 35 2 8.782474e-08
4 35 2 1.170344e-07
5 35 2 1.834670e-07
6 35 2 2.801942e-07
7 35 2 3.371596e-07
8 35 2 3.096019e-07
9 35 2 2.104174e-07
10 35 2 1.521315e-07
11 35 2 1.152315e-07
12 35 2 9.361514e-08
1 36 2 1.017235e-08
2 36 2 9.549861e-09
3 36 2 1.058407e-08
4 36 2 1.271239e-08
5 36 2 1.738631e-08
6 36 2 2.508119e-08
7 36 2 2.953855e-08
8 36 2 3.009173e-08
9 36 2 2.296991e-08
10 36 2 1.799600e-08
11 36 2 1.377388e-08
12 36 2 1.141283e-08
1 37 2 2.350388e-07
2 37 2 2.274849e-07
3 37 2 2.866416e-07
4 37 2 3.685826e-07
5 37 2 5.572265e-07
6 37 2 8.451548e-07
7 37 2 9.829584e-07
8 37 2 9.662713e-07
9 37 2 7.110858e-07
10 37 2 5.331900e-07
11 37 2 3.757983e-07
12 37 2 2.878936e-07
1 38 2 1.213807e-06
2 38 2 1.212719e-06
3 38 2 1.847418e-06
4 38 2 2.739101e-06
5 38 2 5.000889e-06
6 38 2 8.873696e-06
7 38 2 1.051942e-05
8 38 2 9.123395e-06
9 38 2 5.893017e-06
10 38 2 4.027871e-06
11 38 2 2.301605e-06
12 38 2 1.660927e-06
1 39 2 1.304691e-06
2 39 2 1.359225e-06
3 39 2 2.201664e-06
4 39 2 3.399553e-06
5 39 2 6.596258e-06
6 39 2 1.275223e-05
7 39 2 1.583470e-05
8 39 2 1.282005e-05
9 39 2 8.080637e-06
10 39 2 5.102826e-06
11 39 2 2.582940e-06
12 39 2 1.885359e-06
1 40 2 3.232640e-07
2 40 2 3.546767e-07
3 40 2 6.325607e-07
4 40 2 1.063701e-06
5 40 2 2.325304e-06
6 40 2 5.279464e-06
7 40 2 6.605425e-06
8 40 2 4.845574e-06
9 40 2 2.984824e-06
10 40 2 1.608251e-06
11 40 2 6.889283e-07
12 40 2 5.132301e-07
1 41 2 1.720788e-07
2 41 2 1.839609e-07
3 41 2 3.686514e-07
4 41 2 6.565943e-07
5 41 2 1.646835e-06
6 41 2 4.179012e-06
7 41 2 5.403214e-06
8 41 2 3.789790e-06
9 41 2 2.117910e-06
10 41 2 9.179219e-07
11 41 2 3.526410e-07
12 41 2 2.939217e-07
1 42 2 9.317081e-08
2 42 2 9.745853e-08
3 42 2 2.101680e-07
4 42 2 4.145967e-07
5 42 2 1.178629e-06
6 42 2 3.269163e-06
7 42 2 4.576445e-06
8 42 2 3.056222e-06
9 42 2 1.447281e-06
10 42 2 5.179664e-07
11 42 2 1.931078e-07
12 42 2 1.584168e-07
1 43 2 2.615123e-09
2 43 2 2.711546e-09
3 43 2 6.397841e-09
4 43 2 1.561092e-08
5 43 2 5.225262e-08
6 43 2 1.541011e-07
7 43 2 2.252745e-07
8 43 2 1.414117e-07
9 43 2 5.782589e-08
10 43 2 1.775401e-08
11 43 2 6.054500e-09
12 43 2 4.242434e-09
1 44 2 1.078756e-08
2 44 2 1.083907e-08
3 44 2 2.357665e-08
4 44 2 6.373889e-08
5 44 2 2.381265e-07
6 44 2 7.504156e-07
7 44 2 1.096774e-06
8 44 2 6.613478e-07
9 44 2 2.384059e-07
10 44 2 7.063484e-08
11 44 2 2.318256e-08
12 44 2 1.567401e-08
1 45 2 2.479791e-08
2 45 2 2.779121e-08
3 45 2 5.064039e-08
4 45 2 1.493426e-07
5 45 2 6.254176e-07
6 45 2 2.075200e-06
7 45 2 2.903179e-06
8 45 2 1.767742e-06
9 45 2 6.078867e-07
10 45 2 1.552062e-07
11 45 2 4.498759e-08
12 45 2 2.940166e-08
1 46 2 1.124460e-08
2 46 2 1.414599e-08
3 46 2 2.223642e-08
4 46 2 6.174829e-08
5 46 2 2.424830e-07
6 46 2 7.521551e-07
7 46 2 1.052212e-06
8 46 2 6.593281e-07
9 46 2 2.476624e-07
10 46 2 6.003043e-08
11 46 2 1.650473e-08
12 46 2 1.177018e-08
1 47 2 1.478008e-08
2 47 2 1.880969e-08
3 47 2 2.650580e-08
4 47 2 5.938697e-08
5 47 2 2.024204e-07
6 47 2 5.576680e-07
7 47 2 7.563169e-07
8 47 2 5.128370e-07
9 47 2 2.172534e-07
10 47 2 6.700928e-08
11 47 2 1.976949e-08
12 47 2 1.502744e-08
1 48 2 2.000675e-08
2 48 2 2.298251e-08
3 48 2 3.161116e-08
4 48 2 6.172992e-08
5 48 2 1.915598e-07
6 48 2 4.406204e-07
7 48 2 5.855435e-07
8 48 2 4.119634e-07
9 48 2 1.961112e-07
10 48 2 7.311720e-08
11 48 2 2.632128e-08
12 48 2 1.745467e-08
1 49 2 7.509266e-10
2 49 2 6.832769e-10
3 49 2 7.750365e-10
4 49 2 9.071115e-10
5 49 2 1.297363e-09
6 49 2 1.973862e-09
7 49 2 2.943691e-09
8 49 2 2.768127e-09
9 49 2 1.930737e-09
10 49 2 1.381628e-09
11 49 2 1.008700e-09
12 49 2 7.358451e-10
1 50 2 3.060128e-09
2 50 2 2.641500e-09
3 50 2 3.096246e-09
4 50 2 3.529400e-09
5 50 2 4.967384e-09
6 50 2 7.289568e-09
7 50 2 1.006068e-08
8 50 2 9.674979e-09
9 50 2 7.005564e-09
10 50 2 4.993861e-09
11 50 2 3.738808e-09
12 50 2 2.943903e-09
1 51 2 1.199165e-09
2 51 2 1.094426e-09
3 51 2 1.189215e-09
4 51 2 1.372748e-09
5 51 2 1.871090e-09
6 51 2 2.624055e-09
7 51 2 3.419526e-09
8 51 2 3.391132e-09
9 51 2 2.817534e-09
10 51 2 1.981781e-09
11 51 2 1.485272e-09
12 51 2 1.244703e-09
1 52 2 1.497094e-06
2 52 2 1.573575e-06
3 52 2 1.976768e-06
4 52 2 2.881858e-06
5 52 2 4.873601e-06
6 52 2 6.707166e-06
7 52 2 8.603186e-06
8 52 2 8.046925e-06
9 52 2 6.495777e-06
10 52 2 3.710810e-06
11 52 2 2.233544e-06
12 52 2 1.722403e-06
1 53 2 6.418263e-07
2 53 2 8.052576e-07
3 53 2 1.364276e-06
4 53 2 2.977807e-06
5 53 2 5.670655e-06
6 53 2 8.467733e-06
7 53 2 1.175422e-05
8 53 2 1.001596e-05
9 53 2 6.778880e-06
10 53 2 2.989771e-06
11 53 2 1.333519e-06
12 53 2 8.448383e-07
1 54 2 2.098713e-07
2 54 2 2.722567e-07
3 54 2 5.091311e-07
4 54 2 1.265141e-06
5 54 2 2.491933e-06
6 54 2 4.813278e-06
7 54 2 6.837490e-06
8 54 2 5.733411e-06
9 54 2 3.477223e-06
10 54 2 1.478854e-06
11 54 2 6.339044e-07
12 54 2 3.496740e-07
1 55 2 2.592146e-07
2 55 2 2.890934e-07
3 55 2 5.392957e-07
4 55 2 1.262788e-06
5 55 2 2.505884e-06
6 55 2 5.351561e-06
7 55 2 7.439076e-06
8 55 2 6.415557e-06
9 55 2 4.068330e-06
10 55 2 1.950699e-06
11 55 2 9.126576e-07
12 55 2 5.225904e-07
1 56 2 1.091162e-06
2 56 2 1.132388e-06
3 56 2 1.961326e-06
4 56 2 4.373479e-06
5 56 2 9.559839e-06
6 56 2 1.884455e-05
7 56 2 2.605423e-05
8 56 2 2.162370e-05
9 56 2 1.413376e-05
10 56 2 7.282226e-06
11 56 2 3.283098e-06
12 56 2 1.882888e-06
1 57 2 2.244426e-07
2 57 2 2.141405e-07
3 57 2 2.633806e-07
4 57 2 3.997705e-07
5 57 2 6.688787e-07
6 57 2 1.088349e-06
7 57 2 1.549822e-06
8 57 2 1.396768e-06
9 57 2 1.039196e-06
10 57 2 6.675255e-07
11 57 2 4.081954e-07
12 57 2 2.933515e-07
1 60 2 1.515136e-05
2 60 2 1.467273e-05
3 60 2 1.682671e-05
4 60 2 1.995623e-05
5 60 2 2.460444e-05
6 60 2 3.237928e-05
7 60 2 3.769595e-05
8 60 2 3.771181e-05
9 60 2 3.200389e-05
10 60 2 2.612581e-05
11 60 2 2.089454e-05
12 60 2 1.731943e-05
1 61 2 4.860300e-05
2 61 2 4.889535e-05
3 61 2 6.877048e-05
4 61 2 1.035829e-04
5 61 2 1.510958e-04
6 61 2 2.128695e-04
7 61 2 2.519104e-04
8 61 2 2.423587e-04
9 61 2 1.883191e-04
10 61 2 1.280958e-04
11 61 2 8.356464e-05
12 61 2 5.861154e-05
1 62 2 1.486644e-05
2 62 2 1.628226e-05
3 62 2 2.563125e-05
4 62 2 4.640038e-05
5 62 2 7.958664e-05
6 62 2 1.129000e-04
7 62 2 1.380539e-04
8 62 2 1.288683e-04
9 62 2 8.979831e-05
10 62 2 5.355022e-05
11 62 2 2.908014e-05
12 62 2 1.892452e-05
1 63 2 1.847763e-05
2 63 2 2.243106e-05
3 63 2 3.753305e-05
4 63 2 7.894151e-05
5 63 2 1.515017e-04
6 63 2 2.252315e-04
7 63 2 2.880166e-04
8 63 2 2.506309e-04
9 63 2 1.530775e-04
10 63 2 8.359728e-05
11 63 2 3.861420e-05
12 63 2 2.527849e-05
1 64 2 4.771925e-06
2 64 2 6.113333e-06
3 64 2 1.164126e-05
4 64 2 2.757426e-05
5 64 2 5.905538e-05
6 64 2 9.459320e-05
7 64 2 1.198989e-04
8 64 2 9.373419e-05
9 64 2 5.367081e-05
10 64 2 2.372668e-05
11 64 2 1.084193e-05
12 64 2 7.419756e-06
1 65 2 1.613639e-06
2 65 2 2.000923e-06
3 65 2 4.383646e-06
4 65 2 1.236204e-05
5 65 2 2.591925e-05
6 65 2 4.405074e-05
7 65 2 5.709601e-05
8 65 2 4.261337e-05
9 65 2 2.416896e-05
10 65 2 8.576505e-06
11 65 2 3.775546e-06
12 65 2 2.736133e-06
1 66 2 1.068312e-06
2 66 2 1.320767e-06
3 66 2 3.139842e-06
4 66 2 1.030078e-05
5 66 2 2.141826e-05
6 66 2 3.682967e-05
7 66 2 5.079426e-05
8 66 2 3.840051e-05
9 66 2 2.172255e-05
10 66 2 7.196929e-06
11 66 2 2.757971e-06
12 66 2 1.710715e-06
1 67 2 3.624636e-07
2 67 2 4.833284e-07
3 67 2 1.229107e-06
4 67 2 4.540429e-06
5 67 2 1.030197e-05
6 67 2 1.757008e-05
7 67 2 2.456492e-05
8 67 2 1.890472e-05
9 67 2 1.033956e-05
10 67 2 3.802340e-06
11 67 2 1.202329e-06
12 67 2 5.411618e-07
1 68 2 8.825665e-08
2 68 2 1.185049e-07
3 68 2 3.519530e-07
4 68 2 1.617762e-06
5 68 2 4.408608e-06
6 68 2 8.448259e-06
7 68 2 1.211320e-05
8 68 2 9.009001e-06
9 68 2 4.323507e-06
10 68 2 1.588405e-06
11 68 2 3.622126e-07
12 68 2 1.260374e-07
1 69 2 5.308353e-08
2 69 2 7.526259e-08
3 69 2 1.799853e-07
4 69 2 7.892466e-07
5 69 2 2.530756e-06
6 69 2 5.989319e-06
7 69 2 8.774304e-06
8 69 2 6.754439e-06
9 69 2 2.901663e-06
10 69 2 9.435086e-07
11 69 2 1.828179e-07
12 69 2 6.875140e-08
1 70 2 2.228639e-07
2 70 2 2.604853e-07
3 70 2 3.732679e-07
4 70 2 9.738368e-07
5 70 2 2.442073e-06
6 70 2 5.930049e-06
7 70 2 9.598867e-06
8 70 2 8.748446e-06
9 70 2 4.517112e-06
10 70 2 1.610120e-06
11 70 2 4.897025e-07
12 70 2 2.756670e-07
1 71 2 1.875182e-07
2 71 2 1.902871e-07
3 71 2 2.153244e-07
4 71 2 3.455305e-07
5 71 2 6.691642e-07
6 71 2 1.395939e-06
7 71 2 2.142329e-06
8 71 2 2.130012e-06
9 71 2 1.366596e-06
10 71 2 6.508912e-07
11 71 2 3.109473e-07
12 71 2 2.159634e-07
1 72 2 7.882485e-10
2 72 2 7.528459e-10
3 72 2 8.156305e-10
4 72 2 1.039937e-09
5 72 2 1.618065e-09
6 72 2 2.815487e-09
7 72 2 4.360867e-09
8 72 2 4.194131e-09
9 72 2 2.934354e-09
10 72 2 1.779226e-09
11 72 2 1.096249e-09
12 72 2 7.828656e-10
1 76 2 1.070282e-06
2 76 2 9.791976e-07
3 76 2 9.890528e-07
4 76 2 1.075854e-06
5 76 2 1.462641e-06
6 76 2 2.085634e-06
7 76 2 2.796719e-06
8 76 2 2.984612e-06
9 76 2 2.843754e-06
10 76 2 1.899060e-06
11 76 2 1.225923e-06
12 76 2 1.072176e-06
1 77 2 1.091302e-06
2 77 2 1.417046e-06
3 77 2 1.856246e-06
4 77 2 3.000101e-06
5 77 2 5.037292e-06
6 77 2 7.777053e-06
7 77 2 1.056692e-05
8 77 2 1.002972e-05
9 77 2 7.429589e-06
10 77 2 3.753516e-06
11 77 2 1.647054e-06
12 77 2 1.038130e-06
1 78 2 1.192321e-06
2 78 2 1.629139e-06
3 78 2 2.268674e-06
4 78 2 4.069105e-06
5 78 2 6.362904e-06
6 78 2 1.010209e-05
7 78 2 1.246991e-05
8 78 2 1.167655e-05
9 78 2 7.570950e-06
10 78 2 4.015023e-06
11 78 2 2.168199e-06
12 78 2 1.251775e-06
1 79 2 5.913962e-06
2 79 2 7.256530e-06
3 79 2 1.065468e-05
4 79 2 1.767255e-05
5 79 2 2.684951e-05
6 79 2 4.386325e-05
7 79 2 5.374894e-05
8 79 2 5.091759e-05
9 79 2 3.515890e-05
10 79 2 2.122351e-05
11 79 2 1.209206e-05
12 79 2 7.407373e-06
1 80 2 2.092946e-06
2 80 2 2.097033e-06
3 80 2 2.635053e-06
4 80 2 3.562894e-06
5 80 2 5.313739e-06
6 80 2 8.084663e-06
7 80 2 1.041023e-05
8 80 2 1.030596e-05
9 80 2 8.553755e-06
10 80 2 5.997075e-06
11 80 2 3.498455e-06
12 80 2 2.585941e-06
1 81 2 3.400855e-12
2 81 2 3.081995e-12
3 81 2 3.246177e-12
4 81 2 3.849170e-12
5 81 2 5.542771e-12
6 81 2 7.468724e-12
7 81 2 9.965727e-12
8 81 2 1.069300e-11
9 81 2 9.723277e-12
10 81 2 7.460604e-12
11 81 2 4.931744e-12
12 81 2 4.037600e-12
1 84 2 7.145747e-06
2 84 2 7.554853e-06
3 84 2 9.343841e-06
4 84 2 1.180769e-05
5 84 2 1.583055e-05
6 84 2 2.593951e-05
7 84 2 3.474140e-05
8 84 2 3.329088e-05
9 84 2 2.497971e-05
10 84 2 1.576470e-05
11 84 2 1.059036e-05
12 84 2 8.089893e-06
1 85 2 1.086291e-05
2 85 2 1.223249e-05
3 85 2 1.590422e-05
4 85 2 2.310734e-05
5 85 2 3.698982e-05
6 85 2 5.650774e-05
7 85 2 7.818372e-05
8 85 2 7.437685e-05
9 85 2 5.355638e-05
10 85 2 2.954202e-05
11 85 2 1.666045e-05
12 85 2 1.208884e-05
1 86 2 3.337342e-06
2 86 2 3.778569e-06
3 86 2 4.828732e-06
4 86 2 7.013854e-06
5 86 2 1.127265e-05
6 86 2 1.635637e-05
7 86 2 2.246931e-05
8 86 2 2.254281e-05
9 86 2 1.668597e-05
10 86 2 9.676010e-06
11 86 2 5.330023e-06
12 86 2 3.809331e-06
1 87 2 3.850932e-06
2 87 2 5.209868e-06
3 87 2 7.438737e-06
4 87 2 1.175895e-05
5 87 2 2.062951e-05
6 87 2 3.100877e-05
7 87 2 4.203830e-05
8 87 2 4.283562e-05
9 87 2 3.105602e-05
10 87 2 1.748536e-05
11 87 2 7.682608e-06
12 87 2 4.669858e-06
1 88 2 1.609325e-06
2 88 2 2.285371e-06
3 88 2 3.583799e-06
4 88 2 6.799874e-06
5 88 2 1.395534e-05
6 88 2 2.193397e-05
7 88 2 2.808950e-05
8 88 2 2.463669e-05
9 88 2 1.592023e-05
10 88 2 7.523606e-06
11 88 2 3.857119e-06
12 88 2 2.142489e-06
1 89 2 1.689282e-06
2 89 2 2.350417e-06
3 89 2 4.461019e-06
4 89 2 8.390416e-06
5 89 2 1.674404e-05
6 89 2 2.501365e-05
7 89 2 2.918003e-05
8 89 2 2.555475e-05
9 89 2 1.667717e-05
10 89 2 7.936172e-06
11 89 2 4.366879e-06
12 89 2 2.417086e-06
1 90 2 4.903607e-07
2 90 2 6.462791e-07
3 90 2 1.282472e-06
4 90 2 2.301764e-06
5 90 2 3.534224e-06
6 90 2 4.678138e-06
7 90 2 5.253838e-06
8 90 2 4.861255e-06
9 90 2 3.542674e-06
10 90 2 2.113055e-06
11 90 2 1.165040e-06
12 90 2 6.632314e-07
1 91 2 5.456637e-09
2 91 2 7.720901e-09
3 91 2 1.613067e-08
4 91 2 3.048190e-08
5 91 2 4.498653e-08
6 91 2 5.718207e-08
7 91 2 6.420714e-08
8 91 2 5.888411e-08
9 91 2 4.233889e-08
10 91 2 2.620788e-08
11 91 2 1.358300e-08
12 91 2 6.972922e-09
1 92 2 2.925384e-08
2 92 2 4.178733e-08
3 92 2 1.047503e-07
4 92 2 2.499099e-07
5 92 2 4.712938e-07
6 92 2 7.221881e-07
7 92 2 8.668895e-07
8 92 2 7.890084e-07
9 92 2 4.936113e-07
10 92 2 2.623385e-07
11 92 2 1.028894e-07
12 92 2 4.416787e-08
1 93 2 2.512796e-06
2 93 2 3.031913e-06
3 93 2 6.233774e-06
4 93 2 1.452850e-05
5 93 2 2.591803e-05
6 93 2 4.113010e-05
7 93 2 5.517387e-05
8 93 2 5.424062e-05
9 93 2 3.648251e-05
10 93 2 2.100949e-05
11 93 2 8.997409e-06
12 93 2 3.747601e-06
1 94 2 3.186154e-06
2 94 2 3.170091e-06
3 94 2 4.232838e-06
4 94 2 7.501369e-06
5 94 2 1.280438e-05
6 94 2 2.016207e-05
7 94 2 2.785381e-05
8 94 2 3.035449e-05
9 94 2 2.500345e-05
10 94 2 1.509204e-05
11 94 2 8.100270e-06
12 94 2 4.425793e-06
1 98 2 1.356230e-07
2 98 2 1.262470e-07
3 98 2 1.188811e-07
4 98 2 1.265742e-07
5 98 2 1.436530e-07
6 98 2 1.643815e-07
7 98 2 1.848954e-07
8 98 2 1.948708e-07
9 98 2 1.922938e-07
10 98 2 1.817690e-07
11 98 2 1.635000e-07
12 98 2 1.487867e-07
1 101 2 5.327944e-07
2 101 2 5.474644e-07
3 101 2 5.610092e-07
4 101 2 6.918095e-07
5 101 2 8.896806e-07
6 101 2 1.038795e-06
7 101 2 1.108854e-06
8 101 2 1.111111e-06
9 101 2 1.068185e-06
10 101 2 9.158589e-07
11 101 2 7.042705e-07
12 101 2 5.648752e-07
1 102 2 3.416324e-06
2 102 2 3.861683e-06
3 102 2 4.746080e-06
4 102 2 5.936393e-06
5 102 2 6.869811e-06
6 102 2 7.499631e-06
7 102 2 7.710816e-06
8 102 2 7.808249e-06
9 102 2 7.037413e-06
10 102 2 5.421630e-06
11 102 2 4.351537e-06
12 102 2 3.566625e-06
1 103 2 1.908736e-06
2 103 2 1.947880e-06
3 103 2 2.122946e-06
4 103 2 2.398848e-06
5 103 2 2.793650e-06
6 103 2 3.196974e-06
7 103 2 3.458720e-06
8 103 2 3.629850e-06
9 103 2 3.560132e-06
10 103 2 3.111246e-06
11 103 2 2.559488e-06
12 103 2 2.128130e-06
1 104 2 8.938909e-07
2 104 2 8.577551e-07
3 104 2 8.670752e-07
4 104 2 9.506229e-07
5 104 2 1.111574e-06
6 104 2 1.275585e-06
7 104 2 1.431622e-06
8 104 2 1.546500e-06
9 104 2 1.558949e-06
10 104 2 1.456367e-06
11 104 2 1.197993e-06
12 104 2 9.919365e-07
1 107 2 3.267464e-07
2 107 2 3.447115e-07
3 107 2 4.024630e-07
4 107 2 4.611783e-07
5 107 2 5.171824e-07
6 107 2 6.621178e-07
7 107 2 7.237228e-07
8 107 2 7.207945e-07
9 107 2 6.747715e-07
10 107 2 5.771672e-07
11 107 2 4.588268e-07
12 107 2 3.588199e-07
1 108 2 4.338774e-08
2 108 2 5.544959e-08
3 108 2 8.054646e-08
4 108 2 1.247489e-07
5 108 2 1.936436e-07
6 108 2 2.657819e-07
7 108 2 2.845115e-07
8 108 2 2.514482e-07
9 108 2 2.034613e-07
10 108 2 1.403742e-07
11 108 2 7.312071e-08
12 108 2 4.654847e-08
1 109 2 8.225572e-08
2 109 2 1.086478e-07
3 109 2 1.699322e-07
4 109 2 2.949028e-07
5 109 2 5.024506e-07
6 109 2 6.333644e-07
7 109 2 6.435554e-07
8 109 2 5.916082e-07
9 109 2 4.750783e-07
10 109 2 3.333454e-07
11 109 2 1.482638e-07
12 109 2 8.661019e-08
1 110 2 3.620962e-08
2 110 2 4.612413e-08
3 110 2 7.407770e-08
4 110 2 1.146694e-07
5 110 2 1.778476e-07
6 110 2 2.059561e-07
7 110 2 2.214227e-07
8 110 2 2.189853e-07
9 110 2 1.843805e-07
10 110 2 1.344251e-07
11 110 2 6.502205e-08
12 110 2 3.827268e-08
1 111 2 1.243395e-06
2 111 2 1.555125e-06
3 111 2 2.517713e-06
4 111 2 3.815804e-06
5 111 2 5.767030e-06
6 111 2 7.396093e-06
7 111 2 7.818224e-06
8 111 2 7.743650e-06
9 111 2 6.594395e-06
10 111 2 4.292632e-06
11 111 2 2.312410e-06
12 111 2 1.412462e-06
1 112 2 1.431664e-06
2 112 2 1.845956e-06
3 112 2 3.238333e-06
4 112 2 5.385159e-06
5 112 2 8.189042e-06
6 112 2 9.979315e-06
7 112 2 1.016366e-05
8 112 2 9.473585e-06
9 112 2 7.232040e-06
10 112 2 4.801159e-06
11 112 2 2.755364e-06
12 112 2 1.693694e-06
1 113 2 8.216770e-07
2 113 2 1.040988e-06
3 113 2 1.748867e-06
4 113 2 2.615271e-06
5 113 2 3.218341e-06
6 113 2 2.810088e-06
7 113 2 2.411222e-06
8 113 2 2.302913e-06
9 113 2 2.277689e-06
10 113 2 2.079748e-06
11 113 2 1.454653e-06
12 113 2 9.824872e-07
1 114 2 2.240453e-06
2 114 2 3.038168e-06
3 114 2 5.413016e-06
4 114 2 7.890469e-06
5 114 2 9.103280e-06
6 114 2 6.664114e-06
7 114 2 5.504107e-06
8 114 2 5.045181e-06
9 114 2 4.868779e-06
10 114 2 4.357647e-06
11 114 2 3.321928e-06
12 114 2 2.460675e-06
1 115 2 7.662472e-07
2 115 2 1.114821e-06
3 115 2 1.767173e-06
4 115 2 2.190565e-06
5 115 2 1.956279e-06
6 115 2 1.816340e-06
7 115 2 1.751827e-06
8 115 2 1.680754e-06
9 115 2 1.545792e-06
10 115 2 1.381402e-06
11 115 2 1.049372e-06
12 115 2 7.528453e-07
1 116 2 5.554307e-07
2 116 2 7.110190e-07
3 116 2 1.087318e-06
4 116 2 1.539058e-06
5 116 2 1.790022e-06
6 116 2 2.038381e-06
7 116 2 2.137004e-06
8 116 2 2.045587e-06
9 116 2 1.657153e-06
10 116 2 1.324857e-06
11 116 2 9.624828e-07
12 116 2 6.340423e-07
1 117 2 1.668746e-07
2 117 2 1.742588e-07
3 117 2 2.200729e-07
4 117 2 3.012514e-07
5 117 2 3.836192e-07
6 117 2 4.545039e-07
7 117 2 4.838668e-07
8 117 2 4.832323e-07
9 117 2 4.409201e-07
10 117 2 3.774543e-07
11 117 2 3.047046e-07
12 117 2 2.201147e-07
1 126 2 9.808676e-09
2 126 2 1.019511e-08
3 126 2 1.105011e-08
4 126 2 1.166824e-08
5 126 2 1.152833e-08
6 126 2 1.071429e-08
7 126 2 1.032796e-08
8 126 2 1.042886e-08
9 126 2 1.037365e-08
10 126 2 1.019377e-08
11 126 2 9.960579e-09
12 126 2 9.809768e-09
1 127 2 9.893127e-07
2 127 2 1.006151e-06
3 127 2 1.061971e-06
4 127 2 1.102552e-06
5 127 2 1.117572e-06
6 127 2 1.082510e-06
7 127 2 1.082809e-06
8 127 2 1.107658e-06
9 127 2 1.095850e-06
10 127 2 1.051931e-06
11 127 2 1.019451e-06
12 127 2 1.006832e-06
1 128 2 4.487207e-06
2 128 2 4.608320e-06
3 128 2 4.730735e-06
4 128 2 4.618001e-06
5 128 2 4.492176e-06
6 128 2 4.357236e-06
7 128 2 4.644009e-06
8 128 2 5.280258e-06
9 128 2 5.552142e-06
10 128 2 5.244260e-06
11 128 2 4.768889e-06
12 128 2 4.493242e-06
1 129 2 1.278333e-07
2 129 2 1.260781e-07
3 129 2 1.292579e-07
4 129 2 1.330064e-07
5 129 2 1.350587e-07
6 129 2 1.387124e-07
7 129 2 1.449407e-07
8 129 2 1.579851e-07
9 129 2 1.650612e-07
10 129 2 1.657884e-07
11 129 2 1.513705e-07
12 129 2 1.344742e-07
1 133 2 2.745970e-06
2 133 2 3.192597e-06
3 133 2 3.832540e-06
4 133 2 3.935005e-06
5 133 2 3.753592e-06
6 133 2 3.450058e-06
7 133 2 3.079209e-06
8 133 2 2.883329e-06
9 133 2 3.006670e-06
10 133 2 3.202220e-06
11 133 2 3.054969e-06
12 133 2 2.673100e-06
1 135 2 1.187974e-07
2 135 2 1.338431e-07
3 135 2 1.591701e-07
4 135 2 1.714188e-07
5 135 2 1.647170e-07
6 135 2 1.469444e-07
7 135 2 1.269454e-07
8 135 2 1.282158e-07
9 135 2 1.362440e-07
10 135 2 1.281296e-07
11 135 2 1.228111e-07
12 135 2 1.153642e-07
1 136 2 1.328670e-07
2 136 2 1.367471e-07
3 136 2 1.691133e-07
4 136 2 2.055903e-07
5 136 2 2.251306e-07
6 136 2 2.054050e-07
7 136 2 1.817594e-07
8 136 2 1.813425e-07
9 136 2 1.822798e-07
10 136 2 1.714702e-07
11 136 2 1.621242e-07
12 136 2 1.439683e-07
1 137 2 3.233546e-08
2 137 2 3.392323e-08
3 137 2 3.889368e-08
4 137 2 4.273844e-08
5 137 2 4.218544e-08
6 137 2 3.881483e-08
7 137 2 3.590785e-08
8 137 2 3.464749e-08
9 137 2 3.466925e-08
10 137 2 3.611736e-08
11 137 2 3.570880e-08
12 137 2 3.367020e-08
1 138 2 1.292594e-06
2 138 2 1.421413e-06
3 138 2 1.649049e-06
4 138 2 1.835289e-06
5 138 2 1.851694e-06
6 138 2 1.627453e-06
7 138 2 1.507680e-06
8 138 2 1.453970e-06
9 138 2 1.457937e-06
10 138 2 1.466433e-06
11 138 2 1.422468e-06
12 138 2 1.319220e-06
1 139 2 2.180173e-06
2 139 2 2.482814e-06
3 139 2 2.774300e-06
4 139 2 2.911826e-06
5 139 2 2.870791e-06
6 139 2 2.673486e-06
7 139 2 2.529522e-06
8 139 2 2.435082e-06
9 139 2 2.403520e-06
10 139 2 2.422179e-06
11 139 2 2.304889e-06
12 139 2 2.109818e-06
1 140 2 7.222666e-07
2 140 2 7.468505e-07
3 140 2 8.111376e-07
4 140 2 9.190055e-07
5 140 2 9.758524e-07
6 140 2 9.373079e-07
7 140 2 8.874783e-07
8 140 2 8.559653e-07
9 140 2 8.434867e-07
10 140 2 8.481485e-07
11 140 2 8.302351e-07
12 140 2 7.740326e-07
1 141 2 1.132822e-06
2 141 2 1.121101e-06
3 141 2 1.153212e-06
4 141 2 1.265640e-06
5 141 2 1.365794e-06
6 141 2 1.350547e-06
7 141 2 1.314027e-06
8 141 2 1.274206e-06
9 141 2 1.263407e-06
10 141 2 1.266378e-06
11 141 2 1.279018e-06
12 141 2 1.241826e-06
1 150 2 1.312552e-09
2 150 2 1.436795e-09
3 150 2 1.537926e-09
4 150 2 1.572655e-09
5 150 2 1.471525e-09
6 150 2 1.297819e-09
7 150 2 1.183973e-09
8 150 2 1.155383e-09
9 150 2 1.118030e-09
10 150 2 1.092592e-09
11 150 2 1.113835e-09
12 150 2 1.185089e-09
1 151 2 8.506930e-07
2 151 2 9.048112e-07
3 151 2 9.593683e-07
4 151 2 9.819898e-07
5 151 2 9.501434e-07
6 151 2 8.943791e-07
7 151 2 8.746172e-07
8 151 2 9.083845e-07
9 151 2 8.648627e-07
10 151 2 8.115843e-07
11 151 2 7.877864e-07
12 151 2 8.074397e-07
1 152 2 6.741196e-07
2 152 2 6.828337e-07
3 152 2 6.891549e-07
4 152 2 6.548751e-07
5 152 2 6.295105e-07
6 152 2 6.182677e-07
7 152 2 7.068453e-07
8 152 2 9.424931e-07
9 152 2 1.000560e-06
10 152 2 8.527862e-07
11 152 2 7.312994e-07
12 152 2 6.763018e-07
1 153 2 7.813388e-07
2 153 2 8.002914e-07
3 153 2 8.443626e-07
4 153 2 8.282083e-07
5 153 2 7.998022e-07
6 153 2 7.852453e-07
7 153 2 9.166308e-07
8 153 2 1.197871e-06
9 153 2 1.456945e-06
10 153 2 1.302210e-06
11 153 2 9.850551e-07
12 153 2 8.218952e-07
1 154 2 2.126748e-06
2 154 2 2.115209e-06
3 154 2 2.201147e-06
4 154 2 2.109107e-06
5 154 2 1.972207e-06
6 154 2 1.774023e-06
7 154 2 1.675144e-06
8 154 2 1.745051e-06
9 154 2 1.967522e-06
10 154 2 2.211143e-06
11 154 2 2.330298e-06
12 154 2 2.253287e-06
1 157 2 8.465412e-08
2 157 2 8.790484e-08
3 157 2 9.411472e-08
4 157 2 9.278891e-08
5 157 2 9.044252e-08
6 157 2 8.503151e-08
7 157 2 8.113219e-08
8 157 2 8.031438e-08
9 157 2 7.973389e-08
10 157 2 8.112415e-08
11 157 2 8.170575e-08
12 157 2 8.277203e-08
1 163 2 3.940418e-07
2 163 2 3.993215e-07
3 163 2 4.111712e-07
4 163 2 4.358442e-07
5 163 2 4.362695e-07
6 163 2 4.033483e-07
7 163 2 3.728942e-07
8 163 2 3.501550e-07
9 163 2 3.551691e-07
10 163 2 3.757552e-07
11 163 2 3.904441e-07
12 163 2 3.935033e-07
1 164 2 1.491716e-06
2 164 2 1.478961e-06
3 164 2 1.520131e-06
4 164 2 1.591046e-06
5 164 2 1.572331e-06
6 164 2 1.454285e-06
7 164 2 1.346069e-06
8 164 2 1.314861e-06
9 164 2 1.407949e-06
10 164 2 1.542470e-06
11 164 2 1.573621e-06
12 164 2 1.547416e-06
1 165 2 6.511144e-07
2 165 2 6.381382e-07
3 165 2 6.461605e-07
4 165 2 6.604527e-07
5 165 2 6.532036e-07
6 165 2 6.010398e-07
7 165 2 5.666984e-07
8 165 2 5.736015e-07
9 165 2 6.113973e-07
10 165 2 6.537161e-07
11 165 2 6.876821e-07
12 165 2 6.884923e-07
1 166 2 2.840859e-07
2 166 2 2.812499e-07
3 166 2 2.766032e-07
4 166 2 2.753055e-07
5 166 2 2.662910e-07
6 166 2 2.462748e-07
7 166 2 2.325580e-07
8 166 2 2.342930e-07
9 166 2 2.430616e-07
10 166 2 2.556830e-07
11 166 2 2.756638e-07
12 166 2 2.895532e-07
1 170 2 1.304753e-08
2 170 2 1.434969e-08
3 170 2 1.409850e-08
4 170 2 1.281478e-08
5 170 2 1.067854e-08
6 170 2 8.978786e-09
7 170 2 8.492526e-09
8 170 2 8.107628e-09
9 170 2 8.243990e-09
10 170 2 9.179625e-09
11 170 2 1.012801e-08
12 170 2 1.166303e-08
1 171 2 4.686503e-08
2 171 2 5.144433e-08
3 171 2 5.206713e-08
4 171 2 4.632328e-08
5 171 2 3.853576e-08
6 171 2 3.302333e-08
7 171 2 2.998163e-08
8 171 2 2.840854e-08
9 171 2 2.882245e-08
10 171 2 3.135078e-08
11 171 2 3.578193e-08
12 171 2 4.227290e-08
1 175 2 1.352016e-09
2 175 2 1.429396e-09
3 175 2 1.433496e-09
4 175 2 1.342640e-09
5 175 2 1.166543e-09
6 175 2 1.063016e-09
7 175 2 1.040959e-09
8 175 2 1.032170e-09
9 175 2 9.600311e-10
10 175 2 9.704555e-10
11 175 2 1.014602e-09
12 175 2 1.183539e-09
1 176 2 2.132952e-06
2 176 2 2.148944e-06
3 176 2 2.103809e-06
4 176 2 1.858120e-06
5 176 2 1.503137e-06
6 176 2 1.362124e-06
7 176 2 1.359640e-06
8 176 2 1.551168e-06
9 176 2 1.689382e-06
10 176 2 1.802983e-06
11 176 2 1.924549e-06
12 176 2 2.044344e-06
1 177 2 4.641364e-06
2 177 2 4.510139e-06
3 177 2 4.258411e-06
4 177 2 3.723697e-06
5 177 2 3.044970e-06
6 177 2 2.600147e-06
7 177 2 2.705413e-06
8 177 2 3.241582e-06
9 177 2 4.074162e-06
10 177 2 4.236972e-06
11 177 2 4.322913e-06
12 177 2 4.331745e-06
1 178 2 1.559182e-06
2 178 2 1.540959e-06
3 178 2 1.477122e-06
4 178 2 1.238066e-06
5 178 2 1.077989e-06
6 178 2 9.111410e-07
7 178 2 8.678041e-07
8 178 2 8.741909e-07
9 178 2 9.969927e-07
10 178 2 1.072736e-06
11 178 2 1.211594e-06
12 178 2 1.345124e-06
1 181 2 1.904338e-08
2 181 2 2.011401e-08
3 181 2 2.039100e-08
4 181 2 1.949653e-08
5 181 2 1.607856e-08
6 181 2 1.390307e-08
7 181 2 1.229318e-08
8 181 2 1.258107e-08
9 181 2 1.363031e-08
10 181 2 1.475908e-08
11 181 2 1.671485e-08
12 181 2 1.779648e-08
1 182 2 2.271460e-06
2 182 2 2.099529e-06
3 182 2 1.979762e-06
4 182 2 1.653769e-06
5 182 2 1.295049e-06
6 182 2 9.686187e-07
7 182 2 9.603834e-07
8 182 2 1.334572e-06
9 182 2 1.851862e-06
10 182 2 2.271243e-06
11 182 2 2.510190e-06
12 182 2 2.409412e-06
1 183 2 4.830365e-07
2 183 2 4.640374e-07
3 183 2 4.430108e-07
4 183 2 4.016898e-07
5 183 2 3.379748e-07
6 183 2 2.743067e-07
7 183 2 2.552135e-07
8 183 2 3.030563e-07
9 183 2 3.523719e-07
10 183 2 4.168556e-07
11 183 2 4.538291e-07
12 183 2 4.667926e-07
1 184 2 1.507992e-07
2 184 2 1.527984e-07
3 184 2 1.479829e-07
4 184 2 1.331750e-07
5 184 2 1.107147e-07
6 184 2 8.947832e-08
7 184 2 8.068695e-08
8 184 2 8.426963e-08
9 184 2 8.926959e-08
10 184 2 1.025149e-07
11 184 2 1.199493e-07
12 184 2 1.367157e-07
1 188 2 2.500660e-08
2 188 2 2.478857e-08
3 188 2 2.297678e-08
4 188 2 1.876211e-08
5 188 2 1.326031e-08
6 188 2 1.008626e-08
7 188 2 8.679145e-09
8 188 2 8.828659e-09
9 188 2 1.195837e-08
10 188 2 1.571499e-08
11 188 2 1.871499e-08
12 188 2 2.334262e-08
1 189 2 2.182485e-08
2 189 2 2.017057e-08
3 189 2 1.829650e-08
4 189 2 1.352383e-08
5 189 2 8.953988e-09
6 189 2 6.331924e-09
7 189 2 6.020306e-09
8 189 2 7.394929e-09
9 189 2 1.189604e-08
10 189 2 1.693821e-08
11 189 2 2.060252e-08
12 189 2 2.152953e-08
1 190 2 8.933702e-08
2 190 2 8.464847e-08
3 190 2 7.347506e-08
4 190 2 5.204085e-08
5 190 2 3.630889e-08
6 190 2 2.634003e-08
7 190 2 2.474941e-08
8 190 2 2.983534e-08
9 190 2 4.190707e-08
10 190 2 5.712947e-08
11 190 2 7.485784e-08
12 190 2 8.398912e-08
1 191 2 6.872342e-08
2 191 2 7.121562e-08
3 191 2 6.922193e-08
4 191 2 5.718508e-08
5 191 2 4.702436e-08
6 191 2 3.862969e-08
7 191 2 3.396200e-08
8 191 2 3.449137e-08
9 191 2 3.763078e-08
10 191 2 4.223669e-08
11 191 2 5.194670e-08
12 191 2 6.111481e-08
1 192 2 9.006705e-08
2 192 2 9.733743e-08
3 192 2 9.483672e-08
4 192 2 8.211440e-08
5 192 2 6.939905e-08
6 192 2 5.909050e-08
7 192 2 5.192880e-08
8 192 2 4.825404e-08
9 192 2 4.968461e-08
10 192 2 5.455938e-08
11 192 2 6.512980e-08
12 192 2 7.820664e-08
1 200 2 1.025679e-05
2 200 2 1.055168e-05
3 200 2 8.628960e-06
4 200 2 5.704359e-06
5 200 2 3.733789e-06
6 200 2 3.040825e-06
7 200 2 2.888942e-06
8 200 2 3.115478e-06
9 200 2 3.450944e-06
10 200 2 4.412200e-06
11 200 2 6.131402e-06
12 200 2 8.447825e-06
1 201 2 6.375023e-06
2 201 2 6.577703e-06
3 201 2 6.021496e-06
4 201 2 4.634918e-06
5 201 2 3.492853e-06
6 201 2 2.889734e-06
7 201 2 2.730960e-06
8 201 2 2.824930e-06
9 201 2 2.795836e-06
10 201 2 3.326682e-06
11 201 2 4.240626e-06
12 201 2 5.281568e-06
1 206 2 1.510623e-06
2 206 2 1.631669e-06
3 206 2 1.476224e-06
4 206 2 1.259729e-06
5 206 2 1.041790e-06
6 206 2 9.083525e-07
7 206 2 7.790894e-07
8 206 2 7.649672e-07
9 206 2 8.280689e-07
10 206 2 9.373273e-07
11 206 2 1.098764e-06
12 206 2 1.294458e-06
1 207 2 5.723082e-08
2 207 2 6.248886e-08
3 207 2 5.926311e-08
4 207 2 5.373687e-08
5 207 2 4.765668e-08
6 207 2 4.087493e-08
7 207 2 3.602758e-08
8 207 2 3.547798e-08
9 207 2 3.579502e-08
10 207 2 3.942693e-08
11 207 2 4.249054e-08
12 207 2 4.860655e-08
1 212 2 3.517616e-08
2 212 2 3.754838e-08
3 212 2 3.332786e-08
4 212 2 2.801842e-08
5 212 2 2.183814e-08
6 212 2 1.762520e-08
7 212 2 1.462991e-08
8 212 2 1.413968e-08
9 212 2 1.605881e-08
10 212 2 1.894864e-08
11 212 2 2.247639e-08
12 212 2 2.971808e-08
1 213 2 7.669702e-09
2 213 2 8.382408e-09
3 213 2 7.103760e-09
4 213 2 6.011303e-09
5 213 2 4.638522e-09
6 213 2 3.575648e-09
7 213 2 3.034678e-09
8 213 2 2.962581e-09
9 213 2 3.568554e-09
10 213 2 4.397831e-09
11 213 2 5.400481e-09
12 213 2 6.608664e-09
1 214 2 2.724400e-07
2 214 2 2.888205e-07
3 214 2 2.320493e-07
4 214 2 1.723511e-07
5 214 2 1.273991e-07
6 214 2 9.388732e-08
7 214 2 8.130785e-08
8 214 2 8.382224e-08
9 214 2 1.058077e-07
10 214 2 1.418520e-07
11 214 2 1.941823e-07
12 214 2 2.355094e-07
1 215 2 1.009750e-07
2 215 2 1.038663e-07
3 215 2 9.683942e-08
4 215 2 7.717692e-08
5 215 2 6.268736e-08
6 215 2 5.036797e-08
7 215 2 4.352490e-08
8 215 2 4.363193e-08
9 215 2 4.906704e-08
10 215 2 5.837401e-08
11 215 2 7.350091e-08
12 215 2 8.879315e-08
1 216 2 2.493273e-07
2 216 2 2.603160e-07
3 216 2 2.441123e-07
4 216 2 1.984491e-07
5 216 2 1.589066e-07
6 216 2 1.367023e-07
7 216 2 1.201257e-07
8 216 2 1.148624e-07
9 216 2 1.191901e-07
10 216 2 1.354708e-07
11 216 2 1.629484e-07
12 216 2 2.094181e-07
1 224 2 2.995053e-07
2 224 2 3.274302e-07
3 224 2 2.857228e-07
4 224 2 2.460502e-07
5 224 2 1.986901e-07
6 224 2 1.688481e-07
7 224 2 1.533969e-07
8 224 2 1.602213e-07
9 224 2 1.647693e-07
10 224 2 1.943375e-07
11 224 2 2.320773e-07
12 224 2 2.768866e-07
1 240 2 1.540014e-08
2 240 2 1.570805e-08
3 240 2 1.436463e-08
4 240 2 1.268622e-08
5 240 2 1.102596e-08
6 240 2 9.510272e-09
7 240 2 9.317350e-09
8 240 2 9.605648e-09
9 240 2 9.350521e-09
10 240 2 1.006953e-08
11 240 2 1.106395e-08
12 240 2 1.371184e-08
