1 7 2 1.632630e-11
2 7 2 1.394738e-11
3 7 2 1.525348e-11
4 7 2 3.942399e-11
5 7 2 1.356468e-10
6 7 2 3.653477e-10
7 7 2 4.943262e-10
8 7 2 3.370363e-10
9 7 2 1.457569e-10
10 7 2 6.389940e-11
11 7 2 3.385478e-11
12 7 2 1.997211e-11
1 25 2 9.336752e-09
2 25 2 8.865209e-09
3 25 2 1.248961e-08
4 25 2 2.279077e-08
5 25 2 6.375761e-08
6 25 2 1.156163e-07
7 25 2 1.401608e-07
8 25 2 1.074786e-07
9 25 2 6.073108e-08
10 25 2 2.841995e-08
11 25 2 1.355096e-08
12 25 2 7.847317e-09
1 26 2 1.197725e-09
2 26 2 9.857386e-10
3 26 2 1.629999e-09
4 26 2 3.638293e-09
5 26 2 1.024851e-08
6 26 2 1.957437e-08
7 26 2 2.123813e-08
8 26 2 1.589044e-08
9 26 2 8.691232e-09
10 26 2 3.498560e-09
11 26 2 1.827855e-09
12 26 2 1.130070e-09
1 27 2 7.753307e-09
2 27 2 6.845475e-09
3 27 2 1.200008e-08
4 27 2 3.056273e-08
5 27 2 8.606693e-08
6 27 2 1.779108e-07
7 27 2 2.006533e-07
8 27 2 1.510265e-07
9 27 2 7.804513e-08
10 27 2 2.930783e-08
11 27 2 1.553210e-08
12 27 2 9.607674e-09
1 28 2 1.695622e-09
2 28 2 1.543061e-09
3 28 2 2.595161e-09
4 28 2 7.054267e-09
5 28 2 2.014425e-08
6 28 2 4.312851e-08
7 28 2 5.141920e-08
8 28 2 3.874495e-08
9 28 2 1.993122e-08
10 28 2 7.762245e-09
11 28 2 3.875025e-09
12 28 2 2.415863e-09
1 29 2 2.272381e-09
2 29 2 2.149679e-09
3 29 2 3.424545e-09
4 29 2 1.029704e-08
5 29 2 3.079267e-08
6 29 2 7.578355e-08
7 29 2 1.032347e-07
8 29 2 7.680731e-08
9 29 2 3.527374e-08
10 29 2 1.307376e-08
11 29 2 6.180019e-09
12 29 2 3.857839e-09
1 30 2 5.154381e-10
2 30 2 4.507827e-10
3 30 2 7.164514e-10
4 30 2 2.192855e-09
5 30 2 6.074551e-09
6 30 2 1.652041e-08
7 30 2 2.394555e-08
8 30 2 1.833766e-08
9 30 2 8.297159e-09
10 30 2 3.247659e-09
11 30 2 1.498055e-09
12 30 2 8.971829e-10
1 31 2 9.201867e-10
2 31 2 7.090813e-10
3 31 2 1.077181e-09
4 31 2 2.998151e-09
5 31 2 7.742680e-09
6 31 2 2.038609e-08
7 31 2 2.874891e-08
8 31 2 2.320541e-08
9 31 2 1.160889e-08
10 31 2 5.316298e-09
11 31 2 2.552472e-09
12 31 2 1.422356e-09
1 32 2 1.088623e-09
2 32 2 9.011703e-10
3 32 2 1.259681e-09
4 32 2 2.799060e-09
5 32 2 7.475914e-09
6 32 2 1.770897e-08
7 32 2 2.284667e-08
8 32 2 1.887238e-08
9 32 2 1.053855e-08
10 32 2 5.432729e-09
11 32 2 2.807412e-09
12 32 2 1.455953e-09
1 35 2 7.675863e-08
2 35 2 7.313943e-08
3 35 2 7.945105e-08
4 35 2 1.058757e-07
5 35 2 1.659743e-07
6 35 2 2.534790e-07
7 35 2 3.050130e-07
8 35 2 2.800827e-07
9 35 2 1.903550e-07
10 35 2 1.376264e-07
11 35 2 1.042447e-07
12 35 2 8.468936e-08
1 36 2 9.186362e-09
2 36 2 8.624207e-09
3 36 2 9.558171e-09
4 36 2 1.148020e-08
5 36 2 1.570108e-08
6 36 2 2.265011e-08
7 36 2 2.667543e-08
8 36 2 2.717498e-08
9 36 2 2.074347e-08
10 36 2 1.625168e-08
11 36 2 1.243880e-08
12 36 2 1.030660e-08
1 37 2 2.124696e-07
2 37 2 2.056411e-07
3 37 2 2.591173e-07
4 37 2 3.331901e-07
5 37 2 5.037198e-07
6 37 2 7.640002e-07
7 37 2 8.885715e-07
8 37 2 8.734868e-07
9 37 2 6.428050e-07
10 37 2 4.819914e-07
11 37 2 3.397129e-07
12 37 2 2.602491e-07
1 38 2 1.097487e-06
2 38 2 1.096503e-06
3 38 2 1.670377e-06
4 38 2 2.476610e-06
5 38 2 4.521647e-06
6 38 2 8.023318e-06
7 38 2 9.511330e-06
8 38 2 8.249089e-06
9 38 2 5.328281e-06
10 38 2 3.641875e-06
11 38 2 2.081039e-06
12 38 2 1.501758e-06
1 39 2 1.179068e-06
2 39 2 1.228351e-06
3 39 2 1.989675e-06
4 39 2 3.072224e-06
5 39 2 5.961132e-06
6 39 2 1.152437e-05
7 39 2 1.431004e-05
8 39 2 1.158567e-05
9 39 2 7.302586e-06
10 39 2 4.611497e-06
11 39 2 2.334240e-06
12 39 2 1.703826e-06
1 40 2 2.921990e-07
2 40 2 3.205929e-07
3 40 2 5.717728e-07
4 40 2 9.614814e-07
5 40 2 2.101847e-06
6 40 2 4.772118e-06
7 40 2 5.970656e-06
8 40 2 4.379923e-06
9 40 2 2.697988e-06
10 40 2 1.453701e-06
11 40 2 6.227236e-07
12 40 2 4.639097e-07
1 41 2 1.556241e-07
2 41 2 1.663699e-07
3 41 2 3.333998e-07
4 41 2 5.938086e-07
5 41 2 1.489359e-06
6 41 2 3.779402e-06
7 41 2 4.886541e-06
8 41 2 3.427398e-06
9 41 2 1.915389e-06
10 41 2 8.301472e-07
11 41 2 3.189203e-07
12 41 2 2.658159e-07
1 42 2 8.415938e-08
2 42 2 8.803239e-08
3 42 2 1.898406e-07
4 42 2 3.744971e-07
5 42 2 1.064632e-06
6 42 2 2.952971e-06
7 42 2 4.133813e-06
8 42 2 2.760626e-06
9 42 2 1.307301e-06
10 42 2 4.678690e-07
11 42 2 1.744305e-07
12 42 2 1.430948e-07
1 43 2 2.361881e-09
2 43 2 2.448966e-09
3 43 2 5.778289e-09
4 43 2 1.409920e-08
5 43 2 4.719260e-08
6 43 2 1.391783e-07
7 43 2 2.034594e-07
8 43 2 1.277177e-07
9 43 2 5.222616e-08
10 43 2 1.603476e-08
11 43 2 5.468196e-09
12 43 2 3.831607e-09
1 44 2 9.752153e-09
2 44 2 9.798717e-09
3 44 2 2.131372e-08
4 44 2 5.762111e-08
5 44 2 2.152707e-07
6 44 2 6.783893e-07
7 44 2 9.915033e-07
8 44 2 5.978703e-07
9 44 2 2.155233e-07
10 44 2 6.385517e-08
11 44 2 2.095745e-08
12 44 2 1.416959e-08
1 45 2 2.241468e-08
2 45 2 2.512030e-08
3 45 2 4.577354e-08
4 45 2 1.349898e-07
5 45 2 5.653111e-07
6 45 2 1.875761e-06
7 45 2 2.624165e-06
8 45 2 1.597851e-06
9 45 2 5.494651e-07
10 45 2 1.402899e-07
11 45 2 4.066401e-08
12 45 2 2.657599e-08
1 46 2 1.017149e-08
2 46 2 1.279599e-08
3 46 2 2.011432e-08
4 46 2 5.585543e-08
5 46 2 2.193420e-07
6 46 2 6.803743e-07
7 46 2 9.517956e-07
8 46 2 5.964061e-07
9 46 2 2.240271e-07
10 46 2 5.430152e-08
11 46 2 1.492963e-08
12 46 2 1.064691e-08
1 47 2 1.335814e-08
2 47 2 1.700008e-08
3 47 2 2.395577e-08
4 47 2 5.367356e-08
5 47 2 1.829463e-07
6 47 2 5.040167e-07
7 47 2 6.835543e-07
8 47 2 4.634988e-07
9 47 2 1.963522e-07
10 47 2 6.056255e-08
11 47 2 1.786754e-08
12 47 2 1.358170e-08
1 48 2 1.808884e-08
2 48 2 2.077934e-08
3 48 2 2.858082e-08
4 48 2 5.581230e-08
5 48 2 1.731963e-07
6 48 2 3.983811e-07
7 48 2 5.294115e-07
8 48 2 3.724714e-07
9 48 2 1.773114e-07
10 48 2 6.610796e-08
11 48 2 2.379804e-08
12 48 2 1.578141e-08
1 49 2 6.231375e-10
2 49 2 5.670002e-10
3 49 2 6.431445e-10
4 49 2 7.527436e-10
5 49 2 1.076584e-09
6 49 2 1.637960e-09
7 49 2 2.442748e-09
8 49 2 2.297061e-09
9 49 2 1.602174e-09
10 49 2 1.146509e-09
11 49 2 8.370446e-10
12 49 2 6.106225e-10
1 50 2 2.537947e-09
2 50 2 2.190754e-09
3 50 2 2.567902e-09
4 50 2 2.927142e-09
5 50 2 4.119748e-09
6 50 2 6.045674e-09
7 50 2 8.343919e-09
8 50 2 8.024038e-09
9 50 2 5.810133e-09
10 50 2 4.141707e-09
11 50 2 3.100816e-09
12 50 2 2.441555e-09
1 51 2 9.985327e-10
2 51 2 9.113176e-10
3 51 2 9.902472e-10
4 51 2 1.143073e-09
5 51 2 1.558037e-09
6 51 2 2.185023e-09
7 51 2 2.847404e-09
8 51 2 2.823761e-09
9 51 2 2.346131e-09
10 51 2 1.650209e-09
11 51 2 1.236771e-09
12 51 2 1.036452e-09
1 52 2 1.332363e-06
2 52 2 1.400428e-06
3 52 2 1.759256e-06
4 52 2 2.564755e-06
5 52 2 4.337339e-06
6 52 2 5.969149e-06
7 52 2 7.656542e-06
8 52 2 7.161489e-06
9 52 2 5.781020e-06
10 52 2 3.302495e-06
11 52 2 1.987778e-06
12 52 2 1.532880e-06
1 53 2 5.774127e-07
2 53 2 7.244420e-07
3 53 2 1.227358e-06
4 53 2 2.678955e-06
5 53 2 5.101549e-06
6 53 2 7.617912e-06
7 53 2 1.057456e-05
8 53 2 9.010760e-06
9 53 2 6.098553e-06
10 53 2 2.689718e-06
11 53 2 1.199687e-06
12 53 2 7.600504e-07
1 54 2 1.868026e-07
2 54 2 2.423308e-07
3 54 2 4.531685e-07
4 54 2 1.126079e-06
5 54 2 2.218025e-06
6 54 2 4.284212e-06
7 54 2 6.085927e-06
8 54 2 5.103206e-06
9 54 2 3.095014e-06
10 54 2 1.316301e-06
11 54 2 5.642269e-07
12 54 2 3.112386e-07
1 55 2 2.336056e-07
2 55 2 2.605325e-07
3 55 2 4.860163e-07
4 55 2 1.138032e-06
5 55 2 2.258316e-06
6 55 2 4.822856e-06
7 55 2 6.704136e-06
8 55 2 5.781735e-06
9 55 2 3.666402e-06
10 55 2 1.757981e-06
11 55 2 8.224920e-07
12 55 2 4.709613e-07
1 56 2 9.861887e-07
2 56 2 1.023449e-06
3 56 2 1.772640e-06
4 56 2 3.952735e-06
5 56 2 8.640150e-06
6 56 2 1.703164e-05
7 56 2 2.354773e-05
8 56 2 1.954342e-05
9 56 2 1.277404e-05
10 56 2 6.581651e-06
11 56 2 2.967253e-06
12 56 2 1.701748e-06
1 57 2 2.028133e-07
2 57 2 1.935040e-07
3 57 2 2.379989e-07
4 57 2 3.612451e-07
5 57 2 6.044196e-07
6 57 2 9.834660e-07
7 57 2 1.400467e-06
8 57 2 1.262163e-06
9 57 2 9.390500e-07
10 57 2 6.031968e-07
11 57 2 3.688580e-07
12 57 2 2.650816e-07
1 60 2 1.337559e-05
2 60 2 1.295305e-05
3 60 2 1.485458e-05
4 60 2 1.761731e-05
5 60 2 2.172075e-05
6 60 2 2.858436e-05
7 60 2 3.327791e-05
8 60 2 3.329190e-05
9 60 2 2.825297e-05
10 60 2 2.306381e-05
11 60 2 1.844565e-05
12 60 2 1.528956e-05
1 61 2 4.281537e-05
2 61 2 4.307290e-05
3 61 2 6.058131e-05
4 61 2 9.124824e-05
5 61 2 1.331033e-04
6 61 2 1.875210e-04
7 61 2 2.219130e-04
8 61 2 2.134987e-04
9 61 2 1.658941e-04
10 61 2 1.128422e-04
11 61 2 7.361378e-05
12 61 2 5.163209e-05
1 62 2 1.313738e-05
2 62 2 1.438852e-05
3 62 2 2.265017e-05
4 62 2 4.100371e-05
5 62 2 7.033020e-05
6 62 2 9.976901e-05
7 62 2 1.219973e-04
8 62 2 1.138801e-04
9 62 2 7.935418e-05
10 62 2 4.732198e-05
11 62 2 2.569793e-05
12 62 2 1.672348e-05
1 63 2 1.658826e-05
2 63 2 2.013744e-05
3 63 2 3.369522e-05
4 63 2 7.086958e-05
5 63 2 1.360104e-04
6 63 2 2.022011e-04
7 63 2 2.585664e-04
8 63 2 2.250034e-04
9 63 2 1.374250e-04
10 63 2 7.504929e-05
11 63 2 3.466582e-05
12 63 2 2.269371e-05
1 64 2 4.312630e-06
2 64 2 5.524928e-06
3 64 2 1.052080e-05
4 64 2 2.492025e-05
5 64 2 5.337133e-05
6 64 2 8.548865e-05
7 64 2 1.083587e-04
8 64 2 8.471232e-05
9 64 2 4.850502e-05
10 64 2 2.144300e-05
11 64 2 9.798396e-06
12 64 2 6.705608e-06
1 65 2 1.458582e-06
2 65 2 1.808651e-06
3 65 2 3.962415e-06
4 65 2 1.117415e-05
5 65 2 2.342863e-05
6 65 2 3.981783e-05
7 65 2 5.160957e-05
8 65 2 3.851858e-05
9 65 2 2.184652e-05
10 65 2 7.752376e-06
11 65 2 3.412748e-06
12 65 2 2.473214e-06
1 66 2 9.658225e-07
2 66 2 1.194058e-06
3 66 2 2.838617e-06
4 66 2 9.312562e-06
5 66 2 1.936348e-05
6 66 2 3.329637e-05
7 66 2 4.592124e-05
8 66 2 3.471651e-05
9 66 2 1.963857e-05
10 66 2 6.506482e-06
11 66 2 2.493381e-06
12 66 2 1.546596e-06
1 67 2 3.273815e-07
2 67 2 4.365480e-07
3 67 2 1.110144e-06
4 67 2 4.100970e-06
5 67 2 9.304863e-06
6 67 2 1.586951e-05
7 67 2 2.218733e-05
8 67 2 1.707497e-05
9 67 2 9.338819e-06
10 67 2 3.434319e-06
11 67 2 1.085958e-06
12 67 2 4.887838e-07
1 68 2 7.962427e-08
2 68 2 1.069140e-07
3 68 2 3.175285e-07
4 68 2 1.459529e-06
5 68 2 3.977402e-06
6 68 2 7.621935e-06
7 68 2 1.092841e-05
8 68 2 8.127830e-06
9 68 2 3.900625e-06
10 68 2 1.433043e-06
11 68 2 3.267845e-07
12 68 2 1.137097e-07
1 69 2 4.795675e-08
2 69 2 6.799377e-08
3 69 2 1.626025e-07
4 69 2 7.130215e-07
5 69 2 2.286337e-06
6 69 2 5.410873e-06
7 69 2 7.926886e-06
8 69 2 6.102098e-06
9 69 2 2.621421e-06
10 69 2 8.523850e-07
11 69 2 1.651615e-07
12 69 2 6.211142e-08
1 70 2 2.012376e-07
2 70 2 2.352082e-07
3 70 2 3.370465e-07
4 70 2 8.793371e-07
5 70 2 2.205098e-06
6 70 2 5.354605e-06
7 70 2 8.667407e-06
8 70 2 7.899510e-06
9 70 2 4.078778e-06
10 70 2 1.453876e-06
11 70 2 4.421825e-07
12 70 2 2.489167e-07
1 71 2 1.694857e-07
2 71 2 1.719883e-07
3 71 2 1.946178e-07
4 71 2 3.123028e-07
5 71 2 6.048145e-07
6 71 2 1.261700e-06
7 71 2 1.936313e-06
8 71 2 1.925181e-06
9 71 2 1.235178e-06
10 71 2 5.882988e-07
11 71 2 2.810453e-07
12 71 2 1.951955e-07
1 72 2 7.116133e-10
2 72 2 6.796526e-10
3 72 2 7.363331e-10
4 72 2 9.388318e-10
5 72 2 1.460753e-09
6 72 2 2.541759e-09
7 72 2 3.936894e-09
8 72 2 3.786368e-09
9 72 2 2.649070e-09
10 72 2 1.606246e-09
11 72 2 9.896690e-10
12 72 2 7.067536e-10
1 76 2 8.879627e-07
2 76 2 8.123945e-07
3 76 2 8.205709e-07
4 76 2 8.925857e-07
5 76 2 1.213485e-06
6 76 2 1.730353e-06
7 76 2 2.320307e-06
8 76 2 2.476193e-06
9 76 2 2.359330e-06
10 76 2 1.575561e-06
11 76 2 1.017091e-06
12 76 2 8.895345e-07
1 77 2 9.058660e-07
2 77 2 1.176260e-06
3 77 2 1.540830e-06
4 77 2 2.490320e-06
5 77 2 4.181347e-06
6 77 2 6.455564e-06
7 77 2 8.771370e-06
8 77 2 8.325452e-06
9 77 2 6.167142e-06
10 77 2 3.115713e-06
11 77 2 1.367184e-06
12 77 2 8.617293e-07
1 78 2 9.896330e-07
2 78 2 1.352194e-06
3 78 2 1.883011e-06
4 78 2 3.377378e-06
5 78 2 5.281244e-06
6 78 2 8.384785e-06
7 78 2 1.035009e-05
8 78 2 9.691601e-06
9 78 2 6.283929e-06
10 78 2 3.332490e-06
11 78 2 1.799617e-06
12 78 2 1.038980e-06
1 79 2 5.081648e-06
2 79 2 6.235267e-06
3 79 2 9.155170e-06
4 79 2 1.518537e-05
5 79 2 2.307079e-05
6 79 2 3.769007e-05
7 79 2 4.618447e-05
8 79 2 4.375159e-05
9 79 2 3.021073e-05
10 79 2 1.823657e-05
11 79 2 1.039026e-05
12 79 2 6.364880e-06
1 80 2 1.752215e-06
2 80 2 1.755636e-06
3 80 2 2.206067e-06
4 80 2 2.982855e-06
5 80 2 4.448664e-06
6 80 2 6.768481e-06
7 80 2 8.715447e-06
8 80 2 8.628148e-06
9 80 2 7.161205e-06
10 80 2 5.020752e-06
11 80 2 2.928907e-06
12 80 2 2.164950e-06
1 81 2 3.055841e-12
2 81 2 2.769329e-12
3 81 2 2.916855e-12
4 81 2 3.458675e-12
5 81 2 4.980461e-12
6 81 2 6.711027e-12
7 81 2 8.954711e-12
8 81 2 9.608205e-12
9 81 2 8.736857e-12
10 81 2 6.703731e-12
11 81 2 4.431422e-12
12 81 2 3.627988e-12
1 84 2 5.997713e-06
2 84 2 6.341092e-06
3 84 2 7.842661e-06
4 84 2 9.910672e-06
5 84 2 1.328722e-05
6 84 2 2.177207e-05
7 84 2 2.915985e-05
8 84 2 2.794238e-05
9 84 2 2.096647e-05
10 84 2 1.323195e-05
11 84 2 8.888917e-06
12 84 2 6.790173e-06
1 85 2 9.357789e-06
2 85 2 1.053761e-05
3 85 2 1.370059e-05
4 85 2 1.990568e-05
5 85 2 3.186466e-05
6 85 2 4.867826e-05
7 85 2 6.735090e-05
8 85 2 6.407149e-05
9 85 2 4.613583e-05
10 85 2 2.544879e-05
11 85 2 1.435205e-05
12 85 2 1.041386e-05
1 86 2 2.875080e-06
2 86 2 3.255191e-06
3 86 2 4.159895e-06
4 86 2 6.042351e-06
5 86 2 9.711252e-06
6 86 2 1.409081e-05
7 86 2 1.935704e-05
8 86 2 1.942036e-05
9 86 2 1.437476e-05
10 86 2 8.335766e-06
11 86 2 4.591751e-06
12 86 2 3.281693e-06
1 87 2 3.341456e-06
2 87 2 4.520606e-06
3 87 2 6.454597e-06
4 87 2 1.020325e-05
5 87 2 1.790024e-05
6 87 2 2.690633e-05
7 87 2 3.647666e-05
8 87 2 3.716850e-05
9 87 2 2.694733e-05
10 87 2 1.517206e-05
11 87 2 6.666204e-06
12 87 2 4.052038e-06
1 88 2 1.381777e-06
2 88 2 1.962235e-06
3 88 2 3.077075e-06
4 88 2 5.838420e-06
5 88 2 1.198216e-05
6 88 2 1.883266e-05
7 88 2 2.411784e-05
8 88 2 2.115323e-05
9 88 2 1.366922e-05
10 88 2 6.459821e-06
11 88 2 3.311750e-06
12 88 2 1.839556e-06
1 89 2 1.429472e-06
2 89 2 1.988925e-06
3 89 2 3.774918e-06
4 89 2 7.099977e-06
5 89 2 1.416882e-05
6 89 2 2.116657e-05
7 89 2 2.469217e-05
8 89 2 2.162445e-05
9 89 2 1.411224e-05
10 89 2 6.715595e-06
11 89 2 3.695257e-06
12 89 2 2.045340e-06
1 90 2 4.322227e-07
2 90 2 5.696551e-07
3 90 2 1.130420e-06
4 90 2 2.028863e-06
5 90 2 3.115200e-06
6 90 2 4.123490e-06
7 90 2 4.630933e-06
8 90 2 4.284896e-06
9 90 2 3.122648e-06
10 90 2 1.862527e-06
11 90 2 1.026910e-06
12 90 2 5.845975e-07
1 91 2 4.531029e-09
2 91 2 6.411207e-09
3 91 2 1.339443e-08
4 91 2 2.531126e-08
5 91 2 3.735548e-08
6 91 2 4.748229e-08
7 91 2 5.331570e-08
8 91 2 4.889561e-08
9 91 2 3.515696e-08
10 91 2 2.176224e-08
11 91 2 1.127892e-08
12 91 2 5.790107e-09
1 92 2 2.428021e-08
2 92 2 3.468280e-08
3 92 2 8.694103e-08
4 92 2 2.074212e-07
5 92 2 3.911662e-07
6 92 2 5.994043e-07
7 92 2 7.195041e-07
8 92 2 6.548640e-07
9 92 2 4.096893e-07
10 92 2 2.177367e-07
11 92 2 8.539648e-08
12 92 2 3.665861e-08
1 93 2 2.221609e-06
2 93 2 2.680570e-06
3 93 2 5.511393e-06
4 93 2 1.284492e-05
5 93 2 2.291461e-05
6 93 2 3.636387e-05
7 93 2 4.878023e-05
8 93 2 4.795512e-05
9 93 2 3.225485e-05
10 93 2 1.857488e-05
11 93 2 7.954773e-06
12 93 2 3.313323e-06
1 94 2 2.815031e-06
2 94 2 2.800839e-06
3 94 2 3.739797e-06
4 94 2 6.627610e-06
5 94 2 1.131293e-05
6 94 2 1.781359e-05
7 94 2 2.460940e-05
8 94 2 2.681880e-05
9 94 2 2.209105e-05
10 94 2 1.333412e-05
11 94 2 7.156751e-06
12 94 2 3.910277e-06
1 98 2 1.124383e-07
2 98 2 1.046652e-07
3 98 2 9.855846e-08
4 98 2 1.049364e-07
5 98 2 1.190956e-07
6 98 2 1.362806e-07
7 98 2 1.532876e-07
8 98 2 1.615577e-07
9 98 2 1.594213e-07
10 98 2 1.506957e-07
11 98 2 1.355497e-07
12 98 2 1.233517e-07
1 101 2 4.421589e-07
2 101 2 4.543333e-07
3 101 2 4.655740e-07
4 101 2 5.741234e-07
5 101 2 7.383340e-07
6 101 2 8.620819e-07
7 101 2 9.202231e-07
8 101 2 9.220958e-07
9 101 2 8.864721e-07
10 101 2 7.600589e-07
11 101 2 5.844646e-07
12 101 2 4.687823e-07
1 102 2 2.833705e-06
2 102 2 3.203113e-06
3 102 2 3.936685e-06
4 102 2 4.924002e-06
5 102 2 5.698235e-06
6 102 2 6.220646e-06
7 102 2 6.395815e-06
8 102 2 6.476633e-06
9 102 2 5.837254e-06
10 102 2 4.497026e-06
11 102 2 3.609427e-06
12 102 2 2.958374e-06
1 103 2 1.584620e-06
2 103 2 1.617118e-06
3 103 2 1.762456e-06
4 103 2 1.991509e-06
5 103 2 2.319271e-06
6 103 2 2.654108e-06
7 103 2 2.871408e-06
8 103 2 3.013479e-06
9 103 2 2.955599e-06
10 103 2 2.582937e-06
11 103 2 2.124871e-06
12 103 2 1.766760e-06
1 104 2 7.422914e-07
2 104 2 7.122840e-07
3 104 2 7.200234e-07
4 104 2 7.894018e-07
5 104 2 9.230566e-07
6 104 2 1.059252e-06
7 104 2 1.188826e-06
8 104 2 1.284222e-06
9 104 2 1.294559e-06
10 104 2 1.209374e-06
11 104 2 9.948190e-07
12 104 2 8.237089e-07
1 107 2 2.712190e-07
2 107 2 2.861312e-07
3 107 2 3.340684e-07
4 107 2 3.828055e-07
5 107 2 4.292923e-07
6 107 2 5.495973e-07
7 107 2 6.007332e-07
8 107 2 5.983025e-07
9 107 2 5.601007e-07
10 107 2 4.790833e-07
11 107 2 3.808537e-07
12 107 2 2.978419e-07
1 108 2 3.591865e-08
2 108 2 4.590408e-08
3 108 2 6.668059e-08
4 108 2 1.032737e-07
5 108 2 1.603083e-07
6 108 2 2.200282e-07
7 108 2 2.355335e-07
8 108 2 2.081620e-07
9 108 2 1.684359e-07
10 108 2 1.162091e-07
11 108 2 6.053316e-08
12 108 2 3.853527e-08
1 109 2 6.830259e-08
2 109 2 9.021777e-08
3 109 2 1.411064e-07
4 109 2 2.448782e-07
5 109 2 4.172194e-07
6 109 2 5.259261e-07
7 109 2 5.343884e-07
8 109 2 4.912531e-07
9 109 2 3.944903e-07
10 109 2 2.767997e-07
11 109 2 1.231136e-07
12 109 2 7.191841e-08
1 110 2 3.006891e-08
2 110 2 3.830204e-08
3 110 2 6.151503e-08
4 110 2 9.522287e-08
5 110 2 1.476868e-07
6 110 2 1.710285e-07
7 110 2 1.838721e-07
8 110 2 1.818481e-07
9 110 2 1.531118e-07
10 110 2 1.116282e-07
11 110 2 5.399511e-08
12 110 2 3.178210e-08
1 111 2 1.031402e-06
2 111 2 1.289984e-06
3 111 2 2.088455e-06
4 111 2 3.165228e-06
5 111 2 4.783780e-06
6 111 2 6.135096e-06
7 111 2 6.485256e-06
8 111 2 6.423396e-06
9 111 2 5.470083e-06
10 111 2 3.560759e-06
11 111 2 1.918155e-06
12 111 2 1.171644e-06
1 112 2 1.188174e-06
2 112 2 1.532005e-06
3 112 2 2.687573e-06
4 112 2 4.469277e-06
5 112 2 6.796290e-06
6 112 2 8.282082e-06
7 112 2 8.435077e-06
8 112 2 7.862364e-06
9 112 2 6.002050e-06
10 112 2 3.984601e-06
11 112 2 2.286745e-06
12 112 2 1.405639e-06
1 113 2 6.818894e-07
2 113 2 8.638905e-07
3 113 2 1.451341e-06
4 113 2 2.170348e-06
5 113 2 2.670821e-06
6 113 2 2.332022e-06
7 113 2 2.001013e-06
8 113 2 1.911130e-06
9 113 2 1.890198e-06
10 113 2 1.725931e-06
11 113 2 1.207181e-06
12 113 2 8.153418e-07
1 114 2 1.858526e-06
2 114 2 2.520255e-06
3 114 2 4.490265e-06
4 114 2 6.545389e-06
5 114 2 7.551454e-06
6 114 2 5.528090e-06
7 114 2 4.565828e-06
8 114 2 4.185135e-06
9 114 2 4.038804e-06
10 114 2 3.614804e-06
11 114 2 2.755643e-06
12 114 2 2.041206e-06
1 115 2 6.359911e-07
2 115 2 9.253100e-07
3 115 2 1.466767e-06
4 115 2 1.818186e-06
5 115 2 1.623726e-06
6 115 2 1.507576e-06
7 115 2 1.454029e-06
8 115 2 1.395038e-06
9 115 2 1.283019e-06
10 115 2 1.146574e-06
11 115 2 8.709865e-07
12 115 2 6.248674e-07
1 116 2 4.607373e-07
2 116 2 5.898000e-07
3 116 2 9.019448e-07
4 116 2 1.276670e-06
5 116 2 1.484848e-06
6 116 2 1.690865e-06
7 116 2 1.772674e-06
8 116 2 1.696842e-06
9 116 2 1.374631e-06
10 116 2 1.098987e-06
11 116 2 7.983926e-07
12 116 2 5.259468e-07
1 117 2 1.420115e-07
2 117 2 1.482955e-07
3 117 2 1.872836e-07
4 117 2 2.563672e-07
5 117 2 3.264628e-07
6 117 2 3.867862e-07
7 117 2 4.117742e-07
8 117 2 4.112342e-07
9 117 2 3.752263e-07
10 117 2 3.212164e-07
11 117 2 2.593058e-07
12 117 2 1.873192e-07
1 126 2 8.153203e-09
2 126 2 8.474420e-09
3 126 2 9.185113e-09
4 126 2 9.698920e-09
5 126 2 9.582622e-09
6 126 2 8.905973e-09
7 126 2 8.584841e-09
8 126 2 8.668714e-09
9 126 2 8.622823e-09
10 126 2 8.473303e-09
11 126 2 8.279468e-09
12 126 2 8.154111e-09
1 127 2 8.214325e-07
2 127 2 8.354137e-07
3 127 2 8.817613e-07
4 127 2 9.154555e-07
5 127 2 9.279274e-07
6 127 2 8.988151e-07
7 127 2 8.990632e-07
8 127 2 9.196952e-07
9 127 2 9.098913e-07
10 127 2 8.734247e-07
11 127 2 8.464569e-07
12 127 2 8.359792e-07
1 128 2 3.721374e-06
2 128 2 3.821817e-06
3 128 2 3.923338e-06
4 128 2 3.829845e-06
5 128 2 3.725495e-06
6 128 2 3.613585e-06
7 128 2 3.851414e-06
8 128 2 4.379074e-06
9 128 2 4.604556e-06
10 128 2 4.349220e-06
11 128 2 3.954981e-06
12 128 2 3.726379e-06
1 129 2 1.061293e-07
2 129 2 1.046722e-07
3 129 2 1.073121e-07
4 129 2 1.104242e-07
5 129 2 1.121280e-07
6 129 2 1.151613e-07
7 129 2 1.203322e-07
8 129 2 1.311619e-07
9 129 2 1.370366e-07
10 129 2 1.376403e-07
11 129 2 1.256703e-07
12 129 2 1.116428e-07
1 133 2 2.279062e-06
2 133 2 2.649747e-06
3 133 2 3.180878e-06
4 133 2 3.265920e-06
5 133 2 3.115354e-06
6 133 2 2.863431e-06
7 133 2 2.555639e-06
8 133 2 2.393065e-06
9 133 2 2.495434e-06
10 133 2 2.657733e-06
11 133 2 2.535520e-06
12 133 2 2.218582e-06
1 135 2 9.860913e-08
2 135 2 1.110980e-07
3 135 2 1.321209e-07
4 135 2 1.422880e-07
5 135 2 1.367252e-07
6 135 2 1.219728e-07
7 135 2 1.053725e-07
8 135 2 1.064270e-07
9 135 2 1.130909e-07
10 135 2 1.063554e-07
11 135 2 1.019407e-07
12 135 2 9.575934e-08
1 136 2 1.102554e-07
2 136 2 1.134751e-07
3 136 2 1.403331e-07
4 136 2 1.706024e-07
5 136 2 1.868173e-07
6 136 2 1.704486e-07
7 136 2 1.508271e-07
8 136 2 1.504812e-07
9 136 2 1.512590e-07
10 136 2 1.422890e-07
11 136 2 1.345335e-07
12 136 2 1.194674e-07
1 137 2 2.681515e-08
2 137 2 2.813186e-08
3 137 2 3.225376e-08
4 137 2 3.544214e-08
5 137 2 3.498354e-08
6 137 2 3.218837e-08
7 137 2 2.977767e-08
8 137 2 2.873247e-08
9 137 2 2.875052e-08
10 137 2 2.995141e-08
11 137 2 2.961260e-08
12 137 2 2.792203e-08
1 138 2 1.071961e-06
2 138 2 1.178792e-06
3 138 2 1.367573e-06
4 138 2 1.522024e-06
5 138 2 1.535629e-06
6 138 2 1.349663e-06
7 138 2 1.250334e-06
8 138 2 1.205792e-06
9 138 2 1.209082e-06
10 138 2 1.216127e-06
11 138 2 1.179666e-06
12 138 2 1.094042e-06
1 139 2 1.808422e-06
2 139 2 2.059458e-06
3 139 2 2.301242e-06
4 139 2 2.415317e-06
5 139 2 2.381280e-06
6 139 2 2.217618e-06
7 139 2 2.098202e-06
8 139 2 2.019866e-06
9 139 2 1.993685e-06
10 139 2 2.009163e-06
11 139 2 1.911872e-06
12 139 2 1.750064e-06
1 140 2 5.995312e-07
2 140 2 6.199376e-07
3 140 2 6.733003e-07
4 140 2 7.628382e-07
5 140 2 8.100250e-07
6 140 2 7.780304e-07
7 140 2 7.366683e-07
8 140 2 7.105104e-07
9 140 2 7.001523e-07
10 140 2 7.040219e-07
11 140 2 6.891525e-07
12 140 2 6.425006e-07
1 141 2 9.404952e-07
2 141 2 9.307639e-07
3 141 2 9.574234e-07
4 141 2 1.050764e-06
5 141 2 1.133914e-06
6 141 2 1.121256e-06
7 141 2 1.090936e-06
8 141 2 1.057876e-06
9 141 2 1.048910e-06
10 141 2 1.051376e-06
11 141 2 1.061870e-06
12 141 2 1.030993e-06
1 150 2 1.087028e-09
2 150 2 1.189923e-09
3 150 2 1.273677e-09
4 150 2 1.302439e-09
5 150 2 1.218686e-09
6 150 2 1.074826e-09
7 150 2 9.805413e-10
8 150 2 9.568633e-10
9 150 2 9.259282e-10
10 150 2 9.048618e-10
11 150 2 9.224545e-10
12 150 2 9.814652e-10
1 151 2 7.060420e-07
2 151 2 7.509579e-07
3 151 2 7.962381e-07
4 151 2 8.150131e-07
5 151 2 7.885818e-07
6 151 2 7.422997e-07
7 151 2 7.258981e-07
8 151 2 7.539236e-07
9 151 2 7.178022e-07
10 151 2 6.735832e-07
11 151 2 6.538319e-07
12 151 2 6.701434e-07
1 152 2 5.595700e-07
2 152 2 5.668033e-07
3 152 2 5.720503e-07
4 152 2 5.435956e-07
5 152 2 5.225410e-07
6 152 2 5.132087e-07
7 152 2 5.867347e-07
8 152 2 7.823401e-07
9 152 2 8.305396e-07
10 152 2 7.078766e-07
11 152 2 6.070335e-07
12 152 2 5.613813e-07
1 153 2 6.485393e-07
2 153 2 6.642706e-07
3 153 2 7.008513e-07
4 153 2 6.874426e-07
5 153 2 6.638645e-07
6 153 2 6.517818e-07
7 153 2 7.608364e-07
8 153 2 9.942762e-07
9 153 2 1.209317e-06
10 153 2 1.080881e-06
11 153 2 8.176311e-07
12 153 2 6.822025e-07
1 154 2 1.763892e-06
2 154 2 1.754321e-06
3 154 2 1.825597e-06
4 154 2 1.749260e-06
5 154 2 1.635718e-06
6 154 2 1.471347e-06
7 154 2 1.389338e-06
8 154 2 1.447318e-06
9 154 2 1.631832e-06
10 154 2 1.833888e-06
11 154 2 1.932713e-06
12 154 2 1.868841e-06
1 157 2 7.027407e-08
2 157 2 7.297260e-08
3 157 2 7.812762e-08
4 157 2 7.702701e-08
5 157 2 7.507920e-08
6 157 2 7.058736e-08
7 157 2 6.735040e-08
8 157 2 6.667151e-08
9 157 2 6.618963e-08
10 157 2 6.734373e-08
11 157 2 6.782653e-08
12 157 2 6.871168e-08
1 163 2 3.271080e-07
2 163 2 3.314908e-07
3 163 2 3.413277e-07
4 163 2 3.618096e-07
5 163 2 3.621627e-07
6 163 2 3.348337e-07
7 163 2 3.095527e-07
8 163 2 2.906760e-07
9 163 2 2.948384e-07
10 163 2 3.119276e-07
11 163 2 3.241214e-07
12 163 2 3.266610e-07
1 164 2 1.238219e-06
2 164 2 1.227632e-06
3 164 2 1.261805e-06
4 164 2 1.320670e-06
5 164 2 1.305135e-06
6 164 2 1.207149e-06
7 164 2 1.117323e-06
8 164 2 1.091419e-06
9 164 2 1.168687e-06
10 164 2 1.280348e-06
11 164 2 1.306206e-06
12 164 2 1.284454e-06
1 165 2 5.404062e-07
2 165 2 5.296363e-07
3 165 2 5.362946e-07
4 165 2 5.481568e-07
5 165 2 5.421402e-07
6 165 2 4.988458e-07
7 165 2 4.703433e-07
8 165 2 4.760727e-07
9 165 2 5.074422e-07
10 165 2 5.425655e-07
11 165 2 5.707564e-07
12 165 2 5.714288e-07
1 166 2 2.359094e-07
2 166 2 2.335543e-07
3 166 2 2.296957e-07
4 166 2 2.286180e-07
5 166 2 2.211322e-07
6 166 2 2.045105e-07
7 166 2 1.931198e-07
8 166 2 1.945606e-07
9 166 2 2.018422e-07
10 166 2 2.123232e-07
11 166 2 2.289156e-07
12 166 2 2.404496e-07
1 170 2 1.080164e-08
2 170 2 1.187966e-08
3 170 2 1.167170e-08
4 170 2 1.060896e-08
5 170 2 8.840429e-09
6 170 2 7.433257e-09
7 170 2 7.030698e-09
8 170 2 6.712052e-09
9 170 2 6.824943e-09
10 170 2 7.599525e-09
11 170 2 8.384662e-09
12 170 2 9.655457e-09
1 171 2 3.887545e-08
2 171 2 4.267408e-08
3 171 2 4.319070e-08
4 171 2 3.842606e-08
5 171 2 3.196616e-08
6 171 2 2.739349e-08
7 171 2 2.487035e-08
8 171 2 2.356543e-08
9 171 2 2.390879e-08
10 171 2 2.600608e-08
11 171 2 2.968181e-08
12 171 2 3.506619e-08
1 175 2 1.120683e-09
2 175 2 1.184823e-09
3 175 2 1.188221e-09
4 175 2 1.112911e-09
5 175 2 9.669440e-10
6 175 2 8.811310e-10
7 175 2 8.628484e-10
8 175 2 8.555634e-10
9 175 2 7.957672e-10
10 175 2 8.044080e-10
11 175 2 8.410011e-10
12 175 2 9.810325e-10
1 176 2 1.873106e-06
2 176 2 1.887150e-06
3 176 2 1.847514e-06
4 176 2 1.631756e-06
5 176 2 1.320018e-06
6 176 2 1.196184e-06
7 176 2 1.194002e-06
8 176 2 1.362198e-06
9 176 2 1.483574e-06
10 176 2 1.583335e-06
11 176 2 1.690092e-06
12 176 2 1.795293e-06
1 177 2 3.882267e-06
2 177 2 3.772503e-06
3 177 2 3.561946e-06
4 177 2 3.114684e-06
5 177 2 2.546963e-06
6 177 2 2.174891e-06
7 177 2 2.262941e-06
8 177 2 2.711420e-06
9 177 2 3.407831e-06
10 177 2 3.544013e-06
11 177 2 3.615898e-06
12 177 2 3.623286e-06
1 178 2 1.294052e-06
2 178 2 1.278928e-06
3 178 2 1.225946e-06
4 178 2 1.027540e-06
5 178 2 8.946835e-07
6 178 2 7.562067e-07
7 178 2 7.202390e-07
8 178 2 7.255398e-07
9 178 2 8.274598e-07
10 178 2 8.903232e-07
11 178 2 1.005569e-06
12 178 2 1.116393e-06
1 181 2 1.582144e-08
2 181 2 1.671094e-08
3 181 2 1.694106e-08
4 181 2 1.619792e-08
5 181 2 1.335824e-08
6 181 2 1.155082e-08
7 181 2 1.021331e-08
8 181 2 1.045249e-08
9 181 2 1.132421e-08
10 181 2 1.226200e-08
11 181 2 1.388688e-08
12 181 2 1.478551e-08
1 182 2 1.886266e-06
2 182 2 1.743492e-06
3 182 2 1.644035e-06
4 182 2 1.373324e-06
5 182 2 1.075435e-06
6 182 2 8.043607e-07
7 182 2 7.975219e-07
8 182 2 1.108256e-06
9 182 2 1.537824e-06
10 182 2 1.886086e-06
11 182 2 2.084513e-06
12 182 2 2.000825e-06
1 183 2 4.007705e-07
2 183 2 3.850072e-07
3 183 2 3.675616e-07
4 183 2 3.332779e-07
5 183 2 2.804143e-07
6 183 2 2.275895e-07
7 183 2 2.117481e-07
8 183 2 2.514428e-07
9 183 2 2.923594e-07
10 183 2 3.458609e-07
11 183 2 3.765375e-07
12 183 2 3.872931e-07
1 184 2 1.251019e-07
2 184 2 1.267605e-07
3 184 2 1.227656e-07
4 184 2 1.104811e-07
5 184 2 9.184811e-08
6 184 2 7.423059e-08
7 184 2 6.693733e-08
8 184 2 6.990950e-08
9 184 2 7.405743e-08
10 184 2 8.504563e-08
11 184 2 9.950910e-08
12 184 2 1.134184e-07
1 188 2 2.075217e-08
2 188 2 2.057123e-08
3 188 2 1.906769e-08
4 188 2 1.557007e-08
5 188 2 1.100430e-08
6 188 2 8.370260e-09
7 188 2 7.202540e-09
8 188 2 7.326618e-09
9 188 2 9.923864e-09
10 188 2 1.304136e-08
11 188 2 1.553096e-08
12 188 2 1.937128e-08
1 189 2 1.811243e-08
2 189 2 1.673954e-08
3 189 2 1.518425e-08
4 189 2 1.122342e-08
5 189 2 7.430909e-09
6 189 2 5.254860e-09
7 189 2 4.996248e-09
8 189 2 6.137047e-09
9 189 2 9.872514e-09
10 189 2 1.405701e-08
11 189 2 1.709802e-08
12 189 2 1.786735e-08
1 190 2 7.415013e-08
2 190 2 7.025861e-08
3 190 2 6.098463e-08
4 190 2 4.319414e-08
5 190 2 3.013654e-08
6 190 2 2.186234e-08
7 190 2 2.054212e-08
8 190 2 2.476347e-08
9 190 2 3.478306e-08
10 190 2 4.741772e-08
11 190 2 6.213235e-08
12 190 2 6.971135e-08
1 191 2 5.704664e-08
2 191 2 5.911539e-08
3 191 2 5.746044e-08
4 191 2 4.746878e-08
5 191 2 3.903446e-08
6 191 2 3.206613e-08
7 191 2 2.819152e-08
8 191 2 2.863095e-08
9 191 2 3.123694e-08
10 191 2 3.506026e-08
11 191 2 4.312044e-08
12 191 2 5.073081e-08
1 192 2 7.481081e-08
2 192 2 8.084969e-08
3 192 2 7.877256e-08
4 192 2 6.820525e-08
5 192 2 5.764371e-08
6 192 2 4.908131e-08
7 192 2 4.313271e-08
8 192 2 4.008041e-08
9 192 2 4.126866e-08
10 192 2 4.531771e-08
11 192 2 5.409763e-08
12 192 2 6.495942e-08
1 200 2 9.049690e-06
2 200 2 9.309879e-06
3 200 2 7.613438e-06
4 200 2 5.033026e-06
5 200 2 3.294368e-06
6 200 2 2.682958e-06
7 200 2 2.548949e-06
8 200 2 2.748825e-06
9 200 2 3.044810e-06
10 200 2 3.892938e-06
11 200 2 5.409812e-06
12 200 2 7.453621e-06
1 201 2 5.597945e-06
2 201 2 5.775920e-06
3 201 2 5.287511e-06
4 201 2 4.069948e-06
5 201 2 3.067095e-06
6 201 2 2.537492e-06
7 201 2 2.398072e-06
8 201 2 2.480588e-06
9 201 2 2.455040e-06
10 201 2 2.921179e-06
11 201 2 3.723719e-06
12 201 2 4.637776e-06
1 206 2 1.252628e-06
2 206 2 1.353001e-06
3 206 2 1.224104e-06
4 206 2 1.044584e-06
5 206 2 8.638655e-07
6 206 2 7.532178e-07
7 206 2 6.460311e-07
8 206 2 6.343208e-07
9 206 2 6.866456e-07
10 206 2 7.772440e-07
11 206 2 9.111093e-07
12 206 2 1.073381e-06
1 207 2 4.754443e-08
2 207 2 5.191254e-08
3 207 2 4.923275e-08
4 207 2 4.464184e-08
5 207 2 3.959073e-08
6 207 2 3.395679e-08
7 207 2 2.992987e-08
8 207 2 2.947329e-08
9 207 2 2.973667e-08
10 207 2 3.275387e-08
11 207 2 3.529896e-08
12 207 2 4.037983e-08
1 212 2 2.924335e-08
2 212 2 3.121547e-08
3 212 2 2.770678e-08
4 212 2 2.329283e-08
5 212 2 1.815492e-08
6 212 2 1.465253e-08
7 212 2 1.216243e-08
8 212 2 1.175488e-08
9 212 2 1.335033e-08
10 212 2 1.575276e-08
11 212 2 1.868552e-08
12 212 2 2.470582e-08
1 213 2 6.362549e-09
2 213 2 6.953788e-09
3 213 2 5.893061e-09
4 213 2 4.986792e-09
5 213 2 3.847976e-09
6 213 2 2.966248e-09
7 213 2 2.517476e-09
8 213 2 2.457666e-09
9 213 2 2.960363e-09
10 213 2 3.648305e-09
11 213 2 4.480073e-09
12 213 2 5.482345e-09
1 214 2 2.262686e-07
2 214 2 2.398731e-07
3 214 2 1.927231e-07
4 214 2 1.431422e-07
5 214 2 1.058083e-07
6 214 2 7.797590e-08
7 214 2 6.752831e-08
8 214 2 6.961659e-08
9 214 2 8.787608e-08
10 214 2 1.178118e-07
11 214 2 1.612736e-07
12 214 2 1.955968e-07
1 215 2 8.381167e-08
2 215 2 8.621147e-08
3 215 2 8.037900e-08
4 215 2 6.405867e-08
5 215 2 5.203199e-08
6 215 2 4.180661e-08
7 215 2 3.612670e-08
8 215 2 3.621553e-08
9 215 2 4.072680e-08
10 215 2 4.845180e-08
11 215 2 6.100749e-08
12 215 2 7.370041e-08
1 216 2 2.198842e-07
2 216 2 2.295752e-07
3 216 2 2.152850e-07
4 216 2 1.750142e-07
5 216 2 1.401413e-07
6 216 2 1.205591e-07
7 216 2 1.059400e-07
8 216 2 1.012983e-07
9 216 2 1.051149e-07
10 216 2 1.194730e-07
11 216 2 1.437057e-07
12 216 2 1.846878e-07
1 224 2 2.645255e-07
2 224 2 2.891890e-07
3 224 2 2.523527e-07
4 224 2 2.173135e-07
5 224 2 1.754847e-07
6 224 2 1.491280e-07
7 224 2 1.354813e-07
8 224 2 1.415087e-07
9 224 2 1.455256e-07
10 224 2 1.716404e-07
11 224 2 2.049725e-07
12 224 2 2.445484e-07
1 240 2 1.358531e-08
2 240 2 1.385693e-08
3 240 2 1.267182e-08
4 240 2 1.119120e-08
5 240 2 9.726597e-09
6 240 2 8.389528e-09
7 240 2 8.219341e-09
8 240 2 8.473664e-09
9 240 2 8.248603e-09
10 240 2 8.882884e-09
11 240 2 9.760108e-09
12 240 2 1.209596e-08
