1 7 2 1.477634e-11
2 7 2 1.262326e-11
3 7 2 1.380537e-11
4 7 2 3.568121e-11
5 7 2 1.227689e-10
6 7 2 3.306628e-10
7 7 2 4.473965e-10
8 7 2 3.050392e-10
9 7 2 1.319192e-10
10 7 2 5.783301e-11
11 7 2 3.064072e-11
12 7 2 1.807603e-11
1 25 2 8.417163e-09
2 25 2 7.992062e-09
3 25 2 1.125950e-08
4 25 2 2.054608e-08
5 25 2 5.747803e-08
6 25 2 1.042291e-07
7 25 2 1.263562e-07
8 25 2 9.689286e-08
9 25 2 5.474960e-08
10 25 2 2.562083e-08
11 25 2 1.221631e-08
12 25 2 7.074424e-09
1 26 2 9.939768e-10
2 26 2 8.180523e-10
3 26 2 1.352716e-09
4 26 2 3.019374e-09
5 26 2 8.505112e-09
6 26 2 1.624452e-08
7 26 2 1.762526e-08
8 26 2 1.318728e-08
9 26 2 7.212747e-09
10 26 2 2.903412e-09
11 26 2 1.516914e-09
12 26 2 9.378312e-10
1 27 2 6.645873e-09
2 27 2 5.867710e-09
3 27 2 1.028606e-08
4 27 2 2.619734e-08
5 27 2 7.377367e-08
6 27 2 1.524991e-07
7 27 2 1.719932e-07
8 27 2 1.294548e-07
9 27 2 6.689765e-08
10 27 2 2.512168e-08
11 27 2 1.331359e-08
12 27 2 8.235374e-09
1 28 2 1.532671e-09
2 28 2 1.394772e-09
3 28 2 2.345765e-09
4 28 2 6.376348e-09
5 28 2 1.820837e-08
6 28 2 3.898383e-08
7 28 2 4.647779e-08
8 28 2 3.502153e-08
9 28 2 1.801582e-08
10 28 2 7.016288e-09
11 28 2 3.502633e-09
12 28 2 2.183697e-09
1 29 2 2.056749e-09
2 29 2 1.945691e-09
3 29 2 3.099581e-09
4 29 2 9.319927e-09
5 29 2 2.787068e-08
6 29 2 6.859226e-08
7 29 2 9.343846e-08
8 29 2 6.951887e-08
9 29 2 3.192653e-08
10 29 2 1.183316e-08
11 29 2 5.593582e-09
12 29 2 3.491759e-09
1 30 2 4.660896e-10
2 30 2 4.076244e-10
3 30 2 6.478578e-10
4 30 2 1.982910e-09
5 30 2 5.492968e-09
6 30 2 1.493874e-08
7 30 2 2.165299e-08
8 30 2 1.658200e-08
9 30 2 7.502783e-09
10 30 2 2.936725e-09
11 30 2 1.354630e-09
12 30 2 8.112859e-10
1 31 2 8.324253e-10
2 31 2 6.414538e-10
3 31 2 9.744462e-10
4 31 2 2.712207e-09
5 31 2 7.004235e-09
6 31 2 1.844180e-08
7 31 2 2.600703e-08
8 31 2 2.099223e-08
9 31 2 1.050171e-08
10 31 2 4.809265e-09
11 31 2 2.309034e-09
12 31 2 1.286701e-09
1 32 2 9.835621e-10
2 32 2 8.142002e-10
3 32 2 1.138111e-09
4 32 2 2.528929e-09
5 32 2 6.754429e-09
6 32 2 1.599991e-08
7 32 2 2.064179e-08
8 32 2 1.705104e-08
9 32 2 9.521498e-09
10 32 2 4.908428e-09
11 32 2 2.536475e-09
12 32 2 1.315442e-09
1 35 2 6.941195e-08
2 35 2 6.613914e-08
3 35 2 7.184668e-08
4 35 2 9.574219e-08
5 35 2 1.500886e-07
6 35 2 2.292181e-07
7 35 2 2.758198e-07
8 35 2 2.532756e-07
9 35 2 1.721359e-07
10 35 2 1.244540e-07
11 35 2 9.426727e-08
12 35 2 7.658362e-08
1 36 2 8.328422e-09
2 36 2 7.818768e-09
3 36 2 8.665507e-09
4 36 2 1.040803e-08
5 36 2 1.423471e-08
6 36 2 2.053475e-08
7 36 2 2.418413e-08
8 36 2 2.463703e-08
9 36 2 1.880618e-08
10 36 2 1.473389e-08
11 36 2 1.127711e-08
12 36 2 9.344040e-09
1 37 2 1.920176e-07
2 37 2 1.858463e-07
3 37 2 2.341750e-07
4 37 2 3.011176e-07
5 37 2 4.552323e-07
6 37 2 6.904586e-07
7 37 2 8.030388e-07
8 37 2 7.894061e-07
9 37 2 5.809295e-07
10 37 2 4.355955e-07
11 37 2 3.070126e-07
12 37 2 2.351978e-07
1 38 2 9.922598e-07
2 38 2 9.913702e-07
3 38 2 1.510222e-06
4 38 2 2.239152e-06
5 38 2 4.088112e-06
6 38 2 7.254043e-06
7 38 2 8.599385e-06
8 38 2 7.458167e-06
9 38 2 4.817406e-06
10 38 2 3.292693e-06
11 38 2 1.881509e-06
12 38 2 1.357770e-06
1 39 2 1.065300e-06
2 39 2 1.109828e-06
3 39 2 1.797692e-06
4 39 2 2.775786e-06
5 39 2 5.385943e-06
6 39 2 1.041239e-05
7 39 2 1.292927e-05
8 39 2 1.046777e-05
9 39 2 6.597961e-06
10 39 2 4.166534e-06
11 39 2 2.109009e-06
12 39 2 1.539424e-06
1 40 2 2.639923e-07
2 40 2 2.896454e-07
3 40 2 5.165783e-07
4 40 2 8.686675e-07
5 40 2 1.898951e-06
6 40 2 4.311454e-06
7 40 2 5.394295e-06
8 40 2 3.957119e-06
9 40 2 2.437545e-06
10 40 2 1.313372e-06
11 40 2 5.626107e-07
12 40 2 4.191274e-07
1 41 2 1.406009e-07
2 41 2 1.503094e-07
3 41 2 3.012150e-07
4 41 2 5.364852e-07
5 41 2 1.345584e-06
6 41 2 3.414556e-06
7 41 2 4.414818e-06
8 41 2 3.096533e-06
9 41 2 1.730486e-06
10 41 2 7.500088e-07
11 41 2 2.881333e-07
12 41 2 2.401554e-07
1 42 2 7.608386e-08
2 42 2 7.958524e-08
3 42 2 1.716245e-07
4 42 2 3.385622e-07
5 42 2 9.624755e-07
6 42 2 2.669619e-06
7 42 2 3.737153e-06
8 42 2 2.495730e-06
9 42 2 1.181859e-06
10 42 2 4.229746e-07
11 42 2 1.576930e-07
12 42 2 1.293642e-07
1 43 2 2.133732e-09
2 43 2 2.212404e-09
3 43 2 5.220127e-09
4 43 2 1.273726e-08
5 43 2 4.263396e-08
6 43 2 1.257342e-07
7 43 2 1.838060e-07
8 43 2 1.153806e-07
9 43 2 4.718130e-08
10 43 2 1.448586e-08
11 43 2 4.939988e-09
12 43 2 3.461487e-09
1 44 2 8.811779e-09
2 44 2 8.853853e-09
3 44 2 1.925849e-08
4 44 2 5.206486e-08
5 44 2 1.945127e-07
6 44 2 6.129740e-07
7 44 2 8.958952e-07
8 44 2 5.402193e-07
9 44 2 1.947409e-07
10 44 2 5.769779e-08
11 44 2 1.893658e-08
12 44 2 1.280325e-08
1 45 2 2.026256e-08
2 45 2 2.270840e-08
3 45 2 4.137864e-08
4 45 2 1.220289e-07
5 45 2 5.110334e-07
6 45 2 1.695662e-06
7 45 2 2.372209e-06
8 45 2 1.444435e-06
9 45 2 4.967088e-07
10 45 2 1.268201e-07
11 45 2 3.675969e-08
12 45 2 2.402432e-08
1 46 2 9.186173e-09
2 46 2 1.155643e-08
3 46 2 1.816583e-08
4 46 2 5.044468e-08
5 46 2 1.980942e-07
6 46 2 6.144660e-07
7 46 2 8.595945e-07
8 46 2 5.386319e-07
9 46 2 2.023255e-07
10 46 2 4.904129e-08
11 46 2 1.348339e-08
12 46 2 9.615539e-09
1 47 2 1.207516e-08
2 47 2 1.536730e-08
3 47 2 2.165493e-08
4 47 2 4.851848e-08
5 47 2 1.653752e-07
6 47 2 4.556084e-07
7 47 2 6.179022e-07
8 47 2 4.189820e-07
9 47 2 1.774936e-07
10 47 2 5.474581e-08
11 47 2 1.615145e-08
12 47 2 1.227725e-08
1 48 2 1.634087e-08
2 48 2 1.877138e-08
3 48 2 2.581898e-08
4 48 2 5.041901e-08
5 48 2 1.564599e-07
6 48 2 3.598845e-07
7 48 2 4.782531e-07
8 48 2 3.364784e-07
9 48 2 1.601773e-07
10 48 2 5.971977e-08
11 48 2 2.149837e-08
12 48 2 1.425641e-08
1 49 2 5.167204e-10
2 49 2 4.701699e-10
3 49 2 5.333106e-10
4 49 2 6.241928e-10
5 49 2 8.927288e-10
6 49 2 1.358235e-09
7 49 2 2.025584e-09
8 49 2 1.904777e-09
9 49 2 1.328560e-09
10 49 2 9.507126e-10
11 49 2 6.940972e-10
12 49 2 5.063427e-10
1 50 2 2.106783e-09
2 50 2 1.818574e-09
3 50 2 2.131649e-09
4 50 2 2.429859e-09
5 50 2 3.419858e-09
6 50 2 5.018594e-09
7 50 2 6.926397e-09
8 50 2 6.660860e-09
9 50 2 4.823068e-09
10 50 2 3.438085e-09
11 50 2 2.574029e-09
12 50 2 2.026767e-09
1 51 2 8.293196e-10
2 51 2 7.568841e-10
3 51 2 8.224381e-10
4 51 2 9.493656e-10
5 51 2 1.294009e-09
6 51 2 1.814745e-09
7 51 2 2.364878e-09
8 51 2 2.345241e-09
9 51 2 1.948552e-09
10 51 2 1.370561e-09
11 51 2 1.027185e-09
12 51 2 8.608127e-10
1 52 2 1.187658e-06
2 52 2 1.248331e-06
3 52 2 1.568187e-06
4 52 2 2.286203e-06
5 52 2 3.866271e-06
6 52 2 5.320854e-06
7 52 2 6.824983e-06
8 52 2 6.383697e-06
9 52 2 5.153157e-06
10 52 2 2.943819e-06
11 52 2 1.771891e-06
12 52 2 1.366398e-06
1 53 2 5.191163e-07
2 53 2 6.513013e-07
3 53 2 1.103442e-06
4 53 2 2.408484e-06
5 53 2 4.586489e-06
6 53 2 6.848796e-06
7 53 2 9.506941e-06
8 53 2 8.101021e-06
9 53 2 5.482834e-06
10 53 2 2.418160e-06
11 53 2 1.078565e-06
12 53 2 6.833146e-07
1 54 2 1.664966e-07
2 54 2 2.159887e-07
3 54 2 4.039077e-07
4 54 2 1.003671e-06
5 54 2 1.976919e-06
6 54 2 3.818506e-06
7 54 2 5.424368e-06
8 54 2 4.548472e-06
9 54 2 2.758577e-06
10 54 2 1.173215e-06
11 54 2 5.028937e-07
12 54 2 2.774060e-07
1 55 2 2.105575e-07
2 55 2 2.348278e-07
3 55 2 4.380648e-07
4 55 2 1.025751e-06
5 55 2 2.035506e-06
6 55 2 4.347022e-06
7 55 2 6.042691e-06
8 55 2 5.211296e-06
9 55 2 3.304666e-06
10 55 2 1.584535e-06
11 55 2 7.413431e-07
12 55 2 4.244952e-07
1 56 2 8.913031e-07
2 56 2 9.249781e-07
3 56 2 1.602087e-06
4 56 2 3.572425e-06
5 56 2 7.808843e-06
6 56 2 1.539295e-05
7 56 2 2.128210e-05
8 56 2 1.766306e-05
9 56 2 1.154500e-05
10 56 2 5.948401e-06
11 56 2 2.681760e-06
12 56 2 1.538015e-06
1 57 2 1.834281e-07
2 57 2 1.750085e-07
3 57 2 2.152505e-07
4 57 2 3.267167e-07
5 57 2 5.466481e-07
6 57 2 8.894647e-07
7 57 2 1.266608e-06
8 57 2 1.141523e-06
9 57 2 8.492940e-07
10 57 2 5.455422e-07
11 57 2 3.336019e-07
12 57 2 2.397446e-07
1 60 2 1.179459e-05
2 60 2 1.142200e-05
3 60 2 1.309876e-05
4 60 2 1.553494e-05
5 60 2 1.915335e-05
6 60 2 2.520568e-05
7 60 2 2.934445e-05
8 60 2 2.935679e-05
9 60 2 2.491346e-05
10 60 2 2.033766e-05
11 60 2 1.626537e-05
12 60 2 1.348233e-05
1 61 2 3.772548e-05
2 61 2 3.795240e-05
3 61 2 5.337941e-05
4 61 2 8.040065e-05
5 61 2 1.172800e-04
6 61 2 1.652286e-04
7 61 2 1.955320e-04
8 61 2 1.881180e-04
9 61 2 1.461726e-04
10 61 2 9.942749e-05
11 61 2 6.486258e-05
12 61 2 4.549407e-05
1 62 2 1.161432e-05
2 62 2 1.272042e-05
3 62 2 2.002426e-05
4 62 2 3.625003e-05
5 62 2 6.217660e-05
6 62 2 8.820248e-05
7 62 2 1.078538e-04
8 62 2 1.006776e-04
9 62 2 7.015441e-05
10 62 2 4.183580e-05
11 62 2 2.271869e-05
12 62 2 1.478467e-05
1 63 2 1.488436e-05
2 63 2 1.806898e-05
3 63 2 3.023414e-05
4 63 2 6.359005e-05
5 63 2 1.220398e-04
6 63 2 1.814316e-04
7 63 2 2.320071e-04
8 63 2 2.018917e-04
9 63 2 1.233091e-04
10 63 2 6.734043e-05
11 63 2 3.110504e-05
12 63 2 2.036268e-05
1 64 2 3.897660e-06
2 64 2 4.993309e-06
3 64 2 9.508464e-06
4 64 2 2.252238e-05
5 64 2 4.823584e-05
6 64 2 7.726277e-05
7 64 2 9.793224e-05
8 64 2 7.656114e-05
9 64 2 4.383777e-05
10 64 2 1.937971e-05
11 64 2 8.855576e-06
12 64 2 6.060382e-06
1 65 2 1.318465e-06
2 65 2 1.634905e-06
3 65 2 3.581770e-06
4 65 2 1.010072e-05
5 65 2 2.117798e-05
6 65 2 3.599278e-05
7 65 2 4.665175e-05
8 65 2 3.481834e-05
9 65 2 1.974786e-05
10 65 2 7.007652e-06
11 65 2 3.084906e-06
12 65 2 2.235627e-06
1 66 2 8.726052e-07
2 66 2 1.078812e-06
3 66 2 2.564646e-06
4 66 2 8.413751e-06
5 66 2 1.749459e-05
6 66 2 3.008274e-05
7 66 2 4.148911e-05
8 66 2 3.136581e-05
9 66 2 1.774313e-05
10 66 2 5.878503e-06
11 66 2 2.252730e-06
12 66 2 1.397325e-06
1 67 2 2.958944e-07
2 67 2 3.945615e-07
3 67 2 1.003372e-06
4 67 2 3.706545e-06
5 67 2 8.409936e-06
6 67 2 1.434321e-05
7 67 2 2.005338e-05
8 67 2 1.543272e-05
9 67 2 8.440626e-06
10 67 2 3.104011e-06
11 67 2 9.815119e-07
12 67 2 4.417733e-07
1 68 2 7.191268e-08
2 68 2 9.655939e-08
3 68 2 2.867760e-07
4 68 2 1.318174e-06
5 68 2 3.592192e-06
6 68 2 6.883753e-06
7 68 2 9.869999e-06
8 68 2 7.340652e-06
9 68 2 3.522851e-06
10 68 2 1.294253e-06
11 68 2 2.951356e-07
12 68 2 1.026969e-07
1 69 2 4.329046e-08
2 69 2 6.137783e-08
3 69 2 1.467809e-07
4 69 2 6.436430e-07
5 69 2 2.063872e-06
6 69 2 4.884384e-06
7 69 2 7.155583e-06
8 69 2 5.508351e-06
9 69 2 2.366351e-06
10 69 2 7.694461e-07
11 69 2 1.490909e-07
12 69 2 5.606785e-08
1 70 2 1.820296e-07
2 70 2 2.127577e-07
3 70 2 3.048757e-07
4 70 2 7.954050e-07
5 70 2 1.994623e-06
6 70 2 4.843512e-06
7 70 2 7.840109e-06
8 70 2 7.145507e-06
9 70 2 3.689461e-06
10 70 2 1.315105e-06
11 70 2 3.999765e-07
12 70 2 2.251578e-07
1 71 2 1.532488e-07
2 71 2 1.555116e-07
3 71 2 1.759732e-07
4 71 2 2.823838e-07
5 71 2 5.468726e-07
6 71 2 1.140828e-06
7 71 2 1.750812e-06
8 71 2 1.740746e-06
9 71 2 1.116846e-06
10 71 2 5.319391e-07
11 71 2 2.541208e-07
12 71 2 1.764955e-07
1 72 2 6.441012e-10
2 72 2 6.151727e-10
3 72 2 6.664759e-10
4 72 2 8.497631e-10
5 72 2 1.322169e-09
6 72 2 2.300618e-09
7 72 2 3.563393e-09
8 72 2 3.427149e-09
9 72 2 2.397748e-09
10 72 2 1.453859e-09
11 72 2 8.957773e-10
12 72 2 6.397026e-10
1 76 2 7.369399e-07
2 76 2 6.742242e-07
3 76 2 6.810100e-07
4 76 2 7.407766e-07
5 76 2 1.007098e-06
6 76 2 1.436058e-06
7 76 2 1.925674e-06
8 76 2 2.055047e-06
9 76 2 1.958061e-06
10 76 2 1.307593e-06
11 76 2 8.441064e-07
12 76 2 7.382444e-07
1 77 2 7.521613e-07
2 77 2 9.766754e-07
3 77 2 1.279386e-06
4 77 2 2.067769e-06
5 77 2 3.471869e-06
6 77 2 5.360203e-06
7 77 2 7.283069e-06
8 77 2 6.912814e-06
9 77 2 5.120719e-06
10 77 2 2.587048e-06
11 77 2 1.135204e-06
12 77 2 7.155136e-07
1 78 2 8.213153e-07
2 78 2 1.122212e-06
3 78 2 1.562747e-06
4 78 2 2.802951e-06
5 78 2 4.383005e-06
6 78 2 6.958693e-06
7 78 2 8.589736e-06
8 78 2 8.043245e-06
9 78 2 5.215152e-06
10 78 2 2.765697e-06
11 78 2 1.493536e-06
12 78 2 8.622689e-07
1 79 2 4.383689e-06
2 79 2 5.378859e-06
3 79 2 7.897717e-06
4 79 2 1.309967e-05
5 79 2 1.990204e-05
6 79 2 3.251337e-05
7 79 2 3.984108e-05
8 79 2 3.774236e-05
9 79 2 2.606132e-05
10 79 2 1.573180e-05
11 79 2 8.963166e-06
12 79 2 5.490671e-06
1 80 2 1.470466e-06
2 80 2 1.473337e-06
3 80 2 1.851340e-06
4 80 2 2.503225e-06
5 80 2 3.733337e-06
6 80 2 5.680138e-06
7 80 2 7.314040e-06
8 80 2 7.240778e-06
9 80 2 6.009713e-06
10 80 2 4.213436e-06
11 80 2 2.457951e-06
12 80 2 1.816835e-06
1 81 2 2.760114e-12
2 81 2 2.501329e-12
3 81 2 2.634579e-12
4 81 2 3.123964e-12
5 81 2 4.498481e-12
6 81 2 6.061573e-12
7 81 2 8.088126e-12
8 81 2 8.678379e-12
9 81 2 7.891355e-12
10 81 2 6.054983e-12
11 81 2 4.002575e-12
12 81 2 3.276893e-12
1 84 2 5.039180e-06
2 84 2 5.327681e-06
3 84 2 6.589275e-06
4 84 2 8.326784e-06
5 84 2 1.116370e-05
6 84 2 1.829254e-05
7 84 2 2.449963e-05
8 84 2 2.347673e-05
9 84 2 1.761568e-05
10 84 2 1.111726e-05
11 84 2 7.468322e-06
12 84 2 5.704991e-06
1 85 2 8.073492e-06
2 85 2 9.091389e-06
3 85 2 1.182027e-05
4 85 2 1.717375e-05
5 85 2 2.749144e-05
6 85 2 4.199748e-05
7 85 2 5.810741e-05
8 85 2 5.527808e-05
9 85 2 3.980397e-05
10 85 2 2.195611e-05
11 85 2 1.238232e-05
12 85 2 8.984622e-06
1 86 2 2.479252e-06
2 86 2 2.807032e-06
3 86 2 3.587180e-06
4 86 2 5.210468e-06
5 86 2 8.374253e-06
6 86 2 1.215086e-05
7 86 2 1.669205e-05
8 86 2 1.674665e-05
9 86 2 1.239571e-05
10 86 2 7.188137e-06
11 86 2 3.959580e-06
12 86 2 2.829885e-06
1 87 2 2.904085e-06
2 87 2 3.928893e-06
3 87 2 5.609740e-06
4 87 2 8.867720e-06
5 87 2 1.555723e-05
6 87 2 2.338450e-05
7 87 2 3.170214e-05
8 87 2 3.230342e-05
9 87 2 2.342013e-05
10 87 2 1.318615e-05
11 87 2 5.793649e-06
12 87 2 3.521658e-06
1 88 2 1.187480e-06
2 88 2 1.686318e-06
3 88 2 2.644395e-06
4 88 2 5.017457e-06
5 88 2 1.029730e-05
6 88 2 1.618453e-05
7 88 2 2.072654e-05
8 88 2 1.817879e-05
9 88 2 1.174714e-05
10 88 2 5.551481e-06
11 88 2 2.846072e-06
12 88 2 1.580889e-06
1 89 2 1.210892e-06
2 89 2 1.684799e-06
3 89 2 3.197696e-06
4 89 2 6.014321e-06
5 89 2 1.200227e-05
6 89 2 1.793000e-05
7 89 2 2.091650e-05
8 89 2 1.831786e-05
9 89 2 1.195434e-05
10 89 2 5.688716e-06
11 89 2 3.130216e-06
12 89 2 1.732588e-06
1 90 2 3.821547e-07
2 90 2 5.036672e-07
3 90 2 9.994735e-07
4 90 2 1.793842e-06
5 90 2 2.754340e-06
6 90 2 3.645831e-06
7 90 2 4.094494e-06
8 90 2 3.788541e-06
9 90 2 2.760926e-06
10 90 2 1.646775e-06
11 90 2 9.079548e-07
12 90 2 5.168787e-07
1 91 2 3.757229e-09
2 91 2 5.316313e-09
3 91 2 1.110696e-08
4 91 2 2.098866e-08
5 91 2 3.097598e-08
6 91 2 3.937336e-08
7 91 2 4.421055e-08
8 91 2 4.054532e-08
9 91 2 2.915292e-08
10 91 2 1.804573e-08
11 91 2 9.352727e-09
12 91 2 4.801284e-09
1 92 2 2.015488e-08
2 92 2 2.879001e-08
3 92 2 7.216931e-08
4 92 2 1.721792e-07
5 92 2 3.247050e-07
6 92 2 4.975624e-07
7 92 2 5.972567e-07
8 92 2 5.435993e-07
9 92 2 3.400810e-07
10 92 2 1.807421e-07
11 92 2 7.088718e-08
12 92 2 3.043013e-08
1 93 2 1.965967e-06
2 93 2 2.372115e-06
3 93 2 4.877194e-06
4 93 2 1.136684e-05
5 93 2 2.027781e-05
6 93 2 3.217946e-05
7 93 2 4.316706e-05
8 93 2 4.243690e-05
9 93 2 2.854327e-05
10 93 2 1.643746e-05
11 93 2 7.039413e-06
12 93 2 2.932057e-06
1 94 2 2.482496e-06
2 94 2 2.469981e-06
3 94 2 3.298022e-06
4 94 2 5.844703e-06
5 94 2 9.976551e-06
6 94 2 1.570930e-05
7 94 2 2.170234e-05
8 94 2 2.365074e-05
9 94 2 1.948147e-05
10 94 2 1.175898e-05
11 94 2 6.311337e-06
12 94 2 3.448363e-06
1 98 2 9.333692e-08
2 98 2 8.688429e-08
3 98 2 8.181502e-08
4 98 2 8.710943e-08
5 98 2 9.886322e-08
6 98 2 1.131288e-07
7 98 2 1.272466e-07
8 98 2 1.341117e-07
9 98 2 1.323383e-07
10 98 2 1.250950e-07
11 98 2 1.125221e-07
12 98 2 1.023963e-07
1 101 2 3.670864e-07
2 101 2 3.771937e-07
3 101 2 3.865259e-07
4 101 2 4.766450e-07
5 101 2 6.129749e-07
6 101 2 7.157121e-07
7 101 2 7.639818e-07
8 101 2 7.655365e-07
9 101 2 7.359612e-07
10 101 2 6.310113e-07
11 101 2 4.852305e-07
12 101 2 3.891895e-07
1 102 2 2.354692e-06
2 102 2 2.661654e-06
3 102 2 3.271223e-06
4 102 2 4.091642e-06
5 102 2 4.734998e-06
6 102 2 5.169099e-06
7 102 2 5.314658e-06
8 102 2 5.381814e-06
9 102 2 4.850517e-06
10 102 2 3.736843e-06
11 102 2 2.999285e-06
12 102 2 2.458286e-06
1 103 2 1.314726e-06
2 103 2 1.341689e-06
3 103 2 1.462273e-06
4 103 2 1.652313e-06
5 103 2 1.924250e-06
6 103 2 2.202057e-06
7 103 2 2.382346e-06
8 103 2 2.500219e-06
9 103 2 2.452198e-06
10 103 2 2.143008e-06
11 103 2 1.762961e-06
12 103 2 1.465844e-06
1 104 2 6.166109e-07
2 104 2 5.916842e-07
3 104 2 5.981132e-07
4 104 2 6.557449e-07
5 104 2 7.667699e-07
6 104 2 8.799055e-07
7 104 2 9.875405e-07
8 104 2 1.066784e-06
9 104 2 1.075371e-06
10 104 2 1.004610e-06
11 104 2 8.263819e-07
12 104 2 6.842433e-07
1 107 2 2.248997e-07
2 107 2 2.372651e-07
3 107 2 2.770155e-07
4 107 2 3.174293e-07
5 107 2 3.559770e-07
6 107 2 4.557361e-07
7 107 2 4.981388e-07
8 107 2 4.961233e-07
9 107 2 4.644456e-07
10 107 2 3.972645e-07
11 107 2 3.158107e-07
12 107 2 2.469759e-07
1 108 2 2.980567e-08
2 108 2 3.809169e-08
3 108 2 5.533226e-08
4 108 2 8.569758e-08
5 108 2 1.330255e-07
6 108 2 1.825817e-07
7 108 2 1.954482e-07
8 108 2 1.727351e-07
9 108 2 1.397699e-07
10 108 2 9.643157e-08
11 108 2 5.023105e-08
12 108 2 3.197697e-08
1 109 2 5.669720e-08
2 109 2 7.488874e-08
3 109 2 1.171308e-07
4 109 2 2.032706e-07
5 109 2 3.463290e-07
6 109 2 4.365653e-07
7 109 2 4.435898e-07
8 109 2 4.077836e-07
9 109 2 3.274619e-07
10 109 2 2.297683e-07
11 109 2 1.021952e-07
12 109 2 5.969865e-08
1 110 2 2.496646e-08
2 110 2 3.180250e-08
3 110 2 5.107643e-08
4 110 2 7.906432e-08
5 110 2 1.226256e-07
6 110 2 1.420063e-07
7 110 2 1.526705e-07
8 110 2 1.509899e-07
9 110 2 1.271300e-07
10 110 2 9.268583e-08
11 110 2 4.483258e-08
12 110 2 2.638894e-08
1 111 2 8.565193e-07
2 111 2 1.071256e-06
3 111 2 1.734340e-06
4 111 2 2.628537e-06
5 111 2 3.972649e-06
6 111 2 5.094838e-06
7 111 2 5.385625e-06
8 111 2 5.334255e-06
9 111 2 4.542584e-06
10 111 2 2.957002e-06
11 111 2 1.592916e-06
12 111 2 9.729821e-07
1 112 2 9.873055e-07
2 112 2 1.273010e-06
3 112 2 2.233222e-06
4 112 2 3.713718e-06
5 112 2 5.647334e-06
6 112 2 6.881943e-06
7 112 2 7.009074e-06
8 112 2 6.533181e-06
9 112 2 4.987365e-06
10 112 2 3.310979e-06
11 112 2 1.900156e-06
12 112 2 1.168007e-06
1 113 2 5.661151e-07
2 113 2 7.172152e-07
3 113 2 1.204926e-06
4 113 2 1.801857e-06
5 113 2 2.217357e-06
6 113 2 1.936081e-06
7 113 2 1.661272e-06
8 113 2 1.586650e-06
9 113 2 1.569272e-06
10 113 2 1.432895e-06
11 113 2 1.002220e-06
12 113 2 6.769094e-07
1 114 2 1.543306e-06
2 114 2 2.092801e-06
3 114 2 3.728683e-06
4 114 2 5.435243e-06
5 114 2 6.270672e-06
6 114 2 4.590485e-06
7 114 2 3.791430e-06
8 114 2 3.475305e-06
9 114 2 3.353793e-06
10 114 2 3.001706e-06
11 114 2 2.288266e-06
12 114 2 1.695003e-06
1 115 2 5.276983e-07
2 115 2 7.677538e-07
3 115 2 1.217015e-06
4 115 2 1.508596e-06
5 115 2 1.347248e-06
6 115 2 1.250875e-06
7 115 2 1.206446e-06
8 115 2 1.157500e-06
9 115 2 1.064554e-06
10 115 2 9.513422e-07
11 115 2 7.226801e-07
12 115 2 5.184687e-07
1 116 2 3.830957e-07
2 116 2 4.904092e-07
3 116 2 7.499527e-07
4 116 2 1.061531e-06
5 116 2 1.234627e-06
6 116 2 1.405927e-06
7 116 2 1.473950e-06
8 116 2 1.410897e-06
9 116 2 1.142984e-06
10 116 2 9.137901e-07
11 116 2 6.638506e-07
12 116 2 4.373163e-07
1 117 2 1.214553e-07
2 117 2 1.268297e-07
3 117 2 1.601743e-07
4 117 2 2.192580e-07
5 117 2 2.792073e-07
6 117 2 3.307989e-07
7 117 2 3.521699e-07
8 117 2 3.517081e-07
9 117 2 3.209123e-07
10 117 2 2.747203e-07
11 117 2 2.217713e-07
12 117 2 1.602047e-07
1 126 2 6.746051e-09
2 126 2 7.011830e-09
3 126 2 7.599865e-09
4 126 2 8.024994e-09
5 126 2 7.928769e-09
6 126 2 7.368901e-09
7 126 2 7.103193e-09
8 126 2 7.172590e-09
9 126 2 7.134620e-09
10 126 2 7.010905e-09
11 126 2 6.850524e-09
12 126 2 6.746802e-09
1 127 2 6.816110e-07
2 127 2 6.932123e-07
3 127 2 7.316708e-07
4 127 2 7.596296e-07
5 127 2 7.699786e-07
6 127 2 7.458218e-07
7 127 2 7.460276e-07
8 127 2 7.631477e-07
9 127 2 7.550126e-07
10 127 2 7.247532e-07
11 127 2 7.023757e-07
12 127 2 6.936816e-07
1 128 2 3.090035e-06
2 128 2 3.173438e-06
3 128 2 3.257736e-06
4 128 2 3.180104e-06
5 128 2 3.093457e-06
6 128 2 3.000533e-06
7 128 2 3.198014e-06
8 128 2 3.636156e-06
9 128 2 3.823384e-06
10 128 2 3.611367e-06
11 128 2 3.284011e-06
12 128 2 3.094191e-06
1 129 2 8.809643e-08
2 129 2 8.688685e-08
3 129 2 8.907823e-08
4 129 2 9.166151e-08
5 129 2 9.307582e-08
6 129 2 9.559375e-08
7 129 2 9.988603e-08
8 129 2 1.088756e-07
9 129 2 1.137521e-07
10 129 2 1.142532e-07
11 129 2 1.043171e-07
12 129 2 9.267303e-08
1 133 2 1.892185e-06
2 133 2 2.199945e-06
3 133 2 2.640915e-06
4 133 2 2.711522e-06
5 133 2 2.586514e-06
6 133 2 2.377356e-06
7 133 2 2.121812e-06
8 133 2 1.986836e-06
9 133 2 2.071828e-06
10 133 2 2.206576e-06
11 133 2 2.105109e-06
12 133 2 1.841972e-06
1 135 2 8.182378e-08
2 135 2 9.218677e-08
3 135 2 1.096311e-07
4 135 2 1.180676e-07
5 135 2 1.134517e-07
6 135 2 1.012105e-07
7 135 2 8.743585e-08
8 135 2 8.831088e-08
9 135 2 9.384041e-08
10 135 2 8.825145e-08
11 135 2 8.458824e-08
12 135 2 7.945909e-08
1 136 2 9.155833e-08
2 136 2 9.423205e-08
3 136 2 1.165355e-07
4 136 2 1.416717e-07
5 136 2 1.551369e-07
6 136 2 1.415440e-07
7 136 2 1.252499e-07
8 136 2 1.249627e-07
9 136 2 1.256085e-07
10 136 2 1.181597e-07
11 136 2 1.117194e-07
12 136 2 9.920820e-08
1 137 2 2.227684e-08
2 137 2 2.337070e-08
3 137 2 2.679499e-08
4 137 2 2.944376e-08
5 137 2 2.906278e-08
6 137 2 2.674067e-08
7 137 2 2.473797e-08
8 137 2 2.386967e-08
9 137 2 2.388466e-08
10 137 2 2.488231e-08
11 137 2 2.460084e-08
12 137 2 2.319639e-08
1 138 2 8.897509e-07
2 138 2 9.784230e-07
3 138 2 1.135115e-06
4 138 2 1.263313e-06
5 138 2 1.274605e-06
6 138 2 1.120250e-06
7 138 2 1.037804e-06
8 138 2 1.000833e-06
9 138 2 1.003564e-06
10 138 2 1.009412e-06
11 138 2 9.791487e-07
12 138 2 9.080785e-07
1 139 2 1.500993e-06
2 139 2 1.709354e-06
3 139 2 1.910035e-06
4 139 2 2.004717e-06
5 139 2 1.976466e-06
6 139 2 1.840626e-06
7 139 2 1.741511e-06
8 139 2 1.676492e-06
9 139 2 1.654762e-06
10 139 2 1.667608e-06
11 139 2 1.586857e-06
12 139 2 1.452556e-06
1 140 2 4.976726e-07
2 140 2 5.146119e-07
3 140 2 5.589085e-07
4 140 2 6.332341e-07
5 140 2 6.724040e-07
6 140 2 6.458452e-07
7 140 2 6.115105e-07
8 140 2 5.897967e-07
9 140 2 5.811984e-07
10 140 2 5.844106e-07
11 140 2 5.720674e-07
12 140 2 5.333415e-07
1 141 2 7.807616e-07
2 141 2 7.726831e-07
3 141 2 7.948147e-07
4 141 2 8.723025e-07
5 141 2 9.413301e-07
6 141 2 9.308218e-07
7 141 2 9.056512e-07
8 141 2 8.782063e-07
9 141 2 8.707635e-07
10 141 2 8.728107e-07
11 141 2 8.815224e-07
12 141 2 8.558894e-07
1 150 2 9.020978e-10
2 150 2 9.874879e-10
3 150 2 1.056994e-09
4 150 2 1.080862e-09
5 150 2 1.011358e-09
6 150 2 8.919719e-10
7 150 2 8.137272e-10
8 150 2 7.940774e-10
9 150 2 7.684052e-10
10 150 2 7.509227e-10
11 150 2 7.655224e-10
12 150 2 8.144939e-10
1 151 2 5.854752e-07
2 151 2 6.227211e-07
3 151 2 6.602691e-07
4 151 2 6.758380e-07
5 151 2 6.539202e-07
6 151 2 6.155414e-07
7 151 2 6.019406e-07
8 151 2 6.251804e-07
9 151 2 5.952272e-07
10 151 2 5.585592e-07
11 151 2 5.421808e-07
12 151 2 5.557068e-07
1 152 2 4.643001e-07
2 152 2 4.703019e-07
3 152 2 4.746556e-07
4 152 2 4.510455e-07
5 152 2 4.335756e-07
6 152 2 4.258321e-07
7 152 2 4.868399e-07
8 152 2 6.491424e-07
9 152 2 6.891357e-07
10 152 2 5.873568e-07
11 152 2 5.036827e-07
12 152 2 4.658031e-07
1 153 2 5.380888e-07
2 153 2 5.511410e-07
3 153 2 5.814917e-07
4 153 2 5.703667e-07
5 153 2 5.508041e-07
6 153 2 5.407791e-07
7 153 2 6.312610e-07
8 153 2 8.249445e-07
9 153 2 1.003362e-06
10 153 2 8.967999e-07
11 153 2 6.783832e-07
12 153 2 5.660190e-07
1 154 2 1.464063e-06
2 154 2 1.456119e-06
3 154 2 1.515279e-06
4 154 2 1.451919e-06
5 154 2 1.357676e-06
6 154 2 1.221246e-06
7 154 2 1.153177e-06
8 154 2 1.201301e-06
9 154 2 1.354451e-06
10 154 2 1.522161e-06
11 154 2 1.604188e-06
12 154 2 1.551173e-06
1 157 2 5.835753e-08
2 157 2 6.059846e-08
3 157 2 6.487934e-08
4 157 2 6.396537e-08
5 157 2 6.234785e-08
6 157 2 5.861770e-08
7 157 2 5.592964e-08
8 157 2 5.536587e-08
9 157 2 5.496571e-08
10 157 2 5.592410e-08
11 157 2 5.632503e-08
12 157 2 5.706008e-08
1 163 2 2.714002e-07
2 163 2 2.750366e-07
3 163 2 2.831982e-07
4 163 2 3.001920e-07
5 163 2 3.004850e-07
6 163 2 2.778101e-07
7 163 2 2.568346e-07
8 163 2 2.411727e-07
9 163 2 2.446262e-07
10 163 2 2.588051e-07
11 163 2 2.689222e-07
12 163 2 2.710293e-07
1 164 2 1.027172e-06
2 164 2 1.018390e-06
3 164 2 1.046738e-06
4 164 2 1.095570e-06
5 164 2 1.082683e-06
6 164 2 1.001398e-06
7 164 2 9.268821e-07
8 164 2 9.053931e-07
9 164 2 9.694915e-07
10 164 2 1.062121e-06
11 164 2 1.083571e-06
12 164 2 1.065527e-06
1 165 2 4.482189e-07
2 165 2 4.392862e-07
3 165 2 4.448087e-07
4 165 2 4.546473e-07
5 165 2 4.496571e-07
6 165 2 4.137482e-07
7 165 2 3.901080e-07
8 165 2 3.948600e-07
9 165 2 4.208781e-07
10 165 2 4.500099e-07
11 165 2 4.733916e-07
12 165 2 4.739493e-07
1 166 2 1.957445e-07
2 166 2 1.937904e-07
3 166 2 1.905886e-07
4 166 2 1.896945e-07
5 166 2 1.834832e-07
6 166 2 1.696914e-07
7 166 2 1.602400e-07
8 166 2 1.614355e-07
9 166 2 1.674774e-07
10 166 2 1.761740e-07
11 166 2 1.899414e-07
12 166 2 1.995116e-07
1 170 2 8.983542e-09
2 170 2 9.880117e-09
3 170 2 9.707161e-09
4 170 2 8.823291e-09
5 170 2 7.352436e-09
6 170 2 6.182115e-09
7 170 2 5.847313e-09
8 170 2 5.582301e-09
9 170 2 5.676190e-09
10 170 2 6.320397e-09
11 170 2 6.973382e-09
12 170 2 8.030281e-09
1 171 2 3.228003e-08
2 171 2 3.543420e-08
3 171 2 3.586317e-08
4 171 2 3.190688e-08
5 171 2 2.654294e-08
6 171 2 2.274605e-08
7 171 2 2.065096e-08
8 171 2 1.956744e-08
9 171 2 1.985254e-08
10 171 2 2.159402e-08
11 171 2 2.464613e-08
12 171 2 2.911703e-08
1 175 2 9.304750e-10
2 175 2 9.837289e-10
3 175 2 9.865506e-10
4 175 2 9.240221e-10
5 175 2 8.028297e-10
6 175 2 7.315813e-10
7 175 2 7.164017e-10
8 175 2 7.103531e-10
9 175 2 6.607058e-10
10 175 2 6.678800e-10
11 175 2 6.982624e-10
12 175 2 8.145270e-10
1 176 2 1.645282e-06
2 176 2 1.657618e-06
3 176 2 1.622802e-06
4 176 2 1.433287e-06
5 176 2 1.159465e-06
6 176 2 1.050693e-06
7 176 2 1.048777e-06
8 176 2 1.196515e-06
9 176 2 1.303129e-06
10 176 2 1.390756e-06
11 176 2 1.484528e-06
12 176 2 1.576933e-06
1 177 2 3.251161e-06
2 177 2 3.159241e-06
3 177 2 2.982912e-06
4 177 2 2.608358e-06
5 177 2 2.132926e-06
6 177 2 1.821339e-06
7 177 2 1.895075e-06
8 177 2 2.270648e-06
9 177 2 2.853850e-06
10 177 2 2.967894e-06
11 177 2 3.028093e-06
12 177 2 3.034280e-06
1 178 2 1.072656e-06
2 178 2 1.060119e-06
3 178 2 1.016202e-06
4 178 2 8.517404e-07
5 178 2 7.416143e-07
6 178 2 6.268291e-07
7 178 2 5.970151e-07
8 178 2 6.014090e-07
9 178 2 6.858918e-07
10 178 2 7.380000e-07
11 178 2 8.335291e-07
12 178 2 9.253925e-07
1 181 2 1.312706e-08
2 181 2 1.386508e-08
3 181 2 1.405601e-08
4 181 2 1.343943e-08
5 181 2 1.108334e-08
6 181 2 9.583727e-09
7 181 2 8.473988e-09
8 181 2 8.672436e-09
9 181 2 9.395705e-09
10 181 2 1.017379e-08
11 181 2 1.152195e-08
12 181 2 1.226755e-08
1 182 2 1.565090e-06
2 182 2 1.446626e-06
3 182 2 1.364104e-06
4 182 2 1.139487e-06
5 182 2 8.923196e-07
6 182 2 6.674016e-07
7 182 2 6.617273e-07
8 182 2 9.195520e-07
9 182 2 1.275977e-06
10 182 2 1.564941e-06
11 182 2 1.729581e-06
12 182 2 1.660143e-06
1 183 2 3.326426e-07
2 183 2 3.195589e-07
3 183 2 3.050790e-07
4 183 2 2.766233e-07
5 183 2 2.327460e-07
6 183 2 1.889010e-07
7 183 2 1.757526e-07
8 183 2 2.086995e-07
9 183 2 2.426606e-07
10 183 2 2.870672e-07
11 183 2 3.125290e-07
12 183 2 3.214563e-07
1 184 2 1.038214e-07
2 184 2 1.051979e-07
3 184 2 1.018825e-07
4 184 2 9.168764e-08
5 184 2 7.622425e-08
6 184 2 6.160356e-08
7 184 2 5.555092e-08
8 184 2 5.801751e-08
9 184 2 6.145985e-08
10 184 2 7.057890e-08
11 184 2 8.258206e-08
12 184 2 9.412528e-08
1 188 2 1.723635e-08
2 188 2 1.708607e-08
3 188 2 1.583726e-08
4 188 2 1.293220e-08
5 188 2 9.139961e-09
6 188 2 6.952178e-09
7 188 2 5.982292e-09
8 188 2 6.085348e-09
9 188 2 8.242571e-09
10 188 2 1.083190e-08
11 188 2 1.289972e-08
12 188 2 1.608942e-08
1 189 2 1.504306e-08
2 189 2 1.390282e-08
3 189 2 1.261110e-08
4 189 2 9.321476e-09
5 189 2 6.171652e-09
6 189 2 4.364360e-09
7 189 2 4.149574e-09
8 189 2 5.097050e-09
9 189 2 8.199497e-09
10 189 2 1.167488e-08
11 189 2 1.420055e-08
12 189 2 1.483951e-08
1 190 2 6.154433e-08
2 190 2 5.831439e-08
3 190 2 5.061701e-08
4 190 2 3.585097e-08
5 190 2 2.501322e-08
6 190 2 1.814566e-08
7 190 2 1.704989e-08
8 190 2 2.055359e-08
9 190 2 2.886981e-08
10 190 2 3.935653e-08
11 190 2 5.156962e-08
12 190 2 5.786016e-08
1 191 2 4.732512e-08
2 191 2 4.904133e-08
3 191 2 4.766841e-08
4 191 2 3.937946e-08
5 191 2 3.238246e-08
6 191 2 2.660163e-08
7 191 2 2.338731e-08
8 191 2 2.375185e-08
9 191 2 2.591375e-08
10 191 2 2.908552e-08
11 191 2 3.577214e-08
12 191 2 4.208559e-08
1 192 2 6.211742e-08
2 192 2 6.713166e-08
3 192 2 6.540697e-08
4 192 2 5.663264e-08
5 192 2 4.786312e-08
6 192 2 4.075353e-08
7 192 2 3.581424e-08
8 192 2 3.327984e-08
9 192 2 3.426647e-08
10 192 2 3.762851e-08
11 192 2 4.491871e-08
12 192 2 5.393755e-08
1 200 2 7.980968e-06
2 200 2 8.210430e-06
3 200 2 6.714330e-06
4 200 2 4.438652e-06
5 200 2 2.905320e-06
6 200 2 2.366114e-06
7 200 2 2.247931e-06
8 200 2 2.424203e-06
9 200 2 2.685234e-06
10 200 2 3.433202e-06
11 200 2 4.770941e-06
12 200 2 6.573387e-06
1 201 2 4.911434e-06
2 201 2 5.067582e-06
3 201 2 4.639070e-06
4 201 2 3.570825e-06
5 201 2 2.690958e-06
6 201 2 2.226304e-06
7 201 2 2.103982e-06
8 201 2 2.176378e-06
9 201 2 2.153963e-06
10 201 2 2.562936e-06
11 201 2 3.267055e-06
12 201 2 4.069016e-06
1 206 2 1.040048e-06
2 206 2 1.123388e-06
3 206 2 1.016365e-06
4 206 2 8.673108e-07
5 206 2 7.172615e-07
6 206 2 6.253915e-07
7 206 2 5.363951e-07
8 206 2 5.266721e-07
9 206 2 5.701170e-07
10 206 2 6.453403e-07
11 206 2 7.564878e-07
12 206 2 8.912210e-07
1 207 2 3.943705e-08
2 207 2 4.306030e-08
3 207 2 4.083747e-08
4 207 2 3.702941e-08
5 207 2 3.283963e-08
6 207 2 2.816641e-08
7 207 2 2.482616e-08
8 207 2 2.444744e-08
9 207 2 2.466591e-08
10 207 2 2.716861e-08
11 207 2 2.927971e-08
12 207 2 3.349417e-08
1 212 2 2.425668e-08
2 212 2 2.589251e-08
3 212 2 2.298214e-08
4 212 2 1.932087e-08
5 212 2 1.505909e-08
6 212 2 1.215394e-08
7 212 2 1.008845e-08
8 212 2 9.750398e-09
9 212 2 1.107379e-08
10 212 2 1.306655e-08
11 212 2 1.549920e-08
12 212 2 2.049291e-08
1 213 2 5.280124e-09
2 213 2 5.770779e-09
3 213 2 4.890507e-09
4 213 2 4.138417e-09
5 213 2 3.193341e-09
6 213 2 2.461617e-09
7 213 2 2.089191e-09
8 213 2 2.039557e-09
9 213 2 2.456733e-09
10 213 2 3.027639e-09
11 213 2 3.717903e-09
12 213 2 4.549664e-09
1 214 2 1.878207e-07
2 214 2 1.991135e-07
3 214 2 1.599753e-07
4 214 2 1.188193e-07
5 214 2 8.782923e-08
6 214 2 6.472613e-08
7 214 2 5.605381e-08
8 214 2 5.778724e-08
9 214 2 7.294406e-08
10 214 2 9.779307e-08
11 214 2 1.338697e-07
12 214 2 1.623607e-07
1 215 2 6.963235e-08
2 215 2 7.162616e-08
3 215 2 6.678043e-08
4 215 2 5.322118e-08
5 215 2 4.322918e-08
6 215 2 3.473374e-08
7 215 2 3.001476e-08
8 215 2 3.008856e-08
9 215 2 3.383661e-08
10 215 2 4.025469e-08
11 215 2 5.068620e-08
12 215 2 6.123172e-08
1 216 2 1.940093e-07
2 216 2 2.025600e-07
3 216 2 1.899513e-07
4 216 2 1.544194e-07
5 216 2 1.236502e-07
6 216 2 1.063723e-07
7 216 2 9.347352e-08
8 216 2 8.937802e-08
9 216 2 9.274554e-08
10 216 2 1.054140e-07
11 216 2 1.267952e-07
12 216 2 1.629547e-07
1 224 2 2.332166e-07
2 224 2 2.549610e-07
3 224 2 2.224845e-07
4 224 2 1.915926e-07
5 224 2 1.547146e-07
6 224 2 1.314774e-07
7 224 2 1.194459e-07
8 224 2 1.247599e-07
9 224 2 1.283013e-07
10 224 2 1.513253e-07
11 224 2 1.807123e-07
12 224 2 2.156040e-07
1 240 2 1.198591e-08
2 240 2 1.222556e-08
3 240 2 1.117997e-08
4 240 2 9.873668e-09
5 240 2 8.581488e-09
6 240 2 7.401832e-09
7 240 2 7.251682e-09
8 240 2 7.476063e-09
9 240 2 7.277498e-09
10 240 2 7.837106e-09
11 240 2 8.611055e-09
12 240 2 1.067190e-08
