1 7 2 1.332970e-11
2 7 2 1.138742e-11
3 7 2 1.245379e-11
4 7 2 3.218794e-11
5 7 2 1.107496e-10
6 7 2 2.982902e-10
7 7 2 4.035955e-10
8 7 2 2.751752e-10
9 7 2 1.190040e-10
10 7 2 5.217103e-11
11 7 2 2.764093e-11
12 7 2 1.630635e-11
1 25 2 7.605208e-09
2 25 2 7.221114e-09
3 25 2 1.017336e-08
4 25 2 1.856412e-08
5 25 2 5.193346e-08
6 25 2 9.417471e-08
7 25 2 1.141673e-07
8 25 2 8.754617e-08
9 25 2 4.946822e-08
10 25 2 2.314933e-08
11 25 2 1.103787e-08
12 25 2 6.391996e-09
1 26 2 8.246104e-10
2 26 2 6.786621e-10
3 26 2 1.122223e-09
4 26 2 2.504895e-09
5 26 2 7.055902e-09
6 26 2 1.347658e-08
7 26 2 1.462204e-08
8 26 2 1.094026e-08
9 26 2 5.983747e-09
10 26 2 2.408692e-09
11 26 2 1.258443e-09
12 26 2 7.780315e-10
1 27 2 5.704670e-09
2 27 2 5.036712e-09
3 27 2 8.829329e-09
4 27 2 2.248722e-08
5 27 2 6.332568e-08
6 27 2 1.309019e-07
7 27 2 1.476352e-07
8 27 2 1.111211e-07
9 27 2 5.742346e-08
10 27 2 2.156390e-08
11 27 2 1.142809e-08
12 27 2 7.069062e-09
1 28 2 1.385764e-09
2 28 2 1.261082e-09
3 28 2 2.120921e-09
4 28 2 5.765170e-09
5 28 2 1.646309e-08
6 28 2 3.524720e-08
7 28 2 4.202285e-08
8 28 2 3.166469e-08
9 28 2 1.628899e-08
10 28 2 6.343771e-09
11 28 2 3.166902e-09
12 28 2 1.974388e-09
1 29 2 1.856697e-09
2 29 2 1.756441e-09
3 29 2 2.798097e-09
4 29 2 8.413413e-09
5 29 2 2.515980e-08
6 29 2 6.192056e-08
7 29 2 8.435006e-08
8 29 2 6.275704e-08
9 29 2 2.882116e-08
10 29 2 1.068219e-08
11 29 2 5.049516e-09
12 29 2 3.152129e-09
1 30 2 4.208207e-10
2 30 2 3.680339e-10
3 30 2 5.849347e-10
4 30 2 1.790320e-09
5 30 2 4.959465e-09
6 30 2 1.348781e-08
7 30 2 1.954994e-08
8 30 2 1.497148e-08
9 30 2 6.774076e-09
10 30 2 2.651496e-09
11 30 2 1.223062e-09
12 30 2 7.324899e-10
1 31 2 7.523712e-10
2 31 2 5.797653e-10
3 31 2 8.807340e-10
4 31 2 2.451375e-09
5 31 2 6.330639e-09
6 31 2 1.666825e-08
7 31 2 2.350594e-08
8 31 2 1.897341e-08
9 31 2 9.491761e-09
10 31 2 4.346759e-09
11 31 2 2.086975e-09
12 31 2 1.162959e-09
1 32 2 8.891888e-10
2 32 2 7.360773e-10
3 32 2 1.028909e-09
4 32 2 2.286277e-09
5 32 2 6.106338e-09
6 32 2 1.446471e-08
7 32 2 1.866120e-08
8 32 2 1.541499e-08
9 32 2 8.607906e-09
10 32 2 4.437462e-09
11 32 2 2.293099e-09
12 32 2 1.189225e-09
1 35 2 6.272935e-08
2 35 2 5.977163e-08
3 35 2 6.492968e-08
4 35 2 8.652466e-08
5 35 2 1.356389e-07
6 35 2 2.071503e-07
7 35 2 2.492654e-07
8 35 2 2.288916e-07
9 35 2 1.555636e-07
10 35 2 1.124723e-07
11 35 2 8.519174e-08
12 35 2 6.921057e-08
1 36 2 7.514019e-09
2 36 2 7.054202e-09
3 36 2 7.818142e-09
4 36 2 9.390273e-09
5 36 2 1.284276e-08
6 36 2 1.852674e-08
7 36 2 2.181926e-08
8 36 2 2.222788e-08
9 36 2 1.696720e-08
10 36 2 1.329312e-08
11 36 2 1.017436e-08
12 36 2 8.430324e-09
1 37 2 1.735552e-07
2 37 2 1.679774e-07
3 37 2 2.116593e-07
4 37 2 2.721654e-07
5 37 2 4.114622e-07
6 37 2 6.240716e-07
7 37 2 7.258273e-07
8 37 2 7.135053e-07
9 37 2 5.250736e-07
10 37 2 3.937134e-07
11 37 2 2.774936e-07
12 37 2 2.125838e-07
1 38 2 8.965154e-07
2 38 2 8.957116e-07
3 38 2 1.364498e-06
4 38 2 2.023094e-06
5 38 2 3.693645e-06
6 38 2 6.554091e-06
7 38 2 7.769619e-06
8 38 2 6.738519e-06
9 38 2 4.352568e-06
10 38 2 2.974976e-06
11 38 2 1.699960e-06
12 38 2 1.226757e-06
1 39 2 9.632467e-07
2 39 2 1.003509e-06
3 39 2 1.625478e-06
4 39 2 2.509873e-06
5 39 2 4.869984e-06
6 39 2 9.414907e-06
7 39 2 1.169068e-05
8 39 2 9.464982e-06
9 39 2 5.965894e-06
10 39 2 3.767391e-06
11 39 2 1.906972e-06
12 39 2 1.391951e-06
1 40 2 2.387806e-07
2 40 2 2.619837e-07
3 40 2 4.672441e-07
4 40 2 7.857080e-07
5 40 2 1.717597e-06
6 40 2 3.899702e-06
7 40 2 4.879130e-06
8 40 2 3.579207e-06
9 40 2 2.204755e-06
10 40 2 1.187943e-06
11 40 2 5.088803e-07
12 40 2 3.790999e-07
1 41 2 1.270676e-07
2 41 2 1.358416e-07
3 41 2 2.722220e-07
4 41 2 4.848466e-07
5 41 2 1.216066e-06
6 41 2 3.085893e-06
7 41 2 3.989876e-06
8 41 2 2.798481e-06
9 41 2 1.563921e-06
10 41 2 6.778179e-07
11 41 2 2.603994e-07
12 41 2 2.170396e-07
1 42 2 6.882064e-08
2 42 2 7.198776e-08
3 42 2 1.552406e-07
4 42 2 3.062419e-07
5 42 2 8.705943e-07
6 42 2 2.414768e-06
7 42 2 3.380392e-06
8 42 2 2.257479e-06
9 42 2 1.069034e-06
10 42 2 3.825960e-07
11 42 2 1.426391e-07
12 42 2 1.170146e-07
1 43 2 1.932621e-09
2 43 2 2.003879e-09
3 43 2 4.728115e-09
4 43 2 1.153674e-08
5 43 2 3.861559e-08
6 43 2 1.138834e-07
7 43 2 1.664817e-07
8 43 2 1.045057e-07
9 43 2 4.273432e-08
10 43 2 1.312052e-08
11 43 2 4.474380e-09
12 43 2 3.135232e-09
1 44 2 7.969522e-09
2 44 2 8.007575e-09
3 44 2 1.741771e-08
4 44 2 4.708834e-08
5 44 2 1.759206e-07
6 44 2 5.543840e-07
7 44 2 8.102628e-07
8 44 2 4.885835e-07
9 44 2 1.761270e-07
10 44 2 5.218285e-08
11 44 2 1.712656e-08
12 44 2 1.157948e-08
1 45 2 1.830176e-08
2 45 2 2.051092e-08
3 45 2 3.737446e-08
4 45 2 1.102203e-07
5 45 2 4.615810e-07
6 45 2 1.531574e-06
7 45 2 2.142652e-06
8 45 2 1.304658e-06
9 45 2 4.486426e-07
10 45 2 1.145478e-07
11 45 2 3.320248e-08
12 45 2 2.169950e-08
1 46 2 8.304378e-09
2 46 2 1.044711e-08
3 46 2 1.642207e-08
4 46 2 4.560242e-08
5 46 2 1.790788e-07
6 46 2 5.554825e-07
7 46 2 7.770808e-07
8 46 2 4.869278e-07
9 46 2 1.829040e-07
10 46 2 4.433375e-08
11 46 2 1.218910e-08
12 46 2 8.692530e-09
1 47 2 1.091247e-08
2 47 2 1.388761e-08
3 47 2 1.956982e-08
4 47 2 4.384673e-08
5 47 2 1.494515e-07
6 47 2 4.117387e-07
7 47 2 5.584056e-07
8 47 2 3.786390e-07
9 47 2 1.604030e-07
10 47 2 4.947444e-08
11 47 2 1.459626e-08
12 47 2 1.109509e-08
1 48 2 1.476795e-08
2 48 2 1.696450e-08
3 48 2 2.333372e-08
4 48 2 4.556583e-08
5 48 2 1.413995e-07
6 48 2 3.252431e-07
7 48 2 4.322179e-07
8 48 2 3.040901e-07
9 48 2 1.447592e-07
10 48 2 5.397133e-08
11 48 2 1.942900e-08
12 48 2 1.288413e-08
1 49 2 4.289512e-10
2 49 2 3.903078e-10
3 49 2 4.427235e-10
4 49 2 5.181686e-10
5 49 2 7.410916e-10
6 49 2 1.127528e-09
7 49 2 1.681522e-09
8 49 2 1.581235e-09
9 49 2 1.102894e-09
10 49 2 7.892264e-10
11 49 2 5.761992e-10
12 49 2 4.203363e-10
1 50 2 1.747261e-09
2 50 2 1.508234e-09
3 50 2 1.767883e-09
4 50 2 2.015204e-09
5 50 2 2.836259e-09
6 50 2 4.162170e-09
7 50 2 5.744407e-09
8 50 2 5.524184e-09
9 50 2 4.000011e-09
10 50 2 2.851376e-09
11 50 2 2.134771e-09
12 50 2 1.680899e-09
1 51 2 6.890220e-10
2 51 2 6.288406e-10
3 51 2 6.833048e-10
4 51 2 7.887597e-10
5 51 2 1.075099e-09
6 51 2 1.507742e-09
7 51 2 1.964807e-09
8 51 2 1.948492e-09
9 51 2 1.618912e-09
10 51 2 1.138701e-09
11 51 2 8.534145e-10
12 51 2 7.151874e-10
1 52 2 1.059957e-06
2 52 2 1.114105e-06
3 52 2 1.399570e-06
4 52 2 2.040382e-06
5 52 2 3.450554e-06
6 52 2 4.748735e-06
7 52 2 6.091134e-06
8 52 2 5.697296e-06
9 52 2 4.599069e-06
10 52 2 2.627288e-06
11 52 2 1.581370e-06
12 52 2 1.219477e-06
1 53 2 4.675422e-07
2 53 2 5.865947e-07
3 53 2 9.938151e-07
4 53 2 2.169201e-06
5 53 2 4.130822e-06
6 53 2 6.168370e-06
7 53 2 8.562428e-06
8 53 2 7.296186e-06
9 53 2 4.938115e-06
10 53 2 2.177917e-06
11 53 2 9.714095e-07
12 53 2 6.154274e-07
1 54 2 1.484586e-07
2 54 2 1.925887e-07
3 54 2 3.601488e-07
4 54 2 8.949342e-07
5 54 2 1.762742e-06
6 54 2 3.404813e-06
7 54 2 4.836698e-06
8 54 2 4.055695e-06
9 54 2 2.459715e-06
10 54 2 1.046110e-06
11 54 2 4.484107e-07
12 54 2 2.473521e-07
1 55 2 1.900437e-07
2 55 2 2.119494e-07
3 55 2 3.953858e-07
4 55 2 9.258157e-07
5 55 2 1.837194e-06
6 55 2 3.923508e-06
7 55 2 5.453973e-06
8 55 2 4.703578e-06
9 55 2 2.982705e-06
10 55 2 1.430159e-06
11 55 2 6.691168e-07
12 55 2 3.831382e-07
1 56 2 8.051680e-07
2 56 2 8.355886e-07
3 56 2 1.447262e-06
4 56 2 3.227187e-06
5 56 2 7.054200e-06
6 56 2 1.390538e-05
7 56 2 1.922540e-05
8 56 2 1.595611e-05
9 56 2 1.042929e-05
10 56 2 5.373550e-06
11 56 2 2.422596e-06
12 56 2 1.389382e-06
1 57 2 1.656828e-07
2 57 2 1.580779e-07
3 57 2 1.944268e-07
4 57 2 2.951094e-07
5 57 2 4.937643e-07
6 57 2 8.034161e-07
7 57 2 1.144074e-06
8 57 2 1.031090e-06
9 57 2 7.671316e-07
10 57 2 4.927653e-07
11 57 2 3.013286e-07
12 57 2 2.165512e-07
1 60 2 1.040512e-05
2 60 2 1.007642e-05
3 60 2 1.155565e-05
4 60 2 1.370484e-05
5 60 2 1.689697e-05
6 60 2 2.223630e-05
7 60 2 2.588750e-05
8 60 2 2.589839e-05
9 60 2 2.197851e-05
10 60 2 1.794176e-05
11 60 2 1.434921e-05
12 60 2 1.189403e-05
1 61 2 3.325629e-05
2 61 2 3.345633e-05
3 61 2 4.705576e-05
4 61 2 7.087591e-05
5 61 2 1.033863e-04
6 61 2 1.456546e-04
7 61 2 1.723681e-04
8 61 2 1.658324e-04
9 61 2 1.288561e-04
10 61 2 8.764871e-05
11 61 2 5.717857e-05
12 61 2 4.010457e-05
1 62 2 1.026069e-05
2 62 2 1.123787e-05
3 62 2 1.769046e-05
4 62 2 3.202514e-05
5 62 2 5.493001e-05
6 62 2 7.792261e-05
7 62 2 9.528360e-05
8 62 2 8.894378e-05
9 62 2 6.197801e-05
10 62 2 3.695990e-05
11 62 2 2.007086e-05
12 62 2 1.306154e-05
1 63 2 1.336718e-05
2 63 2 1.622719e-05
3 63 2 2.715235e-05
4 63 2 5.710827e-05
5 63 2 1.096002e-04
6 63 2 1.629381e-04
7 63 2 2.083585e-04
8 63 2 1.813127e-04
9 63 2 1.107401e-04
10 63 2 6.047637e-05
11 63 2 2.793448e-05
12 63 2 1.828709e-05
1 64 2 3.522596e-06
2 64 2 4.512813e-06
3 64 2 8.593484e-06
4 64 2 2.035510e-05
5 64 2 4.359420e-05
6 64 2 6.982793e-05
7 64 2 8.850843e-05
8 64 2 6.919382e-05
9 64 2 3.961935e-05
10 64 2 1.751484e-05
11 64 2 8.003422e-06
12 64 2 5.477204e-06
1 65 2 1.191207e-06
2 65 2 1.477104e-06
3 65 2 3.236057e-06
4 65 2 9.125795e-06
5 65 2 1.913389e-05
6 65 2 3.251875e-05
7 65 2 4.214892e-05
8 65 2 3.145767e-05
9 65 2 1.784180e-05
10 65 2 6.331274e-06
11 65 2 2.787151e-06
12 65 2 2.019844e-06
1 66 2 7.892821e-07
2 66 2 9.757989e-07
3 66 2 2.319753e-06
4 66 2 7.610341e-06
5 66 2 1.582407e-05
6 66 2 2.721021e-05
7 66 2 3.752741e-05
8 66 2 2.837076e-05
9 66 2 1.604888e-05
10 66 2 5.317178e-06
11 66 2 2.037622e-06
12 66 2 1.263897e-06
1 67 2 2.673125e-07
2 67 2 3.564488e-07
3 67 2 9.064518e-07
4 67 2 3.348512e-06
5 67 2 7.597579e-06
6 67 2 1.295773e-05
7 67 2 1.811633e-05
8 67 2 1.394200e-05
9 67 2 7.625304e-06
10 67 2 2.804180e-06
11 67 2 8.867029e-07
12 67 2 3.991003e-07
1 68 2 6.490765e-08
2 68 2 8.715352e-08
3 68 2 2.588411e-07
4 68 2 1.189770e-06
5 68 2 3.242276e-06
6 68 2 6.213205e-06
7 68 2 8.908561e-06
8 68 2 6.625598e-06
9 68 2 3.179689e-06
10 68 2 1.168180e-06
11 68 2 2.663863e-07
12 68 2 9.269320e-08
1 69 2 3.909998e-08
2 69 2 5.543651e-08
3 69 2 1.325726e-07
4 69 2 5.813389e-07
5 69 2 1.864091e-06
6 69 2 4.411580e-06
7 69 2 6.462929e-06
8 69 2 4.975148e-06
9 69 2 2.137291e-06
10 69 2 6.949644e-07
11 69 2 1.346590e-07
12 69 2 5.064053e-08
1 70 2 1.641621e-07
2 70 2 1.918740e-07
3 70 2 2.749499e-07
4 70 2 7.173303e-07
5 70 2 1.798836e-06
6 70 2 4.368086e-06
7 70 2 7.070546e-06
8 70 2 6.444124e-06
9 70 2 3.327314e-06
10 70 2 1.186018e-06
11 70 2 3.607159e-07
12 70 2 2.030569e-07
1 71 2 1.384632e-07
2 71 2 1.405077e-07
3 71 2 1.589952e-07
4 71 2 2.551392e-07
5 71 2 4.941098e-07
6 71 2 1.030760e-06
7 71 2 1.581893e-06
8 71 2 1.572798e-06
9 71 2 1.009092e-06
10 71 2 4.806171e-07
11 71 2 2.296030e-07
12 71 2 1.594671e-07
1 72 2 5.820632e-10
2 72 2 5.559210e-10
3 72 2 6.022827e-10
4 72 2 7.679162e-10
5 72 2 1.194821e-09
6 72 2 2.079029e-09
7 72 2 3.220177e-09
8 72 2 3.097055e-09
9 72 2 2.166803e-09
10 72 2 1.313827e-09
11 72 2 8.094985e-10
12 72 2 5.780882e-10
1 76 2 6.113682e-07
2 76 2 5.593390e-07
3 76 2 5.649685e-07
4 76 2 6.145512e-07
5 76 2 8.354927e-07
6 76 2 1.191359e-06
7 76 2 1.597547e-06
8 76 2 1.704875e-06
9 76 2 1.624415e-06
10 76 2 1.084784e-06
11 76 2 7.002739e-07
12 76 2 6.124504e-07
1 77 2 6.240478e-07
2 77 2 8.103210e-07
3 77 2 1.061472e-06
4 77 2 1.715572e-06
5 77 2 2.880515e-06
6 77 2 4.447215e-06
7 77 2 6.042565e-06
8 77 2 5.735374e-06
9 77 2 4.248521e-06
10 77 2 2.146403e-06
11 77 2 9.418481e-07
12 77 2 5.936422e-07
1 78 2 6.816378e-07
2 78 2 9.313620e-07
3 78 2 1.296977e-06
4 78 2 2.326265e-06
5 78 2 3.637607e-06
6 78 2 5.775259e-06
7 78 2 7.128917e-06
8 78 2 6.675366e-06
9 78 2 4.328234e-06
10 78 2 2.295347e-06
11 78 2 1.239537e-06
12 78 2 7.156267e-07
1 79 2 3.779217e-06
2 79 2 4.637162e-06
3 79 2 6.808691e-06
4 79 2 1.129334e-05
5 79 2 1.715772e-05
6 79 2 2.803007e-05
7 79 2 3.434734e-05
8 79 2 3.253802e-05
9 79 2 2.246769e-05
10 79 2 1.356252e-05
11 79 2 7.727224e-06
12 79 2 4.733555e-06
1 80 2 1.234721e-06
2 80 2 1.237132e-06
3 80 2 1.554534e-06
4 80 2 2.101908e-06
5 80 2 3.134809e-06
6 80 2 4.769499e-06
7 80 2 6.141454e-06
8 80 2 6.079937e-06
9 80 2 5.046237e-06
10 80 2 3.537939e-06
11 80 2 2.063893e-06
12 80 2 1.525560e-06
1 81 2 2.513676e-12
2 81 2 2.277996e-12
3 81 2 2.399348e-12
4 81 2 2.845039e-12
5 81 2 4.096831e-12
6 81 2 5.520361e-12
7 81 2 7.365972e-12
8 81 2 7.903524e-12
9 81 2 7.186770e-12
10 81 2 5.514360e-12
11 81 2 3.645202e-12
12 81 2 2.984313e-12
1 84 2 4.233151e-06
2 84 2 4.475506e-06
3 84 2 5.535305e-06
4 84 2 6.994896e-06
5 84 2 9.378044e-06
6 84 2 1.536661e-05
7 84 2 2.058085e-05
8 84 2 1.972157e-05
9 84 2 1.479802e-05
10 84 2 9.339033e-06
11 84 2 6.273747e-06
12 84 2 4.792465e-06
1 85 2 6.970436e-06
2 85 2 7.849261e-06
3 85 2 1.020530e-05
4 85 2 1.482736e-05
5 85 2 2.373537e-05
6 85 2 3.625949e-05
7 85 2 5.016838e-05
8 85 2 4.772561e-05
9 85 2 3.436568e-05
10 85 2 1.895631e-05
11 85 2 1.069056e-05
12 85 2 7.757081e-06
1 86 2 2.139851e-06
2 86 2 2.422759e-06
3 86 2 3.096107e-06
4 86 2 4.497173e-06
5 86 2 7.227846e-06
6 86 2 1.048745e-05
7 86 2 1.440696e-05
8 86 2 1.445409e-05
9 86 2 1.069878e-05
10 86 2 6.204105e-06
11 86 2 3.417527e-06
12 86 2 2.442483e-06
1 87 2 2.530004e-06
2 87 2 3.422805e-06
3 87 2 4.887138e-06
4 87 2 7.725451e-06
5 87 2 1.355328e-05
6 87 2 2.037229e-05
7 87 2 2.761853e-05
8 87 2 2.814235e-05
9 87 2 2.040334e-05
10 87 2 1.148762e-05
11 87 2 5.047357e-06
12 87 2 3.068026e-06
1 88 2 1.023929e-06
2 88 2 1.454061e-06
3 88 2 2.280183e-06
4 88 2 4.326403e-06
5 88 2 8.879054e-06
6 88 2 1.395544e-05
7 88 2 1.787187e-05
8 88 2 1.567503e-05
9 88 2 1.012921e-05
10 88 2 4.786876e-06
11 88 2 2.454083e-06
12 88 2 1.363153e-06
1 89 2 1.027294e-06
2 89 2 1.429346e-06
3 89 2 2.712854e-06
4 89 2 5.102416e-06
5 89 2 1.018246e-05
6 89 2 1.521141e-05
7 89 2 1.774509e-05
8 89 2 1.554047e-05
9 89 2 1.014179e-05
10 89 2 4.826179e-06
11 89 2 2.655605e-06
12 89 2 1.469889e-06
1 90 2 3.385182e-07
2 90 2 4.461558e-07
3 90 2 8.853483e-07
4 90 2 1.589012e-06
5 90 2 2.439835e-06
6 90 2 3.229531e-06
7 90 2 3.626962e-06
8 90 2 3.355945e-06
9 90 2 2.445669e-06
10 90 2 1.458737e-06
11 90 2 8.042797e-07
12 90 2 4.578587e-07
1 91 2 3.119153e-09
2 91 2 4.413465e-09
3 91 2 9.220704e-09
4 91 2 1.742423e-08
5 91 2 2.571545e-08
6 91 2 3.268673e-08
7 91 2 3.670244e-08
8 91 2 3.365966e-08
9 91 2 2.420199e-08
10 91 2 1.498109e-08
11 91 2 7.764390e-09
12 91 2 3.985900e-09
1 92 2 1.673435e-08
2 92 2 2.390400e-08
3 92 2 5.992130e-08
4 92 2 1.429583e-07
5 92 2 2.695986e-07
6 92 2 4.131200e-07
7 92 2 4.958949e-07
8 92 2 4.513439e-07
9 92 2 2.823651e-07
10 92 2 1.500680e-07
11 92 2 5.885677e-08
12 92 2 2.526576e-08
1 93 2 1.738615e-06
2 93 2 2.097795e-06
3 93 2 4.313177e-06
4 93 2 1.005234e-05
5 93 2 1.793281e-05
6 93 2 2.845811e-05
7 93 2 3.817506e-05
8 93 2 3.752934e-05
9 93 2 2.524242e-05
10 93 2 1.453657e-05
11 93 2 6.225349e-06
12 93 2 2.592983e-06
1 94 2 2.190509e-06
2 94 2 2.179466e-06
3 94 2 2.910114e-06
4 94 2 5.157259e-06
5 94 2 8.803126e-06
6 94 2 1.386160e-05
7 94 2 1.914975e-05
8 94 2 2.086898e-05
9 94 2 1.719010e-05
10 94 2 1.037591e-05
11 94 2 5.569009e-06
12 94 2 3.042773e-06
1 98 2 7.727824e-08
2 98 2 7.193579e-08
3 98 2 6.773869e-08
4 98 2 7.212220e-08
5 98 2 8.185374e-08
6 98 2 9.366489e-08
7 98 2 1.053538e-07
8 98 2 1.110377e-07
9 98 2 1.095694e-07
10 98 2 1.035723e-07
11 98 2 9.316258e-08
12 98 2 8.477894e-08
1 101 2 3.046511e-07
2 101 2 3.130394e-07
3 101 2 3.207843e-07
4 101 2 3.955757e-07
5 101 2 5.087181e-07
6 101 2 5.939814e-07
7 101 2 6.340412e-07
8 101 2 6.353315e-07
9 101 2 6.107865e-07
10 101 2 5.236868e-07
11 101 2 4.027008e-07
12 101 2 3.229948e-07
1 102 2 1.952858e-06
2 102 2 2.207437e-06
3 102 2 2.712981e-06
4 102 2 3.393394e-06
5 102 2 3.926960e-06
6 102 2 4.286981e-06
7 102 2 4.407700e-06
8 102 2 4.463395e-06
9 102 2 4.022765e-06
10 102 2 3.099142e-06
11 102 2 2.487450e-06
12 102 2 2.038774e-06
1 103 2 1.091421e-06
2 103 2 1.113805e-06
3 103 2 1.213907e-06
4 103 2 1.371669e-06
5 103 2 1.597418e-06
6 103 2 1.828041e-06
7 103 2 1.977708e-06
8 103 2 2.075560e-06
9 103 2 2.035695e-06
10 103 2 1.779021e-06
11 103 2 1.463524e-06
12 103 2 1.216872e-06
1 104 2 5.115299e-07
2 104 2 4.908511e-07
3 104 2 4.961845e-07
4 104 2 5.439948e-07
5 104 2 6.360993e-07
6 104 2 7.299546e-07
7 104 2 8.192468e-07
8 104 2 8.849862e-07
9 104 2 8.921097e-07
10 104 2 8.334070e-07
11 104 2 6.855524e-07
12 104 2 5.676366e-07
1 107 2 1.866724e-07
2 107 2 1.969360e-07
3 107 2 2.299298e-07
4 107 2 2.634742e-07
5 107 2 2.954697e-07
6 107 2 3.782722e-07
7 107 2 4.134676e-07
8 107 2 4.117946e-07
9 107 2 3.855014e-07
10 107 2 3.297394e-07
11 107 2 2.621308e-07
12 107 2 2.049961e-07
1 108 2 2.478570e-08
2 108 2 3.167616e-08
3 108 2 4.601301e-08
4 108 2 7.126410e-08
5 108 2 1.106209e-07
6 108 2 1.518307e-07
7 108 2 1.625302e-07
8 108 2 1.436424e-07
9 108 2 1.162294e-07
10 108 2 8.019024e-08
11 108 2 4.177097e-08
12 108 2 2.659130e-08
1 109 2 4.703429e-08
2 109 2 6.212544e-08
3 109 2 9.716820e-08
4 109 2 1.686271e-07
5 109 2 2.873041e-07
6 109 2 3.621614e-07
7 109 2 3.679887e-07
8 109 2 3.382849e-07
9 109 2 2.716525e-07
10 109 2 1.906088e-07
11 109 2 8.477806e-08
12 109 2 4.952420e-08
1 110 2 2.072204e-08
2 110 2 2.639591e-08
3 110 2 4.239318e-08
4 110 2 6.562299e-08
5 110 2 1.017786e-07
6 110 2 1.178645e-07
7 110 2 1.267157e-07
8 110 2 1.253209e-07
9 110 2 1.055173e-07
10 110 2 7.692876e-08
11 110 2 3.721081e-08
12 110 2 2.190269e-08
1 111 2 7.113569e-07
2 111 2 8.897001e-07
3 111 2 1.440405e-06
4 111 2 2.183054e-06
5 111 2 3.299367e-06
6 111 2 4.231368e-06
7 111 2 4.472872e-06
8 111 2 4.430208e-06
9 111 2 3.772709e-06
10 111 2 2.455851e-06
11 111 2 1.322949e-06
12 111 2 8.080816e-07
1 112 2 8.189005e-07
2 112 2 1.055872e-06
3 112 2 1.852300e-06
4 112 2 3.080267e-06
5 112 2 4.684066e-06
6 112 2 5.708087e-06
7 112 2 5.813533e-06
8 112 2 5.418814e-06
9 112 2 4.136668e-06
10 112 2 2.746224e-06
11 112 2 1.576046e-06
12 112 2 9.687794e-07
1 113 2 4.698889e-07
2 113 2 5.953055e-07
3 113 2 1.000117e-06
4 113 2 1.495583e-06
5 113 2 1.840459e-06
6 113 2 1.606993e-06
7 113 2 1.378895e-06
8 113 2 1.316957e-06
9 113 2 1.302532e-06
10 113 2 1.189336e-06
11 113 2 8.318663e-07
12 113 2 5.618507e-07
1 114 2 1.280538e-06
2 114 2 1.736474e-06
3 114 2 3.093825e-06
4 114 2 4.509821e-06
5 114 2 5.203007e-06
6 114 2 3.808894e-06
7 114 2 3.145889e-06
8 114 2 2.883588e-06
9 114 2 2.782765e-06
10 114 2 2.490626e-06
11 114 2 1.898658e-06
12 114 2 1.406406e-06
1 115 2 4.380474e-07
2 115 2 6.373197e-07
3 115 2 1.010255e-06
4 115 2 1.252300e-06
5 115 2 1.118363e-06
6 115 2 1.038363e-06
7 115 2 1.001482e-06
8 115 2 9.608514e-07
9 115 2 8.836966e-07
10 115 2 7.897182e-07
11 115 2 5.999036e-07
12 115 2 4.303858e-07
1 116 2 3.166474e-07
2 116 2 4.053474e-07
3 116 2 6.198728e-07
4 116 2 8.774073e-07
5 116 2 1.020480e-06
6 116 2 1.162068e-06
7 116 2 1.218292e-06
8 116 2 1.166176e-06
9 116 2 9.447325e-07
10 116 2 7.552925e-07
11 116 2 5.487053e-07
12 116 2 3.614635e-07
1 117 2 1.035614e-07
2 117 2 1.081440e-07
3 117 2 1.365759e-07
4 117 2 1.869548e-07
5 117 2 2.380718e-07
6 117 2 2.820624e-07
7 117 2 3.002849e-07
8 117 2 2.998911e-07
9 117 2 2.736324e-07
10 117 2 2.342459e-07
11 117 2 1.890978e-07
12 117 2 1.366019e-07
1 126 2 5.628607e-09
2 126 2 5.850361e-09
3 126 2 6.340992e-09
4 126 2 6.695701e-09
5 126 2 6.615414e-09
6 126 2 6.148286e-09
7 126 2 5.926591e-09
8 126 2 5.984493e-09
9 126 2 5.952812e-09
10 126 2 5.849590e-09
11 126 2 5.715775e-09
12 126 2 5.629234e-09
1 127 2 5.661344e-07
2 127 2 5.757703e-07
3 127 2 6.077132e-07
4 127 2 6.309354e-07
5 127 2 6.395311e-07
6 127 2 6.194668e-07
7 127 2 6.196378e-07
8 127 2 6.338575e-07
9 127 2 6.271005e-07
10 127 2 6.019677e-07
11 127 2 5.833813e-07
12 127 2 5.761601e-07
1 128 2 2.565046e-06
2 128 2 2.634279e-06
3 128 2 2.704255e-06
4 128 2 2.639813e-06
5 128 2 2.567887e-06
6 128 2 2.490750e-06
7 128 2 2.654680e-06
8 128 2 3.018382e-06
9 128 2 3.173801e-06
10 128 2 2.997805e-06
11 128 2 2.726066e-06
12 128 2 2.568496e-06
1 129 2 7.309299e-08
2 129 2 7.208941e-08
3 129 2 7.390758e-08
4 129 2 7.605091e-08
5 129 2 7.722436e-08
6 129 2 7.931347e-08
7 129 2 8.287474e-08
8 129 2 9.033332e-08
9 129 2 9.437930e-08
10 129 2 9.479509e-08
11 129 2 8.655116e-08
12 129 2 7.689016e-08
1 133 2 1.570212e-06
2 133 2 1.825604e-06
3 133 2 2.191539e-06
4 133 2 2.250131e-06
5 133 2 2.146395e-06
6 133 2 1.972827e-06
7 133 2 1.760766e-06
8 133 2 1.648758e-06
9 133 2 1.719287e-06
10 133 2 1.831107e-06
11 133 2 1.746905e-06
12 133 2 1.528543e-06
1 135 2 6.790227e-08
2 135 2 7.650209e-08
3 135 2 9.097847e-08
4 135 2 9.797958e-08
5 135 2 9.414899e-08
6 135 2 8.399053e-08
7 135 2 7.255950e-08
8 135 2 7.328565e-08
9 135 2 7.787439e-08
10 135 2 7.323633e-08
11 135 2 7.019638e-08
12 135 2 6.593990e-08
1 136 2 7.596734e-08
2 136 2 7.818577e-08
3 136 2 9.669129e-08
4 136 2 1.175472e-07
5 136 2 1.287194e-07
6 136 2 1.174412e-07
7 136 2 1.039218e-07
8 136 2 1.036834e-07
9 136 2 1.042193e-07
10 136 2 9.803889e-08
11 136 2 9.269527e-08
12 136 2 8.231455e-08
1 137 2 1.849752e-08
2 137 2 1.940581e-08
3 137 2 2.224916e-08
4 137 2 2.444856e-08
5 137 2 2.413221e-08
6 137 2 2.220406e-08
7 137 2 2.054112e-08
8 137 2 1.982012e-08
9 137 2 1.983258e-08
10 137 2 2.066097e-08
11 137 2 2.042725e-08
12 137 2 1.926107e-08
1 138 2 7.388162e-07
2 138 2 8.124462e-07
3 138 2 9.425576e-07
4 138 2 1.049008e-06
5 138 2 1.058385e-06
6 138 2 9.302138e-07
7 138 2 8.617540e-07
8 138 2 8.310549e-07
9 138 2 8.333224e-07
10 138 2 8.381782e-07
11 138 2 8.130488e-07
12 138 2 7.540347e-07
1 139 2 1.246278e-06
2 139 2 1.419280e-06
3 139 2 1.585906e-06
4 139 2 1.664521e-06
5 139 2 1.641064e-06
6 139 2 1.528276e-06
7 139 2 1.445981e-06
8 139 2 1.391995e-06
9 139 2 1.373953e-06
10 139 2 1.384619e-06
11 139 2 1.317571e-06
12 139 2 1.206060e-06
1 140 2 4.130607e-07
2 140 2 4.271201e-07
3 140 2 4.638856e-07
4 140 2 5.255748e-07
5 140 2 5.580852e-07
6 140 2 5.360418e-07
7 140 2 5.075445e-07
8 140 2 4.895224e-07
9 140 2 4.823859e-07
10 140 2 4.850520e-07
11 140 2 4.748074e-07
12 140 2 4.426654e-07
1 141 2 6.480198e-07
2 141 2 6.413148e-07
3 141 2 6.596837e-07
4 141 2 7.239974e-07
5 141 2 7.812892e-07
6 141 2 7.725674e-07
7 141 2 7.516762e-07
8 141 2 7.288974e-07
9 141 2 7.227200e-07
10 141 2 7.244191e-07
11 141 2 7.316497e-07
12 141 2 7.103747e-07
1 150 2 7.487412e-10
2 150 2 8.196149e-10
3 150 2 8.773046e-10
4 150 2 8.971157e-10
5 150 2 8.394268e-10
6 150 2 7.403367e-10
7 150 2 6.753936e-10
8 150 2 6.590843e-10
9 150 2 6.377763e-10
10 150 2 6.232658e-10
11 150 2 6.353836e-10
12 150 2 6.760299e-10
1 151 2 4.860574e-07
2 151 2 5.169787e-07
3 151 2 5.481507e-07
4 151 2 5.610759e-07
5 151 2 5.428799e-07
6 151 2 5.110181e-07
7 151 2 4.997268e-07
8 151 2 5.190203e-07
9 151 2 4.941534e-07
10 151 2 4.637119e-07
11 151 2 4.501146e-07
12 151 2 4.613438e-07
1 152 2 3.853587e-07
2 152 2 3.903401e-07
3 152 2 3.939536e-07
4 152 2 3.743577e-07
5 152 2 3.598580e-07
6 152 2 3.534311e-07
7 152 2 4.040662e-07
8 152 2 5.387737e-07
9 152 2 5.719672e-07
10 152 2 4.874930e-07
11 152 2 4.180454e-07
12 152 2 3.866062e-07
1 153 2 4.465898e-07
2 153 2 4.574226e-07
3 153 2 4.826123e-07
4 153 2 4.733790e-07
5 153 2 4.571429e-07
6 153 2 4.488227e-07
7 153 2 5.239186e-07
8 153 2 6.846673e-07
9 153 2 8.327463e-07
10 153 2 7.443041e-07
11 153 2 5.630279e-07
12 153 2 4.697706e-07
1 154 2 1.215676e-06
2 154 2 1.209080e-06
3 154 2 1.258203e-06
4 154 2 1.205592e-06
5 154 2 1.127338e-06
6 154 2 1.014054e-06
7 154 2 9.575330e-07
8 154 2 9.974926e-07
9 154 2 1.124660e-06
10 154 2 1.263917e-06
11 154 2 1.332027e-06
12 154 2 1.288007e-06
1 157 2 4.842855e-08
2 157 2 5.028821e-08
3 157 2 5.384074e-08
4 157 2 5.308227e-08
5 157 2 5.173996e-08
6 157 2 4.864445e-08
7 157 2 4.641374e-08
8 157 2 4.594590e-08
9 157 2 4.561381e-08
10 157 2 4.640915e-08
11 157 2 4.674186e-08
12 157 2 4.735186e-08
1 163 2 2.253280e-07
2 163 2 2.283470e-07
3 163 2 2.351232e-07
4 163 2 2.492321e-07
5 163 2 2.494754e-07
6 163 2 2.306498e-07
7 163 2 2.132350e-07
8 163 2 2.002318e-07
9 163 2 2.030991e-07
10 163 2 2.148710e-07
11 163 2 2.232706e-07
12 163 2 2.250200e-07
1 164 2 8.528378e-07
2 164 2 8.455458e-07
3 164 2 8.690830e-07
4 164 2 9.096268e-07
5 164 2 8.989268e-07
6 164 2 8.314379e-07
7 164 2 7.695692e-07
8 164 2 7.517274e-07
9 164 2 8.049468e-07
10 164 2 8.818548e-07
11 164 2 8.996642e-07
12 164 2 8.846828e-07
1 165 2 3.722939e-07
2 165 2 3.648743e-07
3 165 2 3.694614e-07
4 165 2 3.776334e-07
5 165 2 3.734884e-07
6 165 2 3.436623e-07
7 165 2 3.240265e-07
8 165 2 3.279736e-07
9 165 2 3.495845e-07
10 165 2 3.737815e-07
11 165 2 3.932026e-07
12 165 2 3.936658e-07
1 166 2 1.624955e-07
2 166 2 1.608733e-07
3 166 2 1.582154e-07
4 166 2 1.574731e-07
5 166 2 1.523169e-07
6 166 2 1.408678e-07
7 166 2 1.330218e-07
8 166 2 1.340142e-07
9 166 2 1.390299e-07
10 166 2 1.462492e-07
11 166 2 1.576781e-07
12 166 2 1.656228e-07
1 170 2 7.486285e-09
2 170 2 8.233431e-09
3 170 2 8.089300e-09
4 170 2 7.352742e-09
5 170 2 6.127030e-09
6 170 2 5.151762e-09
7 170 2 4.872761e-09
8 170 2 4.651918e-09
9 170 2 4.730158e-09
10 170 2 5.266998e-09
11 170 2 5.811152e-09
12 170 2 6.691901e-09
1 171 2 2.681066e-08
2 171 2 2.943040e-08
3 171 2 2.978669e-08
4 171 2 2.650073e-08
5 171 2 2.204563e-08
6 171 2 1.889206e-08
7 171 2 1.715196e-08
8 171 2 1.625202e-08
9 171 2 1.648882e-08
10 171 2 1.793523e-08
11 171 2 2.047021e-08
12 171 2 2.418358e-08
1 175 2 7.711119e-10
2 175 2 8.152449e-10
3 175 2 8.175834e-10
4 175 2 7.657641e-10
5 175 2 6.653285e-10
6 175 2 6.062828e-10
7 175 2 5.937030e-10
8 175 2 5.886904e-10
9 175 2 5.475462e-10
10 175 2 5.534917e-10
11 175 2 5.786705e-10
12 175 2 6.750224e-10
1 176 2 1.445243e-06
2 176 2 1.456079e-06
3 176 2 1.425497e-06
4 176 2 1.259023e-06
5 176 2 1.018494e-06
6 176 2 9.229462e-07
7 176 2 9.212630e-07
8 176 2 1.051039e-06
9 176 2 1.144690e-06
10 176 2 1.221663e-06
11 176 2 1.304034e-06
12 176 2 1.385204e-06
1 177 2 2.724217e-06
2 177 2 2.647195e-06
3 177 2 2.499446e-06
4 177 2 2.185599e-06
5 177 2 1.787224e-06
6 177 2 1.526138e-06
7 177 2 1.587924e-06
8 177 2 1.902625e-06
9 177 2 2.391302e-06
10 177 2 2.486862e-06
11 177 2 2.537304e-06
12 177 2 2.542488e-06
1 178 2 8.908226e-07
2 178 2 8.804112e-07
3 178 2 8.439385e-07
4 178 2 7.073561e-07
5 178 2 6.158982e-07
6 178 2 5.205711e-07
7 178 2 4.958110e-07
8 178 2 4.994601e-07
9 178 2 5.696216e-07
10 178 2 6.128966e-07
11 178 2 6.922319e-07
12 178 2 7.685229e-07
1 181 2 1.088046e-08
2 181 2 1.149217e-08
3 181 2 1.165042e-08
4 181 2 1.113937e-08
5 181 2 9.186504e-09
6 181 2 7.943540e-09
7 181 2 7.023725e-09
8 181 2 7.188210e-09
9 181 2 7.787696e-09
10 181 2 8.432621e-09
11 181 2 9.550054e-09
12 181 2 1.016804e-08
1 182 2 1.299398e-06
2 182 2 1.201045e-06
3 182 2 1.132531e-06
4 182 2 9.460459e-07
5 182 2 7.408382e-07
6 182 2 5.541026e-07
7 182 2 5.493915e-07
8 182 2 7.634476e-07
9 182 2 1.059366e-06
10 182 2 1.299274e-06
11 182 2 1.435965e-06
12 182 2 1.378315e-06
1 183 2 2.763775e-07
2 183 2 2.655068e-07
3 183 2 2.534761e-07
4 183 2 2.298336e-07
5 183 2 1.933780e-07
6 183 2 1.569492e-07
7 183 2 1.460247e-07
8 183 2 1.733988e-07
9 183 2 2.016155e-07
10 183 2 2.385110e-07
11 183 2 2.596660e-07
12 183 2 2.670832e-07
1 184 2 8.615457e-08
2 184 2 8.729679e-08
3 184 2 8.454557e-08
4 184 2 7.608554e-08
5 184 2 6.325349e-08
6 184 2 5.112075e-08
7 184 2 4.609806e-08
8 184 2 4.814492e-08
9 184 2 5.100149e-08
10 184 2 5.856879e-08
11 184 2 6.852942e-08
12 184 2 7.810838e-08
1 188 2 1.430490e-08
2 188 2 1.418018e-08
3 188 2 1.314376e-08
4 188 2 1.073277e-08
5 188 2 7.585495e-09
6 188 2 5.769796e-09
7 188 2 4.964862e-09
8 188 2 5.050392e-09
9 188 2 6.840728e-09
10 188 2 8.989681e-09
11 188 2 1.070582e-08
12 188 2 1.335303e-08
1 189 2 1.247689e-08
2 189 2 1.153116e-08
3 189 2 1.045979e-08
4 189 2 7.731340e-09
5 189 2 5.118839e-09
6 189 2 3.619851e-09
7 189 2 3.441704e-09
8 189 2 4.227552e-09
9 189 2 6.800757e-09
10 189 2 9.683282e-09
11 189 2 1.177810e-08
12 189 2 1.230806e-08
1 190 2 5.106925e-08
2 190 2 4.838905e-08
3 190 2 4.200180e-08
4 190 2 2.974900e-08
5 190 2 2.075587e-08
6 190 2 1.505720e-08
7 190 2 1.414793e-08
8 190 2 1.705529e-08
9 190 2 2.395606e-08
10 190 2 3.265790e-08
11 190 2 4.279227e-08
12 190 2 4.801214e-08
1 191 2 3.930560e-08
2 191 2 4.073099e-08
3 191 2 3.959072e-08
4 191 2 3.270638e-08
5 191 2 2.689506e-08
6 191 2 2.209383e-08
7 191 2 1.942419e-08
8 191 2 1.972696e-08
9 191 2 2.152251e-08
10 191 2 2.415681e-08
11 191 2 2.971034e-08
12 191 2 3.495394e-08
1 192 2 5.152754e-08
2 192 2 5.568694e-08
3 192 2 5.425628e-08
4 192 2 4.697781e-08
5 192 2 3.970333e-08
6 192 2 3.380580e-08
7 192 2 2.970857e-08
8 192 2 2.760623e-08
9 192 2 2.842466e-08
10 192 2 3.121353e-08
11 192 2 3.726089e-08
12 192 2 4.474218e-08
1 200 2 7.042100e-06
2 200 2 7.244569e-06
3 200 2 5.924468e-06
4 200 2 3.916496e-06
5 200 2 2.563543e-06
6 200 2 2.087769e-06
7 200 2 1.983489e-06
8 200 2 2.139024e-06
9 200 2 2.369348e-06
10 200 2 3.029326e-06
11 200 2 4.209696e-06
12 200 2 5.800104e-06
1 201 2 4.313512e-06
2 201 2 4.450651e-06
3 201 2 4.074307e-06
4 201 2 3.136110e-06
5 201 2 2.363359e-06
6 201 2 1.955272e-06
7 201 2 1.847841e-06
8 201 2 1.911424e-06
9 201 2 1.891738e-06
10 201 2 2.250923e-06
11 201 2 2.869322e-06
12 201 2 3.573651e-06
1 206 2 8.638755e-07
2 206 2 9.330980e-07
3 206 2 8.442041e-07
4 206 2 7.203978e-07
5 206 2 5.957652e-07
6 206 2 5.194570e-07
7 206 2 4.455356e-07
8 206 2 4.374596e-07
9 206 2 4.735454e-07
10 206 2 5.360267e-07
11 206 2 6.283469e-07
12 206 2 7.402578e-07
1 207 2 3.272899e-08
2 207 2 3.573595e-08
3 207 2 3.389121e-08
4 207 2 3.073089e-08
5 207 2 2.725377e-08
6 207 2 2.337543e-08
7 207 2 2.060335e-08
8 207 2 2.028905e-08
9 207 2 2.047035e-08
10 207 2 2.254736e-08
11 207 2 2.429937e-08
12 207 2 2.779697e-08
1 212 2 2.012439e-08
2 212 2 2.148155e-08
3 212 2 1.906697e-08
4 212 2 1.602943e-08
5 212 2 1.249367e-08
6 212 2 1.008343e-08
7 212 2 8.369818e-09
8 212 2 8.089352e-09
9 212 2 9.187293e-09
10 212 2 1.084057e-08
11 212 2 1.285881e-08
12 212 2 1.700180e-08
1 213 2 4.385078e-09
2 213 2 4.792561e-09
3 213 2 4.061507e-09
4 213 2 3.436905e-09
5 213 2 2.652031e-09
6 213 2 2.044343e-09
7 213 2 1.735048e-09
8 213 2 1.693827e-09
9 213 2 2.040287e-09
10 213 2 2.514418e-09
11 213 2 3.087673e-09
12 213 2 3.778440e-09
1 214 2 1.558706e-07
2 214 2 1.652424e-07
3 214 2 1.327620e-07
4 214 2 9.860698e-08
5 214 2 7.288865e-08
6 214 2 5.371560e-08
7 214 2 4.651852e-08
8 214 2 4.795708e-08
9 214 2 6.053558e-08
10 214 2 8.115754e-08
11 214 2 1.110972e-07
12 214 2 1.347416e-07
1 215 2 5.772967e-08
2 215 2 5.938266e-08
3 215 2 5.536524e-08
4 215 2 4.412376e-08
5 215 2 3.583975e-08
6 215 2 2.879649e-08
7 215 2 2.488415e-08
8 215 2 2.494534e-08
9 215 2 2.805271e-08
10 215 2 3.337371e-08
11 215 2 4.202210e-08
12 215 2 5.076502e-08
1 216 2 1.711290e-07
2 216 2 1.786712e-07
3 216 2 1.675496e-07
4 216 2 1.362081e-07
5 216 2 1.090676e-07
6 216 2 9.382736e-08
7 216 2 8.244979e-08
8 216 2 7.883729e-08
9 216 2 8.180767e-08
10 216 2 9.298209e-08
11 216 2 1.118417e-07
12 216 2 1.437368e-07
1 224 2 2.059316e-07
2 224 2 2.251320e-07
3 224 2 1.964551e-07
4 224 2 1.691773e-07
5 224 2 1.366139e-07
6 224 2 1.160953e-07
7 224 2 1.054715e-07
8 224 2 1.101637e-07
9 224 2 1.132908e-07
10 224 2 1.336211e-07
11 224 2 1.595700e-07
12 224 2 1.903796e-07
1 240 2 1.057886e-08
2 240 2 1.079037e-08
3 240 2 9.867534e-09
4 240 2 8.714579e-09
5 240 2 7.574091e-09
6 240 2 6.532917e-09
7 240 2 6.400393e-09
8 240 2 6.598434e-09
9 240 2 6.423179e-09
10 240 2 6.917093e-09
11 240 2 7.600186e-09
12 240 2 9.419108e-09
