1 7 2 1.203806e-11
2 7 2 1.028398e-11
3 7 2 1.124703e-11
4 7 2 2.906896e-11
5 7 2 1.000180e-10
6 7 2 2.693861e-10
7 7 2 3.644874e-10
8 7 2 2.485109e-10
9 7 2 1.074726e-10
10 7 2 4.711570e-11
11 7 2 2.496254e-11
12 7 2 1.472627e-11
1 25 2 6.870563e-09
2 25 2 6.523572e-09
3 25 2 9.190635e-09
4 25 2 1.677087e-08
5 25 2 4.691681e-08
6 25 2 8.507766e-08
7 25 2 1.031390e-07
8 25 2 7.908942e-08
9 25 2 4.468971e-08
10 25 2 2.091316e-08
11 25 2 9.971639e-09
12 25 2 5.774544e-09
1 26 2 6.851732e-10
2 26 2 5.639040e-10
3 26 2 9.324614e-10
4 26 2 2.081330e-09
5 26 2 5.862787e-09
6 26 2 1.119776e-08
7 26 2 1.214954e-08
8 26 2 9.090321e-09
9 26 2 4.971927e-09
10 26 2 2.001395e-09
11 26 2 1.045647e-09
12 26 2 6.464706e-10
1 27 2 4.908233e-09
2 27 2 4.333529e-09
3 27 2 7.596654e-09
4 27 2 1.934774e-08
5 27 2 5.448469e-08
6 27 2 1.126265e-07
7 27 2 1.270236e-07
8 27 2 9.560733e-08
9 27 2 4.940649e-08
10 27 2 1.855333e-08
11 27 2 9.832601e-09
12 27 2 6.082140e-09
1 28 2 1.251553e-09
2 28 2 1.138947e-09
3 28 2 1.915511e-09
4 28 2 5.206815e-09
5 28 2 1.486864e-08
6 28 2 3.183352e-08
7 28 2 3.795296e-08
8 28 2 2.859798e-08
9 28 2 1.471141e-08
10 28 2 5.729379e-09
11 28 2 2.860189e-09
12 28 2 1.783169e-09
1 29 2 1.678978e-09
2 29 2 1.588318e-09
3 29 2 2.530269e-09
4 29 2 7.608100e-09
5 29 2 2.275156e-08
6 29 2 5.599366e-08
7 29 2 7.627626e-08
8 29 2 5.675007e-08
9 29 2 2.606246e-08
10 29 2 9.659718e-09
11 29 2 4.566187e-09
12 29 2 2.850414e-09
1 30 2 3.806257e-10
2 30 2 3.328808e-10
3 30 2 5.290641e-10
4 30 2 1.619316e-09
5 30 2 4.485757e-09
6 30 2 1.219951e-08
7 30 2 1.768261e-08
8 30 2 1.354146e-08
9 30 2 6.127044e-09
10 30 2 2.398236e-09
11 30 2 1.106240e-09
12 30 2 6.625255e-10
1 31 2 6.802078e-10
2 31 2 5.241573e-10
3 31 2 7.962587e-10
4 31 2 2.216252e-09
5 31 2 5.723438e-09
6 31 2 1.506952e-08
7 31 2 2.125137e-08
8 31 2 1.715358e-08
9 31 2 8.581363e-09
10 31 2 3.929841e-09
11 31 2 1.886804e-09
12 31 2 1.051415e-09
1 32 2 8.037571e-10
2 32 2 6.653562e-10
3 32 2 9.300532e-10
4 32 2 2.066615e-09
5 32 2 5.519651e-09
6 32 2 1.307497e-08
7 32 2 1.686826e-08
8 32 2 1.393394e-08
9 32 2 7.780873e-09
10 32 2 4.011118e-09
11 32 2 2.072782e-09
12 32 2 1.074966e-09
1 35 2 5.670424e-08
2 35 2 5.403061e-08
3 35 2 5.869322e-08
4 35 2 7.821402e-08
5 35 2 1.226109e-07
6 35 2 1.872536e-07
7 35 2 2.253236e-07
8 35 2 2.069067e-07
9 35 2 1.406218e-07
10 35 2 1.016694e-07
11 35 2 7.700913e-08
12 35 2 6.256294e-08
1 36 2 6.794374e-09
2 36 2 6.378595e-09
3 36 2 7.069370e-09
4 36 2 8.490932e-09
5 36 2 1.161276e-08
6 36 2 1.675237e-08
7 36 2 1.972955e-08
8 36 2 2.009903e-08
9 36 2 1.534219e-08
10 36 2 1.201999e-08
11 36 2 9.199928e-09
12 36 2 7.622920e-09
1 37 2 1.569239e-07
2 37 2 1.518805e-07
3 37 2 1.913765e-07
4 37 2 2.460845e-07
5 37 2 3.720327e-07
6 37 2 5.642683e-07
7 37 2 6.562730e-07
8 37 2 6.451318e-07
9 37 2 4.747571e-07
10 37 2 3.559848e-07
11 37 2 2.509021e-07
12 37 2 1.922124e-07
1 38 2 8.101906e-07
2 38 2 8.094642e-07
3 38 2 1.233112e-06
4 38 2 1.828291e-06
5 38 2 3.337986e-06
6 38 2 5.923002e-06
7 38 2 7.021488e-06
8 38 2 6.089671e-06
9 38 2 3.933463e-06
10 38 2 2.688518e-06
11 38 2 1.536272e-06
12 38 2 1.108633e-06
1 39 2 8.708060e-07
2 39 2 9.072046e-07
3 39 2 1.469484e-06
4 39 2 2.269006e-06
5 39 2 4.402623e-06
6 39 2 8.511379e-06
7 39 2 1.056875e-05
8 39 2 8.556649e-06
9 39 2 5.393360e-06
10 39 2 3.405843e-06
11 39 2 1.723964e-06
12 39 2 1.258369e-06
1 40 2 2.157439e-07
2 40 2 2.367084e-07
3 40 2 4.221660e-07
4 40 2 7.099057e-07
5 40 2 1.551890e-06
6 40 2 3.523473e-06
7 40 2 4.408409e-06
8 40 2 3.233898e-06
9 40 2 1.992048e-06
10 40 2 1.073334e-06
11 40 2 4.597854e-07
12 40 2 3.425257e-07
1 41 2 1.149198e-07
2 41 2 1.228550e-07
3 41 2 2.461972e-07
4 41 2 4.384947e-07
5 41 2 1.099809e-06
6 41 2 2.790878e-06
7 41 2 3.608439e-06
8 41 2 2.530943e-06
9 41 2 1.414408e-06
10 41 2 6.130177e-07
11 41 2 2.355049e-07
12 41 2 1.962903e-07
1 42 2 6.216920e-08
2 42 2 6.503022e-08
3 42 2 1.402368e-07
4 42 2 2.766440e-07
5 42 2 7.864523e-07
6 42 2 2.181383e-06
7 42 2 3.053681e-06
8 42 2 2.039296e-06
9 42 2 9.657134e-07
10 42 2 3.456185e-07
11 42 2 1.288532e-07
12 42 2 1.057053e-07
1 43 2 1.745618e-09
2 43 2 1.809981e-09
3 43 2 4.270616e-09
4 43 2 1.042043e-08
5 43 2 3.487909e-08
6 43 2 1.028639e-07
7 43 2 1.503727e-07
8 43 2 9.439356e-08
9 43 2 3.859929e-08
10 43 2 1.185096e-08
11 43 2 4.041433e-09
12 43 2 2.831863e-09
1 44 2 7.202349e-09
2 44 2 7.236738e-09
3 44 2 1.574102e-08
4 44 2 4.255546e-08
5 44 2 1.589859e-07
6 44 2 5.010172e-07
7 44 2 7.322642e-07
8 44 2 4.415508e-07
9 44 2 1.591724e-07
10 44 2 4.715956e-08
11 44 2 1.547790e-08
12 44 2 1.046480e-08
1 45 2 1.656005e-08
2 45 2 1.855898e-08
3 45 2 3.381768e-08
4 45 2 9.973103e-08
5 45 2 4.176541e-07
6 45 2 1.385820e-06
7 45 2 1.938744e-06
8 45 2 1.180499e-06
9 45 2 4.059470e-07
10 45 2 1.036467e-07
11 45 2 3.004273e-08
12 45 2 1.963444e-08
1 46 2 7.509390e-09
2 46 2 9.446996e-09
3 46 2 1.484996e-08
4 46 2 4.123684e-08
5 46 2 1.619354e-07
6 46 2 5.023054e-07
7 46 2 7.026898e-07
8 46 2 4.403136e-07
9 46 2 1.653943e-07
10 46 2 4.008962e-08
11 46 2 1.102222e-08
12 46 2 7.860383e-09
1 47 2 9.868660e-09
2 47 2 1.255923e-08
3 47 2 1.769792e-08
4 47 2 3.965267e-08
5 47 2 1.351561e-07
6 47 2 3.723548e-07
7 47 2 5.049927e-07
8 47 2 3.424212e-07
9 47 2 1.450601e-07
10 47 2 4.474208e-08
11 47 2 1.320009e-08
12 47 2 1.003382e-08
1 48 2 1.335217e-08
2 48 2 1.533814e-08
3 48 2 2.109675e-08
4 48 2 4.119750e-08
5 48 2 1.278438e-07
6 48 2 2.940626e-07
7 48 2 3.907818e-07
8 48 2 2.749374e-07
9 48 2 1.308813e-07
10 48 2 4.879718e-08
11 48 2 1.756637e-08
12 48 2 1.164895e-08
1 49 2 3.560353e-10
2 49 2 3.239607e-10
3 49 2 3.674665e-10
4 49 2 4.300870e-10
5 49 2 6.151161e-10
6 49 2 9.358634e-10
7 49 2 1.395686e-09
8 49 2 1.312447e-09
9 49 2 9.154166e-10
10 49 2 6.550686e-10
11 49 2 4.782531e-10
12 49 2 3.488848e-10
1 50 2 1.452130e-09
2 50 2 1.253477e-09
3 50 2 1.469269e-09
4 50 2 1.674814e-09
5 50 2 2.357184e-09
6 50 2 3.459135e-09
7 50 2 4.774115e-09
8 50 2 4.591090e-09
9 50 2 3.324367e-09
10 50 2 2.369748e-09
11 50 2 1.774185e-09
12 50 2 1.396977e-09
1 51 2 5.732032e-10
2 51 2 5.231378e-10
3 51 2 5.684470e-10
4 51 2 6.561758e-10
5 51 2 8.943842e-10
6 51 2 1.254303e-09
7 51 2 1.634540e-09
8 51 2 1.620967e-09
9 51 2 1.346786e-09
10 51 2 9.472949e-10
11 51 2 7.099627e-10
12 51 2 5.949704e-10
1 52 2 9.440586e-07
2 52 2 9.922866e-07
3 52 2 1.246538e-06
4 52 2 1.817282e-06
5 52 2 3.073263e-06
6 52 2 4.229498e-06
7 52 2 5.425116e-06
8 52 2 5.074342e-06
9 52 2 4.096197e-06
10 52 2 2.340014e-06
11 52 2 1.408460e-06
12 52 2 1.086137e-06
1 53 2 4.206960e-07
2 53 2 5.278198e-07
3 53 2 8.942380e-07
4 53 2 1.951854e-06
5 53 2 3.716927e-06
6 53 2 5.550319e-06
7 53 2 7.704501e-06
8 53 2 6.565132e-06
9 53 2 4.443332e-06
10 53 2 1.959696e-06
11 53 2 8.740774e-07
12 53 2 5.537636e-07
1 54 2 1.326666e-07
2 54 2 1.721026e-07
3 54 2 3.218388e-07
4 54 2 7.997376e-07
5 54 2 1.575234e-06
6 54 2 3.042634e-06
7 54 2 4.322205e-06
8 54 2 3.624280e-06
9 54 2 2.198069e-06
10 54 2 9.348329e-07
11 54 2 4.007121e-07
12 54 2 2.210406e-07
1 55 2 1.711724e-07
2 55 2 1.909029e-07
3 55 2 3.561241e-07
4 55 2 8.338826e-07
5 55 2 1.654761e-06
6 55 2 3.533905e-06
7 55 2 4.912396e-06
8 55 2 4.236515e-06
9 55 2 2.686523e-06
10 55 2 1.288145e-06
11 55 2 6.026738e-07
12 55 2 3.450927e-07
1 56 2 7.276241e-07
2 56 2 7.551150e-07
3 56 2 1.307879e-06
4 56 2 2.916384e-06
5 56 2 6.374826e-06
6 56 2 1.256618e-05
7 56 2 1.737385e-05
8 56 2 1.441942e-05
9 56 2 9.424872e-06
10 56 2 4.856036e-06
11 56 2 2.189281e-06
12 56 2 1.255574e-06
1 57 2 1.497939e-07
2 57 2 1.429183e-07
3 57 2 1.757813e-07
4 57 2 2.668085e-07
5 57 2 4.464125e-07
6 57 2 7.263688e-07
7 57 2 1.034357e-06
8 57 2 9.322087e-07
9 57 2 6.935640e-07
10 57 2 4.455093e-07
11 57 2 2.724313e-07
12 57 2 1.957841e-07
1 60 2 9.179343e-06
2 60 2 8.889364e-06
3 60 2 1.019434e-05
4 60 2 1.209033e-05
5 60 2 1.490642e-05
6 60 2 1.961675e-05
7 60 2 2.283781e-05
8 60 2 2.284742e-05
9 60 2 1.938932e-05
10 60 2 1.582813e-05
11 60 2 1.265880e-05
12 60 2 1.049285e-05
1 61 2 2.930159e-05
2 61 2 2.947784e-05
3 61 2 4.146008e-05
4 61 2 6.244763e-05
5 61 2 9.109204e-05
6 61 2 1.283339e-04
7 61 2 1.518708e-04
8 61 2 1.461123e-04
9 61 2 1.135331e-04
10 61 2 7.722588e-05
11 61 2 5.037913e-05
12 61 2 3.533550e-05
1 62 2 9.070799e-06
2 62 2 9.934660e-06
3 62 2 1.563897e-05
4 62 2 2.831131e-05
5 62 2 4.855999e-05
6 62 2 6.888622e-05
7 62 2 8.423393e-05
8 62 2 7.862932e-05
9 62 2 5.479066e-05
10 62 2 3.267380e-05
11 62 2 1.774332e-05
12 62 2 1.154685e-05
1 63 2 1.199999e-05
2 63 2 1.456747e-05
3 63 2 2.437521e-05
4 63 2 5.126723e-05
5 63 2 9.839025e-05
6 63 2 1.462728e-04
7 63 2 1.870475e-04
8 63 2 1.627680e-04
9 63 2 9.941360e-05
10 63 2 5.429084e-05
11 63 2 2.507734e-05
12 63 2 1.641669e-05
1 64 2 3.184720e-06
2 64 2 4.079959e-06
3 64 2 7.769225e-06
4 64 2 1.840270e-05
5 64 2 3.941279e-05
6 64 2 6.313026e-05
7 64 2 8.001899e-05
8 64 2 6.255697e-05
9 64 2 3.581919e-05
10 64 2 1.583488e-05
11 64 2 7.235760e-06
12 64 2 4.951848e-06
1 65 2 1.076643e-06
2 65 2 1.335044e-06
3 65 2 2.924831e-06
4 65 2 8.248125e-06
5 65 2 1.729369e-05
6 65 2 2.939128e-05
7 65 2 3.809527e-05
8 65 2 2.843224e-05
9 65 2 1.612587e-05
10 65 2 5.722366e-06
11 65 2 2.519098e-06
12 65 2 1.825587e-06
1 66 2 7.130944e-07
2 66 2 8.816071e-07
3 66 2 2.095833e-06
4 66 2 6.875731e-06
5 66 2 1.429661e-05
6 66 2 2.458366e-05
7 66 2 3.390497e-05
8 66 2 2.563219e-05
9 66 2 1.449972e-05
10 66 2 4.803923e-06
11 66 2 1.840935e-06
12 66 2 1.141896e-06
1 67 2 2.415713e-07
2 67 2 3.221241e-07
3 67 2 8.191638e-07
4 67 2 3.026062e-06
5 67 2 6.865960e-06
6 67 2 1.170994e-05
7 67 2 1.637179e-05
8 67 2 1.259944e-05
9 67 2 6.891015e-06
10 67 2 2.534148e-06
11 67 2 8.013166e-07
12 67 2 3.606684e-07
1 68 2 5.862666e-08
2 68 2 7.871983e-08
3 68 2 2.337935e-07
4 68 2 1.074638e-06
5 68 2 2.928527e-06
6 68 2 5.611965e-06
7 68 2 8.046495e-06
8 68 2 5.984451e-06
9 68 2 2.871996e-06
10 68 2 1.055137e-06
11 68 2 2.406086e-07
12 68 2 8.372345e-08
1 69 2 3.533721e-08
2 69 2 5.010160e-08
3 69 2 1.198146e-07
4 69 2 5.253941e-07
5 69 2 1.684701e-06
6 69 2 3.987034e-06
7 69 2 5.840972e-06
8 69 2 4.496367e-06
9 69 2 1.931610e-06
10 69 2 6.280849e-07
11 69 2 1.217002e-07
12 69 2 4.576716e-08
1 70 2 1.485721e-07
2 70 2 1.736523e-07
3 70 2 2.488388e-07
4 70 2 6.492075e-07
5 70 2 1.628006e-06
6 70 2 3.953262e-06
7 70 2 6.399077e-06
8 70 2 5.832145e-06
9 70 2 3.011329e-06
10 70 2 1.073385e-06
11 70 2 3.264598e-07
12 70 2 1.837732e-07
1 71 2 1.251818e-07
2 71 2 1.270302e-07
3 71 2 1.437443e-07
4 71 2 2.306662e-07
5 71 2 4.467147e-07
6 71 2 9.318889e-07
7 71 2 1.430157e-06
8 71 2 1.421935e-06
9 71 2 9.122998e-07
10 71 2 4.345162e-07
11 71 2 2.075794e-07
12 71 2 1.441710e-07
1 72 2 5.254990e-10
2 72 2 5.018973e-10
3 72 2 5.437537e-10
4 72 2 6.932912e-10
5 72 2 1.078710e-09
6 72 2 1.876991e-09
7 72 2 2.907244e-09
8 72 2 2.796087e-09
9 72 2 1.956236e-09
10 72 2 1.186151e-09
11 72 2 7.308325e-10
12 72 2 5.219104e-10
1 76 2 5.078699e-07
2 76 2 4.646487e-07
3 76 2 4.693252e-07
4 76 2 5.105140e-07
5 76 2 6.940525e-07
6 76 2 9.896747e-07
7 76 2 1.327099e-06
8 76 2 1.416258e-06
9 76 2 1.349418e-06
10 76 2 9.011417e-07
11 76 2 5.817248e-07
12 76 2 5.087689e-07
1 77 2 5.178841e-07
2 77 2 6.724683e-07
3 77 2 8.808932e-07
4 77 2 1.423717e-06
5 77 2 2.390479e-06
6 77 2 3.690650e-06
7 77 2 5.014597e-06
8 77 2 4.759665e-06
9 77 2 3.525758e-06
10 77 2 1.781255e-06
11 77 2 7.816199e-07
12 77 2 4.926511e-07
1 78 2 5.657796e-07
2 78 2 7.730580e-07
3 78 2 1.076530e-06
4 78 2 1.930869e-06
5 78 2 3.019322e-06
6 78 2 4.793636e-06
7 78 2 5.917212e-06
8 78 2 5.540751e-06
9 78 2 3.592562e-06
10 78 2 1.905206e-06
11 78 2 1.028852e-06
12 78 2 5.939913e-07
1 79 2 3.265575e-06
2 79 2 4.006915e-06
3 79 2 5.883307e-06
4 79 2 9.758440e-06
5 79 2 1.482578e-05
6 79 2 2.422044e-05
7 79 2 2.967912e-05
8 79 2 2.811570e-05
9 79 2 1.941406e-05
10 79 2 1.171921e-05
11 79 2 6.677000e-06
12 79 2 4.090207e-06
1 80 2 1.037914e-06
2 80 2 1.039940e-06
3 80 2 1.306750e-06
4 80 2 1.766876e-06
5 80 2 2.635139e-06
6 80 2 4.009269e-06
7 80 2 5.162542e-06
8 80 2 5.110831e-06
9 80 2 4.241896e-06
10 80 2 2.974012e-06
11 80 2 1.734920e-06
12 80 2 1.282395e-06
1 81 2 2.264772e-12
2 81 2 2.052430e-12
3 81 2 2.161766e-12
4 81 2 2.563324e-12
5 81 2 3.691164e-12
6 81 2 4.973737e-12
7 81 2 6.636596e-12
8 81 2 7.120920e-12
9 81 2 6.475139e-12
10 81 2 4.968330e-12
11 81 2 3.284256e-12
12 81 2 2.688808e-12
1 84 2 3.561603e-06
2 84 2 3.765510e-06
3 84 2 4.657182e-06
4 84 2 5.885223e-06
5 84 2 7.890308e-06
6 84 2 1.292884e-05
7 84 2 1.731590e-05
8 84 2 1.659293e-05
9 84 2 1.245045e-05
10 84 2 7.857485e-06
11 84 2 5.278477e-06
12 84 2 4.032186e-06
1 85 2 6.021678e-06
2 85 2 6.780884e-06
3 85 2 8.816243e-06
4 85 2 1.280918e-05
5 85 2 2.050471e-05
6 85 2 3.132415e-05
7 85 2 4.333987e-05
8 85 2 4.122960e-05
9 85 2 2.968811e-05
10 85 2 1.637614e-05
11 85 2 9.235451e-06
12 85 2 6.701251e-06
1 86 2 1.848470e-06
2 86 2 2.092854e-06
3 86 2 2.674514e-06
4 86 2 3.884798e-06
5 86 2 6.243638e-06
6 86 2 9.059381e-06
7 86 2 1.244518e-05
8 86 2 1.248589e-05
9 86 2 9.241940e-06
10 86 2 5.359299e-06
11 86 2 2.952166e-06
12 86 2 2.109893e-06
1 87 2 2.205854e-06
2 87 2 2.984267e-06
3 87 2 4.260987e-06
4 87 2 6.735649e-06
5 87 2 1.181680e-05
6 87 2 1.776215e-05
7 87 2 2.407998e-05
8 87 2 2.453669e-05
9 87 2 1.778922e-05
10 87 2 1.001580e-05
11 87 2 4.400678e-06
12 87 2 2.674943e-06
1 88 2 8.834329e-07
2 88 2 1.254546e-06
3 88 2 1.967313e-06
4 88 2 3.732766e-06
5 88 2 7.660735e-06
6 88 2 1.204057e-05
7 88 2 1.541963e-05
8 88 2 1.352422e-05
9 88 2 8.739354e-06
10 88 2 4.130056e-06
11 88 2 2.117351e-06
12 88 2 1.176111e-06
1 89 2 8.730557e-07
2 89 2 1.214744e-06
3 89 2 2.305546e-06
4 89 2 4.336339e-06
5 89 2 8.653663e-06
6 89 2 1.292757e-05
7 89 2 1.508084e-05
8 89 2 1.320722e-05
9 89 2 8.619104e-06
10 89 2 4.101576e-06
11 89 2 2.256893e-06
12 89 2 1.249199e-06
1 90 2 2.994511e-07
2 90 2 3.946667e-07
3 90 2 7.831736e-07
4 90 2 1.405630e-06
5 90 2 2.158263e-06
6 90 2 2.856823e-06
7 90 2 3.208389e-06
8 90 2 2.968648e-06
9 90 2 2.163423e-06
10 90 2 1.290390e-06
11 90 2 7.114608e-07
12 90 2 4.050190e-07
1 91 2 2.588497e-09
2 91 2 3.662610e-09
3 91 2 7.652002e-09
4 91 2 1.445988e-08
5 91 2 2.134053e-08
6 91 2 2.712580e-08
7 91 2 3.045832e-08
8 91 2 2.793320e-08
9 91 2 2.008455e-08
10 91 2 1.243239e-08
11 91 2 6.443448e-09
12 91 2 3.307786e-09
1 92 2 1.389010e-08
2 92 2 1.984116e-08
3 92 2 4.973680e-08
4 92 2 1.186605e-07
5 92 2 2.237764e-07
6 92 2 3.429042e-07
7 92 2 4.116103e-07
8 92 2 3.746314e-07
9 92 2 2.343730e-07
10 92 2 1.245617e-07
11 92 2 4.885320e-08
12 92 2 2.097148e-08
1 93 2 1.538609e-06
2 93 2 1.856470e-06
3 93 2 3.817000e-06
4 93 2 8.895944e-06
5 93 2 1.586986e-05
6 93 2 2.518436e-05
7 93 2 3.378349e-05
8 93 2 3.321205e-05
9 93 2 2.233859e-05
10 93 2 1.286432e-05
11 93 2 5.509200e-06
12 93 2 2.294692e-06
1 94 2 1.935591e-06
2 94 2 1.925833e-06
3 94 2 2.571453e-06
4 94 2 4.557088e-06
5 94 2 7.778672e-06
6 94 2 1.224847e-05
7 94 2 1.692122e-05
8 94 2 1.844038e-05
9 94 2 1.518962e-05
10 94 2 9.168426e-06
11 94 2 4.920921e-06
12 94 2 2.688674e-06
1 98 2 6.428185e-08
2 98 2 5.983788e-08
3 98 2 5.634663e-08
4 98 2 5.999293e-08
5 98 2 6.808786e-08
6 98 2 7.791265e-08
7 98 2 8.763572e-08
8 98 2 9.236378e-08
9 98 2 9.114238e-08
10 98 2 8.615389e-08
11 98 2 7.749481e-08
12 98 2 7.052111e-08
1 101 2 2.529142e-07
2 101 2 2.598780e-07
3 101 2 2.663076e-07
4 101 2 3.283977e-07
5 101 2 4.223260e-07
6 101 2 4.931096e-07
7 101 2 5.263663e-07
8 101 2 5.274374e-07
9 101 2 5.070608e-07
10 101 2 4.347526e-07
11 101 2 3.343129e-07
12 101 2 2.681428e-07
1 102 2 1.620718e-06
2 102 2 1.831998e-06
3 102 2 2.251559e-06
4 102 2 2.816248e-06
5 102 2 3.259066e-06
6 102 2 3.557854e-06
7 102 2 3.658042e-06
8 102 2 3.704264e-06
9 102 2 3.338576e-06
10 102 2 2.572043e-06
11 102 2 2.064386e-06
12 102 2 1.692021e-06
1 103 2 9.053084e-07
2 103 2 9.238748e-07
3 103 2 1.006908e-06
4 103 2 1.137768e-06
5 103 2 1.325021e-06
6 103 2 1.516317e-06
7 103 2 1.640462e-06
8 103 2 1.721629e-06
9 103 2 1.688561e-06
10 103 2 1.475656e-06
11 103 2 1.213959e-06
12 103 2 1.009367e-06
1 104 2 4.247524e-07
2 104 2 4.075817e-07
3 104 2 4.120103e-07
4 104 2 4.517099e-07
5 104 2 5.281895e-07
6 104 2 6.061230e-07
7 104 2 6.802674e-07
8 104 2 7.348546e-07
9 104 2 7.407696e-07
10 104 2 6.920254e-07
11 104 2 5.692533e-07
12 104 2 4.713410e-07
1 107 2 1.551418e-07
2 107 2 1.636717e-07
3 107 2 1.910926e-07
4 107 2 2.189711e-07
5 107 2 2.455623e-07
6 107 2 3.143787e-07
7 107 2 3.436293e-07
8 107 2 3.422389e-07
9 107 2 3.203868e-07
10 107 2 2.740435e-07
11 107 2 2.178546e-07
12 107 2 1.703705e-07
1 108 2 2.058516e-08
2 108 2 2.630786e-08
3 108 2 3.821498e-08
4 108 2 5.918666e-08
5 108 2 9.187349e-08
6 108 2 1.260992e-07
7 108 2 1.349854e-07
8 108 2 1.192987e-07
9 108 2 9.653148e-08
10 108 2 6.660004e-08
11 108 2 3.469185e-08
12 108 2 2.208475e-08
1 109 2 3.903865e-08
2 109 2 5.156437e-08
3 109 2 8.065001e-08
4 109 2 1.399612e-07
5 109 2 2.384636e-07
6 109 2 3.005954e-07
7 109 2 3.054321e-07
8 109 2 2.807779e-07
9 109 2 2.254727e-07
10 109 2 1.582061e-07
11 109 2 7.036614e-08
12 109 2 4.110529e-08
1 110 2 1.720617e-08
2 110 2 2.191737e-08
3 110 2 3.520041e-08
4 110 2 5.448886e-08
5 110 2 8.451004e-08
6 110 2 9.786669e-08
7 110 2 1.052161e-07
8 110 2 1.040579e-07
9 110 2 8.761436e-08
10 110 2 6.387641e-08
11 110 2 3.089733e-08
12 110 2 1.818650e-08
1 111 2 5.902746e-07
2 111 2 7.382614e-07
3 111 2 1.195229e-06
4 111 2 1.811469e-06
5 111 2 2.737771e-06
6 111 2 3.511133e-06
7 111 2 3.711531e-06
8 111 2 3.676128e-06
9 111 2 3.130544e-06
10 111 2 2.037833e-06
11 111 2 1.097766e-06
12 111 2 6.705355e-07
1 112 2 6.797869e-07
2 112 2 8.765021e-07
3 112 2 1.537634e-06
4 112 2 2.556996e-06
5 112 2 3.888344e-06
6 112 2 4.738406e-06
7 112 2 4.825939e-06
8 112 2 4.498274e-06
9 112 2 3.433937e-06
10 112 2 2.279700e-06
11 112 2 1.308310e-06
12 112 2 8.042046e-07
1 113 2 3.898707e-07
2 113 2 4.939300e-07
3 113 2 8.298053e-07
4 113 2 1.240898e-06
5 113 2 1.527044e-06
6 113 2 1.333335e-06
7 113 2 1.144081e-06
8 113 2 1.092690e-06
9 113 2 1.080722e-06
10 113 2 9.868023e-07
11 113 2 6.902064e-07
12 113 2 4.661722e-07
1 114 2 1.062837e-06
2 114 2 1.441261e-06
3 114 2 2.567853e-06
4 114 2 3.743120e-06
5 114 2 4.318459e-06
6 114 2 3.161355e-06
7 114 2 2.611065e-06
8 114 2 2.393358e-06
9 114 2 2.309676e-06
10 114 2 2.067202e-06
11 114 2 1.575873e-06
12 114 2 1.167307e-06
1 115 2 3.635823e-07
2 115 2 5.289797e-07
3 115 2 8.385189e-07
4 115 2 1.039418e-06
5 115 2 9.282491e-07
6 115 2 8.618488e-07
7 115 2 8.312371e-07
8 115 2 7.975132e-07
9 115 2 7.334742e-07
10 115 2 6.554715e-07
11 115 2 4.979241e-07
12 115 2 3.572231e-07
1 116 2 2.628178e-07
2 116 2 3.364389e-07
3 116 2 5.144953e-07
4 116 2 7.282492e-07
5 116 2 8.469998e-07
6 116 2 9.645179e-07
7 116 2 1.011184e-06
8 116 2 9.679278e-07
9 116 2 7.841293e-07
10 116 2 6.268938e-07
11 116 2 4.554261e-07
12 116 2 3.000152e-07
1 117 2 8.858698e-08
2 117 2 9.250695e-08
3 117 2 1.168278e-07
4 117 2 1.599222e-07
5 117 2 2.036479e-07
6 117 2 2.412778e-07
7 117 2 2.568653e-07
8 117 2 2.565285e-07
9 117 2 2.340667e-07
10 117 2 2.003752e-07
11 117 2 1.617553e-07
12 117 2 1.168500e-07
1 126 2 4.676710e-09
2 126 2 4.860962e-09
3 126 2 5.268618e-09
4 126 2 5.563340e-09
5 126 2 5.496631e-09
6 126 2 5.108502e-09
7 126 2 4.924300e-09
8 126 2 4.972409e-09
9 126 2 4.946086e-09
10 126 2 4.860321e-09
11 126 2 4.749137e-09
12 126 2 4.677231e-09
1 127 2 4.699267e-07
2 127 2 4.779251e-07
3 127 2 5.044397e-07
4 127 2 5.237156e-07
5 127 2 5.308505e-07
6 127 2 5.141959e-07
7 127 2 5.143378e-07
8 127 2 5.261411e-07
9 127 2 5.205324e-07
10 127 2 4.996705e-07
11 127 2 4.842427e-07
12 127 2 4.782486e-07
1 128 2 2.128570e-06
2 128 2 2.186022e-06
3 128 2 2.244091e-06
4 128 2 2.190614e-06
5 128 2 2.130927e-06
6 128 2 2.066916e-06
7 128 2 2.202951e-06
8 128 2 2.504765e-06
9 128 2 2.633737e-06
10 128 2 2.487689e-06
11 128 2 2.262189e-06
12 128 2 2.131433e-06
1 129 2 6.068273e-08
2 129 2 5.984955e-08
3 129 2 6.135901e-08
4 129 2 6.313843e-08
5 129 2 6.411264e-08
6 129 2 6.584705e-08
7 129 2 6.880366e-08
8 129 2 7.499587e-08
9 129 2 7.835489e-08
10 129 2 7.870009e-08
11 129 2 7.185587e-08
12 129 2 6.383519e-08
1 133 2 1.303835e-06
2 133 2 1.515901e-06
3 133 2 1.819757e-06
4 133 2 1.868409e-06
5 133 2 1.782271e-06
6 133 2 1.638148e-06
7 133 2 1.462062e-06
8 133 2 1.369055e-06
9 133 2 1.427620e-06
10 133 2 1.520470e-06
11 133 2 1.450553e-06
12 133 2 1.269234e-06
1 135 2 5.640488e-08
2 135 2 6.354856e-08
3 135 2 7.557376e-08
4 135 2 8.138943e-08
5 135 2 7.820744e-08
6 135 2 6.976903e-08
7 135 2 6.027353e-08
8 135 2 6.087674e-08
9 135 2 6.468849e-08
10 135 2 6.083577e-08
11 135 2 5.831055e-08
12 135 2 5.477479e-08
1 136 2 6.307142e-08
2 136 2 6.491326e-08
3 136 2 8.027735e-08
4 136 2 9.759283e-08
5 136 2 1.068685e-07
6 136 2 9.750487e-08
7 136 2 8.628042e-08
8 136 2 8.608252e-08
9 136 2 8.652745e-08
10 136 2 8.139619e-08
11 136 2 7.695968e-08
12 136 2 6.834115e-08
1 137 2 1.534027e-08
2 137 2 1.609352e-08
3 137 2 1.845156e-08
4 137 2 2.027555e-08
5 137 2 2.001320e-08
6 137 2 1.841415e-08
7 137 2 1.703505e-08
8 137 2 1.643712e-08
9 137 2 1.644745e-08
10 137 2 1.713444e-08
11 137 2 1.694062e-08
12 137 2 1.597349e-08
1 138 2 6.131737e-07
2 138 2 6.742823e-07
3 138 2 7.822671e-07
4 138 2 8.706146e-07
5 138 2 8.783967e-07
6 138 2 7.720224e-07
7 138 2 7.152048e-07
8 138 2 6.897264e-07
9 138 2 6.916083e-07
10 138 2 6.956383e-07
11 138 2 6.747824e-07
12 138 2 6.258042e-07
1 139 2 1.034602e-06
2 139 2 1.178221e-06
3 139 2 1.316546e-06
4 139 2 1.381809e-06
5 139 2 1.362336e-06
6 139 2 1.268704e-06
7 139 2 1.200386e-06
8 139 2 1.155570e-06
9 139 2 1.140592e-06
10 139 2 1.149447e-06
11 139 2 1.093787e-06
12 139 2 1.001216e-06
1 140 2 3.428893e-07
2 140 2 3.545603e-07
3 140 2 3.850800e-07
4 140 2 4.362893e-07
5 140 2 4.632768e-07
6 140 2 4.449782e-07
7 140 2 4.213220e-07
8 140 2 4.063615e-07
9 140 2 4.004374e-07
10 140 2 4.026505e-07
11 140 2 3.941463e-07
12 140 2 3.674647e-07
1 141 2 5.378823e-07
2 141 2 5.323168e-07
3 141 2 5.475638e-07
4 141 2 6.009467e-07
5 141 2 6.485012e-07
6 141 2 6.412617e-07
7 141 2 6.239212e-07
8 141 2 6.050139e-07
9 141 2 5.998864e-07
10 141 2 6.012967e-07
11 141 2 6.072984e-07
12 141 2 5.896393e-07
1 150 2 6.224475e-10
2 150 2 6.813666e-10
3 150 2 7.293255e-10
4 150 2 7.457950e-10
5 150 2 6.978367e-10
6 150 2 6.154606e-10
7 150 2 5.614718e-10
8 150 2 5.479134e-10
9 150 2 5.301996e-10
10 150 2 5.181366e-10
11 150 2 5.282104e-10
12 150 2 5.620008e-10
1 151 2 4.035506e-07
2 151 2 4.292232e-07
3 151 2 4.551038e-07
4 151 2 4.658350e-07
5 151 2 4.507278e-07
6 151 2 4.242744e-07
7 151 2 4.148998e-07
8 151 2 4.309182e-07
9 151 2 4.102724e-07
10 151 2 3.849983e-07
11 151 2 3.737091e-07
12 151 2 3.830322e-07
1 152 2 3.198721e-07
2 152 2 3.240070e-07
3 152 2 3.270064e-07
4 152 2 3.107405e-07
5 152 2 2.987049e-07
6 152 2 2.933702e-07
7 152 2 3.354005e-07
8 152 2 4.472162e-07
9 152 2 4.747690e-07
10 152 2 4.046500e-07
11 152 2 3.470041e-07
12 152 2 3.209076e-07
1 153 2 3.708045e-07
2 153 2 3.797989e-07
3 153 2 4.007141e-07
4 153 2 3.930476e-07
5 153 2 3.795668e-07
6 153 2 3.726584e-07
7 153 2 4.350108e-07
8 153 2 5.684807e-07
9 153 2 6.914311e-07
10 153 2 6.179973e-07
11 153 2 4.674833e-07
12 153 2 3.900516e-07
1 154 2 1.009023e-06
2 154 2 1.003549e-06
3 154 2 1.044321e-06
4 154 2 1.000654e-06
5 154 2 9.357023e-07
6 154 2 8.416752e-07
7 154 2 7.947625e-07
8 154 2 8.279294e-07
9 154 2 9.334794e-07
10 154 2 1.049064e-06
11 154 2 1.105597e-06
12 154 2 1.069059e-06
1 157 2 4.024651e-08
2 157 2 4.179198e-08
3 157 2 4.474430e-08
4 157 2 4.411398e-08
5 157 2 4.299845e-08
6 157 2 4.042594e-08
7 157 2 3.857211e-08
8 157 2 3.818330e-08
9 157 2 3.790733e-08
10 157 2 3.856829e-08
11 157 2 3.884479e-08
12 157 2 3.935172e-08
1 163 2 1.869944e-07
2 163 2 1.894999e-07
3 163 2 1.951232e-07
4 163 2 2.068319e-07
5 163 2 2.070338e-07
6 163 2 1.914108e-07
7 163 2 1.769587e-07
8 163 2 1.661677e-07
9 163 2 1.685472e-07
10 163 2 1.783164e-07
11 163 2 1.852871e-07
12 163 2 1.867388e-07
1 164 2 7.072503e-07
2 164 2 7.012032e-07
3 164 2 7.207223e-07
4 164 2 7.543449e-07
5 164 2 7.454715e-07
6 164 2 6.895036e-07
7 164 2 6.381964e-07
8 164 2 6.234004e-07
9 164 2 6.675348e-07
10 164 2 7.313139e-07
11 164 2 7.460830e-07
12 164 2 7.336591e-07
1 165 2 3.089013e-07
2 165 2 3.027451e-07
3 165 2 3.065511e-07
4 165 2 3.133316e-07
5 165 2 3.098925e-07
6 165 2 2.851450e-07
7 165 2 2.688527e-07
8 165 2 2.721277e-07
9 165 2 2.900587e-07
10 165 2 3.101356e-07
11 165 2 3.262497e-07
12 165 2 3.266341e-07
1 166 2 1.348071e-07
2 166 2 1.334613e-07
3 166 2 1.312563e-07
4 166 2 1.306405e-07
5 166 2 1.263629e-07
6 166 2 1.168646e-07
7 166 2 1.103556e-07
8 166 2 1.111789e-07
9 166 2 1.153399e-07
10 166 2 1.213291e-07
11 166 2 1.308106e-07
12 166 2 1.374015e-07
1 170 2 6.202922e-09
2 170 2 6.821985e-09
3 170 2 6.702563e-09
4 170 2 6.092272e-09
5 170 2 5.076682e-09
6 170 2 4.268603e-09
7 170 2 4.037430e-09
8 170 2 3.854446e-09
9 170 2 3.919274e-09
10 170 2 4.364084e-09
11 170 2 4.814954e-09
12 170 2 5.544718e-09
1 171 2 2.225285e-08
2 171 2 2.442723e-08
3 171 2 2.472295e-08
4 171 2 2.199561e-08
5 171 2 1.829787e-08
6 171 2 1.568041e-08
7 171 2 1.423613e-08
8 171 2 1.348918e-08
9 171 2 1.368572e-08
10 171 2 1.488624e-08
11 171 2 1.699027e-08
12 171 2 2.007237e-08
1 175 2 6.425932e-10
2 175 2 6.793708e-10
3 175 2 6.813195e-10
4 175 2 6.381368e-10
5 175 2 5.544404e-10
6 175 2 5.052357e-10
7 175 2 4.947525e-10
8 175 2 4.905753e-10
9 175 2 4.562885e-10
10 175 2 4.612431e-10
11 175 2 4.822254e-10
12 175 2 5.625186e-10
1 176 2 1.269483e-06
2 176 2 1.279001e-06
3 176 2 1.252138e-06
4 176 2 1.105910e-06
5 176 2 8.946316e-07
6 176 2 8.107041e-07
7 176 2 8.092255e-07
8 176 2 9.232188e-07
9 176 2 1.005481e-06
10 176 2 1.073093e-06
11 176 2 1.145447e-06
12 176 2 1.216746e-06
1 177 2 2.286020e-06
2 177 2 2.221387e-06
3 177 2 2.097404e-06
4 177 2 1.834040e-06
5 177 2 1.499745e-06
6 177 2 1.280655e-06
7 177 2 1.332502e-06
8 177 2 1.596583e-06
9 177 2 2.006655e-06
10 177 2 2.086844e-06
11 177 2 2.129172e-06
12 177 2 2.133523e-06
1 178 2 7.396464e-07
2 178 2 7.310019e-07
3 178 2 7.007188e-07
4 178 2 5.873150e-07
5 178 2 5.113779e-07
6 178 2 4.322281e-07
7 178 2 4.116699e-07
8 178 2 4.146997e-07
9 178 2 4.729545e-07
10 178 2 5.088856e-07
11 178 2 5.747574e-07
12 178 2 6.381015e-07
1 181 2 9.040972e-09
2 181 2 9.549262e-09
3 181 2 9.680765e-09
4 181 2 9.256107e-09
5 181 2 7.633403e-09
6 181 2 6.600578e-09
7 181 2 5.836270e-09
8 181 2 5.972947e-09
9 181 2 6.471082e-09
10 181 2 7.006973e-09
11 181 2 7.935489e-09
12 181 2 8.449000e-09
1 182 2 1.077809e-06
2 182 2 9.962277e-07
3 182 2 9.393981e-07
4 182 2 7.847143e-07
5 182 2 6.145012e-07
6 182 2 4.596101e-07
7 182 2 4.557024e-07
8 182 2 6.332550e-07
9 182 2 8.787094e-07
10 182 2 1.077706e-06
11 182 2 1.191087e-06
12 182 2 1.143267e-06
1 183 2 2.293683e-07
2 183 2 2.203467e-07
3 183 2 2.103623e-07
4 183 2 1.907411e-07
5 183 2 1.604863e-07
6 183 2 1.302536e-07
7 183 2 1.211873e-07
8 183 2 1.439053e-07
9 183 2 1.673227e-07
10 183 2 1.979425e-07
11 183 2 2.154993e-07
12 183 2 2.216550e-07
1 184 2 7.152780e-08
2 184 2 7.247610e-08
3 184 2 7.019196e-08
4 184 2 6.316822e-08
5 184 2 5.251472e-08
6 184 2 4.244179e-08
7 184 2 3.827182e-08
8 184 2 3.997118e-08
9 184 2 4.234278e-08
10 184 2 4.862535e-08
11 184 2 5.689493e-08
12 184 2 6.484764e-08
1 188 2 1.186859e-08
2 188 2 1.176511e-08
3 188 2 1.090520e-08
4 188 2 8.904841e-09
5 188 2 6.293585e-09
6 188 2 4.787124e-09
7 188 2 4.119281e-09
8 188 2 4.190243e-09
9 188 2 5.675662e-09
10 188 2 7.458619e-09
11 188 2 8.882475e-09
12 188 2 1.107884e-08
1 189 2 1.035944e-08
2 189 2 9.574216e-09
3 189 2 8.684667e-09
4 189 2 6.419259e-09
5 189 2 4.250124e-09
6 189 2 3.005528e-09
7 189 2 2.857615e-09
8 189 2 3.510097e-09
9 189 2 5.646605e-09
10 189 2 8.039939e-09
11 189 2 9.779248e-09
12 189 2 1.021927e-08
1 190 2 4.239565e-08
2 190 2 4.017066e-08
3 190 2 3.486822e-08
4 190 2 2.469643e-08
5 190 2 1.723070e-08
6 190 2 1.249989e-08
7 190 2 1.174505e-08
8 190 2 1.415862e-08
9 190 2 1.988736e-08
10 190 2 2.711128e-08
11 190 2 3.552443e-08
12 190 2 3.985776e-08
1 191 2 3.261979e-08
2 191 2 3.380272e-08
3 191 2 3.285641e-08
4 191 2 2.714308e-08
5 191 2 2.232026e-08
6 191 2 1.833571e-08
7 191 2 1.612017e-08
8 191 2 1.637144e-08
9 191 2 1.786157e-08
10 191 2 2.004778e-08
11 191 2 2.465666e-08
12 191 2 2.900834e-08
1 192 2 4.277558e-08
2 192 2 4.622851e-08
3 192 2 4.504084e-08
4 192 2 3.899862e-08
5 192 2 3.295972e-08
6 192 2 2.806388e-08
7 192 2 2.466256e-08
8 192 2 2.291731e-08
9 192 2 2.359673e-08
10 192 2 2.591191e-08
11 192 2 3.093212e-08
12 192 2 3.714271e-08
1 200 2 6.213261e-06
2 200 2 6.391900e-06
3 200 2 5.227172e-06
4 200 2 3.455534e-06
5 200 2 2.261820e-06
6 200 2 1.842043e-06
7 200 2 1.750036e-06
8 200 2 1.887266e-06
9 200 2 2.090481e-06
10 200 2 2.672782e-06
11 200 2 3.714224e-06
12 200 2 5.117445e-06
1 201 2 3.789056e-06
2 201 2 3.909520e-06
3 201 2 3.578933e-06
4 201 2 2.754807e-06
5 201 2 2.076011e-06
6 201 2 1.717541e-06
7 201 2 1.623172e-06
8 201 2 1.679024e-06
9 201 2 1.661731e-06
10 201 2 1.977245e-06
11 201 2 2.520456e-06
12 201 2 3.139150e-06
1 206 2 7.166629e-07
2 206 2 7.740893e-07
3 206 2 7.003437e-07
4 206 2 5.976352e-07
5 206 2 4.942412e-07
6 206 2 4.309366e-07
7 206 2 3.696121e-07
8 206 2 3.629123e-07
9 206 2 3.928488e-07
10 206 2 4.446827e-07
11 206 2 5.212707e-07
12 206 2 6.141109e-07
1 207 2 2.718613e-08
2 207 2 2.968385e-08
3 207 2 2.815153e-08
4 207 2 2.552642e-08
5 207 2 2.263817e-08
6 207 2 1.941666e-08
7 207 2 1.711404e-08
8 207 2 1.685297e-08
9 207 2 1.700357e-08
10 207 2 1.872882e-08
11 207 2 2.018412e-08
12 207 2 2.308938e-08
1 212 2 1.670630e-08
2 212 2 1.783295e-08
3 212 2 1.582848e-08
4 212 2 1.330686e-08
5 212 2 1.037164e-08
6 212 2 8.370779e-09
7 212 2 6.948220e-09
8 212 2 6.715391e-09
9 212 2 7.626849e-09
10 212 2 8.999324e-09
11 212 2 1.067477e-08
12 212 2 1.411408e-08
1 213 2 3.638134e-09
2 213 2 3.976207e-09
3 213 2 3.369679e-09
4 213 2 2.851470e-09
5 213 2 2.200290e-09
6 213 2 1.696114e-09
7 213 2 1.439504e-09
8 213 2 1.405304e-09
9 213 2 1.692749e-09
10 213 2 2.086117e-09
11 213 2 2.561726e-09
12 213 2 3.134829e-09
1 214 2 1.292951e-07
2 214 2 1.370690e-07
3 214 2 1.101264e-07
4 214 2 8.179473e-08
5 214 2 6.046131e-08
6 214 2 4.455722e-08
7 214 2 3.858723e-08
8 214 2 3.978051e-08
9 214 2 5.021441e-08
10 214 2 6.732037e-08
11 214 2 9.215542e-08
12 214 2 1.117685e-07
1 215 2 4.787584e-08
2 215 2 4.924668e-08
3 215 2 4.591499e-08
4 215 2 3.659231e-08
5 215 2 2.972229e-08
6 215 2 2.388124e-08
7 215 2 2.063670e-08
8 215 2 2.068744e-08
9 215 2 2.326442e-08
10 215 2 2.767718e-08
11 215 2 3.484938e-08
12 215 2 4.209998e-08
1 216 2 1.509829e-07
2 216 2 1.576372e-07
3 216 2 1.478249e-07
4 216 2 1.201730e-07
5 216 2 9.622765e-08
6 216 2 8.278157e-08
7 216 2 7.274342e-08
8 216 2 6.955620e-08
9 216 2 7.217689e-08
10 216 2 8.203580e-08
11 216 2 9.867517e-08
12 216 2 1.268154e-07
1 224 2 1.816822e-07
2 224 2 1.986217e-07
3 224 2 1.733216e-07
4 224 2 1.492559e-07
5 224 2 1.205270e-07
6 224 2 1.024245e-07
7 224 2 9.305171e-08
8 224 2 9.719144e-08
9 224 2 9.995031e-08
10 224 2 1.178866e-07
11 224 2 1.407799e-07
12 224 2 1.679615e-07
1 240 2 9.329500e-09
2 240 2 9.516032e-09
3 240 2 8.702179e-09
4 240 2 7.685388e-09
5 240 2 6.679591e-09
6 240 2 5.761380e-09
7 240 2 5.644507e-09
8 240 2 5.819159e-09
9 240 2 5.664602e-09
10 240 2 6.100185e-09
11 240 2 6.702605e-09
12 240 2 8.306712e-09
