1 7 2 1.090142e-11
2 7 2 9.312964e-12
3 7 2 1.018508e-11
4 7 2 2.632425e-11
5 7 2 9.057427e-11
6 7 2 2.439505e-10
7 7 2 3.300723e-10
8 7 2 2.250464e-10
9 7 2 9.732500e-11
10 7 2 4.266701e-11
11 7 2 2.260556e-11
12 7 2 1.333581e-11
1 25 2 6.195903e-09
2 25 2 5.882985e-09
3 25 2 8.288153e-09
4 25 2 1.512404e-08
5 25 2 4.230978e-08
6 25 2 7.672339e-08
7 25 2 9.301123e-08
8 25 2 7.132317e-08
9 25 2 4.030137e-08
10 25 2 1.885958e-08
11 25 2 8.992466e-09
12 25 2 5.207508e-09
1 26 2 5.683180e-10
2 26 2 4.677311e-10
3 26 2 7.734316e-10
4 26 2 1.726363e-09
5 26 2 4.862898e-09
6 26 2 9.287999e-09
7 26 2 1.007745e-08
8 26 2 7.539981e-09
9 26 2 4.123973e-09
10 26 2 1.660060e-09
11 26 2 8.673135e-10
12 26 2 5.362160e-10
1 27 2 4.227853e-09
2 27 2 3.732815e-09
3 27 2 6.543604e-09
4 27 2 1.666576e-08
5 27 2 4.693201e-08
6 27 2 9.701418e-08
7 27 2 1.094156e-07
8 27 2 8.235422e-08
9 27 2 4.255775e-08
10 27 2 1.598146e-08
11 27 2 8.469604e-09
12 27 2 5.239033e-09
1 28 2 1.131656e-09
2 28 2 1.029837e-09
3 28 2 1.732007e-09
4 28 2 4.708009e-09
5 28 2 1.344424e-08
6 28 2 2.878391e-08
7 28 2 3.431711e-08
8 28 2 2.585832e-08
9 28 2 1.330207e-08
10 28 2 5.180512e-09
11 28 2 2.586186e-09
12 28 2 1.612344e-09
1 29 2 1.519282e-09
2 29 2 1.437245e-09
3 29 2 2.289603e-09
4 29 2 6.884455e-09
5 29 2 2.058755e-08
6 29 2 5.066781e-08
7 29 2 6.902124e-08
8 29 2 5.135228e-08
9 29 2 2.358353e-08
10 29 2 8.740933e-09
11 29 2 4.131874e-09
12 29 2 2.579297e-09
1 30 2 3.440785e-10
2 30 2 3.009181e-10
3 30 2 4.782641e-10
4 30 2 1.463831e-09
5 30 2 4.055040e-09
6 30 2 1.102813e-08
7 30 2 1.598475e-08
8 30 2 1.224123e-08
9 30 2 5.538733e-09
10 30 2 2.167961e-09
11 30 2 1.000021e-09
12 30 2 5.989106e-10
1 31 2 6.145588e-10
2 31 2 4.735693e-10
3 31 2 7.194093e-10
4 31 2 2.002355e-09
5 31 2 5.171051e-09
6 31 2 1.361512e-08
7 31 2 1.920034e-08
8 31 2 1.549804e-08
9 31 2 7.753149e-09
10 31 2 3.550560e-09
11 31 2 1.704702e-09
12 31 2 9.499393e-10
1 32 2 7.267262e-10
2 32 2 6.015895e-10
3 32 2 8.409183e-10
4 32 2 1.868554e-09
5 32 2 4.990656e-09
6 32 2 1.182188e-08
7 32 2 1.525163e-08
8 32 2 1.259853e-08
9 32 2 7.035166e-09
10 32 2 3.626698e-09
11 32 2 1.874129e-09
12 32 2 9.719427e-10
1 35 2 5.115410e-08
2 35 2 4.874216e-08
3 35 2 5.294840e-08
4 35 2 7.055853e-08
5 35 2 1.106099e-07
6 35 2 1.689255e-07
7 35 2 2.032692e-07
8 35 2 1.866550e-07
9 35 2 1.268579e-07
10 35 2 9.171811e-08
11 35 2 6.947157e-08
12 35 2 5.643936e-08
1 36 2 6.141315e-09
2 36 2 5.765500e-09
3 36 2 6.389879e-09
4 36 2 7.674804e-09
5 36 2 1.049657e-08
6 36 2 1.514217e-08
7 36 2 1.783320e-08
8 36 2 1.816716e-08
9 36 2 1.386753e-08
10 36 2 1.086466e-08
11 36 2 8.315653e-09
12 36 2 6.890224e-09
1 37 2 1.418137e-07
2 37 2 1.372559e-07
3 37 2 1.729489e-07
4 37 2 2.223890e-07
5 37 2 3.362098e-07
6 37 2 5.099350e-07
7 37 2 5.930806e-07
8 37 2 5.830122e-07
9 37 2 4.290428e-07
10 37 2 3.217071e-07
11 37 2 2.267427e-07
12 37 2 1.737043e-07
1 38 2 7.322899e-07
2 38 2 7.316333e-07
3 38 2 1.114547e-06
4 38 2 1.652499e-06
5 38 2 3.017035e-06
6 38 2 5.353499e-06
7 38 2 6.346364e-06
8 38 2 5.504143e-06
9 38 2 3.555256e-06
10 38 2 2.430014e-06
11 38 2 1.388558e-06
12 38 2 1.002037e-06
1 39 2 7.864298e-07
2 39 2 8.193016e-07
3 39 2 1.327099e-06
4 39 2 2.049152e-06
5 39 2 3.976033e-06
6 39 2 7.686674e-06
7 39 2 9.544699e-06
8 39 2 7.727557e-06
9 39 2 4.870774e-06
10 39 2 3.075836e-06
11 39 2 1.556921e-06
12 39 2 1.136440e-06
1 40 2 1.950597e-07
2 40 2 2.140143e-07
3 40 2 3.816915e-07
4 40 2 6.418445e-07
5 40 2 1.403104e-06
6 40 2 3.185665e-06
7 40 2 3.985759e-06
8 40 2 2.923852e-06
9 40 2 1.801063e-06
10 40 2 9.704298e-07
11 40 2 4.157041e-07
12 40 2 3.096865e-07
1 41 2 1.038618e-07
2 41 2 1.110334e-07
3 41 2 2.225072e-07
4 41 2 3.963011e-07
5 41 2 9.939814e-07
6 41 2 2.522330e-06
7 41 2 3.261222e-06
8 41 2 2.287406e-06
9 41 2 1.278309e-06
10 41 2 5.540309e-07
11 41 2 2.128438e-07
12 41 2 1.774025e-07
1 42 2 5.621884e-08
2 42 2 5.880602e-08
3 42 2 1.268144e-07
4 42 2 2.501657e-07
5 42 2 7.111791e-07
6 42 2 1.972598e-06
7 42 2 2.761405e-06
8 42 2 1.844110e-06
9 42 2 8.732827e-07
10 42 2 3.125385e-07
11 42 2 1.165203e-07
12 42 2 9.558798e-08
1 43 2 1.576371e-09
2 43 2 1.634493e-09
3 43 2 3.856556e-09
4 43 2 9.410112e-09
5 43 2 3.149737e-08
6 43 2 9.289066e-08
7 43 2 1.357933e-07
8 43 2 8.524159e-08
9 43 2 3.485688e-08
10 43 2 1.070195e-08
11 43 2 3.649594e-09
12 43 2 2.557298e-09
1 44 2 6.510726e-09
2 44 2 6.541813e-09
3 44 2 1.422945e-08
4 44 2 3.846896e-08
5 44 2 1.437189e-07
6 44 2 4.529057e-07
7 44 2 6.619467e-07
8 44 2 3.991498e-07
9 44 2 1.438875e-07
10 44 2 4.263094e-08
11 44 2 1.399160e-08
12 44 2 9.459891e-09
1 45 2 1.495379e-08
2 45 2 1.675883e-08
3 45 2 3.053749e-08
4 45 2 9.005750e-08
5 45 2 3.771433e-07
6 45 2 1.251401e-06
7 45 2 1.750693e-06
8 45 2 1.065995e-06
9 45 2 3.665717e-07
10 45 2 9.359340e-08
11 45 2 2.712870e-08
12 45 2 1.772998e-08
1 46 2 6.784031e-09
2 46 2 8.534477e-09
3 46 2 1.341555e-08
4 46 2 3.725363e-08
5 46 2 1.462935e-07
6 46 2 4.537860e-07
7 46 2 6.348145e-07
8 46 2 3.977821e-07
9 46 2 1.494183e-07
10 46 2 3.621722e-08
11 46 2 9.957544e-09
12 46 2 7.101120e-09
1 47 2 8.918129e-09
2 47 2 1.134955e-08
3 47 2 1.599329e-08
4 47 2 3.583340e-08
5 47 2 1.221381e-07
6 47 2 3.364903e-07
7 47 2 4.563527e-07
8 47 2 3.094398e-07
9 47 2 1.310882e-07
10 47 2 4.043261e-08
11 47 2 1.192868e-08
12 47 2 9.067381e-09
1 48 2 1.207520e-08
2 48 2 1.387124e-08
3 48 2 1.907911e-08
4 48 2 3.725748e-08
5 48 2 1.156171e-07
6 48 2 2.659391e-07
7 48 2 3.534084e-07
8 48 2 2.486431e-07
9 48 2 1.183641e-07
10 48 2 4.413034e-08
11 48 2 1.588637e-08
12 48 2 1.053487e-08
1 49 2 2.954816e-10
2 49 2 2.688622e-10
3 49 2 3.049686e-10
4 49 2 3.569387e-10
5 49 2 5.104985e-10
6 49 2 7.766938e-10
7 49 2 1.158311e-09
8 49 2 1.089229e-09
9 49 2 7.597246e-10
10 49 2 5.436560e-10
11 49 2 3.969129e-10
12 49 2 2.895472e-10
1 50 2 1.205628e-09
2 50 2 1.040697e-09
3 50 2 1.219858e-09
4 50 2 1.390512e-09
5 50 2 1.957048e-09
6 50 2 2.871941e-09
7 50 2 3.963701e-09
8 50 2 3.811745e-09
9 50 2 2.760050e-09
10 50 2 1.967479e-09
11 50 2 1.473014e-09
12 50 2 1.159838e-09
1 51 2 4.782554e-10
2 51 2 4.364830e-10
3 51 2 4.742870e-10
4 51 2 5.474841e-10
5 51 2 7.462346e-10
6 51 2 1.046535e-09
7 51 2 1.363788e-09
8 51 2 1.352463e-09
9 51 2 1.123699e-09
10 51 2 7.903809e-10
11 51 2 5.923615e-10
12 51 2 4.964170e-10
1 52 2 8.438402e-07
2 52 2 8.869485e-07
3 52 2 1.114209e-06
4 52 2 1.624365e-06
5 52 2 2.747015e-06
6 52 2 3.780507e-06
7 52 2 4.849202e-06
8 52 2 4.535665e-06
9 52 2 3.661357e-06
10 52 2 2.091605e-06
11 52 2 1.258942e-06
12 52 2 9.708360e-07
1 53 2 3.792109e-07
2 53 2 4.757712e-07
3 53 2 8.060568e-07
4 53 2 1.759381e-06
5 53 2 3.350399e-06
6 53 2 5.002999e-06
7 53 2 6.944756e-06
8 53 2 5.917741e-06
9 53 2 4.005173e-06
10 53 2 1.766450e-06
11 53 2 7.878842e-07
12 53 2 4.991567e-07
1 54 2 1.186173e-07
2 54 2 1.538770e-07
3 54 2 2.877562e-07
4 54 2 7.150457e-07
5 54 2 1.408417e-06
6 54 2 2.720420e-06
7 54 2 3.864486e-06
8 54 2 3.240470e-06
9 54 2 1.965294e-06
10 54 2 8.358345e-07
11 54 2 3.582768e-07
12 54 2 1.976325e-07
1 55 2 1.546476e-07
2 55 2 1.724733e-07
3 55 2 3.217443e-07
4 55 2 7.533804e-07
5 55 2 1.495012e-06
6 55 2 3.192746e-06
7 55 2 4.438159e-06
8 55 2 3.827526e-06
9 55 2 2.427169e-06
10 55 2 1.163789e-06
11 55 2 5.444923e-07
12 55 2 3.117778e-07
1 56 2 6.578126e-07
2 56 2 6.826659e-07
3 56 2 1.182395e-06
4 56 2 2.636573e-06
5 56 2 5.763197e-06
6 56 2 1.136053e-05
7 56 2 1.570693e-05
8 56 2 1.303595e-05
9 56 2 8.520608e-06
10 56 2 4.390126e-06
11 56 2 1.979232e-06
12 56 2 1.135109e-06
1 57 2 1.354056e-07
2 57 2 1.291904e-07
3 57 2 1.588968e-07
4 57 2 2.411806e-07
5 57 2 4.035328e-07
6 57 2 6.565983e-07
7 57 2 9.350035e-07
8 57 2 8.426665e-07
9 57 2 6.269445e-07
10 57 2 4.027165e-07
11 57 2 2.462632e-07
12 57 2 1.769783e-07
1 60 2 8.096492e-06
2 60 2 7.840721e-06
3 60 2 8.991751e-06
4 60 2 1.066408e-05
5 60 2 1.314797e-05
6 60 2 1.730264e-05
7 60 2 2.014373e-05
8 60 2 2.015220e-05
9 60 2 1.710204e-05
10 60 2 1.396095e-05
11 60 2 1.116549e-05
12 60 2 9.255049e-06
1 61 2 2.582432e-05
2 61 2 2.597965e-05
3 61 2 3.653994e-05
4 61 2 5.503686e-05
5 61 2 8.028199e-05
6 61 2 1.131043e-04
7 61 2 1.338480e-04
8 61 2 1.287729e-04
9 61 2 1.000599e-04
10 61 2 6.806135e-05
11 61 2 4.440055e-05
12 61 2 3.114217e-05
1 62 2 8.018929e-06
2 62 2 8.782615e-06
3 62 2 1.382544e-05
4 62 2 2.502826e-05
5 62 2 4.292887e-05
6 62 2 6.089803e-05
7 62 2 7.446598e-05
8 62 2 6.951129e-05
9 62 2 4.843702e-05
10 62 2 2.888488e-05
11 62 2 1.568577e-05
12 62 2 1.020785e-05
1 63 2 1.077379e-05
2 63 2 1.307893e-05
3 63 2 2.188448e-05
4 63 2 4.602859e-05
5 63 2 8.833645e-05
6 63 2 1.313262e-04
7 63 2 1.679345e-04
8 63 2 1.461359e-04
9 63 2 8.925523e-05
10 63 2 4.874324e-05
11 63 2 2.251486e-05
12 63 2 1.473918e-05
1 64 2 2.878575e-06
2 64 2 3.687754e-06
3 64 2 7.022374e-06
4 64 2 1.663366e-05
5 64 2 3.562406e-05
6 64 2 5.706159e-05
7 64 2 7.232681e-05
8 64 2 5.654341e-05
9 64 2 3.237591e-05
10 64 2 1.431268e-05
11 64 2 6.540190e-06
12 64 2 4.475830e-06
1 65 2 9.736144e-07
2 65 2 1.207288e-06
3 65 2 2.644941e-06
4 65 2 7.458827e-06
5 65 2 1.563878e-05
6 65 2 2.657870e-05
7 65 2 3.444977e-05
8 65 2 2.571144e-05
9 65 2 1.458272e-05
10 65 2 5.174768e-06
11 65 2 2.278034e-06
12 65 2 1.650888e-06
1 66 2 6.446552e-07
2 66 2 7.969949e-07
3 66 2 1.894685e-06
4 66 2 6.215833e-06
5 66 2 1.292449e-05
6 66 2 2.222425e-05
7 66 2 3.065094e-05
8 66 2 2.317215e-05
9 66 2 1.310811e-05
10 66 2 4.342866e-06
11 66 2 1.664251e-06
12 66 2 1.032303e-06
1 67 2 2.182660e-07
2 67 2 2.910476e-07
3 67 2 7.401360e-07
4 67 2 2.734127e-06
5 67 2 6.203575e-06
6 67 2 1.058024e-05
7 67 2 1.479235e-05
8 67 2 1.138392e-05
9 67 2 6.226213e-06
10 67 2 2.289669e-06
11 67 2 7.240106e-07
12 67 2 3.258734e-07
1 68 2 5.292305e-08
2 68 2 7.106142e-08
3 68 2 2.110484e-07
4 68 2 9.700900e-07
5 68 2 2.643619e-06
6 68 2 5.065994e-06
7 68 2 7.263677e-06
8 68 2 5.402242e-06
9 68 2 2.592589e-06
10 68 2 9.524860e-07
11 68 2 2.172006e-07
12 68 2 7.557825e-08
1 69 2 3.190338e-08
2 69 2 4.523306e-08
3 69 2 1.081718e-07
4 69 2 4.743398e-07
5 69 2 1.520993e-06
6 69 2 3.599600e-06
7 69 2 5.273386e-06
8 69 2 4.059440e-06
9 69 2 1.743909e-06
10 69 2 5.670518e-07
11 69 2 1.098742e-07
12 69 2 4.131982e-08
1 70 2 1.342318e-07
2 70 2 1.568913e-07
3 70 2 2.248207e-07
4 70 2 5.865456e-07
5 70 2 1.470870e-06
6 70 2 3.571691e-06
7 70 2 5.781434e-06
8 70 2 5.269222e-06
9 70 2 2.720673e-06
10 70 2 9.697814e-07
11 70 2 2.949497e-07
12 70 2 1.660353e-07
1 71 2 1.131912e-07
2 71 2 1.148626e-07
3 71 2 1.299758e-07
4 71 2 2.085718e-07
5 71 2 4.039261e-07
6 71 2 8.426277e-07
7 71 2 1.293169e-06
8 71 2 1.285734e-06
9 71 2 8.249150e-07
10 71 2 3.928960e-07
11 71 2 1.876964e-07
12 71 2 1.303615e-07
1 72 2 4.762335e-10
2 72 2 4.548444e-10
3 72 2 4.927768e-10
4 72 2 6.282951e-10
5 72 2 9.775809e-10
6 72 2 1.701023e-09
7 72 2 2.634690e-09
8 72 2 2.533954e-09
9 72 2 1.772839e-09
10 72 2 1.074949e-09
11 72 2 6.623169e-10
12 72 2 4.729813e-10
1 76 2 4.214637e-07
2 76 2 3.855959e-07
3 76 2 3.894768e-07
4 76 2 4.236579e-07
5 76 2 5.759701e-07
6 76 2 8.212968e-07
7 76 2 1.101313e-06
8 76 2 1.175303e-06
9 76 2 1.119835e-06
10 76 2 7.478263e-07
11 76 2 4.827533e-07
12 76 2 4.222097e-07
1 77 2 4.297098e-07
2 77 2 5.579747e-07
3 77 2 7.309135e-07
4 77 2 1.181317e-06
5 77 2 1.983479e-06
6 77 2 3.062284e-06
7 77 2 4.160818e-06
8 77 2 3.949291e-06
9 77 2 2.925467e-06
10 77 2 1.477981e-06
11 77 2 6.485423e-07
12 77 2 4.087729e-07
1 78 2 4.694565e-07
2 78 2 6.414462e-07
3 78 2 8.932522e-07
4 78 2 1.602142e-06
5 78 2 2.505287e-06
6 78 2 3.977527e-06
7 78 2 4.909817e-06
8 78 2 4.597448e-06
9 78 2 2.980935e-06
10 78 2 1.580848e-06
11 78 2 8.536921e-07
12 78 2 4.928653e-07
1 79 2 2.827844e-06
2 79 2 3.469811e-06
3 79 2 5.094683e-06
4 79 2 8.450378e-06
5 79 2 1.283847e-05
6 79 2 2.097383e-05
7 79 2 2.570080e-05
8 79 2 2.434695e-05
9 79 2 1.681172e-05
10 79 2 1.014832e-05
11 79 2 5.781987e-06
12 79 2 3.541939e-06
1 80 2 8.740222e-07
2 80 2 8.757288e-07
3 80 2 1.100408e-06
4 80 2 1.487878e-06
5 80 2 2.219038e-06
6 80 2 3.376186e-06
7 80 2 4.347352e-06
8 80 2 4.303806e-06
9 80 2 3.572080e-06
10 80 2 2.504401e-06
11 80 2 1.460968e-06
12 80 2 1.079899e-06
1 81 2 2.047906e-12
2 81 2 1.855897e-12
3 81 2 1.954763e-12
4 81 2 2.317870e-12
5 81 2 3.337712e-12
6 81 2 4.497471e-12
7 81 2 6.001101e-12
8 81 2 6.439047e-12
9 81 2 5.855103e-12
10 81 2 4.492581e-12
11 81 2 2.969768e-12
12 81 2 2.431337e-12
1 84 2 2.998481e-06
2 84 2 3.170149e-06
3 84 2 3.920840e-06
4 84 2 4.954716e-06
5 84 2 6.642779e-06
6 84 2 1.088468e-05
7 84 2 1.457810e-05
8 84 2 1.396944e-05
9 84 2 1.048192e-05
10 84 2 6.615146e-06
11 84 2 4.443903e-06
12 84 2 3.394661e-06
1 85 2 5.207946e-06
2 85 2 5.864558e-06
3 85 2 7.624871e-06
4 85 2 1.107823e-05
5 85 2 1.773383e-05
6 85 2 2.709120e-05
7 85 2 3.748319e-05
8 85 2 3.565809e-05
9 85 2 2.567624e-05
10 85 2 1.416317e-05
11 85 2 7.987430e-06
12 85 2 5.795686e-06
1 86 2 1.598769e-06
2 86 2 1.810141e-06
3 86 2 2.313227e-06
4 86 2 3.360020e-06
5 86 2 5.400216e-06
6 86 2 7.835595e-06
7 86 2 1.076403e-05
8 86 2 1.079924e-05
9 86 2 7.993493e-06
10 86 2 4.635338e-06
11 86 2 2.553373e-06
12 86 2 1.824878e-06
1 87 2 1.927476e-06
2 87 2 2.607653e-06
3 87 2 3.723250e-06
4 87 2 5.885610e-06
5 87 2 1.032552e-05
6 87 2 1.552057e-05
7 87 2 2.104109e-05
8 87 2 2.144016e-05
9 87 2 1.554422e-05
10 87 2 8.751807e-06
11 87 2 3.845313e-06
12 87 2 2.337366e-06
1 88 2 7.640713e-07
2 88 2 1.085043e-06
3 88 2 1.701507e-06
4 88 2 3.228428e-06
5 88 2 6.625685e-06
6 88 2 1.041376e-05
7 88 2 1.333627e-05
8 88 2 1.169695e-05
9 88 2 7.558571e-06
10 88 2 3.572040e-06
11 88 2 1.831274e-06
12 88 2 1.017206e-06
1 89 2 7.426448e-07
2 89 2 1.033294e-06
3 89 2 1.961160e-06
4 89 2 3.688607e-06
5 89 2 7.361039e-06
6 89 2 1.099654e-05
7 89 2 1.282817e-05
8 89 2 1.123442e-05
9 89 2 7.331643e-06
10 89 2 3.488912e-06
11 89 2 1.919774e-06
12 89 2 1.062603e-06
1 90 2 2.655811e-07
2 90 2 3.500271e-07
3 90 2 6.945912e-07
4 90 2 1.246643e-06
5 90 2 1.914148e-06
6 90 2 2.533696e-06
7 90 2 2.845497e-06
8 90 2 2.632873e-06
9 90 2 1.918725e-06
10 90 2 1.144438e-06
11 90 2 6.309896e-07
12 90 2 3.592085e-07
1 91 2 2.147558e-09
2 91 2 3.038701e-09
3 91 2 6.348518e-09
4 91 2 1.199670e-08
5 91 2 1.770526e-08
6 91 2 2.250504e-08
7 91 2 2.526988e-08
8 91 2 2.317491e-08
9 91 2 1.666324e-08
10 91 2 1.031458e-08
11 91 2 5.345836e-09
12 91 2 2.744320e-09
1 92 2 1.152933e-08
2 92 2 1.646895e-08
3 92 2 4.128351e-08
4 92 2 9.849288e-08
5 92 2 1.857433e-07
6 92 2 2.846241e-07
7 92 2 3.416528e-07
8 92 2 3.109588e-07
9 92 2 1.945389e-07
10 92 2 1.033912e-07
11 92 2 4.055008e-08
12 92 2 1.740715e-08
1 93 2 1.361135e-06
2 93 2 1.642331e-06
3 93 2 3.376721e-06
4 93 2 7.869824e-06
5 93 2 1.403932e-05
6 93 2 2.227942e-05
7 93 2 2.988667e-05
8 93 2 2.938115e-05
9 93 2 1.976191e-05
10 93 2 1.138046e-05
11 93 2 4.873731e-06
12 93 2 2.030007e-06
1 94 2 1.706062e-06
2 94 2 1.697461e-06
3 94 2 2.266521e-06
4 94 2 4.016693e-06
5 94 2 6.856251e-06
6 94 2 1.079601e-05
7 94 2 1.491464e-05
8 94 2 1.625366e-05
9 94 2 1.338838e-05
10 94 2 8.081203e-06
11 94 2 4.337382e-06
12 94 2 2.369841e-06
1 98 2 5.336200e-08
2 98 2 4.967294e-08
3 98 2 4.677477e-08
4 98 2 4.980166e-08
5 98 2 5.652146e-08
6 98 2 6.467727e-08
7 98 2 7.274864e-08
8 98 2 7.667352e-08
9 98 2 7.565961e-08
10 98 2 7.151853e-08
11 98 2 6.433042e-08
12 98 2 5.854136e-08
1 101 2 2.099254e-07
2 101 2 2.157055e-07
3 101 2 2.210423e-07
4 101 2 2.725787e-07
5 101 2 3.505415e-07
6 101 2 4.092938e-07
7 101 2 4.368977e-07
8 101 2 4.377868e-07
9 101 2 4.208736e-07
10 101 2 3.608560e-07
11 101 2 2.774884e-07
12 101 2 2.225655e-07
1 102 2 1.347097e-06
2 102 2 1.522707e-06
3 102 2 1.871436e-06
4 102 2 2.340790e-06
5 102 2 2.708848e-06
6 102 2 2.957193e-06
7 102 2 3.040466e-06
8 102 2 3.078885e-06
9 102 2 2.774935e-06
10 102 2 2.137813e-06
11 102 2 1.715862e-06
12 102 2 1.406363e-06
1 103 2 7.519761e-07
2 103 2 7.673978e-07
3 103 2 8.363674e-07
4 103 2 9.450635e-07
5 103 2 1.100602e-06
6 103 2 1.259498e-06
7 103 2 1.362616e-06
8 103 2 1.430036e-06
9 103 2 1.402569e-06
10 103 2 1.225724e-06
11 103 2 1.008350e-06
12 103 2 8.384099e-07
1 104 2 3.523391e-07
2 104 2 3.380957e-07
3 104 2 3.417693e-07
4 104 2 3.747007e-07
5 104 2 4.381418e-07
6 104 2 5.027889e-07
7 104 2 5.642929e-07
8 104 2 6.095739e-07
9 104 2 6.144805e-07
10 104 2 5.740464e-07
11 104 2 4.722049e-07
12 104 2 3.909851e-07
1 107 2 1.286337e-07
2 107 2 1.357062e-07
3 107 2 1.584419e-07
4 107 2 1.815569e-07
5 107 2 2.036047e-07
6 107 2 2.606629e-07
7 107 2 2.849156e-07
8 107 2 2.837628e-07
9 107 2 2.656444e-07
10 107 2 2.272195e-07
11 107 2 1.806312e-07
12 107 2 1.412604e-07
1 108 2 1.708217e-08
2 108 2 2.183104e-08
3 108 2 3.171192e-08
4 108 2 4.911484e-08
5 108 2 7.623934e-08
6 108 2 1.046409e-07
7 108 2 1.120149e-07
8 108 2 9.899759e-08
9 108 2 8.010467e-08
10 108 2 5.526668e-08
11 108 2 2.878833e-08
12 108 2 1.832658e-08
1 109 2 3.239425e-08
2 109 2 4.278809e-08
3 109 2 6.692334e-08
4 109 2 1.161397e-07
5 109 2 1.978770e-07
6 109 2 2.494340e-07
7 109 2 2.534474e-07
8 109 2 2.329894e-07
9 109 2 1.870971e-07
10 109 2 1.312793e-07
11 109 2 5.838979e-08
12 109 2 3.410915e-08
1 110 2 1.427797e-08
2 110 2 1.818741e-08
3 110 2 2.920990e-08
4 110 2 4.521579e-08
5 110 2 7.012787e-08
6 110 2 8.121145e-08
7 110 2 8.731014e-08
8 110 2 8.634905e-08
9 110 2 7.270389e-08
10 110 2 5.300574e-08
11 110 2 2.563913e-08
12 110 2 1.509147e-08
1 111 2 4.898792e-07
2 111 2 6.126960e-07
3 111 2 9.919414e-07
4 111 2 1.503370e-06
5 111 2 2.272124e-06
6 111 2 2.913950e-06
7 111 2 3.080264e-06
8 111 2 3.050883e-06
9 111 2 2.598093e-06
10 111 2 1.691233e-06
11 111 2 9.110550e-07
12 111 2 5.564891e-07
1 112 2 5.642214e-07
2 112 2 7.274946e-07
3 112 2 1.276233e-06
4 112 2 2.122301e-06
5 112 2 3.227316e-06
6 112 2 3.932865e-06
7 112 2 4.005518e-06
8 112 2 3.733556e-06
9 112 2 2.850159e-06
10 112 2 1.892145e-06
11 112 2 1.085894e-06
12 112 2 6.674879e-07
1 113 2 3.236883e-07
2 113 2 4.100829e-07
3 113 2 6.889418e-07
4 113 2 1.030250e-06
5 113 2 1.267821e-06
6 113 2 1.106995e-06
7 113 2 9.498673e-07
8 113 2 9.072006e-07
9 113 2 8.972641e-07
10 113 2 8.192878e-07
11 113 2 5.730405e-07
12 113 2 3.870372e-07
1 114 2 8.824887e-07
2 114 2 1.196699e-06
3 114 2 2.132124e-06
4 114 2 3.107964e-06
5 114 2 3.585677e-06
6 114 2 2.624917e-06
7 114 2 2.168004e-06
8 114 2 1.987239e-06
9 114 2 1.917756e-06
10 114 2 1.716427e-06
11 114 2 1.308469e-06
12 114 2 9.692314e-07
1 115 2 3.018344e-07
2 115 2 4.391420e-07
3 115 2 6.961115e-07
4 115 2 8.628911e-07
5 115 2 7.706026e-07
6 115 2 7.154792e-07
7 115 2 6.900664e-07
8 115 2 6.620699e-07
9 115 2 6.089068e-07
10 115 2 5.441514e-07
11 115 2 4.133606e-07
12 115 2 2.965552e-07
1 116 2 2.194625e-07
2 116 2 2.809387e-07
3 116 2 4.296223e-07
4 116 2 6.081147e-07
5 116 2 7.072757e-07
6 116 2 8.054076e-07
7 116 2 8.443758e-07
8 116 2 8.082550e-07
9 116 2 6.547766e-07
10 116 2 5.234792e-07
11 116 2 3.802974e-07
12 116 2 2.505236e-07
1 117 2 7.583564e-08
2 117 2 7.919137e-08
3 117 2 1.000114e-07
4 117 2 1.369027e-07
5 117 2 1.743345e-07
6 117 2 2.065479e-07
7 117 2 2.198917e-07
8 117 2 2.196034e-07
9 117 2 2.003748e-07
10 117 2 1.715329e-07
11 117 2 1.384720e-07
12 117 2 1.000304e-07
1 126 2 3.869667e-09
2 126 2 4.022123e-09
3 126 2 4.359432e-09
4 126 2 4.603294e-09
5 126 2 4.548097e-09
6 126 2 4.226947e-09
7 126 2 4.074531e-09
8 126 2 4.114339e-09
9 126 2 4.092558e-09
10 126 2 4.021593e-09
11 126 2 3.929595e-09
12 126 2 3.870098e-09
1 127 2 3.899310e-07
2 127 2 3.965678e-07
3 127 2 4.185688e-07
4 127 2 4.345633e-07
5 127 2 4.404837e-07
6 127 2 4.266642e-07
7 127 2 4.267820e-07
8 127 2 4.365759e-07
9 127 2 4.319220e-07
10 127 2 4.146115e-07
11 127 2 4.018099e-07
12 127 2 3.968362e-07
1 128 2 1.767442e-06
2 128 2 1.815147e-06
3 128 2 1.863364e-06
4 128 2 1.818960e-06
5 128 2 1.769400e-06
6 128 2 1.716249e-06
7 128 2 1.829204e-06
8 128 2 2.079813e-06
9 128 2 2.186904e-06
10 128 2 2.065634e-06
11 128 2 1.878393e-06
12 128 2 1.769820e-06
1 129 2 5.037962e-08
2 129 2 4.968790e-08
3 129 2 5.094108e-08
4 129 2 5.241838e-08
5 129 2 5.322718e-08
6 129 2 5.466711e-08
7 129 2 5.712173e-08
8 129 2 6.226259e-08
9 129 2 6.505129e-08
10 129 2 6.533788e-08
11 129 2 5.965572e-08
12 129 2 5.299684e-08
1 133 2 1.081938e-06
2 133 2 1.257913e-06
3 133 2 1.510057e-06
4 133 2 1.550429e-06
5 133 2 1.478950e-06
6 133 2 1.359355e-06
7 133 2 1.213237e-06
8 133 2 1.136059e-06
9 133 2 1.184656e-06
10 133 2 1.261705e-06
11 133 2 1.203686e-06
12 133 2 1.053226e-06
1 135 2 4.681162e-08
2 135 2 5.274031e-08
3 135 2 6.272028e-08
4 135 2 6.754682e-08
5 135 2 6.490602e-08
6 135 2 5.790281e-08
7 135 2 5.002229e-08
8 135 2 5.052290e-08
9 135 2 5.368636e-08
10 135 2 5.048890e-08
11 135 2 4.839317e-08
12 135 2 4.545877e-08
1 136 2 5.232482e-08
2 136 2 5.385283e-08
3 136 2 6.659907e-08
4 136 2 8.096420e-08
5 136 2 8.865944e-08
6 136 2 8.089123e-08
7 136 2 7.157929e-08
8 136 2 7.141511e-08
9 136 2 7.178423e-08
10 136 2 6.752728e-08
11 136 2 6.384669e-08
12 136 2 5.669666e-08
1 137 2 1.274248e-08
2 137 2 1.336817e-08
3 137 2 1.532689e-08
4 137 2 1.684200e-08
5 137 2 1.662407e-08
6 137 2 1.529581e-08
7 137 2 1.415026e-08
8 137 2 1.365358e-08
9 137 2 1.366216e-08
10 137 2 1.423282e-08
11 137 2 1.407182e-08
12 137 2 1.326846e-08
1 138 2 5.090000e-07
2 138 2 5.597266e-07
3 138 2 6.493656e-07
4 138 2 7.227035e-07
5 138 2 7.291635e-07
6 138 2 6.408615e-07
7 138 2 5.936968e-07
8 138 2 5.725469e-07
9 138 2 5.741091e-07
10 138 2 5.774544e-07
11 138 2 5.601418e-07
12 138 2 5.194846e-07
1 139 2 8.586768e-07
2 139 2 9.778742e-07
3 139 2 1.092678e-06
4 139 2 1.146844e-06
5 139 2 1.130682e-06
6 139 2 1.052972e-06
7 139 2 9.962705e-07
8 139 2 9.590748e-07
9 139 2 9.466437e-07
10 139 2 9.539928e-07
11 139 2 9.077971e-07
12 139 2 8.309671e-07
1 140 2 2.843140e-07
2 140 2 2.939913e-07
3 140 2 3.192973e-07
4 140 2 3.617586e-07
5 140 2 3.841359e-07
6 140 2 3.689632e-07
7 140 2 3.493482e-07
8 140 2 3.369434e-07
9 140 2 3.320313e-07
10 140 2 3.338664e-07
11 140 2 3.268149e-07
12 140 2 3.046913e-07
1 141 2 4.462761e-07
2 141 2 4.416585e-07
3 141 2 4.543088e-07
4 141 2 4.986001e-07
5 141 2 5.380556e-07
6 141 2 5.320491e-07
7 141 2 5.176619e-07
8 141 2 5.019746e-07
9 141 2 4.977204e-07
10 141 2 4.988905e-07
11 141 2 5.038701e-07
12 141 2 4.892185e-07
1 150 2 5.187062e-10
2 150 2 5.678055e-10
3 150 2 6.077713e-10
4 150 2 6.214958e-10
5 150 2 5.815306e-10
6 150 2 5.128838e-10
7 150 2 4.678932e-10
8 150 2 4.565945e-10
9 150 2 4.418330e-10
10 150 2 4.317805e-10
11 150 2 4.401754e-10
12 150 2 4.683340e-10
1 151 2 3.350487e-07
2 151 2 3.563634e-07
3 151 2 3.778508e-07
4 151 2 3.867604e-07
5 151 2 3.742176e-07
6 151 2 3.522546e-07
7 151 2 3.444713e-07
8 151 2 3.577707e-07
9 151 2 3.406295e-07
10 151 2 3.196456e-07
11 151 2 3.102727e-07
12 151 2 3.180132e-07
1 152 2 2.655835e-07
2 152 2 2.690165e-07
3 152 2 2.715069e-07
4 152 2 2.580017e-07
5 152 2 2.480087e-07
6 152 2 2.435794e-07
7 152 2 2.784764e-07
8 152 2 3.713147e-07
9 152 2 3.941912e-07
10 152 2 3.359729e-07
11 152 2 2.881106e-07
12 152 2 2.664432e-07
1 153 2 3.077681e-07
2 153 2 3.152335e-07
3 153 2 3.325930e-07
4 153 2 3.262299e-07
5 153 2 3.150408e-07
6 153 2 3.093068e-07
7 153 2 3.610593e-07
8 153 2 4.718395e-07
9 153 2 5.738884e-07
10 153 2 5.129384e-07
11 153 2 3.880116e-07
12 153 2 3.237432e-07
1 154 2 8.373401e-07
2 154 2 8.327969e-07
3 154 2 8.666322e-07
4 154 2 8.303944e-07
5 154 2 7.764944e-07
6 154 2 6.984658e-07
7 154 2 6.595352e-07
8 154 2 6.870588e-07
9 154 2 7.746497e-07
10 154 2 8.705679e-07
11 154 2 9.174815e-07
12 154 2 8.871608e-07
1 157 2 3.336542e-08
2 157 2 3.464665e-08
3 157 2 3.709420e-08
4 157 2 3.657165e-08
5 157 2 3.564685e-08
6 157 2 3.351416e-08
7 157 2 3.197729e-08
8 157 2 3.165496e-08
9 157 2 3.142617e-08
10 157 2 3.197413e-08
11 157 2 3.220335e-08
12 157 2 3.262361e-08
1 163 2 1.553467e-07
2 163 2 1.574281e-07
3 163 2 1.620997e-07
4 163 2 1.718268e-07
5 163 2 1.719945e-07
6 163 2 1.590156e-07
7 163 2 1.470094e-07
8 163 2 1.380447e-07
9 163 2 1.400215e-07
10 163 2 1.481373e-07
11 163 2 1.539283e-07
12 163 2 1.551344e-07
1 164 2 5.875208e-07
2 164 2 5.824974e-07
3 164 2 5.987122e-07
4 164 2 6.266428e-07
5 164 2 6.192715e-07
6 164 2 5.727784e-07
7 164 2 5.301570e-07
8 164 2 5.178657e-07
9 164 2 5.545287e-07
10 164 2 6.075107e-07
11 164 2 6.197796e-07
12 164 2 6.094589e-07
1 165 2 2.564852e-07
2 165 2 2.513737e-07
3 165 2 2.545338e-07
4 165 2 2.601638e-07
5 165 2 2.573082e-07
6 165 2 2.367600e-07
7 165 2 2.232323e-07
8 165 2 2.259515e-07
9 165 2 2.408400e-07
10 165 2 2.575101e-07
11 165 2 2.708899e-07
12 165 2 2.712090e-07
1 166 2 1.119194e-07
2 166 2 1.108021e-07
3 166 2 1.089715e-07
4 166 2 1.084603e-07
5 166 2 1.049089e-07
6 166 2 9.702326e-08
7 166 2 9.161932e-08
8 166 2 9.230285e-08
9 166 2 9.575737e-08
10 166 2 1.007297e-07
11 166 2 1.086014e-07
12 166 2 1.140733e-07
1 170 2 5.138800e-09
2 170 2 5.651662e-09
3 170 2 5.552727e-09
4 170 2 5.047132e-09
5 170 2 4.205769e-09
6 170 2 3.536317e-09
7 170 2 3.344802e-09
8 170 2 3.193209e-09
9 170 2 3.246916e-09
10 170 2 3.615418e-09
11 170 2 3.988941e-09
12 170 2 4.593512e-09
1 171 2 1.844573e-08
2 171 2 2.024811e-08
3 171 2 2.049324e-08
4 171 2 1.823250e-08
5 171 2 1.516739e-08
6 171 2 1.299774e-08
7 171 2 1.180055e-08
8 171 2 1.118139e-08
9 171 2 1.134431e-08
10 171 2 1.233944e-08
11 171 2 1.408350e-08
12 171 2 1.663830e-08
1 175 2 5.346376e-10
2 175 2 5.652365e-10
3 175 2 5.668578e-10
4 175 2 5.309298e-10
5 175 2 4.612944e-10
6 175 2 4.203561e-10
7 175 2 4.116341e-10
8 175 2 4.081587e-10
9 175 2 3.796321e-10
10 175 2 3.837543e-10
11 175 2 4.012115e-10
12 175 2 4.680155e-10
1 176 2 1.116634e-06
2 176 2 1.125006e-06
3 176 2 1.101377e-06
4 176 2 9.727550e-07
5 176 2 7.869154e-07
6 176 2 7.130930e-07
7 176 2 7.117925e-07
8 176 2 8.120606e-07
9 176 2 8.844180e-07
10 176 2 9.438895e-07
11 176 2 1.007532e-06
12 176 2 1.070246e-06
1 177 2 1.914533e-06
2 177 2 1.860403e-06
3 177 2 1.756568e-06
4 177 2 1.536001e-06
5 177 2 1.256031e-06
6 177 2 1.072544e-06
7 177 2 1.115965e-06
8 177 2 1.337132e-06
9 177 2 1.680566e-06
10 177 2 1.747724e-06
11 177 2 1.783174e-06
12 177 2 1.786817e-06
1 178 2 6.138446e-07
2 178 2 6.066704e-07
3 178 2 5.815379e-07
4 178 2 4.874222e-07
5 178 2 4.244008e-07
6 178 2 3.587131e-07
7 178 2 3.416515e-07
8 178 2 3.441660e-07
9 178 2 3.925126e-07
10 178 2 4.223325e-07
11 178 2 4.770005e-07
12 178 2 5.295708e-07
1 181 2 7.501032e-09
2 181 2 7.922746e-09
3 181 2 8.031849e-09
4 181 2 7.679523e-09
5 181 2 6.333212e-09
6 181 2 5.476308e-09
7 181 2 4.842184e-09
8 181 2 4.955581e-09
9 181 2 5.368869e-09
10 181 2 5.813482e-09
11 181 2 6.583845e-09
12 181 2 7.009890e-09
1 182 2 8.946603e-07
2 182 2 8.269420e-07
3 182 2 7.797692e-07
4 182 2 6.513703e-07
5 182 2 5.100810e-07
6 182 2 3.815100e-07
7 182 2 3.782664e-07
8 182 2 5.256480e-07
9 182 2 7.293932e-07
10 182 2 8.945747e-07
11 182 2 9.886891e-07
12 182 2 9.489955e-07
1 183 2 1.900578e-07
2 183 2 1.825824e-07
3 183 2 1.743091e-07
4 183 2 1.580508e-07
5 183 2 1.329812e-07
6 183 2 1.079300e-07
7 183 2 1.004175e-07
8 183 2 1.192420e-07
9 183 2 1.386459e-07
10 183 2 1.640180e-07
11 183 2 1.785658e-07
12 183 2 1.836664e-07
1 184 2 5.936750e-08
2 184 2 6.015458e-08
3 184 2 5.825876e-08
4 184 2 5.242912e-08
5 184 2 4.358679e-08
6 184 2 3.522635e-08
7 184 2 3.176531e-08
8 184 2 3.317576e-08
9 184 2 3.514417e-08
10 184 2 4.035865e-08
11 184 2 4.722234e-08
12 184 2 5.382302e-08
1 188 2 9.849889e-09
2 188 2 9.764010e-09
3 188 2 9.050361e-09
4 188 2 7.390237e-09
5 188 2 5.223124e-09
6 188 2 3.972893e-09
7 188 2 3.418642e-09
8 188 2 3.477534e-09
9 188 2 4.710301e-09
10 188 2 6.190000e-09
11 188 2 7.371676e-09
12 188 2 9.194462e-09
1 189 2 8.589822e-09
2 189 2 7.938728e-09
3 189 2 7.201133e-09
4 189 2 5.322708e-09
5 189 2 3.524109e-09
6 189 2 2.492118e-09
7 189 2 2.369471e-09
8 189 2 2.910495e-09
9 189 2 4.682040e-09
10 189 2 6.666540e-09
11 189 2 8.108736e-09
12 189 2 8.473589e-09
1 190 2 3.517531e-08
2 190 2 3.332926e-08
3 190 2 2.892987e-08
4 190 2 2.049042e-08
5 190 2 1.429616e-08
6 190 2 1.037105e-08
7 190 2 9.744766e-09
8 190 2 1.174729e-08
9 190 2 1.650038e-08
10 190 2 2.249400e-08
11 190 2 2.947432e-08
12 190 2 3.306965e-08
1 191 2 2.702573e-08
2 191 2 2.800580e-08
3 191 2 2.722177e-08
4 191 2 2.248824e-08
5 191 2 1.849250e-08
6 191 2 1.519126e-08
7 191 2 1.335568e-08
8 191 2 1.356385e-08
9 191 2 1.479844e-08
10 191 2 1.660973e-08
11 191 2 2.042822e-08
12 191 2 2.403362e-08
1 192 2 3.549510e-08
2 192 2 3.836034e-08
3 192 2 3.737481e-08
4 192 2 3.236099e-08
5 192 2 2.734992e-08
6 192 2 2.328736e-08
7 192 2 2.046495e-08
8 192 2 1.901675e-08
9 192 2 1.958053e-08
10 192 2 2.150166e-08
11 192 2 2.566742e-08
12 192 2 3.082096e-08
1 200 2 5.482386e-06
2 200 2 5.640012e-06
3 200 2 4.612292e-06
4 200 2 3.049054e-06
5 200 2 1.995759e-06
6 200 2 1.625361e-06
7 200 2 1.544177e-06
8 200 2 1.665264e-06
9 200 2 1.844575e-06
10 200 2 2.358378e-06
11 200 2 3.277315e-06
12 200 2 4.515473e-06
1 201 2 3.330291e-06
2 201 2 3.436170e-06
3 201 2 3.145610e-06
4 201 2 2.421266e-06
5 201 2 1.824655e-06
6 201 2 1.509587e-06
7 201 2 1.426645e-06
8 201 2 1.475734e-06
9 201 2 1.460535e-06
10 201 2 1.737848e-06
11 201 2 2.215289e-06
12 201 2 2.759074e-06
1 206 2 5.948715e-07
2 206 2 6.425388e-07
3 206 2 5.813257e-07
4 206 2 4.960717e-07
5 206 2 4.102487e-07
6 206 2 3.577022e-07
7 206 2 3.067994e-07
8 206 2 3.012382e-07
9 206 2 3.260871e-07
10 206 2 3.691123e-07
11 206 2 4.326847e-07
12 206 2 5.097475e-07
1 207 2 2.257435e-08
2 207 2 2.464835e-08
3 207 2 2.337597e-08
4 207 2 2.119618e-08
5 207 2 1.879789e-08
6 207 2 1.612287e-08
7 207 2 1.421086e-08
8 207 2 1.399408e-08
9 207 2 1.411913e-08
10 207 2 1.555171e-08
11 207 2 1.676014e-08
12 207 2 1.917256e-08
1 212 2 1.386359e-08
2 212 2 1.479853e-08
3 212 2 1.313514e-08
4 212 2 1.104259e-08
5 212 2 8.606826e-09
6 212 2 6.946424e-09
7 212 2 5.765925e-09
8 212 2 5.572714e-09
9 212 2 6.329080e-09
10 212 2 7.468017e-09
11 212 2 8.858370e-09
12 212 2 1.171246e-08
1 213 2 3.018042e-09
2 213 2 3.298493e-09
3 213 2 2.795342e-09
4 213 2 2.365459e-09
5 213 2 1.825267e-09
6 213 2 1.407024e-09
7 213 2 1.194151e-09
8 213 2 1.165781e-09
9 213 2 1.404232e-09
10 213 2 1.730554e-09
11 213 2 2.125099e-09
12 213 2 2.600521e-09
1 214 2 1.072860e-07
2 214 2 1.137366e-07
3 214 2 9.138031e-08
4 214 2 6.787134e-08
5 214 2 5.016937e-08
6 214 2 3.697253e-08
7 214 2 3.201878e-08
8 214 2 3.300894e-08
9 214 2 4.166674e-08
10 214 2 5.586087e-08
11 214 2 7.646840e-08
12 214 2 9.274286e-08
1 215 2 3.979245e-08
2 215 2 4.093184e-08
3 215 2 3.816267e-08
4 215 2 3.041404e-08
5 215 2 2.470396e-08
6 215 2 1.984911e-08
7 215 2 1.715238e-08
8 215 2 1.719456e-08
9 215 2 1.933644e-08
10 215 2 2.300415e-08
11 215 2 2.896539e-08
12 215 2 3.499178e-08
1 216 2 1.332649e-07
2 216 2 1.391384e-07
3 216 2 1.304775e-07
4 216 2 1.060706e-07
5 216 2 8.493527e-08
6 216 2 7.306709e-08
7 216 2 6.420693e-08
8 216 2 6.139373e-08
9 216 2 6.370688e-08
10 216 2 7.240884e-08
11 216 2 8.709556e-08
12 216 2 1.119335e-07
1 224 2 1.602390e-07
2 224 2 1.751791e-07
3 224 2 1.528652e-07
4 224 2 1.316398e-07
5 224 2 1.063016e-07
6 224 2 9.033578e-08
7 224 2 8.206918e-08
8 224 2 8.572031e-08
9 224 2 8.815357e-08
10 224 2 1.039729e-07
11 224 2 1.241642e-07
12 224 2 1.481377e-07
1 240 2 8.232048e-09
2 240 2 8.396637e-09
3 240 2 7.678520e-09
4 240 2 6.781337e-09
5 240 2 5.893854e-09
6 240 2 5.083655e-09
7 240 2 4.980530e-09
8 240 2 5.134637e-09
9 240 2 4.998261e-09
10 240 2 5.382605e-09
11 240 2 5.914161e-09
12 240 2 7.329573e-09
