1 7 2 9.868113e-12
2 7 2 8.430219e-12
3 7 2 9.219668e-12
4 7 2 2.382906e-11
5 7 2 8.198903e-11
6 7 2 2.208273e-10
7 7 2 2.987858e-10
8 7 2 2.037150e-10
9 7 2 8.809988e-11
10 7 2 3.862274e-11
11 7 2 2.046286e-11
12 7 2 1.207175e-11
1 25 2 5.596385e-09
2 25 2 5.313745e-09
3 25 2 7.486189e-09
4 25 2 1.366063e-08
5 25 2 3.821587e-08
6 25 2 6.929961e-08
7 25 2 8.401143e-08
8 25 2 6.442191e-08
9 25 2 3.640179e-08
10 25 2 1.703472e-08
11 25 2 8.122352e-09
12 25 2 4.703628e-09
1 26 2 4.713186e-10
2 26 2 3.878997e-10
3 26 2 6.414239e-10
4 26 2 1.431711e-09
5 26 2 4.032908e-09
6 26 2 7.702742e-09
7 26 2 8.357453e-09
8 26 2 6.253072e-09
9 26 2 3.420102e-09
10 26 2 1.376725e-09
11 26 2 7.192823e-10
12 26 2 4.446958e-10
1 27 2 3.649556e-09
2 27 2 3.222231e-09
3 27 2 5.648553e-09
4 27 2 1.438617e-08
5 27 2 4.051253e-08
6 27 2 8.374433e-08
7 27 2 9.444943e-08
8 27 2 7.108960e-08
9 27 2 3.673659e-08
10 27 2 1.379548e-08
11 27 2 7.311110e-09
12 27 2 4.522425e-09
1 28 2 1.023163e-09
2 28 2 9.311060e-10
3 28 2 1.565959e-09
4 28 2 4.256649e-09
5 28 2 1.215534e-08
6 28 2 2.602438e-08
7 28 2 3.102711e-08
8 28 2 2.337927e-08
9 28 2 1.202680e-08
10 28 2 4.683853e-09
11 28 2 2.338247e-09
12 28 2 1.457767e-09
1 29 2 1.372962e-09
2 29 2 1.298826e-09
3 29 2 2.069095e-09
4 29 2 6.221424e-09
5 29 2 1.860479e-08
6 29 2 4.578808e-08
7 29 2 6.237391e-08
8 29 2 4.640663e-08
9 29 2 2.131223e-08
10 29 2 7.899108e-09
11 29 2 3.733940e-09
12 29 2 2.330889e-09
1 30 2 3.111795e-10
2 30 2 2.721459e-10
3 30 2 4.325350e-10
4 30 2 1.323868e-09
5 30 2 3.667319e-09
6 30 2 9.973679e-09
7 30 2 1.445637e-08
8 30 2 1.107079e-08
9 30 2 5.009149e-09
10 30 2 1.960672e-09
11 30 2 9.044038e-10
12 30 2 5.416460e-10
1 31 2 5.557454e-10
2 31 2 4.282486e-10
3 31 2 6.505617e-10
4 31 2 1.810729e-09
5 31 2 4.676181e-09
6 31 2 1.231215e-08
7 31 2 1.736286e-08
8 31 2 1.401487e-08
9 31 2 7.011171e-09
10 31 2 3.210771e-09
11 31 2 1.541562e-09
12 31 2 8.590299e-10
1 32 2 6.569156e-10
2 32 2 5.437997e-10
3 32 2 7.601382e-10
4 32 2 1.689057e-09
5 32 2 4.511245e-09
6 32 2 1.068625e-08
7 32 2 1.378653e-08
8 32 2 1.138830e-08
9 32 2 6.359355e-09
10 32 2 3.278311e-09
11 32 2 1.694097e-09
12 32 2 8.785762e-10
1 35 2 4.627024e-08
2 35 2 4.408857e-08
3 35 2 4.789323e-08
4 35 2 6.382206e-08
5 35 2 1.000496e-07
6 35 2 1.527976e-07
7 35 2 1.838624e-07
8 35 2 1.688344e-07
9 35 2 1.147463e-07
10 35 2 8.296146e-08
11 35 2 6.283887e-08
12 35 2 5.105089e-08
1 36 2 5.547160e-09
2 36 2 5.207704e-09
3 36 2 5.771675e-09
4 36 2 6.932288e-09
5 36 2 9.481054e-09
6 36 2 1.367720e-08
7 36 2 1.610788e-08
8 36 2 1.640954e-08
9 36 2 1.252589e-08
10 36 2 9.813529e-09
11 36 2 7.511136e-09
12 36 2 6.223613e-09
1 37 2 1.281463e-07
2 37 2 1.240278e-07
3 37 2 1.562808e-07
4 37 2 2.009562e-07
5 37 2 3.038074e-07
6 37 2 4.607897e-07
7 37 2 5.359221e-07
8 37 2 5.268241e-07
9 37 2 3.876935e-07
10 37 2 2.907024e-07
11 37 2 2.048903e-07
12 37 2 1.569634e-07
1 38 2 6.618878e-07
2 38 2 6.612944e-07
3 38 2 1.007395e-06
4 38 2 1.493629e-06
5 38 2 2.726979e-06
6 38 2 4.838816e-06
7 38 2 5.736227e-06
8 38 2 4.974977e-06
9 38 2 3.213455e-06
10 38 2 2.196394e-06
11 38 2 1.255063e-06
12 38 2 9.057015e-07
1 39 2 7.109203e-07
2 39 2 7.406359e-07
3 39 2 1.199677e-06
4 39 2 1.852401e-06
5 39 2 3.594272e-06
6 39 2 6.948634e-06
7 39 2 8.628260e-06
8 39 2 6.985592e-06
9 39 2 4.403104e-06
10 39 2 2.780508e-06
11 39 2 1.407433e-06
12 39 2 1.027324e-06
1 40 2 1.763296e-07
2 40 2 1.934642e-07
3 40 2 3.450405e-07
4 40 2 5.802131e-07
5 40 2 1.268375e-06
6 40 2 2.879770e-06
7 40 2 3.603036e-06
8 40 2 2.643097e-06
9 40 2 1.628121e-06
10 40 2 8.772468e-07
11 40 2 3.757872e-07
12 40 2 2.799497e-07
1 41 2 9.387241e-08
2 41 2 1.003543e-07
3 41 2 2.011067e-07
4 41 2 3.581852e-07
5 41 2 8.983811e-07
6 41 2 2.279734e-06
7 41 2 2.947560e-06
8 41 2 2.067405e-06
9 41 2 1.155362e-06
10 41 2 5.007446e-07
11 41 2 1.923726e-07
12 41 2 1.603401e-07
1 42 2 5.077826e-08
2 42 2 5.311507e-08
3 42 2 1.145419e-07
4 42 2 2.259559e-07
5 42 2 6.423547e-07
6 42 2 1.781700e-06
7 42 2 2.494171e-06
8 42 2 1.665646e-06
9 42 2 7.887708e-07
10 42 2 2.822926e-07
11 42 2 1.052441e-07
12 42 2 8.633745e-08
1 43 2 1.425690e-09
2 43 2 1.478257e-09
3 43 2 3.487919e-09
4 43 2 8.510627e-09
5 43 2 2.848663e-08
6 43 2 8.401151e-08
7 43 2 1.228132e-07
8 43 2 7.709359e-08
9 43 2 3.152501e-08
10 43 2 9.678979e-09
11 43 2 3.300740e-09
12 43 2 2.312853e-09
1 44 2 5.886735e-09
2 44 2 5.914842e-09
3 44 2 1.286569e-08
4 44 2 3.478208e-08
5 44 2 1.299448e-07
6 44 2 4.094991e-07
7 44 2 5.985054e-07
8 44 2 3.608951e-07
9 44 2 1.300972e-07
10 44 2 3.854517e-08
11 44 2 1.265064e-08
12 44 2 8.553251e-09
1 45 2 1.352927e-08
2 45 2 1.516236e-08
3 45 2 2.762844e-08
4 45 2 8.147847e-08
5 45 2 3.412160e-07
6 45 2 1.132190e-06
7 45 2 1.583919e-06
8 45 2 9.644466e-07
9 45 2 3.316515e-07
10 45 2 8.467754e-08
11 45 2 2.454438e-08
12 45 2 1.604099e-08
1 46 2 6.133313e-09
2 46 2 7.715858e-09
3 46 2 1.212874e-08
4 46 2 3.368030e-08
5 46 2 1.322611e-07
6 46 2 4.102592e-07
7 46 2 5.739237e-07
8 46 2 3.596272e-07
9 46 2 1.350862e-07
10 46 2 3.274330e-08
11 46 2 9.002425e-09
12 46 2 6.419988e-09
1 47 2 8.065716e-09
2 47 2 1.026473e-08
3 47 2 1.446462e-08
4 47 2 3.240837e-08
5 47 2 1.104639e-07
6 47 2 3.043279e-07
7 47 2 4.127336e-07
8 47 2 2.798629e-07
9 47 2 1.185585e-07
10 47 2 3.656798e-08
11 47 2 1.078851e-08
12 47 2 8.200702e-09
1 48 2 1.090664e-08
2 48 2 1.252887e-08
3 48 2 1.723276e-08
4 48 2 3.365194e-08
5 48 2 1.044284e-07
6 48 2 2.402033e-07
7 48 2 3.192079e-07
8 48 2 2.245810e-07
9 48 2 1.069096e-07
10 48 2 3.985970e-08
11 48 2 1.434899e-08
12 48 2 9.515378e-09
1 49 2 2.450970e-10
2 49 2 2.230167e-10
3 49 2 2.529663e-10
4 49 2 2.960747e-10
5 49 2 4.234499e-10
6 49 2 6.442544e-10
7 49 2 9.607994e-10
8 49 2 9.034969e-10
9 49 2 6.301787e-10
10 49 2 4.509535e-10
11 49 2 3.292326e-10
12 49 2 2.401746e-10
1 50 2 9.991790e-10
2 50 2 8.624905e-10
3 50 2 1.010972e-09
4 50 2 1.152404e-09
5 50 2 1.621928e-09
6 50 2 2.380156e-09
7 50 2 3.284966e-09
8 50 2 3.159030e-09
9 50 2 2.287425e-09
10 50 2 1.630573e-09
11 50 2 1.220778e-09
12 50 2 9.612297e-10
1 51 2 3.978569e-10
2 51 2 3.631068e-10
3 51 2 3.945556e-10
4 51 2 4.554477e-10
5 51 2 6.207867e-10
6 51 2 8.706041e-10
7 51 2 1.134524e-09
8 51 2 1.125104e-09
9 51 2 9.347962e-10
10 51 2 6.575117e-10
11 51 2 4.927809e-10
12 51 2 4.129654e-10
1 52 2 7.550785e-07
2 52 2 7.936522e-07
3 52 2 9.970076e-07
4 52 2 1.453501e-06
5 52 2 2.458062e-06
6 52 2 3.382843e-06
7 52 2 4.339125e-06
8 52 2 4.058568e-06
9 52 2 3.276227e-06
10 52 2 1.871594e-06
11 52 2 1.126516e-06
12 52 2 8.687158e-07
1 53 2 3.415290e-07
2 53 2 4.284941e-07
3 53 2 7.259594e-07
4 53 2 1.584552e-06
5 53 2 3.017472e-06
6 53 2 4.505855e-06
7 53 2 6.254660e-06
8 53 2 5.329699e-06
9 53 2 3.607182e-06
10 53 2 1.590919e-06
11 53 2 7.095926e-07
12 53 2 4.495558e-07
1 54 2 1.059228e-07
2 54 2 1.374090e-07
3 54 2 2.569603e-07
4 54 2 6.385211e-07
5 54 2 1.257688e-06
6 54 2 2.429279e-06
7 54 2 3.450906e-06
8 54 2 2.893673e-06
9 54 2 1.754967e-06
10 54 2 7.463829e-07
11 54 2 3.199338e-07
12 54 2 1.764817e-07
1 55 2 1.396166e-07
2 55 2 1.557097e-07
3 55 2 2.904722e-07
4 55 2 6.801553e-07
5 55 2 1.349704e-06
6 55 2 2.882425e-06
7 55 2 4.006790e-06
8 55 2 3.455508e-06
9 55 2 2.191259e-06
10 55 2 1.050674e-06
11 55 2 4.915701e-07
12 55 2 2.814745e-07
1 56 2 5.946570e-07
2 56 2 6.171241e-07
3 56 2 1.068875e-06
4 56 2 2.383440e-06
5 56 2 5.209880e-06
6 56 2 1.026982e-05
7 56 2 1.419893e-05
8 56 2 1.178439e-05
9 56 2 7.702556e-06
10 56 2 3.968636e-06
11 56 2 1.789209e-06
12 56 2 1.026128e-06
1 57 2 1.223760e-07
2 57 2 1.167588e-07
3 57 2 1.436067e-07
4 57 2 2.179726e-07
5 57 2 3.647022e-07
6 57 2 5.934160e-07
7 57 2 8.450312e-07
8 57 2 7.615795e-07
9 57 2 5.666157e-07
10 57 2 3.639644e-07
11 57 2 2.225662e-07
12 57 2 1.599482e-07
1 60 2 7.148139e-06
2 60 2 6.922326e-06
3 60 2 7.938534e-06
4 60 2 9.414985e-06
5 60 2 1.160793e-05
6 60 2 1.527596e-05
7 60 2 1.778427e-05
8 60 2 1.779175e-05
9 60 2 1.509886e-05
10 60 2 1.232568e-05
11 60 2 9.857663e-06
12 60 2 8.170992e-06
1 61 2 2.276009e-05
2 61 2 2.289700e-05
3 61 2 3.220424e-05
4 61 2 4.850638e-05
5 61 2 7.075600e-05
6 61 2 9.968375e-05
7 61 2 1.179661e-04
8 61 2 1.134931e-04
9 61 2 8.818713e-05
10 61 2 5.998542e-05
11 61 2 3.913213e-05
12 61 2 2.744695e-05
1 62 2 7.088899e-06
2 62 2 7.764013e-06
3 62 2 1.222198e-05
4 62 2 2.212550e-05
5 62 2 3.795001e-05
6 62 2 5.383511e-05
7 62 2 6.582946e-05
8 62 2 6.144942e-05
9 62 2 4.281932e-05
10 62 2 2.553483e-05
11 62 2 1.386654e-05
12 62 2 9.023949e-06
1 63 2 9.675107e-06
2 63 2 1.174517e-05
3 63 2 1.965275e-05
4 63 2 4.133470e-05
5 63 2 7.932810e-05
6 63 2 1.179339e-04
7 63 2 1.508089e-04
8 63 2 1.312333e-04
9 63 2 8.015318e-05
10 63 2 4.377252e-05
11 63 2 2.021885e-05
12 63 2 1.323611e-05
1 64 2 2.601521e-06
2 64 2 3.332819e-06
3 64 2 6.346491e-06
4 64 2 1.503272e-05
5 64 2 3.219535e-05
6 64 2 5.156958e-05
7 64 2 6.536556e-05
8 64 2 5.110127e-05
9 64 2 2.925983e-05
10 64 2 1.293512e-05
11 64 2 5.910716e-06
12 64 2 4.045044e-06
1 65 2 8.797920e-07
2 65 2 1.090948e-06
3 65 2 2.390061e-06
4 65 2 6.740057e-06
5 65 2 1.413175e-05
6 65 2 2.401744e-05
7 65 2 3.113001e-05
8 65 2 2.323375e-05
9 65 2 1.317745e-05
10 65 2 4.676101e-06
11 65 2 2.058512e-06
12 65 2 1.491800e-06
1 66 2 5.826897e-07
2 66 2 7.203863e-07
3 66 2 1.712564e-06
4 66 2 5.618356e-06
5 66 2 1.168217e-05
6 66 2 2.008801e-05
7 66 2 2.770472e-05
8 66 2 2.094479e-05
9 66 2 1.184813e-05
10 66 2 3.925422e-06
11 66 2 1.504280e-06
12 66 2 9.330756e-07
1 67 2 1.973403e-07
2 67 2 2.631442e-07
3 67 2 6.691774e-07
4 67 2 2.471999e-06
5 67 2 5.608823e-06
6 67 2 9.565889e-06
7 67 2 1.337417e-05
8 67 2 1.029252e-05
9 67 2 5.629291e-06
10 67 2 2.070153e-06
11 67 2 6.545980e-07
12 67 2 2.946311e-07
1 68 2 4.779918e-08
2 68 2 6.418144e-08
3 68 2 1.906153e-07
4 68 2 8.761684e-07
5 68 2 2.387671e-06
6 68 2 4.575517e-06
7 68 2 6.560426e-06
8 68 2 4.879211e-06
9 68 2 2.341581e-06
10 68 2 8.602688e-07
11 68 2 1.961718e-07
12 68 2 6.826096e-08
1 69 2 2.882900e-08
2 69 2 4.087417e-08
3 69 2 9.774778e-08
4 69 2 4.286299e-07
5 69 2 1.374422e-06
6 69 2 3.252724e-06
7 69 2 4.765214e-06
8 69 2 3.668251e-06
9 69 2 1.575856e-06
10 69 2 5.124076e-07
11 69 2 9.928612e-08
12 69 2 3.733802e-08
1 70 2 1.212466e-07
2 70 2 1.417141e-07
3 70 2 2.030722e-07
4 70 2 5.298050e-07
5 70 2 1.328583e-06
6 70 2 3.226177e-06
7 70 2 5.222156e-06
8 70 2 4.759495e-06
9 70 2 2.457484e-06
10 70 2 8.759679e-07
11 70 2 2.664172e-07
12 70 2 1.499736e-07
1 71 2 1.022600e-07
2 71 2 1.037699e-07
3 71 2 1.174236e-07
4 71 2 1.884293e-07
5 71 2 3.649176e-07
6 71 2 7.612524e-07
7 71 2 1.168284e-06
8 71 2 1.161567e-06
9 71 2 7.452502e-07
10 71 2 3.549527e-07
11 71 2 1.695700e-07
12 71 2 1.177721e-07
1 72 2 4.287926e-10
2 72 2 4.095343e-10
3 72 2 4.436879e-10
4 72 2 5.657063e-10
5 72 2 8.801974e-10
6 72 2 1.531573e-09
7 72 2 2.372231e-09
8 72 2 2.281530e-09
9 72 2 1.596234e-09
10 72 2 9.678662e-10
11 72 2 5.963390e-10
12 72 2 4.258644e-10
1 76 2 3.497056e-07
2 76 2 3.199447e-07
3 76 2 3.231648e-07
4 76 2 3.515263e-07
5 76 2 4.779060e-07
6 76 2 6.814635e-07
7 76 2 9.138047e-07
8 76 2 9.751971e-07
9 76 2 9.291732e-07
10 76 2 6.205020e-07
11 76 2 4.005601e-07
12 76 2 3.503247e-07
1 77 2 3.566691e-07
2 77 2 4.631320e-07
3 77 2 6.066752e-07
4 77 2 9.805205e-07
5 77 2 1.646334e-06
6 77 2 2.541767e-06
7 77 2 3.453576e-06
8 77 2 3.278004e-06
9 77 2 2.428206e-06
10 77 2 1.226758e-06
11 77 2 5.383052e-07
12 77 2 3.392911e-07
1 78 2 3.896159e-07
2 78 2 5.323552e-07
3 78 2 7.413365e-07
4 78 2 1.329665e-06
5 78 2 2.079212e-06
6 78 2 3.301068e-06
7 78 2 4.074803e-06
8 78 2 3.815558e-06
9 78 2 2.473966e-06
10 78 2 1.311993e-06
11 78 2 7.085044e-07
12 78 2 4.090435e-07
1 79 2 2.452472e-06
2 79 2 3.009224e-06
3 79 2 4.418409e-06
4 79 2 7.328665e-06
5 79 2 1.113428e-05
6 79 2 1.818974e-05
7 79 2 2.228925e-05
8 79 2 2.111511e-05
9 79 2 1.458011e-05
10 79 2 8.801217e-06
11 79 2 5.014479e-06
12 79 2 3.071778e-06
1 80 2 7.354461e-07
2 80 2 7.368821e-07
3 80 2 9.259385e-07
4 80 2 1.251975e-06
5 80 2 1.867210e-06
6 80 2 2.840892e-06
7 80 2 3.658080e-06
8 80 2 3.621438e-06
9 80 2 3.005728e-06
10 80 2 2.107329e-06
11 80 2 1.229332e-06
12 80 2 9.086809e-07
1 81 2 1.850755e-12
2 81 2 1.677230e-12
3 81 2 1.766579e-12
4 81 2 2.094730e-12
5 81 2 3.016392e-12
6 81 2 4.064501e-12
7 81 2 5.423377e-12
8 81 2 5.819163e-12
9 81 2 5.291435e-12
10 81 2 4.060082e-12
11 81 2 2.683869e-12
12 81 2 2.197274e-12
1 84 2 2.524707e-06
2 84 2 2.669250e-06
3 84 2 3.301329e-06
4 84 2 4.171847e-06
5 84 2 5.593188e-06
6 84 2 9.164845e-06
7 84 2 1.227469e-05
8 84 2 1.176220e-05
9 84 2 8.825730e-06
10 84 2 5.569921e-06
11 84 2 3.741745e-06
12 84 2 2.858289e-06
1 85 2 4.507845e-06
2 85 2 5.076189e-06
3 85 2 6.599864e-06
4 85 2 9.588988e-06
5 85 2 1.534988e-05
6 85 2 2.344935e-05
7 85 2 3.244435e-05
8 85 2 3.086459e-05
9 85 2 2.222460e-05
10 85 2 1.225922e-05
11 85 2 6.913684e-06
12 85 2 5.016575e-06
1 86 2 1.382715e-06
2 86 2 1.565523e-06
3 86 2 2.000623e-06
4 86 2 2.905955e-06
5 86 2 4.670444e-06
6 86 2 6.776712e-06
7 86 2 9.309402e-06
8 86 2 9.339855e-06
9 86 2 6.913271e-06
10 86 2 4.008930e-06
11 86 2 2.208316e-06
12 86 2 1.578268e-06
1 87 2 1.686005e-06
2 87 2 2.280971e-06
3 87 2 3.256808e-06
4 87 2 5.148271e-06
5 87 2 9.031957e-06
6 87 2 1.357618e-05
7 87 2 1.840509e-05
8 87 2 1.875418e-05
9 87 2 1.359686e-05
10 87 2 7.655395e-06
11 87 2 3.363579e-06
12 87 2 2.044544e-06
1 88 2 6.617640e-07
2 88 2 9.397582e-07
3 88 2 1.473680e-06
4 88 2 2.796150e-06
5 88 2 5.738522e-06
6 88 2 9.019382e-06
7 88 2 1.155057e-05
8 88 2 1.013076e-05
9 88 2 6.546497e-06
10 88 2 3.093752e-06
11 88 2 1.586071e-06
12 88 2 8.810042e-07
1 89 2 6.325917e-07
2 89 2 8.801694e-07
3 89 2 1.670534e-06
4 89 2 3.141990e-06
5 89 2 6.270201e-06
6 89 2 9.366952e-06
7 89 2 1.092715e-05
8 89 2 9.569581e-06
9 89 2 6.245161e-06
10 89 2 2.971887e-06
11 89 2 1.635281e-06
12 89 2 9.051349e-07
1 90 2 2.363776e-07
2 90 2 3.115379e-07
3 90 2 6.182134e-07
4 90 2 1.109562e-06
5 90 2 1.703667e-06
6 90 2 2.255089e-06
7 90 2 2.532604e-06
8 90 2 2.343360e-06
9 90 2 1.707741e-06
10 90 2 1.018595e-06
11 90 2 5.616055e-07
12 90 2 3.197097e-07
1 91 2 1.784111e-09
2 91 2 2.524438e-09
3 91 2 5.274109e-09
4 91 2 9.966409e-09
5 91 2 1.470886e-08
6 91 2 1.869634e-08
7 91 2 2.099327e-08
8 91 2 1.925284e-08
9 91 2 1.384319e-08
10 91 2 8.568967e-09
11 91 2 4.441118e-09
12 91 2 2.279877e-09
1 92 2 9.569462e-09
2 92 2 1.366939e-08
3 92 2 3.426573e-08
4 92 2 8.175008e-08
5 92 2 1.541688e-07
6 92 2 2.362408e-07
7 92 2 2.835753e-07
8 92 2 2.580990e-07
9 92 2 1.614692e-07
10 92 2 8.581570e-08
11 92 2 3.365698e-08
12 92 2 1.444811e-08
1 93 2 1.204379e-06
2 93 2 1.453191e-06
3 93 2 2.987839e-06
4 93 2 6.963491e-06
5 93 2 1.242248e-05
6 93 2 1.971360e-05
7 93 2 2.644476e-05
8 93 2 2.599745e-05
9 93 2 1.748601e-05
10 93 2 1.006982e-05
11 93 2 4.312445e-06
12 93 2 1.796220e-06
1 94 2 1.506666e-06
2 94 2 1.499070e-06
3 94 2 2.001621e-06
4 94 2 3.547241e-06
5 94 2 6.054924e-06
6 94 2 9.534220e-06
7 94 2 1.317149e-05
8 94 2 1.435400e-05
9 94 2 1.182361e-05
10 94 2 7.136709e-06
11 94 2 3.830449e-06
12 94 2 2.092865e-06
1 98 2 4.427676e-08
2 98 2 4.121579e-08
3 98 2 3.881105e-08
4 98 2 4.132259e-08
5 98 2 4.689830e-08
6 98 2 5.366553e-08
7 98 2 6.036269e-08
8 98 2 6.361934e-08
9 98 2 6.277804e-08
10 98 2 5.934202e-08
11 98 2 5.337773e-08
12 98 2 4.857430e-08
1 101 2 1.741702e-07
2 101 2 1.789658e-07
3 101 2 1.833936e-07
4 101 2 2.261521e-07
5 101 2 2.908361e-07
6 101 2 3.395814e-07
7 101 2 3.624838e-07
8 101 2 3.632214e-07
9 101 2 3.491889e-07
10 101 2 2.993937e-07
11 101 2 2.302256e-07
12 101 2 1.846574e-07
1 102 2 1.116953e-06
2 102 2 1.262561e-06
3 102 2 1.551711e-06
4 102 2 1.940879e-06
5 102 2 2.246056e-06
6 102 2 2.451973e-06
7 102 2 2.521019e-06
8 102 2 2.552875e-06
9 102 2 2.300853e-06
10 102 2 1.772579e-06
11 102 2 1.422717e-06
12 102 2 1.166093e-06
1 103 2 6.240668e-07
2 103 2 6.368654e-07
3 103 2 6.941034e-07
4 103 2 7.843106e-07
5 103 2 9.133921e-07
6 103 2 1.045260e-06
7 103 2 1.130839e-06
8 103 2 1.186790e-06
9 103 2 1.163996e-06
10 103 2 1.017231e-06
11 103 2 8.368324e-07
12 103 2 6.957985e-07
1 104 2 2.924306e-07
2 104 2 2.806090e-07
3 104 2 2.836580e-07
4 104 2 3.109901e-07
5 104 2 3.636442e-07
6 104 2 4.172993e-07
7 104 2 4.683457e-07
8 104 2 5.059276e-07
9 104 2 5.099999e-07
10 104 2 4.764408e-07
11 104 2 3.919155e-07
12 104 2 3.245056e-07
1 107 2 1.068692e-07
2 107 2 1.127451e-07
3 107 2 1.316339e-07
4 107 2 1.508380e-07
5 107 2 1.691553e-07
6 107 2 2.165594e-07
7 107 2 2.367087e-07
8 107 2 2.357509e-07
9 107 2 2.206981e-07
10 107 2 1.887746e-07
11 107 2 1.500689e-07
12 107 2 1.173595e-07
1 108 2 1.417556e-08
2 108 2 1.811639e-08
3 108 2 2.631599e-08
4 108 2 4.075772e-08
5 108 2 6.326687e-08
6 108 2 8.683576e-08
7 108 2 9.295506e-08
8 108 2 8.215270e-08
9 108 2 6.647450e-08
10 108 2 4.586280e-08
11 108 2 2.388986e-08
12 108 2 1.520823e-08
1 109 2 2.689470e-08
2 109 2 3.552398e-08
3 109 2 5.556181e-08
4 109 2 9.642277e-08
5 109 2 1.642835e-07
6 109 2 2.070877e-07
7 109 2 2.104198e-07
8 109 2 1.934349e-07
9 109 2 1.553338e-07
10 109 2 1.089921e-07
11 109 2 4.847699e-08
12 109 2 2.831846e-08
1 110 2 1.184860e-08
2 110 2 1.509285e-08
3 110 2 2.423988e-08
4 110 2 3.752239e-08
5 110 2 5.819572e-08
6 110 2 6.739344e-08
7 110 2 7.245445e-08
8 110 2 7.165689e-08
9 110 2 6.033343e-08
10 110 2 4.398689e-08
11 110 2 2.127667e-08
12 110 2 1.252368e-08
1 111 2 4.068241e-07
2 111 2 5.088183e-07
3 111 2 8.237657e-07
4 111 2 1.248486e-06
5 111 2 1.886903e-06
6 111 2 2.419913e-06
7 111 2 2.558030e-06
8 111 2 2.533630e-06
9 111 2 2.157607e-06
10 111 2 1.404498e-06
11 111 2 7.565929e-07
12 111 2 4.621408e-07
1 112 2 4.684490e-07
2 112 2 6.040078e-07
3 112 2 1.059602e-06
4 112 2 1.762056e-06
5 112 2 2.679503e-06
6 112 2 3.265290e-06
7 112 2 3.325611e-06
8 112 2 3.099813e-06
9 112 2 2.366366e-06
10 112 2 1.570967e-06
11 112 2 9.015713e-07
12 112 2 5.541867e-07
1 113 2 2.686540e-07
2 113 2 3.403596e-07
3 113 2 5.718062e-07
4 113 2 8.550840e-07
5 113 2 1.052263e-06
6 113 2 9.187810e-07
7 113 2 7.883685e-07
8 113 2 7.529561e-07
9 113 2 7.447090e-07
10 113 2 6.799904e-07
11 113 2 4.756107e-07
12 113 2 3.212322e-07
1 114 2 7.325127e-07
2 114 2 9.933244e-07
3 114 2 1.769777e-06
4 114 2 2.579776e-06
5 114 2 2.976303e-06
6 114 2 2.178822e-06
7 114 2 1.799559e-06
8 114 2 1.649514e-06
9 114 2 1.591840e-06
10 114 2 1.424726e-06
11 114 2 1.086099e-06
12 114 2 8.045138e-07
1 115 2 2.505034e-07
2 115 2 3.644600e-07
3 115 2 5.777284e-07
4 115 2 7.161448e-07
5 115 2 6.395512e-07
6 115 2 5.938023e-07
7 115 2 5.727113e-07
8 115 2 5.494760e-07
9 115 2 5.053540e-07
10 115 2 4.516111e-07
11 115 2 3.430631e-07
12 115 2 2.461220e-07
1 116 2 1.815243e-07
2 116 2 2.323733e-07
3 116 2 3.553542e-07
4 116 2 5.029908e-07
5 116 2 5.850100e-07
6 116 2 6.661780e-07
7 116 2 6.984098e-07
8 116 2 6.685332e-07
9 116 2 5.415863e-07
10 116 2 4.329862e-07
11 116 2 3.145560e-07
12 116 2 2.072160e-07
1 117 2 6.492096e-08
2 117 2 6.779372e-08
3 117 2 8.561723e-08
4 117 2 1.171990e-07
5 117 2 1.492434e-07
6 117 2 1.768204e-07
7 117 2 1.882437e-07
8 117 2 1.879969e-07
9 117 2 1.715358e-07
10 117 2 1.468450e-07
11 117 2 1.185424e-07
12 117 2 8.563350e-08
1 126 2 3.211617e-09
2 126 2 3.338147e-09
3 126 2 3.618095e-09
4 126 2 3.820488e-09
5 126 2 3.774678e-09
6 126 2 3.508140e-09
7 126 2 3.381643e-09
8 126 2 3.414681e-09
9 126 2 3.396604e-09
10 126 2 3.337707e-09
11 126 2 3.261354e-09
12 126 2 3.211975e-09
1 127 2 3.236122e-07
2 127 2 3.291202e-07
3 127 2 3.473794e-07
4 127 2 3.606536e-07
5 127 2 3.655670e-07
6 127 2 3.540979e-07
7 127 2 3.541956e-07
8 127 2 3.623239e-07
9 127 2 3.584615e-07
10 127 2 3.440951e-07
11 127 2 3.334708e-07
12 127 2 3.293430e-07
1 128 2 1.467058e-06
2 128 2 1.506656e-06
3 128 2 1.546678e-06
4 128 2 1.509821e-06
5 128 2 1.468683e-06
6 128 2 1.424565e-06
7 128 2 1.518324e-06
8 128 2 1.726340e-06
9 128 2 1.815231e-06
10 128 2 1.714571e-06
11 128 2 1.559152e-06
12 128 2 1.469032e-06
1 129 2 4.180305e-08
2 129 2 4.122909e-08
3 129 2 4.226893e-08
4 129 2 4.349473e-08
5 129 2 4.416584e-08
6 129 2 4.536064e-08
7 129 2 4.739738e-08
8 129 2 5.166307e-08
9 129 2 5.397703e-08
10 129 2 5.421482e-08
11 129 2 4.949999e-08
12 129 2 4.397471e-08
1 133 2 8.982278e-07
2 133 2 1.044323e-06
3 133 2 1.253653e-06
4 133 2 1.287170e-06
5 133 2 1.227829e-06
6 133 2 1.128540e-06
7 133 2 1.007233e-06
8 133 2 9.431590e-07
9 133 2 9.835048e-07
10 133 2 1.047470e-06
11 133 2 9.993036e-07
12 133 2 8.743912e-07
1 135 2 3.886630e-08
2 135 2 4.378871e-08
3 135 2 5.207479e-08
4 135 2 5.608213e-08
5 135 2 5.388955e-08
6 135 2 4.807499e-08
7 135 2 4.153203e-08
8 135 2 4.194767e-08
9 135 2 4.457420e-08
10 135 2 4.191944e-08
11 135 2 4.017941e-08
12 135 2 3.774307e-08
1 136 2 4.344456e-08
2 136 2 4.471324e-08
3 136 2 5.529627e-08
4 136 2 6.722343e-08
5 136 2 7.361268e-08
6 136 2 6.716284e-08
7 136 2 5.943127e-08
8 136 2 5.929496e-08
9 136 2 5.960143e-08
10 136 2 5.606694e-08
11 136 2 5.301101e-08
12 136 2 4.707443e-08
1 137 2 1.055548e-08
2 137 2 1.107379e-08
3 137 2 1.269633e-08
4 137 2 1.395140e-08
5 137 2 1.377088e-08
6 137 2 1.267059e-08
7 137 2 1.172164e-08
8 137 2 1.131021e-08
9 137 2 1.131732e-08
10 137 2 1.179004e-08
11 137 2 1.165667e-08
12 137 2 1.099119e-08
1 138 2 4.224377e-07
2 138 2 4.645376e-07
3 138 2 5.389322e-07
4 138 2 5.997981e-07
5 138 2 6.051595e-07
6 138 2 5.318743e-07
7 138 2 4.927306e-07
8 138 2 4.751776e-07
9 138 2 4.764741e-07
10 138 2 4.792505e-07
11 138 2 4.648822e-07
12 138 2 4.311393e-07
1 139 2 7.127936e-07
2 139 2 8.117402e-07
3 139 2 9.070398e-07
4 139 2 9.520029e-07
5 139 2 9.385868e-07
6 139 2 8.740792e-07
7 139 2 8.270111e-07
8 139 2 7.961347e-07
9 139 2 7.858155e-07
10 139 2 7.919161e-07
11 139 2 7.535687e-07
12 139 2 6.897916e-07
1 140 2 2.361368e-07
2 140 2 2.441742e-07
3 140 2 2.651922e-07
4 140 2 3.004584e-07
5 140 2 3.190438e-07
6 140 2 3.064421e-07
7 140 2 2.901509e-07
8 140 2 2.798481e-07
9 140 2 2.757684e-07
10 140 2 2.772925e-07
11 140 2 2.714359e-07
12 140 2 2.530611e-07
1 141 2 3.706746e-07
2 141 2 3.668392e-07
3 141 2 3.773465e-07
4 141 2 4.141346e-07
5 141 2 4.469062e-07
6 141 2 4.419172e-07
7 141 2 4.299672e-07
8 141 2 4.169375e-07
9 141 2 4.134040e-07
10 141 2 4.143759e-07
11 141 2 4.185118e-07
12 141 2 4.063423e-07
1 150 2 4.289475e-10
2 150 2 4.695505e-10
3 150 2 5.026004e-10
4 150 2 5.139500e-10
5 150 2 4.809005e-10
6 150 2 4.241326e-10
7 150 2 3.869273e-10
8 150 2 3.775838e-10
9 150 2 3.653767e-10
10 150 2 3.570637e-10
11 150 2 3.640059e-10
12 150 2 3.872919e-10
1 151 2 2.781559e-07
2 151 2 2.958512e-07
3 151 2 3.136901e-07
4 151 2 3.210867e-07
5 151 2 3.106737e-07
6 151 2 2.924402e-07
7 151 2 2.859785e-07
8 151 2 2.970196e-07
9 151 2 2.827890e-07
10 151 2 2.653683e-07
11 151 2 2.575870e-07
12 151 2 2.640131e-07
1 152 2 2.204051e-07
2 152 2 2.232542e-07
3 152 2 2.253209e-07
4 152 2 2.141131e-07
5 152 2 2.058200e-07
6 152 2 2.021442e-07
7 152 2 2.311048e-07
8 152 2 3.081505e-07
9 152 2 3.271354e-07
10 152 2 2.788206e-07
11 152 2 2.391002e-07
12 152 2 2.211186e-07
1 153 2 2.554740e-07
2 153 2 2.616710e-07
3 153 2 2.760809e-07
4 153 2 2.707989e-07
5 153 2 2.615110e-07
6 153 2 2.567513e-07
7 153 2 2.997104e-07
8 153 2 3.916675e-07
9 153 2 4.763769e-07
10 153 2 4.257831e-07
11 153 2 3.220831e-07
12 153 2 2.687347e-07
1 154 2 6.953272e-07
2 154 2 6.915546e-07
3 154 2 7.196514e-07
4 154 2 6.895595e-07
5 154 2 6.448010e-07
6 154 2 5.800060e-07
7 154 2 5.476780e-07
8 154 2 5.705336e-07
9 154 2 6.432691e-07
10 154 2 7.229196e-07
11 154 2 7.618766e-07
12 154 2 7.366984e-07
1 157 2 2.770066e-08
2 157 2 2.876436e-08
3 157 2 3.079637e-08
4 157 2 3.036254e-08
5 157 2 2.959475e-08
6 157 2 2.782415e-08
7 157 2 2.654820e-08
8 157 2 2.628060e-08
9 157 2 2.609065e-08
10 157 2 2.654558e-08
11 157 2 2.673589e-08
12 157 2 2.708480e-08
1 163 2 1.288166e-07
2 163 2 1.305426e-07
3 163 2 1.344164e-07
4 163 2 1.424822e-07
5 163 2 1.426213e-07
6 163 2 1.318590e-07
7 163 2 1.219032e-07
8 163 2 1.144695e-07
9 163 2 1.161087e-07
10 163 2 1.228385e-07
11 163 2 1.276404e-07
12 163 2 1.286405e-07
1 164 2 4.877517e-07
2 164 2 4.835813e-07
3 164 2 4.970426e-07
4 164 2 5.202302e-07
5 164 2 5.141107e-07
6 164 2 4.755128e-07
7 164 2 4.401290e-07
8 164 2 4.299250e-07
9 164 2 4.603621e-07
10 164 2 5.043470e-07
11 164 2 5.145325e-07
12 164 2 5.059644e-07
1 165 2 2.127367e-07
2 165 2 2.084970e-07
3 165 2 2.111181e-07
4 165 2 2.157878e-07
5 165 2 2.134193e-07
6 165 2 1.963760e-07
7 165 2 1.851557e-07
8 165 2 1.874111e-07
9 165 2 1.997600e-07
10 165 2 2.135867e-07
11 165 2 2.246843e-07
12 165 2 2.249490e-07
1 166 2 9.282225e-08
2 166 2 9.189560e-08
3 166 2 9.037734e-08
4 166 2 8.995333e-08
5 166 2 8.700794e-08
6 166 2 8.046786e-08
7 166 2 7.598601e-08
8 166 2 7.655291e-08
9 166 2 7.941797e-08
10 166 2 8.354188e-08
11 166 2 9.007041e-08
12 166 2 9.460863e-08
1 170 2 4.267183e-09
2 170 2 4.693056e-09
3 170 2 4.610901e-09
4 170 2 4.191063e-09
5 170 2 3.492407e-09
6 170 2 2.936504e-09
7 170 2 2.777474e-09
8 170 2 2.651593e-09
9 170 2 2.696190e-09
10 170 2 3.002189e-09
11 170 2 3.312357e-09
12 170 2 3.814384e-09
1 171 2 1.533570e-08
2 171 2 1.683419e-08
3 171 2 1.703799e-08
4 171 2 1.515842e-08
5 171 2 1.261010e-08
6 171 2 1.080626e-08
7 171 2 9.810922e-09
8 171 2 9.296157e-09
9 171 2 9.431604e-09
10 171 2 1.025895e-08
11 171 2 1.170896e-08
12 171 2 1.383301e-08
1 175 2 4.415901e-10
2 175 2 4.668636e-10
3 175 2 4.682028e-10
4 175 2 4.385276e-10
5 175 2 3.810114e-10
6 175 2 3.471980e-10
7 175 2 3.399939e-10
8 175 2 3.371234e-10
9 175 2 3.135615e-10
10 175 2 3.169663e-10
11 175 2 3.313853e-10
12 175 2 3.865628e-10
1 176 2 9.811981e-07
2 176 2 9.885546e-07
3 176 2 9.677918e-07
4 176 2 8.547704e-07
5 176 2 6.914711e-07
6 176 2 6.266025e-07
7 176 2 6.254598e-07
8 176 2 7.135664e-07
9 176 2 7.771477e-07
10 176 2 8.294059e-07
11 176 2 8.853290e-07
12 176 2 9.404366e-07
1 177 2 1.606742e-06
2 177 2 1.561315e-06
3 177 2 1.474172e-06
4 177 2 1.289065e-06
5 177 2 1.054104e-06
6 177 2 9.001159e-07
7 177 2 9.365568e-07
8 177 2 1.122167e-06
9 177 2 1.410389e-06
10 177 2 1.466750e-06
11 177 2 1.496501e-06
12 177 2 1.499559e-06
1 178 2 5.093140e-07
2 178 2 5.033615e-07
3 178 2 4.825088e-07
4 178 2 4.044199e-07
5 178 2 3.521303e-07
6 178 2 2.976284e-07
7 178 2 2.834722e-07
8 178 2 2.855585e-07
9 178 2 3.256723e-07
10 178 2 3.504141e-07
11 178 2 3.957729e-07
12 178 2 4.393911e-07
1 181 2 6.223582e-09
2 181 2 6.573476e-09
3 181 2 6.663999e-09
4 181 2 6.371675e-09
5 181 2 5.254646e-09
6 181 2 4.543675e-09
7 181 2 4.017544e-09
8 181 2 4.111629e-09
9 181 2 4.454533e-09
10 181 2 4.823427e-09
11 181 2 5.462595e-09
12 181 2 5.816083e-09
1 182 2 7.430931e-07
2 182 2 6.868472e-07
3 182 2 6.476661e-07
4 182 2 5.410197e-07
5 182 2 4.236666e-07
6 182 2 3.168773e-07
7 182 2 3.141831e-07
8 182 2 4.365964e-07
9 182 2 6.058244e-07
10 182 2 7.430221e-07
11 182 2 8.211922e-07
12 182 2 7.882233e-07
1 183 2 1.580207e-07
2 183 2 1.518054e-07
3 183 2 1.449267e-07
4 183 2 1.314089e-07
5 183 2 1.105652e-07
6 183 2 8.973676e-08
7 183 2 8.349064e-08
8 183 2 9.914194e-08
9 183 2 1.152751e-07
10 183 2 1.363703e-07
11 183 2 1.484658e-07
12 183 2 1.527067e-07
1 184 2 4.927216e-08
2 184 2 4.992540e-08
3 184 2 4.835196e-08
4 184 2 4.351364e-08
5 184 2 3.617493e-08
6 184 2 2.923617e-08
7 184 2 2.636367e-08
8 184 2 2.753428e-08
9 184 2 2.916796e-08
10 184 2 3.349573e-08
11 184 2 3.919226e-08
12 184 2 4.467050e-08
1 188 2 8.175556e-09
2 188 2 8.104275e-09
3 188 2 7.511936e-09
4 188 2 6.134008e-09
5 188 2 4.335272e-09
6 188 2 3.297561e-09
7 188 2 2.837524e-09
8 188 2 2.886406e-09
9 188 2 3.909621e-09
10 188 2 5.137793e-09
11 188 2 6.118602e-09
12 188 2 7.631542e-09
1 189 2 7.134497e-09
2 189 2 6.593714e-09
3 189 2 5.981086e-09
4 189 2 4.420911e-09
5 189 2 2.927039e-09
6 189 2 2.069892e-09
7 189 2 1.968025e-09
8 189 2 2.417386e-09
9 189 2 3.888789e-09
10 189 2 5.537066e-09
11 189 2 6.734919e-09
12 189 2 7.037957e-09
1 190 2 2.919516e-08
2 190 2 2.766295e-08
3 190 2 2.401150e-08
4 190 2 1.700684e-08
5 190 2 1.186567e-08
6 190 2 8.607867e-09
7 190 2 8.088057e-09
8 190 2 9.750129e-09
9 190 2 1.369515e-08
10 190 2 1.866980e-08
11 190 2 2.446339e-08
12 190 2 2.744747e-08
1 191 2 2.244685e-08
2 191 2 2.326087e-08
3 191 2 2.260968e-08
4 191 2 1.867813e-08
5 191 2 1.535938e-08
6 191 2 1.261746e-08
7 191 2 1.109287e-08
8 191 2 1.126577e-08
9 191 2 1.229119e-08
10 191 2 1.379560e-08
11 191 2 1.696714e-08
12 191 2 1.996168e-08
1 192 2 2.946727e-08
2 192 2 3.184592e-08
3 192 2 3.102776e-08
4 192 2 2.686540e-08
5 192 2 2.270531e-08
6 192 2 1.933266e-08
7 192 2 1.698956e-08
8 192 2 1.578729e-08
9 192 2 1.625533e-08
10 192 2 1.785021e-08
11 192 2 2.130854e-08
12 192 2 2.558689e-08
1 200 2 4.835852e-06
2 200 2 4.974889e-06
3 200 2 4.068368e-06
4 200 2 2.689482e-06
5 200 2 1.760400e-06
6 200 2 1.433683e-06
7 200 2 1.362073e-06
8 200 2 1.468881e-06
9 200 2 1.627045e-06
10 200 2 2.080257e-06
11 200 2 2.890823e-06
12 200 2 3.982967e-06
1 201 2 2.925472e-06
2 201 2 3.018481e-06
3 201 2 2.763240e-06
4 201 2 2.126945e-06
5 201 2 1.602856e-06
6 201 2 1.326087e-06
7 201 2 1.253227e-06
8 201 2 1.296349e-06
9 201 2 1.282998e-06
10 201 2 1.526601e-06
11 201 2 1.946006e-06
12 201 2 2.423690e-06
1 206 2 4.939528e-07
2 206 2 5.335333e-07
3 206 2 4.827049e-07
4 206 2 4.119141e-07
5 206 2 3.406508e-07
6 206 2 2.970187e-07
7 206 2 2.547515e-07
8 206 2 2.501337e-07
9 206 2 2.707671e-07
10 206 2 3.064931e-07
11 206 2 3.592806e-07
12 206 2 4.232698e-07
1 207 2 1.872484e-08
2 207 2 2.044517e-08
3 207 2 1.938977e-08
4 207 2 1.758169e-08
5 207 2 1.559236e-08
6 207 2 1.337350e-08
7 207 2 1.178754e-08
8 207 2 1.160772e-08
9 207 2 1.171145e-08
10 207 2 1.289974e-08
11 207 2 1.390210e-08
12 207 2 1.590314e-08
1 212 2 1.150637e-08
2 212 2 1.228233e-08
3 212 2 1.090177e-08
4 212 2 9.165019e-09
5 212 2 7.143407e-09
6 212 2 5.765323e-09
7 212 2 4.785545e-09
8 212 2 4.625185e-09
9 212 2 5.252946e-09
10 212 2 6.198230e-09
11 212 2 7.352180e-09
12 212 2 9.720987e-09
1 213 2 2.506449e-09
2 213 2 2.739360e-09
3 213 2 2.321500e-09
4 213 2 1.964486e-09
5 213 2 1.515863e-09
6 213 2 1.168517e-09
7 213 2 9.917289e-10
8 213 2 9.681677e-10
9 213 2 1.166199e-09
10 213 2 1.437206e-09
11 213 2 1.764870e-09
12 213 2 2.159703e-09
1 214 2 8.906159e-08
2 214 2 9.441645e-08
3 214 2 7.585775e-08
4 214 2 5.634220e-08
5 214 2 4.164722e-08
6 214 2 3.069210e-08
7 214 2 2.657982e-08
8 214 2 2.740179e-08
9 214 2 3.458891e-08
10 214 2 4.637191e-08
11 214 2 6.347890e-08
12 214 2 7.698885e-08
1 215 2 3.302391e-08
2 215 2 3.396949e-08
3 215 2 3.167135e-08
4 215 2 2.524073e-08
5 215 2 2.050191e-08
6 215 2 1.647286e-08
7 215 2 1.423483e-08
8 215 2 1.426983e-08
9 215 2 1.604738e-08
10 215 2 1.909123e-08
11 215 2 2.403849e-08
12 215 2 2.903982e-08
1 216 2 1.175559e-07
2 216 2 1.227370e-07
3 216 2 1.150970e-07
4 216 2 9.356720e-08
5 216 2 7.492323e-08
6 216 2 6.445405e-08
7 216 2 5.663831e-08
8 216 2 5.415673e-08
9 216 2 5.619721e-08
10 216 2 6.387340e-08
11 216 2 7.682887e-08
12 216 2 9.873899e-08
1 224 2 1.414742e-07
2 224 2 1.546648e-07
3 224 2 1.349639e-07
4 224 2 1.162242e-07
5 224 2 9.385320e-08
6 224 2 7.975702e-08
7 224 2 7.245848e-08
8 224 2 7.568205e-08
9 224 2 7.783036e-08
10 224 2 9.179718e-08
11 224 2 1.096240e-07
12 224 2 1.307900e-07
1 240 2 7.262247e-09
2 240 2 7.407446e-09
3 240 2 6.773929e-09
4 240 2 5.982441e-09
5 240 2 5.199511e-09
6 240 2 4.484759e-09
7 240 2 4.393783e-09
8 240 2 4.529736e-09
9 240 2 4.409425e-09
10 240 2 4.748491e-09
11 240 2 5.217425e-09
12 240 2 6.466091e-09
