1 7 2 7.284837e-12
2 7 2 6.223355e-12
3 7 2 6.806142e-12
4 7 2 1.759108e-11
5 7 2 6.052593e-11
6 7 2 1.630191e-10
7 7 2 2.205696e-10
8 7 2 1.503864e-10
9 7 2 6.503709e-11
10 7 2 2.851208e-11
11 7 2 1.510609e-11
12 7 2 8.911608e-12
1 25 2 4.115046e-09
2 25 2 3.907220e-09
3 25 2 5.504627e-09
4 25 2 1.004472e-08
5 25 2 2.810029e-08
6 25 2 5.095631e-08
7 25 2 6.177397e-08
8 25 2 4.736971e-08
9 25 2 2.676640e-08
10 25 2 1.252570e-08
11 25 2 5.972401e-09
12 25 2 3.458598e-09
1 26 2 2.696219e-10
2 26 2 2.219014e-10
3 26 2 3.669321e-10
4 26 2 8.190225e-10
5 26 2 2.307060e-09
6 26 2 4.406420e-09
7 26 2 4.780953e-09
8 26 2 3.577124e-09
9 26 2 1.956499e-09
10 26 2 7.875671e-10
11 26 2 4.114716e-10
12 26 2 2.543921e-10
1 27 2 2.373348e-09
2 27 2 2.095454e-09
3 27 2 3.673319e-09
4 27 2 9.355493e-09
5 27 2 2.634577e-08
6 27 2 5.445991e-08
7 27 2 6.142155e-08
8 27 2 4.623039e-08
9 27 2 2.389023e-08
10 27 2 8.971358e-09
11 27 2 4.754499e-09
12 27 2 2.940985e-09
1 28 2 7.554261e-10
2 28 2 6.874580e-10
3 28 2 1.156185e-09
4 28 2 3.142787e-09
5 28 2 8.974579e-09
6 28 2 1.921443e-08
7 28 2 2.290806e-08
8 28 2 1.726148e-08
9 28 2 8.879674e-09
10 28 2 3.458202e-09
11 28 2 1.726385e-09
12 28 2 1.076305e-09
1 29 2 1.013295e-09
2 29 2 9.585802e-10
3 29 2 1.527066e-09
4 29 2 4.591633e-09
5 29 2 1.373100e-08
6 29 2 3.379324e-08
7 29 2 4.603418e-08
8 29 2 3.424975e-08
9 29 2 1.572919e-08
10 29 2 5.829824e-09
11 29 2 2.755781e-09
12 29 2 1.720279e-09
1 30 2 2.295295e-10
2 30 2 2.007379e-10
3 30 2 3.190427e-10
4 30 2 9.764997e-10
5 30 2 2.705056e-09
6 30 2 7.356699e-09
7 30 2 1.066319e-08
8 30 2 8.165938e-09
9 30 2 3.694805e-09
10 30 2 1.446214e-09
11 30 2 6.670985e-10
12 30 2 3.995242e-10
1 31 2 4.097212e-10
2 31 2 3.157246e-10
3 31 2 4.796241e-10
4 31 2 1.334953e-09
5 31 2 3.447496e-09
6 31 2 9.077084e-09
7 31 2 1.280070e-08
8 31 2 1.033241e-08
9 31 2 5.168959e-09
10 31 2 2.367128e-09
11 31 2 1.136511e-09
12 31 2 6.333165e-10
1 32 2 4.848652e-10
2 32 2 4.013751e-10
3 32 2 5.610532e-10
4 32 2 1.246682e-09
5 32 2 3.329721e-09
6 32 2 7.887454e-09
7 32 2 1.017575e-08
8 32 2 8.405629e-09
9 32 2 4.693800e-09
10 32 2 2.419701e-09
11 32 2 1.250402e-09
12 32 2 6.484715e-10
1 35 2 3.417515e-08
2 35 2 3.256377e-08
3 35 2 3.537389e-08
4 35 2 4.713891e-08
5 35 2 7.389652e-08
6 35 2 1.128561e-07
7 35 2 1.358006e-07
8 35 2 1.247009e-07
9 35 2 8.475154e-08
10 35 2 6.127525e-08
11 35 2 4.641273e-08
12 35 2 3.770614e-08
1 36 2 4.097625e-09
2 36 2 3.846873e-09
3 36 2 4.263472e-09
4 36 2 5.120803e-09
5 36 2 7.003549e-09
6 36 2 1.010320e-08
7 36 2 1.189871e-08
8 36 2 1.212154e-08
9 36 2 9.252734e-09
10 36 2 7.249145e-09
11 36 2 5.548392e-09
12 36 2 4.597313e-09
1 37 2 9.465812e-08
2 37 2 9.161590e-08
3 37 2 1.154403e-07
4 37 2 1.484407e-07
5 37 2 2.244140e-07
6 37 2 3.403726e-07
7 37 2 3.958708e-07
8 37 2 3.891503e-07
9 37 2 2.863784e-07
10 37 2 2.147337e-07
11 37 2 1.513468e-07
12 37 2 1.159445e-07
1 38 2 4.887060e-07
2 38 2 4.882679e-07
3 38 2 7.438116e-07
4 38 2 1.102823e-06
5 38 2 2.013470e-06
6 38 2 3.572748e-06
7 38 2 4.235353e-06
8 38 2 3.673283e-06
9 38 2 2.372660e-06
10 38 2 1.621711e-06
11 38 2 9.266776e-07
12 38 2 6.687263e-07
1 39 2 5.249976e-07
2 39 2 5.469419e-07
3 39 2 8.859329e-07
4 39 2 1.367954e-06
5 39 2 2.654284e-06
6 39 2 5.131400e-06
7 39 2 6.371763e-06
8 39 2 5.158692e-06
9 39 2 3.251587e-06
10 39 2 2.053338e-06
11 39 2 1.039355e-06
12 39 2 7.586542e-07
1 40 2 1.301337e-07
2 40 2 1.427792e-07
3 40 2 2.546447e-07
4 40 2 4.282053e-07
5 40 2 9.360782e-07
6 40 2 2.125310e-06
7 40 2 2.659091e-06
8 40 2 1.950642e-06
9 40 2 1.201576e-06
10 40 2 6.474203e-07
11 40 2 2.773361e-07
12 40 2 2.066068e-07
1 41 2 6.930698e-08
2 41 2 7.409262e-08
3 41 2 1.484791e-07
4 41 2 2.644519e-07
5 41 2 6.632841e-07
6 41 2 1.683151e-06
7 41 2 2.176215e-06
8 41 2 1.526387e-06
9 41 2 8.530157e-07
10 41 2 3.697050e-07
11 41 2 1.420307e-07
12 41 2 1.183808e-07
1 42 2 3.753141e-08
2 42 2 3.925860e-08
3 42 2 8.466064e-08
4 42 2 1.670094e-07
5 42 2 4.747796e-07
6 42 2 1.316896e-06
7 42 2 1.843500e-06
8 42 2 1.231119e-06
9 42 2 5.829991e-07
10 42 2 2.086491e-07
11 42 2 7.778838e-08
12 42 2 6.381405e-08
1 43 2 1.051806e-09
2 43 2 1.090587e-09
3 43 2 2.573219e-09
4 43 2 6.278732e-09
5 43 2 2.101607e-08
6 43 2 6.197966e-08
7 43 2 9.060568e-08
8 43 2 5.687595e-08
9 43 2 2.325764e-08
10 43 2 7.140686e-09
11 43 2 2.435127e-09
12 43 2 1.706312e-09
1 44 2 4.344866e-09
2 44 2 4.365612e-09
3 44 2 9.495877e-09
4 44 2 2.567187e-08
5 44 2 9.590931e-08
6 44 2 3.022420e-07
7 44 2 4.417433e-07
8 44 2 2.663685e-07
9 44 2 9.602183e-08
10 44 2 2.844932e-08
11 44 2 9.337149e-09
12 44 2 6.312962e-09
1 45 2 9.980948e-09
2 45 2 1.118573e-08
3 45 2 2.038233e-08
4 45 2 6.010911e-08
5 45 2 2.517253e-07
6 45 2 8.352506e-07
7 45 2 1.168505e-06
8 45 2 7.115012e-07
9 45 2 2.446692e-07
10 45 2 6.246916e-08
11 45 2 1.810712e-08
12 45 2 1.183392e-08
1 46 2 4.530127e-09
2 46 2 5.699011e-09
3 46 2 8.958413e-09
4 46 2 2.487661e-08
5 46 2 9.768940e-08
6 46 2 3.030216e-07
7 46 2 4.239058e-07
8 46 2 2.656243e-07
9 46 2 9.977605e-08
10 46 2 2.418453e-08
11 46 2 6.649282e-09
12 46 2 4.741867e-09
1 47 2 5.954467e-09
2 47 2 7.577878e-09
3 47 2 1.067842e-08
4 47 2 2.392529e-08
5 47 2 8.154932e-08
6 47 2 2.246682e-07
7 47 2 3.046981e-07
8 47 2 2.066071e-07
9 47 2 8.752509e-08
10 47 2 2.699609e-08
11 47 2 7.964554e-09
12 47 2 6.054119e-09
1 48 2 8.058697e-09
2 48 2 9.257331e-09
3 48 2 1.273294e-08
4 48 2 2.486474e-08
5 48 2 7.716007e-08
6 48 2 1.774814e-07
7 48 2 2.358563e-07
8 48 2 1.659384e-07
9 48 2 7.899338e-08
10 48 2 2.945153e-08
11 48 2 1.060218e-08
12 48 2 7.030721e-09
1 49 2 1.403421e-10
2 49 2 1.276990e-10
3 49 2 1.448481e-10
4 49 2 1.695318e-10
5 49 2 2.424667e-10
6 49 2 3.688990e-10
7 49 2 5.501521e-10
8 49 2 5.173407e-10
9 49 2 3.608392e-10
10 49 2 2.582152e-10
11 49 2 1.885180e-10
12 49 2 1.375235e-10
1 50 2 5.717614e-10
2 50 2 4.935440e-10
3 50 2 5.785099e-10
4 50 2 6.594413e-10
5 50 2 9.281176e-10
6 50 2 1.362000e-09
7 50 2 1.879760e-09
8 50 2 1.807696e-09
9 50 2 1.308936e-09
10 50 2 9.330645e-10
11 50 2 6.985675e-10
12 50 2 5.500457e-10
1 51 2 2.299253e-10
2 51 2 2.098429e-10
3 51 2 2.280175e-10
4 51 2 2.632076e-10
5 51 2 3.587586e-10
6 51 2 5.031304e-10
7 51 2 6.556523e-10
8 51 2 6.502081e-10
9 51 2 5.402276e-10
10 51 2 3.799823e-10
11 51 2 2.847827e-10
12 51 2 2.386566e-10
1 52 2 5.420413e-07
2 52 2 5.697319e-07
3 52 2 7.157128e-07
4 52 2 1.043412e-06
5 52 2 1.764546e-06
6 52 2 2.428411e-06
7 52 2 3.114888e-06
8 52 2 2.913487e-06
9 52 2 2.351875e-06
10 52 2 1.343544e-06
11 52 2 8.086820e-07
12 52 2 6.236171e-07
1 53 2 2.501428e-07
2 53 2 3.138378e-07
3 53 2 5.317075e-07
4 53 2 1.160558e-06
5 53 2 2.210058e-06
6 53 2 3.300180e-06
7 53 2 4.581040e-06
8 53 2 3.903580e-06
9 53 2 2.641973e-06
10 53 2 1.165221e-06
11 53 2 5.197201e-07
12 53 2 3.292638e-07
1 54 2 7.610194e-08
2 54 2 9.872370e-08
3 54 2 1.846173e-07
4 54 2 4.587558e-07
5 54 2 9.036061e-07
6 54 2 1.745355e-06
7 54 2 2.479359e-06
8 54 2 2.079006e-06
9 54 2 1.260885e-06
10 54 2 5.362509e-07
11 54 2 2.298617e-07
12 54 2 1.267962e-07
1 55 2 1.027246e-07
2 55 2 1.145653e-07
3 55 2 2.137184e-07
4 55 2 5.004323e-07
5 55 2 9.930608e-07
6 55 2 2.120779e-06
7 55 2 2.948043e-06
8 55 2 2.542431e-06
9 55 2 1.612245e-06
10 55 2 7.730458e-07
11 55 2 3.616785e-07
12 55 2 2.070982e-07
1 56 2 4.388451e-07
2 56 2 4.554255e-07
3 56 2 7.888090e-07
4 56 2 1.758932e-06
5 56 2 3.844789e-06
6 56 2 7.578926e-06
7 56 2 1.047853e-05
8 56 2 8.696648e-06
9 56 2 5.684335e-06
10 56 2 2.928776e-06
11 56 2 1.320401e-06
12 56 2 7.572625e-07
1 57 2 9.041461e-08
2 57 2 8.626450e-08
3 57 2 1.061004e-07
4 57 2 1.610438e-07
5 57 2 2.694516e-07
6 57 2 4.384313e-07
7 57 2 6.243312e-07
8 57 2 5.626749e-07
9 57 2 4.186306e-07
10 57 2 2.689064e-07
11 57 2 1.644377e-07
12 57 2 1.181739e-07
1 60 2 4.909064e-06
2 60 2 4.753985e-06
3 60 2 5.451877e-06
4 60 2 6.465845e-06
5 60 2 7.971874e-06
6 60 2 1.049093e-05
7 60 2 1.221354e-05
8 60 2 1.221868e-05
9 60 2 1.036931e-05
10 60 2 8.464798e-06
11 60 2 6.769859e-06
12 60 2 5.611520e-06
1 61 2 1.559747e-05
2 61 2 1.569129e-05
3 61 2 2.206953e-05
4 61 2 3.324137e-05
5 61 2 4.848902e-05
6 61 2 6.831318e-05
7 61 2 8.084204e-05
8 61 2 7.777673e-05
9 61 2 6.043456e-05
10 61 2 4.110795e-05
11 61 2 2.681721e-05
12 61 2 1.880937e-05
1 62 2 4.896137e-06
2 62 2 5.362422e-06
3 62 2 8.441432e-06
4 62 2 1.528157e-05
5 62 2 2.621118e-05
6 62 2 3.718265e-05
7 62 2 4.546687e-05
8 62 2 4.244167e-05
9 62 2 2.957430e-05
10 62 2 1.763631e-05
11 62 2 9.577296e-06
12 62 2 6.232630e-06
1 63 2 7.006445e-06
2 63 2 8.505525e-06
3 63 2 1.423198e-05
4 63 2 2.993345e-05
5 63 2 5.744721e-05
6 63 2 8.540444e-05
7 63 2 1.092116e-04
8 63 2 9.503552e-05
9 63 2 5.804472e-05
10 63 2 3.169885e-05
11 63 2 1.464193e-05
12 63 2 9.585227e-06
1 64 2 1.921292e-06
2 64 2 2.461375e-06
3 64 2 4.687052e-06
4 64 2 1.110206e-05
5 64 2 2.377712e-05
6 64 2 3.808550e-05
7 64 2 4.827420e-05
8 64 2 3.773964e-05
9 64 2 2.160916e-05
10 64 2 9.552932e-06
11 64 2 4.365220e-06
12 64 2 2.987373e-06
1 65 2 6.497413e-07
2 65 2 8.056833e-07
3 65 2 1.765101e-06
4 65 2 4.977646e-06
5 65 2 1.043654e-05
6 65 2 1.773729e-05
7 65 2 2.299004e-05
8 65 2 1.715852e-05
9 65 2 9.731772e-06
10 65 2 3.453380e-06
11 65 2 1.520246e-06
12 65 2 1.101720e-06
1 66 2 4.302230e-07
2 66 2 5.318898e-07
3 66 2 1.264454e-06
4 66 2 4.148256e-06
5 66 2 8.625408e-06
6 66 2 1.483178e-05
7 66 2 2.045549e-05
8 66 2 1.546438e-05
9 66 2 8.747946e-06
10 66 2 2.898295e-06
11 66 2 1.110670e-06
12 66 2 6.889269e-07
1 67 2 1.455667e-07
2 67 2 1.941065e-07
3 67 2 4.936140e-07
4 67 2 1.823453e-06
5 67 2 4.137309e-06
6 67 2 7.056211e-06
7 67 2 9.865361e-06
8 67 2 7.592204e-06
9 67 2 4.152407e-06
10 67 2 1.527034e-06
11 67 2 4.828596e-07
12 67 2 2.173326e-07
1 68 2 3.522352e-08
2 68 2 4.729572e-08
3 68 2 1.404656e-07
4 68 2 6.456541e-07
5 68 2 1.759490e-06
6 68 2 3.371728e-06
7 68 2 4.834420e-06
8 68 2 3.595522e-06
9 68 2 1.725526e-06
10 68 2 6.339376e-07
11 68 2 1.445602e-07
12 68 2 5.030194e-08
1 69 2 2.125033e-08
2 69 2 3.012902e-08
3 69 2 7.205150e-08
4 69 2 3.159501e-07
5 69 2 1.013109e-06
6 69 2 2.397636e-06
7 69 2 3.512518e-06
8 69 2 2.703928e-06
9 69 2 1.161590e-06
10 69 2 3.777041e-07
11 69 2 7.318543e-08
12 69 2 2.752247e-08
1 70 2 8.938940e-08
2 70 2 1.044791e-07
3 70 2 1.497155e-07
4 70 2 3.906001e-07
5 70 2 9.795009e-07
6 70 2 2.378507e-06
7 70 2 3.850048e-06
8 70 2 3.508950e-06
9 70 2 1.811786e-06
10 70 2 6.458096e-07
11 70 2 1.964168e-07
12 70 2 1.105684e-07
1 71 2 7.548728e-08
2 71 2 7.660193e-08
3 71 2 8.668090e-08
4 71 2 1.390966e-07
5 71 2 2.693785e-07
6 71 2 5.619489e-07
7 71 2 8.624152e-07
8 71 2 8.574570e-07
9 71 2 5.501363e-07
10 71 2 2.620226e-07
11 71 2 1.251748e-07
12 71 2 8.693817e-08
1 72 2 3.174890e-10
2 72 2 3.032296e-10
3 72 2 3.285179e-10
4 72 2 4.188634e-10
5 72 2 6.517206e-10
6 72 2 1.134016e-09
7 72 2 1.756460e-09
8 72 2 1.689303e-09
9 72 2 1.181893e-09
10 72 2 7.166328e-10
11 72 2 4.415446e-10
12 72 2 3.153209e-10
1 76 2 1.999337e-07
2 76 2 1.829188e-07
3 76 2 1.847598e-07
4 76 2 2.009746e-07
5 76 2 2.732284e-07
6 76 2 3.896063e-07
7 76 2 5.224404e-07
8 76 2 5.575397e-07
9 76 2 5.312269e-07
10 76 2 3.547534e-07
11 76 2 2.290082e-07
12 76 2 2.002876e-07
1 77 2 2.040167e-07
2 77 2 2.649141e-07
3 77 2 3.470216e-07
4 77 2 5.608632e-07
5 77 2 9.417120e-07
6 77 2 1.453905e-06
7 77 2 1.975465e-06
8 77 2 1.875036e-06
9 77 2 1.388947e-06
10 77 2 7.017126e-07
11 77 2 3.079136e-07
12 77 2 1.940764e-07
1 78 2 2.227361e-07
2 78 2 3.043375e-07
3 78 2 4.238082e-07
4 78 2 7.601446e-07
5 78 2 1.188647e-06
6 78 2 1.887159e-06
7 78 2 2.329488e-06
8 78 2 2.181283e-06
9 78 2 1.414320e-06
10 78 2 7.500417e-07
11 78 2 4.050387e-07
12 78 2 2.338425e-07
1 79 2 1.619267e-06
2 79 2 1.986868e-06
3 79 2 2.917295e-06
4 79 2 4.838818e-06
5 79 2 7.351508e-06
6 79 2 1.200994e-05
7 79 2 1.471668e-05
8 79 2 1.394145e-05
9 79 2 9.626652e-06
10 79 2 5.811084e-06
11 79 2 3.310856e-06
12 79 2 2.028169e-06
1 80 2 4.422442e-07
2 80 2 4.431077e-07
3 80 2 5.567925e-07
4 80 2 7.528474e-07
5 80 2 1.122805e-06
6 80 2 1.708307e-06
7 80 2 2.199705e-06
8 80 2 2.177671e-06
9 80 2 1.807428e-06
10 80 2 1.267195e-06
11 80 2 7.392314e-07
12 80 2 5.464151e-07
1 81 2 1.365271e-12
2 81 2 1.237265e-12
3 81 2 1.303175e-12
4 81 2 1.545247e-12
5 81 2 2.225141e-12
6 81 2 2.998314e-12
7 81 2 4.000734e-12
8 81 2 4.292698e-12
9 81 2 3.903402e-12
10 81 2 2.995054e-12
11 81 2 1.979845e-12
12 81 2 1.620892e-12
1 84 2 1.513923e-06
2 84 2 1.600597e-06
3 84 2 1.979618e-06
4 84 2 2.501619e-06
5 84 2 3.353916e-06
6 84 2 5.495634e-06
7 84 2 7.360432e-06
8 84 2 7.053122e-06
9 84 2 5.292287e-06
10 84 2 3.339964e-06
11 84 2 2.243711e-06
12 84 2 1.713953e-06
1 85 2 2.937442e-06
2 85 2 3.307792e-06
3 85 2 4.300662e-06
4 85 2 6.248462e-06
5 85 2 1.000243e-05
6 85 2 1.528027e-05
7 85 2 2.114168e-05
8 85 2 2.011226e-05
9 85 2 1.448219e-05
10 85 2 7.988463e-06
11 85 2 4.505157e-06
12 85 2 3.268946e-06
1 86 2 8.998727e-07
2 86 2 1.018844e-06
3 86 2 1.302008e-06
4 86 2 1.891199e-06
5 86 2 3.039530e-06
6 86 2 4.410292e-06
7 86 2 6.058569e-06
8 86 2 6.078388e-06
9 86 2 4.499165e-06
10 86 2 2.609016e-06
11 86 2 1.437175e-06
12 86 2 1.027139e-06
1 87 2 1.137706e-06
2 87 2 1.539185e-06
3 87 2 2.197675e-06
4 87 2 3.474023e-06
5 87 2 6.094711e-06
6 87 2 9.161123e-06
7 87 2 1.241965e-05
8 87 2 1.265521e-05
9 87 2 9.175083e-06
10 87 2 5.165815e-06
11 87 2 2.269723e-06
12 87 2 1.379646e-06
1 88 2 4.351085e-07
2 88 2 6.178892e-07
3 88 2 9.689414e-07
4 88 2 1.838463e-06
5 88 2 3.773067e-06
6 88 2 5.930225e-06
7 88 2 7.594478e-06
8 88 2 6.660951e-06
9 88 2 4.304308e-06
10 88 2 2.034136e-06
11 88 2 1.042838e-06
12 88 2 5.792585e-07
1 89 2 3.954285e-07
2 89 2 5.501875e-07
3 89 2 1.044239e-06
4 89 2 1.964035e-06
5 89 2 3.919458e-06
6 89 2 5.855214e-06
7 89 2 6.830485e-06
8 89 2 5.981876e-06
9 89 2 3.903805e-06
10 89 2 1.857705e-06
11 89 2 1.022202e-06
12 89 2 5.657933e-07
1 90 2 1.667651e-07
2 90 2 2.197909e-07
3 90 2 4.361514e-07
4 90 2 7.827990e-07
5 90 2 1.201942e-06
6 90 2 1.590972e-06
7 90 2 1.786760e-06
8 90 2 1.653248e-06
9 90 2 1.204816e-06
10 90 2 7.186215e-07
11 90 2 3.962144e-07
12 90 2 2.255561e-07
1 91 2 1.019737e-09
2 91 2 1.442882e-09
3 91 2 3.014501e-09
4 91 2 5.696459e-09
5 91 2 8.407084e-09
6 91 2 1.068619e-08
7 91 2 1.199903e-08
8 91 2 1.100427e-08
9 91 2 7.912294e-09
10 91 2 4.897729e-09
11 91 2 2.538392e-09
12 91 2 1.303100e-09
1 92 2 5.471195e-09
2 92 2 7.815269e-09
3 92 2 1.959091e-08
4 92 2 4.673937e-08
5 92 2 8.814365e-08
6 92 2 1.350671e-07
7 92 2 1.621299e-07
8 92 2 1.475642e-07
9 92 2 9.231757e-08
10 92 2 4.906382e-08
11 92 2 1.924287e-08
12 92 2 8.260489e-09
1 93 2 8.342122e-07
2 93 2 1.006552e-06
3 93 2 2.069523e-06
4 93 2 4.823255e-06
5 93 2 8.604415e-06
6 93 2 1.365460e-05
7 93 2 1.831693e-05
8 93 2 1.800711e-05
9 93 2 1.211167e-05
10 93 2 6.974850e-06
11 93 2 2.987010e-06
12 93 2 1.244150e-06
1 94 2 1.036246e-06
2 94 2 1.031022e-06
3 94 2 1.376664e-06
4 94 2 2.439702e-06
5 94 2 4.164422e-06
6 94 2 6.557393e-06
7 94 2 9.059012e-06
8 94 2 9.872318e-06
9 94 2 8.131977e-06
10 94 2 4.908447e-06
11 94 2 2.634485e-06
12 94 2 1.439419e-06
1 98 2 2.531607e-08
2 98 2 2.356590e-08
3 98 2 2.219095e-08
4 98 2 2.362696e-08
5 98 2 2.681498e-08
6 98 2 3.068427e-08
7 98 2 3.451350e-08
8 98 2 3.637555e-08
9 98 2 3.589452e-08
10 98 2 3.392991e-08
11 98 2 3.051972e-08
12 98 2 2.777327e-08
1 101 2 9.962920e-08
2 101 2 1.023724e-07
3 101 2 1.049052e-07
4 101 2 1.293640e-07
5 101 2 1.663647e-07
6 101 2 1.942481e-07
7 101 2 2.073487e-07
8 101 2 2.077707e-07
9 101 2 1.997438e-07
10 101 2 1.712598e-07
11 101 2 1.316941e-07
12 101 2 1.056281e-07
1 102 2 6.387111e-07
2 102 2 7.219748e-07
3 102 2 8.873205e-07
4 102 2 1.109860e-06
5 102 2 1.284370e-06
6 102 2 1.402120e-06
7 102 2 1.441603e-06
8 102 2 1.459819e-06
9 102 2 1.315705e-06
10 102 2 1.013620e-06
11 102 2 8.135572e-07
12 102 2 6.668112e-07
1 103 2 3.567546e-07
2 103 2 3.640710e-07
3 103 2 3.967918e-07
4 103 2 4.483597e-07
5 103 2 5.221506e-07
6 103 2 5.975345e-07
7 103 2 6.464564e-07
8 103 2 6.784416e-07
9 103 2 6.654109e-07
10 103 2 5.815114e-07
11 103 2 4.783844e-07
12 103 2 3.977608e-07
1 104 2 1.671728e-07
2 104 2 1.604148e-07
3 104 2 1.621578e-07
4 104 2 1.777826e-07
5 104 2 2.078832e-07
6 104 2 2.385560e-07
7 104 2 2.677375e-07
8 104 2 2.892218e-07
9 104 2 2.915498e-07
10 104 2 2.723652e-07
11 104 2 2.240449e-07
12 104 2 1.855090e-07
1 107 2 6.096848e-08
2 107 2 6.432064e-08
3 107 2 7.509664e-08
4 107 2 8.605248e-08
5 107 2 9.650245e-08
6 107 2 1.235463e-07
7 107 2 1.350414e-07
8 107 2 1.344950e-07
9 107 2 1.259074e-07
10 107 2 1.076952e-07
11 107 2 8.561371e-08
12 107 2 6.695315e-08
1 108 2 8.103950e-09
2 108 2 1.035686e-08
3 108 2 1.504444e-08
4 108 2 2.330056e-08
5 108 2 3.616869e-08
6 108 2 4.964266e-08
7 108 2 5.314096e-08
8 108 2 4.696542e-08
9 108 2 3.800244e-08
10 108 2 2.621905e-08
11 108 2 1.365746e-08
12 108 2 8.694310e-09
1 109 2 1.538499e-08
2 109 2 2.032133e-08
3 109 2 3.178387e-08
4 109 2 5.515819e-08
5 109 2 9.397761e-08
6 109 2 1.184635e-07
7 109 2 1.203697e-07
8 109 2 1.106535e-07
9 109 2 8.885794e-08
10 109 2 6.234843e-08
11 109 2 2.773103e-08
12 109 2 1.619944e-08
1 110 2 6.776612e-09
2 110 2 8.632106e-09
3 110 2 1.386360e-08
4 110 2 2.146032e-08
5 110 2 3.328409e-08
6 110 2 3.854457e-08
7 110 2 4.143914e-08
8 110 2 4.098298e-08
9 110 2 3.450672e-08
10 110 2 2.515758e-08
11 110 2 1.216884e-08
12 110 2 7.162712e-09
1 111 2 2.325586e-07
2 111 2 2.908630e-07
3 111 2 4.709008e-07
4 111 2 7.136895e-07
5 111 2 1.078637e-06
6 111 2 1.383329e-06
7 111 2 1.462283e-06
8 111 2 1.448335e-06
9 111 2 1.233384e-06
10 111 2 8.028730e-07
11 111 2 4.325019e-07
12 111 2 2.641801e-07
1 112 2 2.677348e-07
2 112 2 3.452113e-07
3 112 2 6.055989e-07
4 112 2 1.007076e-06
5 112 2 1.531428e-06
6 112 2 1.866226e-06
7 112 2 1.900701e-06
8 112 2 1.771650e-06
9 112 2 1.352460e-06
10 112 2 8.978621e-07
11 112 2 5.152791e-07
12 112 2 3.167368e-07
1 113 2 1.536465e-07
2 113 2 1.946558e-07
3 113 2 3.270229e-07
4 113 2 4.890329e-07
5 113 2 6.018017e-07
6 113 2 5.254619e-07
7 113 2 4.508774e-07
8 113 2 4.306247e-07
9 113 2 4.259081e-07
10 113 2 3.888947e-07
11 113 2 2.720075e-07
12 113 2 1.837166e-07
1 114 2 4.188058e-07
2 114 2 5.679220e-07
3 114 2 1.011850e-06
4 114 2 1.474958e-06
5 114 2 1.701668e-06
6 114 2 1.245716e-06
7 114 2 1.028877e-06
8 114 2 9.430909e-07
9 114 2 9.101163e-07
10 114 2 8.145708e-07
11 114 2 6.209649e-07
12 114 2 4.599716e-07
1 115 2 1.432691e-07
2 115 2 2.084437e-07
3 115 2 3.304173e-07
4 115 2 4.095811e-07
5 115 2 3.657753e-07
6 115 2 3.396104e-07
7 115 2 3.275479e-07
8 115 2 3.142590e-07
9 115 2 2.890245e-07
10 115 2 2.582877e-07
11 115 2 1.962063e-07
12 115 2 1.407633e-07
1 116 2 1.037808e-07
2 116 2 1.328520e-07
3 116 2 2.031624e-07
4 116 2 2.875690e-07
5 116 2 3.344609e-07
6 116 2 3.808661e-07
7 116 2 3.992936e-07
8 116 2 3.822126e-07
9 116 2 3.096347e-07
10 116 2 2.475461e-07
11 116 2 1.798374e-07
12 116 2 1.184691e-07
1 117 2 4.101051e-08
2 117 2 4.282522e-08
3 117 2 5.408432e-08
4 117 2 7.403447e-08
5 117 2 9.427688e-08
6 117 2 1.116973e-07
7 117 2 1.189134e-07
8 117 2 1.187574e-07
9 117 2 1.083590e-07
10 117 2 9.276182e-08
11 117 2 7.488310e-08
12 117 2 5.409459e-08
1 126 2 1.837575e-09
2 126 2 1.909971e-09
3 126 2 2.070147e-09
4 126 2 2.185949e-09
5 126 2 2.159738e-09
6 126 2 2.007234e-09
7 126 2 1.934858e-09
8 126 2 1.953761e-09
9 126 2 1.943418e-09
10 126 2 1.909719e-09
11 126 2 1.866032e-09
12 126 2 1.837779e-09
1 127 2 1.850722e-07
2 127 2 1.882222e-07
3 127 2 1.986645e-07
4 127 2 2.062560e-07
5 127 2 2.090659e-07
6 127 2 2.025068e-07
7 127 2 2.025627e-07
8 127 2 2.072112e-07
9 127 2 2.050023e-07
10 127 2 1.967863e-07
11 127 2 1.907103e-07
12 127 2 1.883496e-07
1 128 2 8.384704e-07
2 128 2 8.611014e-07
3 128 2 8.839755e-07
4 128 2 8.629103e-07
5 128 2 8.393989e-07
6 128 2 8.141842e-07
7 128 2 8.677701e-07
8 128 2 9.866583e-07
9 128 2 1.037462e-06
10 128 2 9.799319e-07
11 128 2 8.911049e-07
12 128 2 8.395982e-07
1 129 2 2.390138e-08
2 129 2 2.357321e-08
3 129 2 2.416775e-08
4 129 2 2.486862e-08
5 129 2 2.525233e-08
6 129 2 2.593547e-08
7 129 2 2.710000e-08
8 129 2 2.953896e-08
9 129 2 3.086199e-08
10 129 2 3.099795e-08
11 129 2 2.830219e-08
12 129 2 2.514305e-08
1 133 2 5.137355e-07
2 133 2 5.972935e-07
3 133 2 7.170186e-07
4 133 2 7.361885e-07
5 133 2 7.022485e-07
6 133 2 6.454612e-07
7 133 2 5.760802e-07
8 133 2 5.394336e-07
9 133 2 5.625091e-07
10 133 2 5.990938e-07
11 133 2 5.715452e-07
12 133 2 5.001023e-07
1 135 2 2.220330e-08
2 135 2 2.501535e-08
3 135 2 2.974897e-08
4 135 2 3.203826e-08
5 135 2 3.078570e-08
6 135 2 2.746399e-08
7 135 2 2.372617e-08
8 135 2 2.396361e-08
9 135 2 2.546408e-08
10 135 2 2.394748e-08
11 135 2 2.295345e-08
12 135 2 2.156163e-08
1 136 2 2.482161e-08
2 136 2 2.554646e-08
3 136 2 3.159297e-08
4 136 2 3.840743e-08
5 136 2 4.205786e-08
6 136 2 3.837282e-08
7 136 2 3.395546e-08
8 136 2 3.387758e-08
9 136 2 3.405268e-08
10 136 2 3.203328e-08
11 136 2 3.028731e-08
12 136 2 2.689550e-08
1 137 2 6.060208e-09
2 137 2 6.357783e-09
3 137 2 7.289330e-09
4 137 2 8.009903e-09
5 137 2 7.906260e-09
6 137 2 7.274552e-09
7 137 2 6.729735e-09
8 137 2 6.493522e-09
9 137 2 6.497601e-09
10 137 2 6.769001e-09
11 137 2 6.692430e-09
12 137 2 6.310362e-09
1 138 2 2.415046e-07
2 138 2 2.655728e-07
3 138 2 3.081037e-07
4 138 2 3.429002e-07
5 138 2 3.459653e-07
6 138 2 3.040687e-07
7 138 2 2.816905e-07
8 138 2 2.716556e-07
9 138 2 2.723968e-07
10 138 2 2.739841e-07
11 138 2 2.657698e-07
12 138 2 2.464792e-07
1 139 2 4.075656e-07
2 139 2 4.641419e-07
3 139 2 5.186329e-07
4 139 2 5.443421e-07
5 139 2 5.366710e-07
6 139 2 4.997864e-07
7 139 2 4.728736e-07
8 139 2 4.552188e-07
9 139 2 4.493185e-07
10 139 2 4.528067e-07
11 139 2 4.308802e-07
12 139 2 3.944133e-07
1 140 2 1.351088e-07
2 140 2 1.397075e-07
3 140 2 1.517332e-07
4 140 2 1.719112e-07
5 140 2 1.825451e-07
6 140 2 1.753349e-07
7 140 2 1.660137e-07
8 140 2 1.601188e-07
9 140 2 1.577845e-07
10 140 2 1.586566e-07
11 140 2 1.553056e-07
12 140 2 1.447923e-07
1 141 2 2.118412e-07
2 141 2 2.096492e-07
3 141 2 2.156541e-07
4 141 2 2.366786e-07
5 141 2 2.554076e-07
6 141 2 2.525564e-07
7 141 2 2.457270e-07
8 141 2 2.382805e-07
9 141 2 2.362610e-07
10 141 2 2.368165e-07
11 141 2 2.391802e-07
12 141 2 2.322253e-07
1 150 2 2.453706e-10
2 150 2 2.685967e-10
3 150 2 2.875022e-10
4 150 2 2.939945e-10
5 150 2 2.750893e-10
6 150 2 2.426164e-10
7 150 2 2.213338e-10
8 150 2 2.159891e-10
9 150 2 2.090062e-10
10 150 2 2.042510e-10
11 150 2 2.082221e-10
12 150 2 2.215423e-10
1 151 2 1.590064e-07
2 151 2 1.691219e-07
3 151 2 1.793194e-07
4 151 2 1.835476e-07
5 151 2 1.775951e-07
6 151 2 1.671720e-07
7 151 2 1.634782e-07
8 151 2 1.697898e-07
9 151 2 1.616550e-07
10 151 2 1.516965e-07
11 151 2 1.472483e-07
12 151 2 1.509218e-07
1 152 2 1.260366e-07
2 152 2 1.276658e-07
3 152 2 1.288477e-07
4 152 2 1.224386e-07
5 152 2 1.176963e-07
6 152 2 1.155943e-07
7 152 2 1.321551e-07
8 152 2 1.762130e-07
9 152 2 1.870694e-07
10 152 2 1.594410e-07
11 152 2 1.367272e-07
12 152 2 1.264446e-07
1 153 2 1.461192e-07
2 153 2 1.496636e-07
3 153 2 1.579054e-07
4 153 2 1.548843e-07
5 153 2 1.495721e-07
6 153 2 1.468498e-07
7 153 2 1.714203e-07
8 153 2 2.240155e-07
9 153 2 2.724653e-07
10 153 2 2.435280e-07
11 153 2 1.842165e-07
12 153 2 1.537037e-07
1 154 2 3.976379e-07
2 154 2 3.954804e-07
3 154 2 4.115481e-07
4 154 2 3.943395e-07
5 154 2 3.687433e-07
6 154 2 3.316889e-07
7 154 2 3.132015e-07
8 154 2 3.262720e-07
9 154 2 3.678673e-07
10 154 2 4.134171e-07
11 154 2 4.356956e-07
12 154 2 4.212968e-07
1 157 2 1.584979e-08
2 157 2 1.645842e-08
3 157 2 1.762109e-08
4 157 2 1.737286e-08
5 157 2 1.693355e-08
6 157 2 1.592045e-08
7 157 2 1.519037e-08
8 157 2 1.503726e-08
9 157 2 1.492857e-08
10 157 2 1.518887e-08
11 157 2 1.529776e-08
12 157 2 1.549740e-08
1 163 2 7.373069e-08
2 163 2 7.471858e-08
3 163 2 7.693584e-08
4 163 2 8.155249e-08
5 163 2 8.163208e-08
6 163 2 7.547207e-08
7 163 2 6.977368e-08
8 163 2 6.551885e-08
9 163 2 6.645706e-08
10 163 2 7.030900e-08
11 163 2 7.305750e-08
12 163 2 7.362993e-08
1 164 2 2.788768e-07
2 164 2 2.764924e-07
3 164 2 2.841890e-07
4 164 2 2.974468e-07
5 164 2 2.939479e-07
6 164 2 2.718791e-07
7 164 2 2.516481e-07
8 164 2 2.458138e-07
9 164 2 2.632165e-07
10 164 2 2.883654e-07
11 164 2 2.941890e-07
12 164 2 2.892901e-07
1 165 2 1.217393e-07
2 165 2 1.193131e-07
3 165 2 1.208131e-07
4 165 2 1.234853e-07
5 165 2 1.221299e-07
6 165 2 1.123768e-07
7 165 2 1.059560e-07
8 165 2 1.072467e-07
9 165 2 1.143134e-07
10 165 2 1.222257e-07
11 165 2 1.285764e-07
12 165 2 1.287279e-07
1 166 2 5.308672e-08
2 166 2 5.255676e-08
3 166 2 5.168844e-08
4 166 2 5.144594e-08
5 166 2 4.976141e-08
6 166 2 4.602102e-08
7 166 2 4.345777e-08
8 166 2 4.378199e-08
9 166 2 4.542058e-08
10 166 2 4.777911e-08
11 166 2 5.151290e-08
12 166 2 5.410839e-08
1 170 2 2.438390e-09
2 170 2 2.681746e-09
3 170 2 2.634801e-09
4 170 2 2.394893e-09
5 170 2 1.995661e-09
6 170 2 1.678003e-09
7 170 2 1.587128e-09
8 170 2 1.515196e-09
9 170 2 1.540680e-09
10 170 2 1.715536e-09
11 170 2 1.892775e-09
12 170 2 2.179648e-09
1 171 2 8.740275e-09
2 171 2 9.594309e-09
3 171 2 9.710461e-09
4 171 2 8.639238e-09
5 171 2 7.186875e-09
6 171 2 6.158813e-09
7 171 2 5.591540e-09
8 171 2 5.298159e-09
9 171 2 5.375355e-09
10 171 2 5.846885e-09
11 171 2 6.673289e-09
12 171 2 7.883847e-09
1 175 2 2.529247e-10
2 175 2 2.674003e-10
3 175 2 2.681673e-10
4 175 2 2.511706e-10
5 175 2 2.182277e-10
6 175 2 1.988608e-10
7 175 2 1.947346e-10
8 175 2 1.930904e-10
9 175 2 1.795952e-10
10 175 2 1.815453e-10
11 175 2 1.898039e-10
12 175 2 2.214073e-10
1 176 2 6.671419e-07
2 176 2 6.721438e-07
3 176 2 6.580266e-07
4 176 2 5.811805e-07
5 176 2 4.701491e-07
6 176 2 4.260432e-07
7 176 2 4.252663e-07
8 176 2 4.851723e-07
9 176 2 5.284028e-07
10 176 2 5.639345e-07
11 176 2 6.019580e-07
12 176 2 6.394272e-07
1 177 2 9.515231e-07
2 177 2 9.246207e-07
3 177 2 8.730142e-07
4 177 2 7.633928e-07
5 177 2 6.242473e-07
6 177 2 5.330544e-07
7 177 2 5.546350e-07
8 177 2 6.645547e-07
9 177 2 8.352414e-07
10 177 2 8.686190e-07
11 177 2 8.862376e-07
12 177 2 8.880483e-07
1 178 2 2.915920e-07
2 178 2 2.881841e-07
3 178 2 2.762455e-07
4 178 2 2.315382e-07
5 178 2 2.016013e-07
6 178 2 1.703980e-07
7 178 2 1.622933e-07
8 178 2 1.634877e-07
9 178 2 1.864536e-07
10 178 2 2.006188e-07
11 178 2 2.265876e-07
12 178 2 2.515598e-07
1 181 2 3.560597e-09
2 181 2 3.760776e-09
3 181 2 3.812566e-09
4 181 2 3.645323e-09
5 181 2 3.006255e-09
6 181 2 2.599499e-09
7 181 2 2.298492e-09
8 181 2 2.352320e-09
9 181 2 2.548500e-09
10 181 2 2.759549e-09
11 181 2 3.125226e-09
12 181 2 3.327461e-09
1 182 2 4.249647e-07
2 182 2 3.927984e-07
3 182 2 3.703913e-07
4 182 2 3.094017e-07
5 182 2 2.422891e-07
6 182 2 1.812177e-07
7 182 2 1.796770e-07
8 182 2 2.496834e-07
9 182 2 3.464626e-07
10 182 2 4.249241e-07
11 182 2 4.696285e-07
12 182 2 4.507740e-07
1 183 2 9.040642e-08
2 183 2 8.685051e-08
3 183 2 8.291511e-08
4 183 2 7.518135e-08
5 183 2 6.325629e-08
6 183 2 5.133998e-08
7 183 2 4.776646e-08
8 183 2 5.672085e-08
9 183 2 6.595088e-08
10 183 2 7.801983e-08
11 183 2 8.493989e-08
12 183 2 8.736617e-08
1 184 2 2.816371e-08
2 184 2 2.853710e-08
3 184 2 2.763773e-08
4 184 2 2.487217e-08
5 184 2 2.067741e-08
6 184 2 1.671124e-08
7 184 2 1.506934e-08
8 184 2 1.573845e-08
9 184 2 1.667226e-08
10 184 2 1.914599e-08
11 184 2 2.240210e-08
12 184 2 2.553343e-08
1 188 2 4.672442e-09
2 188 2 4.631704e-09
3 188 2 4.293174e-09
4 188 2 3.505670e-09
5 188 2 2.477667e-09
6 188 2 1.884601e-09
7 188 2 1.621684e-09
8 188 2 1.649620e-09
9 188 2 2.234402e-09
10 188 2 2.936319e-09
11 188 2 3.496865e-09
12 188 2 4.361531e-09
1 189 2 4.077506e-09
2 189 2 3.768438e-09
3 189 2 3.418308e-09
4 189 2 2.526638e-09
5 189 2 1.672861e-09
6 189 2 1.182984e-09
7 189 2 1.124765e-09
8 189 2 1.381584e-09
9 189 2 2.222519e-09
10 189 2 3.164542e-09
11 189 2 3.849139e-09
12 189 2 4.022331e-09
1 190 2 1.669107e-08
2 190 2 1.581509e-08
3 190 2 1.372753e-08
4 190 2 9.722926e-09
5 190 2 6.783684e-09
6 190 2 4.921175e-09
7 190 2 4.623997e-09
8 190 2 5.574214e-09
9 190 2 7.829607e-09
10 190 2 1.067365e-08
11 190 2 1.398588e-08
12 190 2 1.569191e-08
1 191 2 1.283624e-08
2 191 2 1.330173e-08
3 191 2 1.292935e-08
4 191 2 1.068109e-08
5 191 2 8.783264e-09
6 191 2 7.215298e-09
7 191 2 6.343461e-09
8 191 2 6.442337e-09
9 191 2 7.028720e-09
10 191 2 7.889016e-09
11 191 2 9.702663e-09
12 191 2 1.141509e-08
1 192 2 1.685480e-08
2 192 2 1.821535e-08
3 192 2 1.774738e-08
4 192 2 1.536657e-08
5 192 2 1.298707e-08
6 192 2 1.105797e-08
7 192 2 9.717756e-09
8 192 2 9.030077e-09
9 192 2 9.297787e-09
10 192 2 1.021003e-08
11 192 2 1.218814e-08
12 192 2 1.463529e-08
1 200 2 3.324142e-06
2 200 2 3.419715e-06
3 200 2 2.796576e-06
4 200 2 1.848737e-06
5 200 2 1.210091e-06
6 200 2 9.855069e-07
7 200 2 9.362827e-07
8 200 2 1.009701e-06
9 200 2 1.118423e-06
10 200 2 1.429958e-06
11 200 2 1.987138e-06
12 200 2 2.737872e-06
1 201 2 1.984920e-06
2 201 2 2.048027e-06
3 201 2 1.874847e-06
4 201 2 1.443123e-06
5 201 2 1.087531e-06
6 201 2 8.997445e-07
7 201 2 8.503089e-07
8 201 2 8.795673e-07
9 201 2 8.705083e-07
10 201 2 1.035792e-06
11 201 2 1.320357e-06
12 201 2 1.644463e-06
1 206 2 2.824241e-07
2 206 2 3.050549e-07
3 206 2 2.759930e-07
4 206 2 2.355174e-07
5 206 2 1.947717e-07
6 206 2 1.698245e-07
7 206 2 1.456576e-07
8 206 2 1.430173e-07
9 206 2 1.548147e-07
10 206 2 1.752415e-07
11 206 2 2.054235e-07
12 206 2 2.420102e-07
1 207 2 1.073180e-08
2 207 2 1.171778e-08
3 207 2 1.111289e-08
4 207 2 1.007662e-08
5 207 2 8.936479e-09
6 207 2 7.664778e-09
7 207 2 6.755814e-09
8 207 2 6.652755e-09
9 207 2 6.712205e-09
10 207 2 7.393252e-09
11 207 2 7.967734e-09
12 207 2 9.114595e-09
1 212 2 6.579544e-09
2 212 2 7.023256e-09
3 212 2 6.233827e-09
4 212 2 5.240720e-09
5 212 2 4.084727e-09
6 212 2 3.296714e-09
7 212 2 2.736459e-09
8 212 2 2.644763e-09
9 212 2 3.003728e-09
10 212 2 3.544258e-09
11 212 2 4.204107e-09
12 212 2 5.558633e-09
1 213 2 1.433103e-09
2 213 2 1.566274e-09
3 213 2 1.327355e-09
4 213 2 1.123227e-09
5 213 2 8.667194e-10
6 213 2 6.681188e-10
7 213 2 5.670371e-10
8 213 2 5.535656e-10
9 213 2 6.667932e-10
10 213 2 8.217456e-10
11 213 2 1.009093e-09
12 213 2 1.234845e-09
1 214 2 5.096924e-08
2 214 2 5.403378e-08
3 214 2 4.341279e-08
4 214 2 3.224419e-08
5 214 2 2.383437e-08
6 214 2 1.756484e-08
7 214 2 1.521142e-08
8 214 2 1.568182e-08
9 214 2 1.979496e-08
10 214 2 2.653828e-08
11 214 2 3.632847e-08
12 214 2 4.406011e-08
1 215 2 1.884927e-08
2 215 2 1.938899e-08
3 215 2 1.807727e-08
4 215 2 1.440682e-08
5 215 2 1.170201e-08
6 215 2 9.402321e-09
7 215 2 8.124907e-09
8 215 2 8.144886e-09
9 215 2 9.159471e-09
10 215 2 1.089683e-08
11 215 2 1.372061e-08
12 215 2 1.657525e-08
1 216 2 8.079306e-08
2 216 2 8.435389e-08
3 216 2 7.910316e-08
4 216 2 6.430628e-08
5 216 2 5.149277e-08
6 216 2 4.429758e-08
7 216 2 3.892603e-08
8 216 2 3.722050e-08
9 216 2 3.862287e-08
10 216 2 4.389851e-08
11 216 2 5.280247e-08
12 216 2 6.786071e-08
1 224 2 9.717230e-08
2 224 2 1.062323e-07
3 224 2 9.270067e-08
4 224 2 7.982918e-08
5 224 2 6.446356e-08
6 224 2 5.478153e-08
7 224 2 4.976849e-08
8 224 2 5.198261e-08
9 224 2 5.345819e-08
10 224 2 6.305137e-08
11 224 2 7.529578e-08
12 224 2 8.983381e-08
1 240 2 4.988210e-09
2 240 2 5.087943e-09
3 240 2 4.652799e-09
4 240 2 4.109151e-09
5 240 2 3.571381e-09
6 240 2 3.080441e-09
7 240 2 3.017952e-09
8 240 2 3.111333e-09
9 240 2 3.028696e-09
10 240 2 3.261590e-09
11 240 2 3.583686e-09
12 240 2 4.441355e-09
