1 7 2 5.941534e-12
2 7 2 5.075786e-12
3 7 2 5.551109e-12
4 7 2 1.434734e-11
5 7 2 4.936512e-11
6 7 2 1.329588e-10
7 7 2 1.798972e-10
8 7 2 1.226556e-10
9 7 2 5.304443e-11
10 7 2 2.325453e-11
11 7 2 1.232057e-11
12 7 2 7.268333e-12
1 25 2 3.354972e-09
2 25 2 3.185532e-09
3 25 2 4.487888e-09
4 25 2 8.189399e-09
5 25 2 2.291000e-08
6 25 2 4.154436e-08
7 25 2 5.036393e-08
8 25 2 3.862023e-08
9 25 2 2.182248e-08
10 25 2 1.021213e-08
11 25 2 4.869261e-09
12 25 2 2.819774e-09
1 26 2 1.858709e-10
2 26 2 1.529735e-10
3 26 2 2.529543e-10
4 26 2 5.646147e-10
5 26 2 1.590433e-09
6 26 2 3.037682e-09
7 26 2 3.295876e-09
8 26 2 2.465984e-09
9 26 2 1.348764e-09
10 26 2 5.429301e-10
11 26 2 2.836588e-10
12 26 2 1.753719e-10
1 27 2 1.795182e-09
2 27 2 1.584984e-09
3 27 2 2.778469e-09
4 27 2 7.076420e-09
5 27 2 1.992773e-08
6 27 2 4.119303e-08
7 27 2 4.645877e-08
8 27 2 3.496829e-08
9 27 2 1.807038e-08
10 27 2 6.785863e-09
11 27 2 3.596265e-09
12 27 2 2.224537e-09
1 28 2 6.177426e-10
2 28 2 5.621623e-10
3 28 2 9.454595e-10
4 28 2 2.569985e-09
5 28 2 7.338877e-09
6 28 2 1.571242e-08
7 28 2 1.873285e-08
8 28 2 1.411542e-08
9 28 2 7.261270e-09
10 28 2 2.827912e-09
11 28 2 1.411735e-09
12 28 2 8.801382e-10
1 29 2 8.295388e-10
2 29 2 7.847463e-10
3 29 2 1.250140e-09
4 29 2 3.758963e-09
5 29 2 1.124095e-08
6 29 2 2.766500e-08
7 29 2 3.768610e-08
8 29 2 2.803872e-08
9 29 2 1.287678e-08
10 29 2 4.772613e-09
11 29 2 2.256033e-09
12 29 2 1.408315e-09
1 30 2 1.878949e-10
2 30 2 1.643258e-10
3 30 2 2.611712e-10
4 30 2 7.993714e-10
5 30 2 2.214383e-09
6 30 2 6.022260e-09
7 30 2 8.728980e-09
8 30 2 6.684710e-09
9 30 2 3.024601e-09
10 30 2 1.183883e-09
11 30 2 5.460928e-10
12 30 2 3.270541e-10
1 31 2 3.351263e-10
2 31 2 2.582430e-10
3 31 2 3.923025e-10
4 31 2 1.091908e-09
5 31 2 2.819837e-09
6 31 2 7.424487e-09
7 31 2 1.047018e-08
8 31 2 8.451266e-09
9 31 2 4.227885e-09
10 31 2 1.936163e-09
11 31 2 9.295947e-10
12 31 2 5.180133e-10
1 32 2 3.960470e-10
2 32 2 3.278507e-10
3 32 2 4.582787e-10
4 32 2 1.018314e-09
5 32 2 2.719779e-09
6 32 2 6.442621e-09
7 32 2 8.311745e-09
8 32 2 6.865876e-09
9 32 2 3.833984e-09
10 32 2 1.976457e-09
11 32 2 1.021352e-09
12 32 2 5.296837e-10
1 35 2 2.791211e-08
2 35 2 2.659604e-08
3 35 2 2.889117e-08
4 35 2 3.850009e-08
5 35 2 6.035402e-08
6 35 2 9.217377e-08
7 35 2 1.109133e-07
8 35 2 1.018478e-07
9 35 2 6.921972e-08
10 35 2 5.004576e-08
11 35 2 3.790699e-08
12 35 2 3.079600e-08
1 36 2 3.347247e-09
2 36 2 3.142414e-09
3 36 2 3.482724e-09
4 36 2 4.183056e-09
5 36 2 5.721024e-09
6 36 2 8.253050e-09
7 36 2 9.719761e-09
8 36 2 9.901784e-09
9 36 2 7.558327e-09
10 36 2 5.921645e-09
11 36 2 4.532343e-09
12 36 2 3.755430e-09
1 37 2 7.735199e-08
2 37 2 7.486598e-08
3 37 2 9.433462e-08
4 37 2 1.213017e-07
5 37 2 1.833849e-07
6 37 2 2.781430e-07
7 37 2 3.234946e-07
8 37 2 3.180029e-07
9 37 2 2.340205e-07
10 37 2 1.754745e-07
11 37 2 1.236764e-07
12 37 2 9.474665e-08
1 38 2 3.996076e-07
2 38 2 3.992493e-07
3 38 2 6.082037e-07
4 38 2 9.017621e-07
5 38 2 1.646384e-06
6 38 2 2.921383e-06
7 38 2 3.463185e-06
8 38 2 3.003588e-06
9 38 2 1.940089e-06
10 38 2 1.326049e-06
11 38 2 7.577304e-07
12 38 2 5.468075e-07
1 39 2 4.290734e-07
2 39 2 4.470081e-07
3 39 2 7.240608e-07
4 39 2 1.118010e-06
5 39 2 2.169310e-06
6 39 2 4.193823e-06
7 39 2 5.207555e-06
8 39 2 4.216128e-06
9 39 2 2.657477e-06
10 39 2 1.678165e-06
11 39 2 8.494509e-07
12 39 2 6.200377e-07
1 40 2 1.063360e-07
2 40 2 1.166690e-07
3 40 2 2.080775e-07
4 40 2 3.498988e-07
5 40 2 7.648964e-07
6 40 2 1.736652e-06
7 40 2 2.172819e-06
8 40 2 1.593926e-06
9 40 2 9.818420e-07
10 40 2 5.290257e-07
11 40 2 2.266193e-07
12 40 2 1.688243e-07
1 41 2 5.664079e-08
2 41 2 6.055183e-08
3 41 2 1.213438e-07
4 41 2 2.161220e-07
5 41 2 5.420656e-07
6 41 2 1.375547e-06
7 41 2 1.778501e-06
8 41 2 1.247432e-06
9 41 2 6.971229e-07
10 41 2 3.021395e-07
11 41 2 1.160739e-07
12 41 2 9.674610e-08
1 42 2 3.063526e-08
2 42 2 3.204509e-08
3 42 2 6.910480e-08
4 42 2 1.363225e-07
5 42 2 3.875419e-07
6 42 2 1.074925e-06
7 42 2 1.504769e-06
8 42 2 1.004909e-06
9 42 2 4.758768e-07
10 42 2 1.703112e-07
11 42 2 6.349527e-08
12 42 2 5.208863e-08
1 43 2 8.586410e-10
2 43 2 8.902999e-10
3 43 2 2.100646e-09
4 43 2 5.125639e-09
5 43 2 1.715645e-08
6 43 2 5.059705e-08
7 43 2 7.396588e-08
8 43 2 4.643065e-08
9 43 2 1.898636e-08
10 43 2 5.829294e-09
11 43 2 1.987915e-09
12 43 2 1.392947e-09
1 44 2 3.549178e-09
2 44 2 3.566125e-09
3 44 2 7.756870e-09
4 44 2 2.097051e-08
5 44 2 7.834516e-08
6 44 2 2.468916e-07
7 44 2 3.608456e-07
8 44 2 2.175877e-07
9 44 2 7.843708e-08
10 44 2 2.323932e-08
11 44 2 7.627210e-09
12 44 2 5.156851e-09
1 45 2 8.147147e-09
2 45 2 9.130571e-09
3 45 2 1.663748e-08
4 45 2 4.906526e-08
5 45 2 2.054758e-07
6 45 2 6.817899e-07
7 45 2 9.538153e-07
8 45 2 5.807770e-07
9 45 2 1.997161e-07
10 45 2 5.099170e-08
11 45 2 1.478030e-08
12 45 2 9.659673e-09
1 46 2 3.698890e-09
2 46 2 4.653294e-09
3 46 2 7.314626e-09
4 46 2 2.031198e-08
5 46 2 7.976429e-08
6 46 2 2.474199e-07
7 46 2 3.461230e-07
8 46 2 2.168847e-07
9 46 2 8.146806e-08
10 46 2 1.974689e-08
11 46 2 5.429200e-09
12 46 2 3.871778e-09
1 47 2 4.863099e-09
2 47 2 6.188963e-09
3 47 2 8.721217e-09
4 47 2 1.954013e-08
5 47 2 6.660251e-08
6 47 2 1.834898e-07
7 47 2 2.488513e-07
8 47 2 1.687390e-07
9 47 2 7.148301e-08
10 47 2 2.204810e-08
11 47 2 6.504766e-09
12 47 2 4.944487e-09
1 48 2 6.583130e-09
2 48 2 7.562292e-09
3 48 2 1.040151e-08
4 48 2 2.031195e-08
5 48 2 6.303188e-08
6 48 2 1.449841e-07
7 48 2 1.926704e-07
8 48 2 1.355547e-07
9 48 2 6.452951e-08
10 48 2 2.405888e-08
11 48 2 8.660896e-09
12 48 2 5.743379e-09
1 49 2 9.658096e-11
2 49 2 8.788015e-11
3 49 2 9.968187e-11
4 49 2 1.166688e-10
5 49 2 1.668612e-10
6 49 2 2.538697e-10
7 49 2 3.786049e-10
8 49 2 3.560247e-10
9 49 2 2.483231e-10
10 49 2 1.776991e-10
11 49 2 1.297347e-10
12 49 2 9.464125e-11
1 50 2 3.940127e-10
2 50 2 3.401114e-10
3 50 2 3.986631e-10
4 50 2 4.544347e-10
5 50 2 6.395851e-10
6 50 2 9.385823e-10
7 50 2 1.295382e-09
8 50 2 1.245721e-09
9 50 2 9.020149e-10
10 50 2 6.429941e-10
11 50 2 4.813974e-10
12 50 2 3.790479e-10
1 51 2 1.597496e-10
2 51 2 1.457966e-10
3 51 2 1.584241e-10
4 51 2 1.828738e-10
5 51 2 2.492616e-10
6 51 2 3.495696e-10
7 51 2 4.555402e-10
8 51 2 4.517575e-10
9 51 2 3.753443e-10
10 51 2 2.640076e-10
11 51 2 1.978640e-10
12 51 2 1.658161e-10
1 52 2 4.360856e-07
2 52 2 4.583634e-07
3 52 2 5.758086e-07
4 52 2 8.394505e-07
5 52 2 1.419621e-06
6 52 2 1.953717e-06
7 52 2 2.506005e-06
8 52 2 2.343972e-06
9 52 2 1.892142e-06
10 52 2 1.080914e-06
11 52 2 6.506047e-07
12 52 2 5.017154e-07
1 53 2 2.033838e-07
2 53 2 2.551723e-07
3 53 2 4.323157e-07
4 53 2 9.436160e-07
5 53 2 1.796933e-06
6 53 2 2.683279e-06
7 53 2 3.724709e-06
8 53 2 3.173886e-06
9 53 2 2.148111e-06
10 53 2 9.474072e-07
11 53 2 4.225691e-07
12 53 2 2.677147e-07
1 54 2 6.126004e-08
2 54 2 7.946995e-08
3 54 2 1.486120e-07
4 54 2 3.692863e-07
5 54 2 7.273789e-07
6 54 2 1.404964e-06
7 54 2 1.995818e-06
8 54 2 1.673545e-06
9 54 2 1.014979e-06
10 54 2 4.316677e-07
11 54 2 1.850325e-07
12 54 2 1.020675e-07
1 55 2 8.362223e-08
2 55 2 9.326109e-08
3 55 2 1.739760e-07
4 55 2 4.073736e-07
5 55 2 8.083944e-07
6 55 2 1.726406e-06
7 55 2 2.399835e-06
8 55 2 2.069649e-06
9 55 2 1.312437e-06
10 55 2 6.292927e-07
11 55 2 2.944220e-07
12 55 2 1.685869e-07
1 56 2 3.584784e-07
2 56 2 3.720223e-07
3 56 2 6.443525e-07
4 56 2 1.436814e-06
5 56 2 3.140684e-06
6 56 2 6.190978e-06
7 56 2 8.559570e-06
8 56 2 7.104010e-06
9 56 2 4.643349e-06
10 56 2 2.392422e-06
11 56 2 1.078593e-06
12 56 2 6.185832e-07
1 57 2 7.375975e-08
2 57 2 7.037411e-08
3 57 2 8.655614e-08
4 57 2 1.313787e-07
5 57 2 2.198171e-07
6 57 2 3.576699e-07
7 57 2 5.093260e-07
8 57 2 4.590271e-07
9 57 2 3.415165e-07
10 57 2 2.193724e-07
11 57 2 1.341474e-07
12 57 2 9.640566e-08
1 60 2 3.819883e-06
2 60 2 3.699211e-06
3 60 2 4.242261e-06
4 60 2 5.031259e-06
5 60 2 6.203143e-06
6 60 2 8.163294e-06
7 60 2 9.503706e-06
8 60 2 9.507703e-06
9 60 2 8.068654e-06
10 60 2 6.586701e-06
11 60 2 5.267821e-06
12 60 2 4.366484e-06
1 61 2 1.212850e-05
2 61 2 1.220146e-05
3 61 2 1.716114e-05
4 61 2 2.584830e-05
5 61 2 3.770479e-05
6 61 2 5.311994e-05
7 61 2 6.286231e-05
8 61 2 6.047875e-05
9 61 2 4.699357e-05
10 61 2 3.196531e-05
11 61 2 2.085291e-05
12 61 2 1.462606e-05
1 62 2 3.827633e-06
2 62 2 4.192159e-06
3 62 2 6.599224e-06
4 62 2 1.194661e-05
5 62 2 2.049101e-05
6 62 2 2.906813e-05
7 62 2 3.554445e-05
8 62 2 3.317945e-05
9 62 2 2.312018e-05
10 62 2 1.378746e-05
11 62 2 7.487203e-06
12 62 2 4.872458e-06
1 63 2 5.654827e-06
2 63 2 6.864719e-06
3 63 2 1.148648e-05
4 63 2 2.415897e-05
5 63 2 4.636504e-05
6 63 2 6.892902e-05
7 63 2 8.814355e-05
8 63 2 7.670216e-05
9 63 2 4.684728e-05
10 63 2 2.558380e-05
11 63 2 1.181735e-05
12 63 2 7.736135e-06
1 64 2 1.570047e-06
2 64 2 2.011394e-06
3 64 2 3.830180e-06
4 64 2 9.072418e-06
5 64 2 1.943026e-05
6 64 2 3.112283e-05
7 64 2 3.944886e-05
8 64 2 3.084020e-05
9 64 2 1.765864e-05
10 64 2 7.806495e-06
11 64 2 3.567185e-06
12 64 2 2.441231e-06
1 65 2 5.307748e-07
2 65 2 6.581641e-07
3 65 2 1.441914e-06
4 65 2 4.066248e-06
5 65 2 8.525626e-06
6 65 2 1.448962e-05
7 65 2 1.878061e-05
8 65 2 1.401683e-05
9 65 2 7.949901e-06
10 65 2 2.821072e-06
11 65 2 1.241891e-06
12 65 2 8.999969e-07
1 66 2 3.514877e-07
2 66 2 4.345485e-07
3 66 2 1.033046e-06
4 66 2 3.389082e-06
5 66 2 7.046869e-06
6 66 2 1.211741e-05
7 66 2 1.671193e-05
8 66 2 1.263423e-05
9 66 2 7.146981e-06
10 66 2 2.367877e-06
11 66 2 9.074058e-07
12 66 2 5.628461e-07
1 67 2 1.188462e-07
2 67 2 1.584759e-07
3 67 2 4.030052e-07
4 67 2 1.488736e-06
5 67 2 3.377856e-06
6 67 2 5.760958e-06
7 67 2 8.054455e-06
8 67 2 6.198563e-06
9 67 2 3.390183e-06
10 67 2 1.246728e-06
11 67 2 3.942249e-07
12 67 2 1.774385e-07
1 68 2 2.872527e-08
2 68 2 3.857031e-08
3 68 2 1.145517e-07
4 68 2 5.265399e-07
5 68 2 1.434888e-06
6 68 2 2.749691e-06
7 68 2 3.942537e-06
8 68 2 2.932198e-06
9 68 2 1.407190e-06
10 68 2 5.169849e-07
11 68 2 1.178909e-07
12 68 2 4.102193e-08
1 69 2 1.734520e-08
2 69 2 2.459228e-08
3 69 2 5.881075e-08
4 69 2 2.578887e-07
5 69 2 8.269322e-07
6 69 2 1.957028e-06
7 69 2 2.867030e-06
8 69 2 2.207033e-06
9 69 2 9.481270e-07
10 69 2 3.082943e-07
11 69 2 5.973631e-08
12 69 2 2.246473e-08
1 70 2 7.298374e-08
2 70 2 8.530403e-08
3 70 2 1.222382e-07
4 70 2 3.189132e-07
5 70 2 7.997328e-07
6 70 2 1.941979e-06
7 70 2 3.143448e-06
8 70 2 2.864951e-06
9 70 2 1.479269e-06
10 70 2 5.272840e-07
11 70 2 1.603683e-07
12 70 2 9.027575e-08
1 71 2 6.168361e-08
2 71 2 6.259444e-08
3 71 2 7.083037e-08
4 71 2 1.136613e-07
5 71 2 2.201198e-07
6 71 2 4.591905e-07
7 71 2 7.047133e-07
8 71 2 7.006617e-07
9 71 2 4.495379e-07
10 71 2 2.141089e-07
11 71 2 1.022853e-07
12 71 2 7.104059e-08
1 72 2 2.591002e-10
2 72 2 2.474632e-10
3 72 2 2.681008e-10
4 72 2 3.418311e-10
5 72 2 5.318639e-10
6 72 2 9.254610e-10
7 72 2 1.433433e-09
8 72 2 1.378626e-09
9 72 2 9.645332e-10
10 72 2 5.848383e-10
11 72 2 3.603410e-10
12 72 2 2.573308e-10
1 76 2 1.378677e-07
2 76 2 1.261348e-07
3 76 2 1.274043e-07
4 76 2 1.385855e-07
5 76 2 1.884094e-07
6 76 2 2.686598e-07
7 76 2 3.602578e-07
8 76 2 3.844611e-07
9 76 2 3.663167e-07
10 76 2 2.446264e-07
11 76 2 1.579166e-07
12 76 2 1.381118e-07
1 77 2 1.405210e-07
2 77 2 1.824654e-07
3 77 2 2.390188e-07
4 77 2 3.863068e-07
5 77 2 6.486248e-07
6 77 2 1.001409e-06
7 77 2 1.360645e-06
8 77 2 1.291472e-06
9 77 2 9.566680e-07
10 77 2 4.833200e-07
11 77 2 2.120822e-07
12 77 2 1.336744e-07
1 78 2 1.535138e-07
2 78 2 2.097550e-07
3 78 2 2.920963e-07
4 78 2 5.239055e-07
5 78 2 8.192369e-07
6 78 2 1.300664e-06
7 78 2 1.605526e-06
8 78 2 1.503380e-06
9 78 2 9.747752e-07
10 78 2 5.169424e-07
11 78 2 2.791600e-07
12 78 2 1.611685e-07
1 79 2 1.238161e-06
2 79 2 1.519244e-06
3 79 2 2.230688e-06
4 79 2 3.699966e-06
5 79 2 5.621275e-06
6 79 2 9.183311e-06
7 79 2 1.125300e-05
8 79 2 1.066022e-05
9 79 2 7.360947e-06
10 79 2 4.443402e-06
11 79 2 2.531621e-06
12 79 2 1.550824e-06
1 80 2 3.166520e-07
2 80 2 3.172703e-07
3 80 2 3.986700e-07
4 80 2 5.390475e-07
5 80 2 8.039415e-07
6 80 2 1.223168e-06
7 80 2 1.575015e-06
8 80 2 1.559238e-06
9 80 2 1.294139e-06
10 80 2 9.073267e-07
11 80 2 5.292983e-07
12 80 2 3.912396e-07
1 81 2 1.116368e-12
2 81 2 1.011698e-12
3 81 2 1.065593e-12
4 81 2 1.263532e-12
5 81 2 1.819475e-12
6 81 2 2.451690e-12
7 81 2 3.271358e-12
8 81 2 3.510094e-12
9 81 2 3.191771e-12
10 81 2 2.449024e-12
11 81 2 1.618899e-12
12 81 2 1.325386e-12
1 84 2 1.079821e-06
2 84 2 1.141642e-06
3 84 2 1.411983e-06
4 84 2 1.784305e-06
5 84 2 2.392215e-06
6 84 2 3.919817e-06
7 84 2 5.249903e-06
8 84 2 5.030711e-06
9 84 2 3.774777e-06
10 84 2 2.382263e-06
11 84 2 1.600350e-06
12 84 2 1.222494e-06
1 85 2 2.215036e-06
2 85 2 2.494305e-06
3 85 2 3.242999e-06
4 85 2 4.711776e-06
5 85 2 7.542526e-06
6 85 2 1.152239e-05
7 85 2 1.594230e-05
8 85 2 1.516605e-05
9 85 2 1.092058e-05
10 85 2 6.023858e-06
11 85 2 3.397202e-06
12 85 2 2.465013e-06
1 86 2 6.784715e-07
2 86 2 7.681716e-07
3 86 2 9.816667e-07
4 86 2 1.425895e-06
5 86 2 2.291696e-06
6 86 2 3.325200e-06
7 86 2 4.567942e-06
8 86 2 4.582885e-06
9 86 2 3.392207e-06
10 86 2 1.967104e-06
11 86 2 1.083578e-06
12 86 2 7.744255e-07
1 87 2 8.816283e-07
2 87 2 1.192742e-06
3 87 2 1.703017e-06
4 87 2 2.692081e-06
5 87 2 4.722898e-06
6 87 2 7.099115e-06
7 87 2 9.624203e-06
8 87 2 9.806741e-06
9 87 2 7.109933e-06
10 87 2 4.003081e-06
11 87 2 1.758848e-06
12 87 2 1.069112e-06
1 88 2 3.317180e-07
2 88 2 4.710663e-07
3 88 2 7.387016e-07
4 88 2 1.401607e-06
5 88 2 2.876511e-06
6 88 2 4.521085e-06
7 88 2 5.789878e-06
8 88 2 5.078176e-06
9 88 2 3.281519e-06
10 88 2 1.550785e-06
11 88 2 7.950391e-07
12 88 2 4.416151e-07
1 89 2 2.913821e-07
2 89 2 4.054204e-07
3 89 2 7.694753e-07
4 89 2 1.447252e-06
5 89 2 2.888157e-06
6 89 2 4.314571e-06
7 89 2 5.033226e-06
8 89 2 4.407906e-06
9 89 2 2.876623e-06
10 89 2 1.368900e-06
11 89 2 7.532372e-07
12 89 2 4.169199e-07
1 90 2 1.329508e-07
2 90 2 1.752248e-07
3 90 2 3.477148e-07
4 90 2 6.240741e-07
5 90 2 9.582294e-07
6 90 2 1.268377e-06
7 90 2 1.424466e-06
8 90 2 1.318026e-06
9 90 2 9.605205e-07
10 90 2 5.729097e-07
11 90 2 3.158756e-07
12 90 2 1.798211e-07
1 91 2 7.023515e-10
2 91 2 9.937964e-10
3 91 2 2.076261e-09
4 91 2 3.923480e-09
5 91 2 5.790444e-09
6 91 2 7.360194e-09
7 91 2 8.264427e-09
8 91 2 7.579273e-09
9 91 2 5.449654e-09
10 91 2 3.373349e-09
11 91 2 1.748337e-09
12 91 2 8.975201e-10
1 92 2 3.769790e-09
2 92 2 5.384916e-09
3 92 2 1.349863e-08
4 92 2 3.220460e-08
5 92 2 6.073319e-08
6 92 2 9.306462e-08
7 92 2 1.117115e-07
8 92 2 1.016754e-07
9 92 2 6.360912e-08
10 92 2 3.380621e-08
11 92 2 1.325882e-08
12 92 2 5.691684e-09
1 93 2 6.537442e-07
2 93 2 7.888007e-07
3 93 2 1.621816e-06
4 93 2 3.779823e-06
5 93 2 6.742992e-06
6 93 2 1.070065e-05
7 93 2 1.435437e-05
8 93 2 1.411157e-05
9 93 2 9.491510e-06
10 93 2 5.465957e-06
11 93 2 2.340820e-06
12 93 2 9.749986e-07
1 94 2 8.066575e-07
2 94 2 8.025908e-07
3 94 2 1.071653e-06
4 94 2 1.899166e-06
5 94 2 3.241761e-06
6 94 2 5.104550e-06
7 94 2 7.051915e-06
8 94 2 7.685026e-06
9 94 2 6.330272e-06
10 94 2 3.820941e-06
11 94 2 2.050794e-06
12 94 2 1.120504e-06
1 98 2 1.746195e-08
2 98 2 1.625476e-08
3 98 2 1.530637e-08
4 98 2 1.629688e-08
5 98 2 1.849584e-08
6 98 2 2.116471e-08
7 98 2 2.380595e-08
8 98 2 2.509031e-08
9 98 2 2.475852e-08
10 98 2 2.340341e-08
11 98 2 2.105120e-08
12 98 2 1.915682e-08
1 101 2 6.864940e-08
2 101 2 7.053960e-08
3 101 2 7.228482e-08
4 101 2 8.913815e-08
5 101 2 1.146334e-07
6 101 2 1.338465e-07
7 101 2 1.428734e-07
8 101 2 1.431642e-07
9 101 2 1.376333e-07
10 101 2 1.180064e-07
11 101 2 9.074372e-08
12 101 2 7.278294e-08
1 102 2 4.400106e-07
2 102 2 4.973712e-07
3 102 2 6.112785e-07
4 102 2 7.645865e-07
5 102 2 8.848076e-07
6 102 2 9.659261e-07
7 102 2 9.931260e-07
8 102 2 1.005675e-06
9 102 2 9.063940e-07
10 102 2 6.982869e-07
11 102 2 5.604627e-07
12 102 2 4.593688e-07
1 103 2 2.457587e-07
2 103 2 2.507988e-07
3 103 2 2.733392e-07
4 103 2 3.088630e-07
5 103 2 3.596955e-07
6 103 2 4.116255e-07
7 103 2 4.453264e-07
8 103 2 4.673602e-07
9 103 2 4.583837e-07
10 103 2 4.005875e-07
11 103 2 3.295462e-07
12 103 2 2.740067e-07
1 104 2 1.152002e-07
2 104 2 1.105432e-07
3 104 2 1.117443e-07
4 104 2 1.225115e-07
5 104 2 1.432541e-07
6 104 2 1.643910e-07
7 104 2 1.845002e-07
8 104 2 1.993052e-07
9 104 2 2.009095e-07
10 104 2 1.876892e-07
11 104 2 1.543913e-07
12 104 2 1.278358e-07
1 107 2 4.205011e-08
2 107 2 4.436210e-08
3 107 2 5.179434e-08
4 107 2 5.935061e-08
5 107 2 6.655798e-08
6 107 2 8.521020e-08
7 107 2 9.313837e-08
8 107 2 9.276151e-08
9 107 2 8.683865e-08
10 107 2 7.427763e-08
11 107 2 5.904799e-08
12 107 2 4.617776e-08
1 108 2 5.590953e-09
2 108 2 7.145245e-09
3 108 2 1.037923e-08
4 108 2 1.607516e-08
5 108 2 2.495295e-08
6 108 2 3.424870e-08
7 108 2 3.666220e-08
8 108 2 3.240167e-08
9 108 2 2.621806e-08
10 108 2 1.808865e-08
11 108 2 9.422348e-09
12 108 2 5.998245e-09
1 109 2 1.060352e-08
2 109 2 1.400570e-08
3 109 2 2.190582e-08
4 109 2 3.801568e-08
5 109 2 6.477048e-08
6 109 2 8.164647e-08
7 109 2 8.296019e-08
8 109 2 7.626372e-08
9 109 2 6.124195e-08
10 109 2 4.297128e-08
11 109 2 1.911256e-08
12 109 2 1.116485e-08
1 110 2 4.673438e-09
2 110 2 5.953065e-09
3 110 2 9.560926e-09
4 110 2 1.479994e-08
5 110 2 2.295411e-08
6 110 2 2.658197e-08
7 110 2 2.857818e-08
8 110 2 2.826360e-08
9 110 2 2.379729e-08
10 110 2 1.734973e-08
11 110 2 8.392148e-09
12 110 2 4.939709e-09
1 111 2 1.602423e-07
2 111 2 2.004164e-07
3 111 2 3.244698e-07
4 111 2 4.917611e-07
5 111 2 7.432250e-07
6 111 2 9.531702e-07
7 111 2 1.007572e-06
8 111 2 9.979616e-07
9 111 2 8.498515e-07
10 111 2 5.532122e-07
11 111 2 2.980114e-07
12 111 2 1.820308e-07
1 112 2 1.844976e-07
2 112 2 2.378872e-07
3 112 2 4.173218e-07
4 112 2 6.939818e-07
5 112 2 1.055316e-06
6 112 2 1.286028e-06
7 112 2 1.309785e-06
8 112 2 1.220855e-06
9 112 2 9.319881e-07
10 112 2 6.187221e-07
11 112 2 3.550819e-07
12 112 2 2.182652e-07
1 113 2 1.058221e-07
2 113 2 1.340667e-07
3 113 2 2.252329e-07
4 113 2 3.368152e-07
5 113 2 4.144833e-07
6 113 2 3.619053e-07
7 113 2 3.105362e-07
8 113 2 2.965873e-07
9 113 2 2.933388e-07
10 113 2 2.678463e-07
11 113 2 1.873417e-07
12 113 2 1.265325e-07
1 114 2 2.885214e-07
2 114 2 3.912496e-07
3 114 2 6.970780e-07
4 114 2 1.016120e-06
5 114 2 1.172303e-06
6 114 2 8.581921e-07
7 114 2 7.088085e-07
8 114 2 6.497090e-07
9 114 2 6.269922e-07
10 114 2 5.611696e-07
11 114 2 4.277917e-07
12 114 2 3.168811e-07
1 115 2 9.867058e-08
2 115 2 1.435569e-07
3 115 2 2.275610e-07
4 115 2 2.820817e-07
5 115 2 2.519124e-07
6 115 2 2.338923e-07
7 115 2 2.255848e-07
8 115 2 2.164327e-07
9 115 2 1.990535e-07
10 115 2 1.778848e-07
11 115 2 1.351289e-07
12 115 2 9.694480e-08
1 116 2 7.148995e-08
2 116 2 9.151587e-08
3 116 2 1.399496e-07
4 116 2 1.980935e-07
5 116 2 2.303953e-07
6 116 2 2.623617e-07
7 116 2 2.750556e-07
8 116 2 2.632893e-07
9 116 2 2.132936e-07
10 116 2 1.705235e-07
11 116 2 1.238820e-07
12 116 2 8.160813e-08
1 117 2 3.034316e-08
2 117 2 3.168584e-08
3 117 2 4.001630e-08
4 117 2 5.477717e-08
5 117 2 6.975427e-08
6 117 2 8.264339e-08
7 117 2 8.798250e-08
8 117 2 8.786713e-08
9 117 2 8.017343e-08
10 117 2 6.863330e-08
11 117 2 5.540506e-08
12 117 2 4.002391e-08
1 126 2 1.266437e-09
2 126 2 1.316331e-09
3 126 2 1.426723e-09
4 126 2 1.506533e-09
5 126 2 1.488468e-09
6 126 2 1.383364e-09
7 126 2 1.333483e-09
8 126 2 1.346511e-09
9 126 2 1.339383e-09
10 126 2 1.316158e-09
11 126 2 1.286049e-09
12 126 2 1.266578e-09
1 127 2 1.274857e-07
2 127 2 1.296556e-07
3 127 2 1.368487e-07
4 127 2 1.420780e-07
5 127 2 1.440136e-07
6 127 2 1.394954e-07
7 127 2 1.395339e-07
8 127 2 1.427360e-07
9 127 2 1.412144e-07
10 127 2 1.355548e-07
11 127 2 1.313695e-07
12 127 2 1.297433e-07
1 128 2 5.778278e-07
2 128 2 5.934238e-07
3 128 2 6.091874e-07
4 128 2 5.946704e-07
5 128 2 5.784676e-07
6 128 2 5.610911e-07
7 128 2 5.980195e-07
8 128 2 6.799507e-07
9 128 2 7.149619e-07
10 128 2 6.753152e-07
11 128 2 6.141006e-07
12 128 2 5.786049e-07
1 129 2 1.647423e-08
2 129 2 1.624804e-08
3 129 2 1.665783e-08
4 129 2 1.714091e-08
5 129 2 1.740539e-08
6 129 2 1.787625e-08
7 129 2 1.867891e-08
8 129 2 2.035998e-08
9 129 2 2.127189e-08
10 129 2 2.136561e-08
11 129 2 1.950753e-08
12 129 2 1.733007e-08
1 133 2 3.539544e-07
2 133 2 4.115244e-07
3 133 2 4.940129e-07
4 133 2 5.072206e-07
5 133 2 4.838365e-07
6 133 2 4.447111e-07
7 133 2 3.969088e-07
8 133 2 3.716600e-07
9 133 2 3.875586e-07
10 133 2 4.127648e-07
11 133 2 3.937843e-07
12 133 2 3.445615e-07
1 135 2 1.530181e-08
2 135 2 1.723979e-08
3 135 2 2.050205e-08
4 135 2 2.207975e-08
5 135 2 2.121652e-08
6 135 2 1.892731e-08
7 135 2 1.635132e-08
8 135 2 1.651496e-08
9 135 2 1.754903e-08
10 135 2 1.650385e-08
11 135 2 1.581879e-08
12 135 2 1.485959e-08
1 136 2 1.712044e-08
2 136 2 1.762040e-08
3 136 2 2.179091e-08
4 136 2 2.649112e-08
5 136 2 2.900897e-08
6 136 2 2.646724e-08
7 136 2 2.342042e-08
8 136 2 2.336670e-08
9 136 2 2.348748e-08
10 136 2 2.209462e-08
11 136 2 2.089035e-08
12 136 2 1.855089e-08
1 137 2 4.162725e-09
2 137 2 4.367128e-09
3 137 2 5.007003e-09
4 137 2 5.501961e-09
5 137 2 5.430769e-09
6 137 2 4.996852e-09
7 137 2 4.622620e-09
8 137 2 4.460366e-09
9 137 2 4.463168e-09
10 137 2 4.649592e-09
11 137 2 4.596995e-09
12 137 2 4.334555e-09
1 138 2 1.664053e-07
2 138 2 1.829891e-07
3 138 2 2.122944e-07
4 138 2 2.362705e-07
5 138 2 2.383825e-07
6 138 2 2.095142e-07
7 138 2 1.940949e-07
8 138 2 1.871804e-07
9 138 2 1.876911e-07
10 138 2 1.887848e-07
11 138 2 1.831249e-07
12 138 2 1.698330e-07
1 139 2 2.808276e-07
2 139 2 3.198108e-07
3 139 2 3.573570e-07
4 139 2 3.750717e-07
5 139 2 3.697860e-07
6 139 2 3.443712e-07
7 139 2 3.258272e-07
8 139 2 3.136624e-07
9 139 2 3.095969e-07
10 139 2 3.120004e-07
11 139 2 2.968922e-07
12 139 2 2.717652e-07
1 140 2 9.303752e-08
2 140 2 9.620425e-08
3 140 2 1.044853e-07
4 140 2 1.183801e-07
5 140 2 1.257027e-07
6 140 2 1.207377e-07
7 140 2 1.143190e-07
8 140 2 1.102597e-07
9 140 2 1.086523e-07
10 140 2 1.092528e-07
11 140 2 1.069453e-07
12 140 2 9.970567e-08
1 141 2 1.459438e-07
2 141 2 1.444337e-07
3 141 2 1.485707e-07
4 141 2 1.630551e-07
5 141 2 1.759580e-07
6 141 2 1.739938e-07
7 141 2 1.692888e-07
8 141 2 1.641586e-07
9 141 2 1.627674e-07
10 141 2 1.631501e-07
11 141 2 1.647785e-07
12 141 2 1.599870e-07
1 150 2 1.691433e-10
2 150 2 1.851540e-10
3 150 2 1.981863e-10
4 150 2 2.026617e-10
5 150 2 1.896295e-10
6 150 2 1.672447e-10
7 150 2 1.525739e-10
8 150 2 1.488895e-10
9 150 2 1.440760e-10
10 150 2 1.407980e-10
11 150 2 1.435354e-10
12 150 2 1.527176e-10
1 151 2 1.095952e-07
2 151 2 1.165672e-07
3 151 2 1.235958e-07
4 151 2 1.265102e-07
5 151 2 1.224074e-07
6 151 2 1.152233e-07
7 151 2 1.126773e-07
8 151 2 1.170276e-07
9 151 2 1.114207e-07
10 151 2 1.045568e-07
11 151 2 1.014909e-07
12 151 2 1.040228e-07
1 152 2 8.682008e-08
2 152 2 8.794237e-08
3 152 2 8.875647e-08
4 152 2 8.434158e-08
5 152 2 8.107485e-08
6 152 2 7.962690e-08
7 152 2 9.103482e-08
8 152 2 1.213840e-07
9 152 2 1.288624e-07
10 152 2 1.098306e-07
11 152 2 9.418428e-08
12 152 2 8.710113e-08
1 153 2 1.006594e-07
2 153 2 1.031011e-07
3 153 2 1.087787e-07
4 153 2 1.066976e-07
5 153 2 1.030380e-07
6 153 2 1.011627e-07
7 153 2 1.180890e-07
8 153 2 1.543210e-07
9 153 2 1.876974e-07
10 153 2 1.677629e-07
11 153 2 1.269041e-07
12 153 2 1.058843e-07
1 154 2 2.739150e-07
2 154 2 2.724288e-07
3 154 2 2.834972e-07
4 154 2 2.716429e-07
5 154 2 2.540108e-07
6 154 2 2.284857e-07
7 154 2 2.157505e-07
8 154 2 2.247542e-07
9 154 2 2.534074e-07
10 154 2 2.847846e-07
11 154 2 3.001312e-07
12 154 2 2.902126e-07
1 157 2 1.090821e-08
2 157 2 1.132709e-08
3 157 2 1.212727e-08
4 157 2 1.195643e-08
5 157 2 1.165408e-08
6 157 2 1.095684e-08
7 157 2 1.045439e-08
8 157 2 1.034901e-08
9 157 2 1.027421e-08
10 157 2 1.045336e-08
11 157 2 1.052830e-08
12 157 2 1.066569e-08
1 163 2 5.077542e-08
2 163 2 5.145574e-08
3 163 2 5.298268e-08
4 163 2 5.616199e-08
5 163 2 5.621680e-08
6 163 2 5.197464e-08
7 163 2 4.805038e-08
8 163 2 4.512025e-08
9 163 2 4.576636e-08
10 163 2 4.841904e-08
11 163 2 5.031182e-08
12 163 2 5.070603e-08
1 164 2 1.921668e-07
2 164 2 1.905237e-07
3 164 2 1.958273e-07
4 164 2 2.049628e-07
5 164 2 2.025519e-07
6 164 2 1.873448e-07
7 164 2 1.734042e-07
8 164 2 1.693840e-07
9 164 2 1.813757e-07
10 164 2 1.987051e-07
11 164 2 2.027180e-07
12 164 2 1.993423e-07
1 165 2 8.386471e-08
2 165 2 8.219334e-08
3 165 2 8.322663e-08
4 165 2 8.506750e-08
5 165 2 8.413379e-08
6 165 2 7.741501e-08
7 165 2 7.299176e-08
8 165 2 7.388090e-08
9 165 2 7.874907e-08
10 165 2 8.419981e-08
11 165 2 8.857469e-08
12 165 2 8.867904e-08
1 166 2 3.658739e-08
2 166 2 3.622214e-08
3 166 2 3.562369e-08
4 166 2 3.545656e-08
5 166 2 3.429559e-08
6 166 2 3.171771e-08
7 166 2 2.995112e-08
8 166 2 3.017457e-08
9 166 2 3.130388e-08
10 166 2 3.292939e-08
11 166 2 3.550271e-08
12 166 2 3.729153e-08
1 170 2 1.679067e-09
2 170 2 1.846641e-09
3 170 2 1.814315e-09
4 170 2 1.649115e-09
5 170 2 1.374205e-09
6 170 2 1.155467e-09
7 170 2 1.092891e-09
8 170 2 1.043359e-09
9 170 2 1.060907e-09
10 170 2 1.181312e-09
11 170 2 1.303358e-09
12 170 2 1.500898e-09
1 171 2 6.059209e-09
2 171 2 6.651270e-09
3 171 2 6.731792e-09
4 171 2 5.989165e-09
5 171 2 4.982312e-09
6 171 2 4.269607e-09
7 171 2 3.876343e-09
8 171 2 3.672957e-09
9 171 2 3.726473e-09
10 171 2 4.053362e-09
11 171 2 4.626268e-09
12 171 2 5.465489e-09
1 175 2 1.742713e-10
2 175 2 1.842454e-10
3 175 2 1.847738e-10
4 175 2 1.730627e-10
5 175 2 1.503642e-10
6 175 2 1.370199e-10
7 175 2 1.341769e-10
8 175 2 1.330440e-10
9 175 2 1.237455e-10
10 175 2 1.250891e-10
11 175 2 1.307795e-10
12 175 2 1.525551e-10
1 176 2 5.166660e-07
2 176 2 5.205397e-07
3 176 2 5.096067e-07
4 176 2 4.500934e-07
5 176 2 3.641055e-07
6 176 2 3.299479e-07
7 176 2 3.293461e-07
8 176 2 3.757401e-07
9 176 2 4.092199e-07
10 176 2 4.367373e-07
11 176 2 4.661845e-07
12 176 2 4.952024e-07
1 177 2 6.729049e-07
2 177 2 6.538799e-07
3 177 2 6.173844e-07
4 177 2 5.398615e-07
5 177 2 4.414596e-07
6 177 2 3.769692e-07
7 177 2 3.922307e-07
8 177 2 4.699645e-07
9 177 2 5.906719e-07
10 177 2 6.142761e-07
11 177 2 6.267358e-07
12 177 2 6.280163e-07
1 178 2 2.004449e-07
2 178 2 1.981022e-07
3 178 2 1.898955e-07
4 178 2 1.591629e-07
5 178 2 1.385839e-07
6 178 2 1.171342e-07
7 178 2 1.115629e-07
8 178 2 1.123840e-07
9 178 2 1.281711e-07
10 178 2 1.379085e-07
11 178 2 1.557598e-07
12 178 2 1.729261e-07
1 181 2 2.451449e-09
2 181 2 2.589271e-09
3 181 2 2.624928e-09
4 181 2 2.509782e-09
5 181 2 2.069788e-09
6 181 2 1.789739e-09
7 181 2 1.582498e-09
8 181 2 1.619557e-09
9 181 2 1.754626e-09
10 181 2 1.899933e-09
11 181 2 2.151698e-09
12 181 2 2.290936e-09
1 182 2 2.927048e-07
2 182 2 2.705495e-07
3 182 2 2.551160e-07
4 182 2 2.131080e-07
5 182 2 1.668825e-07
6 182 2 1.248181e-07
7 182 2 1.237569e-07
8 182 2 1.719755e-07
9 182 2 2.386346e-07
10 182 2 2.926768e-07
11 182 2 3.234681e-07
12 182 2 3.104816e-07
1 183 2 6.223629e-08
2 183 2 5.978838e-08
3 183 2 5.707923e-08
4 183 2 5.175526e-08
5 183 2 4.354598e-08
6 183 2 3.534273e-08
7 183 2 3.288270e-08
8 183 2 3.904695e-08
9 183 2 4.540096e-08
10 183 2 5.370929e-08
11 183 2 5.847310e-08
12 183 2 6.014336e-08
1 184 2 1.942206e-08
2 184 2 1.967956e-08
3 184 2 1.905934e-08
4 184 2 1.715217e-08
5 184 2 1.425941e-08
6 184 2 1.152429e-08
7 184 2 1.039201e-08
8 184 2 1.085344e-08
9 184 2 1.149741e-08
10 184 2 1.320332e-08
11 184 2 1.544878e-08
12 184 2 1.760819e-08
1 188 2 3.220999e-09
2 188 2 3.192916e-09
3 188 2 2.959546e-09
4 188 2 2.416671e-09
5 188 2 1.708007e-09
6 188 2 1.299170e-09
7 188 2 1.117925e-09
8 188 2 1.137184e-09
9 188 2 1.540309e-09
10 188 2 2.024183e-09
11 188 2 2.410602e-09
12 188 2 3.006668e-09
1 189 2 2.810612e-09
2 189 2 2.597573e-09
3 189 2 2.356230e-09
4 189 2 1.741604e-09
5 189 2 1.153098e-09
6 189 2 8.154274e-10
7 189 2 7.752971e-10
8 189 2 9.523216e-10
9 189 2 1.531976e-09
10 189 2 2.181309e-09
11 189 2 2.653200e-09
12 189 2 2.772581e-09
1 190 2 1.150466e-08
2 190 2 1.090088e-08
3 190 2 9.461986e-09
4 190 2 6.701727e-09
5 190 2 4.675794e-09
6 190 2 3.392021e-09
7 190 2 3.187185e-09
8 190 2 3.842142e-09
9 190 2 5.396718e-09
10 190 2 7.357031e-09
11 190 2 9.640058e-09
12 190 2 1.081597e-08
1 191 2 8.840781e-09
2 191 2 9.161385e-09
3 191 2 8.904910e-09
4 191 2 7.356455e-09
5 191 2 6.049351e-09
6 191 2 4.969436e-09
7 191 2 4.368971e-09
8 191 2 4.437070e-09
9 191 2 4.840933e-09
10 191 2 5.433450e-09
11 191 2 6.682574e-09
12 191 2 7.861987e-09
1 192 2 1.161058e-08
2 192 2 1.254781e-08
3 192 2 1.222544e-08
4 192 2 1.058540e-08
5 192 2 8.946259e-09
6 192 2 7.617381e-09
7 192 2 6.694162e-09
8 192 2 6.220448e-09
9 192 2 6.404863e-09
10 192 2 7.033272e-09
11 192 2 8.395909e-09
12 192 2 1.008165e-08
1 200 2 2.586486e-06
2 200 2 2.660851e-06
3 200 2 2.175992e-06
4 200 2 1.438486e-06
5 200 2 9.415613e-07
6 200 2 7.668146e-07
7 200 2 7.285136e-07
8 200 2 7.856401e-07
9 200 2 8.702354e-07
10 200 2 1.112638e-06
11 200 2 1.546175e-06
12 200 2 2.130315e-06
1 201 2 1.538207e-06
2 201 2 1.587111e-06
3 201 2 1.452906e-06
4 201 2 1.118343e-06
5 201 2 8.427784e-07
6 201 2 6.972538e-07
7 201 2 6.589439e-07
8 201 2 6.816176e-07
9 201 2 6.745974e-07
10 201 2 8.026835e-07
11 201 2 1.023206e-06
12 201 2 1.274371e-06
1 206 2 1.944974e-07
2 206 2 2.100826e-07
3 206 2 1.900685e-07
4 206 2 1.621941e-07
5 206 2 1.341337e-07
6 206 2 1.169532e-07
7 206 2 1.003102e-07
8 206 2 9.849193e-08
9 206 2 1.066165e-07
10 206 2 1.206838e-07
11 206 2 1.414693e-07
12 206 2 1.666655e-07
1 207 2 7.352181e-09
2 207 2 8.027658e-09
3 207 2 7.613260e-09
4 207 2 6.903330e-09
5 207 2 6.122236e-09
6 207 2 5.251014e-09
7 207 2 4.628298e-09
8 207 2 4.557694e-09
9 207 2 4.598422e-09
10 207 2 5.064997e-09
11 207 2 5.458565e-09
12 207 2 6.244260e-09
1 212 2 4.531882e-09
2 212 2 4.837504e-09
3 212 2 4.293758e-09
4 212 2 3.609723e-09
5 212 2 2.813493e-09
6 212 2 2.270723e-09
7 212 2 1.884828e-09
8 212 2 1.821669e-09
9 212 2 2.068919e-09
10 212 2 2.441227e-09
11 212 2 2.895720e-09
12 212 2 3.828695e-09
1 213 2 9.871900e-10
2 213 2 1.078924e-09
3 213 2 9.143460e-10
4 213 2 7.737326e-10
5 213 2 5.970379e-10
6 213 2 4.602322e-10
7 213 2 3.906023e-10
8 213 2 3.813225e-10
9 213 2 4.593191e-10
10 213 2 5.660578e-10
11 213 2 6.951118e-10
12 213 2 8.506207e-10
1 214 2 3.510287e-08
2 214 2 3.721345e-08
3 214 2 2.989869e-08
4 214 2 2.220680e-08
5 214 2 1.641490e-08
6 214 2 1.209703e-08
7 214 2 1.047621e-08
8 214 2 1.080018e-08
9 214 2 1.363293e-08
10 214 2 1.827710e-08
11 214 2 2.501967e-08
12 214 2 3.034450e-08
1 215 2 1.300417e-08
2 215 2 1.337652e-08
3 215 2 1.247156e-08
4 215 2 9.939307e-09
5 215 2 8.073254e-09
6 215 2 6.486690e-09
7 215 2 5.605399e-09
8 215 2 5.619182e-09
9 215 2 6.319148e-09
10 215 2 7.517755e-09
11 215 2 9.465889e-09
12 215 2 1.143532e-08
1 216 2 6.281237e-08
2 216 2 6.558073e-08
3 216 2 6.149856e-08
4 216 2 4.999476e-08
5 216 2 4.003293e-08
6 216 2 3.443904e-08
7 216 2 3.026294e-08
8 216 2 2.893699e-08
9 216 2 3.002725e-08
10 216 2 3.412879e-08
11 216 2 4.105115e-08
12 216 2 5.275815e-08
1 224 2 7.556728e-08
2 224 2 8.261293e-08
3 224 2 7.208986e-08
4 224 2 6.208018e-08
5 224 2 5.013091e-08
6 224 2 4.260155e-08
7 224 2 3.870310e-08
8 224 2 4.042494e-08
9 224 2 4.157244e-08
10 224 2 4.903270e-08
11 224 2 5.855473e-08
12 224 2 6.986041e-08
1 240 2 3.881516e-09
2 240 2 3.959122e-09
3 240 2 3.620520e-09
4 240 2 3.197487e-09
5 240 2 2.779028e-09
6 240 2 2.397008e-09
7 240 2 2.348383e-09
8 240 2 2.421047e-09
9 240 2 2.356744e-09
10 240 2 2.537967e-09
11 240 2 2.788602e-09
12 240 2 3.455987e-09
