1 7 2 5.373213e-12
2 7 2 4.590276e-12
3 7 2 5.020133e-12
4 7 2 1.297498e-11
5 7 2 4.464324e-11
6 7 2 1.202410e-10
7 7 2 1.626896e-10
8 7 2 1.109233e-10
9 7 2 4.797062e-11
10 7 2 2.103018e-11
11 7 2 1.114208e-11
12 7 2 6.573101e-12
1 25 2 3.034803e-09
2 25 2 2.881534e-09
3 25 2 4.059605e-09
4 25 2 7.407877e-09
5 25 2 2.072367e-08
6 25 2 3.757974e-08
7 25 2 4.555765e-08
8 25 2 3.493467e-08
9 25 2 1.973994e-08
10 25 2 9.237574e-09
11 25 2 4.404583e-09
12 25 2 2.550680e-09
1 26 2 1.541824e-10
2 26 2 1.268935e-10
3 26 2 2.098288e-10
4 26 2 4.683552e-10
5 26 2 1.319284e-09
6 26 2 2.519796e-09
7 26 2 2.733972e-09
8 26 2 2.045566e-09
9 26 2 1.118817e-09
10 26 2 4.503676e-10
11 26 2 2.352986e-10
12 26 2 1.454732e-10
1 27 2 1.564086e-09
2 27 2 1.380948e-09
3 27 2 2.420795e-09
4 27 2 6.165466e-09
5 27 2 1.736241e-08
6 27 2 3.589022e-08
7 27 2 4.047809e-08
8 27 2 3.046680e-08
9 27 2 1.574416e-08
10 27 2 5.912313e-09
11 27 2 3.133315e-09
12 27 2 1.938171e-09
1 28 2 5.575729e-10
2 28 2 5.074063e-10
3 28 2 8.533693e-10
4 28 2 2.319662e-09
5 28 2 6.624052e-09
6 28 2 1.418199e-08
7 28 2 1.690823e-08
8 28 2 1.274054e-08
9 28 2 6.554003e-09
10 28 2 2.552466e-09
11 28 2 1.274228e-09
12 28 2 7.944105e-10
1 29 2 7.497304e-10
2 29 2 7.092472e-10
3 29 2 1.129866e-09
4 29 2 3.397319e-09
5 29 2 1.015948e-08
6 29 2 2.500340e-08
7 29 2 3.406039e-08
8 29 2 2.534117e-08
9 29 2 1.163793e-08
10 29 2 4.313449e-09
11 29 2 2.038984e-09
12 29 2 1.272823e-09
1 30 2 1.697311e-10
2 30 2 1.484404e-10
3 30 2 2.359237e-10
4 30 2 7.220960e-10
5 30 2 2.000318e-09
6 30 2 5.440086e-09
7 30 2 7.885147e-09
8 30 2 6.038497e-09
9 30 2 2.732212e-09
10 30 2 1.069437e-09
11 30 2 4.933019e-10
12 30 2 2.954377e-10
1 31 2 3.029212e-10
2 31 2 2.334262e-10
3 31 2 3.546028e-10
4 31 2 9.869774e-10
5 31 2 2.548854e-09
6 31 2 6.711005e-09
7 31 2 9.464007e-09
8 31 2 7.639112e-09
9 31 2 3.821592e-09
10 31 2 1.750101e-09
11 31 2 8.402620e-10
12 31 2 4.682330e-10
1 32 2 3.582617e-10
2 32 2 2.965717e-10
3 32 2 4.145561e-10
4 32 2 9.211602e-10
5 32 2 2.460295e-09
6 32 2 5.827955e-09
7 32 2 7.518753e-09
8 32 2 6.210829e-09
9 32 2 3.468198e-09
10 32 2 1.787891e-09
11 32 2 9.239088e-10
12 32 2 4.791486e-10
1 35 2 2.522324e-08
2 35 2 2.403395e-08
3 35 2 2.610798e-08
4 35 2 3.479124e-08
5 35 2 5.453991e-08
6 35 2 8.329435e-08
7 35 2 1.002287e-07
8 35 2 9.203647e-08
9 35 2 6.255154e-08
10 35 2 4.522468e-08
11 35 2 3.425528e-08
12 35 2 2.782931e-08
1 36 2 3.021998e-09
2 36 2 2.837068e-09
3 36 2 3.144311e-09
4 36 2 3.776592e-09
5 36 2 5.165117e-09
6 36 2 7.451109e-09
7 36 2 8.775301e-09
8 36 2 8.939637e-09
9 36 2 6.823891e-09
10 36 2 5.346244e-09
11 36 2 4.091939e-09
12 36 2 3.390519e-09
1 37 2 6.985964e-08
2 37 2 6.761442e-08
3 37 2 8.519732e-08
4 37 2 1.095523e-07
5 37 2 1.656222e-07
6 37 2 2.512019e-07
7 37 2 2.921608e-07
8 37 2 2.872009e-07
9 37 2 2.113532e-07
10 37 2 1.584779e-07
11 37 2 1.116970e-07
12 37 2 8.556944e-08
1 38 2 3.608928e-07
2 38 2 3.605692e-07
3 38 2 5.492796e-07
4 38 2 8.143975e-07
5 38 2 1.486879e-06
6 38 2 2.638353e-06
7 38 2 3.127665e-06
8 38 2 2.712594e-06
9 38 2 1.752129e-06
10 38 2 1.197578e-06
11 38 2 6.843199e-07
12 38 2 4.938316e-07
1 39 2 3.877680e-07
2 39 2 4.039762e-07
3 39 2 6.543580e-07
4 39 2 1.010383e-06
5 39 2 1.960478e-06
6 39 2 3.790098e-06
7 39 2 4.706242e-06
8 39 2 3.810257e-06
9 39 2 2.401651e-06
10 39 2 1.516614e-06
11 39 2 7.676773e-07
12 39 2 5.603488e-07
1 40 2 9.615010e-08
2 40 2 1.054933e-07
3 40 2 1.881458e-07
4 40 2 3.163821e-07
5 40 2 6.916272e-07
6 40 2 1.570298e-06
7 40 2 1.964686e-06
8 40 2 1.441244e-06
9 40 2 8.877917e-07
10 40 2 4.783505e-07
11 40 2 2.049115e-07
12 40 2 1.526527e-07
1 41 2 5.118311e-08
2 41 2 5.471730e-08
3 41 2 1.096516e-07
4 41 2 1.952974e-07
5 41 2 4.898344e-07
6 41 2 1.243005e-06
7 41 2 1.607131e-06
8 41 2 1.127235e-06
9 41 2 6.299510e-07
10 41 2 2.730266e-07
11 41 2 1.048895e-07
12 41 2 8.742404e-08
1 42 2 2.770153e-08
2 42 2 2.897635e-08
3 42 2 6.248711e-08
4 42 2 1.232678e-07
5 42 2 3.504297e-07
6 42 2 9.719869e-07
7 42 2 1.360668e-06
8 42 2 9.086754e-07
9 42 2 4.303053e-07
10 42 2 1.540017e-07
11 42 2 5.741476e-08
12 42 2 4.710046e-08
1 43 2 7.779698e-10
2 43 2 8.066544e-10
3 43 2 1.903286e-09
4 43 2 4.644074e-09
5 43 2 1.554457e-08
6 43 2 4.584335e-08
7 43 2 6.701663e-08
8 43 2 4.206839e-08
9 43 2 1.720255e-08
10 43 2 5.281620e-09
11 43 2 1.801146e-09
12 43 2 1.262077e-09
1 44 2 3.207217e-09
2 44 2 3.222531e-09
3 44 2 7.009501e-09
4 44 2 1.895001e-08
5 44 2 7.079666e-08
6 44 2 2.231037e-07
7 44 2 3.260784e-07
8 44 2 1.966233e-07
9 44 2 7.087972e-08
10 44 2 2.100023e-08
11 44 2 6.892334e-09
12 44 2 4.659992e-09
1 45 2 7.371724e-09
2 45 2 8.261548e-09
3 45 2 1.505397e-08
4 45 2 4.439536e-08
5 45 2 1.859191e-07
6 45 2 6.168990e-07
7 45 2 8.630337e-07
8 45 2 5.255002e-07
9 45 2 1.807077e-07
10 45 2 4.613845e-08
11 45 2 1.337355e-08
12 45 2 8.740291e-09
1 46 2 3.345766e-09
2 46 2 4.209056e-09
3 46 2 6.616317e-09
4 46 2 1.837284e-08
5 46 2 7.214939e-08
6 46 2 2.237993e-07
7 46 2 3.130795e-07
8 46 2 1.961792e-07
9 46 2 7.369051e-08
10 46 2 1.786170e-08
11 46 2 4.910887e-09
12 46 2 3.502149e-09
1 47 2 4.395415e-09
2 47 2 5.593771e-09
3 47 2 7.882499e-09
4 47 2 1.766096e-08
5 47 2 6.019735e-08
6 47 2 1.658436e-07
7 47 2 2.249194e-07
8 47 2 1.525114e-07
9 47 2 6.460850e-08
10 47 2 1.992774e-08
11 47 2 5.879204e-09
12 47 2 4.468976e-09
1 48 2 5.954832e-09
2 48 2 6.840542e-09
3 48 2 9.408783e-09
4 48 2 1.837337e-08
5 48 2 5.701608e-08
6 48 2 1.311468e-07
7 48 2 1.742819e-07
8 48 2 1.226173e-07
9 48 2 5.837077e-08
10 48 2 2.176269e-08
11 48 2 7.834295e-09
12 48 2 5.195228e-09
1 49 2 8.006779e-11
2 49 2 7.285463e-11
3 49 2 8.263852e-11
4 49 2 9.672106e-11
5 49 2 1.383317e-10
6 49 2 2.104637e-10
7 49 2 3.138720e-10
8 49 2 2.951525e-10
9 49 2 2.058655e-10
10 49 2 1.473166e-10
11 49 2 1.075530e-10
12 49 2 7.845973e-11
1 50 2 3.268308e-10
2 50 2 2.821201e-10
3 50 2 3.306883e-10
4 50 2 3.769505e-10
5 50 2 5.305315e-10
6 50 2 7.785476e-10
7 50 2 1.074510e-09
8 50 2 1.033317e-09
9 50 2 7.482152e-10
10 50 2 5.333592e-10
11 50 2 3.993158e-10
12 50 2 3.144176e-10
1 51 2 1.333244e-10
2 51 2 1.216794e-10
3 51 2 1.322181e-10
4 51 2 1.526234e-10
5 51 2 2.080295e-10
6 51 2 2.917449e-10
7 51 2 3.801862e-10
8 51 2 3.770293e-10
9 51 2 3.132561e-10
10 51 2 2.203363e-10
11 51 2 1.651340e-10
12 51 2 1.383873e-10
1 52 2 3.918558e-07
2 52 2 4.118740e-07
3 52 2 5.174074e-07
4 52 2 7.543095e-07
5 52 2 1.275637e-06
6 52 2 1.755562e-06
7 52 2 2.251834e-06
8 52 2 2.106236e-06
9 52 2 1.700232e-06
10 52 2 9.712830e-07
11 52 2 5.846173e-07
12 52 2 4.508290e-07
1 53 2 1.836061e-07
2 53 2 2.303585e-07
3 53 2 3.902759e-07
4 53 2 8.518557e-07
5 53 2 1.622194e-06
6 53 2 2.422348e-06
7 53 2 3.362507e-06
8 53 2 2.865247e-06
9 53 2 1.939222e-06
10 53 2 8.552783e-07
11 53 2 3.814771e-07
12 53 2 2.416813e-07
1 54 2 5.497212e-08
2 54 2 7.131291e-08
3 54 2 1.333580e-07
4 54 2 3.313816e-07
5 54 2 6.527185e-07
6 54 2 1.260754e-06
7 54 2 1.790961e-06
8 54 2 1.501767e-06
9 54 2 9.107981e-07
10 54 2 3.873600e-07
11 54 2 1.660402e-07
12 54 2 9.159102e-08
1 55 2 7.551926e-08
2 55 2 8.422411e-08
3 55 2 1.571178e-07
4 55 2 3.678992e-07
5 55 2 7.300612e-07
6 55 2 1.559117e-06
7 55 2 2.167291e-06
8 55 2 1.869101e-06
9 55 2 1.185262e-06
10 55 2 5.683144e-07
11 55 2 2.658926e-07
12 55 2 1.522509e-07
1 56 2 3.237483e-07
2 56 2 3.359801e-07
3 56 2 5.819264e-07
4 56 2 1.297613e-06
5 56 2 2.836408e-06
6 56 2 5.591185e-06
7 56 2 7.730303e-06
8 56 2 6.415760e-06
9 56 2 4.193493e-06
10 56 2 2.160640e-06
11 56 2 9.740965e-07
12 56 2 5.586537e-07
1 57 2 6.675302e-08
2 57 2 6.368900e-08
3 57 2 7.833384e-08
4 57 2 1.188985e-07
5 57 2 1.989358e-07
6 57 2 3.236935e-07
7 57 2 4.609432e-07
8 57 2 4.154224e-07
9 57 2 3.090746e-07
10 57 2 1.985334e-07
11 57 2 1.214042e-07
12 57 2 8.724772e-08
1 60 2 3.371615e-06
2 60 2 3.265104e-06
3 60 2 3.744426e-06
4 60 2 4.440835e-06
5 60 2 5.475196e-06
6 60 2 7.205321e-06
7 60 2 8.388434e-06
8 60 2 8.391962e-06
9 60 2 7.121787e-06
10 60 2 5.813744e-06
11 60 2 4.649636e-06
12 60 2 3.854072e-06
1 61 2 1.069693e-05
2 61 2 1.076128e-05
3 61 2 1.513555e-05
4 61 2 2.279733e-05
5 61 2 3.325435e-05
6 61 2 4.685000e-05
7 61 2 5.544244e-05
8 61 2 5.334022e-05
9 61 2 4.144675e-05
10 61 2 2.819233e-05
11 61 2 1.839157e-05
12 61 2 1.289969e-05
1 62 2 3.384132e-06
2 62 2 3.706421e-06
3 62 2 5.834584e-06
4 62 2 1.056238e-05
5 62 2 1.811675e-05
6 62 2 2.570006e-05
7 62 2 3.142598e-05
8 62 2 2.933501e-05
9 62 2 2.044129e-05
10 62 2 1.218994e-05
11 62 2 6.619675e-06
12 62 2 4.307895e-06
1 63 2 5.080121e-06
2 63 2 6.167050e-06
3 63 2 1.031909e-05
4 63 2 2.170367e-05
5 63 2 4.165291e-05
6 63 2 6.192369e-05
7 63 2 7.918543e-05
8 63 2 6.890684e-05
9 63 2 4.208614e-05
10 63 2 2.298369e-05
11 63 2 1.061634e-05
12 63 2 6.949904e-06
1 64 2 1.418959e-06
2 64 2 1.817834e-06
3 64 2 3.461594e-06
4 64 2 8.199361e-06
5 64 2 1.756045e-05
6 64 2 2.812782e-05
7 64 2 3.565262e-05
8 64 2 2.787238e-05
9 64 2 1.595931e-05
10 64 2 7.055260e-06
11 64 2 3.223907e-06
12 64 2 2.206306e-06
1 65 2 4.801089e-07
2 65 2 5.953380e-07
3 65 2 1.304274e-06
4 65 2 3.678098e-06
5 65 2 7.711799e-06
6 65 2 1.310649e-05
7 65 2 1.698787e-05
8 65 2 1.267883e-05
9 65 2 7.191031e-06
10 65 2 2.551782e-06
11 65 2 1.123345e-06
12 65 2 8.140863e-07
1 66 2 3.178054e-07
2 66 2 3.929066e-07
3 66 2 9.340515e-07
4 66 2 3.064313e-06
5 66 2 6.371583e-06
6 66 2 1.095622e-05
7 66 2 1.511046e-05
8 66 2 1.142352e-05
9 66 2 6.462101e-06
10 66 2 2.140968e-06
11 66 2 8.204510e-07
12 66 2 5.089098e-07
1 67 2 1.074441e-07
2 67 2 1.432717e-07
3 67 2 3.643408e-07
4 67 2 1.345907e-06
5 67 2 3.053784e-06
6 67 2 5.208251e-06
7 67 2 7.281709e-06
8 67 2 5.603872e-06
9 67 2 3.064928e-06
10 67 2 1.127117e-06
11 67 2 3.564029e-07
12 67 2 1.604151e-07
1 68 2 2.595950e-08
2 68 2 3.485663e-08
3 68 2 1.035222e-07
4 68 2 4.758428e-07
5 68 2 1.296732e-06
6 68 2 2.484941e-06
7 68 2 3.562936e-06
8 68 2 2.649876e-06
9 68 2 1.271701e-06
10 68 2 4.672078e-07
11 68 2 1.065399e-07
12 68 2 3.707220e-08
1 69 2 1.568734e-08
2 69 2 2.224174e-08
3 69 2 5.318960e-08
4 69 2 2.332396e-07
5 69 2 7.478937e-07
6 69 2 1.769975e-06
7 69 2 2.592998e-06
8 69 2 1.996084e-06
9 69 2 8.575047e-07
10 69 2 2.788274e-07
11 69 2 5.402669e-08
12 69 2 2.031754e-08
1 70 2 6.594339e-08
2 70 2 7.707521e-08
3 70 2 1.104465e-07
4 70 2 2.881493e-07
5 70 2 7.225869e-07
6 70 2 1.754647e-06
7 70 2 2.840216e-06
8 70 2 2.588585e-06
9 70 2 1.336572e-06
10 70 2 4.764197e-07
11 70 2 1.448985e-07
12 70 2 8.156733e-08
1 71 2 5.576390e-08
2 71 2 5.658731e-08
3 71 2 6.403285e-08
4 71 2 1.027534e-07
5 71 2 1.989951e-07
6 71 2 4.151224e-07
7 71 2 6.370827e-07
8 71 2 6.334199e-07
9 71 2 4.063962e-07
10 71 2 1.935611e-07
11 71 2 9.246906e-08
12 71 2 6.422290e-08
1 72 2 2.335551e-10
2 72 2 2.230655e-10
3 72 2 2.416683e-10
4 72 2 3.081294e-10
5 72 2 4.794267e-10
6 72 2 8.342184e-10
7 72 2 1.292109e-09
8 72 2 1.242706e-09
9 72 2 8.694384e-10
10 72 2 5.271782e-10
11 72 2 3.248144e-10
12 72 2 2.319602e-10
1 76 2 1.142876e-07
2 76 2 1.045614e-07
3 76 2 1.056138e-07
4 76 2 1.148826e-07
5 76 2 1.561848e-07
6 76 2 2.227096e-07
7 76 2 2.986413e-07
8 76 2 3.187050e-07
9 76 2 3.036638e-07
10 76 2 2.027868e-07
11 76 2 1.309074e-07
12 76 2 1.144899e-07
1 77 2 1.165566e-07
2 77 2 1.513478e-07
3 77 2 1.982566e-07
4 77 2 3.204262e-07
5 77 2 5.380086e-07
6 77 2 8.306291e-07
7 77 2 1.128601e-06
8 77 2 1.071225e-06
9 77 2 7.935182e-07
10 77 2 4.008948e-07
11 77 2 1.759138e-07
12 77 2 1.108776e-07
1 78 2 1.273550e-07
2 78 2 1.740127e-07
3 78 2 2.423231e-07
4 78 2 4.346320e-07
5 78 2 6.796390e-07
6 78 2 1.079031e-06
7 78 2 1.331944e-06
8 78 2 1.247204e-06
9 78 2 8.086735e-07
10 78 2 4.288554e-07
11 78 2 2.315912e-07
12 78 2 1.337054e-07
1 79 2 1.085149e-06
2 79 2 1.331496e-06
3 79 2 1.955021e-06
4 79 2 3.242726e-06
5 79 2 4.926601e-06
6 79 2 8.048442e-06
7 79 2 9.862360e-06
8 79 2 9.342837e-06
9 79 2 6.451285e-06
10 79 2 3.894288e-06
11 79 2 2.218765e-06
12 79 2 1.359174e-06
1 80 2 2.687012e-07
2 80 2 2.692258e-07
3 80 2 3.382991e-07
4 80 2 4.574192e-07
5 80 2 6.822000e-07
6 80 2 1.037943e-06
7 80 2 1.336509e-06
8 80 2 1.323122e-06
9 80 2 1.098167e-06
10 80 2 7.699295e-07
11 80 2 4.491463e-07
12 80 2 3.319939e-07
1 81 2 1.007935e-12
2 81 2 9.134317e-13
3 81 2 9.620916e-13
4 81 2 1.140805e-12
5 81 2 1.642749e-12
6 81 2 2.213557e-12
7 81 2 2.953610e-12
8 81 2 3.169158e-12
9 81 2 2.881754e-12
10 81 2 2.211150e-12
11 81 2 1.461655e-12
12 81 2 1.196651e-12
1 84 2 9.130939e-07
2 84 2 9.653700e-07
3 84 2 1.193969e-06
4 84 2 1.508804e-06
5 84 2 2.022851e-06
6 84 2 3.314588e-06
7 84 2 4.439305e-06
8 84 2 4.253957e-06
9 84 2 3.191943e-06
10 84 2 2.014436e-06
11 84 2 1.353252e-06
12 84 2 1.033738e-06
1 85 2 1.924636e-06
2 85 2 2.167292e-06
3 85 2 2.817829e-06
4 85 2 4.094043e-06
5 85 2 6.553671e-06
6 85 2 1.001176e-05
7 85 2 1.385220e-05
8 85 2 1.317772e-05
9 85 2 9.488851e-06
10 85 2 5.234106e-06
11 85 2 2.951815e-06
12 85 2 2.141840e-06
1 86 2 5.896797e-07
2 86 2 6.676408e-07
3 86 2 8.531958e-07
4 86 2 1.239288e-06
5 86 2 1.991781e-06
6 86 2 2.890031e-06
7 86 2 3.970134e-06
8 86 2 3.983121e-06
9 86 2 2.948268e-06
10 86 2 1.709668e-06
11 86 2 9.417695e-07
12 86 2 6.730762e-07
1 87 2 7.779081e-07
2 87 2 1.052420e-06
3 87 2 1.502663e-06
4 87 2 2.375368e-06
5 87 2 4.167267e-06
6 87 2 6.263931e-06
7 87 2 8.491952e-06
8 87 2 8.653015e-06
9 87 2 6.273476e-06
10 87 2 3.532134e-06
11 87 2 1.551926e-06
12 87 2 9.433352e-07
1 88 2 2.905309e-07
2 88 2 4.125773e-07
3 88 2 6.469821e-07
4 88 2 1.227579e-06
5 88 2 2.519354e-06
6 88 2 3.959733e-06
7 88 2 5.070989e-06
8 88 2 4.447654e-06
9 88 2 2.874075e-06
10 88 2 1.358234e-06
11 88 2 6.963245e-07
12 88 2 3.867828e-07
1 89 2 2.507792e-07
2 89 2 3.489268e-07
3 89 2 6.622521e-07
4 89 2 1.245583e-06
5 89 2 2.485705e-06
6 89 2 3.713354e-06
7 89 2 4.331867e-06
8 89 2 3.793683e-06
9 89 2 2.475778e-06
10 89 2 1.178149e-06
11 89 2 6.482768e-07
12 89 2 3.588239e-07
1 90 2 1.187927e-07
2 90 2 1.565648e-07
3 90 2 3.106861e-07
4 90 2 5.576154e-07
5 90 2 8.561859e-07
6 90 2 1.133306e-06
7 90 2 1.272772e-06
8 90 2 1.177667e-06
9 90 2 8.582330e-07
10 90 2 5.118995e-07
11 90 2 2.822375e-07
12 90 2 1.606716e-07
1 91 2 5.834760e-10
2 91 2 8.255929e-10
3 91 2 1.724846e-09
4 91 2 3.259418e-09
5 91 2 4.810391e-09
6 91 2 6.114456e-09
7 91 2 6.865644e-09
8 91 2 6.296454e-09
9 91 2 4.527281e-09
10 91 2 2.802398e-09
11 91 2 1.452425e-09
12 91 2 7.456117e-10
1 92 2 3.128614e-09
2 92 2 4.469034e-09
3 92 2 1.120274e-08
4 92 2 2.672715e-08
5 92 2 5.040352e-08
6 92 2 7.723593e-08
7 92 2 9.271133e-08
8 92 2 8.438217e-08
9 92 2 5.279031e-08
10 92 2 2.805635e-08
11 92 2 1.100372e-08
12 92 2 4.723627e-09
1 93 2 5.789356e-07
2 93 2 6.985376e-07
3 93 2 1.436230e-06
4 93 2 3.347295e-06
5 93 2 5.971385e-06
6 93 2 9.476169e-06
7 93 2 1.271178e-05
8 93 2 1.249677e-05
9 93 2 8.405388e-06
10 93 2 4.840482e-06
11 93 2 2.072958e-06
12 93 2 8.634286e-07
1 94 2 7.121837e-07
2 94 2 7.085934e-07
3 94 2 9.461434e-07
4 94 2 1.676741e-06
5 94 2 2.862094e-06
6 94 2 4.506718e-06
7 94 2 6.226012e-06
8 94 2 6.784975e-06
9 94 2 5.588886e-06
10 94 2 3.373442e-06
11 94 2 1.810610e-06
12 94 2 9.892737e-07
1 98 2 1.448632e-08
2 98 2 1.348484e-08
3 98 2 1.269806e-08
4 98 2 1.351978e-08
5 98 2 1.534402e-08
6 98 2 1.755810e-08
7 98 2 1.974926e-08
8 98 2 2.081475e-08
9 98 2 2.053950e-08
10 98 2 1.941532e-08
11 98 2 1.746394e-08
12 98 2 1.589237e-08
1 101 2 5.695883e-08
2 101 2 5.852714e-08
3 101 2 5.997516e-08
4 101 2 7.395847e-08
5 101 2 9.511206e-08
6 101 2 1.110532e-07
7 101 2 1.185430e-07
8 101 2 1.187842e-07
9 101 2 1.141952e-07
10 101 2 9.791067e-08
11 101 2 7.529063e-08
12 101 2 6.038846e-08
1 102 2 3.653126e-07
2 102 2 4.129355e-07
3 102 2 5.075054e-07
4 102 2 6.347873e-07
5 102 2 7.345991e-07
6 102 2 8.019466e-07
7 102 2 8.245290e-07
8 102 2 8.349477e-07
9 102 2 7.525210e-07
10 102 2 5.797429e-07
11 102 2 4.653163e-07
12 102 2 3.813845e-07
1 103 2 2.040252e-07
2 103 2 2.082094e-07
3 103 2 2.269222e-07
4 103 2 2.564134e-07
5 103 2 2.986139e-07
6 103 2 3.417254e-07
7 103 2 3.697034e-07
8 103 2 3.879955e-07
9 103 2 3.805434e-07
10 103 2 3.325618e-07
11 103 2 2.735843e-07
12 103 2 2.274763e-07
1 104 2 9.568946e-08
2 104 2 9.182119e-08
3 104 2 9.281888e-08
4 104 2 1.017625e-07
5 104 2 1.189921e-07
6 104 2 1.365491e-07
7 104 2 1.532526e-07
8 104 2 1.655502e-07
9 104 2 1.668827e-07
10 104 2 1.559015e-07
11 104 2 1.282430e-07
12 104 2 1.061851e-07
1 107 2 3.490689e-08
2 107 2 3.682614e-08
3 107 2 4.299583e-08
4 107 2 4.926849e-08
5 107 2 5.525151e-08
6 107 2 7.073521e-08
7 107 2 7.731659e-08
8 107 2 7.700375e-08
9 107 2 7.208703e-08
10 107 2 6.165980e-08
11 107 2 4.901728e-08
12 107 2 3.833336e-08
1 108 2 4.636177e-09
2 108 2 5.925039e-09
3 108 2 8.606754e-09
4 108 2 1.332998e-08
5 108 2 2.069169e-08
6 108 2 2.839999e-08
7 108 2 3.040134e-08
8 108 2 2.686838e-08
9 108 2 2.174076e-08
10 108 2 1.499962e-08
11 108 2 7.813278e-09
12 108 2 4.973915e-09
1 109 2 8.796919e-09
2 109 2 1.161945e-08
3 109 2 1.817357e-08
4 109 2 3.153868e-08
5 109 2 5.373507e-08
6 109 2 6.773578e-08
7 109 2 6.882567e-08
8 109 2 6.327012e-08
9 109 2 5.080772e-08
10 109 2 3.564996e-08
11 109 2 1.585621e-08
12 109 2 9.262612e-09
1 110 2 3.875069e-09
2 110 2 4.936097e-09
3 110 2 7.927623e-09
4 110 2 1.227165e-08
5 110 2 1.903284e-08
6 110 2 2.204094e-08
7 110 2 2.369614e-08
8 110 2 2.343530e-08
9 110 2 1.973197e-08
10 110 2 1.438586e-08
11 110 2 6.958508e-09
12 110 2 4.095853e-09
1 111 2 1.329612e-07
2 111 2 1.662956e-07
3 111 2 2.692290e-07
4 111 2 4.080390e-07
5 111 2 6.166913e-07
6 111 2 7.908934e-07
7 111 2 8.360336e-07
8 111 2 8.280591e-07
9 111 2 7.051647e-07
10 111 2 4.590281e-07
11 111 2 2.472751e-07
12 111 2 1.510402e-07
1 112 2 1.531748e-07
2 112 2 1.975002e-07
3 112 2 3.464715e-07
4 112 2 5.761619e-07
5 112 2 8.761513e-07
6 112 2 1.067694e-06
7 112 2 1.087417e-06
8 112 2 1.013585e-06
9 112 2 7.737610e-07
10 112 2 5.136793e-07
11 112 2 2.947983e-07
12 112 2 1.812095e-07
1 113 2 8.786271e-08
2 113 2 1.113139e-07
3 113 2 1.870080e-07
4 113 2 2.796534e-07
5 113 2 3.441403e-07
6 113 2 3.004854e-07
7 113 2 2.578342e-07
8 113 2 2.462527e-07
9 113 2 2.435555e-07
10 113 2 2.223894e-07
11 113 2 1.555475e-07
12 113 2 1.050583e-07
1 114 2 2.394744e-07
2 114 2 3.247394e-07
3 114 2 5.785787e-07
4 114 2 8.433852e-07
5 114 2 9.730184e-07
6 114 2 7.123043e-07
7 114 2 5.883151e-07
8 114 2 5.392621e-07
9 114 2 5.204071e-07
10 114 2 4.657740e-07
11 114 2 3.550696e-07
12 114 2 2.630131e-07
1 115 2 8.193820e-08
2 115 2 1.192127e-07
3 115 2 1.889716e-07
4 115 2 2.342468e-07
5 115 2 2.091935e-07
6 115 2 1.942293e-07
7 115 2 1.873306e-07
8 115 2 1.797304e-07
9 115 2 1.652984e-07
10 115 2 1.477194e-07
11 115 2 1.122139e-07
12 115 2 8.050507e-08
1 116 2 5.941825e-08
2 116 2 7.606262e-08
3 116 2 1.163179e-07
4 116 2 1.646437e-07
5 116 2 1.914910e-07
6 116 2 2.180597e-07
7 116 2 2.286101e-07
8 116 2 2.188306e-07
9 116 2 1.772772e-07
10 116 2 1.417291e-07
11 116 2 1.029634e-07
12 116 2 6.782789e-08
1 117 2 2.613340e-08
2 117 2 2.728980e-08
3 117 2 3.446451e-08
4 117 2 4.717748e-08
5 117 2 6.007669e-08
6 117 2 7.117759e-08
7 117 2 7.577596e-08
8 117 2 7.567660e-08
9 117 2 6.905031e-08
10 117 2 5.911123e-08
11 117 2 4.771826e-08
12 117 2 3.447106e-08
1 126 2 1.051225e-09
2 126 2 1.092641e-09
3 126 2 1.184273e-09
4 126 2 1.250521e-09
5 126 2 1.235526e-09
6 126 2 1.148283e-09
7 126 2 1.106878e-09
8 126 2 1.117692e-09
9 126 2 1.111775e-09
10 126 2 1.092497e-09
11 126 2 1.067505e-09
12 126 2 1.051342e-09
1 127 2 1.058556e-07
2 127 2 1.076573e-07
3 127 2 1.136299e-07
4 127 2 1.179720e-07
5 127 2 1.195792e-07
6 127 2 1.158276e-07
7 127 2 1.158596e-07
8 127 2 1.185184e-07
9 127 2 1.172550e-07
10 127 2 1.125556e-07
11 127 2 1.090804e-07
12 127 2 1.077301e-07
1 128 2 4.794596e-07
2 128 2 4.924006e-07
3 128 2 5.054806e-07
4 128 2 4.934350e-07
5 128 2 4.799906e-07
6 128 2 4.655721e-07
7 128 2 4.962140e-07
8 128 2 5.641974e-07
9 128 2 5.932483e-07
10 128 2 5.603510e-07
11 128 2 5.095574e-07
12 128 2 4.801045e-07
1 129 2 1.366191e-08
2 129 2 1.347433e-08
3 129 2 1.381416e-08
4 129 2 1.421478e-08
5 129 2 1.443411e-08
6 129 2 1.482458e-08
7 129 2 1.549023e-08
8 129 2 1.688432e-08
9 129 2 1.764056e-08
10 129 2 1.771827e-08
11 129 2 1.617739e-08
12 129 2 1.437164e-08
1 133 2 2.936627e-07
2 133 2 3.414263e-07
3 133 2 4.098639e-07
4 133 2 4.208218e-07
5 133 2 4.014210e-07
6 133 2 3.689601e-07
7 133 2 3.293003e-07
8 133 2 3.083523e-07
9 133 2 3.215428e-07
10 133 2 3.424555e-07
11 133 2 3.267080e-07
12 133 2 2.858697e-07
1 135 2 1.270180e-08
2 135 2 1.431049e-08
3 135 2 1.701844e-08
4 135 2 1.832807e-08
5 135 2 1.761152e-08
6 135 2 1.571128e-08
7 135 2 1.357299e-08
8 135 2 1.370882e-08
9 135 2 1.456719e-08
10 135 2 1.369959e-08
11 135 2 1.313094e-08
12 135 2 1.233472e-08
1 136 2 1.421179e-08
2 136 2 1.462681e-08
3 136 2 1.808877e-08
4 136 2 2.199044e-08
5 136 2 2.408052e-08
6 136 2 2.197062e-08
7 136 2 1.944144e-08
8 136 2 1.939684e-08
9 136 2 1.949710e-08
10 136 2 1.834088e-08
11 136 2 1.734121e-08
12 136 2 1.539921e-08
1 137 2 3.456157e-09
2 137 2 3.625865e-09
3 137 2 4.157130e-09
4 137 2 4.568075e-09
5 137 2 4.508967e-09
6 137 2 4.148702e-09
7 137 2 3.837991e-09
8 137 2 3.703278e-09
9 137 2 3.705604e-09
10 137 2 3.860385e-09
11 137 2 3.816716e-09
12 137 2 3.598821e-09
1 138 2 1.382435e-07
2 138 2 1.520208e-07
3 138 2 1.763666e-07
4 138 2 1.962850e-07
5 138 2 1.980396e-07
6 138 2 1.740569e-07
7 138 2 1.612470e-07
8 138 2 1.555028e-07
9 138 2 1.559270e-07
10 138 2 1.568356e-07
11 138 2 1.521336e-07
12 138 2 1.410911e-07
1 139 2 2.331641e-07
2 139 2 2.655308e-07
3 139 2 2.967046e-07
4 139 2 3.114126e-07
5 139 2 3.070240e-07
6 139 2 2.859227e-07
7 139 2 2.705261e-07
8 139 2 2.604260e-07
9 139 2 2.570505e-07
10 139 2 2.590461e-07
11 139 2 2.465022e-07
12 139 2 2.256398e-07
1 140 2 7.725104e-08
2 140 2 7.988044e-08
3 140 2 8.675636e-08
4 140 2 9.829353e-08
5 140 2 1.043737e-07
6 140 2 1.002511e-07
7 140 2 9.492149e-08
8 140 2 9.155097e-08
9 140 2 9.021631e-08
10 140 2 9.071491e-08
11 140 2 8.879896e-08
12 140 2 8.278774e-08
1 141 2 1.211303e-07
2 141 2 1.198770e-07
3 141 2 1.233106e-07
4 141 2 1.353323e-07
5 141 2 1.460416e-07
6 141 2 1.444112e-07
7 141 2 1.405062e-07
8 141 2 1.362483e-07
9 141 2 1.350936e-07
10 141 2 1.354112e-07
11 141 2 1.367627e-07
12 141 2 1.327860e-07
1 150 2 1.402762e-10
2 150 2 1.535544e-10
3 150 2 1.643625e-10
4 150 2 1.680741e-10
5 150 2 1.572661e-10
6 150 2 1.387016e-10
7 150 2 1.265346e-10
8 150 2 1.234790e-10
9 150 2 1.194870e-10
10 150 2 1.167685e-10
11 150 2 1.190387e-10
12 150 2 1.266538e-10
1 151 2 9.095032e-08
2 151 2 9.673627e-08
3 151 2 1.025691e-07
4 151 2 1.049877e-07
5 151 2 1.015829e-07
6 151 2 9.562094e-08
7 151 2 9.350813e-08
8 151 2 9.711829e-08
9 151 2 9.246524e-08
10 151 2 8.676907e-08
11 151 2 8.422477e-08
12 151 2 8.632596e-08
1 152 2 7.206284e-08
2 152 2 7.299436e-08
3 152 2 7.367009e-08
4 152 2 7.000562e-08
5 152 2 6.729416e-08
6 152 2 6.609231e-08
7 152 2 7.556118e-08
8 152 2 1.007517e-07
9 152 2 1.069590e-07
10 152 2 9.116215e-08
11 152 2 7.817531e-08
12 152 2 7.229611e-08
1 153 2 8.349046e-08
2 153 2 8.551565e-08
3 153 2 9.022490e-08
4 153 2 8.849873e-08
5 153 2 8.546337e-08
6 153 2 8.390789e-08
7 153 2 9.794716e-08
8 153 2 1.279993e-07
9 153 2 1.556828e-07
10 153 2 1.391485e-07
11 153 2 1.052587e-07
12 153 2 8.782413e-08
1 154 2 2.272053e-07
2 154 2 2.259726e-07
3 154 2 2.351535e-07
4 154 2 2.253207e-07
5 154 2 2.106954e-07
6 154 2 1.895229e-07
7 154 2 1.789594e-07
8 154 2 1.864277e-07
9 154 2 2.101948e-07
10 154 2 2.362214e-07
11 154 2 2.489510e-07
12 154 2 2.407238e-07
1 157 2 9.055509e-09
2 157 2 9.403242e-09
3 157 2 1.006752e-08
4 157 2 9.925694e-09
5 157 2 9.674698e-09
6 157 2 9.095880e-09
7 157 2 8.678766e-09
8 157 2 8.591285e-09
9 157 2 8.529190e-09
10 157 2 8.677907e-09
11 157 2 8.740120e-09
12 157 2 8.854181e-09
1 163 2 4.214115e-08
2 163 2 4.270579e-08
3 163 2 4.397307e-08
4 163 2 4.661174e-08
5 163 2 4.665723e-08
6 163 2 4.313644e-08
7 163 2 3.987950e-08
8 163 2 3.744763e-08
9 163 2 3.798387e-08
10 163 2 4.018547e-08
11 163 2 4.175639e-08
12 163 2 4.208356e-08
1 164 2 1.594239e-07
2 164 2 1.580608e-07
3 164 2 1.624607e-07
4 164 2 1.700397e-07
5 164 2 1.680395e-07
6 164 2 1.554236e-07
7 164 2 1.438583e-07
8 164 2 1.405230e-07
9 164 2 1.504715e-07
10 164 2 1.648482e-07
11 164 2 1.681774e-07
12 164 2 1.653768e-07
1 165 2 6.961603e-08
2 165 2 6.822863e-08
3 165 2 6.908636e-08
4 165 2 7.061446e-08
5 165 2 6.983940e-08
6 165 2 6.426214e-08
7 165 2 6.059041e-08
8 165 2 6.132848e-08
9 165 2 6.536954e-08
10 165 2 6.989419e-08
11 165 2 7.352578e-08
12 165 2 7.361240e-08
1 166 2 3.037619e-08
2 166 2 3.007294e-08
3 166 2 2.957609e-08
4 166 2 2.943733e-08
5 166 2 2.847345e-08
6 166 2 2.633320e-08
7 166 2 2.486651e-08
8 166 2 2.505203e-08
9 166 2 2.598963e-08
10 166 2 2.733918e-08
11 166 2 2.947565e-08
12 166 2 3.096079e-08
1 170 2 1.395657e-09
2 170 2 1.534947e-09
3 170 2 1.508077e-09
4 170 2 1.370761e-09
5 170 2 1.142253e-09
6 170 2 9.604357e-10
7 170 2 9.084218e-10
8 170 2 8.672503e-10
9 170 2 8.818366e-10
10 170 2 9.819189e-10
11 170 2 1.083365e-09
12 170 2 1.247562e-09
1 171 2 5.008231e-09
2 171 2 5.497598e-09
3 171 2 5.564154e-09
4 171 2 4.950337e-09
5 171 2 4.118124e-09
6 171 2 3.529038e-09
7 171 2 3.203987e-09
8 171 2 3.035878e-09
9 171 2 3.080111e-09
10 171 2 3.350301e-09
11 171 2 3.823835e-09
12 171 2 4.517493e-09
1 175 2 1.444550e-10
2 175 2 1.527225e-10
3 175 2 1.531606e-10
4 175 2 1.434532e-10
5 175 2 1.246382e-10
6 175 2 1.135770e-10
7 175 2 1.112204e-10
8 175 2 1.102813e-10
9 175 2 1.025737e-10
10 175 2 1.036875e-10
11 175 2 1.084043e-10
12 175 2 1.264542e-10
1 176 2 4.547509e-07
2 176 2 4.581604e-07
3 176 2 4.485376e-07
4 176 2 3.961561e-07
5 176 2 3.204726e-07
6 176 2 2.904083e-07
7 176 2 2.898787e-07
8 176 2 3.307130e-07
9 176 2 3.601807e-07
10 176 2 3.844006e-07
11 176 2 4.103189e-07
12 176 2 4.358594e-07
1 177 2 5.667263e-07
2 177 2 5.507033e-07
3 177 2 5.199665e-07
4 177 2 4.546760e-07
5 177 2 3.718011e-07
6 177 2 3.174867e-07
7 177 2 3.303401e-07
8 177 2 3.958082e-07
9 177 2 4.974690e-07
10 177 2 5.173487e-07
11 177 2 5.278423e-07
12 177 2 5.289207e-07
1 178 2 1.662998e-07
2 178 2 1.643562e-07
3 178 2 1.575475e-07
4 178 2 1.320501e-07
5 178 2 1.149766e-07
6 178 2 9.718085e-08
7 178 2 9.255860e-08
8 178 2 9.323981e-08
9 178 2 1.063377e-07
10 178 2 1.144163e-07
11 178 2 1.292267e-07
12 178 2 1.434688e-07
1 181 2 2.036097e-09
2 181 2 2.150568e-09
3 181 2 2.180184e-09
4 181 2 2.084547e-09
5 181 2 1.719102e-09
6 181 2 1.486502e-09
7 181 2 1.314374e-09
8 181 2 1.345154e-09
9 181 2 1.457338e-09
10 181 2 1.578025e-09
11 181 2 1.787134e-09
12 181 2 1.902781e-09
1 182 2 2.430548e-07
2 182 2 2.246575e-07
3 182 2 2.118420e-07
4 182 2 1.769595e-07
5 182 2 1.385751e-07
6 182 2 1.036459e-07
7 182 2 1.027646e-07
8 182 2 1.428042e-07
9 182 2 1.981562e-07
10 182 2 2.430315e-07
11 182 2 2.685998e-07
12 182 2 2.578161e-07
1 183 2 5.168464e-08
2 183 2 4.965175e-08
3 183 2 4.740192e-08
4 183 2 4.298058e-08
5 183 2 3.616312e-08
6 183 2 2.935066e-08
7 183 2 2.730771e-08
8 183 2 3.242686e-08
9 183 2 3.770360e-08
10 183 2 4.460332e-08
11 183 2 4.855947e-08
12 183 2 4.994655e-08
1 184 2 1.612387e-08
2 184 2 1.633764e-08
3 184 2 1.582274e-08
4 184 2 1.423944e-08
5 184 2 1.183792e-08
6 184 2 9.567272e-09
7 184 2 8.627273e-09
8 184 2 9.010344e-09
9 184 2 9.544953e-09
10 184 2 1.096118e-08
11 184 2 1.282531e-08
12 184 2 1.461802e-08
1 188 2 2.672812e-09
2 188 2 2.649508e-09
3 188 2 2.455856e-09
4 188 2 2.005374e-09
5 188 2 1.417318e-09
6 188 2 1.078062e-09
7 188 2 9.276638e-10
8 188 2 9.436446e-10
9 188 2 1.278162e-09
10 188 2 1.679684e-09
11 188 2 2.000337e-09
12 188 2 2.494959e-09
1 189 2 2.330567e-09
2 189 2 2.153914e-09
3 189 2 1.953792e-09
4 189 2 1.444143e-09
5 189 2 9.561517e-10
6 189 2 6.761546e-10
7 189 2 6.428784e-10
8 189 2 7.896676e-10
9 189 2 1.270318e-09
10 189 2 1.808747e-09
11 189 2 2.200040e-09
12 189 2 2.299031e-09
1 190 2 9.540515e-09
2 190 2 9.039814e-09
3 190 2 7.846578e-09
4 190 2 5.557567e-09
5 190 2 3.877514e-09
6 190 2 2.812915e-09
7 190 2 2.643049e-09
8 190 2 3.186188e-09
9 190 2 4.475357e-09
10 190 2 6.100994e-09
11 190 2 7.994249e-09
12 190 2 8.969401e-09
1 191 2 7.341940e-09
2 191 2 7.608190e-09
3 191 2 7.395197e-09
4 191 2 6.109263e-09
5 191 2 5.023761e-09
6 191 2 4.126932e-09
7 191 2 3.628268e-09
8 191 2 3.684822e-09
9 191 2 4.020215e-09
10 191 2 4.512279e-09
11 191 2 5.549630e-09
12 191 2 6.529088e-09
1 192 2 9.633025e-09
2 192 2 1.041062e-08
3 192 2 1.014316e-08
4 192 2 8.782458e-09
5 192 2 7.422501e-09
6 192 2 6.319962e-09
7 192 2 5.553989e-09
8 192 2 5.160960e-09
9 192 2 5.313965e-09
10 192 2 5.835341e-09
11 192 2 6.965888e-09
12 192 2 8.364508e-09
1 200 2 2.281517e-06
2 200 2 2.347113e-06
3 200 2 1.919424e-06
4 200 2 1.268876e-06
5 200 2 8.305430e-07
6 200 2 6.764005e-07
7 200 2 6.426155e-07
8 200 2 6.930062e-07
9 200 2 7.676271e-07
10 200 2 9.814486e-07
11 200 2 1.363868e-06
12 200 2 1.879132e-06
1 201 2 1.352612e-06
2 201 2 1.395615e-06
3 201 2 1.277603e-06
4 201 2 9.834072e-07
5 201 2 7.410914e-07
6 201 2 6.131253e-07
7 201 2 5.794378e-07
8 201 2 5.993757e-07
9 201 2 5.932025e-07
10 201 2 7.058341e-07
11 201 2 8.997490e-07
12 201 2 1.120609e-06
1 206 2 1.615692e-07
2 206 2 1.745158e-07
3 206 2 1.578901e-07
4 206 2 1.347348e-07
5 206 2 1.114250e-07
6 206 2 9.715319e-08
7 206 2 8.332780e-08
8 206 2 8.181735e-08
9 206 2 8.856643e-08
10 206 2 1.002522e-07
11 206 2 1.175187e-07
12 206 2 1.384492e-07
1 207 2 6.124911e-09
2 207 2 6.687634e-09
3 207 2 6.342410e-09
4 207 2 5.750986e-09
5 207 2 5.100276e-09
6 207 2 4.374484e-09
7 207 2 3.855716e-09
8 207 2 3.796897e-09
9 207 2 3.830827e-09
10 207 2 4.219518e-09
11 207 2 4.547389e-09
12 207 2 5.201932e-09
1 212 2 3.760487e-09
2 212 2 4.014087e-09
3 212 2 3.562895e-09
4 212 2 2.995293e-09
5 212 2 2.334594e-09
6 212 2 1.884211e-09
7 212 2 1.564002e-09
8 212 2 1.511594e-09
9 212 2 1.716757e-09
10 212 2 2.025693e-09
11 212 2 2.402825e-09
12 212 2 3.176993e-09
1 213 2 8.192563e-10
2 213 2 8.953856e-10
3 213 2 7.588040e-10
4 213 2 6.421107e-10
5 213 2 4.954741e-10
6 213 2 3.819408e-10
7 213 2 3.241559e-10
8 213 2 3.164546e-10
9 213 2 3.811831e-10
10 213 2 4.697641e-10
11 213 2 5.768644e-10
12 213 2 7.059192e-10
1 214 2 2.916142e-08
2 214 2 3.091476e-08
3 214 2 2.483808e-08
4 214 2 1.844811e-08
5 214 2 1.363654e-08
6 214 2 1.004951e-08
7 214 2 8.703024e-09
8 214 2 8.972160e-09
9 214 2 1.132544e-08
10 214 2 1.518354e-08
11 214 2 2.078488e-08
12 214 2 2.520844e-08
1 215 2 1.077328e-08
2 215 2 1.108176e-08
3 215 2 1.033204e-08
4 215 2 8.234201e-09
5 215 2 6.688272e-09
6 215 2 5.373886e-09
7 215 2 4.643782e-09
8 215 2 4.655201e-09
9 215 2 5.235086e-09
10 215 2 6.228070e-09
11 215 2 7.841998e-09
12 215 2 9.473566e-09
1 216 2 5.545440e-08
2 216 2 5.789847e-08
3 216 2 5.429449e-08
4 216 2 4.413827e-08
5 216 2 3.534339e-08
6 216 2 3.040479e-08
7 216 2 2.671788e-08
8 216 2 2.554725e-08
9 216 2 2.650980e-08
10 216 2 3.013088e-08
11 216 2 3.624234e-08
12 216 2 4.657795e-08
1 224 2 6.674643e-08
2 224 2 7.296966e-08
3 224 2 6.367492e-08
4 224 2 5.483366e-08
5 224 2 4.427921e-08
6 224 2 3.762874e-08
7 224 2 3.418535e-08
8 224 2 3.570620e-08
9 224 2 3.671976e-08
10 224 2 4.330919e-08
11 224 2 5.171973e-08
12 224 2 6.170571e-08
1 240 2 3.422896e-09
2 240 2 3.491333e-09
3 240 2 3.192738e-09
4 240 2 2.819688e-09
5 240 2 2.450672e-09
6 240 2 2.113790e-09
7 240 2 2.070911e-09
8 240 2 2.134989e-09
9 240 2 2.078283e-09
10 240 2 2.238094e-09
11 240 2 2.459116e-09
12 240 2 3.047646e-09
