1 7 2 4.386402e-12
2 7 2 3.747254e-12
3 7 2 4.098167e-12
4 7 2 1.059208e-11
5 7 2 3.644434e-11
6 7 2 9.815830e-11
7 7 2 1.328111e-10
8 7 2 9.055184e-11
9 7 2 3.916063e-11
10 7 2 1.716791e-11
11 7 2 9.095793e-12
12 7 2 5.365926e-12
1 25 2 2.475778e-09
2 25 2 2.350741e-09
3 25 2 3.311806e-09
4 25 2 6.043311e-09
5 25 2 1.690627e-08
6 25 2 3.065737e-08
7 25 2 3.716572e-08
8 25 2 2.849954e-08
9 25 2 1.610375e-08
10 25 2 7.535969e-09
11 25 2 3.593238e-09
12 25 2 2.080832e-09
1 26 2 1.062142e-10
2 26 2 8.741533e-11
3 26 2 1.445484e-10
4 26 2 3.226439e-10
5 26 2 9.088381e-10
6 26 2 1.735855e-09
7 26 2 1.883398e-09
8 26 2 1.409164e-09
9 26 2 7.707387e-10
10 26 2 3.102524e-10
11 26 2 1.620942e-10
12 26 2 1.002146e-10
1 27 2 1.199706e-09
2 27 2 1.059233e-09
3 27 2 1.856829e-09
4 27 2 4.729117e-09
5 27 2 1.331755e-08
6 27 2 2.752899e-08
7 27 2 3.104803e-08
8 27 2 2.336904e-08
9 27 2 1.207629e-08
10 27 2 4.534940e-09
11 27 2 2.403356e-09
12 27 2 1.486641e-09
1 28 2 4.557672e-10
2 28 2 4.147604e-10
3 28 2 6.975549e-10
4 28 2 1.896121e-09
5 28 2 5.414584e-09
6 28 2 1.159254e-08
7 28 2 1.382100e-08
8 28 2 1.041428e-08
9 28 2 5.357326e-09
10 28 2 2.086418e-09
11 28 2 1.041570e-09
12 28 2 6.493612e-10
1 29 2 6.108130e-10
2 29 2 5.778309e-10
3 29 2 9.205133e-10
4 29 2 2.767831e-09
5 29 2 8.277030e-09
6 29 2 2.037052e-08
7 29 2 2.774934e-08
8 29 2 2.064571e-08
9 29 2 9.481537e-09
10 29 2 3.514210e-09
11 29 2 1.661181e-09
12 29 2 1.036982e-09
1 30 2 1.386894e-10
2 30 2 1.212925e-10
3 30 2 1.927762e-10
4 30 2 5.900336e-10
5 30 2 1.634485e-09
6 30 2 4.445162e-09
7 30 2 6.443052e-09
8 30 2 4.934131e-09
9 30 2 2.232524e-09
10 30 2 8.738504e-10
11 30 2 4.030831e-10
12 30 2 2.414058e-10
1 31 2 2.473191e-10
2 31 2 1.905802e-10
3 31 2 2.895144e-10
4 31 2 8.058148e-10
5 31 2 2.081005e-09
6 31 2 5.479180e-09
7 31 2 7.726861e-09
8 31 2 6.236930e-09
9 31 2 3.120127e-09
10 31 2 1.428864e-09
11 31 2 6.860295e-10
12 31 2 3.822874e-10
1 32 2 2.925832e-10
2 32 2 2.422026e-10
3 32 2 3.385574e-10
4 32 2 7.522880e-10
5 32 2 2.009260e-09
6 32 2 4.759542e-09
7 32 2 6.140374e-09
8 32 2 5.072225e-09
9 32 2 2.832389e-09
10 32 2 1.460125e-09
11 32 2 7.545327e-10
12 32 2 3.913084e-10
1 35 2 2.062480e-08
2 35 2 1.965233e-08
3 35 2 2.134825e-08
4 35 2 2.844847e-08
5 35 2 4.459676e-08
6 35 2 6.810899e-08
7 35 2 8.195603e-08
8 35 2 7.525734e-08
9 35 2 5.114779e-08
10 35 2 3.697979e-08
11 35 2 2.801021e-08
12 35 2 2.275576e-08
1 36 2 2.471380e-09
2 36 2 2.320145e-09
3 36 2 2.571407e-09
4 36 2 3.088485e-09
5 36 2 4.224015e-09
6 36 2 6.093491e-09
7 36 2 7.176411e-09
8 36 2 7.310805e-09
9 36 2 5.580555e-09
10 36 2 4.372140e-09
11 36 2 3.346374e-09
12 36 2 2.772755e-09
1 37 2 5.710617e-08
2 37 2 5.527084e-08
3 37 2 6.964383e-08
4 37 2 8.955261e-08
5 37 2 1.353864e-07
6 37 2 2.053429e-07
7 37 2 2.388243e-07
8 37 2 2.347700e-07
9 37 2 1.727689e-07
10 37 2 1.295464e-07
11 37 2 9.130578e-08
12 37 2 6.994801e-08
1 38 2 2.949183e-07
2 38 2 2.946539e-07
3 38 2 4.488663e-07
4 38 2 6.655182e-07
5 38 2 1.215064e-06
6 38 2 2.156038e-06
7 38 2 2.555899e-06
8 38 2 2.216707e-06
9 38 2 1.431824e-06
10 38 2 9.786501e-07
11 38 2 5.592200e-07
12 38 2 4.035547e-07
1 39 2 3.168537e-07
2 39 2 3.300978e-07
3 39 2 5.346903e-07
4 39 2 8.256063e-07
5 39 2 1.601950e-06
6 39 2 3.096972e-06
7 39 2 3.845573e-06
8 39 2 3.113444e-06
9 39 2 1.962442e-06
10 39 2 1.239259e-06
11 39 2 6.272860e-07
12 39 2 4.578733e-07
1 40 2 7.851713e-08
2 40 2 8.614691e-08
3 40 2 1.536418e-07
4 40 2 2.583608e-07
5 40 2 5.647897e-07
6 40 2 1.282321e-06
7 40 2 1.604382e-06
8 40 2 1.176934e-06
9 40 2 7.249796e-07
10 40 2 3.906259e-07
11 40 2 1.673328e-07
12 40 2 1.246577e-07
1 41 2 4.179884e-08
2 41 2 4.468505e-08
3 41 2 8.954735e-08
4 41 2 1.594902e-07
5 41 2 4.000247e-07
6 41 2 1.015104e-06
7 41 2 1.312469e-06
8 41 2 9.205596e-07
9 41 2 5.144514e-07
10 41 2 2.229680e-07
11 41 2 8.565832e-08
12 41 2 7.139511e-08
1 42 2 2.261076e-08
2 42 2 2.365130e-08
3 42 2 5.100371e-08
4 42 2 1.006146e-07
5 42 2 2.860304e-07
6 42 2 7.933627e-07
7 42 2 1.110615e-06
8 42 2 7.416861e-07
9 42 2 3.512272e-07
10 42 2 1.257005e-07
11 42 2 4.686353e-08
12 42 2 3.844470e-08
1 43 2 6.352346e-10
2 43 2 6.586563e-10
3 43 2 1.554087e-09
4 43 2 3.792019e-09
5 43 2 1.269258e-08
6 43 2 3.743241e-08
7 43 2 5.472100e-08
8 43 2 3.435004e-08
9 43 2 1.404637e-08
10 43 2 4.312594e-09
11 43 2 1.470687e-09
12 43 2 1.030522e-09
1 44 2 2.619515e-09
2 44 2 2.632022e-09
3 44 2 5.725053e-09
4 44 2 1.547754e-08
5 44 2 5.782361e-08
6 44 2 1.822214e-07
7 44 2 2.663266e-07
8 44 2 1.605933e-07
9 44 2 5.789145e-08
10 44 2 1.715206e-08
11 44 2 5.629357e-09
12 44 2 3.806077e-09
1 45 2 6.025063e-09
2 45 2 6.752335e-09
3 45 2 1.230392e-08
4 45 2 3.628525e-08
5 45 2 1.519556e-07
6 45 2 5.042044e-07
7 45 2 7.053754e-07
8 45 2 4.295023e-07
9 45 2 1.476962e-07
10 45 2 3.770991e-08
11 45 2 1.093048e-08
12 45 2 7.143622e-09
1 46 2 2.730993e-09
2 46 2 3.435656e-09
3 46 2 5.400590e-09
4 46 2 1.499689e-08
5 46 2 5.889217e-08
6 46 2 1.826769e-07
7 46 2 2.555521e-07
8 46 2 1.601319e-07
9 46 2 6.015012e-08
10 46 2 1.457967e-08
11 46 2 4.008528e-09
12 46 2 2.858641e-09
1 47 2 3.590054e-09
2 47 2 4.568838e-09
3 47 2 6.438208e-09
4 47 2 1.442498e-08
5 47 2 4.916754e-08
6 47 2 1.354565e-07
7 47 2 1.837079e-07
8 47 2 1.245671e-07
9 47 2 5.277044e-08
10 47 2 1.627643e-08
11 47 2 4.801972e-09
12 47 2 3.650137e-09
1 48 2 4.860698e-09
2 48 2 5.583668e-09
3 48 2 7.680023e-09
4 48 2 1.499746e-08
5 48 2 4.654001e-08
6 48 2 1.070500e-07
7 48 2 1.422595e-07
8 48 2 1.000877e-07
9 48 2 4.764579e-08
10 48 2 1.776404e-08
11 48 2 6.394830e-09
12 48 2 4.240662e-09
1 49 2 5.513857e-11
2 49 2 5.017123e-11
3 49 2 5.690889e-11
4 49 2 6.660681e-11
5 49 2 9.526194e-11
6 49 2 1.449355e-10
7 49 2 2.161475e-10
8 49 2 2.032563e-10
9 49 2 1.417690e-10
10 49 2 1.014493e-10
11 49 2 7.406622e-11
12 49 2 5.403118e-11
1 50 2 2.252106e-10
2 50 2 1.944016e-10
3 50 2 2.278688e-10
4 50 2 2.597468e-10
5 50 2 3.655755e-10
6 50 2 5.364769e-10
7 50 2 7.404171e-10
8 50 2 7.120317e-10
9 50 2 5.155757e-10
10 50 2 3.675240e-10
11 50 2 2.751582e-10
12 50 2 2.166570e-10
1 51 2 9.281821e-11
2 51 2 8.471116e-11
3 51 2 9.204803e-11
4 51 2 1.062539e-10
5 51 2 1.448267e-10
6 51 2 2.031080e-10
7 51 2 2.646793e-10
8 51 2 2.624815e-10
9 51 2 2.180837e-10
10 51 2 1.533945e-10
11 51 2 1.149635e-10
12 51 2 9.634294e-11
1 52 2 3.162287e-07
2 52 2 3.323835e-07
3 52 2 4.175493e-07
4 52 2 6.087299e-07
5 52 2 1.029442e-06
6 52 2 1.416743e-06
7 52 2 1.817236e-06
8 52 2 1.699738e-06
9 52 2 1.372092e-06
10 52 2 7.838281e-07
11 52 2 4.717878e-07
12 52 2 3.638203e-07
1 53 2 1.493329e-07
2 53 2 1.873583e-07
3 53 2 3.174244e-07
4 53 2 6.928427e-07
5 53 2 1.319384e-06
6 53 2 1.970177e-06
7 53 2 2.734839e-06
8 53 2 2.330401e-06
9 53 2 1.577234e-06
10 53 2 6.956264e-07
11 53 2 3.102681e-07
12 53 2 1.965675e-07
1 54 2 4.438967e-08
2 54 2 5.758477e-08
3 54 2 1.076858e-07
4 54 2 2.675887e-07
5 54 2 5.270664e-07
6 54 2 1.018052e-06
7 54 2 1.446191e-06
8 54 2 1.212668e-06
9 54 2 7.354642e-07
10 54 2 3.127910e-07
11 54 2 1.340765e-07
12 54 2 7.395922e-08
1 55 2 6.153175e-08
2 55 2 6.862431e-08
3 55 2 1.280168e-07
4 55 2 2.997577e-07
5 55 2 5.948409e-07
6 55 2 1.270341e-06
7 55 2 1.765871e-06
8 55 2 1.522910e-06
9 55 2 9.657308e-07
10 55 2 4.630525e-07
11 55 2 2.166445e-07
12 55 2 1.240513e-07
1 56 2 2.645674e-07
2 56 2 2.745632e-07
3 56 2 4.755507e-07
4 56 2 1.060410e-06
5 56 2 2.317915e-06
6 56 2 4.569121e-06
7 56 2 6.317209e-06
8 56 2 5.242964e-06
9 56 2 3.426925e-06
10 56 2 1.765676e-06
11 56 2 7.960324e-07
12 56 2 4.565322e-07
1 57 2 5.456927e-08
2 57 2 5.206449e-08
3 57 2 6.403636e-08
4 57 2 9.719718e-08
5 57 2 1.626261e-07
6 57 2 2.646130e-07
7 57 2 3.768119e-07
8 57 2 3.395995e-07
9 57 2 2.526623e-07
10 57 2 1.622971e-07
11 57 2 9.924553e-08
12 57 2 7.132328e-08
1 60 2 2.621822e-06
2 60 2 2.538998e-06
3 60 2 2.911726e-06
4 60 2 3.453264e-06
5 60 2 4.257601e-06
6 60 2 5.602974e-06
7 60 2 6.522982e-06
8 60 2 6.525725e-06
9 60 2 5.538016e-06
10 60 2 4.520861e-06
11 60 2 3.615632e-06
12 60 2 2.996988e-06
1 61 2 8.317908e-06
2 61 2 8.367940e-06
3 61 2 1.176937e-05
4 61 2 1.772715e-05
5 61 2 2.585850e-05
6 61 2 3.643044e-05
7 61 2 4.311190e-05
8 61 2 4.147722e-05
9 61 2 3.222889e-05
10 61 2 2.192228e-05
11 61 2 1.430124e-05
12 61 2 1.003077e-05
1 62 2 2.646537e-06
2 62 2 2.898581e-06
3 62 2 4.562897e-06
4 62 2 8.260235e-06
5 62 2 1.416808e-05
6 62 2 2.009856e-05
7 62 2 2.457647e-05
8 62 2 2.294125e-05
9 62 2 1.598597e-05
10 62 2 9.533056e-06
11 62 2 5.176871e-06
12 62 2 3.368960e-06
1 63 2 4.106164e-06
2 63 2 4.984708e-06
3 63 2 8.340725e-06
4 63 2 1.754266e-05
5 63 2 3.366724e-05
6 63 2 5.005172e-05
7 63 2 6.400406e-05
8 63 2 5.569607e-05
9 63 2 3.401741e-05
10 63 2 1.857728e-05
11 63 2 8.580981e-06
12 63 2 5.617473e-06
1 64 2 1.159452e-06
2 64 2 1.485379e-06
3 64 2 2.828520e-06
4 64 2 6.699820e-06
5 64 2 1.434890e-05
6 64 2 2.298366e-05
7 64 2 2.913229e-05
8 64 2 2.277494e-05
9 64 2 1.304059e-05
10 64 2 5.764959e-06
11 64 2 2.634303e-06
12 64 2 1.802806e-06
1 65 2 3.918383e-07
2 65 2 4.858819e-07
3 65 2 1.064476e-06
4 65 2 3.001860e-06
5 65 2 6.293944e-06
6 65 2 1.069679e-05
7 65 2 1.386456e-05
8 65 2 1.034776e-05
9 65 2 5.868922e-06
10 65 2 2.082624e-06
11 65 2 9.168118e-07
12 65 2 6.644122e-07
1 66 2 2.595629e-07
2 66 2 3.209007e-07
3 66 2 7.628729e-07
4 66 2 2.502733e-06
5 66 2 5.203897e-06
6 66 2 8.948334e-06
7 66 2 1.234125e-05
8 66 2 9.329994e-06
9 66 2 5.277826e-06
10 66 2 1.748604e-06
11 66 2 6.700913e-07
12 66 2 4.156446e-07
1 67 2 8.777536e-08
2 67 2 1.170444e-07
3 67 2 2.976446e-07
4 67 2 1.099525e-06
5 67 2 2.494758e-06
6 67 2 4.254829e-06
7 67 2 5.948720e-06
8 67 2 4.578027e-06
9 67 2 2.503862e-06
10 67 2 9.207869e-07
11 67 2 2.911598e-07
12 67 2 1.310495e-07
1 68 2 2.118854e-08
2 68 2 2.845050e-08
3 68 2 8.449640e-08
4 68 2 3.883900e-07
5 68 2 1.058413e-06
6 68 2 2.028246e-06
7 68 2 2.908122e-06
8 68 2 2.162868e-06
9 68 2 1.037982e-06
10 68 2 3.813420e-07
11 68 2 8.695949e-08
12 68 2 3.025888e-08
1 69 2 1.280270e-08
2 69 2 1.815185e-08
3 69 2 4.340891e-08
4 69 2 1.903507e-07
5 69 2 6.103684e-07
6 69 2 1.444505e-06
7 69 2 2.116189e-06
8 69 2 1.629037e-06
9 69 2 6.998237e-07
10 69 2 2.275556e-07
11 69 2 4.409207e-08
12 69 2 1.658148e-08
1 70 2 5.379231e-08
2 70 2 6.287292e-08
3 70 2 9.009507e-08
4 70 2 2.350534e-07
5 70 2 5.894392e-07
6 70 2 1.431326e-06
7 70 2 2.316863e-06
8 70 2 2.111598e-06
9 70 2 1.090288e-06
10 70 2 3.886321e-07
11 70 2 1.181987e-07
12 70 2 6.653730e-08
1 71 2 4.558097e-08
2 71 2 4.625402e-08
3 71 2 5.233994e-08
4 71 2 8.398978e-08
5 71 2 1.626570e-07
6 71 2 3.393178e-07
7 71 2 5.207463e-07
8 71 2 5.177524e-07
9 71 2 3.321850e-07
10 71 2 1.582153e-07
11 71 2 7.558347e-08
12 71 2 5.249528e-08
1 72 2 1.915882e-10
2 72 2 1.829834e-10
3 72 2 1.982435e-10
4 72 2 2.527624e-10
5 72 2 3.932797e-10
6 72 2 6.843198e-10
7 72 2 1.059933e-09
8 72 2 1.019407e-09
9 72 2 7.132112e-10
10 72 2 4.324509e-10
11 72 2 2.664493e-10
12 72 2 1.902798e-10
1 76 2 7.872187e-08
2 76 2 7.202241e-08
3 76 2 7.274729e-08
4 76 2 7.913172e-08
5 76 2 1.075809e-07
6 76 2 1.534035e-07
7 76 2 2.057056e-07
8 76 2 2.195256e-07
9 76 2 2.091652e-07
10 76 2 1.396806e-07
11 76 2 9.016967e-08
12 76 2 7.886122e-08
1 77 2 8.026361e-08
2 77 2 1.042217e-07
3 77 2 1.365241e-07
4 77 2 2.206530e-07
5 77 2 3.704853e-07
6 77 2 5.719907e-07
7 77 2 7.771810e-07
8 77 2 7.376708e-07
9 77 2 5.464352e-07
10 77 2 2.760655e-07
11 77 2 1.211384e-07
12 77 2 7.635291e-08
1 78 2 8.773166e-08
2 78 2 1.198729e-07
3 78 2 1.669303e-07
4 78 2 2.994070e-07
5 78 2 4.681860e-07
6 78 2 7.433171e-07
7 78 2 9.175426e-07
8 78 2 8.591673e-07
9 78 2 5.570747e-07
10 78 2 2.954276e-07
11 78 2 1.595373e-07
12 78 2 9.210627e-08
1 79 2 8.383450e-07
2 79 2 1.028663e-06
3 79 2 1.510374e-06
4 79 2 2.505206e-06
5 79 2 3.806104e-06
6 79 2 6.217919e-06
7 79 2 7.619283e-06
8 79 2 7.217919e-06
9 79 2 4.984016e-06
10 79 2 3.008579e-06
11 79 2 1.714133e-06
12 79 2 1.050046e-06
1 80 2 1.941112e-07
2 80 2 1.944902e-07
3 80 2 2.443891e-07
4 80 2 3.304421e-07
5 80 2 4.928250e-07
6 80 2 7.498154e-07
7 80 2 9.655012e-07
8 80 2 9.558301e-07
9 80 2 7.933216e-07
10 80 2 5.562012e-07
11 80 2 3.244657e-07
12 80 2 2.398341e-07
1 81 2 8.231056e-13
2 81 2 7.459320e-13
3 81 2 7.856690e-13
4 81 2 9.316108e-13
5 81 2 1.341511e-12
6 81 2 1.807648e-12
7 81 2 2.411995e-12
8 81 2 2.588017e-12
9 81 2 2.353315e-12
10 81 2 1.805682e-12
11 81 2 1.193625e-12
12 81 2 9.772162e-13
1 84 2 6.545887e-07
2 84 2 6.920650e-07
3 84 2 8.559459e-07
4 84 2 1.081648e-06
5 84 2 1.450164e-06
6 84 2 2.376198e-06
7 84 2 3.182498e-06
8 84 2 3.049623e-06
9 84 2 2.288275e-06
10 84 2 1.444131e-06
11 84 2 9.701340e-07
12 84 2 7.410776e-07
1 85 2 1.458291e-06
2 85 2 1.642151e-06
3 85 2 2.135060e-06
4 85 2 3.102044e-06
5 85 2 4.965696e-06
6 85 2 7.585879e-06
7 85 2 1.049577e-05
8 85 2 9.984716e-06
9 85 2 7.189673e-06
10 85 2 3.965866e-06
11 85 2 2.236582e-06
12 85 2 1.622865e-06
1 86 2 4.463373e-07
2 86 2 5.053472e-07
3 86 2 6.457964e-07
4 86 2 9.380354e-07
5 86 2 1.507608e-06
6 86 2 2.187507e-06
7 86 2 3.005053e-06
8 86 2 3.014883e-06
9 86 2 2.231588e-06
10 86 2 1.294073e-06
11 86 2 7.128392e-07
12 86 2 5.094613e-07
1 87 2 6.070840e-07
2 87 2 8.213149e-07
3 87 2 1.172687e-06
4 87 2 1.853751e-06
5 87 2 3.252159e-06
6 87 2 4.888408e-06
7 87 2 6.627169e-06
8 87 2 6.752864e-06
9 87 2 4.895857e-06
10 87 2 2.756498e-06
11 87 2 1.211132e-06
12 87 2 7.361843e-07
1 88 2 2.239379e-07
2 88 2 3.180099e-07
3 88 2 4.986865e-07
4 88 2 9.462042e-07
5 88 2 1.941890e-06
6 88 2 3.052118e-06
7 88 2 3.908661e-06
8 88 2 3.428201e-06
9 88 2 2.215305e-06
10 88 2 1.046912e-06
11 88 2 5.367191e-07
12 88 2 2.981278e-07
1 89 2 1.868467e-07
2 89 2 2.599730e-07
3 89 2 4.934205e-07
4 89 2 9.280399e-07
5 89 2 1.852010e-06
6 89 2 2.766688e-06
7 89 2 3.227520e-06
8 89 2 2.826538e-06
9 89 2 1.844614e-06
10 89 2 8.777973e-07
11 89 2 4.830080e-07
12 89 2 2.673469e-07
1 90 2 9.504415e-08
2 90 2 1.252650e-07
3 90 2 2.485750e-07
4 90 2 4.461393e-07
5 90 2 6.850209e-07
6 90 2 9.067400e-07
7 90 2 1.018325e-06
8 90 2 9.422326e-07
9 90 2 6.866587e-07
10 90 2 4.095627e-07
11 90 2 2.258138e-07
12 90 2 1.285508e-07
1 91 2 4.018917e-10
2 91 2 5.686590e-10
3 91 2 1.188055e-09
4 91 2 2.245050e-09
5 91 2 3.313343e-09
6 91 2 4.211568e-09
7 91 2 4.728978e-09
8 91 2 4.336926e-09
9 91 2 3.118340e-09
10 91 2 1.930260e-09
11 91 2 1.000414e-09
12 91 2 5.135689e-10
1 92 2 2.156613e-09
2 92 2 3.080590e-09
3 92 2 7.722263e-09
4 92 2 1.842353e-08
5 92 2 3.474410e-08
6 92 2 5.324019e-08
7 92 2 6.390768e-08
8 92 2 5.816623e-08
9 92 2 3.638936e-08
10 92 2 1.933978e-08
11 92 2 7.585073e-09
12 92 2 3.256086e-09
1 93 2 4.534528e-07
2 93 2 5.471313e-07
3 93 2 1.124931e-06
4 93 2 2.621777e-06
5 93 2 4.677103e-06
6 93 2 7.422233e-06
7 93 2 9.956537e-06
8 93 2 9.788125e-06
9 93 2 6.583541e-06
10 93 2 3.791320e-06
11 93 2 1.623650e-06
12 93 2 6.762826e-07
1 94 2 5.549144e-07
2 94 2 5.521169e-07
3 94 2 7.372095e-07
4 94 2 1.306471e-06
5 94 2 2.230067e-06
6 94 2 3.511513e-06
7 94 2 4.851141e-06
8 94 2 5.286670e-06
9 94 2 4.354710e-06
10 94 2 2.628495e-06
11 94 2 1.410778e-06
12 94 2 7.708155e-07
1 98 2 9.970916e-09
2 98 2 9.281600e-09
3 98 2 8.740065e-09
4 98 2 9.305651e-09
5 98 2 1.056128e-08
6 98 2 1.208522e-08
7 98 2 1.359339e-08
8 98 2 1.432677e-08
9 98 2 1.413732e-08
10 98 2 1.336354e-08
11 98 2 1.202041e-08
12 98 2 1.093870e-08
1 101 2 3.927190e-08
2 101 2 4.035321e-08
3 101 2 4.135159e-08
4 101 2 5.099278e-08
5 101 2 6.557772e-08
6 101 2 7.656883e-08
7 101 2 8.173285e-08
8 101 2 8.189918e-08
9 101 2 7.873514e-08
10 101 2 6.750731e-08
11 101 2 5.191127e-08
12 101 2 4.163655e-08
1 102 2 2.515177e-07
2 102 2 2.843061e-07
3 102 2 3.494174e-07
4 102 2 4.370510e-07
5 102 2 5.057714e-07
6 102 2 5.521402e-07
7 102 2 5.676882e-07
8 102 2 5.748614e-07
9 102 2 5.181106e-07
10 102 2 3.991529e-07
11 102 2 3.203702e-07
12 102 2 2.625832e-07
1 103 2 1.404994e-07
2 103 2 1.433808e-07
3 103 2 1.562671e-07
4 103 2 1.765759e-07
5 103 2 2.056367e-07
6 103 2 2.353248e-07
7 103 2 2.545916e-07
8 103 2 2.671882e-07
9 103 2 2.620564e-07
10 103 2 2.290145e-07
11 103 2 1.884004e-07
12 103 2 1.566487e-07
1 104 2 6.590722e-08
2 104 2 6.324290e-08
3 104 2 6.393007e-08
4 104 2 7.009010e-08
5 104 2 8.195716e-08
6 104 2 9.404980e-08
7 104 2 1.055545e-07
8 104 2 1.140246e-07
9 104 2 1.149424e-07
10 104 2 1.073790e-07
11 104 2 8.832886e-08
12 104 2 7.313619e-08
1 107 2 2.405255e-08
2 107 2 2.537501e-08
3 107 2 2.962623e-08
4 107 2 3.394839e-08
5 107 2 3.807099e-08
6 107 2 4.874001e-08
7 107 2 5.327490e-08
8 107 2 5.305934e-08
9 107 2 4.967148e-08
10 107 2 4.248661e-08
11 107 2 3.377529e-08
12 107 2 2.641355e-08
1 108 2 3.199300e-09
2 108 2 4.088709e-09
3 108 2 5.939287e-09
4 108 2 9.198658e-09
5 108 2 1.427877e-08
6 108 2 1.959806e-08
7 108 2 2.097914e-08
8 108 2 1.854114e-08
9 108 2 1.500271e-08
10 108 2 1.035083e-08
11 108 2 5.391731e-09
12 108 2 3.432363e-09
1 109 2 6.060687e-09
2 109 2 8.005285e-09
3 109 2 1.252078e-08
4 109 2 2.172875e-08
5 109 2 3.702109e-08
6 109 2 4.666695e-08
7 109 2 4.741784e-08
8 109 2 4.359031e-08
9 109 2 3.500427e-08
10 109 2 2.456124e-08
11 109 2 1.092423e-08
12 109 2 6.381529e-09
1 110 2 2.670282e-09
2 110 2 3.401428e-09
3 110 2 5.462867e-09
4 110 2 8.456305e-09
5 110 2 1.311539e-08
6 110 2 1.518825e-08
7 110 2 1.632884e-08
8 110 2 1.614909e-08
9 110 2 1.359716e-08
10 110 2 9.913190e-09
11 110 2 4.795057e-09
12 110 2 2.822422e-09
1 111 2 9.154780e-08
2 111 2 1.144996e-07
3 111 2 1.853723e-07
4 111 2 2.809473e-07
5 111 2 4.246107e-07
6 111 2 5.445542e-07
7 111 2 5.756345e-07
8 111 2 5.701439e-07
9 111 2 4.855273e-07
10 111 2 3.160548e-07
11 111 2 1.702564e-07
12 111 2 1.039957e-07
1 112 2 1.055603e-07
2 112 2 1.361071e-07
3 112 2 2.387707e-07
4 112 2 3.970617e-07
5 112 2 6.037992e-07
6 112 2 7.358006e-07
7 112 2 7.493932e-07
8 112 2 6.985119e-07
9 112 2 5.332370e-07
10 112 2 3.540018e-07
11 112 2 2.031601e-07
12 112 2 1.248805e-07
1 113 2 6.052515e-08
2 113 2 7.667974e-08
3 113 2 1.288224e-07
4 113 2 1.926422e-07
5 113 2 2.370647e-07
6 113 2 2.069925e-07
7 113 2 1.776118e-07
8 113 2 1.696338e-07
9 113 2 1.677758e-07
10 113 2 1.531953e-07
11 113 2 1.071505e-07
12 113 2 7.237052e-08
1 114 2 1.650189e-07
2 114 2 2.237740e-07
3 114 2 3.986916e-07
4 114 2 5.811666e-07
5 114 2 6.704953e-07
6 114 2 4.908403e-07
7 114 2 4.054009e-07
8 114 2 3.715990e-07
9 114 2 3.586063e-07
10 114 2 3.209592e-07
11 114 2 2.446742e-07
12 114 2 1.812392e-07
1 115 2 5.642599e-08
2 115 2 8.209475e-08
3 115 2 1.301336e-07
4 115 2 1.613119e-07
5 115 2 1.440592e-07
6 115 2 1.337542e-07
7 115 2 1.290035e-07
8 115 2 1.237697e-07
9 115 2 1.138312e-07
10 115 2 1.017256e-07
11 115 2 7.727510e-08
12 115 2 5.543908e-08
1 116 2 4.090621e-08
2 116 2 5.236494e-08
3 116 2 8.007849e-08
4 116 2 1.133482e-07
5 116 2 1.318311e-07
6 116 2 1.501221e-07
7 116 2 1.573855e-07
8 116 2 1.506529e-07
9 116 2 1.220456e-07
10 116 2 9.757273e-08
11 116 2 7.088468e-08
12 116 2 4.669578e-08
1 117 2 1.939575e-08
2 117 2 2.025401e-08
3 117 2 2.557896e-08
4 117 2 3.501430e-08
5 117 2 4.458787e-08
6 117 2 5.282677e-08
7 117 2 5.623960e-08
8 117 2 5.616585e-08
9 117 2 5.124793e-08
10 117 2 4.387132e-08
11 117 2 3.541566e-08
12 117 2 2.558382e-08
1 126 2 7.242693e-10
2 126 2 7.528038e-10
3 126 2 8.159364e-10
4 126 2 8.615792e-10
5 126 2 8.512482e-10
6 126 2 7.911397e-10
7 126 2 7.626128e-10
8 126 2 7.700634e-10
9 126 2 7.659868e-10
10 126 2 7.527045e-10
11 126 2 7.354858e-10
12 126 2 7.243500e-10
1 127 2 7.292754e-08
2 127 2 7.416880e-08
3 127 2 7.828359e-08
4 127 2 8.127499e-08
5 127 2 8.238226e-08
6 127 2 7.979764e-08
7 127 2 7.981967e-08
8 127 2 8.165140e-08
9 127 2 8.078099e-08
10 127 2 7.754346e-08
11 127 2 7.514923e-08
12 127 2 7.421901e-08
1 128 2 3.305437e-07
2 128 2 3.394654e-07
3 128 2 3.484829e-07
4 128 2 3.401785e-07
5 128 2 3.309098e-07
6 128 2 3.209696e-07
7 128 2 3.420944e-07
8 128 2 3.889627e-07
9 128 2 4.089907e-07
10 128 2 3.863110e-07
11 128 2 3.512934e-07
12 128 2 3.309883e-07
1 129 2 9.415778e-09
2 129 2 9.286498e-09
3 129 2 9.520713e-09
4 129 2 9.796815e-09
5 129 2 9.947977e-09
6 129 2 1.021709e-08
7 129 2 1.067585e-08
8 129 2 1.163666e-08
9 129 2 1.215786e-08
10 129 2 1.221142e-08
11 129 2 1.114945e-08
12 129 2 9.904927e-09
1 133 2 2.023340e-07
2 133 2 2.352432e-07
3 133 2 2.823968e-07
4 133 2 2.899468e-07
5 133 2 2.765796e-07
6 133 2 2.542140e-07
7 133 2 2.268884e-07
8 133 2 2.124552e-07
9 133 2 2.215434e-07
10 133 2 2.359523e-07
11 133 2 2.251023e-07
12 133 2 1.969646e-07
1 135 2 8.748262e-09
2 135 2 9.856230e-09
3 135 2 1.172131e-08
4 135 2 1.262331e-08
5 135 2 1.212979e-08
6 135 2 1.082101e-08
7 135 2 9.348281e-09
8 135 2 9.441837e-09
9 135 2 1.003303e-08
10 135 2 9.435482e-09
11 135 2 9.043827e-09
12 135 2 8.495439e-09
1 136 2 9.785806e-09
2 136 2 1.007157e-08
3 136 2 1.245538e-08
4 136 2 1.514195e-08
5 136 2 1.658112e-08
6 136 2 1.512831e-08
7 136 2 1.338678e-08
8 136 2 1.335608e-08
9 136 2 1.342511e-08
10 136 2 1.262897e-08
11 136 2 1.194063e-08
12 136 2 1.060343e-08
1 137 2 2.380656e-09
2 137 2 2.497554e-09
3 137 2 2.863497e-09
4 137 2 3.146563e-09
5 137 2 3.105848e-09
6 137 2 2.857692e-09
7 137 2 2.643669e-09
8 137 2 2.550877e-09
9 137 2 2.552479e-09
10 137 2 2.659094e-09
11 137 2 2.629015e-09
12 137 2 2.478925e-09
1 138 2 9.512538e-08
2 138 2 1.046055e-07
3 138 2 1.213579e-07
4 138 2 1.350638e-07
5 138 2 1.362710e-07
6 138 2 1.197686e-07
7 138 2 1.109541e-07
8 138 2 1.070015e-07
9 138 2 1.072934e-07
10 138 2 1.079186e-07
11 138 2 1.046831e-07
12 138 2 9.708483e-08
1 139 2 1.604887e-07
2 139 2 1.827670e-07
3 139 2 2.042241e-07
4 139 2 2.143478e-07
5 139 2 2.113271e-07
6 139 2 1.968029e-07
7 139 2 1.862053e-07
8 139 2 1.792533e-07
9 139 2 1.769299e-07
10 139 2 1.783035e-07
11 139 2 1.696694e-07
12 139 2 1.553097e-07
1 140 2 5.322544e-08
2 140 2 5.503708e-08
3 140 2 5.977454e-08
4 140 2 6.772357e-08
5 140 2 7.191274e-08
6 140 2 6.907232e-08
7 140 2 6.540026e-08
8 140 2 6.307799e-08
9 140 2 6.215842e-08
10 140 2 6.250196e-08
11 140 2 6.118188e-08
12 140 2 5.704019e-08
1 141 2 8.346450e-08
2 141 2 8.260089e-08
3 141 2 8.496680e-08
4 141 2 9.325035e-08
5 141 2 1.006295e-07
6 141 2 9.950614e-08
7 141 2 9.681537e-08
8 141 2 9.388147e-08
9 141 2 9.308583e-08
10 141 2 9.330467e-08
11 141 2 9.423596e-08
12 141 2 9.149577e-08
1 150 2 9.652446e-11
2 150 2 1.056612e-10
3 150 2 1.130983e-10
4 150 2 1.156523e-10
5 150 2 1.082153e-10
6 150 2 9.544099e-11
7 150 2 8.706881e-11
8 150 2 8.496628e-11
9 150 2 8.221935e-11
10 150 2 8.034873e-11
11 150 2 8.191089e-11
12 150 2 8.715085e-11
1 151 2 6.265159e-08
2 151 2 6.663727e-08
3 151 2 7.065527e-08
4 151 2 7.232129e-08
5 151 2 6.997588e-08
6 151 2 6.586897e-08
7 151 2 6.441355e-08
8 151 2 6.690043e-08
9 151 2 6.369515e-08
10 151 2 5.977132e-08
11 151 2 5.801866e-08
12 151 2 5.946608e-08
1 152 2 4.964750e-08
2 152 2 5.028927e-08
3 152 2 5.075481e-08
4 152 2 4.823018e-08
5 152 2 4.636213e-08
6 152 2 4.553412e-08
7 152 2 5.205767e-08
8 152 2 6.941264e-08
9 152 2 7.368911e-08
10 152 2 6.280591e-08
11 152 2 5.385867e-08
12 152 2 4.980821e-08
1 153 2 5.754636e-08
2 153 2 5.894224e-08
3 153 2 6.218812e-08
4 153 2 6.099834e-08
5 153 2 5.890620e-08
6 153 2 5.783408e-08
7 153 2 6.751074e-08
8 153 2 8.822438e-08
9 153 2 1.073054e-07
10 153 2 9.590902e-08
11 153 2 7.255026e-08
12 153 2 6.053337e-08
1 154 2 1.565600e-07
2 154 2 1.557106e-07
3 154 2 1.620368e-07
4 154 2 1.552614e-07
5 154 2 1.451835e-07
6 154 2 1.305943e-07
7 154 2 1.233153e-07
8 154 2 1.284615e-07
9 154 2 1.448386e-07
10 154 2 1.627727e-07
11 154 2 1.715443e-07
12 154 2 1.658751e-07
1 157 2 6.238112e-09
2 157 2 6.477656e-09
3 157 2 6.935259e-09
4 157 2 6.837560e-09
5 157 2 6.664656e-09
6 157 2 6.265923e-09
7 157 2 5.978583e-09
8 157 2 5.918320e-09
9 157 2 5.875544e-09
10 157 2 5.977992e-09
11 157 2 6.020849e-09
12 157 2 6.099422e-09
1 163 2 2.904448e-08
2 163 2 2.943364e-08
3 163 2 3.030707e-08
4 163 2 3.212570e-08
5 163 2 3.215705e-08
6 163 2 2.973046e-08
7 163 2 2.748571e-08
8 163 2 2.580962e-08
9 163 2 2.617921e-08
10 163 2 2.769659e-08
11 163 2 2.877929e-08
12 163 2 2.900479e-08
1 164 2 1.099019e-07
2 164 2 1.089622e-07
3 164 2 1.119953e-07
4 164 2 1.172200e-07
5 164 2 1.158412e-07
6 164 2 1.071441e-07
7 164 2 9.917135e-08
8 164 2 9.687214e-08
9 164 2 1.037303e-07
10 164 2 1.136412e-07
11 164 2 1.159362e-07
12 164 2 1.140056e-07
1 165 2 4.796603e-08
2 165 2 4.701010e-08
3 165 2 4.760109e-08
4 165 2 4.865396e-08
5 165 2 4.811994e-08
6 165 2 4.427716e-08
7 165 2 4.174730e-08
8 165 2 4.225584e-08
9 165 2 4.504017e-08
10 165 2 4.815769e-08
11 165 2 5.065989e-08
12 165 2 5.071957e-08
1 166 2 2.093799e-08
2 166 2 2.072897e-08
3 166 2 2.038650e-08
4 166 2 2.029085e-08
5 166 2 1.962646e-08
6 166 2 1.815120e-08
7 166 2 1.714023e-08
8 166 2 1.726811e-08
9 166 2 1.791438e-08
10 166 2 1.884462e-08
11 166 2 2.031726e-08
12 166 2 2.134095e-08
1 170 2 9.625224e-10
2 170 2 1.058584e-09
3 170 2 1.040053e-09
4 170 2 9.453526e-10
5 170 2 7.877610e-10
6 170 2 6.623694e-10
7 170 2 6.264978e-10
8 170 2 5.981037e-10
9 170 2 6.081632e-10
10 170 2 6.771854e-10
11 170 2 7.471481e-10
12 170 2 8.603873e-10
1 171 2 3.453213e-09
2 171 2 3.790635e-09
3 171 2 3.836526e-09
4 171 2 3.413294e-09
5 171 2 2.839477e-09
6 171 2 2.433298e-09
7 171 2 2.209173e-09
8 171 2 2.093261e-09
9 171 2 2.123760e-09
10 171 2 2.310058e-09
11 171 2 2.636563e-09
12 171 2 3.114845e-09
1 175 2 9.973047e-11
2 175 2 1.054383e-10
3 175 2 1.057408e-10
4 175 2 9.903883e-11
5 175 2 8.604915e-11
6 175 2 7.841258e-11
7 175 2 7.678559e-11
8 175 2 7.613729e-11
9 175 2 7.081598e-11
10 175 2 7.158493e-11
11 175 2 7.484138e-11
12 175 2 8.730289e-11
1 176 2 3.523659e-07
2 176 2 3.550078e-07
3 176 2 3.475515e-07
4 176 2 3.069635e-07
5 176 2 2.483198e-07
6 176 2 2.250243e-07
7 176 2 2.246139e-07
8 176 2 2.562546e-07
9 176 2 2.790878e-07
10 176 2 2.978546e-07
11 176 2 3.179376e-07
12 176 2 3.377278e-07
1 177 2 4.025652e-07
2 177 2 3.911835e-07
3 177 2 3.693501e-07
4 177 2 3.229720e-07
5 177 2 2.641031e-07
6 177 2 2.255217e-07
7 177 2 2.346519e-07
8 177 2 2.811562e-07
9 177 2 3.533693e-07
10 177 2 3.674906e-07
11 177 2 3.749445e-07
12 177 2 3.757106e-07
1 178 2 1.147162e-07
2 178 2 1.133755e-07
3 178 2 1.086787e-07
4 178 2 9.109024e-08
5 178 2 7.931269e-08
6 178 2 6.703687e-08
7 178 2 6.384838e-08
8 178 2 6.431829e-08
9 178 2 7.335338e-08
10 178 2 7.892616e-08
11 178 2 8.914261e-08
12 178 2 9.896703e-08
1 181 2 1.401490e-09
2 181 2 1.480282e-09
3 181 2 1.500667e-09
4 181 2 1.434839e-09
5 181 2 1.183295e-09
6 181 2 1.023191e-09
7 181 2 9.047116e-10
8 181 2 9.258986e-10
9 181 2 1.003117e-09
10 181 2 1.086189e-09
11 181 2 1.230123e-09
12 181 2 1.309725e-09
1 182 2 1.673903e-07
2 182 2 1.547203e-07
3 182 2 1.458943e-07
4 182 2 1.218710e-07
5 182 2 9.543582e-08
6 182 2 7.138027e-08
7 182 2 7.077339e-08
8 182 2 9.834840e-08
9 182 2 1.364690e-07
10 182 2 1.673743e-07
11 182 2 1.849831e-07
12 182 2 1.775564e-07
1 183 2 3.556833e-08
2 183 2 3.416934e-08
3 183 2 3.262104e-08
4 183 2 2.957837e-08
5 183 2 2.488673e-08
6 183 2 2.019853e-08
7 183 2 1.879261e-08
8 183 2 2.231551e-08
9 183 2 2.594686e-08
10 183 2 3.069511e-08
11 183 2 3.341765e-08
12 183 2 3.437221e-08
1 184 2 1.110488e-08
2 184 2 1.125210e-08
3 184 2 1.089748e-08
4 184 2 9.807031e-09
5 184 2 8.153047e-09
6 184 2 6.589199e-09
7 184 2 5.941800e-09
8 184 2 6.205630e-09
9 184 2 6.573827e-09
10 184 2 7.549213e-09
11 184 2 8.833087e-09
12 184 2 1.006776e-08
1 188 2 1.840535e-09
2 188 2 1.824488e-09
3 188 2 1.691136e-09
4 188 2 1.380928e-09
5 188 2 9.759849e-10
6 188 2 7.423686e-10
7 188 2 6.388021e-10
8 188 2 6.498067e-10
9 188 2 8.801597e-10
10 188 2 1.156654e-09
11 188 2 1.377460e-09
12 188 2 1.718063e-09
1 189 2 1.606016e-09
2 189 2 1.484283e-09
3 189 2 1.346377e-09
4 189 2 9.951726e-10
5 189 2 6.588934e-10
6 189 2 4.659446e-10
7 189 2 4.430137e-10
8 189 2 5.441676e-10
9 189 2 8.753887e-10
10 189 2 1.246425e-09
11 189 2 1.516069e-09
12 189 2 1.584285e-09
1 190 2 6.571870e-09
2 190 2 6.226968e-09
3 190 2 5.405022e-09
4 190 2 3.828264e-09
5 190 2 2.670979e-09
6 190 2 1.937643e-09
7 190 2 1.820633e-09
8 190 2 2.194768e-09
9 190 2 3.082796e-09
10 190 2 4.202597e-09
11 190 2 5.506743e-09
12 190 2 6.178465e-09
1 191 2 5.058847e-09
2 191 2 5.242302e-09
3 191 2 5.095543e-09
4 191 2 4.209491e-09
5 191 2 3.461543e-09
6 191 2 2.843597e-09
7 191 2 2.500000e-09
8 191 2 2.538968e-09
9 191 2 2.770065e-09
10 191 2 3.109114e-09
11 191 2 3.823884e-09
12 191 2 4.498765e-09
1 192 2 6.637572e-09
2 192 2 7.173370e-09
3 192 2 6.989077e-09
4 192 2 6.051494e-09
5 192 2 5.114425e-09
6 192 2 4.354728e-09
7 192 2 3.826939e-09
8 192 2 3.556125e-09
9 192 2 3.661552e-09
10 192 2 4.020803e-09
11 192 2 4.799799e-09
12 192 2 5.763509e-09
1 200 2 1.776810e-06
2 200 2 1.827895e-06
3 200 2 1.494817e-06
4 200 2 9.881810e-07
5 200 2 6.468140e-07
6 200 2 5.267701e-07
7 200 2 5.004589e-07
8 200 2 5.397025e-07
9 200 2 5.978160e-07
10 200 2 7.643369e-07
11 200 2 1.062159e-06
12 200 2 1.463439e-06
1 201 2 1.048610e-06
2 201 2 1.081948e-06
3 201 2 9.904590e-07
4 201 2 7.623846e-07
5 201 2 5.745297e-07
6 201 2 4.753242e-07
7 201 2 4.492080e-07
8 201 2 4.646649e-07
9 201 2 4.598791e-07
10 201 2 5.471966e-07
11 201 2 6.975287e-07
12 201 2 8.687503e-07
1 206 2 1.112500e-07
2 206 2 1.201645e-07
3 206 2 1.087167e-07
4 206 2 9.277290e-08
5 206 2 7.672270e-08
6 206 2 6.689572e-08
7 206 2 5.737612e-08
8 206 2 5.633609e-08
9 206 2 6.098322e-08
10 206 2 6.902957e-08
11 206 2 8.091858e-08
12 206 2 9.533048e-08
1 207 2 4.217581e-09
2 207 2 4.605068e-09
3 207 2 4.367349e-09
4 207 2 3.960097e-09
5 207 2 3.512022e-09
6 207 2 3.012246e-09
7 207 2 2.655025e-09
8 207 2 2.614523e-09
9 207 2 2.637886e-09
10 207 2 2.905537e-09
11 207 2 3.131307e-09
12 207 2 3.582022e-09
1 212 2 2.592020e-09
2 212 2 2.766821e-09
3 212 2 2.455824e-09
4 212 2 2.064589e-09
5 212 2 1.609183e-09
6 212 2 1.298745e-09
7 212 2 1.078032e-09
8 212 2 1.041908e-09
9 212 2 1.183322e-09
10 212 2 1.396265e-09
11 212 2 1.656213e-09
12 212 2 2.189831e-09
1 213 2 5.642006e-10
2 213 2 6.166288e-10
3 213 2 5.225686e-10
4 213 2 4.422050e-10
5 213 2 3.412201e-10
6 213 2 2.630327e-10
7 213 2 2.232377e-10
8 213 2 2.179341e-10
9 213 2 2.625109e-10
10 213 2 3.235143e-10
11 213 2 3.972715e-10
12 213 2 4.861482e-10
1 214 2 2.006239e-08
2 214 2 2.126865e-08
3 214 2 1.708804e-08
4 214 2 1.269188e-08
5 214 2 9.381630e-09
6 214 2 6.913832e-09
7 214 2 5.987484e-09
8 214 2 6.172643e-09
9 214 2 7.791644e-09
10 214 2 1.044593e-08
11 214 2 1.429953e-08
12 214 2 1.734284e-08
1 215 2 7.430712e-09
2 215 2 7.643477e-09
3 215 2 7.126373e-09
4 215 2 5.679418e-09
5 215 2 4.613137e-09
6 215 2 3.706558e-09
7 215 2 3.202980e-09
8 215 2 3.210856e-09
9 215 2 3.610823e-09
10 215 2 4.295719e-09
11 215 2 5.408902e-09
12 215 2 6.534251e-09
1 216 2 4.317177e-08
2 216 2 4.507449e-08
3 216 2 4.226877e-08
4 216 2 3.436205e-08
5 216 2 2.751516e-08
6 216 2 2.367041e-08
7 216 2 2.080012e-08
8 216 2 1.988877e-08
9 216 2 2.063813e-08
10 216 2 2.345717e-08
11 216 2 2.821499e-08
12 216 2 3.626137e-08
1 224 2 5.192736e-08
2 224 2 5.676890e-08
3 224 2 4.953779e-08
4 224 2 4.265946e-08
5 224 2 3.444832e-08
6 224 2 2.927439e-08
7 224 2 2.659550e-08
8 224 2 2.777869e-08
9 224 2 2.856722e-08
10 224 2 3.369366e-08
11 224 2 4.023689e-08
12 224 2 4.800578e-08
1 240 2 2.663344e-09
2 240 2 2.716594e-09
3 240 2 2.484259e-09
4 240 2 2.193990e-09
5 240 2 1.906860e-09
6 240 2 1.644733e-09
7 240 2 1.611368e-09
8 240 2 1.661227e-09
9 240 2 1.617105e-09
10 240 2 1.741453e-09
11 240 2 1.913429e-09
12 240 2 2.371363e-09
