1 7 2 3.967911e-12
2 7 2 3.389742e-12
3 7 2 3.707175e-12
4 7 2 9.581527e-12
5 7 2 3.296732e-11
6 7 2 8.879337e-11
7 7 2 1.201400e-10
8 7 2 8.191262e-11
9 7 2 3.542445e-11
10 7 2 1.552998e-11
11 7 2 8.227996e-12
12 7 2 4.853982e-12
1 25 2 2.232487e-09
2 25 2 2.119738e-09
3 25 2 2.986360e-09
4 25 2 5.449444e-09
5 25 2 1.524492e-08
6 25 2 2.764472e-08
7 25 2 3.351350e-08
8 25 2 2.569893e-08
9 25 2 1.452126e-08
10 25 2 6.795422e-09
11 25 2 3.240136e-09
12 25 2 1.876352e-09
1 26 2 8.810400e-11
2 26 2 7.251043e-11
3 26 2 1.199019e-10
4 26 2 2.676309e-10
5 26 2 7.538751e-10
6 26 2 1.439880e-09
7 26 2 1.562266e-09
8 26 2 1.168892e-09
9 26 2 6.393226e-10
10 26 2 2.573523e-10
11 26 2 1.344561e-10
12 26 2 8.312737e-11
1 27 2 1.049695e-09
2 27 2 9.267863e-10
3 27 2 1.624651e-09
4 27 2 4.137788e-09
5 27 2 1.165232e-08
6 27 2 2.408676e-08
7 27 2 2.716579e-08
8 27 2 2.044697e-08
9 27 2 1.056627e-08
10 27 2 3.967891e-09
11 27 2 2.102840e-09
12 27 2 1.300751e-09
1 28 2 4.120204e-10
2 28 2 3.749496e-10
3 28 2 6.306001e-10
4 28 2 1.714122e-09
5 28 2 4.894865e-09
6 28 2 1.047983e-08
7 28 2 1.249439e-08
8 28 2 9.414663e-09
9 28 2 4.843103e-09
10 28 2 1.886154e-09
11 28 2 9.415952e-10
12 28 2 5.870323e-10
1 29 2 5.525051e-10
2 29 2 5.226715e-10
3 29 2 8.326417e-10
4 29 2 2.503615e-09
5 29 2 7.486910e-09
6 29 2 1.842596e-08
7 29 2 2.510041e-08
8 29 2 1.867488e-08
9 29 2 8.576435e-09
10 29 2 3.178746e-09
11 29 2 1.502606e-09
12 29 2 9.379924e-10
1 30 2 1.254435e-10
2 30 2 1.097082e-10
3 30 2 1.743647e-10
4 30 2 5.336811e-10
5 30 2 1.478380e-09
6 30 2 4.020617e-09
7 30 2 5.827693e-09
8 30 2 4.462886e-09
9 30 2 2.019302e-09
10 30 2 7.903913e-10
11 30 2 3.645858e-10
12 30 2 2.183498e-10
1 31 2 2.236011e-10
2 31 2 1.723034e-10
3 31 2 2.617498e-10
4 31 2 7.285367e-10
5 31 2 1.881435e-09
6 31 2 4.953724e-09
7 31 2 6.985850e-09
8 31 2 5.638805e-09
9 31 2 2.820905e-09
10 31 2 1.291836e-09
11 31 2 6.202388e-10
12 31 2 3.456259e-10
1 32 2 2.647273e-10
2 32 2 2.191432e-10
3 32 2 3.063244e-10
4 32 2 6.806651e-10
5 32 2 1.817965e-09
6 32 2 4.306401e-09
7 32 2 5.555769e-09
8 32 2 4.589315e-09
9 32 2 2.562726e-09
10 32 2 1.321111e-09
11 32 2 6.826961e-10
12 32 2 3.540532e-10
1 35 2 1.862728e-08
2 35 2 1.774899e-08
3 35 2 1.928066e-08
4 35 2 2.569322e-08
5 35 2 4.027754e-08
6 35 2 6.151260e-08
7 35 2 7.401854e-08
8 35 2 6.796863e-08
9 35 2 4.619410e-08
10 35 2 3.339828e-08
11 35 2 2.529741e-08
12 35 2 2.055185e-08
1 36 2 2.235254e-09
2 36 2 2.098469e-09
3 36 2 2.325724e-09
4 36 2 2.793398e-09
5 36 2 3.820436e-09
6 36 2 5.511295e-09
7 36 2 6.490748e-09
8 36 2 6.612301e-09
9 36 2 5.047366e-09
10 36 2 3.954408e-09
11 36 2 3.026648e-09
12 36 2 2.507834e-09
1 37 2 5.159551e-08
2 37 2 4.993728e-08
3 37 2 6.292330e-08
4 37 2 8.091091e-08
5 37 2 1.223218e-07
6 37 2 1.855276e-07
7 37 2 2.157781e-07
8 37 2 2.121150e-07
9 37 2 1.560969e-07
10 37 2 1.170454e-07
11 37 2 8.249490e-08
12 37 2 6.319813e-08
1 38 2 2.665091e-07
2 38 2 2.662702e-07
3 38 2 4.056275e-07
4 38 2 6.014096e-07
5 38 2 1.098018e-06
6 38 2 1.948349e-06
7 38 2 2.309692e-06
8 38 2 2.003174e-06
9 38 2 1.293898e-06
10 38 2 8.843778e-07
11 38 2 5.053509e-07
12 38 2 3.646807e-07
1 39 2 2.864427e-07
2 39 2 2.984157e-07
3 39 2 4.833718e-07
4 39 2 7.463662e-07
5 39 2 1.448198e-06
6 39 2 2.799731e-06
7 39 2 3.476483e-06
8 39 2 2.814622e-06
9 39 2 1.774091e-06
10 39 2 1.120317e-06
11 39 2 5.670803e-07
12 39 2 4.139275e-07
1 40 2 7.096415e-08
2 40 2 7.785997e-08
3 40 2 1.388621e-07
4 40 2 2.335077e-07
5 40 2 5.104596e-07
6 40 2 1.158968e-06
7 40 2 1.450048e-06
8 40 2 1.063719e-06
9 40 2 6.552399e-07
10 40 2 3.530494e-07
11 40 2 1.512362e-07
12 40 2 1.126662e-07
1 41 2 3.779130e-08
2 41 2 4.040079e-08
3 41 2 8.096184e-08
4 41 2 1.441988e-07
5 41 2 3.616716e-07
6 41 2 9.177789e-07
7 41 2 1.186633e-06
8 41 2 8.322993e-07
9 41 2 4.651274e-07
10 41 2 2.015906e-07
11 41 2 7.744568e-08
12 41 2 6.454997e-08
1 42 2 2.045655e-08
2 42 2 2.139796e-08
3 42 2 4.614440e-08
4 42 2 9.102869e-08
5 42 2 2.587793e-07
6 42 2 7.177762e-07
7 42 2 1.004802e-06
8 42 2 6.710230e-07
9 42 2 3.177645e-07
10 42 2 1.137245e-07
11 42 2 4.239867e-08
12 42 2 3.478194e-08
1 43 2 5.736975e-10
2 43 2 5.948503e-10
3 43 2 1.403538e-09
4 43 2 3.424675e-09
5 43 2 1.146301e-08
6 43 2 3.380622e-08
7 43 2 4.942001e-08
8 43 2 3.102245e-08
9 43 2 1.268566e-08
10 43 2 3.894820e-09
11 43 2 1.328217e-09
12 43 2 9.306918e-10
1 44 2 2.370728e-09
2 44 2 2.382048e-09
3 44 2 5.181320e-09
4 44 2 1.400757e-08
5 44 2 5.233185e-08
6 44 2 1.649150e-07
7 44 2 2.410324e-07
8 44 2 1.453410e-07
9 44 2 5.239325e-08
10 44 2 1.552306e-08
11 44 2 5.094712e-09
12 44 2 3.444598e-09
1 45 2 5.438254e-09
2 45 2 6.094693e-09
3 45 2 1.110559e-08
4 45 2 3.275126e-08
5 45 2 1.371559e-07
6 45 2 4.550976e-07
7 45 2 6.366756e-07
8 45 2 3.876710e-07
9 45 2 1.333113e-07
10 45 2 3.403717e-08
11 45 2 9.865910e-09
12 45 2 6.447871e-09
1 46 2 2.469532e-09
2 46 2 3.106732e-09
3 46 2 4.883548e-09
4 46 2 1.356112e-08
5 46 2 5.325395e-08
6 46 2 1.651878e-07
7 46 2 2.310861e-07
8 46 2 1.448012e-07
9 46 2 5.439146e-08
10 46 2 1.318384e-08
11 46 2 3.624759e-09
12 46 2 2.584960e-09
1 47 2 3.245687e-09
2 47 2 4.130583e-09
3 47 2 5.820638e-09
4 47 2 1.304130e-08
5 47 2 4.445126e-08
6 47 2 1.224632e-07
7 47 2 1.660862e-07
8 47 2 1.126183e-07
9 47 2 4.770856e-08
10 47 2 1.471515e-08
11 47 2 4.341354e-09
12 47 2 3.300006e-09
1 48 2 4.389948e-09
2 48 2 5.042900e-09
3 48 2 6.936226e-09
4 48 2 1.354499e-08
5 48 2 4.203269e-08
6 48 2 9.668239e-08
7 48 2 1.284819e-07
8 48 2 9.039439e-08
9 48 2 4.303138e-08
10 48 2 1.604362e-08
11 48 2 5.775502e-09
12 48 2 3.829962e-09
1 49 2 4.582154e-11
2 49 2 4.169356e-11
3 49 2 4.729272e-11
4 49 2 5.535194e-11
5 49 2 7.916507e-11
6 49 2 1.204451e-10
7 49 2 1.796240e-10
8 49 2 1.689111e-10
9 49 2 1.178136e-10
10 49 2 8.430694e-11
11 49 2 6.155090e-11
12 49 2 4.490127e-11
1 50 2 1.867678e-10
2 50 2 1.612178e-10
3 50 2 1.889722e-10
4 50 2 2.154088e-10
5 50 2 3.031728e-10
6 50 2 4.449019e-10
7 50 2 6.140301e-10
8 50 2 5.904900e-10
9 50 2 4.275684e-10
10 50 2 3.047887e-10
11 50 2 2.281895e-10
12 50 2 1.796743e-10
1 51 2 7.749344e-11
2 51 2 7.072491e-11
3 51 2 7.685042e-11
4 51 2 8.871081e-11
5 51 2 1.209151e-10
6 51 2 1.695738e-10
7 51 2 2.209794e-10
8 51 2 2.191445e-10
9 51 2 1.820769e-10
10 51 2 1.280683e-10
11 51 2 9.598246e-11
12 51 2 8.043623e-11
1 52 2 2.841802e-07
2 52 2 2.986978e-07
3 52 2 3.752323e-07
4 52 2 5.470376e-07
5 52 2 9.251126e-07
6 52 2 1.273162e-06
7 52 2 1.633067e-06
8 52 2 1.527477e-06
9 52 2 1.233036e-06
10 52 2 7.043903e-07
11 52 2 4.239740e-07
12 52 2 3.269486e-07
1 53 2 1.348767e-07
2 53 2 1.692209e-07
3 53 2 2.866959e-07
4 53 2 6.257716e-07
5 53 2 1.191660e-06
6 53 2 1.779452e-06
7 53 2 2.470091e-06
8 53 2 2.104805e-06
9 53 2 1.424548e-06
10 53 2 6.282858e-07
11 53 2 2.802324e-07
12 53 2 1.775386e-07
1 54 2 3.989087e-08
2 54 2 5.174867e-08
3 54 2 9.677211e-08
4 54 2 2.404692e-07
5 54 2 4.736493e-07
6 54 2 9.148744e-07
7 54 2 1.299623e-06
8 54 2 1.089767e-06
9 54 2 6.609265e-07
10 54 2 2.810903e-07
11 54 2 1.204881e-07
12 54 2 6.646361e-08
1 55 2 5.560023e-08
2 55 2 6.200909e-08
3 55 2 1.156763e-07
4 55 2 2.708618e-07
5 55 2 5.374996e-07
6 55 2 1.147883e-06
7 55 2 1.595645e-06
8 55 2 1.376105e-06
9 55 2 8.726366e-07
10 55 2 4.184153e-07
11 55 2 1.957605e-07
12 55 2 1.120930e-07
1 56 2 2.391597e-07
2 56 2 2.481956e-07
3 56 2 4.298813e-07
4 56 2 9.585741e-07
5 56 2 2.095315e-06
6 56 2 4.130327e-06
7 56 2 5.710538e-06
8 56 2 4.739458e-06
9 56 2 3.097822e-06
10 56 2 1.596110e-06
11 56 2 7.195857e-07
12 56 2 4.126893e-07
1 57 2 4.931957e-08
2 57 2 4.705576e-08
3 57 2 5.787590e-08
4 57 2 8.784657e-08
5 57 2 1.469811e-07
6 57 2 2.391565e-07
7 57 2 3.405616e-07
8 57 2 3.069292e-07
9 57 2 2.283556e-07
10 57 2 1.466837e-07
11 57 2 8.969786e-08
12 57 2 6.446180e-08
1 60 2 2.315658e-06
2 60 2 2.242506e-06
3 60 2 2.571709e-06
4 60 2 3.050009e-06
5 60 2 3.760419e-06
6 60 2 4.948686e-06
7 60 2 5.761259e-06
8 60 2 5.763683e-06
9 60 2 4.891314e-06
10 60 2 3.992937e-06
11 60 2 3.193416e-06
12 60 2 2.647014e-06
1 61 2 7.339490e-06
2 61 2 7.383637e-06
3 61 2 1.038496e-05
4 61 2 1.564194e-05
5 61 2 2.281682e-05
6 61 2 3.214521e-05
7 61 2 3.804074e-05
8 61 2 3.659834e-05
9 61 2 2.843787e-05
10 61 2 1.934361e-05
11 61 2 1.261901e-05
12 61 2 8.850868e-06
1 62 2 2.340195e-06
2 62 2 2.563065e-06
3 62 2 4.034732e-06
4 62 2 7.304096e-06
5 62 2 1.252810e-05
6 62 2 1.777211e-05
7 62 2 2.173170e-05
8 62 2 2.028575e-05
9 62 2 1.413556e-05
10 62 2 8.429586e-06
11 62 2 4.577638e-06
12 62 2 2.978996e-06
1 63 2 3.690316e-06
2 63 2 4.479886e-06
3 63 2 7.496025e-06
4 63 2 1.576604e-05
5 63 2 3.025762e-05
6 63 2 4.498278e-05
7 63 2 5.752210e-05
8 63 2 5.005550e-05
9 63 2 3.057233e-05
10 63 2 1.669588e-05
11 63 2 7.711949e-06
12 63 2 5.048568e-06
1 64 2 1.047679e-06
2 64 2 1.342186e-06
3 64 2 2.555846e-06
4 64 2 6.053946e-06
5 64 2 1.296564e-05
6 64 2 2.076799e-05
7 64 2 2.632388e-05
8 64 2 2.057940e-05
9 64 2 1.178346e-05
10 64 2 5.209207e-06
11 64 2 2.380351e-06
12 64 2 1.629012e-06
1 65 2 3.542384e-07
2 65 2 4.392578e-07
3 65 2 9.623314e-07
4 65 2 2.713808e-06
5 65 2 5.689992e-06
6 65 2 9.670354e-06
7 65 2 1.253415e-05
8 65 2 9.354811e-06
9 65 2 5.305754e-06
10 65 2 1.882780e-06
11 65 2 8.288367e-07
12 65 2 6.006567e-07
1 66 2 2.345834e-07
2 66 2 2.900183e-07
3 66 2 6.894565e-07
4 66 2 2.261878e-06
5 66 2 4.703091e-06
6 66 2 8.087176e-06
7 66 2 1.115356e-05
8 66 2 8.432106e-06
9 66 2 4.769906e-06
10 66 2 1.580325e-06
11 66 2 6.056040e-07
12 66 2 3.756443e-07
1 67 2 7.932737e-08
2 67 2 1.057794e-07
3 67 2 2.689976e-07
4 67 2 9.937005e-07
5 67 2 2.254649e-06
6 67 2 3.845320e-06
7 67 2 5.376182e-06
8 67 2 4.137412e-06
9 67 2 2.262877e-06
10 67 2 8.321652e-07
11 67 2 2.631369e-07
12 67 2 1.184365e-07
1 68 2 1.913230e-08
2 68 2 2.568953e-08
3 68 2 7.629645e-08
4 68 2 3.506987e-07
5 68 2 9.556989e-07
6 68 2 1.831415e-06
7 68 2 2.625903e-06
8 68 2 1.952973e-06
9 68 2 9.372508e-07
10 68 2 3.443347e-07
11 68 2 7.852051e-08
12 68 2 2.732241e-08
1 69 2 1.156371e-08
2 69 2 1.639519e-08
3 69 2 3.920799e-08
4 69 2 1.719294e-07
5 69 2 5.512997e-07
6 69 2 1.304713e-06
7 69 2 1.911393e-06
8 69 2 1.471386e-06
9 69 2 6.320979e-07
10 69 2 2.055338e-07
11 69 2 3.982504e-08
12 69 2 1.497680e-08
1 70 2 4.861720e-08
2 70 2 5.682420e-08
3 70 2 8.142744e-08
4 70 2 2.124400e-07
5 70 2 5.327319e-07
6 70 2 1.293625e-06
7 70 2 2.093968e-06
8 70 2 1.908451e-06
9 70 2 9.853962e-07
10 70 2 3.512436e-07
11 70 2 1.068273e-07
12 70 2 6.013605e-08
1 71 2 4.120451e-08
2 71 2 4.181294e-08
3 71 2 4.731452e-08
4 71 2 7.592549e-08
5 71 2 1.470395e-07
6 71 2 3.067382e-07
7 71 2 4.707468e-07
8 71 2 4.680403e-07
9 71 2 3.002903e-07
10 71 2 1.430242e-07
11 71 2 6.832632e-08
12 71 2 4.745494e-08
1 72 2 1.729768e-10
2 72 2 1.652079e-10
3 72 2 1.789856e-10
4 72 2 2.282083e-10
5 72 2 3.550754e-10
6 72 2 6.178430e-10
7 72 2 9.569680e-10
8 72 2 9.203788e-10
9 72 2 6.439278e-10
10 72 2 3.904413e-10
11 72 2 2.405657e-10
12 72 2 1.717955e-10
1 76 2 6.534911e-08
2 76 2 5.978772e-08
3 76 2 6.038945e-08
4 76 2 6.568934e-08
5 76 2 8.930577e-08
6 76 2 1.273443e-07
7 76 2 1.707617e-07
8 76 2 1.822340e-07
9 76 2 1.736336e-07
10 76 2 1.159525e-07
11 76 2 7.485224e-08
12 76 2 6.546479e-08
1 77 2 6.666971e-08
2 77 2 8.657009e-08
3 77 2 1.134016e-07
4 77 2 1.832820e-07
5 77 2 3.077378e-07
6 77 2 4.751151e-07
7 77 2 6.455532e-07
8 77 2 6.127347e-07
9 77 2 4.538879e-07
10 77 2 2.293095e-07
11 77 2 1.006217e-07
12 77 2 6.342135e-08
1 78 2 7.281367e-08
2 78 2 9.948961e-08
3 78 2 1.385452e-07
4 78 2 2.484955e-07
5 78 2 3.885751e-07
6 78 2 6.169226e-07
7 78 2 7.615226e-07
8 78 2 7.130735e-07
9 78 2 4.623491e-07
10 78 2 2.451927e-07
11 78 2 1.324094e-07
12 78 2 7.644441e-08
1 79 2 7.381000e-07
2 79 2 9.056609e-07
3 79 2 1.329771e-06
4 79 2 2.205647e-06
5 79 2 3.350989e-06
6 79 2 5.474412e-06
7 79 2 6.708208e-06
8 79 2 6.354837e-06
9 79 2 4.388053e-06
10 79 2 2.648828e-06
11 79 2 1.509166e-06
12 79 2 9.244870e-07
1 80 2 1.654001e-07
2 80 2 1.657231e-07
3 80 2 2.082414e-07
4 80 2 2.815663e-07
5 80 2 4.199312e-07
6 80 2 6.389101e-07
7 80 2 8.226938e-07
8 80 2 8.144532e-07
9 80 2 6.759813e-07
10 80 2 4.739334e-07
11 80 2 2.764739e-07
12 80 2 2.043602e-07
1 81 2 7.442451e-13
2 81 2 6.744655e-13
3 81 2 7.103953e-13
4 81 2 8.423547e-13
5 81 2 1.212983e-12
6 81 2 1.634460e-12
7 81 2 2.180905e-12
8 81 2 2.340063e-12
9 81 2 2.127847e-12
10 81 2 1.632683e-12
11 81 2 1.079266e-12
12 81 2 8.835907e-13
1 84 2 5.553132e-07
2 84 2 5.871058e-07
3 84 2 7.261324e-07
4 84 2 9.176043e-07
5 84 2 1.230231e-06
6 84 2 2.015822e-06
7 84 2 2.699837e-06
8 84 2 2.587115e-06
9 84 2 1.941233e-06
10 84 2 1.225113e-06
11 84 2 8.230026e-07
12 84 2 6.286851e-07
1 85 2 1.270102e-06
2 85 2 1.430235e-06
3 85 2 1.859536e-06
4 85 2 2.701733e-06
5 85 2 4.324886e-06
6 85 2 6.606941e-06
7 85 2 9.141317e-06
8 85 2 8.696214e-06
9 85 2 6.261865e-06
10 85 2 3.454082e-06
11 85 2 1.947957e-06
12 85 2 1.413439e-06
1 86 2 3.888610e-07
2 86 2 4.402720e-07
3 86 2 5.626352e-07
4 86 2 8.172416e-07
5 86 2 1.313469e-06
6 86 2 1.905815e-06
7 86 2 2.618083e-06
8 86 2 2.626647e-06
9 86 2 1.944219e-06
10 86 2 1.127431e-06
11 86 2 6.210447e-07
12 86 2 4.438564e-07
1 87 2 5.373159e-07
2 87 2 7.269267e-07
3 87 2 1.037918e-06
4 87 2 1.640712e-06
5 87 2 2.878411e-06
6 87 2 4.326616e-06
7 87 2 5.865553e-06
8 87 2 5.976802e-06
9 87 2 4.333209e-06
10 87 2 2.439712e-06
11 87 2 1.071945e-06
12 87 2 6.515796e-07
1 88 2 1.968914e-07
2 88 2 2.796016e-07
3 88 2 4.384566e-07
4 88 2 8.319245e-07
5 88 2 1.707354e-06
6 88 2 2.683492e-06
7 88 2 3.436585e-06
8 88 2 3.014153e-06
9 88 2 1.947747e-06
10 88 2 9.204689e-07
11 88 2 4.718958e-07
12 88 2 2.621208e-07
1 89 2 1.616306e-07
2 89 2 2.248881e-07
3 89 2 4.268305e-07
4 89 2 8.027954e-07
5 89 2 1.602071e-06
6 89 2 2.393307e-06
7 89 2 2.791947e-06
8 89 2 2.445080e-06
9 89 2 1.595673e-06
10 89 2 7.593333e-07
11 89 2 4.178232e-07
12 89 2 2.312669e-07
1 90 2 8.512912e-08
2 90 2 1.121974e-07
3 90 2 2.226436e-07
4 90 2 3.995979e-07
5 90 2 6.135593e-07
6 90 2 8.121486e-07
7 90 2 9.120930e-07
8 90 2 8.439386e-07
9 90 2 6.150263e-07
10 90 2 3.668370e-07
11 90 2 2.022568e-07
12 90 2 1.151404e-07
1 91 2 3.335371e-10
2 91 2 4.719403e-10
3 91 2 9.859877e-10
4 91 2 1.863207e-09
5 91 2 2.749803e-09
6 91 2 3.495256e-09
7 91 2 3.924663e-09
8 91 2 3.599293e-09
9 91 2 2.587966e-09
10 91 2 1.601957e-09
11 91 2 8.302612e-10
12 91 2 4.262200e-10
1 92 2 1.789907e-09
2 92 2 2.556773e-09
3 92 2 6.409185e-09
4 92 2 1.529083e-08
5 92 2 2.883628e-08
6 92 2 4.418734e-08
7 92 2 5.304094e-08
8 92 2 4.827576e-08
9 92 2 3.020179e-08
10 92 2 1.605128e-08
11 92 2 6.295322e-09
12 92 2 2.702427e-09
1 93 2 4.015139e-07
2 93 2 4.844624e-07
3 93 2 9.960805e-07
4 93 2 2.321477e-06
5 93 2 4.141383e-06
6 93 2 6.572084e-06
7 93 2 8.816107e-06
8 93 2 8.666985e-06
9 93 2 5.829457e-06
10 93 2 3.357059e-06
11 93 2 1.437675e-06
12 93 2 5.988206e-07
1 94 2 4.902286e-07
2 94 2 4.877571e-07
3 94 2 6.512737e-07
4 94 2 1.154177e-06
5 94 2 1.970110e-06
6 94 2 3.102179e-06
7 94 2 4.285648e-06
8 94 2 4.670408e-06
9 94 2 3.847085e-06
10 94 2 2.322094e-06
11 94 2 1.246325e-06
12 94 2 6.809622e-07
1 98 2 8.275446e-09
2 98 2 7.703343e-09
3 98 2 7.253891e-09
4 98 2 7.723304e-09
5 98 2 8.765420e-09
6 98 2 1.003023e-08
7 98 2 1.128195e-08
8 98 2 1.189063e-08
9 98 2 1.173339e-08
10 98 2 1.109118e-08
11 98 2 9.976442e-09
12 98 2 9.078669e-09
1 101 2 3.258209e-08
2 101 2 3.347921e-08
3 101 2 3.430752e-08
4 101 2 4.230637e-08
5 101 2 5.440683e-08
6 101 2 6.352564e-08
7 101 2 6.781000e-08
8 101 2 6.794799e-08
9 101 2 6.532293e-08
10 101 2 5.600771e-08
11 101 2 4.306840e-08
12 101 2 3.454394e-08
1 102 2 2.088742e-07
2 102 2 2.361034e-07
3 102 2 2.901755e-07
4 102 2 3.629512e-07
5 102 2 4.200205e-07
6 102 2 4.585277e-07
7 102 2 4.714396e-07
8 102 2 4.773966e-07
9 102 2 4.302676e-07
10 102 2 3.314786e-07
11 102 2 2.660531e-07
12 102 2 2.180636e-07
1 103 2 1.165963e-07
2 103 2 1.189875e-07
3 103 2 1.296814e-07
4 103 2 1.465351e-07
5 103 2 1.706518e-07
6 103 2 1.952891e-07
7 103 2 2.112780e-07
8 103 2 2.217316e-07
9 103 2 2.174728e-07
10 103 2 1.900523e-07
11 103 2 1.563479e-07
12 103 2 1.299981e-07
1 104 2 5.475459e-08
2 104 2 5.254112e-08
3 104 2 5.311201e-08
4 104 2 5.822966e-08
5 104 2 6.808860e-08
6 104 2 7.813496e-08
7 104 2 8.769287e-08
8 104 2 9.472968e-08
9 104 2 9.549218e-08
10 104 2 8.920859e-08
11 104 2 7.338211e-08
12 104 2 6.076030e-08
1 107 2 1.995078e-08
2 107 2 2.104771e-08
3 107 2 2.457396e-08
4 107 2 2.815905e-08
5 107 2 3.157860e-08
6 107 2 4.042820e-08
7 107 2 4.418974e-08
8 107 2 4.401093e-08
9 107 2 4.120082e-08
10 107 2 3.524121e-08
11 107 2 2.801547e-08
12 107 2 2.190915e-08
1 108 2 2.651619e-09
2 108 2 3.388772e-09
3 108 2 4.922554e-09
4 108 2 7.623961e-09
5 108 2 1.183442e-08
6 108 2 1.624312e-08
7 108 2 1.738776e-08
8 108 2 1.536712e-08
9 108 2 1.243443e-08
10 108 2 8.578894e-09
11 108 2 4.468733e-09
12 108 2 2.844785e-09
1 109 2 5.030005e-09
2 109 2 6.643904e-09
3 109 2 1.039149e-08
4 109 2 1.803355e-08
5 109 2 3.072527e-08
6 109 2 3.873076e-08
7 109 2 3.935395e-08
8 109 2 3.617733e-08
9 109 2 2.905143e-08
10 109 2 2.038435e-08
11 109 2 9.066451e-09
12 109 2 5.296284e-09
1 110 2 2.217154e-09
2 110 2 2.824230e-09
3 110 2 4.535857e-09
4 110 2 7.021330e-09
5 110 2 1.088980e-08
6 110 2 1.261091e-08
7 110 2 1.355795e-08
8 110 2 1.340870e-08
9 110 2 1.128982e-08
10 110 2 8.230991e-09
11 110 2 3.981370e-09
12 110 2 2.343477e-09
1 111 2 7.603591e-08
2 111 2 9.509875e-08
3 111 2 1.539628e-07
4 111 2 2.333435e-07
5 111 2 3.526645e-07
6 111 2 4.522847e-07
7 111 2 4.780988e-07
8 111 2 4.735385e-07
9 111 2 4.032594e-07
10 111 2 2.625024e-07
11 111 2 1.414081e-07
12 111 2 8.637467e-08
1 112 2 8.758957e-08
2 112 2 1.129360e-07
3 112 2 1.981220e-07
4 112 2 3.294653e-07
5 112 2 5.010075e-07
6 112 2 6.105368e-07
7 112 2 6.218154e-07
8 112 2 5.795962e-07
9 112 2 4.424579e-07
10 112 2 2.937360e-07
11 112 2 1.685738e-07
12 112 2 1.036206e-07
1 113 2 5.023364e-08
2 113 2 6.364135e-08
3 113 2 1.069179e-07
4 113 2 1.598859e-07
5 113 2 1.967549e-07
6 113 2 1.717961e-07
7 113 2 1.474113e-07
8 113 2 1.407897e-07
9 113 2 1.392477e-07
10 113 2 1.271464e-07
11 113 2 8.893097e-08
12 113 2 6.006486e-08
1 114 2 1.369353e-07
2 114 2 1.856913e-07
3 114 2 3.308407e-07
4 114 2 4.822613e-07
5 114 2 5.563877e-07
6 114 2 4.073071e-07
7 114 2 3.364081e-07
8 114 2 3.083588e-07
9 114 2 2.975772e-07
10 114 2 2.663371e-07
11 114 2 2.030345e-07
12 114 2 1.503951e-07
1 115 2 4.683877e-08
2 115 2 6.814622e-08
3 115 2 1.080228e-07
4 115 2 1.339038e-07
5 115 2 1.195824e-07
6 115 2 1.110283e-07
7 115 2 1.070848e-07
8 115 2 1.027403e-07
9 115 2 9.449038e-08
10 115 2 8.444162e-08
11 115 2 6.414546e-08
12 115 2 4.601955e-08
1 116 2 3.400825e-08
2 116 2 4.353471e-08
3 116 2 6.657496e-08
4 116 2 9.423441e-08
5 116 2 1.096006e-07
6 116 2 1.248072e-07
7 116 2 1.308458e-07
8 116 2 1.252485e-07
9 116 2 1.014652e-07
10 116 2 8.111916e-08
11 116 2 5.893149e-08
12 116 2 3.882153e-08
1 117 2 1.677921e-08
2 117 2 1.752169e-08
3 117 2 2.212828e-08
4 117 2 3.029077e-08
5 117 2 3.857284e-08
6 117 2 4.570029e-08
7 117 2 4.865272e-08
8 117 2 4.858891e-08
9 117 2 4.433444e-08
10 117 2 3.795296e-08
11 117 2 3.063799e-08
12 117 2 2.213249e-08
1 126 2 6.001089e-10
2 126 2 6.237517e-10
3 126 2 6.760616e-10
4 126 2 7.138799e-10
5 126 2 7.053199e-10
6 126 2 6.555158e-10
7 126 2 6.318792e-10
8 126 2 6.380525e-10
9 126 2 6.346748e-10
10 126 2 6.236695e-10
11 126 2 6.094025e-10
12 126 2 6.001757e-10
1 127 2 6.053338e-08
2 127 2 6.156368e-08
3 127 2 6.497915e-08
4 127 2 6.746216e-08
5 127 2 6.838124e-08
6 127 2 6.623589e-08
7 127 2 6.625417e-08
8 127 2 6.777460e-08
9 127 2 6.705212e-08
10 127 2 6.436481e-08
11 127 2 6.237748e-08
12 127 2 6.160536e-08
1 128 2 2.742454e-07
2 128 2 2.816475e-07
3 128 2 2.891292e-07
4 128 2 2.822392e-07
5 128 2 2.745491e-07
6 128 2 2.663020e-07
7 128 2 2.838287e-07
8 128 2 3.227145e-07
9 128 2 3.393313e-07
10 128 2 3.205144e-07
11 128 2 2.914610e-07
12 128 2 2.746143e-07
1 129 2 7.816758e-09
2 129 2 7.709433e-09
3 129 2 7.903873e-09
4 129 2 8.133086e-09
5 129 2 8.258578e-09
6 129 2 8.481993e-09
7 129 2 8.862844e-09
8 129 2 9.660485e-09
9 129 2 1.009317e-08
10 129 2 1.013764e-08
11 129 2 9.256011e-09
12 129 2 8.222838e-09
1 133 2 1.679487e-07
2 133 2 1.952652e-07
3 133 2 2.344054e-07
4 133 2 2.406723e-07
5 133 2 2.295768e-07
6 133 2 2.110121e-07
7 133 2 1.883302e-07
8 133 2 1.763499e-07
9 133 2 1.838936e-07
10 133 2 1.958538e-07
11 133 2 1.868477e-07
12 133 2 1.634918e-07
1 135 2 7.265493e-09
2 135 2 8.185668e-09
3 135 2 9.734630e-09
4 135 2 1.048374e-08
5 135 2 1.007387e-08
6 135 2 8.986925e-09
7 135 2 7.763813e-09
8 135 2 7.841511e-09
9 135 2 8.332502e-09
10 135 2 7.836234e-09
11 135 2 7.510961e-09
12 135 2 7.055522e-09
1 136 2 8.121599e-09
2 136 2 8.358769e-09
3 136 2 1.033718e-08
4 136 2 1.256686e-08
5 136 2 1.376128e-08
6 136 2 1.255554e-08
7 136 2 1.111018e-08
8 136 2 1.108470e-08
9 136 2 1.114199e-08
10 136 2 1.048125e-08
11 136 2 9.909967e-09
12 136 2 8.800174e-09
1 137 2 1.977686e-09
2 137 2 2.074796e-09
3 137 2 2.378797e-09
4 137 2 2.613948e-09
5 137 2 2.580126e-09
6 137 2 2.373974e-09
7 137 2 2.196179e-09
8 137 2 2.119093e-09
9 137 2 2.120424e-09
10 137 2 2.208993e-09
11 137 2 2.184005e-09
12 137 2 2.059321e-09
1 138 2 7.900355e-08
2 138 2 8.687699e-08
3 138 2 1.007901e-07
4 138 2 1.121732e-07
5 138 2 1.131758e-07
6 138 2 9.947019e-08
7 138 2 9.214961e-08
8 138 2 8.886687e-08
9 138 2 8.910934e-08
10 138 2 8.962858e-08
11 138 2 8.694143e-08
12 138 2 8.063090e-08
1 139 2 1.332815e-07
2 139 2 1.517830e-07
3 139 2 1.696026e-07
4 139 2 1.780100e-07
5 139 2 1.755014e-07
6 139 2 1.634395e-07
7 139 2 1.546385e-07
8 139 2 1.488650e-07
9 139 2 1.469355e-07
10 139 2 1.480762e-07
11 139 2 1.409059e-07
12 139 2 1.289805e-07
1 140 2 4.416687e-08
2 140 2 4.567018e-08
3 140 2 4.960136e-08
4 140 2 5.619753e-08
5 140 2 5.967374e-08
6 140 2 5.731673e-08
7 140 2 5.426963e-08
8 140 2 5.234259e-08
9 140 2 5.157953e-08
10 140 2 5.186459e-08
11 140 2 5.076918e-08
12 140 2 4.733238e-08
1 141 2 6.926975e-08
2 141 2 6.855301e-08
3 141 2 7.051655e-08
4 141 2 7.739132e-08
5 141 2 8.351550e-08
6 141 2 8.258319e-08
7 141 2 8.035004e-08
8 141 2 7.791511e-08
9 141 2 7.725478e-08
10 141 2 7.743640e-08
11 141 2 7.820931e-08
12 141 2 7.593514e-08
1 150 2 8.028670e-11
2 150 2 8.788642e-11
3 150 2 9.407242e-11
4 150 2 9.619674e-11
5 150 2 9.001083e-11
6 150 2 7.938550e-11
7 150 2 7.242172e-11
8 150 2 7.067289e-11
9 150 2 6.838806e-11
10 150 2 6.683212e-11
11 150 2 6.813149e-11
12 150 2 7.248996e-11
1 151 2 5.199496e-08
2 151 2 5.530270e-08
3 151 2 5.863727e-08
4 151 2 6.001991e-08
5 151 2 5.807344e-08
6 151 2 5.466509e-08
7 151 2 5.345723e-08
8 151 2 5.552110e-08
9 151 2 5.286102e-08
10 151 2 4.960461e-08
11 151 2 4.815007e-08
12 151 2 4.935129e-08
1 152 2 4.123715e-08
2 152 2 4.177021e-08
3 152 2 4.215688e-08
4 152 2 4.005993e-08
5 152 2 3.850833e-08
6 152 2 3.782059e-08
7 152 2 4.323904e-08
8 152 2 5.765405e-08
9 152 2 6.120608e-08
10 152 2 5.216652e-08
11 152 2 4.473494e-08
12 152 2 4.137064e-08
1 153 2 4.777141e-08
2 153 2 4.893018e-08
3 153 2 5.162471e-08
4 153 2 5.063703e-08
5 153 2 4.890027e-08
6 153 2 4.801025e-08
7 153 2 5.604322e-08
8 153 2 7.323839e-08
9 153 2 8.907830e-08
10 153 2 7.961771e-08
11 153 2 6.022671e-08
12 153 2 5.025104e-08
1 154 2 1.300565e-07
2 154 2 1.293508e-07
3 154 2 1.346062e-07
4 154 2 1.289777e-07
5 154 2 1.206059e-07
6 154 2 1.084864e-07
7 154 2 1.024397e-07
8 154 2 1.067146e-07
9 154 2 1.203194e-07
10 154 2 1.352175e-07
11 154 2 1.425041e-07
12 154 2 1.377947e-07
1 157 2 5.183957e-09
2 157 2 5.383022e-09
3 157 2 5.763296e-09
4 157 2 5.682107e-09
5 157 2 5.538421e-09
6 157 2 5.207068e-09
7 157 2 4.968285e-09
8 157 2 4.918205e-09
9 157 2 4.882658e-09
10 157 2 4.967793e-09
11 157 2 5.003408e-09
12 157 2 5.068704e-09
1 163 2 2.410630e-08
2 163 2 2.442929e-08
3 163 2 2.515422e-08
4 163 2 2.666364e-08
5 163 2 2.668966e-08
6 163 2 2.467564e-08
7 163 2 2.281255e-08
8 163 2 2.142143e-08
9 163 2 2.172818e-08
10 163 2 2.298758e-08
11 163 2 2.388620e-08
12 163 2 2.407335e-08
1 164 2 9.121871e-08
2 164 2 9.043877e-08
3 164 2 9.295628e-08
4 164 2 9.729281e-08
5 164 2 9.614834e-08
6 164 2 8.892980e-08
7 164 2 8.231238e-08
8 164 2 8.040404e-08
9 164 2 8.609634e-08
10 164 2 9.432235e-08
11 164 2 9.622722e-08
12 164 2 9.462482e-08
1 165 2 3.980438e-08
2 165 2 3.901110e-08
3 165 2 3.950153e-08
4 165 2 4.037525e-08
5 165 2 3.993209e-08
6 165 2 3.674318e-08
7 165 2 3.464380e-08
8 165 2 3.506580e-08
9 165 2 3.737636e-08
10 165 2 3.996343e-08
11 165 2 4.203986e-08
12 165 2 4.208939e-08
1 166 2 1.738115e-08
2 166 2 1.720763e-08
3 166 2 1.692334e-08
4 166 2 1.684394e-08
5 166 2 1.629241e-08
6 166 2 1.506777e-08
7 166 2 1.422853e-08
8 166 2 1.433468e-08
9 166 2 1.487117e-08
10 166 2 1.564338e-08
11 166 2 1.686586e-08
12 166 2 1.771565e-08
1 170 2 7.967546e-10
2 170 2 8.762723e-10
3 170 2 8.609327e-10
4 170 2 7.825418e-10
5 170 2 6.520911e-10
6 170 2 5.482947e-10
7 170 2 5.186010e-10
8 170 2 4.950969e-10
9 170 2 5.034240e-10
10 170 2 5.605590e-10
11 170 2 6.184726e-10
12 170 2 7.122095e-10
1 171 2 2.863378e-09
2 171 2 3.143166e-09
3 171 2 3.181218e-09
4 171 2 2.830278e-09
5 171 2 2.354473e-09
6 171 2 2.017673e-09
7 171 2 1.831830e-09
8 171 2 1.735716e-09
9 171 2 1.761006e-09
10 171 2 1.915483e-09
11 171 2 2.186218e-09
12 171 2 2.582806e-09
1 175 2 8.276601e-11
2 175 2 8.750296e-11
3 175 2 8.775395e-11
4 175 2 8.219202e-11
5 175 2 7.141192e-11
6 175 2 6.507435e-11
7 175 2 6.372413e-11
8 175 2 6.318610e-11
9 175 2 5.876996e-11
10 175 2 5.940811e-11
11 175 2 6.211063e-11
12 175 2 7.245240e-11
1 176 2 3.101194e-07
2 176 2 3.124445e-07
3 176 2 3.058821e-07
4 176 2 2.701604e-07
5 176 2 2.185477e-07
6 176 2 1.980452e-07
7 176 2 1.976840e-07
8 176 2 2.255312e-07
9 176 2 2.456268e-07
10 176 2 2.621436e-07
11 176 2 2.798188e-07
12 176 2 2.972362e-07
1 177 2 3.396385e-07
2 177 2 3.300358e-07
3 177 2 3.116153e-07
4 177 2 2.724868e-07
5 177 2 2.228200e-07
6 177 2 1.902694e-07
7 177 2 1.979724e-07
8 177 2 2.372074e-07
9 177 2 2.981326e-07
10 177 2 3.100465e-07
11 177 2 3.163353e-07
12 177 2 3.169816e-07
1 178 2 9.526223e-08
2 178 2 9.414886e-08
3 178 2 9.024857e-08
4 178 2 7.564281e-08
5 178 2 6.586254e-08
6 178 2 5.566850e-08
7 178 2 5.302073e-08
8 178 2 5.341095e-08
9 178 2 6.091384e-08
10 178 2 6.554156e-08
11 178 2 7.402546e-08
12 178 2 8.218382e-08
1 181 2 1.164991e-09
2 181 2 1.230488e-09
3 181 2 1.247433e-09
4 181 2 1.192713e-09
5 181 2 9.836165e-10
6 181 2 8.505300e-10
7 181 2 7.520436e-10
8 181 2 7.696553e-10
9 181 2 8.338435e-10
10 181 2 9.028968e-10
11 181 2 1.022542e-09
12 181 2 1.088712e-09
1 182 2 1.389765e-07
2 182 2 1.284571e-07
3 182 2 1.211293e-07
4 182 2 1.011838e-07
5 182 2 7.923596e-08
6 182 2 5.926375e-08
7 182 2 5.875989e-08
8 182 2 8.165414e-08
9 182 2 1.133039e-07
10 182 2 1.389632e-07
11 182 2 1.535829e-07
12 182 2 1.474169e-07
1 183 2 2.952761e-08
2 183 2 2.836622e-08
3 183 2 2.708088e-08
4 183 2 2.455495e-08
5 183 2 2.066011e-08
6 183 2 1.676813e-08
7 183 2 1.560099e-08
8 183 2 1.852558e-08
9 183 2 2.154020e-08
10 183 2 2.548203e-08
11 183 2 2.774219e-08
12 183 2 2.853463e-08
1 184 2 9.217736e-09
2 184 2 9.339943e-09
3 184 2 9.045588e-09
4 184 2 8.140444e-09
5 184 2 6.767534e-09
6 184 2 5.469443e-09
7 184 2 4.932063e-09
8 184 2 5.151057e-09
9 184 2 5.456684e-09
10 184 2 6.266315e-09
11 184 2 7.332010e-09
12 184 2 8.356869e-09
1 188 2 1.527688e-09
2 188 2 1.514368e-09
3 188 2 1.403683e-09
4 188 2 1.146203e-09
5 188 2 8.100905e-10
6 188 2 6.161835e-10
7 188 2 5.302209e-10
8 188 2 5.393549e-10
9 188 2 7.305534e-10
10 188 2 9.600500e-10
11 188 2 1.143324e-09
12 188 2 1.426033e-09
1 189 2 1.333473e-09
2 189 2 1.232398e-09
3 189 2 1.117895e-09
4 189 2 8.262905e-10
5 189 2 5.470783e-10
6 189 2 3.868732e-10
7 189 2 3.678338e-10
8 189 2 4.518216e-10
9 189 2 7.268341e-10
10 189 2 1.034905e-09
11 189 2 1.258790e-09
12 189 2 1.315430e-09
1 190 2 5.453967e-09
2 190 2 5.167734e-09
3 190 2 4.485604e-09
4 190 2 3.177060e-09
5 190 2 2.216634e-09
6 190 2 1.608042e-09
7 190 2 1.510936e-09
8 190 2 1.821428e-09
9 190 2 2.558400e-09
10 190 2 3.487717e-09
11 190 2 4.570022e-09
12 190 2 5.127481e-09
1 191 2 4.194202e-09
2 191 2 4.346302e-09
3 191 2 4.224626e-09
4 191 2 3.490016e-09
5 191 2 2.869905e-09
6 191 2 2.357577e-09
7 191 2 2.072707e-09
8 191 2 2.105014e-09
9 191 2 2.296613e-09
10 191 2 2.577713e-09
11 191 2 3.170316e-09
12 191 2 3.729848e-09
1 192 2 5.515837e-09
2 192 2 5.961086e-09
3 192 2 5.807939e-09
4 192 2 5.028805e-09
5 192 2 4.250099e-09
6 192 2 3.618789e-09
7 192 2 3.180195e-09
8 192 2 2.955148e-09
9 192 2 3.042758e-09
10 192 2 3.341296e-09
11 192 2 3.988644e-09
12 192 2 4.789489e-09
1 200 2 1.566631e-06
2 200 2 1.611674e-06
3 200 2 1.317996e-06
4 200 2 8.712892e-07
5 200 2 5.703025e-07
6 200 2 4.644586e-07
7 200 2 4.412597e-07
8 200 2 4.758611e-07
9 200 2 5.271004e-07
10 200 2 6.739236e-07
11 200 2 9.365163e-07
12 200 2 1.290329e-06
1 201 2 9.212807e-07
2 201 2 9.505708e-07
3 201 2 8.701911e-07
4 201 2 6.698110e-07
5 201 2 5.047666e-07
6 201 2 4.176073e-07
7 201 2 3.946623e-07
8 201 2 4.082423e-07
9 201 2 4.040377e-07
10 201 2 4.807525e-07
11 201 2 6.128303e-07
12 201 2 7.632611e-07
1 206 2 9.230135e-08
2 206 2 9.969748e-08
3 206 2 9.019954e-08
4 206 2 7.697138e-08
5 206 2 6.365493e-08
6 206 2 5.550172e-08
7 206 2 4.760355e-08
8 206 2 4.674066e-08
9 206 2 5.059627e-08
10 206 2 5.727213e-08
11 206 2 6.713615e-08
12 206 2 7.909334e-08
1 207 2 3.500494e-09
2 207 2 3.822100e-09
3 207 2 3.624798e-09
4 207 2 3.286789e-09
5 207 2 2.914897e-09
6 207 2 2.500094e-09
7 207 2 2.203609e-09
8 207 2 2.169993e-09
9 207 2 2.189384e-09
10 207 2 2.411528e-09
11 207 2 2.598912e-09
12 207 2 2.972995e-09
1 212 2 2.150678e-09
2 212 2 2.295716e-09
3 212 2 2.037672e-09
4 212 2 1.713052e-09
5 212 2 1.335189e-09
6 212 2 1.077608e-09
7 212 2 8.944757e-10
8 212 2 8.645026e-10
9 212 2 9.818387e-10
10 212 2 1.158524e-09
11 212 2 1.374211e-09
12 212 2 1.816969e-09
1 213 2 4.682568e-10
2 213 2 5.117695e-10
3 213 2 4.337045e-10
4 213 2 3.670069e-10
5 213 2 2.831948e-10
6 213 2 2.183034e-10
7 213 2 1.852756e-10
8 213 2 1.808739e-10
9 213 2 2.178702e-10
10 213 2 2.684999e-10
11 213 2 3.297145e-10
12 213 2 4.034775e-10
1 214 2 1.665256e-08
2 214 2 1.765380e-08
3 214 2 1.418373e-08
4 214 2 1.053475e-08
5 214 2 7.787113e-09
6 214 2 5.738746e-09
7 214 2 4.969842e-09
8 214 2 5.123531e-09
9 214 2 6.467364e-09
10 214 2 8.670527e-09
11 214 2 1.186916e-08
12 214 2 1.439522e-08
1 215 2 6.167741e-09
2 215 2 6.344343e-09
3 215 2 5.915129e-09
4 215 2 4.714108e-09
5 215 2 3.829059e-09
6 215 2 3.076568e-09
7 215 2 2.658581e-09
8 215 2 2.665118e-09
9 215 2 2.997104e-09
10 215 2 3.565591e-09
11 215 2 4.489571e-09
12 215 2 5.423648e-09
1 216 2 3.806902e-08
2 216 2 3.974686e-08
3 216 2 3.727275e-08
4 216 2 3.030059e-08
5 216 2 2.426297e-08
6 216 2 2.087265e-08
7 216 2 1.834162e-08
8 216 2 1.753799e-08
9 216 2 1.819878e-08
10 216 2 2.068462e-08
11 216 2 2.488009e-08
12 216 2 3.197541e-08
1 224 2 4.581500e-08
2 224 2 5.008665e-08
3 224 2 4.370671e-08
4 224 2 3.763803e-08
5 224 2 3.039341e-08
6 224 2 2.582851e-08
7 224 2 2.346495e-08
8 224 2 2.450887e-08
9 224 2 2.520458e-08
10 224 2 2.972759e-08
11 224 2 3.550062e-08
12 224 2 4.235503e-08
1 240 2 2.352591e-09
2 240 2 2.399628e-09
3 240 2 2.194402e-09
4 240 2 1.938001e-09
5 240 2 1.684372e-09
6 240 2 1.452829e-09
7 240 2 1.423358e-09
8 240 2 1.467399e-09
9 240 2 1.428425e-09
10 240 2 1.538265e-09
11 240 2 1.690175e-09
12 240 2 2.094678e-09
