1 7 2 3.585586e-12
2 7 2 3.063127e-12
3 7 2 3.349974e-12
4 7 2 8.658307e-12
5 7 2 2.979078e-11
6 7 2 8.023776e-11
7 7 2 1.085640e-10
8 7 2 7.402000e-11
9 7 2 3.201116e-11
10 7 2 1.403360e-11
11 7 2 7.435195e-12
12 7 2 4.386281e-12
1 25 2 2.017608e-09
2 25 2 1.915710e-09
3 25 2 2.698919e-09
4 25 2 4.924928e-09
5 25 2 1.377758e-08
6 25 2 2.498388e-08
7 25 2 3.028778e-08
8 25 2 2.322538e-08
9 25 2 1.312357e-08
10 25 2 6.141354e-09
11 25 2 2.928269e-09
12 25 2 1.695751e-09
1 26 2 7.318168e-11
2 26 2 6.022922e-11
3 26 2 9.959393e-11
4 26 2 2.223018e-10
5 26 2 6.261900e-10
6 26 2 1.196005e-09
7 26 2 1.297662e-09
8 26 2 9.709150e-10
9 26 2 5.310395e-10
10 26 2 2.137641e-10
11 26 2 1.116830e-10
12 26 2 6.904795e-11
1 27 2 9.238313e-10
2 27 2 8.156602e-10
3 27 2 1.429848e-09
4 27 2 3.641647e-09
5 27 2 1.025515e-08
6 27 2 2.119864e-08
7 27 2 2.390848e-08
8 27 2 1.799528e-08
9 27 2 9.299326e-09
10 27 2 3.492122e-09
11 27 2 1.850700e-09
12 27 2 1.144785e-09
1 28 2 3.724046e-10
2 28 2 3.388982e-10
3 28 2 5.699679e-10
4 28 2 1.549309e-09
5 28 2 4.424224e-09
6 28 2 9.472193e-09
7 28 2 1.129305e-08
8 28 2 8.509443e-09
9 28 2 4.377438e-09
10 28 2 1.704800e-09
11 28 2 8.510608e-10
12 28 2 5.305891e-10
1 29 2 4.991528e-10
2 29 2 4.722001e-10
3 29 2 7.522381e-10
4 29 2 2.261855e-09
5 29 2 6.763941e-09
6 29 2 1.664667e-08
7 29 2 2.267660e-08
8 29 2 1.687155e-08
9 29 2 7.748257e-09
10 29 2 2.871792e-09
11 29 2 1.357508e-09
12 29 2 8.474158e-10
1 30 2 1.130169e-10
2 30 2 9.884033e-11
3 30 2 1.570919e-10
4 30 2 4.808138e-10
5 30 2 1.331929e-09
6 30 2 3.622329e-09
7 30 2 5.250393e-09
8 30 2 4.020786e-09
9 30 2 1.819267e-09
10 30 2 7.120940e-10
11 30 2 3.284693e-10
12 30 2 1.967197e-10
1 31 2 2.021309e-10
2 31 2 1.557589e-10
3 31 2 2.366167e-10
4 31 2 6.585828e-10
5 31 2 1.700780e-09
6 31 2 4.478069e-09
7 31 2 6.315071e-09
8 31 2 5.097369e-09
9 31 2 2.550043e-09
10 31 2 1.167794e-09
11 31 2 5.606837e-10
12 31 2 3.124390e-10
1 32 2 2.387914e-10
2 32 2 1.976733e-10
3 32 2 2.763132e-10
4 32 2 6.139790e-10
5 32 2 1.639855e-09
6 32 2 3.884494e-09
7 32 2 5.011459e-09
8 32 2 4.139691e-09
9 32 2 2.311651e-09
10 32 2 1.191679e-09
11 32 2 6.158110e-10
12 32 2 3.193659e-10
1 35 2 1.684613e-08
2 35 2 1.605183e-08
3 35 2 1.743703e-08
4 35 2 2.323642e-08
5 35 2 3.642619e-08
6 35 2 5.563074e-08
7 35 2 6.694086e-08
8 35 2 6.146944e-08
9 35 2 4.177701e-08
10 35 2 3.020472e-08
11 35 2 2.287846e-08
12 35 2 1.858668e-08
1 36 2 2.023202e-09
2 36 2 1.899393e-09
3 36 2 2.105089e-09
4 36 2 2.528397e-09
5 36 2 3.458002e-09
6 36 2 4.988454e-09
7 36 2 5.874990e-09
8 36 2 5.985011e-09
9 36 2 4.568537e-09
10 36 2 3.579265e-09
11 36 2 2.739519e-09
12 36 2 2.269924e-09
1 37 2 4.665020e-08
2 37 2 4.515091e-08
3 37 2 5.689225e-08
4 37 2 7.315579e-08
5 37 2 1.105976e-07
6 37 2 1.677452e-07
7 37 2 1.950963e-07
8 37 2 1.917843e-07
9 37 2 1.411354e-07
10 37 2 1.058269e-07
11 37 2 7.458796e-08
12 37 2 5.714074e-08
1 38 2 2.409400e-07
2 38 2 2.407240e-07
3 38 2 3.667112e-07
4 38 2 5.437098e-07
5 38 2 9.926731e-07
6 38 2 1.761423e-06
7 38 2 2.088098e-06
8 38 2 1.810988e-06
9 38 2 1.169760e-06
10 38 2 7.995298e-07
11 38 2 4.568671e-07
12 38 2 3.296929e-07
1 39 2 2.587448e-07
2 39 2 2.695600e-07
3 39 2 4.366315e-07
4 39 2 6.741953e-07
5 39 2 1.308162e-06
6 39 2 2.529007e-06
7 39 2 3.140320e-06
8 39 2 2.542458e-06
9 39 2 1.602543e-06
10 39 2 1.011987e-06
11 39 2 5.122457e-07
12 39 2 3.739022e-07
1 40 2 6.413227e-08
2 40 2 7.036422e-08
3 40 2 1.254936e-07
4 40 2 2.110274e-07
5 40 2 4.613165e-07
6 40 2 1.047392e-06
7 40 2 1.310449e-06
8 40 2 9.613122e-07
9 40 2 5.921585e-07
10 40 2 3.190606e-07
11 40 2 1.366763e-07
12 40 2 1.018196e-07
1 41 2 3.417759e-08
2 41 2 3.653755e-08
3 41 2 7.322002e-08
4 41 2 1.304100e-07
5 41 2 3.270875e-07
6 41 2 8.300182e-07
7 41 2 1.073164e-06
8 41 2 7.527123e-07
9 41 2 4.206505e-07
10 41 2 1.823139e-07
11 41 2 7.004009e-08
12 41 2 5.837751e-08
1 42 2 1.851177e-08
2 42 2 1.936368e-08
3 42 2 4.175752e-08
4 42 2 8.237472e-08
5 42 2 2.341775e-07
6 42 2 6.495382e-07
7 42 2 9.092773e-07
8 42 2 6.072298e-07
9 42 2 2.875551e-07
10 42 2 1.029129e-07
11 42 2 3.836788e-08
12 42 2 3.147527e-08
1 43 2 5.187276e-10
2 43 2 5.378536e-10
3 43 2 1.269056e-09
4 43 2 3.096533e-09
5 43 2 1.036466e-08
6 43 2 3.056701e-08
7 43 2 4.468474e-08
8 43 2 2.804998e-08
9 43 2 1.147016e-08
10 43 2 3.521630e-09
11 43 2 1.200952e-09
12 43 2 8.415159e-10
1 44 2 2.141536e-09
2 44 2 2.151761e-09
3 44 2 4.680412e-09
4 44 2 1.265338e-08
5 44 2 4.727263e-08
6 44 2 1.489717e-07
7 44 2 2.177304e-07
8 44 2 1.312901e-07
9 44 2 4.732809e-08
10 44 2 1.402235e-08
11 44 2 4.602177e-09
12 44 2 3.111589e-09
1 45 2 4.926937e-09
2 45 2 5.521657e-09
3 45 2 1.006141e-08
4 45 2 2.967191e-08
5 45 2 1.242602e-07
6 45 2 4.123083e-07
7 45 2 5.768139e-07
8 45 2 3.512213e-07
9 45 2 1.207771e-07
10 45 2 3.083692e-08
11 45 2 8.938295e-09
12 45 2 5.841628e-09
1 46 2 2.232193e-09
2 46 2 2.808154e-09
3 46 2 4.414206e-09
4 46 2 1.225780e-08
5 46 2 4.813588e-08
6 46 2 1.493121e-07
7 46 2 2.088771e-07
8 46 2 1.308848e-07
9 46 2 4.916407e-08
10 46 2 1.191679e-08
11 46 2 3.276395e-09
12 46 2 2.336527e-09
1 47 2 2.932825e-09
2 47 2 3.732424e-09
3 47 2 5.259569e-09
4 47 2 1.178421e-08
5 47 2 4.016647e-08
6 47 2 1.106586e-07
7 47 2 1.500766e-07
8 47 2 1.017627e-07
9 47 2 4.310979e-08
10 47 2 1.329671e-08
11 47 2 3.922878e-09
12 47 2 2.981909e-09
1 48 2 3.969001e-09
2 48 2 4.559342e-09
3 48 2 6.271120e-09
4 48 2 1.224617e-08
5 48 2 3.800223e-08
6 48 2 8.741163e-08
7 48 2 1.161619e-07
8 48 2 8.172658e-08
9 48 2 3.890515e-08
10 48 2 1.450522e-08
11 48 2 5.221696e-09
12 48 2 3.462711e-09
1 49 2 3.802941e-11
2 49 2 3.460341e-11
3 49 2 3.925041e-11
4 49 2 4.593913e-11
5 49 2 6.570275e-11
6 49 2 9.996292e-11
7 49 2 1.490782e-10
8 49 2 1.401871e-10
9 49 2 9.777892e-11
10 49 2 6.997022e-11
11 49 2 5.108393e-11
12 49 2 3.726563e-11
1 50 2 1.551375e-10
2 50 2 1.339146e-10
3 50 2 1.569686e-10
4 50 2 1.789280e-10
5 50 2 2.518286e-10
6 50 2 3.695550e-10
7 50 2 5.100403e-10
8 50 2 4.904868e-10
9 50 2 3.551571e-10
10 50 2 2.531709e-10
11 50 2 1.895442e-10
12 50 2 1.492454e-10
1 51 2 6.473474e-11
2 51 2 5.908060e-11
3 51 2 6.419759e-11
4 51 2 7.410526e-11
5 51 2 1.010073e-10
6 51 2 1.416548e-10
7 51 2 1.845968e-10
8 51 2 1.830640e-10
9 51 2 1.520994e-10
10 51 2 1.069828e-10
11 51 2 8.017968e-11
12 51 2 6.719302e-11
1 52 2 2.556353e-07
2 52 2 2.686946e-07
3 52 2 3.375415e-07
4 52 2 4.920895e-07
5 52 2 8.321881e-07
6 52 2 1.145277e-06
7 52 2 1.469031e-06
8 52 2 1.374047e-06
9 52 2 1.109182e-06
10 52 2 6.336367e-07
11 52 2 3.813873e-07
12 52 2 2.941077e-07
1 53 2 1.217047e-07
2 53 2 1.526949e-07
3 53 2 2.586973e-07
4 53 2 5.646590e-07
5 53 2 1.075283e-06
6 53 2 1.605672e-06
7 53 2 2.228863e-06
8 53 2 1.899251e-06
9 53 2 1.285428e-06
10 53 2 5.669276e-07
11 53 2 2.528650e-07
12 53 2 1.602003e-07
1 54 2 3.589465e-08
2 54 2 4.656454e-08
3 54 2 8.707758e-08
4 54 2 2.163792e-07
5 54 2 4.261996e-07
6 54 2 8.232233e-07
7 54 2 1.169428e-06
8 54 2 9.805952e-07
9 54 2 5.947155e-07
10 54 2 2.529310e-07
11 54 2 1.084178e-07
12 54 2 5.980535e-08
1 55 2 5.021480e-08
2 55 2 5.600290e-08
3 55 2 1.044719e-07
4 55 2 2.446261e-07
5 55 2 4.854375e-07
6 55 2 1.036699e-06
7 55 2 1.441091e-06
8 55 2 1.242816e-06
9 55 2 7.881131e-07
10 55 2 3.778877e-07
11 55 2 1.767992e-07
12 55 2 1.012357e-07
1 56 2 2.161752e-07
2 56 2 2.243426e-07
3 56 2 3.885674e-07
4 56 2 8.664499e-07
5 56 2 1.893944e-06
6 56 2 3.733380e-06
7 56 2 5.161724e-06
8 56 2 4.283970e-06
9 56 2 2.800104e-06
10 56 2 1.442715e-06
11 56 2 6.504296e-07
12 56 2 3.730276e-07
1 57 2 4.454339e-08
2 57 2 4.249881e-08
3 57 2 5.227111e-08
4 57 2 7.933937e-08
5 57 2 1.327472e-07
6 57 2 2.159963e-07
7 57 2 3.075811e-07
8 57 2 2.772057e-07
9 57 2 2.062413e-07
10 57 2 1.324786e-07
11 57 2 8.101139e-08
12 57 2 5.821922e-08
1 60 2 2.042675e-06
2 60 2 1.978147e-06
3 60 2 2.268541e-06
4 60 2 2.690457e-06
5 60 2 3.317119e-06
6 60 2 4.365307e-06
7 60 2 5.082090e-06
8 60 2 5.084227e-06
9 60 2 4.314698e-06
10 60 2 3.522227e-06
11 60 2 2.816958e-06
12 60 2 2.334969e-06
1 61 2 6.473274e-06
2 61 2 6.512211e-06
3 61 2 9.159314e-06
4 61 2 1.379586e-05
5 61 2 2.012395e-05
6 61 2 2.835139e-05
7 61 2 3.355112e-05
8 61 2 3.227896e-05
9 61 2 2.508160e-05
10 61 2 1.706065e-05
11 61 2 1.112970e-05
12 61 2 7.806277e-06
1 62 2 2.069186e-06
2 62 2 2.266245e-06
3 62 2 3.567484e-06
4 62 2 6.458235e-06
5 62 2 1.107726e-05
6 62 2 1.571398e-05
7 62 2 1.921503e-05
8 62 2 1.793653e-05
9 62 2 1.249857e-05
10 62 2 7.453386e-06
11 62 2 4.047518e-06
12 62 2 2.634009e-06
1 63 2 3.317321e-06
2 63 2 4.027086e-06
3 63 2 6.738372e-06
4 63 2 1.417250e-05
5 63 2 2.719936e-05
6 63 2 4.043619e-05
7 63 2 5.170811e-05
8 63 2 4.499619e-05
9 63 2 2.748226e-05
10 63 2 1.500836e-05
11 63 2 6.932472e-06
12 63 2 4.538289e-06
1 64 2 9.470688e-07
2 64 2 1.213294e-06
3 64 2 2.310404e-06
4 64 2 5.472576e-06
5 64 2 1.172053e-05
6 64 2 1.877361e-05
7 64 2 2.379596e-05
8 64 2 1.860313e-05
9 64 2 1.065187e-05
10 64 2 4.708959e-06
11 64 2 2.151763e-06
12 64 2 1.472576e-06
1 65 2 3.201177e-07
2 65 2 3.969479e-07
3 65 2 8.696384e-07
4 65 2 2.452411e-06
5 65 2 5.141924e-06
6 65 2 8.738892e-06
7 65 2 1.132685e-05
8 65 2 8.453743e-06
9 65 2 4.794696e-06
10 65 2 1.701428e-06
11 65 2 7.490020e-07
12 65 2 5.428007e-07
1 66 2 2.120565e-07
2 66 2 2.621680e-07
3 66 2 6.232484e-07
4 66 2 2.044671e-06
5 66 2 4.251456e-06
6 66 2 7.310569e-06
7 66 2 1.008249e-05
8 66 2 7.622376e-06
9 66 2 4.311854e-06
10 66 2 1.428567e-06
11 66 2 5.474482e-07
12 66 2 3.395714e-07
1 67 2 7.166014e-08
2 67 2 9.555547e-08
3 67 2 2.429982e-07
4 67 2 8.976564e-07
5 67 2 2.036730e-06
6 67 2 3.473658e-06
7 67 2 4.856558e-06
8 67 2 3.737519e-06
9 67 2 2.044163e-06
10 67 2 7.517340e-07
11 67 2 2.377040e-07
12 67 2 1.069893e-07
1 68 2 1.728653e-08
2 68 2 2.321116e-08
3 68 2 6.893583e-08
4 68 2 3.168655e-07
5 68 2 8.634989e-07
6 68 2 1.654732e-06
7 68 2 2.372572e-06
8 68 2 1.764562e-06
9 68 2 8.468305e-07
10 68 2 3.111154e-07
11 68 2 7.094533e-08
12 68 2 2.468651e-08
1 69 2 1.045305e-08
2 69 2 1.482048e-08
3 69 2 3.544218e-08
4 69 2 1.554161e-07
5 69 2 4.983489e-07
6 69 2 1.179399e-06
7 69 2 1.727810e-06
8 69 2 1.330064e-06
9 69 2 5.713867e-07
10 69 2 1.857929e-07
11 69 2 3.599996e-08
12 69 2 1.353832e-08
1 70 2 4.393367e-08
2 70 2 5.135006e-08
3 70 2 7.358315e-08
4 70 2 1.919746e-07
5 70 2 4.814114e-07
6 70 2 1.169004e-06
7 70 2 1.892246e-06
8 70 2 1.724601e-06
9 70 2 8.904684e-07
10 70 2 3.174066e-07
11 70 2 9.653616e-08
12 70 2 5.434286e-08
1 71 2 3.717763e-08
2 71 2 3.772659e-08
3 71 2 4.269051e-08
4 71 2 6.850536e-08
5 71 2 1.326694e-07
6 71 2 2.767609e-07
7 71 2 4.247411e-07
8 71 2 4.222992e-07
9 71 2 2.709431e-07
10 71 2 1.290466e-07
11 71 2 6.164885e-08
12 71 2 4.281721e-08
1 72 2 1.563725e-10
2 72 2 1.493493e-10
3 72 2 1.618045e-10
4 72 2 2.063023e-10
5 72 2 3.209911e-10
6 72 2 5.585353e-10
7 72 2 8.651071e-10
8 72 2 8.320302e-10
9 72 2 5.821162e-10
10 72 2 3.529623e-10
11 72 2 2.174734e-10
12 72 2 1.553046e-10
1 76 2 5.420979e-08
2 76 2 4.959639e-08
3 76 2 5.009555e-08
4 76 2 5.449202e-08
5 76 2 7.408283e-08
6 76 2 1.056374e-07
7 76 2 1.416539e-07
8 76 2 1.511707e-07
9 76 2 1.440362e-07
10 76 2 9.618743e-08
11 76 2 6.209303e-08
12 76 2 5.430575e-08
1 77 2 5.529645e-08
2 77 2 7.180200e-08
3 77 2 9.405633e-08
4 77 2 1.520157e-07
5 77 2 2.552405e-07
6 77 2 3.940647e-07
7 77 2 5.354276e-07
8 77 2 5.082076e-07
9 77 2 3.764586e-07
10 77 2 1.901914e-07
11 77 2 8.345653e-08
12 77 2 5.260223e-08
1 78 2 6.041378e-08
2 78 2 8.254691e-08
3 78 2 1.149515e-07
4 78 2 2.061776e-07
5 78 2 3.224023e-07
6 78 2 5.118630e-07
7 78 2 6.318382e-07
8 78 2 5.916398e-07
9 78 2 3.836128e-07
10 78 2 2.034374e-07
11 78 2 1.098606e-07
12 78 2 6.342622e-08
1 79 2 6.511788e-07
2 79 2 7.990072e-07
3 79 2 1.173173e-06
4 79 2 1.945902e-06
5 79 2 2.956365e-06
6 79 2 4.829727e-06
7 79 2 5.918227e-06
8 79 2 5.606470e-06
9 79 2 3.871301e-06
10 79 2 2.336893e-06
11 79 2 1.331441e-06
12 79 2 8.156163e-07
1 80 2 1.410218e-07
2 80 2 1.412972e-07
3 80 2 1.775487e-07
4 80 2 2.400663e-07
5 80 2 3.580375e-07
6 80 2 5.447412e-07
7 80 2 7.014370e-07
8 80 2 6.944110e-07
9 80 2 5.763484e-07
10 80 2 4.040804e-07
11 80 2 2.357244e-07
12 80 2 1.742396e-07
1 81 2 6.727779e-13
2 81 2 6.096989e-13
3 81 2 6.421785e-13
4 81 2 7.614663e-13
5 81 2 1.096505e-12
6 81 2 1.477508e-12
7 81 2 1.971481e-12
8 81 2 2.115355e-12
9 81 2 1.923518e-12
10 81 2 1.475902e-12
11 81 2 9.756276e-13
12 81 2 7.987426e-13
1 84 2 4.710273e-07
2 84 2 4.979943e-07
3 84 2 6.159193e-07
4 84 2 7.783295e-07
5 84 2 1.043505e-06
6 84 2 1.709859e-06
7 84 2 2.290054e-06
8 84 2 2.194440e-06
9 84 2 1.646591e-06
10 84 2 1.039164e-06
11 84 2 6.980865e-07
12 84 2 5.332627e-07
1 85 2 1.106512e-06
2 85 2 1.246020e-06
3 85 2 1.620027e-06
4 85 2 2.353748e-06
5 85 2 3.767838e-06
6 85 2 5.755962e-06
7 85 2 7.963909e-06
8 85 2 7.576136e-06
9 85 2 5.455332e-06
10 85 2 3.009193e-06
11 85 2 1.697058e-06
12 85 2 1.231387e-06
1 86 2 3.388320e-07
2 86 2 3.836287e-07
3 86 2 4.902491e-07
4 86 2 7.120991e-07
5 86 2 1.144484e-06
6 86 2 1.660621e-06
7 86 2 2.281253e-06
8 86 2 2.288715e-06
9 86 2 1.694085e-06
10 86 2 9.823812e-07
11 86 2 5.411439e-07
12 86 2 3.867519e-07
1 87 2 4.759816e-07
2 87 2 6.439483e-07
3 87 2 9.194402e-07
4 87 2 1.453425e-06
5 87 2 2.549841e-06
6 87 2 3.832735e-06
7 87 2 5.196003e-06
8 87 2 5.294553e-06
9 87 2 3.838576e-06
10 87 2 2.161220e-06
11 87 2 9.495830e-07
12 87 2 5.772021e-07
1 88 2 1.735313e-07
2 88 2 2.464284e-07
3 88 2 3.864361e-07
4 88 2 7.332212e-07
5 88 2 1.504786e-06
6 88 2 2.365110e-06
7 88 2 3.028853e-06
8 88 2 2.656541e-06
9 88 2 1.716657e-06
10 88 2 8.112603e-07
11 88 2 4.159079e-07
12 88 2 2.310216e-07
1 89 2 1.401174e-07
2 89 2 1.949551e-07
3 89 2 3.700188e-07
4 89 2 6.959422e-07
5 89 2 1.388833e-06
6 89 2 2.074755e-06
7 89 2 2.420335e-06
8 89 2 2.119636e-06
9 89 2 1.383286e-06
10 89 2 6.582650e-07
11 89 2 3.622104e-07
12 89 2 2.004849e-07
1 90 2 7.631269e-08
2 90 2 1.005776e-07
3 90 2 1.995855e-07
4 90 2 3.582134e-07
5 90 2 5.500158e-07
6 90 2 7.280382e-07
7 90 2 8.176318e-07
8 90 2 7.565359e-07
9 90 2 5.513309e-07
10 90 2 3.288454e-07
11 90 2 1.813100e-07
12 90 2 1.032158e-07
1 91 2 2.768466e-10
2 91 2 3.917257e-10
3 91 2 8.184017e-10
4 91 2 1.546522e-09
5 91 2 2.282425e-09
6 91 2 2.901175e-09
7 91 2 3.257598e-09
8 91 2 2.987530e-09
9 91 2 2.148096e-09
10 91 2 1.329676e-09
11 91 2 6.891437e-10
12 91 2 3.537764e-10
1 92 2 1.485335e-09
2 92 2 2.121710e-09
3 92 2 5.318592e-09
4 92 2 1.268893e-08
5 92 2 2.392947e-08
6 92 2 3.666838e-08
7 92 2 4.401545e-08
8 92 2 4.006111e-08
9 92 2 2.506262e-08
10 92 2 1.331998e-08
11 92 2 5.224104e-09
12 92 2 2.242580e-09
1 93 2 3.554860e-07
2 93 2 4.289256e-07
3 93 2 8.818939e-07
4 93 2 2.055352e-06
5 93 2 3.666632e-06
6 93 2 5.818687e-06
7 93 2 7.805464e-06
8 93 2 7.673437e-06
9 93 2 5.161192e-06
10 93 2 2.972219e-06
11 93 2 1.272866e-06
12 93 2 5.301743e-07
1 94 2 4.318068e-07
2 94 2 4.296299e-07
3 94 2 5.736597e-07
4 94 2 1.016631e-06
5 94 2 1.735327e-06
6 94 2 2.732485e-06
7 94 2 3.774917e-06
8 94 2 4.113823e-06
9 94 2 3.388619e-06
10 94 2 2.045364e-06
11 94 2 1.097797e-06
12 94 2 5.998102e-07
1 98 2 6.866114e-09
2 98 2 6.391441e-09
3 98 2 6.018532e-09
4 98 2 6.408003e-09
5 98 2 7.272644e-09
6 98 2 8.322056e-09
7 98 2 9.360603e-09
8 98 2 9.865619e-09
9 98 2 9.735158e-09
10 98 2 9.202324e-09
11 98 2 8.277426e-09
12 98 2 7.532545e-09
1 101 2 2.703957e-08
2 101 2 2.778408e-08
3 101 2 2.847148e-08
4 101 2 3.510965e-08
5 101 2 4.515171e-08
6 101 2 5.271933e-08
7 101 2 5.627487e-08
8 101 2 5.638939e-08
9 101 2 5.421088e-08
10 101 2 4.648027e-08
11 101 2 3.574206e-08
12 101 2 2.866768e-08
1 102 2 1.733241e-07
2 102 2 1.959189e-07
3 102 2 2.407880e-07
4 102 2 3.011774e-07
5 102 2 3.485335e-07
6 102 2 3.804868e-07
7 102 2 3.912011e-07
8 102 2 3.961443e-07
9 102 2 3.570366e-07
10 102 2 2.750614e-07
11 102 2 2.207712e-07
12 102 2 1.809494e-07
1 103 2 9.679733e-08
2 103 2 9.878248e-08
3 103 2 1.076605e-07
4 103 2 1.216523e-07
5 103 2 1.416738e-07
6 103 2 1.621275e-07
7 103 2 1.754014e-07
8 103 2 1.840799e-07
9 103 2 1.805443e-07
10 103 2 1.577800e-07
11 103 2 1.297988e-07
12 103 2 1.079234e-07
1 104 2 4.540407e-08
2 104 2 4.356860e-08
3 104 2 4.404200e-08
4 104 2 4.828570e-08
5 104 2 5.646102e-08
6 104 2 6.479175e-08
7 104 2 7.271744e-08
8 104 2 7.855256e-08
9 104 2 7.918485e-08
10 104 2 7.397432e-08
11 104 2 6.085054e-08
12 104 2 5.038418e-08
1 107 2 1.654659e-08
2 107 2 1.745636e-08
3 107 2 2.038092e-08
4 107 2 2.335429e-08
5 107 2 2.619037e-08
6 107 2 3.352996e-08
7 107 2 3.664967e-08
8 107 2 3.650138e-08
9 107 2 3.417075e-08
10 107 2 2.922802e-08
11 107 2 2.323521e-08
12 107 2 1.817081e-08
1 108 2 2.200541e-09
2 108 2 2.812294e-09
3 108 2 4.085158e-09
4 108 2 6.327018e-09
5 108 2 9.821221e-09
6 108 2 1.347993e-08
7 108 2 1.442986e-08
8 108 2 1.275296e-08
9 108 2 1.031916e-08
10 108 2 7.119504e-09
11 108 2 3.708539e-09
12 108 2 2.360847e-09
1 109 2 4.177230e-09
2 109 2 5.517513e-09
3 109 2 8.629746e-09
4 109 2 1.497619e-08
5 109 2 2.551618e-08
6 109 2 3.216444e-08
7 109 2 3.268198e-08
8 109 2 3.004392e-08
9 109 2 2.412612e-08
10 109 2 1.692844e-08
11 109 2 7.529347e-09
12 109 2 4.398365e-09
1 110 2 1.839420e-09
2 110 2 2.343070e-09
3 110 2 3.763089e-09
4 110 2 5.825115e-09
5 110 2 9.034519e-09
6 110 2 1.046241e-08
7 110 2 1.124810e-08
8 110 2 1.112428e-08
9 110 2 9.366386e-09
10 110 2 6.828688e-09
11 110 2 3.303069e-09
12 110 2 1.944222e-09
1 111 2 6.313975e-08
2 111 2 7.896942e-08
3 111 2 1.278498e-07
4 111 2 1.937670e-07
5 111 2 2.928505e-07
6 111 2 3.755745e-07
7 111 2 3.970104e-07
8 111 2 3.932235e-07
9 111 2 3.348641e-07
10 111 2 2.179804e-07
11 111 2 1.174244e-07
12 111 2 7.172500e-08
1 112 2 7.270443e-08
2 112 2 9.374348e-08
3 112 2 1.644528e-07
4 112 2 2.734753e-07
5 112 2 4.158654e-07
6 112 2 5.067811e-07
7 112 2 5.161429e-07
8 112 2 4.810985e-07
9 112 2 3.672658e-07
10 112 2 2.438180e-07
11 112 2 1.399261e-07
12 112 2 8.601113e-08
1 113 2 4.169628e-08
2 113 2 5.282530e-08
3 113 2 8.874683e-08
4 113 2 1.327128e-07
5 113 2 1.633158e-07
6 113 2 1.425988e-07
7 113 2 1.223582e-07
8 113 2 1.168621e-07
9 113 2 1.155821e-07
10 113 2 1.055375e-07
11 113 2 7.381687e-08
12 113 2 4.985665e-08
1 114 2 1.136753e-07
2 114 2 1.541495e-07
3 114 2 2.746436e-07
4 114 2 4.003437e-07
5 114 2 4.618789e-07
6 114 2 3.381214e-07
7 114 2 2.792653e-07
8 114 2 2.559805e-07
9 114 2 2.470303e-07
10 114 2 2.210967e-07
11 114 2 1.685468e-07
12 114 2 1.248488e-07
1 115 2 3.887606e-08
2 115 2 5.656119e-08
3 115 2 8.965870e-08
4 115 2 1.111398e-07
5 115 2 9.925310e-08
6 115 2 9.215324e-08
7 115 2 8.888009e-08
8 115 2 8.527416e-08
9 115 2 7.842678e-08
10 115 2 7.008634e-08
11 115 2 5.324057e-08
12 115 2 3.819611e-08
1 116 2 2.820034e-08
2 116 2 3.609988e-08
3 116 2 5.520532e-08
4 116 2 7.814111e-08
5 116 2 9.088304e-08
6 116 2 1.034927e-07
7 116 2 1.085000e-07
8 116 2 1.038586e-07
9 116 2 8.413704e-08
10 116 2 6.726568e-08
11 116 2 4.886720e-08
12 116 2 3.219161e-08
1 117 2 1.448925e-08
2 117 2 1.513040e-08
3 117 2 1.910831e-08
4 117 2 2.615681e-08
5 117 2 3.330858e-08
6 117 2 3.946330e-08
7 117 2 4.201280e-08
8 117 2 4.195770e-08
9 117 2 3.828386e-08
10 117 2 3.277330e-08
11 117 2 2.645664e-08
12 117 2 1.911194e-08
1 126 2 4.966418e-10
2 126 2 5.162083e-10
3 126 2 5.594993e-10
4 126 2 5.907971e-10
5 126 2 5.837130e-10
6 126 2 5.424958e-10
7 126 2 5.229345e-10
8 126 2 5.280435e-10
9 126 2 5.252481e-10
10 126 2 5.161403e-10
11 126 2 5.043331e-10
12 126 2 4.966971e-10
1 127 2 5.024565e-08
2 127 2 5.110085e-08
3 127 2 5.393586e-08
4 127 2 5.599688e-08
5 127 2 5.675976e-08
6 127 2 5.497901e-08
7 127 2 5.499419e-08
8 127 2 5.625622e-08
9 127 2 5.565652e-08
10 127 2 5.342593e-08
11 127 2 5.177635e-08
12 127 2 5.113545e-08
1 128 2 2.275731e-07
2 128 2 2.337155e-07
3 128 2 2.399238e-07
4 128 2 2.342064e-07
5 128 2 2.278251e-07
6 128 2 2.209815e-07
7 128 2 2.355255e-07
8 128 2 2.677934e-07
9 128 2 2.815823e-07
10 128 2 2.659678e-07
11 128 2 2.418589e-07
12 128 2 2.278792e-07
1 129 2 6.487675e-09
2 129 2 6.398599e-09
3 129 2 6.559978e-09
4 129 2 6.750218e-09
5 129 2 6.854372e-09
6 129 2 7.039800e-09
7 129 2 7.355896e-09
8 129 2 8.017914e-09
9 129 2 8.377031e-09
10 129 2 8.413936e-09
11 129 2 7.682212e-09
12 129 2 6.824710e-09
1 133 2 1.394112e-07
2 133 2 1.620862e-07
3 133 2 1.945757e-07
4 133 2 1.997778e-07
5 133 2 1.905676e-07
6 133 2 1.751573e-07
7 133 2 1.563296e-07
8 133 2 1.463849e-07
9 133 2 1.526468e-07
10 133 2 1.625747e-07
11 133 2 1.550989e-07
12 133 2 1.357116e-07
1 135 2 6.027813e-09
2 135 2 6.791235e-09
3 135 2 8.076331e-09
4 135 2 8.697833e-09
5 135 2 8.357783e-09
6 135 2 7.455998e-09
7 135 2 6.441244e-09
8 135 2 6.505706e-09
9 135 2 6.913056e-09
10 135 2 6.501328e-09
11 135 2 6.231465e-09
12 135 2 5.853610e-09
1 136 2 6.745765e-09
2 136 2 6.942757e-09
3 136 2 8.586015e-09
4 136 2 1.043798e-08
5 136 2 1.143006e-08
6 136 2 1.042857e-08
7 136 2 9.228069e-09
8 136 2 9.206903e-09
9 136 2 9.254491e-09
10 136 2 8.705680e-09
11 136 2 8.231175e-09
12 136 2 7.309386e-09
1 137 2 1.641225e-09
2 137 2 1.721814e-09
3 137 2 1.974095e-09
4 137 2 2.169241e-09
5 137 2 2.141172e-09
6 137 2 1.970093e-09
7 137 2 1.822546e-09
8 137 2 1.758575e-09
9 137 2 1.759680e-09
10 137 2 1.833180e-09
11 137 2 1.812443e-09
12 137 2 1.708972e-09
1 138 2 6.556793e-08
2 138 2 7.210239e-08
3 138 2 8.364943e-08
4 138 2 9.309661e-08
5 138 2 9.392877e-08
6 138 2 8.255395e-08
7 138 2 7.647832e-08
8 138 2 7.375386e-08
9 138 2 7.395510e-08
10 138 2 7.438604e-08
11 138 2 7.215587e-08
12 138 2 6.691853e-08
1 139 2 1.106326e-07
2 139 2 1.259901e-07
3 139 2 1.407815e-07
4 139 2 1.477602e-07
5 139 2 1.456779e-07
6 139 2 1.356657e-07
7 139 2 1.283603e-07
8 139 2 1.235679e-07
9 139 2 1.219663e-07
10 139 2 1.229132e-07
11 139 2 1.169613e-07
12 139 2 1.070624e-07
1 140 2 3.665399e-08
2 140 2 3.790159e-08
3 140 2 4.116406e-08
4 140 2 4.663821e-08
5 140 2 4.952310e-08
6 140 2 4.756703e-08
7 140 2 4.503824e-08
8 140 2 4.343900e-08
9 140 2 4.280574e-08
10 140 2 4.304231e-08
11 140 2 4.213323e-08
12 140 2 3.928104e-08
1 141 2 5.751476e-08
2 141 2 5.691965e-08
3 141 2 5.854998e-08
4 141 2 6.425811e-08
5 141 2 6.934303e-08
6 141 2 6.856893e-08
7 141 2 6.671474e-08
8 141 2 6.469302e-08
9 141 2 6.414474e-08
10 141 2 6.429554e-08
11 141 2 6.493729e-08
12 141 2 6.304904e-08
1 150 2 6.675524e-11
2 150 2 7.307410e-11
3 150 2 7.821752e-11
4 150 2 7.998381e-11
5 150 2 7.484046e-11
6 150 2 6.600592e-11
7 150 2 6.021581e-11
8 150 2 5.876173e-11
9 150 2 5.686198e-11
10 150 2 5.556828e-11
11 150 2 5.664866e-11
12 150 2 6.027255e-11
1 151 2 4.314603e-08
2 151 2 4.589083e-08
3 151 2 4.865789e-08
4 151 2 4.980522e-08
5 151 2 4.819002e-08
6 151 2 4.536173e-08
7 151 2 4.435943e-08
8 151 2 4.607206e-08
9 151 2 4.386469e-08
10 151 2 4.116248e-08
11 151 2 3.995549e-08
12 151 2 4.095227e-08
1 152 2 3.419487e-08
2 152 2 3.463689e-08
3 152 2 3.495753e-08
4 152 2 3.321869e-08
5 152 2 3.193206e-08
6 152 2 3.136177e-08
7 152 2 3.585488e-08
8 152 2 4.780817e-08
9 152 2 5.075360e-08
10 152 2 4.325777e-08
11 152 2 3.709533e-08
12 152 2 3.430556e-08
1 153 2 3.963009e-08
2 153 2 4.059138e-08
3 153 2 4.282670e-08
4 153 2 4.200735e-08
5 153 2 4.056656e-08
6 153 2 3.982823e-08
7 153 2 4.649220e-08
8 153 2 6.075693e-08
9 153 2 7.389736e-08
10 153 2 6.604906e-08
11 153 2 4.996273e-08
12 153 2 4.168714e-08
1 154 2 1.078928e-07
2 154 2 1.073074e-07
3 154 2 1.116671e-07
4 154 2 1.069978e-07
5 154 2 1.000527e-07
6 154 2 8.999856e-08
7 154 2 8.498228e-08
8 154 2 8.852875e-08
9 154 2 9.981499e-08
10 154 2 1.121742e-07
11 154 2 1.182191e-07
12 154 2 1.143122e-07
1 157 2 4.300353e-09
2 157 2 4.465487e-09
3 157 2 4.780944e-09
4 157 2 4.713593e-09
5 157 2 4.594399e-09
6 157 2 4.319525e-09
7 157 2 4.121442e-09
8 157 2 4.079899e-09
9 157 2 4.050410e-09
10 157 2 4.121034e-09
11 157 2 4.150579e-09
12 157 2 4.204745e-09
1 163 2 2.001040e-08
2 163 2 2.027851e-08
3 163 2 2.088027e-08
4 163 2 2.213322e-08
5 163 2 2.215482e-08
6 163 2 2.048300e-08
7 163 2 1.893647e-08
8 163 2 1.778171e-08
9 163 2 1.803634e-08
10 163 2 1.908175e-08
11 163 2 1.982769e-08
12 163 2 1.998305e-08
1 164 2 7.568383e-08
2 164 2 7.503671e-08
3 164 2 7.712548e-08
4 164 2 8.072348e-08
5 164 2 7.977392e-08
6 164 2 7.378472e-08
7 164 2 6.829427e-08
8 164 2 6.671093e-08
9 164 2 7.143381e-08
10 164 2 7.825890e-08
11 164 2 7.983937e-08
12 164 2 7.850986e-08
1 165 2 3.302188e-08
2 165 2 3.236378e-08
3 165 2 3.277064e-08
4 165 2 3.349548e-08
5 165 2 3.312783e-08
6 165 2 3.048230e-08
7 165 2 2.874064e-08
8 165 2 2.909074e-08
9 165 2 3.100759e-08
10 165 2 3.315383e-08
11 165 2 3.487645e-08
12 165 2 3.491753e-08
1 166 2 1.441407e-08
2 166 2 1.427017e-08
3 166 2 1.403441e-08
4 166 2 1.396856e-08
5 166 2 1.351118e-08
6 166 2 1.249559e-08
7 166 2 1.179962e-08
8 166 2 1.188766e-08
9 166 2 1.233256e-08
10 166 2 1.297295e-08
11 166 2 1.398674e-08
12 166 2 1.469147e-08
1 170 2 6.630710e-10
2 170 2 7.292467e-10
3 170 2 7.164809e-10
4 170 2 6.512429e-10
5 170 2 5.426798e-10
6 170 2 4.562989e-10
7 170 2 4.315874e-10
8 170 2 4.120270e-10
9 170 2 4.189569e-10
10 170 2 4.665055e-10
11 170 2 5.147020e-10
12 170 2 5.927112e-10
1 171 2 2.375424e-09
2 171 2 2.607533e-09
3 171 2 2.639101e-09
4 171 2 2.347965e-09
5 171 2 1.953243e-09
6 171 2 1.673837e-09
7 171 2 1.519664e-09
8 171 2 1.439929e-09
9 171 2 1.460909e-09
10 171 2 1.589061e-09
11 171 2 1.813661e-09
12 171 2 2.142665e-09
1 175 2 6.837192e-11
2 175 2 7.228505e-11
3 175 2 7.249239e-11
4 175 2 6.789775e-11
5 175 2 5.899246e-11
6 175 2 5.375708e-11
7 175 2 5.264167e-11
8 175 2 5.219721e-11
9 175 2 4.854910e-11
10 175 2 4.907627e-11
11 175 2 5.130878e-11
12 175 2 5.985198e-11
1 176 2 2.731933e-07
2 176 2 2.752416e-07
3 176 2 2.694606e-07
4 176 2 2.379923e-07
5 176 2 1.925251e-07
6 176 2 1.744639e-07
7 176 2 1.741457e-07
8 176 2 1.986771e-07
9 176 2 2.163799e-07
10 176 2 2.309301e-07
11 176 2 2.465006e-07
12 176 2 2.618442e-07
1 177 2 2.867546e-07
2 177 2 2.786472e-07
3 177 2 2.630949e-07
4 177 2 2.300590e-07
5 177 2 1.881255e-07
6 177 2 1.606433e-07
7 177 2 1.671469e-07
8 177 2 2.002727e-07
9 177 2 2.517115e-07
10 177 2 2.617703e-07
11 177 2 2.670799e-07
12 177 2 2.676256e-07
1 178 2 7.905097e-08
2 178 2 7.812708e-08
3 178 2 7.489052e-08
4 178 2 6.277029e-08
5 178 2 5.465438e-08
6 178 2 4.619511e-08
7 178 2 4.399792e-08
8 178 2 4.432174e-08
9 178 2 5.054782e-08
10 178 2 5.438802e-08
11 178 2 6.142818e-08
12 178 2 6.819819e-08
1 181 2 9.657051e-10
2 181 2 1.019998e-09
3 181 2 1.034044e-09
4 181 2 9.886846e-10
5 181 2 8.153566e-10
6 181 2 7.050362e-10
7 181 2 6.233971e-10
8 181 2 6.379961e-10
9 181 2 6.912041e-10
10 181 2 7.484450e-10
11 181 2 8.476237e-10
12 181 2 9.024740e-10
1 182 2 1.153134e-07
2 182 2 1.065852e-07
3 182 2 1.005050e-07
4 182 2 8.395560e-08
5 182 2 6.574471e-08
6 182 2 4.917311e-08
7 182 2 4.875503e-08
8 182 2 6.775116e-08
9 182 2 9.401202e-08
10 182 2 1.153024e-07
11 182 2 1.274329e-07
12 182 2 1.223167e-07
1 183 2 2.449533e-08
2 183 2 2.353187e-08
3 183 2 2.246559e-08
4 183 2 2.037015e-08
5 183 2 1.713909e-08
6 183 2 1.391041e-08
7 183 2 1.294217e-08
8 183 2 1.536833e-08
9 183 2 1.786918e-08
10 183 2 2.113923e-08
11 183 2 2.301420e-08
12 183 2 2.367159e-08
1 184 2 7.651811e-09
2 184 2 7.753257e-09
3 184 2 7.508907e-09
4 184 2 6.757531e-09
5 184 2 5.617853e-09
6 184 2 4.540285e-09
7 184 2 4.094195e-09
8 184 2 4.275987e-09
9 184 2 4.529693e-09
10 184 2 5.201782e-09
11 184 2 6.086435e-09
12 184 2 6.937189e-09
1 188 2 1.268065e-09
2 188 2 1.257009e-09
3 188 2 1.165135e-09
4 188 2 9.514119e-10
5 188 2 6.724199e-10
6 188 2 5.114664e-10
7 188 2 4.401126e-10
8 188 2 4.476944e-10
9 188 2 6.063996e-10
10 188 2 7.968946e-10
11 188 2 9.490223e-10
12 188 2 1.183686e-09
1 189 2 1.106379e-09
2 189 2 1.022517e-09
3 189 2 9.275140e-10
4 189 2 6.855707e-10
5 189 2 4.539092e-10
6 189 2 3.209875e-10
7 189 2 3.051905e-10
8 189 2 3.748750e-10
9 189 2 6.030520e-10
10 189 2 8.586578e-10
11 189 2 1.044414e-09
12 189 2 1.091408e-09
1 190 2 4.527737e-09
2 190 2 4.290114e-09
3 190 2 3.723828e-09
4 190 2 2.637510e-09
5 190 2 1.840190e-09
6 190 2 1.334953e-09
7 190 2 1.254338e-09
8 190 2 1.512101e-09
9 190 2 2.123915e-09
10 190 2 2.895409e-09
11 190 2 3.793910e-09
12 190 2 4.256697e-09
1 191 2 3.485455e-09
2 191 2 3.611852e-09
3 191 2 3.510738e-09
4 191 2 2.900264e-09
5 191 2 2.384941e-09
6 191 2 1.959187e-09
7 191 2 1.722455e-09
8 191 2 1.749303e-09
9 191 2 1.908525e-09
10 191 2 2.142124e-09
11 191 2 2.634588e-09
12 191 2 3.099568e-09
1 192 2 4.575787e-09
2 192 2 4.945153e-09
3 192 2 4.818106e-09
4 192 2 4.171758e-09
5 192 2 3.525765e-09
6 192 2 3.002047e-09
7 192 2 2.638202e-09
8 192 2 2.451509e-09
9 192 2 2.524188e-09
10 192 2 2.771847e-09
11 192 2 3.308869e-09
12 192 2 3.973228e-09
1 200 2 1.382535e-06
2 200 2 1.422285e-06
3 200 2 1.163117e-06
4 200 2 7.689034e-07
5 200 2 5.032858e-07
6 200 2 4.098797e-07
7 200 2 3.894070e-07
8 200 2 4.199423e-07
9 200 2 4.651605e-07
10 200 2 5.947303e-07
11 200 2 8.264655e-07
12 200 2 1.138701e-06
1 201 2 8.109172e-07
2 201 2 8.366986e-07
3 201 2 7.659478e-07
4 201 2 5.895719e-07
5 201 2 4.442988e-07
6 201 2 3.675806e-07
7 201 2 3.473843e-07
8 201 2 3.593375e-07
9 201 2 3.556366e-07
10 201 2 4.231614e-07
11 201 2 5.394171e-07
12 201 2 6.718273e-07
1 206 2 7.664424e-08
2 206 2 8.278576e-08
3 206 2 7.489896e-08
4 206 2 6.391470e-08
5 206 2 5.285712e-08
6 206 2 4.608695e-08
7 206 2 3.952854e-08
8 206 2 3.881203e-08
9 206 2 4.201361e-08
10 206 2 4.755704e-08
11 206 2 5.574782e-08
12 206 2 6.567671e-08
1 207 2 2.905372e-09
2 207 2 3.172301e-09
3 207 2 3.008543e-09
4 207 2 2.727999e-09
5 207 2 2.419333e-09
6 207 2 2.075051e-09
7 207 2 1.828971e-09
8 207 2 1.801071e-09
9 207 2 1.817165e-09
10 207 2 2.001542e-09
11 207 2 2.157069e-09
12 207 2 2.467553e-09
1 212 2 1.784704e-09
2 212 2 1.905062e-09
3 212 2 1.690929e-09
4 212 2 1.421548e-09
5 212 2 1.107984e-09
6 212 2 8.942354e-10
7 212 2 7.422659e-10
8 212 2 7.173932e-10
9 212 2 8.147626e-10
10 212 2 9.613817e-10
11 212 2 1.140366e-09
12 212 2 1.507782e-09
1 213 2 3.886042e-10
2 213 2 4.247152e-10
3 213 2 3.599294e-10
4 213 2 3.045774e-10
5 213 2 2.350221e-10
6 213 2 1.811690e-10
7 213 2 1.537594e-10
8 213 2 1.501064e-10
9 213 2 1.808095e-10
10 213 2 2.228269e-10
11 213 2 2.736286e-10
12 213 2 3.348442e-10
1 214 2 1.381837e-08
2 214 2 1.464920e-08
3 214 2 1.176972e-08
4 214 2 8.741784e-09
5 214 2 6.461782e-09
6 214 2 4.762038e-09
7 214 2 4.123997e-09
8 214 2 4.251529e-09
9 214 2 5.366648e-09
10 214 2 7.194843e-09
11 214 2 9.849080e-09
12 214 2 1.194522e-08
1 215 2 5.121297e-09
2 215 2 5.267937e-09
3 215 2 4.911544e-09
4 215 2 3.914293e-09
5 215 2 3.179405e-09
6 215 2 2.554585e-09
7 215 2 2.207515e-09
8 215 2 2.212944e-09
9 215 2 2.488604e-09
10 215 2 2.960639e-09
11 215 2 3.727852e-09
12 215 2 4.503450e-09
1 216 2 3.357322e-08
2 216 2 3.505291e-08
3 216 2 3.287099e-08
4 216 2 2.672221e-08
5 216 2 2.139761e-08
6 216 2 1.840767e-08
7 216 2 1.617555e-08
8 216 2 1.546682e-08
9 216 2 1.604957e-08
10 216 2 1.824184e-08
11 216 2 2.194185e-08
12 216 2 2.819924e-08
1 224 2 4.046272e-08
2 224 2 4.423534e-08
3 224 2 3.860073e-08
4 224 2 3.324102e-08
5 224 2 2.684274e-08
6 224 2 2.281113e-08
7 224 2 2.072369e-08
8 224 2 2.164565e-08
9 224 2 2.226009e-08
10 224 2 2.625470e-08
11 224 2 3.135330e-08
12 224 2 3.740696e-08
1 240 2 2.074763e-09
2 240 2 2.116245e-09
3 240 2 1.935254e-09
4 240 2 1.709133e-09
5 240 2 1.485456e-09
6 240 2 1.281258e-09
7 240 2 1.255267e-09
8 240 2 1.294107e-09
9 240 2 1.259736e-09
10 240 2 1.356604e-09
11 240 2 1.490574e-09
12 240 2 1.847307e-09
