1 7 2 3.239428e-12
2 7 2 2.767407e-12
3 7 2 3.026561e-12
4 7 2 7.822419e-12
5 7 2 2.691472e-11
6 7 2 7.249146e-11
7 7 2 9.808308e-11
8 7 2 6.687397e-11
9 7 2 2.892075e-11
10 7 2 1.267877e-11
11 7 2 6.717388e-12
12 7 2 3.962821e-12
1 25 2 1.823817e-09
2 25 2 1.731707e-09
3 25 2 2.439689e-09
4 25 2 4.451890e-09
5 25 2 1.245424e-08
6 25 2 2.258419e-08
7 25 2 2.737865e-08
8 25 2 2.099459e-08
9 25 2 1.186305e-08
10 25 2 5.551478e-09
11 25 2 2.647009e-09
12 25 2 1.532875e-09
1 26 2 6.066539e-11
2 26 2 4.992819e-11
3 26 2 8.256034e-11
4 26 2 1.842815e-10
5 26 2 5.190925e-10
6 26 2 9.914521e-10
7 26 2 1.075723e-09
8 26 2 8.048590e-10
9 26 2 4.402156e-10
10 26 2 1.772040e-10
11 26 2 9.258182e-11
12 26 2 5.723865e-11
1 27 2 8.126700e-10
2 27 2 7.175147e-10
3 27 2 1.257800e-09
4 27 2 3.203461e-09
5 27 2 9.021185e-09
6 27 2 1.864789e-08
7 27 2 2.103166e-08
8 27 2 1.582998e-08
9 27 2 8.180372e-09
10 27 2 3.071927e-09
11 27 2 1.628012e-09
12 27 2 1.007037e-09
1 28 2 3.366227e-10
2 28 2 3.063357e-10
3 28 2 5.152035e-10
4 28 2 1.400446e-09
5 28 2 3.999130e-09
6 28 2 8.562073e-09
7 28 2 1.020798e-08
8 28 2 7.691828e-09
9 28 2 3.956840e-09
10 28 2 1.540997e-09
11 28 2 7.692880e-10
12 28 2 4.796084e-10
1 29 2 4.515176e-10
2 29 2 4.271370e-10
3 29 2 6.804504e-10
4 29 2 2.046001e-09
5 29 2 6.118444e-09
6 29 2 1.505804e-08
7 29 2 2.051252e-08
8 29 2 1.526146e-08
9 29 2 7.008824e-09
10 29 2 2.597731e-09
11 29 2 1.227958e-09
12 29 2 7.665450e-10
1 30 2 1.023414e-10
2 30 2 8.950392e-11
3 30 2 1.422530e-10
4 30 2 4.353964e-10
5 30 2 1.206116e-09
6 30 2 3.280165e-09
7 30 2 4.754444e-09
8 30 2 3.640984e-09
9 30 2 1.647420e-09
10 30 2 6.448300e-10
11 30 2 2.974423e-10
12 30 2 1.781377e-10
1 31 2 1.827253e-10
2 31 2 1.408052e-10
3 31 2 2.139002e-10
4 31 2 5.953553e-10
5 31 2 1.537496e-09
6 31 2 4.048150e-09
7 31 2 5.708790e-09
8 31 2 4.607994e-09
9 31 2 2.305225e-09
10 31 2 1.055679e-09
11 31 2 5.068550e-10
12 31 2 2.824431e-10
1 32 2 2.159549e-10
2 32 2 1.787691e-10
3 32 2 2.498884e-10
4 32 2 5.552619e-10
5 32 2 1.483030e-09
6 32 2 3.513006e-09
7 32 2 4.532195e-09
8 32 2 3.743797e-09
9 32 2 2.090579e-09
10 32 2 1.077714e-09
11 32 2 5.569188e-10
12 32 2 2.888238e-10
1 35 2 1.523650e-08
2 35 2 1.451809e-08
3 35 2 1.577094e-08
4 35 2 2.101621e-08
5 35 2 3.294571e-08
6 35 2 5.031529e-08
7 35 2 6.054474e-08
8 35 2 5.559611e-08
9 35 2 3.778526e-08
10 35 2 2.731869e-08
11 35 2 2.069245e-08
12 35 2 1.681074e-08
1 36 2 1.828565e-09
2 36 2 1.716667e-09
3 36 2 1.902574e-09
4 36 2 2.285159e-09
5 36 2 3.125334e-09
6 36 2 4.508552e-09
7 36 2 5.309801e-09
8 36 2 5.409238e-09
9 36 2 4.129032e-09
10 36 2 3.234931e-09
11 36 2 2.475970e-09
12 36 2 2.051551e-09
1 37 2 4.212911e-08
2 37 2 4.077512e-08
3 37 2 5.137855e-08
4 37 2 6.606592e-08
5 37 2 9.987905e-08
6 37 2 1.514882e-07
7 37 2 1.761886e-07
8 37 2 1.731976e-07
9 37 2 1.274573e-07
10 37 2 9.557068e-08
11 37 2 6.735929e-08
12 37 2 5.160296e-08
1 38 2 2.177559e-07
2 38 2 2.175607e-07
3 38 2 3.314250e-07
4 38 2 4.913922e-07
5 38 2 8.971548e-07
6 38 2 1.591933e-06
7 38 2 1.887174e-06
8 38 2 1.636729e-06
9 38 2 1.057202e-06
10 38 2 7.225963e-07
11 38 2 4.129058e-07
12 38 2 2.979687e-07
1 39 2 2.338986e-07
2 39 2 2.436752e-07
3 39 2 3.947035e-07
4 39 2 6.094551e-07
5 39 2 1.182545e-06
6 39 2 2.286157e-06
7 39 2 2.838768e-06
8 39 2 2.298316e-06
9 39 2 1.448657e-06
10 39 2 9.148096e-07
11 39 2 4.630568e-07
12 39 2 3.379980e-07
1 40 2 5.798475e-08
2 40 2 6.361933e-08
3 40 2 1.134642e-07
4 40 2 1.907990e-07
5 40 2 4.170962e-07
6 40 2 9.469920e-07
7 40 2 1.184833e-06
8 40 2 8.691639e-07
9 40 2 5.353961e-07
10 40 2 2.884765e-07
11 40 2 1.235750e-07
12 40 2 9.205949e-08
1 41 2 3.087597e-08
2 41 2 3.300796e-08
3 41 2 6.614684e-08
4 41 2 1.178122e-07
5 41 2 2.954903e-07
6 41 2 7.498370e-07
7 41 2 9.694946e-07
8 41 2 6.799991e-07
9 41 2 3.800150e-07
10 41 2 1.647020e-07
11 41 2 6.327410e-08
12 41 2 5.273815e-08
1 42 2 1.671056e-08
2 42 2 1.747958e-08
3 42 2 3.769447e-08
4 42 2 7.435959e-08
5 42 2 2.113918e-07
6 42 2 5.863376e-07
7 42 2 8.208038e-07
8 42 2 5.481458e-07
9 42 2 2.595757e-07
10 42 2 9.289937e-08
11 42 2 3.463466e-08
12 42 2 2.841270e-08
1 43 2 4.690277e-10
2 43 2 4.863212e-10
3 43 2 1.147466e-09
4 43 2 2.799851e-09
5 43 2 9.371614e-09
6 43 2 2.763835e-08
7 43 2 4.040344e-08
8 43 2 2.536247e-08
9 43 2 1.037119e-08
10 43 2 3.184219e-09
11 43 2 1.085887e-09
12 43 2 7.608892e-10
1 44 2 1.936578e-09
2 44 2 1.945825e-09
3 44 2 4.232468e-09
4 44 2 1.144237e-08
5 44 2 4.274835e-08
6 44 2 1.347142e-07
7 44 2 1.968923e-07
8 44 2 1.187248e-07
9 44 2 4.279851e-08
10 44 2 1.268033e-08
11 44 2 4.161721e-09
12 44 2 2.813791e-09
1 45 2 4.445643e-09
2 45 2 4.982266e-09
3 45 2 9.078553e-09
4 45 2 2.677338e-08
5 45 2 1.121217e-07
6 45 2 3.720314e-07
7 45 2 5.204671e-07
8 45 2 3.169118e-07
9 45 2 1.089788e-07
10 45 2 2.782457e-08
11 45 2 8.065146e-09
12 45 2 5.270981e-09
1 46 2 2.017154e-09
2 46 2 2.537629e-09
3 46 2 3.988960e-09
4 46 2 1.107694e-08
5 46 2 4.349868e-08
6 46 2 1.349280e-07
7 46 2 1.887548e-07
8 46 2 1.182759e-07
9 46 2 4.442781e-08
10 46 2 1.076877e-08
11 46 2 2.960761e-09
12 46 2 2.111437e-09
1 47 2 2.650355e-09
2 47 2 3.372941e-09
3 47 2 4.753002e-09
4 47 2 1.064923e-08
5 47 2 3.629790e-08
6 47 2 1.000007e-07
7 47 2 1.356222e-07
8 47 2 9.196160e-08
9 47 2 3.895774e-08
10 47 2 1.201606e-08
11 47 2 3.545052e-09
12 47 2 2.694711e-09
1 48 2 3.590128e-09
2 48 2 4.124117e-09
3 48 2 5.672492e-09
4 48 2 1.107718e-08
5 48 2 3.437461e-08
6 48 2 7.906750e-08
7 48 2 1.050734e-07
8 48 2 7.392513e-08
9 48 2 3.519135e-08
10 48 2 1.312058e-08
11 48 2 4.723244e-09
12 48 2 3.132168e-09
1 49 2 3.157360e-11
2 49 2 2.872919e-11
3 49 2 3.258733e-11
4 49 2 3.814058e-11
5 49 2 5.454917e-11
6 49 2 8.299339e-11
7 49 2 1.237710e-10
8 49 2 1.163892e-10
9 49 2 8.118015e-11
10 49 2 5.809220e-11
11 49 2 4.241201e-11
12 49 2 3.093949e-11
1 50 2 1.285030e-10
2 50 2 1.109237e-10
3 50 2 1.300197e-10
4 50 2 1.482090e-10
5 50 2 2.085938e-10
6 50 2 3.061085e-10
7 50 2 4.224748e-10
8 50 2 4.062784e-10
9 50 2 2.941825e-10
10 50 2 2.097056e-10
11 50 2 1.570026e-10
12 50 2 1.236224e-10
1 51 2 5.411698e-11
2 51 2 4.939023e-11
3 51 2 5.366794e-11
4 51 2 6.195055e-11
5 51 2 8.444017e-11
6 51 2 1.184206e-10
7 51 2 1.543194e-10
8 51 2 1.530380e-10
9 51 2 1.271521e-10
10 51 2 8.943554e-11
11 51 2 6.702865e-11
12 51 2 5.617206e-11
1 52 2 2.300723e-07
2 52 2 2.418258e-07
3 52 2 3.037881e-07
4 52 2 4.428817e-07
5 52 2 7.489712e-07
6 52 2 1.030752e-06
7 52 2 1.322131e-06
8 52 2 1.236645e-06
9 52 2 9.982660e-07
10 52 2 5.702745e-07
11 52 2 3.432494e-07
12 52 2 2.646976e-07
1 53 2 1.097691e-07
2 53 2 1.377201e-07
3 53 2 2.333269e-07
4 53 2 5.092829e-07
5 53 2 9.698303e-07
6 53 2 1.448204e-06
7 53 2 2.010278e-06
8 53 2 1.712991e-06
9 53 2 1.159366e-06
10 53 2 5.113290e-07
11 53 2 2.280665e-07
12 53 2 1.444894e-07
1 54 2 3.228942e-08
2 54 2 4.188764e-08
3 54 2 7.833158e-08
4 54 2 1.946463e-07
5 54 2 3.833925e-07
6 54 2 7.405394e-07
7 54 2 1.051971e-06
8 54 2 8.821050e-07
9 54 2 5.349828e-07
10 54 2 2.275268e-07
11 54 2 9.752837e-08
12 54 2 5.379855e-08
1 55 2 4.533981e-08
2 55 2 5.056598e-08
3 55 2 9.432944e-08
4 55 2 2.208771e-07
5 55 2 4.383099e-07
6 55 2 9.360537e-07
7 55 2 1.301186e-06
8 55 2 1.122160e-06
9 55 2 7.116009e-07
10 55 2 3.412013e-07
11 55 2 1.596350e-07
12 55 2 9.140747e-08
1 56 2 1.950644e-07
2 56 2 2.024343e-07
3 56 2 3.506216e-07
4 56 2 7.818361e-07
5 56 2 1.708989e-06
6 56 2 3.368794e-06
7 56 2 4.657652e-06
8 56 2 3.865616e-06
9 56 2 2.526658e-06
10 56 2 1.301826e-06
11 56 2 5.869114e-07
12 56 2 3.365993e-07
1 57 2 4.024262e-08
2 57 2 3.839545e-08
3 57 2 4.722421e-08
4 57 2 7.167897e-08
5 57 2 1.199301e-07
6 57 2 1.951413e-07
7 57 2 2.778834e-07
8 57 2 2.504409e-07
9 57 2 1.863282e-07
10 57 2 1.196875e-07
11 57 2 7.318954e-08
12 57 2 5.259801e-08
1 60 2 1.802071e-06
2 60 2 1.745143e-06
3 60 2 2.001333e-06
4 60 2 2.373551e-06
5 60 2 2.926400e-06
6 60 2 3.851122e-06
7 60 2 4.483476e-06
8 60 2 4.485362e-06
9 60 2 3.806475e-06
10 60 2 3.107348e-06
11 60 2 2.485152e-06
12 60 2 2.059936e-06
1 61 2 5.709146e-06
2 61 2 5.743487e-06
3 61 2 8.078117e-06
4 61 2 1.216735e-05
5 61 2 1.774845e-05
6 61 2 2.500469e-05
7 61 2 2.959063e-05
8 61 2 2.846864e-05
9 61 2 2.212088e-05
10 61 2 1.504676e-05
11 61 2 9.815911e-06
12 61 2 6.884798e-06
1 62 2 1.830494e-06
2 62 2 2.004822e-06
3 62 2 3.155956e-06
4 62 2 5.713242e-06
5 62 2 9.799442e-06
6 62 2 1.390129e-05
7 62 2 1.699847e-05
8 62 2 1.586745e-05
9 62 2 1.105680e-05
10 62 2 6.593597e-06
11 62 2 3.580615e-06
12 62 2 2.330162e-06
1 63 2 2.982548e-06
2 63 2 3.620685e-06
3 63 2 6.058357e-06
4 63 2 1.274226e-05
5 63 2 2.445449e-05
6 63 2 3.635550e-05
7 63 2 4.648990e-05
8 63 2 4.045532e-05
9 63 2 2.470884e-05
10 63 2 1.349376e-05
11 63 2 6.232870e-06
12 63 2 4.080300e-06
1 64 2 8.558734e-07
2 64 2 1.096463e-06
3 64 2 2.087930e-06
4 64 2 4.945609e-06
5 64 2 1.059194e-05
6 64 2 1.696586e-05
7 64 2 2.150460e-05
8 64 2 1.681179e-05
9 64 2 9.626181e-06
10 64 2 4.255522e-06
11 64 2 1.944565e-06
12 64 2 1.330778e-06
1 65 2 2.894395e-07
2 65 2 3.589068e-07
3 65 2 7.862975e-07
4 65 2 2.217386e-06
5 65 2 4.649153e-06
6 65 2 7.901409e-06
7 65 2 1.024135e-05
8 65 2 7.643587e-06
9 65 2 4.335202e-06
10 65 2 1.538373e-06
11 65 2 6.772221e-07
12 65 2 4.907819e-07
1 66 2 1.916148e-07
2 66 2 2.368956e-07
3 66 2 5.631687e-07
4 66 2 1.847570e-06
5 66 2 3.841625e-06
6 66 2 6.605847e-06
7 66 2 9.110565e-06
8 66 2 6.887597e-06
9 66 2 3.896202e-06
10 66 2 1.290856e-06
11 66 2 4.946754e-07
12 66 2 3.068375e-07
1 67 2 6.478591e-08
2 67 2 8.638899e-08
3 67 2 2.196878e-07
4 67 2 8.115457e-07
5 67 2 1.841350e-06
6 67 2 3.140436e-06
7 67 2 4.390676e-06
8 67 2 3.378985e-06
9 67 2 1.848070e-06
10 67 2 6.796214e-07
11 67 2 2.149014e-07
12 67 2 9.672600e-08
1 68 2 1.562004e-08
2 68 2 2.097351e-08
3 68 2 6.229014e-08
4 68 2 2.863183e-07
5 68 2 7.802541e-07
6 68 2 1.495209e-06
7 68 2 2.143846e-06
8 68 2 1.594451e-06
9 68 2 7.651926e-07
10 68 2 2.811226e-07
11 68 2 6.410591e-08
12 68 2 2.230663e-08
1 69 2 9.440936e-09
2 69 2 1.338549e-08
3 69 2 3.201050e-08
4 69 2 1.403679e-07
5 69 2 4.500964e-07
6 69 2 1.065204e-06
7 69 2 1.560515e-06
8 69 2 1.201281e-06
9 69 2 5.160623e-07
10 69 2 1.678035e-07
11 69 2 3.251427e-08
12 69 2 1.222748e-08
1 70 2 3.971508e-08
2 70 2 4.641933e-08
3 70 2 6.651756e-08
4 70 2 1.735409e-07
5 70 2 4.351853e-07
6 70 2 1.056754e-06
7 70 2 1.710549e-06
8 70 2 1.559002e-06
9 70 2 8.049640e-07
10 70 2 2.869286e-07
11 70 2 8.726658e-08
12 70 2 4.912476e-08
1 71 2 3.362850e-08
2 71 2 3.412506e-08
3 71 2 3.861510e-08
4 71 2 6.196556e-08
5 71 2 1.200043e-07
6 71 2 2.503402e-07
7 71 2 3.841936e-07
8 71 2 3.819848e-07
9 71 2 2.450778e-07
10 71 2 1.167273e-07
11 71 2 5.576360e-08
12 71 2 3.872971e-08
1 72 2 1.414103e-10
2 72 2 1.350592e-10
3 72 2 1.463226e-10
4 72 2 1.865627e-10
5 72 2 2.902779e-10
6 72 2 5.050932e-10
7 72 2 7.823314e-10
8 72 2 7.524194e-10
9 72 2 5.264178e-10
10 72 2 3.191899e-10
11 72 2 1.966650e-10
12 72 2 1.404446e-10
1 76 2 4.502220e-08
2 76 2 4.119069e-08
3 76 2 4.160525e-08
4 76 2 4.525660e-08
5 76 2 6.152712e-08
6 76 2 8.773375e-08
7 76 2 1.176461e-07
8 76 2 1.255499e-07
9 76 2 1.196247e-07
10 76 2 7.988539e-08
11 76 2 5.156937e-08
12 76 2 4.510190e-08
1 77 2 4.591271e-08
2 77 2 5.961728e-08
3 77 2 7.809507e-08
4 77 2 1.262188e-07
5 77 2 2.119265e-07
6 77 2 3.271924e-07
7 77 2 4.445661e-07
8 77 2 4.219653e-07
9 77 2 3.125740e-07
10 77 2 1.579161e-07
11 77 2 6.929405e-08
12 77 2 4.367569e-08
1 78 2 5.016453e-08
2 78 2 6.854276e-08
3 78 2 9.544990e-08
4 78 2 1.711994e-07
5 78 2 2.677065e-07
6 78 2 4.250250e-07
7 78 2 5.246464e-07
8 78 2 4.912676e-07
9 78 2 3.185326e-07
10 78 2 1.689241e-07
11 78 2 9.122263e-08
12 78 2 5.266591e-08
1 79 2 5.758494e-07
2 79 2 7.065767e-07
3 79 2 1.037458e-06
4 79 2 1.720797e-06
5 79 2 2.614368e-06
6 79 2 4.271016e-06
7 79 2 5.233596e-06
8 79 2 4.957904e-06
9 79 2 3.423463e-06
10 79 2 2.066557e-06
11 79 2 1.177418e-06
12 79 2 7.212645e-07
1 80 2 1.205253e-07
2 80 2 1.207607e-07
3 80 2 1.517433e-07
4 80 2 2.051744e-07
5 80 2 3.059994e-07
6 80 2 4.655670e-07
7 80 2 5.994883e-07
8 80 2 5.934834e-07
9 80 2 4.925804e-07
10 80 2 3.453503e-07
11 80 2 2.014636e-07
12 80 2 1.489151e-07
1 81 2 6.087038e-13
2 81 2 5.516324e-13
3 81 2 5.810187e-13
4 81 2 6.889457e-13
5 81 2 9.920756e-13
6 81 2 1.336793e-12
7 81 2 1.783721e-12
8 81 2 1.913893e-12
9 81 2 1.740326e-12
10 81 2 1.335340e-12
11 81 2 8.827107e-13
12 81 2 7.226719e-13
1 84 2 4.001722e-07
2 84 2 4.230827e-07
3 84 2 5.232687e-07
4 84 2 6.612480e-07
5 84 2 8.865341e-07
6 84 2 1.452650e-06
7 84 2 1.945569e-06
8 84 2 1.864338e-06
9 84 2 1.398900e-06
10 84 2 8.828462e-07
11 84 2 5.930757e-07
12 84 2 4.530458e-07
1 85 2 9.656377e-07
2 85 2 1.087384e-06
3 85 2 1.413775e-06
4 85 2 2.054083e-06
5 85 2 3.288140e-06
6 85 2 5.023148e-06
7 85 2 6.949993e-06
8 85 2 6.611588e-06
9 85 2 4.760793e-06
10 85 2 2.626081e-06
11 85 2 1.480999e-06
12 85 2 1.074614e-06
1 86 2 2.954936e-07
2 86 2 3.345605e-07
3 86 2 4.275437e-07
4 86 2 6.210178e-07
5 86 2 9.980985e-07
6 86 2 1.448219e-06
7 86 2 1.989468e-06
8 86 2 1.995976e-06
9 86 2 1.477402e-06
10 86 2 8.567294e-07
11 86 2 4.719288e-07
12 86 2 3.372843e-07
1 87 2 4.224443e-07
2 87 2 5.715186e-07
3 87 2 8.160238e-07
4 87 2 1.289948e-06
5 87 2 2.263041e-06
6 87 2 3.401638e-06
7 87 2 4.611569e-06
8 87 2 4.699035e-06
9 87 2 3.406822e-06
10 87 2 1.918131e-06
11 87 2 8.427762e-07
12 87 2 5.122798e-07
1 88 2 1.531571e-07
2 88 2 2.174954e-07
3 88 2 3.410649e-07
4 88 2 6.471342e-07
5 88 2 1.328110e-06
6 88 2 2.087424e-06
7 88 2 2.673237e-06
8 88 2 2.344638e-06
9 88 2 1.515106e-06
10 88 2 7.160107e-07
11 88 2 3.670764e-07
12 88 2 2.038975e-07
1 89 2 1.216930e-07
2 89 2 1.693201e-07
3 89 2 3.213643e-07
4 89 2 6.044314e-07
5 89 2 1.206212e-06
6 89 2 1.801941e-06
7 89 2 2.102080e-06
8 89 2 1.840921e-06
9 89 2 1.201395e-06
10 89 2 5.717084e-07
11 89 2 3.145826e-07
12 89 2 1.741228e-07
1 90 2 6.840467e-08
2 90 2 9.015509e-08
3 90 2 1.789031e-07
4 90 2 3.210930e-07
5 90 2 4.930196e-07
6 90 2 6.525941e-07
7 90 2 7.329035e-07
8 90 2 6.781387e-07
9 90 2 4.941984e-07
10 90 2 2.947683e-07
11 90 2 1.625215e-07
12 90 2 9.251991e-08
1 91 2 2.297380e-10
2 91 2 3.250692e-10
3 91 2 6.791415e-10
4 91 2 1.283364e-09
5 91 2 1.894045e-09
6 91 2 2.407508e-09
7 91 2 2.703281e-09
8 91 2 2.479168e-09
9 91 2 1.782573e-09
10 91 2 1.103417e-09
11 91 2 5.718781e-10
12 91 2 2.935774e-10
1 92 2 1.232973e-09
2 92 2 1.761227e-09
3 92 2 4.414951e-09
4 92 2 1.053305e-08
5 92 2 1.986380e-08
6 92 2 3.043834e-08
7 92 2 3.653713e-08
8 92 2 3.325464e-08
9 92 2 2.080443e-08
10 92 2 1.105688e-08
11 92 2 4.336518e-09
12 92 2 1.861560e-09
1 93 2 3.147366e-07
2 93 2 3.797578e-07
3 93 2 7.808022e-07
4 93 2 1.819747e-06
5 93 2 3.246325e-06
6 93 2 5.151690e-06
7 93 2 6.910723e-06
8 93 2 6.793829e-06
9 93 2 4.569563e-06
10 93 2 2.631513e-06
11 93 2 1.126957e-06
12 93 2 4.694003e-07
1 94 2 3.814327e-07
2 94 2 3.795098e-07
3 94 2 5.067373e-07
4 94 2 8.980319e-07
5 94 2 1.532886e-06
6 94 2 2.413716e-06
7 94 2 3.334540e-06
8 94 2 3.633910e-06
9 94 2 2.993306e-06
10 94 2 1.806754e-06
11 94 2 9.697298e-07
12 94 2 5.298371e-07
1 98 2 5.696336e-09
2 98 2 5.302533e-09
3 98 2 4.993156e-09
4 98 2 5.316273e-09
5 98 2 6.033605e-09
6 98 2 6.904228e-09
7 98 2 7.765839e-09
8 98 2 8.184815e-09
9 98 2 8.076581e-09
10 98 2 7.634526e-09
11 98 2 6.867202e-09
12 98 2 6.249227e-09
1 101 2 2.244142e-08
2 101 2 2.305932e-08
3 101 2 2.362983e-08
4 101 2 2.913917e-08
5 101 2 3.747354e-08
6 101 2 4.375427e-08
7 101 2 4.670518e-08
8 101 2 4.680022e-08
9 101 2 4.499217e-08
10 101 2 3.857618e-08
11 101 2 2.966402e-08
12 101 2 2.379267e-08
1 102 2 1.438742e-07
2 102 2 1.626299e-07
3 102 2 1.998752e-07
4 102 2 2.500036e-07
5 102 2 2.893134e-07
6 102 2 3.158374e-07
7 102 2 3.247312e-07
8 102 2 3.288345e-07
9 102 2 2.963717e-07
10 102 2 2.283251e-07
11 102 2 1.832595e-07
12 102 2 1.502039e-07
1 103 2 8.032954e-08
2 103 2 8.197696e-08
3 103 2 8.934461e-08
4 103 2 1.009560e-07
5 103 2 1.175713e-07
6 103 2 1.345453e-07
7 103 2 1.455610e-07
8 103 2 1.527630e-07
9 103 2 1.498289e-07
10 103 2 1.309374e-07
11 103 2 1.077166e-07
12 103 2 8.956280e-08
1 104 2 3.766152e-08
2 104 2 3.613904e-08
3 104 2 3.653171e-08
4 104 2 4.005175e-08
5 104 2 4.683297e-08
6 104 2 5.374310e-08
7 104 2 6.031725e-08
8 104 2 6.515734e-08
9 104 2 6.568181e-08
10 104 2 6.135981e-08
11 104 2 5.047397e-08
12 104 2 4.179239e-08
1 107 2 1.375627e-08
2 107 2 1.451262e-08
3 107 2 1.694400e-08
4 107 2 1.941596e-08
5 107 2 2.177378e-08
6 107 2 2.787567e-08
7 107 2 3.046929e-08
8 107 2 3.034600e-08
9 107 2 2.840840e-08
10 107 2 2.429918e-08
11 107 2 1.931696e-08
12 107 2 1.510659e-08
1 108 2 1.826170e-09
2 108 2 2.333848e-09
3 108 2 3.390164e-09
4 108 2 5.250623e-09
5 108 2 8.150369e-09
6 108 2 1.118664e-08
7 108 2 1.197496e-08
8 108 2 1.058334e-08
9 108 2 8.563593e-09
10 108 2 5.908286e-09
11 108 2 3.077617e-09
12 108 2 1.959204e-09
1 109 2 3.465922e-09
2 109 2 4.577978e-09
3 109 2 7.160253e-09
4 109 2 1.242601e-08
5 109 2 2.117123e-08
6 109 2 2.668741e-08
7 109 2 2.711681e-08
8 109 2 2.492797e-08
9 109 2 2.001787e-08
10 109 2 1.404582e-08
11 109 2 6.247233e-09
12 109 2 3.649402e-09
1 110 2 1.527435e-09
2 110 2 1.945660e-09
3 110 2 3.124828e-09
4 110 2 4.837113e-09
5 110 2 7.502167e-09
6 110 2 8.687870e-09
7 110 2 9.340299e-09
8 110 2 9.237483e-09
9 110 2 7.777745e-09
10 110 2 5.670469e-09
11 110 2 2.742833e-09
12 110 2 1.614461e-09
1 111 2 5.238817e-08
2 111 2 6.552232e-08
3 111 2 1.060792e-07
4 111 2 1.607719e-07
5 111 2 2.429832e-07
6 111 2 3.116208e-07
7 111 2 3.294065e-07
8 111 2 3.262645e-07
9 111 2 2.778427e-07
10 111 2 1.808622e-07
11 111 2 9.742913e-08
12 111 2 5.951150e-08
1 112 2 6.034738e-08
2 112 2 7.781057e-08
3 112 2 1.365019e-07
4 112 2 2.269947e-07
5 112 2 3.451837e-07
6 112 2 4.206471e-07
7 112 2 4.284178e-07
8 112 2 3.993296e-07
9 112 2 3.048442e-07
10 112 2 2.023780e-07
11 112 2 1.161438e-07
12 112 2 7.139244e-08
1 113 2 3.461181e-08
2 113 2 4.384995e-08
3 113 2 7.366818e-08
4 113 2 1.101640e-07
5 113 2 1.355674e-07
6 113 2 1.183704e-07
7 113 2 1.015688e-07
8 113 2 9.700648e-08
9 113 2 9.594397e-08
10 113 2 8.760600e-08
11 113 2 6.127491e-08
12 113 2 4.138568e-08
1 114 2 9.434816e-08
2 114 2 1.279409e-07
3 114 2 2.279485e-07
4 114 2 3.322770e-07
5 114 2 3.833500e-07
6 114 2 2.806338e-07
7 114 2 2.317845e-07
8 114 2 2.124586e-07
9 114 2 2.050301e-07
10 114 2 1.835057e-07
11 114 2 1.398904e-07
12 114 2 1.036219e-07
1 115 2 3.226576e-08
2 115 2 4.694380e-08
3 115 2 7.441356e-08
4 115 2 9.224212e-08
5 115 2 8.237658e-08
6 115 2 7.648395e-08
7 115 2 7.376735e-08
8 115 2 7.077455e-08
9 115 2 6.509147e-08
10 115 2 5.816919e-08
11 115 2 4.418780e-08
12 115 2 3.170143e-08
1 116 2 2.345560e-08
2 116 2 3.002603e-08
3 116 2 4.591696e-08
4 116 2 6.499378e-08
5 116 2 7.559186e-08
6 116 2 8.607995e-08
7 116 2 9.024477e-08
8 116 2 8.638427e-08
9 116 2 6.998088e-08
10 116 2 5.594815e-08
11 116 2 4.064524e-08
12 116 2 2.677534e-08
1 117 2 1.253232e-08
2 117 2 1.308688e-08
3 117 2 1.652752e-08
4 117 2 2.262405e-08
5 117 2 2.880989e-08
6 117 2 3.413335e-08
7 117 2 3.633851e-08
8 117 2 3.629086e-08
9 117 2 3.311321e-08
10 117 2 2.834691e-08
11 117 2 2.288338e-08
12 117 2 1.653066e-08
1 126 2 4.134543e-10
2 126 2 4.297434e-10
3 126 2 4.657831e-10
4 126 2 4.918386e-10
5 126 2 4.859411e-10
6 126 2 4.516278e-10
7 126 2 4.353429e-10
8 126 2 4.395962e-10
9 126 2 4.372690e-10
10 126 2 4.296868e-10
11 126 2 4.198573e-10
12 126 2 4.135003e-10
1 127 2 4.172167e-08
2 127 2 4.243179e-08
3 127 2 4.478585e-08
4 127 2 4.649722e-08
5 127 2 4.713069e-08
6 127 2 4.565203e-08
7 127 2 4.566463e-08
8 127 2 4.671256e-08
9 127 2 4.621461e-08
10 127 2 4.436242e-08
11 127 2 4.299269e-08
12 127 2 4.246051e-08
1 128 2 1.890289e-07
2 128 2 1.941309e-07
3 128 2 1.992877e-07
4 128 2 1.945387e-07
5 128 2 1.892382e-07
6 128 2 1.835537e-07
7 128 2 1.956343e-07
8 128 2 2.224371e-07
9 128 2 2.338905e-07
10 128 2 2.209206e-07
11 128 2 2.008950e-07
12 128 2 1.892831e-07
1 129 2 5.385177e-09
2 129 2 5.311238e-09
3 129 2 5.445193e-09
4 129 2 5.603105e-09
5 129 2 5.689559e-09
6 129 2 5.843476e-09
7 129 2 6.105855e-09
8 129 2 6.655371e-09
9 129 2 6.953461e-09
10 129 2 6.984095e-09
11 129 2 6.376718e-09
12 129 2 5.664937e-09
1 133 2 1.157260e-07
2 133 2 1.345486e-07
3 133 2 1.615184e-07
4 133 2 1.658366e-07
5 133 2 1.581912e-07
6 133 2 1.453991e-07
7 133 2 1.297700e-07
8 133 2 1.215149e-07
9 133 2 1.267130e-07
10 133 2 1.349542e-07
11 133 2 1.287485e-07
12 133 2 1.126550e-07
1 135 2 5.000045e-09
2 135 2 5.633301e-09
3 135 2 6.699282e-09
4 135 2 7.214815e-09
5 135 2 6.932746e-09
6 135 2 6.184718e-09
7 135 2 5.342984e-09
8 135 2 5.396455e-09
9 135 2 5.734351e-09
10 135 2 5.392823e-09
11 135 2 5.168974e-09
12 135 2 4.855544e-09
1 136 2 5.598338e-09
2 136 2 5.761823e-09
3 136 2 7.125569e-09
4 136 2 8.662523e-09
5 136 2 9.485852e-09
6 136 2 8.654716e-09
7 136 2 7.658412e-09
8 136 2 7.640847e-09
9 136 2 7.680340e-09
10 136 2 7.224880e-09
11 136 2 6.831086e-09
12 136 2 6.066090e-09
1 137 2 1.361102e-09
2 137 2 1.427936e-09
3 137 2 1.637158e-09
4 137 2 1.798996e-09
5 137 2 1.775718e-09
6 137 2 1.633839e-09
7 137 2 1.511475e-09
8 137 2 1.458422e-09
9 137 2 1.459339e-09
10 137 2 1.520294e-09
11 137 2 1.503096e-09
12 137 2 1.417285e-09
1 138 2 5.441740e-08
2 138 2 5.984061e-08
3 138 2 6.942395e-08
4 138 2 7.726454e-08
5 138 2 7.795518e-08
6 138 2 6.851477e-08
7 138 2 6.347237e-08
8 138 2 6.121123e-08
9 138 2 6.137824e-08
10 138 2 6.173590e-08
11 138 2 5.988500e-08
12 138 2 5.553832e-08
1 139 2 9.182292e-08
2 139 2 1.045693e-07
3 139 2 1.168460e-07
4 139 2 1.226381e-07
5 139 2 1.209099e-07
6 139 2 1.125999e-07
7 139 2 1.065366e-07
8 139 2 1.025590e-07
9 139 2 1.012297e-07
10 139 2 1.020156e-07
11 139 2 9.707562e-08
12 139 2 8.885977e-08
1 140 2 3.042795e-08
2 140 2 3.146363e-08
3 140 2 3.417194e-08
4 140 2 3.871625e-08
5 140 2 4.111112e-08
6 140 2 3.948730e-08
7 140 2 3.738806e-08
8 140 2 3.606046e-08
9 140 2 3.553476e-08
10 140 2 3.573115e-08
11 140 2 3.497649e-08
12 140 2 3.260877e-08
1 141 2 4.772662e-08
2 141 2 4.723279e-08
3 141 2 4.858566e-08
4 141 2 5.332236e-08
5 141 2 5.754190e-08
6 141 2 5.689954e-08
7 141 2 5.536091e-08
8 141 2 5.368325e-08
9 141 2 5.322828e-08
10 141 2 5.335342e-08
11 141 2 5.388595e-08
12 141 2 5.231905e-08
1 150 2 5.502797e-11
2 150 2 6.023676e-11
3 150 2 6.447660e-11
4 150 2 6.593260e-11
5 150 2 6.169281e-11
6 150 2 5.441029e-11
7 150 2 4.963736e-11
8 150 2 4.843872e-11
9 150 2 4.687272e-11
10 150 2 4.580628e-11
11 150 2 4.669687e-11
12 150 2 4.968413e-11
1 151 2 3.585164e-08
2 151 2 3.813240e-08
3 151 2 4.043165e-08
4 151 2 4.138501e-08
5 151 2 4.004288e-08
6 151 2 3.769275e-08
7 151 2 3.685990e-08
8 151 2 3.828299e-08
9 151 2 3.644881e-08
10 151 2 3.420344e-08
11 151 2 3.320050e-08
12 151 2 3.402877e-08
1 152 2 2.839409e-08
2 152 2 2.876112e-08
3 152 2 2.902737e-08
4 152 2 2.758350e-08
5 152 2 2.651514e-08
6 152 2 2.604159e-08
7 152 2 2.977250e-08
8 152 2 3.969804e-08
9 152 2 4.214381e-08
10 152 2 3.591957e-08
11 152 2 3.080251e-08
12 152 2 2.848600e-08
1 153 2 3.291471e-08
2 153 2 3.371311e-08
3 153 2 3.556965e-08
4 153 2 3.488914e-08
5 153 2 3.369250e-08
6 153 2 3.307928e-08
7 153 2 3.861402e-08
8 153 2 5.046158e-08
9 153 2 6.137534e-08
10 153 2 5.485695e-08
11 153 2 4.149647e-08
12 153 2 3.462319e-08
1 154 2 8.960855e-08
2 154 2 8.912236e-08
3 154 2 9.274326e-08
4 154 2 8.886525e-08
5 154 2 8.309711e-08
6 154 2 7.474682e-08
7 154 2 7.058063e-08
8 154 2 7.352609e-08
9 154 2 8.289969e-08
10 154 2 9.316444e-08
11 154 2 9.818494e-08
12 154 2 9.494015e-08
1 157 2 3.568350e-09
2 157 2 3.705375e-09
3 157 2 3.967135e-09
4 157 2 3.911249e-09
5 157 2 3.812343e-09
6 157 2 3.584258e-09
7 157 2 3.419893e-09
8 157 2 3.385421e-09
9 157 2 3.360952e-09
10 157 2 3.419555e-09
11 157 2 3.444070e-09
12 157 2 3.489016e-09
1 163 2 1.659418e-08
2 163 2 1.681652e-08
3 163 2 1.731555e-08
4 163 2 1.835459e-08
5 163 2 1.837251e-08
6 163 2 1.698610e-08
7 163 2 1.570360e-08
8 163 2 1.474599e-08
9 163 2 1.495714e-08
10 163 2 1.582408e-08
11 163 2 1.644267e-08
12 163 2 1.657150e-08
1 164 2 6.285090e-08
2 164 2 6.231351e-08
3 164 2 6.404811e-08
4 164 2 6.703603e-08
5 164 2 6.624748e-08
6 164 2 6.127381e-08
7 164 2 5.671432e-08
8 164 2 5.539944e-08
9 164 2 5.932151e-08
10 164 2 6.498934e-08
11 164 2 6.630183e-08
12 164 2 6.519775e-08
1 165 2 2.743657e-08
2 165 2 2.688977e-08
3 165 2 2.722782e-08
4 165 2 2.783006e-08
5 165 2 2.752460e-08
6 165 2 2.532653e-08
7 165 2 2.387945e-08
8 165 2 2.417034e-08
9 165 2 2.576297e-08
10 165 2 2.754620e-08
11 165 2 2.897745e-08
12 165 2 2.901159e-08
1 166 2 1.197674e-08
2 166 2 1.185718e-08
3 166 2 1.166128e-08
4 166 2 1.160657e-08
5 166 2 1.122653e-08
6 166 2 1.038267e-08
7 166 2 9.804382e-09
8 166 2 9.877529e-09
9 166 2 1.024720e-08
10 166 2 1.077931e-08
11 166 2 1.162168e-08
12 166 2 1.220724e-08
1 170 2 5.507767e-10
2 170 2 6.057453e-10
3 170 2 5.951414e-10
4 170 2 5.409517e-10
5 170 2 4.507744e-10
6 170 2 3.790225e-10
7 170 2 3.584960e-10
8 170 2 3.422482e-10
9 170 2 3.480045e-10
10 170 2 3.875005e-10
11 170 2 4.275348e-10
12 170 2 4.923327e-10
1 171 2 1.973264e-09
2 171 2 2.166077e-09
3 171 2 2.192300e-09
4 171 2 1.950454e-09
5 171 2 1.622558e-09
6 171 2 1.390456e-09
7 171 2 1.262384e-09
8 171 2 1.196149e-09
9 171 2 1.213577e-09
10 171 2 1.320033e-09
11 171 2 1.506607e-09
12 171 2 1.779912e-09
1 175 2 5.706228e-11
2 175 2 6.032812e-11
3 175 2 6.050117e-11
4 175 2 5.666655e-11
5 175 2 4.923431e-11
6 175 2 4.486493e-11
7 175 2 4.393402e-11
8 175 2 4.356309e-11
9 175 2 4.051842e-11
10 175 2 4.095839e-11
11 175 2 4.282162e-11
12 175 2 4.995166e-11
1 176 2 2.405262e-07
2 176 2 2.423295e-07
3 176 2 2.372398e-07
4 176 2 2.095343e-07
5 176 2 1.695039e-07
6 176 2 1.536023e-07
7 176 2 1.533222e-07
8 176 2 1.749202e-07
9 176 2 1.905063e-07
10 176 2 2.033166e-07
11 176 2 2.170253e-07
12 176 2 2.305341e-07
1 177 2 2.422872e-07
2 177 2 2.354370e-07
3 177 2 2.222964e-07
4 177 2 1.943834e-07
5 177 2 1.589527e-07
6 177 2 1.357321e-07
7 177 2 1.412272e-07
8 177 2 1.692162e-07
9 177 2 2.126783e-07
10 177 2 2.211773e-07
11 177 2 2.256635e-07
12 177 2 2.261246e-07
1 178 2 6.566399e-08
2 178 2 6.489655e-08
3 178 2 6.220809e-08
4 178 2 5.214038e-08
5 178 2 4.539887e-08
6 178 2 3.837214e-08
7 178 2 3.654704e-08
8 178 2 3.681602e-08
9 178 2 4.198774e-08
10 178 2 4.517761e-08
11 178 2 5.102555e-08
12 178 2 5.664908e-08
1 181 2 8.016233e-10
2 181 2 8.466911e-10
3 181 2 8.583508e-10
4 181 2 8.206983e-10
5 181 2 6.768203e-10
6 181 2 5.852443e-10
7 181 2 5.174764e-10
8 181 2 5.295949e-10
9 181 2 5.737624e-10
10 181 2 6.212775e-10
11 181 2 7.036050e-10
12 181 2 7.491357e-10
1 182 2 9.568507e-08
2 182 2 8.844251e-08
3 182 2 8.339732e-08
4 182 2 6.966490e-08
5 182 2 5.455382e-08
6 182 2 4.080299e-08
7 182 2 4.045608e-08
8 182 2 5.621873e-08
9 182 2 7.800954e-08
10 182 2 9.567592e-08
11 182 2 1.057416e-07
12 182 2 1.014963e-07
1 183 2 2.038425e-08
2 183 2 1.958248e-08
3 183 2 1.869515e-08
4 183 2 1.695140e-08
5 183 2 1.426261e-08
6 183 2 1.157580e-08
7 183 2 1.077007e-08
8 183 2 1.278904e-08
9 183 2 1.487017e-08
10 183 2 1.759140e-08
11 183 2 1.915169e-08
12 183 2 1.969875e-08
1 184 2 6.349741e-09
2 184 2 6.433925e-09
3 184 2 6.231155e-09
4 184 2 5.607636e-09
5 184 2 4.661892e-09
6 184 2 3.767688e-09
7 184 2 3.397507e-09
8 184 2 3.548364e-09
9 184 2 3.758898e-09
10 184 2 4.316621e-09
11 184 2 5.050737e-09
12 184 2 5.756723e-09
1 188 2 1.052665e-09
2 188 2 1.043487e-09
3 188 2 9.672189e-10
4 188 2 7.898002e-10
5 188 2 5.581992e-10
6 188 2 4.245860e-10
7 188 2 3.653528e-10
8 188 2 3.716467e-10
9 188 2 5.033934e-10
10 188 2 6.615299e-10
11 188 2 7.878165e-10
12 188 2 9.826190e-10
1 189 2 9.181079e-10
2 189 2 8.485169e-10
3 189 2 7.696804e-10
4 189 2 5.689082e-10
5 189 2 3.766681e-10
6 189 2 2.663656e-10
7 189 2 2.532567e-10
8 189 2 3.110831e-10
9 189 2 5.004316e-10
10 189 2 7.125413e-10
11 189 2 8.666878e-10
12 189 2 9.056846e-10
1 190 2 3.757975e-09
2 190 2 3.560750e-09
3 190 2 3.090739e-09
4 190 2 2.189106e-09
5 190 2 1.527339e-09
6 190 2 1.107997e-09
7 190 2 1.041088e-09
8 190 2 1.255028e-09
9 190 2 1.762827e-09
10 190 2 2.403160e-09
11 190 2 3.148906e-09
12 190 2 3.533015e-09
1 191 2 2.888684e-09
2 191 2 2.993440e-09
3 191 2 2.909638e-09
4 191 2 2.403688e-09
5 191 2 1.976597e-09
6 191 2 1.623740e-09
7 191 2 1.427541e-09
8 191 2 1.449792e-09
9 191 2 1.581752e-09
10 191 2 1.775355e-09
11 191 2 2.183500e-09
12 191 2 2.568868e-09
1 192 2 3.793769e-09
2 192 2 4.100010e-09
3 192 2 3.994676e-09
4 192 2 3.458791e-09
5 192 2 2.923200e-09
6 192 2 2.488987e-09
7 192 2 2.187325e-09
8 192 2 2.032538e-09
9 192 2 2.092796e-09
10 192 2 2.298129e-09
11 192 2 2.743372e-09
12 192 2 3.294190e-09
1 200 2 1.219560e-06
2 200 2 1.254623e-06
3 200 2 1.026007e-06
4 200 2 6.782636e-07
5 200 2 4.439575e-07
6 200 2 3.615623e-07
7 200 2 3.435030e-07
8 200 2 3.704388e-07
9 200 2 4.103265e-07
10 200 2 5.246224e-07
11 200 2 7.290403e-07
12 200 2 1.004469e-06
1 201 2 7.136760e-07
2 201 2 7.363658e-07
3 201 2 6.740991e-07
4 201 2 5.188733e-07
5 201 2 3.910207e-07
6 201 2 3.235022e-07
7 201 2 3.057277e-07
8 201 2 3.162475e-07
9 201 2 3.129904e-07
10 201 2 3.724180e-07
11 201 2 4.747329e-07
12 201 2 5.912651e-07
1 206 2 6.361892e-08
2 206 2 6.871672e-08
3 206 2 6.217024e-08
4 206 2 5.305270e-08
5 206 2 4.387431e-08
6 206 2 3.825469e-08
7 206 2 3.281086e-08
8 206 2 3.221611e-08
9 206 2 3.487360e-08
10 206 2 3.947494e-08
11 206 2 4.627374e-08
12 206 2 5.451527e-08
1 207 2 2.409346e-09
2 207 2 2.630703e-09
3 207 2 2.494903e-09
4 207 2 2.262255e-09
5 207 2 2.006287e-09
6 207 2 1.720783e-09
7 207 2 1.516716e-09
8 207 2 1.493579e-09
9 207 2 1.506926e-09
10 207 2 1.659824e-09
11 207 2 1.788799e-09
12 207 2 2.046275e-09
1 212 2 1.481045e-09
2 212 2 1.580924e-09
3 212 2 1.403225e-09
4 212 2 1.179678e-09
5 212 2 9.194658e-10
6 212 2 7.420853e-10
7 212 2 6.159728e-10
8 212 2 5.953321e-10
9 212 2 6.761345e-10
10 212 2 7.978070e-10
11 212 2 9.463381e-10
12 212 2 1.251240e-09
1 213 2 3.225383e-10
2 213 2 3.525101e-10
3 213 2 2.987384e-10
4 213 2 2.527967e-10
5 213 2 1.950664e-10
6 213 2 1.503688e-10
7 213 2 1.276190e-10
8 213 2 1.245871e-10
9 213 2 1.500704e-10
10 213 2 1.849445e-10
11 213 2 2.271095e-10
12 213 2 2.779179e-10
1 214 2 1.146506e-08
2 214 2 1.215440e-08
3 214 2 9.765303e-09
4 214 2 7.253031e-09
5 214 2 5.361321e-09
6 214 2 3.951048e-09
7 214 2 3.421668e-09
8 214 2 3.527481e-09
9 214 2 4.452692e-09
10 214 2 5.969539e-09
11 214 2 8.171751e-09
12 214 2 9.910911e-09
1 215 2 4.248923e-09
2 215 2 4.370584e-09
3 215 2 4.074900e-09
4 215 2 3.247523e-09
5 215 2 2.637818e-09
6 215 2 2.119431e-09
7 215 2 1.831482e-09
8 215 2 1.835986e-09
9 215 2 2.064689e-09
10 215 2 2.456317e-09
11 215 2 3.092841e-09
12 215 2 3.736322e-09
1 216 2 2.964168e-08
2 216 2 3.094809e-08
3 216 2 2.902168e-08
4 216 2 2.359294e-08
5 216 2 1.889187e-08
6 216 2 1.625207e-08
7 216 2 1.428134e-08
8 216 2 1.365560e-08
9 216 2 1.417011e-08
10 216 2 1.610566e-08
11 216 2 1.937238e-08
12 216 2 2.489701e-08
1 224 2 3.564049e-08
2 224 2 3.896350e-08
3 224 2 3.400040e-08
4 224 2 2.927945e-08
5 224 2 2.364370e-08
6 224 2 2.009256e-08
7 224 2 1.825390e-08
8 224 2 1.906599e-08
9 224 2 1.960719e-08
10 224 2 2.312574e-08
11 224 2 2.761671e-08
12 224 2 3.294891e-08
1 240 2 1.831590e-09
2 240 2 1.868211e-09
3 240 2 1.708433e-09
4 240 2 1.508814e-09
5 240 2 1.311354e-09
6 240 2 1.131088e-09
7 240 2 1.108143e-09
8 240 2 1.142432e-09
9 240 2 1.112088e-09
10 240 2 1.197603e-09
11 240 2 1.315872e-09
12 240 2 1.630794e-09
