1 7 2 2.645274e-12
2 7 2 2.259828e-12
3 7 2 2.471450e-12
4 7 2 6.387685e-12
5 7 2 2.197821e-11
6 7 2 5.919558e-11
7 7 2 8.009336e-11
8 7 2 5.460841e-11
9 7 2 2.361630e-11
10 7 2 1.035332e-11
11 7 2 5.485331e-12
12 7 2 3.235988e-12
1 25 2 1.488968e-09
2 25 2 1.413769e-09
3 25 2 1.991767e-09
4 25 2 3.634533e-09
5 25 2 1.016767e-08
6 25 2 1.843778e-08
7 25 2 2.235199e-08
8 25 2 1.714002e-08
9 25 2 9.685021e-09
10 25 2 4.532239e-09
11 25 2 2.161024e-09
12 25 2 1.251442e-09
1 26 2 4.180775e-11
2 26 2 3.440817e-11
3 26 2 5.689673e-11
4 26 2 1.269982e-10
5 26 2 3.577343e-10
6 26 2 6.832624e-10
7 26 2 7.413377e-10
8 26 2 5.546712e-10
9 26 2 3.033760e-10
10 26 2 1.221207e-10
11 26 2 6.380306e-11
12 26 2 3.944620e-11
1 27 2 6.322844e-10
2 27 2 5.582504e-10
3 27 2 9.786101e-10
4 27 2 2.492400e-09
5 27 2 7.018783e-09
6 27 2 1.450868e-08
7 27 2 1.636333e-08
8 27 2 1.231625e-08
9 27 2 6.364603e-09
10 27 2 2.390062e-09
11 27 2 1.266647e-09
12 27 2 7.835086e-10
1 28 2 2.747497e-10
2 28 2 2.500296e-10
3 28 2 4.205064e-10
4 28 2 1.143037e-09
5 28 2 3.264069e-09
6 28 2 6.988320e-09
7 28 2 8.331701e-09
8 28 2 6.278030e-09
9 28 2 3.229552e-09
10 28 2 1.257754e-09
11 28 2 6.278889e-10
12 28 2 3.914539e-10
1 29 2 3.686161e-10
2 29 2 3.487120e-10
3 29 2 5.555154e-10
4 29 2 1.670343e-09
5 29 2 4.995059e-09
6 29 2 1.229329e-08
7 29 2 1.674630e-08
8 29 2 1.245936e-08
9 29 2 5.721960e-09
10 29 2 2.120771e-09
11 29 2 1.002497e-09
12 29 2 6.258025e-10
1 30 2 8.356383e-11
2 30 2 7.308178e-11
3 30 2 1.161525e-10
4 30 2 3.555100e-10
5 30 2 9.848181e-10
6 30 2 2.678322e-09
7 30 2 3.882100e-09
8 30 2 2.972938e-09
9 30 2 1.345152e-09
10 30 2 5.265168e-10
11 30 2 2.428677e-10
12 30 2 1.454531e-10
1 31 2 1.493273e-10
2 31 2 1.150693e-10
3 31 2 1.748042e-10
4 31 2 4.865381e-10
5 31 2 1.256477e-09
6 31 2 3.308242e-09
7 31 2 4.665355e-09
8 31 2 3.765759e-09
9 31 2 1.883883e-09
10 31 2 8.627256e-10
11 31 2 4.142137e-10
12 31 2 2.308191e-10
1 32 2 1.766404e-10
2 32 2 1.462243e-10
3 32 2 2.043963e-10
4 32 2 4.541767e-10
5 32 2 1.213045e-09
6 32 2 2.873465e-09
7 32 2 3.707110e-09
8 32 2 3.062240e-09
9 32 2 1.709990e-09
10 32 2 8.815169e-10
11 32 2 4.555319e-10
12 32 2 2.362435e-10
1 35 2 1.243109e-08
2 35 2 1.184495e-08
3 35 2 1.286712e-08
4 35 2 1.714661e-08
5 35 2 2.687959e-08
6 35 2 4.105100e-08
7 35 2 4.939696e-08
8 35 2 4.535949e-08
9 35 2 3.082806e-08
10 35 2 2.228865e-08
11 35 2 1.688246e-08
12 35 2 1.371547e-08
1 36 2 1.490767e-09
2 36 2 1.399540e-09
3 36 2 1.551104e-09
4 36 2 1.863012e-09
5 36 2 2.547979e-09
6 36 2 3.675670e-09
7 36 2 4.328900e-09
8 36 2 4.409968e-09
9 36 2 3.366260e-09
10 36 2 2.637329e-09
11 36 2 2.018575e-09
12 36 2 1.672560e-09
1 37 2 3.443915e-08
2 37 2 3.333231e-08
3 37 2 4.200026e-08
4 37 2 5.400670e-08
5 37 2 8.164782e-08
6 37 2 1.238366e-07
7 37 2 1.440284e-07
8 37 2 1.415833e-07
9 37 2 1.041921e-07
10 37 2 7.812587e-08
11 37 2 5.506399e-08
12 37 2 4.218371e-08
1 38 2 1.778976e-07
2 38 2 1.777381e-07
3 38 2 2.707605e-07
4 38 2 4.014470e-07
5 38 2 7.329382e-07
6 38 2 1.300543e-06
7 38 2 1.541743e-06
8 38 2 1.337139e-06
9 38 2 8.636899e-07
10 38 2 5.903312e-07
11 38 2 3.373269e-07
12 38 2 2.434281e-07
1 39 2 1.910615e-07
2 39 2 1.990476e-07
3 39 2 3.224160e-07
4 39 2 4.978371e-07
5 39 2 9.659688e-07
6 39 2 1.867461e-06
7 39 2 2.318864e-06
8 39 2 1.877394e-06
9 39 2 1.183344e-06
10 39 2 7.472678e-07
11 39 2 3.782508e-07
12 39 2 2.760957e-07
1 40 2 4.736909e-08
2 40 2 5.197211e-08
3 40 2 9.269150e-08
4 40 2 1.558681e-07
5 40 2 3.407355e-07
6 40 2 7.736197e-07
7 40 2 9.679178e-07
8 40 2 7.100401e-07
9 40 2 4.373775e-07
10 40 2 2.356631e-07
11 40 2 1.009513e-07
12 40 2 7.520554e-08
1 41 2 2.521745e-08
2 41 2 2.695871e-08
3 41 2 5.402435e-08
4 41 2 9.622120e-08
5 41 2 2.413369e-07
6 41 2 6.124171e-07
7 41 2 7.918188e-07
8 41 2 5.553781e-07
9 41 2 3.103710e-07
10 41 2 1.345177e-07
11 41 2 5.167809e-08
12 41 2 4.307302e-08
1 42 2 1.365646e-08
2 42 2 1.428493e-08
3 42 2 3.080526e-08
4 42 2 6.076929e-08
5 42 2 1.727569e-07
6 42 2 4.791758e-07
7 42 2 6.707900e-07
8 42 2 4.479642e-07
9 42 2 2.121345e-07
10 42 2 7.592066e-08
11 42 2 2.830467e-08
12 42 2 2.321986e-08
1 43 2 3.832488e-10
2 43 2 3.973795e-10
3 43 2 9.376095e-10
4 43 2 2.287795e-09
5 43 2 7.657670e-09
6 43 2 2.258366e-08
7 43 2 3.301419e-08
8 43 2 2.072401e-08
9 43 2 8.474437e-09
10 43 2 2.601867e-09
11 43 2 8.872926e-10
12 43 2 6.217327e-10
1 44 2 1.581076e-09
2 44 2 1.588626e-09
3 44 2 3.455505e-09
4 44 2 9.341873e-09
5 44 2 3.490095e-08
6 44 2 1.099845e-07
7 44 2 1.607483e-07
8 44 2 9.693025e-08
9 44 2 3.494190e-08
10 44 2 1.035258e-08
11 44 2 3.397745e-09
12 44 2 2.297257e-09
1 45 2 3.632891e-09
2 45 2 4.071409e-09
3 45 2 7.418812e-09
4 45 2 2.187867e-08
5 45 2 9.162360e-08
6 45 2 3.040166e-07
7 45 2 4.253153e-07
8 45 2 2.589740e-07
9 45 2 8.905534e-08
10 45 2 2.273769e-08
11 45 2 6.590677e-09
12 45 2 4.307341e-09
1 46 2 1.648840e-09
2 46 2 2.074281e-09
3 46 2 3.260612e-09
4 46 2 9.054391e-09
5 46 2 3.555622e-08
6 46 2 1.102914e-07
7 46 2 1.542899e-07
8 46 2 9.667983e-08
9 46 2 3.631570e-08
10 46 2 8.802495e-09
11 46 2 2.420153e-09
12 46 2 1.725908e-09
1 47 2 2.166648e-09
2 47 2 2.757357e-09
3 47 2 3.885548e-09
4 47 2 8.705678e-09
5 47 2 2.967330e-08
6 47 2 8.174988e-08
7 47 2 1.108703e-07
8 47 2 7.517800e-08
9 47 2 3.184770e-08
10 47 2 9.823050e-09
11 47 2 2.898057e-09
12 47 2 2.202908e-09
1 48 2 2.933883e-09
2 48 2 3.370263e-09
3 48 2 4.635608e-09
4 48 2 9.052364e-09
5 48 2 2.809122e-08
6 48 2 6.461463e-08
7 48 2 8.586683e-08
8 48 2 6.041224e-08
9 48 2 2.875866e-08
10 48 2 1.072225e-08
11 48 2 3.859875e-09
12 48 2 2.559634e-09
1 49 2 2.174765e-11
2 49 2 1.978845e-11
3 49 2 2.244590e-11
4 49 2 2.627094e-11
5 49 2 3.757304e-11
6 49 2 5.716520e-11
7 49 2 8.525249e-11
8 49 2 8.016799e-11
9 49 2 5.591625e-11
10 49 2 4.001346e-11
11 49 2 2.921306e-11
12 49 2 2.131088e-11
1 50 2 8.864678e-11
2 50 2 7.651983e-11
3 50 2 8.969306e-11
4 50 2 1.022408e-10
5 50 2 1.438968e-10
6 50 2 2.111666e-10
7 50 2 2.914409e-10
8 50 2 2.802679e-10
9 50 2 2.029395e-10
10 50 2 1.446638e-10
11 50 2 1.083070e-10
12 50 2 8.527993e-11
1 51 2 3.796379e-11
2 51 2 3.464791e-11
3 51 2 3.764878e-11
4 51 2 4.345914e-11
5 51 2 5.923591e-11
6 51 2 8.307366e-11
7 51 2 1.082571e-10
8 51 2 1.073582e-10
9 51 2 8.919891e-11
10 51 2 6.274023e-11
11 51 2 4.702150e-11
12 51 2 3.940545e-11
1 52 2 1.861753e-07
2 52 2 1.956862e-07
3 52 2 2.458263e-07
4 52 2 3.583813e-07
5 52 2 6.060699e-07
6 52 2 8.340878e-07
7 52 2 1.069873e-06
8 52 2 1.000697e-06
9 52 2 8.077999e-07
10 52 2 4.614679e-07
11 52 2 2.777585e-07
12 52 2 2.141941e-07
1 53 2 8.948724e-08
2 53 2 1.122738e-07
3 53 2 1.902155e-07
4 53 2 4.151836e-07
5 53 2 7.906364e-07
6 53 2 1.180622e-06
7 53 2 1.638843e-06
8 53 2 1.396485e-06
9 53 2 9.451517e-07
10 53 2 4.168517e-07
11 53 2 1.859271e-07
12 53 2 1.177924e-07
1 54 2 2.614922e-08
2 54 2 3.392223e-08
3 54 2 6.343594e-08
4 54 2 1.576321e-07
5 54 2 3.104860e-07
6 54 2 5.997174e-07
7 54 2 8.519270e-07
8 54 2 7.143627e-07
9 54 2 4.332497e-07
10 54 2 1.842600e-07
11 54 2 7.898224e-08
12 54 2 4.356814e-08
1 55 2 3.699784e-08
2 55 2 4.126245e-08
3 55 2 7.697397e-08
4 55 2 1.802384e-07
5 55 2 3.576662e-07
6 55 2 7.638312e-07
7 55 2 1.061783e-06
8 55 2 9.156959e-07
9 55 2 5.806750e-07
10 55 2 2.784244e-07
11 55 2 1.302641e-07
12 55 2 7.458961e-08
1 56 2 1.597007e-07
2 56 2 1.657344e-07
3 56 2 2.870564e-07
4 56 2 6.400949e-07
5 56 2 1.399162e-06
6 56 2 2.758056e-06
7 56 2 3.813254e-06
8 56 2 3.164808e-06
9 56 2 2.068593e-06
10 56 2 1.065814e-06
11 56 2 4.805086e-07
12 56 2 2.755763e-07
1 57 2 3.287106e-08
2 57 2 3.136225e-08
3 57 2 3.857378e-08
4 57 2 5.854897e-08
5 57 2 9.796159e-08
6 57 2 1.593957e-07
7 57 2 2.269814e-07
8 57 2 2.045656e-07
9 57 2 1.521970e-07
10 57 2 9.776341e-08
11 57 2 5.978284e-08
12 57 2 4.296322e-08
1 60 2 1.402756e-06
2 60 2 1.358442e-06
3 60 2 1.557863e-06
4 60 2 1.847603e-06
5 60 2 2.277948e-06
6 60 2 2.997764e-06
7 60 2 3.489997e-06
8 60 2 3.491464e-06
9 60 2 2.963010e-06
10 60 2 2.418800e-06
11 60 2 1.934475e-06
12 60 2 1.603481e-06
1 61 2 4.443734e-06
2 61 2 4.470463e-06
3 61 2 6.287630e-06
4 61 2 9.470498e-06
5 61 2 1.381457e-05
6 61 2 1.946249e-05
7 61 2 2.303197e-05
8 61 2 2.215866e-05
9 61 2 1.721786e-05
10 61 2 1.171169e-05
11 61 2 7.640248e-06
12 61 2 5.358806e-06
1 62 2 1.431544e-06
2 62 2 1.567878e-06
3 62 2 2.468127e-06
4 62 2 4.468062e-06
5 62 2 7.663689e-06
6 62 2 1.087155e-05
7 62 2 1.329371e-05
8 62 2 1.240920e-05
9 62 2 8.647007e-06
10 62 2 5.156547e-06
11 62 2 2.800233e-06
12 62 2 1.822312e-06
1 63 2 2.411454e-06
2 63 2 2.927402e-06
3 63 2 4.898313e-06
4 63 2 1.030239e-05
5 63 2 1.977199e-05
6 63 2 2.939421e-05
7 63 2 3.758809e-05
8 63 2 3.270900e-05
9 63 2 1.997763e-05
10 63 2 1.091000e-05
11 63 2 5.039410e-06
12 63 2 3.299011e-06
1 64 2 6.993242e-07
2 64 2 8.959072e-07
3 64 2 1.706023e-06
4 64 2 4.041000e-06
5 64 2 8.654548e-06
6 64 2 1.386261e-05
7 64 2 1.757115e-05
8 64 2 1.373672e-05
9 64 2 7.865441e-06
10 64 2 3.477138e-06
11 64 2 1.588881e-06
12 64 2 1.087363e-06
1 65 2 2.364761e-07
2 65 2 2.932319e-07
3 65 2 6.424160e-07
4 65 2 1.811636e-06
5 65 2 3.798423e-06
6 65 2 6.455562e-06
7 65 2 8.367325e-06
8 65 2 6.244918e-06
9 65 2 3.541920e-06
10 65 2 1.256873e-06
11 65 2 5.533000e-07
12 65 2 4.009757e-07
1 66 2 1.565215e-07
2 66 2 1.935094e-07
3 66 2 4.600271e-07
4 66 2 1.509196e-06
5 66 2 3.138051e-06
6 66 2 5.396019e-06
7 66 2 7.442010e-06
8 66 2 5.626167e-06
9 66 2 3.182632e-06
10 66 2 1.054442e-06
11 66 2 4.040781e-07
12 66 2 2.506417e-07
1 67 2 5.293115e-08
2 67 2 7.058123e-08
3 67 2 1.794885e-07
4 67 2 6.630462e-07
5 67 2 1.504413e-06
6 67 2 2.565788e-06
7 67 2 3.587255e-06
8 67 2 2.760686e-06
9 67 2 1.509903e-06
10 67 2 5.552619e-07
11 67 2 1.755780e-07
12 67 2 7.902673e-08
1 68 2 1.275962e-08
2 68 2 1.713274e-08
3 68 2 5.088328e-08
4 68 2 2.338864e-07
5 68 2 6.373703e-07
6 68 2 1.221399e-06
7 68 2 1.751255e-06
8 68 2 1.302468e-06
9 68 2 6.250670e-07
10 68 2 2.296421e-07
11 68 2 5.236654e-08
12 68 2 1.822174e-08
1 69 2 7.714369e-09
2 69 2 1.093754e-08
3 69 2 2.615639e-08
4 69 2 1.146973e-07
5 69 2 3.677824e-07
6 69 2 8.703983e-07
7 69 2 1.275126e-06
8 69 2 9.815893e-07
9 69 2 4.216844e-07
10 69 2 1.371155e-07
11 69 2 2.656803e-08
12 69 2 9.991303e-09
1 70 2 3.240970e-08
2 70 2 3.788074e-08
3 70 2 5.428201e-08
4 70 2 1.416190e-07
5 70 2 3.551353e-07
6 70 2 8.623697e-07
7 70 2 1.395903e-06
8 70 2 1.272232e-06
9 70 2 6.568951e-07
10 70 2 2.341496e-07
11 70 2 7.121436e-08
12 70 2 4.008852e-08
1 71 2 2.752617e-08
2 71 2 2.793263e-08
3 71 2 3.160789e-08
4 71 2 5.072111e-08
5 71 2 9.822794e-08
6 71 2 2.049127e-07
7 71 2 3.144767e-07
8 71 2 3.126687e-07
9 71 2 2.006053e-07
10 71 2 9.554562e-08
11 71 2 4.564457e-08
12 71 2 3.170170e-08
1 72 2 1.155003e-10
2 72 2 1.103128e-10
3 72 2 1.195125e-10
4 72 2 1.523796e-10
5 72 2 2.370915e-10
6 72 2 4.125471e-10
7 72 2 6.389881e-10
8 72 2 6.145567e-10
9 72 2 4.299644e-10
10 72 2 2.607061e-10
11 72 2 1.606309e-10
12 72 2 1.147116e-10
1 76 2 3.101805e-08
2 76 2 2.837833e-08
3 76 2 2.866395e-08
4 76 2 3.117954e-08
5 76 2 4.238912e-08
6 76 2 6.044418e-08
7 76 2 8.105230e-08
8 76 2 8.649766e-08
9 76 2 8.241544e-08
10 76 2 5.503705e-08
11 76 2 3.552873e-08
12 76 2 3.107296e-08
1 77 2 3.161955e-08
2 77 2 4.105773e-08
3 77 2 5.378317e-08
4 77 2 8.692542e-08
5 77 2 1.459513e-07
6 77 2 2.253336e-07
7 77 2 3.061675e-07
8 77 2 2.906026e-07
9 77 2 2.152661e-07
10 77 2 1.087550e-07
11 77 2 4.772201e-08
12 77 2 3.007894e-08
1 78 2 3.455439e-08
2 78 2 4.721370e-08
3 78 2 6.574791e-08
4 78 2 1.179258e-07
5 78 2 1.844019e-07
6 78 2 2.927662e-07
7 78 2 3.613875e-07
8 78 2 3.383955e-07
9 78 2 2.194120e-07
10 78 2 1.163585e-07
11 78 2 6.283608e-08
12 78 2 3.627739e-08
1 79 2 4.508582e-07
2 79 2 5.532104e-07
3 79 2 8.122725e-07
4 79 2 1.347289e-06
5 79 2 2.046905e-06
6 79 2 3.343969e-06
7 79 2 4.097616e-06
8 79 2 3.881764e-06
9 79 2 2.680382e-06
10 79 2 1.618000e-06
11 79 2 9.218529e-07
12 79 2 5.647101e-07
1 80 2 8.848943e-08
2 80 2 8.866221e-08
3 80 2 1.114096e-07
4 80 2 1.506386e-07
5 80 2 2.246641e-07
6 80 2 3.418183e-07
7 80 2 4.401429e-07
8 80 2 4.357342e-07
9 80 2 3.616514e-07
10 80 2 2.535554e-07
11 80 2 1.479141e-07
12 80 2 1.093332e-07
1 81 2 4.978064e-13
2 81 2 4.511325e-13
3 81 2 4.751651e-13
4 81 2 5.634293e-13
5 81 2 8.113331e-13
6 81 2 1.093248e-12
7 81 2 1.458751e-12
8 81 2 1.565208e-12
9 81 2 1.423262e-12
10 81 2 1.092059e-12
11 81 2 7.218930e-13
12 81 2 5.910110e-13
1 84 2 2.891563e-07
2 84 2 3.057109e-07
3 84 2 3.781032e-07
4 84 2 4.778043e-07
5 84 2 6.405913e-07
6 84 2 1.049655e-06
7 84 2 1.405828e-06
8 84 2 1.347132e-06
9 84 2 1.010816e-06
10 84 2 6.379266e-07
11 84 2 4.285444e-07
12 84 2 3.273616e-07
1 85 2 7.354337e-07
2 85 2 8.281563e-07
3 85 2 1.076737e-06
4 85 2 1.564398e-06
5 85 2 2.504261e-06
6 85 2 3.825650e-06
7 85 2 5.293143e-06
8 85 2 5.035413e-06
9 85 2 3.625839e-06
10 85 2 2.000034e-06
11 85 2 1.127935e-06
12 85 2 8.184306e-07
1 86 2 2.249136e-07
2 86 2 2.546493e-07
3 86 2 3.254230e-07
4 86 2 4.726851e-07
5 86 2 7.596983e-07
6 86 2 1.102306e-06
7 86 2 1.514275e-06
8 86 2 1.519229e-06
9 86 2 1.124518e-06
10 86 2 6.520959e-07
11 86 2 3.592065e-07
12 86 2 2.567224e-07
1 87 2 3.333676e-07
2 87 2 4.510080e-07
3 87 2 6.439568e-07
4 87 2 1.017949e-06
5 87 2 1.785856e-06
6 87 2 2.684368e-06
7 87 2 3.639172e-06
8 87 2 3.708195e-06
9 87 2 2.688458e-06
10 87 2 1.513673e-06
11 87 2 6.650682e-07
12 87 2 4.042603e-07
1 88 2 1.197839e-07
2 88 2 1.701028e-07
3 88 2 2.667463e-07
4 88 2 5.061227e-07
5 88 2 1.038713e-06
6 88 2 1.632571e-06
7 88 2 2.090734e-06
8 88 2 1.833738e-06
9 88 2 1.184962e-06
10 88 2 5.599909e-07
11 88 2 2.870899e-07
12 88 2 1.594679e-07
1 89 2 9.231581e-08
2 89 2 1.284455e-07
3 89 2 2.437855e-07
4 89 2 4.585190e-07
5 89 2 9.150273e-07
6 89 2 1.366944e-06
7 89 2 1.594629e-06
8 89 2 1.396515e-06
9 89 2 9.113731e-07
10 89 2 4.336955e-07
11 89 2 2.386410e-07
12 89 2 1.320888e-07
1 90 2 5.515635e-08
2 90 2 7.269424e-08
3 90 2 1.442539e-07
4 90 2 2.589051e-07
5 90 2 3.975337e-07
6 90 2 5.262025e-07
7 90 2 5.909579e-07
8 90 2 5.467997e-07
9 90 2 3.984842e-07
10 90 2 2.376789e-07
11 90 2 1.310450e-07
12 90 2 7.460106e-08
1 91 2 1.582201e-10
2 91 2 2.238744e-10
3 91 2 4.677233e-10
4 91 2 8.838500e-10
5 91 2 1.304425e-09
6 91 2 1.658045e-09
7 91 2 1.861744e-09
8 91 2 1.707397e-09
9 91 2 1.227654e-09
10 91 2 7.599208e-10
11 91 2 3.938512e-10
12 91 2 2.021861e-10
1 92 2 8.492806e-10
2 92 2 1.213146e-09
3 92 2 3.041050e-09
4 92 2 7.255241e-09
5 92 2 1.368233e-08
6 92 2 2.096615e-08
7 92 2 2.516704e-08
8 92 2 2.290604e-08
9 92 2 1.433024e-08
10 92 2 7.616061e-09
11 92 2 2.987025e-09
12 92 2 1.282256e-09
1 93 2 2.468133e-07
2 93 2 2.978024e-07
3 93 2 6.122975e-07
4 93 2 1.427027e-06
5 93 2 2.545736e-06
6 93 2 4.039905e-06
7 93 2 5.419321e-06
8 93 2 5.327654e-06
9 93 2 3.583407e-06
10 93 2 2.063607e-06
11 93 2 8.837488e-07
12 93 2 3.680991e-07
1 94 2 2.972865e-07
2 94 2 2.957878e-07
3 94 2 3.949482e-07
4 94 2 6.999211e-07
5 94 2 1.194723e-06
6 94 2 1.881237e-06
7 94 2 2.598922e-06
8 94 2 2.832249e-06
9 94 2 2.332966e-06
10 94 2 1.408174e-06
11 94 2 7.558020e-07
12 94 2 4.129521e-07
1 98 2 3.923571e-09
2 98 2 3.652324e-09
3 98 2 3.439229e-09
4 98 2 3.661788e-09
5 98 2 4.155878e-09
6 98 2 4.755553e-09
7 98 2 5.349020e-09
8 98 2 5.637607e-09
9 98 2 5.563056e-09
10 98 2 5.258574e-09
11 98 2 4.730050e-09
12 98 2 4.304396e-09
1 101 2 1.546434e-08
2 101 2 1.589014e-08
3 101 2 1.628327e-08
4 101 2 2.007975e-08
5 101 2 2.582295e-08
6 101 2 3.015098e-08
7 101 2 3.218445e-08
8 101 2 3.224995e-08
9 101 2 3.100402e-08
10 101 2 2.658277e-08
11 101 2 2.044143e-08
12 101 2 1.639548e-08
1 102 2 9.915698e-08
2 102 2 1.120833e-07
3 102 2 1.377524e-07
4 102 2 1.723006e-07
5 102 2 1.993926e-07
6 102 2 2.176727e-07
7 102 2 2.238023e-07
8 102 2 2.266302e-07
9 102 2 2.042571e-07
10 102 2 1.573599e-07
11 102 2 1.263010e-07
12 102 2 1.035194e-07
1 103 2 5.533605e-08
2 103 2 5.647090e-08
3 103 2 6.154620e-08
4 103 2 6.954487e-08
5 103 2 8.099054e-08
6 103 2 9.268331e-08
7 103 2 1.002716e-07
8 103 2 1.052328e-07
9 103 2 1.032116e-07
10 103 2 9.019797e-08
11 103 2 7.420199e-08
12 103 2 6.169650e-08
1 104 2 2.594627e-08
2 104 2 2.489738e-08
3 104 2 2.516791e-08
4 104 2 2.759298e-08
5 104 2 3.226479e-08
6 104 2 3.702541e-08
7 104 2 4.155456e-08
8 104 2 4.488905e-08
9 104 2 4.525038e-08
10 104 2 4.227281e-08
11 104 2 3.477319e-08
12 104 2 2.879216e-08
1 107 2 9.487086e-09
2 107 2 1.000870e-08
3 107 2 1.168552e-08
4 107 2 1.339032e-08
5 107 2 1.501640e-08
6 107 2 1.922460e-08
7 107 2 2.101330e-08
8 107 2 2.092828e-08
9 107 2 1.959200e-08
10 107 2 1.675806e-08
11 107 2 1.332204e-08
12 107 2 1.041834e-08
1 108 2 1.258383e-09
2 108 2 1.608215e-09
3 108 2 2.336105e-09
4 108 2 3.618116e-09
5 108 2 5.616283e-09
6 108 2 7.708524e-09
7 108 2 8.251742e-09
8 108 2 7.292803e-09
9 108 2 5.901028e-09
10 108 2 4.071301e-09
11 108 2 2.120734e-09
12 108 2 1.350055e-09
1 109 2 2.387403e-09
2 109 2 3.153412e-09
3 109 2 4.932140e-09
4 109 2 8.559308e-09
5 109 2 1.458321e-08
6 109 2 1.838287e-08
7 109 2 1.867866e-08
8 109 2 1.717093e-08
9 109 2 1.378875e-08
10 109 2 9.675072e-09
11 109 2 4.303232e-09
12 109 2 2.513788e-09
1 110 2 1.051460e-09
2 110 2 1.339359e-09
3 110 2 2.151079e-09
4 110 2 3.329786e-09
5 110 2 5.164364e-09
6 110 2 5.980582e-09
7 110 2 6.429702e-09
8 110 2 6.358926e-09
9 110 2 5.354067e-09
10 110 2 3.903454e-09
11 110 2 1.888119e-09
12 110 2 1.111367e-09
1 111 2 3.608231e-08
2 111 2 4.512845e-08
3 111 2 7.306197e-08
4 111 2 1.107315e-07
5 111 2 1.673545e-07
6 111 2 2.146286e-07
7 111 2 2.268785e-07
8 111 2 2.247144e-07
9 111 2 1.913639e-07
10 111 2 1.245687e-07
11 111 2 6.710424e-08
12 111 2 4.098850e-08
1 112 2 4.157210e-08
2 112 2 5.360214e-08
3 112 2 9.403342e-08
4 112 2 1.563721e-07
5 112 2 2.377901e-07
6 112 2 2.897753e-07
7 112 2 2.951284e-07
8 112 2 2.750902e-07
9 112 2 2.100011e-07
10 112 2 1.394141e-07
11 112 2 8.000915e-08
12 112 2 4.918082e-08
1 113 2 2.384785e-08
2 113 2 3.021301e-08
3 113 2 5.075803e-08
4 113 2 7.590401e-08
5 113 2 9.340714e-08
6 113 2 8.155825e-08
7 113 2 6.998181e-08
8 113 2 6.683833e-08
9 113 2 6.610625e-08
10 113 2 6.036132e-08
11 113 2 4.221896e-08
12 113 2 2.851511e-08
1 114 2 6.499310e-08
2 114 2 8.813393e-08
3 114 2 1.570256e-07
4 114 2 2.288938e-07
5 114 2 2.640762e-07
6 114 2 1.933186e-07
7 114 2 1.596681e-07
8 114 2 1.463552e-07
9 114 2 1.412379e-07
10 114 2 1.264106e-07
11 114 2 9.636550e-08
12 114 2 7.138148e-08
1 115 2 2.223159e-08
2 115 2 3.234497e-08
3 115 2 5.127205e-08
4 115 2 6.355618e-08
5 115 2 5.675868e-08
6 115 2 5.269857e-08
7 115 2 5.082679e-08
8 115 2 4.876471e-08
9 115 2 4.484899e-08
10 115 2 4.007944e-08
11 115 2 3.044605e-08
12 115 2 2.184275e-08
1 116 2 1.612432e-08
2 116 2 2.064110e-08
3 116 2 3.156516e-08
4 116 2 4.467933e-08
5 116 2 5.196488e-08
6 116 2 5.917481e-08
7 116 2 6.203788e-08
8 116 2 5.938402e-08
9 116 2 4.810767e-08
10 116 2 3.846100e-08
11 116 2 2.794117e-08
12 116 2 1.840644e-08
1 117 2 9.388346e-09
2 117 2 9.803781e-09
3 117 2 1.238127e-08
4 117 2 1.694837e-08
5 117 2 2.158237e-08
6 117 2 2.557034e-08
7 117 2 2.722229e-08
8 117 2 2.718659e-08
9 117 2 2.480612e-08
10 117 2 2.123554e-08
11 117 2 1.714264e-08
12 117 2 1.238363e-08
1 126 2 2.851552e-10
2 126 2 2.963896e-10
3 126 2 3.212458e-10
4 126 2 3.392160e-10
5 126 2 3.351486e-10
6 126 2 3.114830e-10
7 126 2 3.002515e-10
8 126 2 3.031850e-10
9 126 2 3.015799e-10
10 126 2 2.963505e-10
11 126 2 2.895712e-10
12 126 2 2.851869e-10
1 127 2 2.872915e-08
2 127 2 2.921813e-08
3 127 2 3.083912e-08
4 127 2 3.201755e-08
5 127 2 3.245375e-08
6 127 2 3.143557e-08
7 127 2 3.144424e-08
8 127 2 3.216584e-08
9 127 2 3.182295e-08
10 127 2 3.054755e-08
11 127 2 2.960436e-08
12 127 2 2.923791e-08
1 128 2 1.302525e-07
2 128 2 1.337682e-07
3 128 2 1.373215e-07
4 128 2 1.340492e-07
5 128 2 1.303968e-07
6 128 2 1.264798e-07
7 128 2 1.348041e-07
8 128 2 1.532728e-07
9 128 2 1.611650e-07
10 128 2 1.522279e-07
11 128 2 1.384291e-07
12 128 2 1.304277e-07
1 129 2 3.713493e-09
2 129 2 3.662506e-09
3 129 2 3.754879e-09
4 129 2 3.863771e-09
5 129 2 3.923388e-09
6 129 2 4.029525e-09
7 129 2 4.210455e-09
8 129 2 4.589389e-09
9 129 2 4.794945e-09
10 129 2 4.816069e-09
11 129 2 4.397236e-09
12 129 2 3.906409e-09
1 133 2 7.972478e-08
2 133 2 9.269185e-08
3 133 2 1.112716e-07
4 133 2 1.142465e-07
5 133 2 1.089794e-07
6 133 2 1.001668e-07
7 133 2 8.939983e-08
8 133 2 8.371278e-08
9 133 2 8.729378e-08
10 133 2 9.297124e-08
11 133 2 8.869605e-08
12 133 2 7.760910e-08
1 135 2 3.447687e-09
2 135 2 3.884337e-09
3 135 2 4.619364e-09
4 135 2 4.974840e-09
5 135 2 4.780345e-09
6 135 2 4.264557e-09
7 135 2 3.684154e-09
8 135 2 3.721024e-09
9 135 2 3.954014e-09
10 135 2 3.718520e-09
11 135 2 3.564169e-09
12 135 2 3.348050e-09
1 136 2 3.854963e-09
2 136 2 3.967538e-09
3 136 2 4.906600e-09
4 136 2 5.964933e-09
5 136 2 6.531869e-09
6 136 2 5.959557e-09
7 136 2 5.273511e-09
8 136 2 5.261416e-09
9 136 2 5.288610e-09
10 136 2 4.974985e-09
11 136 2 4.703822e-09
12 136 2 4.177053e-09
1 137 2 9.377869e-10
2 137 2 9.838351e-10
3 137 2 1.127987e-09
4 137 2 1.239492e-09
5 137 2 1.223454e-09
6 137 2 1.125701e-09
7 137 2 1.041393e-09
8 137 2 1.004840e-09
9 137 2 1.005471e-09
10 137 2 1.047469e-09
11 137 2 1.035620e-09
12 137 2 9.764970e-10
1 138 2 3.750006e-08
2 138 2 4.123730e-08
3 138 2 4.784136e-08
4 138 2 5.324446e-08
5 138 2 5.372039e-08
6 138 2 4.721483e-08
7 138 2 4.374001e-08
8 138 2 4.218182e-08
9 138 2 4.229691e-08
10 138 2 4.254338e-08
11 138 2 4.126789e-08
12 138 2 3.827251e-08
1 139 2 6.329555e-08
2 139 2 7.208194e-08
3 139 2 8.054447e-08
4 139 2 8.453716e-08
5 139 2 8.334582e-08
6 139 2 7.761759e-08
7 139 2 7.343798e-08
8 139 2 7.069618e-08
9 139 2 6.977985e-08
10 139 2 7.032157e-08
11 139 2 6.691635e-08
12 139 2 6.125299e-08
1 140 2 2.096469e-08
2 140 2 2.167827e-08
3 140 2 2.354428e-08
4 140 2 2.667528e-08
5 140 2 2.832533e-08
6 140 2 2.720653e-08
7 140 2 2.576017e-08
8 140 2 2.484546e-08
9 140 2 2.448326e-08
10 140 2 2.461857e-08
11 140 2 2.409861e-08
12 140 2 2.246726e-08
1 141 2 3.287563e-08
2 141 2 3.253547e-08
3 141 2 3.346737e-08
4 141 2 3.673016e-08
5 141 2 3.963671e-08
6 141 2 3.919424e-08
7 141 2 3.813438e-08
8 141 2 3.697875e-08
9 141 2 3.666536e-08
10 141 2 3.675155e-08
11 141 2 3.711838e-08
12 141 2 3.603905e-08
1 150 2 3.806853e-11
2 150 2 4.167199e-11
3 150 2 4.460513e-11
4 150 2 4.561239e-11
5 150 2 4.267929e-11
6 150 2 3.764121e-11
7 150 2 3.433929e-11
8 150 2 3.351007e-11
9 150 2 3.242670e-11
10 150 2 3.168894e-11
11 150 2 3.230504e-11
12 150 2 3.437164e-11
1 151 2 2.468608e-08
2 151 2 2.625653e-08
3 151 2 2.783970e-08
4 151 2 2.849615e-08
5 151 2 2.757201e-08
6 151 2 2.595380e-08
7 151 2 2.538033e-08
8 151 2 2.636022e-08
9 151 2 2.509727e-08
10 151 2 2.355119e-08
11 151 2 2.286061e-08
12 151 2 2.343092e-08
1 152 2 1.956358e-08
2 152 2 1.981647e-08
3 152 2 1.999992e-08
4 152 2 1.900509e-08
5 152 2 1.826898e-08
6 152 2 1.794270e-08
7 152 2 2.051331e-08
8 152 2 2.735203e-08
9 152 2 2.903717e-08
10 152 2 2.474865e-08
11 152 2 2.122299e-08
12 152 2 1.962691e-08
1 153 2 2.267647e-08
2 153 2 2.322652e-08
3 153 2 2.450558e-08
4 153 2 2.403674e-08
5 153 2 2.321232e-08
6 153 2 2.278985e-08
7 153 2 2.660299e-08
8 153 2 3.476532e-08
9 153 2 4.228432e-08
10 153 2 3.779350e-08
11 153 2 2.858884e-08
12 153 2 2.385352e-08
1 154 2 6.171625e-08
2 154 2 6.138140e-08
3 154 2 6.387523e-08
4 154 2 6.120432e-08
5 154 2 5.723161e-08
6 154 2 5.148050e-08
7 154 2 4.861112e-08
8 154 2 5.063975e-08
9 154 2 5.709565e-08
10 154 2 6.416531e-08
11 154 2 6.762308e-08
12 154 2 6.538829e-08
1 157 2 2.457653e-09
2 157 2 2.552027e-09
3 157 2 2.732311e-09
4 157 2 2.693820e-09
5 157 2 2.625700e-09
6 157 2 2.468610e-09
7 157 2 2.355406e-09
8 157 2 2.331663e-09
9 157 2 2.314811e-09
10 157 2 2.355172e-09
11 157 2 2.372057e-09
12 157 2 2.403013e-09
1 163 2 1.144365e-08
2 163 2 1.159698e-08
3 163 2 1.194112e-08
4 163 2 1.265766e-08
5 163 2 1.267002e-08
6 163 2 1.171393e-08
7 163 2 1.082949e-08
8 163 2 1.016910e-08
9 163 2 1.031472e-08
10 163 2 1.091257e-08
11 163 2 1.133916e-08
12 163 2 1.142801e-08
1 164 2 4.329342e-08
2 164 2 4.292325e-08
3 164 2 4.411809e-08
4 164 2 4.617625e-08
5 164 2 4.563308e-08
6 164 2 4.220708e-08
7 164 2 3.906638e-08
8 164 2 3.816065e-08
9 164 2 4.086228e-08
10 164 2 4.476644e-08
11 164 2 4.567052e-08
12 164 2 4.491000e-08
1 165 2 1.889649e-08
2 165 2 1.851990e-08
3 165 2 1.875272e-08
4 165 2 1.916750e-08
5 165 2 1.895712e-08
6 165 2 1.744324e-08
7 165 2 1.644659e-08
8 165 2 1.664693e-08
9 165 2 1.774383e-08
10 165 2 1.897200e-08
11 165 2 1.995775e-08
12 165 2 1.998126e-08
1 166 2 8.244822e-09
2 166 2 8.162514e-09
3 166 2 8.027656e-09
4 166 2 7.989994e-09
5 166 2 7.728373e-09
6 166 2 7.147458e-09
7 166 2 6.749363e-09
8 166 2 6.799718e-09
9 166 2 7.054204e-09
10 166 2 7.420505e-09
11 166 2 8.000394e-09
12 166 2 8.403495e-09
1 170 2 3.785921e-10
2 170 2 4.163764e-10
3 170 2 4.090875e-10
4 170 2 3.718387e-10
5 170 2 3.098527e-10
6 170 2 2.605320e-10
7 170 2 2.464225e-10
8 170 2 2.352541e-10
9 170 2 2.392109e-10
10 170 2 2.663596e-10
11 170 2 2.938783e-10
12 170 2 3.384190e-10
1 171 2 1.361981e-09
2 171 2 1.495064e-09
3 171 2 1.513164e-09
4 171 2 1.346237e-09
5 171 2 1.119918e-09
6 171 2 9.597169e-10
7 171 2 8.713197e-10
8 171 2 8.256028e-10
9 171 2 8.376319e-10
10 171 2 9.111097e-10
11 171 2 1.039887e-09
12 171 2 1.228526e-09
1 175 2 3.922389e-11
2 175 2 4.146879e-11
3 175 2 4.158774e-11
4 175 2 3.895187e-11
5 175 2 3.384304e-11
6 175 2 3.083959e-11
7 175 2 3.019969e-11
8 175 2 2.994472e-11
9 175 2 2.785185e-11
10 175 2 2.815428e-11
11 175 2 2.943504e-11
12 175 2 3.433614e-11
1 176 2 1.865772e-07
2 176 2 1.879760e-07
3 176 2 1.840279e-07
4 176 2 1.625366e-07
5 176 2 1.314849e-07
6 176 2 1.191500e-07
7 176 2 1.189327e-07
8 176 2 1.356864e-07
9 176 2 1.477765e-07
10 176 2 1.577135e-07
11 176 2 1.683474e-07
12 176 2 1.788263e-07
1 177 2 1.732731e-07
2 177 2 1.683742e-07
3 177 2 1.589766e-07
4 177 2 1.390144e-07
5 177 2 1.136759e-07
6 177 2 9.706963e-08
7 177 2 1.009995e-07
8 177 2 1.210159e-07
9 177 2 1.520981e-07
10 177 2 1.581762e-07
11 177 2 1.613846e-07
12 177 2 1.617143e-07
1 178 2 4.520773e-08
2 178 2 4.467937e-08
3 178 2 4.282844e-08
4 178 2 3.589712e-08
5 178 2 3.125579e-08
6 178 2 2.641810e-08
7 178 2 2.516156e-08
8 178 2 2.534675e-08
9 178 2 2.890733e-08
10 178 2 3.110346e-08
11 178 2 3.512959e-08
12 178 2 3.900123e-08
1 181 2 5.526697e-10
2 181 2 5.837412e-10
3 181 2 5.917799e-10
4 181 2 5.658208e-10
5 181 2 4.666257e-10
6 181 2 4.034898e-10
7 181 2 3.567680e-10
8 181 2 3.651230e-10
9 181 2 3.955737e-10
10 181 2 4.283325e-10
11 181 2 4.850921e-10
12 181 2 5.164828e-10
1 182 2 6.593224e-08
2 182 2 6.094172e-08
3 182 2 5.746531e-08
4 182 2 4.800292e-08
5 182 2 3.759056e-08
6 182 2 2.811549e-08
7 182 2 2.787645e-08
8 182 2 3.873778e-08
9 182 2 5.375283e-08
10 182 2 6.592593e-08
11 182 2 7.286172e-08
12 182 2 6.993649e-08
1 183 2 1.403094e-08
2 183 2 1.347907e-08
3 183 2 1.286830e-08
4 183 2 1.166803e-08
5 183 2 9.817283e-09
6 183 2 7.967889e-09
7 183 2 7.413284e-09
8 183 2 8.802992e-09
9 183 2 1.023548e-08
10 183 2 1.210856e-08
11 183 2 1.318255e-08
12 183 2 1.355910e-08
1 184 2 4.382296e-09
2 184 2 4.440396e-09
3 184 2 4.300454e-09
4 184 2 3.870130e-09
5 184 2 3.217421e-09
6 184 2 2.600283e-09
7 184 2 2.344801e-09
8 184 2 2.448916e-09
9 184 2 2.594217e-09
10 184 2 2.979132e-09
11 184 2 3.485784e-09
12 184 2 3.973023e-09
1 188 2 7.247280e-10
2 188 2 7.184093e-10
3 188 2 6.659009e-10
4 188 2 5.437535e-10
5 188 2 3.843032e-10
6 188 2 2.923146e-10
7 188 2 2.515344e-10
8 188 2 2.558675e-10
9 188 2 3.465712e-10
10 188 2 4.554433e-10
11 188 2 5.423878e-10
12 188 2 6.765035e-10
1 189 2 6.321218e-10
2 189 2 5.842080e-10
3 189 2 5.299287e-10
4 189 2 3.916960e-10
5 189 2 2.593379e-10
6 189 2 1.833940e-10
7 189 2 1.743685e-10
8 189 2 2.141822e-10
9 189 2 3.445496e-10
10 189 2 4.905881e-10
11 189 2 5.967188e-10
12 189 2 6.235683e-10
1 190 2 2.588617e-09
2 190 2 2.452763e-09
3 190 2 2.129003e-09
4 190 2 1.507929e-09
5 190 2 1.052081e-09
6 190 2 7.632251e-10
7 190 2 7.171356e-10
8 190 2 8.645048e-10
9 190 2 1.214294e-09
10 190 2 1.655376e-09
11 190 2 2.169071e-09
12 190 2 2.433657e-09
1 191 2 1.991364e-09
2 191 2 2.063579e-09
3 191 2 2.005809e-09
4 191 2 1.657024e-09
5 191 2 1.362601e-09
6 191 2 1.119353e-09
7 191 2 9.840999e-10
8 191 2 9.994391e-10
9 191 2 1.090408e-09
10 191 2 1.223871e-09
11 191 2 1.505233e-09
12 191 2 1.770893e-09
1 192 2 2.615159e-09
2 192 2 2.826259e-09
3 192 2 2.753649e-09
4 192 2 2.384248e-09
5 192 2 2.015049e-09
6 192 2 1.715733e-09
7 192 2 1.507788e-09
8 192 2 1.401089e-09
9 192 2 1.442627e-09
10 192 2 1.584169e-09
11 192 2 1.891088e-09
12 192 2 2.270784e-09
1 200 2 9.496224e-07
2 200 2 9.769252e-07
3 200 2 7.989104e-07
4 200 2 5.281368e-07
5 200 2 3.456920e-07
6 200 2 2.815342e-07
7 200 2 2.674721e-07
8 200 2 2.884459e-07
9 200 2 3.195049e-07
10 200 2 4.085026e-07
11 200 2 5.676746e-07
12 200 2 7.821401e-07
1 201 2 5.532567e-07
2 201 2 5.708463e-07
3 201 2 5.225758e-07
4 201 2 4.022415e-07
5 201 2 3.031275e-07
6 201 2 2.507857e-07
7 201 2 2.370065e-07
8 201 2 2.451617e-07
9 201 2 2.426367e-07
10 201 2 2.887063e-07
11 201 2 3.680229e-07
12 201 2 4.583611e-07
1 206 2 4.380332e-08
2 206 2 4.731330e-08
3 206 2 4.280587e-08
4 206 2 3.652820e-08
5 206 2 3.020863e-08
6 206 2 2.633938e-08
7 206 2 2.259115e-08
8 206 2 2.218165e-08
9 206 2 2.401140e-08
10 206 2 2.717955e-08
11 206 2 3.186071e-08
12 206 2 3.753522e-08
1 207 2 1.662313e-09
2 207 2 1.815037e-09
3 207 2 1.721342e-09
4 207 2 1.560828e-09
5 207 2 1.384225e-09
6 207 2 1.187243e-09
7 207 2 1.046449e-09
8 207 2 1.030485e-09
9 207 2 1.039694e-09
10 207 2 1.145185e-09
11 207 2 1.234170e-09
12 207 2 1.411814e-09
1 212 2 1.020128e-09
2 212 2 1.088923e-09
3 212 2 9.665258e-10
4 212 2 8.125492e-10
5 212 2 6.333178e-10
6 212 2 5.111401e-10
7 212 2 4.242752e-10
8 212 2 4.100581e-10
9 212 2 4.657139e-10
10 212 2 5.495206e-10
11 212 2 6.518272e-10
12 212 2 8.618400e-10
1 213 2 2.220292e-10
2 213 2 2.426612e-10
3 213 2 2.056458e-10
4 213 2 1.740204e-10
5 213 2 1.342800e-10
6 213 2 1.035110e-10
7 213 2 8.785050e-11
8 213 2 8.576336e-11
9 213 2 1.033056e-10
10 213 2 1.273122e-10
11 213 2 1.563378e-10
12 213 2 1.913134e-10
1 214 2 7.899789e-09
2 214 2 8.374766e-09
3 214 2 6.728604e-09
4 214 2 4.997569e-09
5 214 2 3.694120e-09
6 214 2 2.722398e-09
7 214 2 2.357638e-09
8 214 2 2.430546e-09
9 214 2 3.068046e-09
10 214 2 4.113202e-09
11 214 2 5.630596e-09
12 214 2 6.828933e-09
1 215 2 2.926537e-09
2 215 2 3.010333e-09
3 215 2 2.806675e-09
4 215 2 2.236801e-09
5 215 2 1.816853e-09
6 215 2 1.459804e-09
7 215 2 1.261472e-09
8 215 2 1.264574e-09
9 215 2 1.422099e-09
10 215 2 1.691841e-09
11 215 2 2.130260e-09
12 215 2 2.573472e-09
1 216 2 2.307049e-08
2 216 2 2.408728e-08
3 216 2 2.258794e-08
4 216 2 1.836268e-08
5 216 2 1.470378e-08
6 216 2 1.264919e-08
7 216 2 1.111534e-08
8 216 2 1.062833e-08
9 216 2 1.102877e-08
10 216 2 1.253524e-08
11 216 2 1.507776e-08
12 216 2 1.937765e-08
1 224 2 2.774091e-08
2 224 2 3.032738e-08
3 224 2 2.646434e-08
4 224 2 2.278977e-08
5 224 2 1.840316e-08
6 224 2 1.563912e-08
7 224 2 1.420799e-08
8 224 2 1.484008e-08
9 224 2 1.526133e-08
10 224 2 1.800001e-08
11 224 2 2.149556e-08
12 224 2 2.564590e-08
1 240 2 1.425013e-09
2 240 2 1.453504e-09
3 240 2 1.329194e-09
4 240 2 1.173887e-09
5 240 2 1.020259e-09
6 240 2 8.800087e-10
7 240 2 8.621572e-10
8 240 2 8.888340e-10
9 240 2 8.652266e-10
10 240 2 9.317586e-10
11 240 2 1.023774e-09
12 240 2 1.268790e-09
