1 7 2 2.392113e-12
2 7 2 2.043556e-12
3 7 2 2.234925e-12
4 7 2 5.776363e-12
5 7 2 1.987483e-11
6 7 2 5.353038e-11
7 7 2 7.242818e-11
8 7 2 4.938222e-11
9 7 2 2.135615e-11
10 7 2 9.362476e-12
11 7 2 4.960368e-12
12 7 2 2.926294e-12
1 25 2 1.344919e-09
2 25 2 1.276996e-09
3 25 2 1.799076e-09
4 25 2 3.282914e-09
5 25 2 9.184011e-09
6 25 2 1.665403e-08
7 25 2 2.018957e-08
8 25 2 1.548183e-08
9 25 2 8.748054e-09
10 25 2 4.093772e-09
11 25 2 1.951958e-09
12 25 2 1.130373e-09
1 26 2 3.470613e-11
2 26 2 2.856347e-11
3 26 2 4.723204e-11
4 26 2 1.054258e-10
5 26 2 2.969682e-10
6 26 2 5.672009e-10
7 26 2 6.154114e-10
8 26 2 4.604527e-10
9 26 2 2.518434e-10
10 26 2 1.013768e-10
11 26 2 5.296524e-11
12 26 2 3.274572e-11
1 27 2 5.584410e-10
2 27 2 4.930533e-10
3 27 2 8.643198e-10
4 27 2 2.201316e-09
5 27 2 6.199071e-09
6 27 2 1.281423e-08
7 27 2 1.445229e-08
8 27 2 1.087786e-08
9 27 2 5.621291e-09
10 27 2 2.110931e-09
11 27 2 1.118718e-09
12 27 2 6.920040e-10
1 28 2 2.483502e-10
2 28 2 2.260053e-10
3 28 2 3.801017e-10
4 28 2 1.033207e-09
5 28 2 2.950438e-09
6 28 2 6.316841e-09
7 28 2 7.531143e-09
8 28 2 5.674800e-09
9 28 2 2.919238e-09
10 28 2 1.136902e-09
11 28 2 5.675577e-10
12 28 2 3.538407e-10
1 29 2 3.331762e-10
2 29 2 3.151857e-10
3 29 2 5.021064e-10
4 29 2 1.509750e-09
5 29 2 4.514818e-09
6 29 2 1.111137e-08
7 29 2 1.513625e-08
8 29 2 1.126148e-08
9 29 2 5.171832e-09
10 29 2 1.916873e-09
11 29 2 9.061137e-10
12 29 2 5.656359e-10
1 30 2 7.556129e-11
2 30 2 6.608305e-11
3 30 2 1.050291e-10
4 30 2 3.214644e-10
5 30 2 8.905064e-10
6 30 2 2.421831e-09
7 30 2 3.510328e-09
8 30 2 2.688233e-09
9 30 2 1.216332e-09
10 30 2 4.760946e-10
11 30 2 2.196093e-10
12 30 2 1.315237e-10
1 31 2 1.349084e-10
2 31 2 1.039583e-10
3 31 2 1.579253e-10
4 31 2 4.395584e-10
5 31 2 1.135153e-09
6 31 2 2.988801e-09
7 31 2 4.214873e-09
8 31 2 3.402141e-09
9 31 2 1.701977e-09
10 31 2 7.794216e-10
11 31 2 3.742176e-10
12 31 2 2.085314e-10
1 32 2 1.592620e-10
2 32 2 1.318383e-10
3 32 2 1.842872e-10
4 32 2 4.094935e-10
5 32 2 1.093702e-09
6 32 2 2.590765e-09
7 32 2 3.342394e-09
8 32 2 2.760968e-09
9 32 2 1.541756e-09
10 32 2 7.947907e-10
11 32 2 4.107153e-10
12 32 2 2.130012e-10
1 35 2 1.124409e-08
2 35 2 1.071393e-08
3 35 2 1.163850e-08
4 35 2 1.550935e-08
5 35 2 2.431297e-08
6 35 2 3.713122e-08
7 35 2 4.468025e-08
8 35 2 4.102831e-08
9 35 2 2.788442e-08
10 35 2 2.016040e-08
11 35 2 1.527043e-08
12 35 2 1.240584e-08
1 36 2 1.346070e-09
2 36 2 1.263698e-09
3 36 2 1.400551e-09
4 36 2 1.682184e-09
5 36 2 2.300666e-09
6 36 2 3.318901e-09
7 36 2 3.908727e-09
8 36 2 3.981926e-09
9 36 2 3.039523e-09
10 36 2 2.381344e-09
11 36 2 1.822647e-09
12 36 2 1.510217e-09
1 37 2 3.112640e-08
2 37 2 3.012603e-08
3 37 2 3.796020e-08
4 37 2 4.881172e-08
5 37 2 7.379400e-08
6 37 2 1.119246e-07
7 37 2 1.301741e-07
8 37 2 1.279642e-07
9 37 2 9.416974e-08
10 37 2 7.061083e-08
11 37 2 4.976731e-08
12 37 2 3.812600e-08
1 38 2 1.607576e-07
2 38 2 1.606135e-07
3 38 2 2.446735e-07
4 38 2 3.627688e-07
5 38 2 6.623218e-07
6 38 2 1.175239e-06
7 38 2 1.393200e-06
8 38 2 1.208310e-06
9 38 2 7.804759e-07
10 38 2 5.334545e-07
11 38 2 3.048264e-07
12 38 2 2.199745e-07
1 39 2 1.727320e-07
2 39 2 1.799520e-07
3 39 2 2.914851e-07
4 39 2 4.500772e-07
5 39 2 8.732988e-07
6 39 2 1.688307e-06
7 39 2 2.096405e-06
8 39 2 1.697286e-06
9 39 2 1.069820e-06
10 39 2 6.755788e-07
11 39 2 3.419634e-07
12 39 2 2.496085e-07
1 40 2 4.281240e-08
2 40 2 4.697263e-08
3 40 2 8.377501e-08
4 40 2 1.408743e-07
5 40 2 3.079584e-07
6 40 2 6.992011e-07
7 40 2 8.748085e-07
8 40 2 6.417376e-07
9 40 2 3.953038e-07
10 40 2 2.129934e-07
11 40 2 9.124022e-08
12 40 2 6.797111e-08
1 41 2 2.281368e-08
2 41 2 2.438896e-08
3 41 2 4.887467e-08
4 41 2 8.704924e-08
5 41 2 2.183323e-07
6 41 2 5.540405e-07
7 41 2 7.163414e-07
8 41 2 5.024386e-07
9 41 2 2.807860e-07
10 41 2 1.216953e-07
11 41 2 4.675205e-08
12 41 2 3.896723e-08
1 42 2 1.233725e-08
2 42 2 1.290501e-08
3 42 2 2.782948e-08
4 42 2 5.489899e-08
5 42 2 1.560686e-07
6 42 2 4.328875e-07
7 42 2 6.059918e-07
8 42 2 4.046909e-07
9 42 2 1.916423e-07
10 42 2 6.858673e-08
11 42 2 2.557044e-08
12 42 2 2.097683e-08
1 43 2 3.462981e-10
2 43 2 3.590665e-10
3 43 2 8.472106e-10
4 43 2 2.067219e-09
5 43 2 6.919362e-09
6 43 2 2.040628e-08
7 43 2 2.983115e-08
8 43 2 1.872592e-08
9 43 2 7.657381e-09
10 43 2 2.351010e-09
11 43 2 8.017450e-10
12 43 2 5.617888e-10
1 44 2 1.429351e-09
2 44 2 1.436175e-09
3 44 2 3.123902e-09
4 44 2 8.445393e-09
5 44 2 3.155173e-08
6 44 2 9.942994e-08
7 44 2 1.453223e-07
8 44 2 8.762847e-08
9 44 2 3.158874e-08
10 44 2 9.359105e-09
11 44 2 3.071685e-09
12 44 2 2.076804e-09
1 45 2 3.285379e-09
2 45 2 3.681949e-09
3 45 2 6.709150e-09
4 45 2 1.978582e-08
5 45 2 8.285915e-08
6 45 2 2.749353e-07
7 45 2 3.846309e-07
8 45 2 2.342013e-07
9 45 2 8.053656e-08
10 45 2 2.056266e-08
11 45 2 5.960231e-09
12 45 2 3.895313e-09
1 46 2 1.489364e-09
2 46 2 1.873656e-09
3 46 2 2.945246e-09
4 46 2 8.178649e-09
5 46 2 3.211721e-08
6 46 2 9.962401e-08
7 46 2 1.393670e-07
8 46 2 8.732895e-08
9 46 2 3.280324e-08
10 46 2 7.951116e-09
11 46 2 2.186076e-09
12 46 2 1.558978e-09
1 47 2 1.958180e-09
2 47 2 2.492053e-09
3 47 2 3.511693e-09
4 47 2 7.868044e-09
5 47 2 2.681822e-08
6 47 2 7.388416e-08
7 47 2 1.002027e-07
8 47 2 6.794461e-08
9 47 2 2.878341e-08
10 47 2 8.877906e-09
11 47 2 2.619215e-09
12 47 2 1.990951e-09
1 48 2 2.652058e-09
2 48 2 3.046519e-09
3 48 2 4.190317e-09
4 48 2 8.182804e-09
5 48 2 2.539281e-08
6 48 2 5.840782e-08
7 48 2 7.761856e-08
8 48 2 5.460911e-08
9 48 2 2.599614e-08
10 48 2 9.692280e-09
11 48 2 3.489099e-09
12 48 2 2.313758e-09
1 49 2 1.803853e-11
2 49 2 1.641347e-11
3 49 2 1.861769e-11
4 49 2 2.179036e-11
5 49 2 3.116486e-11
6 49 2 4.741553e-11
7 49 2 7.071246e-11
8 49 2 6.649513e-11
9 49 2 4.637959e-11
10 49 2 3.318906e-11
11 49 2 2.423070e-11
12 49 2 1.767625e-11
1 50 2 7.356548e-11
2 50 2 6.350166e-11
3 50 2 7.443376e-11
4 50 2 8.484678e-11
5 50 2 1.194159e-10
6 50 2 1.752412e-10
7 50 2 2.418586e-10
8 50 2 2.325865e-10
9 50 2 1.684138e-10
10 50 2 1.200524e-10
11 50 2 8.988094e-11
12 50 2 7.077143e-11
1 51 2 3.180373e-11
2 51 2 2.902589e-11
3 51 2 3.153983e-11
4 51 2 3.640740e-11
5 51 2 4.962421e-11
6 51 2 6.959401e-11
7 51 2 9.069115e-11
8 51 2 8.993809e-11
9 51 2 7.472537e-11
10 51 2 5.255991e-11
11 51 2 3.939172e-11
12 51 2 3.301147e-11
1 52 2 1.678641e-07
2 52 2 1.764395e-07
3 52 2 2.216482e-07
4 52 2 3.231328e-07
5 52 2 5.464601e-07
6 52 2 7.520515e-07
7 52 2 9.646457e-07
8 52 2 9.022741e-07
9 52 2 7.283491e-07
10 52 2 4.160804e-07
11 52 2 2.504397e-07
12 52 2 1.931272e-07
1 53 2 8.087726e-08
2 53 2 1.014714e-07
3 53 2 1.719140e-07
4 53 2 3.752368e-07
5 53 2 7.145657e-07
6 53 2 1.067029e-06
7 53 2 1.481162e-06
8 53 2 1.262123e-06
9 53 2 8.542143e-07
10 53 2 3.767445e-07
11 53 2 1.680382e-07
12 53 2 1.064590e-07
1 54 2 2.358232e-08
2 54 2 3.059231e-08
3 54 2 5.720885e-08
4 54 2 1.421584e-07
5 54 2 2.800077e-07
6 54 2 5.408471e-07
7 54 2 7.682990e-07
8 54 2 6.442385e-07
9 54 2 3.907205e-07
10 54 2 1.661724e-07
11 54 2 7.122908e-08
12 54 2 3.929135e-08
1 55 2 3.340914e-08
2 55 2 3.726010e-08
3 55 2 6.950769e-08
4 55 2 1.627557e-07
5 55 2 3.229734e-07
6 55 2 6.897415e-07
7 55 2 9.587929e-07
8 55 2 8.268756e-07
9 55 2 5.243509e-07
10 55 2 2.514179e-07
11 55 2 1.176288e-07
12 55 2 6.735460e-08
1 56 2 1.442051e-07
2 56 2 1.496534e-07
3 56 2 2.592037e-07
4 56 2 5.779872e-07
5 56 2 1.263403e-06
6 56 2 2.490445e-06
7 56 2 3.443258e-06
8 56 2 2.857730e-06
9 56 2 1.867880e-06
10 56 2 9.623995e-07
11 56 2 4.338854e-07
12 56 2 2.488375e-07
1 57 2 2.971198e-08
2 57 2 2.834818e-08
3 57 2 3.486664e-08
4 57 2 5.292211e-08
5 57 2 8.854698e-08
6 57 2 1.440770e-07
7 57 2 2.051673e-07
8 57 2 1.849058e-07
9 57 2 1.375701e-07
10 57 2 8.836784e-08
11 57 2 5.403740e-08
12 57 2 3.883424e-08
1 60 2 1.236811e-06
2 60 2 1.197740e-06
3 60 2 1.373569e-06
4 60 2 1.629033e-06
5 60 2 2.008469e-06
6 60 2 2.643131e-06
7 60 2 3.077133e-06
8 60 2 3.078427e-06
9 60 2 2.612488e-06
10 60 2 2.132658e-06
11 60 2 1.705628e-06
12 60 2 1.413791e-06
1 61 2 3.920467e-06
2 61 2 3.944049e-06
3 61 2 5.547238e-06
4 61 2 8.355311e-06
5 61 2 1.218785e-05
6 61 2 1.717071e-05
7 61 2 2.031987e-05
8 61 2 1.954940e-05
9 61 2 1.519039e-05
10 61 2 1.033260e-05
11 61 2 6.740581e-06
12 61 2 4.727787e-06
1 62 2 1.266889e-06
2 62 2 1.387542e-06
3 62 2 2.184244e-06
4 62 2 3.954148e-06
5 62 2 6.782216e-06
6 62 2 9.621115e-06
7 62 2 1.176468e-05
8 62 2 1.098190e-05
9 62 2 7.652433e-06
10 62 2 4.563444e-06
11 62 2 2.478152e-06
12 62 2 1.612710e-06
1 63 2 2.167855e-06
2 63 2 2.631683e-06
3 63 2 4.403497e-06
4 63 2 9.261670e-06
5 63 2 1.777467e-05
6 63 2 2.642488e-05
7 63 2 3.379103e-05
8 63 2 2.940482e-05
9 63 2 1.795954e-05
10 63 2 9.807899e-06
11 63 2 4.530341e-06
12 63 2 2.965753e-06
1 64 2 6.321123e-07
2 64 2 8.098016e-07
3 64 2 1.542058e-06
4 64 2 3.652620e-06
5 64 2 7.822761e-06
6 64 2 1.253027e-05
7 64 2 1.588239e-05
8 64 2 1.241648e-05
9 64 2 7.109494e-06
10 64 2 3.142951e-06
11 64 2 1.436174e-06
12 64 2 9.828568e-07
1 65 2 2.137403e-07
2 65 2 2.650393e-07
3 65 2 5.806513e-07
4 65 2 1.637457e-06
5 65 2 3.433226e-06
6 65 2 5.834895e-06
7 65 2 7.562853e-06
8 65 2 5.644504e-06
9 65 2 3.201384e-06
10 65 2 1.136031e-06
11 65 2 5.001032e-07
12 65 2 3.624241e-07
1 66 2 1.415849e-07
2 66 2 1.750431e-07
3 66 2 4.161275e-07
4 66 2 1.365176e-06
5 66 2 2.838592e-06
6 66 2 4.881086e-06
7 66 2 6.731832e-06
8 66 2 5.089272e-06
9 66 2 2.878918e-06
10 66 2 9.538187e-07
11 66 2 3.655176e-07
12 66 2 2.267234e-07
1 67 2 4.783435e-08
2 67 2 6.378488e-08
3 67 2 1.622054e-07
4 67 2 5.992007e-07
5 67 2 1.359552e-06
6 67 2 2.318725e-06
7 67 2 3.241834e-06
8 67 2 2.494857e-06
9 67 2 1.364513e-06
10 67 2 5.017951e-07
11 67 2 1.586714e-07
12 67 2 7.141716e-08
1 68 2 1.152149e-08
2 68 2 1.547026e-08
3 68 2 4.594580e-08
4 68 2 2.111911e-07
5 68 2 5.755228e-07
6 68 2 1.102880e-06
7 68 2 1.581321e-06
8 68 2 1.176082e-06
9 68 2 5.644134e-07
10 68 2 2.073587e-07
11 68 2 4.728513e-08
12 68 2 1.645358e-08
1 69 2 6.966979e-09
2 69 2 9.877882e-09
3 69 2 2.362228e-08
4 69 2 1.035851e-07
5 69 2 3.321506e-07
6 69 2 7.860716e-07
7 69 2 1.151589e-06
8 69 2 8.864902e-07
9 69 2 3.808304e-07
10 69 2 1.238313e-07
11 69 2 2.399404e-08
12 69 2 9.023317e-09
1 70 2 2.929894e-08
2 70 2 3.424485e-08
3 70 2 4.907188e-08
4 70 2 1.280260e-07
5 70 2 3.210485e-07
6 70 2 7.795973e-07
7 70 2 1.261921e-06
8 70 2 1.150120e-06
9 70 2 5.938447e-07
10 70 2 2.116754e-07
11 70 2 6.437902e-08
12 70 2 3.624072e-08
1 71 2 2.483048e-08
2 71 2 2.519713e-08
3 71 2 2.851247e-08
4 71 2 4.575389e-08
5 71 2 8.860829e-08
6 71 2 1.848452e-07
7 71 2 2.836794e-07
8 71 2 2.820485e-07
9 71 2 1.809596e-07
10 71 2 8.618866e-08
11 71 2 4.117451e-08
12 71 2 2.859709e-08
1 72 2 1.043699e-10
2 72 2 9.968238e-11
3 72 2 1.079955e-10
4 72 2 1.376953e-10
5 72 2 2.142438e-10
6 72 2 3.727913e-10
7 72 2 5.774111e-10
8 72 2 5.553340e-10
9 72 2 3.885303e-10
10 72 2 2.355828e-10
11 72 2 1.451514e-10
12 72 2 1.036572e-10
1 76 2 2.572461e-08
2 76 2 2.353538e-08
3 76 2 2.377225e-08
4 76 2 2.585855e-08
5 76 2 3.515513e-08
6 76 2 5.012898e-08
7 76 2 6.722018e-08
8 76 2 7.173625e-08
9 76 2 6.835069e-08
10 76 2 4.564461e-08
11 76 2 2.946551e-08
12 76 2 2.577015e-08
1 77 2 2.625796e-08
2 77 2 3.409575e-08
3 77 2 4.466339e-08
4 77 2 7.218585e-08
5 77 2 1.212030e-07
6 77 2 1.871247e-07
7 77 2 2.542520e-07
8 77 2 2.413264e-07
9 77 2 1.787643e-07
10 77 2 9.031386e-08
11 77 2 3.962999e-08
12 77 2 2.497858e-08
1 78 2 2.866430e-08
2 78 2 3.916573e-08
3 78 2 5.454063e-08
4 78 2 9.782435e-08
5 78 2 1.529690e-07
6 78 2 2.428618e-07
7 78 2 2.997860e-07
8 78 2 2.807132e-07
9 78 2 1.820114e-07
10 78 2 9.652418e-08
11 78 2 5.212514e-08
12 78 2 3.009361e-08
1 79 2 4.002498e-07
2 79 2 4.911131e-07
3 79 2 7.210957e-07
4 79 2 1.196057e-06
5 79 2 1.817142e-06
6 79 2 2.968612e-06
7 79 2 3.637663e-06
8 79 2 3.446040e-06
9 79 2 2.379511e-06
10 79 2 1.436381e-06
11 79 2 8.183758e-07
12 79 2 5.013219e-07
1 80 2 7.596395e-08
2 80 2 7.611227e-08
3 80 2 9.563983e-08
4 80 2 1.293160e-07
5 80 2 1.928634e-07
6 80 2 2.934346e-07
7 80 2 3.778417e-07
8 80 2 3.740570e-07
9 80 2 3.104604e-07
10 80 2 2.176652e-07
11 80 2 1.269772e-07
12 80 2 9.385730e-08
1 81 2 4.485186e-13
2 81 2 4.064660e-13
3 81 2 4.281190e-13
4 81 2 5.076442e-13
5 81 2 7.310031e-13
6 81 2 9.850056e-13
7 81 2 1.314320e-12
8 81 2 1.410237e-12
9 81 2 1.282345e-12
10 81 2 9.839348e-13
11 81 2 6.504184e-13
12 81 2 5.324951e-13
1 84 2 2.465171e-07
2 84 2 2.606305e-07
3 84 2 3.223478e-07
4 84 2 4.073469e-07
5 84 2 5.461292e-07
6 84 2 8.948724e-07
7 84 2 1.198524e-06
8 84 2 1.148483e-06
9 84 2 8.617606e-07
10 84 2 5.438574e-07
11 84 2 3.653509e-07
12 84 2 2.790886e-07
1 85 2 6.425059e-07
2 85 2 7.235124e-07
3 85 2 9.406827e-07
4 85 2 1.366724e-06
5 85 2 2.187828e-06
6 85 2 3.342250e-06
7 85 2 4.624313e-06
8 85 2 4.399149e-06
9 85 2 3.167686e-06
10 85 2 1.747314e-06
11 85 2 9.854117e-07
12 85 2 7.150156e-07
1 86 2 1.964451e-07
2 86 2 2.224169e-07
3 86 2 2.842324e-07
4 86 2 4.128547e-07
5 86 2 6.635390e-07
6 86 2 9.627806e-07
7 86 2 1.322605e-06
8 86 2 1.326931e-06
9 86 2 9.821819e-07
10 86 2 5.695565e-07
11 86 2 3.137398e-07
12 86 2 2.242277e-07
1 87 2 2.964229e-07
2 87 2 4.010262e-07
3 87 2 5.725918e-07
4 87 2 9.051372e-07
5 87 2 1.587943e-06
6 87 2 2.386879e-06
7 87 2 3.235870e-06
8 87 2 3.297243e-06
9 87 2 2.390517e-06
10 87 2 1.345924e-06
11 87 2 5.913636e-07
12 87 2 3.594592e-07
1 88 2 1.062338e-07
2 88 2 1.508606e-07
3 88 2 2.365716e-07
4 88 2 4.488694e-07
5 88 2 9.212121e-07
6 88 2 1.447893e-06
7 88 2 1.854228e-06
8 88 2 1.626303e-06
9 88 2 1.050917e-06
10 88 2 4.966440e-07
11 88 2 2.546139e-07
12 88 2 1.414287e-07
1 89 2 8.058817e-08
2 89 2 1.121280e-07
3 89 2 2.128154e-07
4 89 2 4.002695e-07
5 89 2 7.987839e-07
6 89 2 1.193290e-06
7 89 2 1.392050e-06
8 89 2 1.219104e-06
9 89 2 7.955939e-07
10 89 2 3.785996e-07
11 89 2 2.083244e-07
12 89 2 1.153084e-07
1 90 2 4.953120e-08
2 90 2 6.528048e-08
3 90 2 1.295421e-07
4 90 2 2.325005e-07
5 90 2 3.569910e-07
6 90 2 4.725374e-07
7 90 2 5.306887e-07
8 90 2 4.910340e-07
9 90 2 3.578445e-07
10 90 2 2.134391e-07
11 90 2 1.176803e-07
12 90 2 6.699282e-08
1 91 2 1.314003e-10
2 91 2 1.859256e-10
3 91 2 3.884398e-10
4 91 2 7.340292e-10
5 91 2 1.083313e-09
6 91 2 1.376991e-09
7 91 2 1.546161e-09
8 91 2 1.417978e-09
9 91 2 1.019555e-09
10 91 2 6.311072e-10
11 91 2 3.270898e-10
12 91 2 1.679137e-10
1 92 2 7.050732e-10
2 92 2 1.007154e-09
3 92 2 2.524682e-09
4 92 2 6.023305e-09
5 92 2 1.135908e-08
6 92 2 1.740611e-08
7 92 2 2.089369e-08
8 92 2 1.901660e-08
9 92 2 1.189697e-08
10 92 2 6.322858e-09
11 92 2 2.479829e-09
12 92 2 1.064530e-09
1 93 2 2.188003e-07
2 93 2 2.640021e-07
3 93 2 5.428024e-07
4 93 2 1.265061e-06
5 93 2 2.256798e-06
6 93 2 3.581380e-06
7 93 2 4.804234e-06
8 93 2 4.722972e-06
9 93 2 3.176694e-06
10 93 2 1.829390e-06
11 93 2 7.834443e-07
12 93 2 3.263203e-07
1 94 2 2.622620e-07
2 94 2 2.609398e-07
3 94 2 3.484177e-07
4 94 2 6.174604e-07
5 94 2 1.053967e-06
6 94 2 1.659601e-06
7 94 2 2.292732e-06
8 94 2 2.498570e-06
9 94 2 2.058110e-06
10 94 2 1.242271e-06
11 94 2 6.667577e-07
12 94 2 3.643005e-07
1 98 2 3.254101e-09
2 98 2 3.029137e-09
3 98 2 2.852401e-09
4 98 2 3.036986e-09
5 98 2 3.446771e-09
6 98 2 3.944125e-09
7 98 2 4.436330e-09
8 98 2 4.675676e-09
9 98 2 4.613845e-09
10 98 2 4.361316e-09
11 98 2 3.922973e-09
12 98 2 3.569947e-09
1 101 2 1.283127e-08
2 101 2 1.318457e-08
3 101 2 1.351076e-08
4 101 2 1.666082e-08
5 101 2 2.142615e-08
6 101 2 2.501726e-08
7 101 2 2.670450e-08
8 101 2 2.675884e-08
9 101 2 2.572505e-08
10 101 2 2.205660e-08
11 101 2 1.696092e-08
12 101 2 1.360387e-08
1 102 2 8.230470e-08
2 102 2 9.303410e-08
3 102 2 1.143406e-07
4 102 2 1.430172e-07
5 102 2 1.655047e-07
6 102 2 1.806781e-07
7 102 2 1.857659e-07
8 102 2 1.881132e-07
9 102 2 1.695425e-07
10 102 2 1.306157e-07
11 102 2 1.048355e-07
12 102 2 8.592569e-08
1 103 2 4.593564e-08
2 103 2 4.687770e-08
3 103 2 5.109082e-08
4 103 2 5.773069e-08
5 103 2 6.723199e-08
6 103 2 7.693840e-08
7 103 2 8.323757e-08
8 103 2 8.735599e-08
9 103 2 8.567815e-08
10 103 2 7.487527e-08
11 103 2 6.159666e-08
12 103 2 5.121559e-08
1 104 2 2.154486e-08
2 104 2 2.067390e-08
3 104 2 2.089853e-08
4 104 2 2.291223e-08
5 104 2 2.679153e-08
6 104 2 3.074457e-08
7 104 2 3.450542e-08
8 104 2 3.727427e-08
9 104 2 3.757430e-08
10 104 2 3.510183e-08
11 104 2 2.887442e-08
12 104 2 2.390798e-08
1 107 2 7.868701e-09
2 107 2 8.301336e-09
3 107 2 9.692107e-09
4 107 2 1.110609e-08
5 107 2 1.245478e-08
6 107 2 1.594511e-08
7 107 2 1.742868e-08
8 107 2 1.735816e-08
9 107 2 1.624983e-08
10 107 2 1.389933e-08
11 107 2 1.104946e-08
12 107 2 8.641093e-09
1 108 2 1.044612e-09
2 108 2 1.335016e-09
3 108 2 1.939253e-09
4 108 2 3.003480e-09
5 108 2 4.662203e-09
6 108 2 6.399019e-09
7 108 2 6.849957e-09
8 108 2 6.053920e-09
9 108 2 4.898576e-09
10 108 2 3.379679e-09
11 108 2 1.760469e-09
12 108 2 1.120711e-09
1 109 2 1.981709e-09
2 109 2 2.617549e-09
3 109 2 4.094016e-09
4 109 2 7.104816e-09
5 109 2 1.210507e-08
6 109 2 1.525905e-08
7 109 2 1.550457e-08
8 109 2 1.425306e-08
9 109 2 1.144561e-08
10 109 2 8.030977e-09
11 109 2 3.571979e-09
12 109 2 2.086617e-09
1 110 2 8.730012e-10
2 110 2 1.112036e-09
3 110 2 1.785987e-09
4 110 2 2.764639e-09
5 110 2 4.287843e-09
6 110 2 4.965529e-09
7 110 2 5.338423e-09
8 110 2 5.279658e-09
9 110 2 4.445349e-09
10 110 2 3.240941e-09
11 110 2 1.567659e-09
12 110 2 9.227408e-10
1 111 2 2.996448e-08
2 111 2 3.747682e-08
3 111 2 6.067415e-08
4 111 2 9.195674e-08
5 111 2 1.389792e-07
6 111 2 1.782378e-07
7 111 2 1.884107e-07
8 111 2 1.866136e-07
9 111 2 1.589178e-07
10 111 2 1.034478e-07
11 111 2 5.572657e-08
12 111 2 3.403881e-08
1 112 2 3.450913e-08
2 112 2 4.449531e-08
3 112 2 7.805744e-08
4 112 2 1.298050e-07
5 112 2 1.973904e-07
6 112 2 2.405435e-07
7 112 2 2.449870e-07
8 112 2 2.283532e-07
9 112 2 1.743226e-07
10 112 2 1.157281e-07
11 112 2 6.641586e-08
12 112 2 4.082515e-08
1 113 2 1.979546e-08
2 113 2 2.507901e-08
3 113 2 4.213289e-08
4 113 2 6.300590e-08
5 113 2 7.753478e-08
6 113 2 6.769934e-08
7 113 2 5.809004e-08
8 113 2 5.548072e-08
9 113 2 5.487304e-08
10 113 2 5.010432e-08
11 113 2 3.504484e-08
12 113 2 2.366963e-08
1 114 2 5.394755e-08
2 114 2 7.315561e-08
3 114 2 1.303392e-07
4 114 2 1.899934e-07
5 114 2 2.191965e-07
6 114 2 1.604642e-07
7 114 2 1.325326e-07
8 114 2 1.214822e-07
9 114 2 1.172346e-07
10 114 2 1.049271e-07
11 114 2 7.998822e-08
12 114 2 5.925023e-08
1 115 2 1.845958e-08
2 115 2 2.685704e-08
3 115 2 4.257278e-08
4 115 2 5.277268e-08
5 115 2 4.712850e-08
6 115 2 4.375726e-08
7 115 2 4.220307e-08
8 115 2 4.049086e-08
9 115 2 3.723951e-08
10 115 2 3.327920e-08
11 115 2 2.528030e-08
12 115 2 1.813672e-08
1 116 2 1.337138e-08
2 116 2 1.711699e-08
3 116 2 2.617597e-08
4 116 2 3.705112e-08
5 116 2 4.309279e-08
6 116 2 4.907176e-08
7 116 2 5.144600e-08
8 116 2 4.924524e-08
9 116 2 3.989413e-08
10 116 2 3.189446e-08
11 116 2 2.317070e-08
12 116 2 1.526387e-08
1 117 2 8.153480e-09
2 117 2 8.514271e-09
3 117 2 1.075274e-08
4 117 2 1.471912e-08
5 117 2 1.874360e-08
6 117 2 2.220703e-08
7 117 2 2.364169e-08
8 117 2 2.361069e-08
9 117 2 2.154332e-08
10 117 2 1.844239e-08
11 117 2 1.488784e-08
12 117 2 1.075478e-08
1 126 2 2.363187e-10
2 126 2 2.456291e-10
3 126 2 2.662284e-10
4 126 2 2.811210e-10
5 126 2 2.777501e-10
6 126 2 2.581376e-10
7 126 2 2.488297e-10
8 126 2 2.512607e-10
9 126 2 2.499305e-10
10 126 2 2.455967e-10
11 126 2 2.399785e-10
12 126 2 2.363450e-10
1 127 2 2.384489e-08
2 127 2 2.425074e-08
3 127 2 2.559614e-08
4 127 2 2.657422e-08
5 127 2 2.693626e-08
6 127 2 2.609118e-08
7 127 2 2.609838e-08
8 127 2 2.669730e-08
9 127 2 2.641271e-08
10 127 2 2.535414e-08
11 127 2 2.457130e-08
12 127 2 2.426715e-08
1 128 2 1.080476e-07
2 128 2 1.109639e-07
3 128 2 1.139115e-07
4 128 2 1.111970e-07
5 128 2 1.081673e-07
6 128 2 1.049180e-07
7 128 2 1.118232e-07
8 128 2 1.271435e-07
9 128 2 1.336902e-07
10 128 2 1.262767e-07
11 128 2 1.148302e-07
12 128 2 1.081929e-07
1 129 2 3.078403e-09
2 129 2 3.036136e-09
3 129 2 3.112711e-09
4 129 2 3.202980e-09
5 129 2 3.252401e-09
6 129 2 3.340387e-09
7 129 2 3.490374e-09
8 129 2 3.804502e-09
9 129 2 3.974903e-09
10 129 2 3.992415e-09
11 129 2 3.645211e-09
12 129 2 3.238326e-09
1 133 2 6.617798e-08
2 133 2 7.694169e-08
3 133 2 9.236435e-08
4 133 2 9.483376e-08
5 133 2 9.046170e-08
6 133 2 8.314652e-08
7 133 2 7.420905e-08
8 133 2 6.948834e-08
9 133 2 7.246086e-08
10 133 2 7.717361e-08
11 133 2 7.362486e-08
12 133 2 6.442180e-08
1 135 2 2.859626e-09
2 135 2 3.221798e-09
3 135 2 3.831455e-09
4 135 2 4.126298e-09
5 135 2 3.964977e-09
6 135 2 3.537165e-09
7 135 2 3.055760e-09
8 135 2 3.086342e-09
9 135 2 3.279591e-09
10 135 2 3.084264e-09
11 135 2 2.956240e-09
12 135 2 2.776984e-09
1 136 2 3.202082e-09
2 136 2 3.295591e-09
3 136 2 4.075613e-09
4 136 2 4.954705e-09
5 136 2 5.425624e-09
6 136 2 4.950239e-09
7 136 2 4.380383e-09
8 136 2 4.370336e-09
9 136 2 4.392925e-09
10 136 2 4.132415e-09
11 136 2 3.907177e-09
12 136 2 3.469622e-09
1 137 2 7.793373e-10
2 137 2 8.176051e-10
3 137 2 9.374012e-10
4 137 2 1.030066e-09
5 137 2 1.016738e-09
6 137 2 9.355008e-10
7 137 2 8.654379e-10
8 137 2 8.350610e-10
9 137 2 8.355857e-10
10 137 2 8.704874e-10
11 137 2 8.606405e-10
12 137 2 8.115069e-10
1 138 2 3.112292e-08
2 138 2 3.422461e-08
3 138 2 3.970560e-08
4 138 2 4.418987e-08
5 138 2 4.458486e-08
6 138 2 3.918561e-08
7 138 2 3.630172e-08
8 138 2 3.500851e-08
9 138 2 3.510403e-08
10 138 2 3.530858e-08
11 138 2 3.424999e-08
12 138 2 3.176400e-08
1 139 2 5.254691e-08
2 139 2 5.984122e-08
3 139 2 6.686668e-08
4 139 2 7.018134e-08
5 139 2 6.919231e-08
6 139 2 6.443683e-08
7 139 2 6.096699e-08
8 139 2 5.869079e-08
9 139 2 5.793007e-08
10 139 2 5.837979e-08
11 139 2 5.555284e-08
12 139 2 5.085121e-08
1 140 2 1.740588e-08
2 140 2 1.799833e-08
3 140 2 1.954758e-08
4 140 2 2.214709e-08
5 140 2 2.351704e-08
6 140 2 2.258816e-08
7 140 2 2.138731e-08
8 140 2 2.062788e-08
9 140 2 2.032716e-08
10 140 2 2.043951e-08
11 140 2 2.000781e-08
12 140 2 1.865339e-08
1 141 2 2.730454e-08
2 141 2 2.702202e-08
3 141 2 2.779601e-08
4 141 2 3.050588e-08
5 141 2 3.291990e-08
6 141 2 3.255240e-08
7 141 2 3.167214e-08
8 141 2 3.071235e-08
9 141 2 3.045206e-08
10 141 2 3.052365e-08
11 141 2 3.082832e-08
12 141 2 2.993189e-08
1 150 2 3.157342e-11
2 150 2 3.456208e-11
3 150 2 3.699477e-11
4 150 2 3.783018e-11
5 150 2 3.539752e-11
6 150 2 3.121902e-11
7 150 2 2.848045e-11
8 150 2 2.779271e-11
9 150 2 2.689418e-11
10 150 2 2.628229e-11
11 150 2 2.679328e-11
12 150 2 2.850729e-11
1 151 2 2.048866e-08
2 151 2 2.179208e-08
3 151 2 2.310607e-08
4 151 2 2.365090e-08
5 151 2 2.288389e-08
6 151 2 2.154083e-08
7 151 2 2.106487e-08
8 151 2 2.187814e-08
9 151 2 2.082994e-08
10 151 2 1.954674e-08
11 151 2 1.897358e-08
12 151 2 1.944692e-08
1 152 2 1.624090e-08
2 152 2 1.645084e-08
3 152 2 1.660313e-08
4 152 2 1.577726e-08
5 152 2 1.516618e-08
6 152 2 1.489532e-08
7 152 2 1.702933e-08
8 152 2 2.270656e-08
9 152 2 2.410550e-08
10 152 2 2.054534e-08
11 152 2 1.761848e-08
12 152 2 1.629348e-08
1 153 2 1.882066e-08
2 153 2 1.927719e-08
3 153 2 2.033876e-08
4 153 2 1.994964e-08
5 153 2 1.926540e-08
6 153 2 1.891476e-08
7 153 2 2.207953e-08
8 153 2 2.885397e-08
9 153 2 3.509448e-08
10 153 2 3.136725e-08
11 153 2 2.372772e-08
12 153 2 1.979757e-08
1 154 2 5.121663e-08
2 154 2 5.093874e-08
3 154 2 5.300831e-08
4 154 2 5.079179e-08
5 154 2 4.749495e-08
6 154 2 4.272226e-08
7 154 2 4.034104e-08
8 154 2 4.202454e-08
9 154 2 4.738212e-08
10 154 2 5.324903e-08
11 154 2 5.611855e-08
12 154 2 5.426396e-08
1 157 2 2.040663e-09
2 157 2 2.119024e-09
3 157 2 2.268719e-09
4 157 2 2.236759e-09
5 157 2 2.180197e-09
6 157 2 2.049760e-09
7 157 2 1.955763e-09
8 157 2 1.936049e-09
9 157 2 1.922056e-09
10 157 2 1.955570e-09
11 157 2 1.969590e-09
12 157 2 1.995293e-09
1 163 2 9.490411e-09
2 163 2 9.617570e-09
3 163 2 9.902968e-09
4 163 2 1.049721e-08
5 163 2 1.050746e-08
6 163 2 9.714556e-09
7 163 2 8.981075e-09
8 163 2 8.433406e-09
9 163 2 8.554169e-09
10 163 2 9.049981e-09
11 163 2 9.403759e-09
12 163 2 9.477441e-09
1 164 2 3.594509e-08
2 164 2 3.563775e-08
3 164 2 3.662979e-08
4 164 2 3.833861e-08
5 164 2 3.788763e-08
6 164 2 3.504314e-08
7 164 2 3.243552e-08
8 164 2 3.168353e-08
9 164 2 3.392660e-08
10 164 2 3.716809e-08
11 164 2 3.791871e-08
12 164 2 3.728728e-08
1 165 2 1.567755e-08
2 165 2 1.536511e-08
3 165 2 1.555827e-08
4 165 2 1.590240e-08
5 165 2 1.572786e-08
6 165 2 1.447186e-08
7 165 2 1.364498e-08
8 165 2 1.381119e-08
9 165 2 1.472124e-08
10 165 2 1.574020e-08
11 165 2 1.655803e-08
12 165 2 1.657754e-08
1 166 2 6.842923e-09
2 166 2 6.774610e-09
3 166 2 6.662683e-09
4 166 2 6.631425e-09
5 166 2 6.414288e-09
6 166 2 5.932149e-09
7 166 2 5.601743e-09
8 166 2 5.643536e-09
9 166 2 5.854751e-09
10 166 2 6.158768e-09
11 166 2 6.640056e-09
12 166 2 6.974617e-09
1 170 2 3.144240e-10
2 170 2 3.458041e-10
3 170 2 3.397506e-10
4 170 2 3.088152e-10
5 170 2 2.573353e-10
6 170 2 2.163740e-10
7 170 2 2.046560e-10
8 170 2 1.953805e-10
9 170 2 1.986666e-10
10 170 2 2.212139e-10
11 170 2 2.440684e-10
12 170 2 2.810599e-10
1 171 2 1.131410e-09
2 171 2 1.241963e-09
3 171 2 1.256998e-09
4 171 2 1.118331e-09
5 171 2 9.303256e-10
6 171 2 7.972451e-10
7 171 2 7.238128e-10
8 171 2 6.858354e-10
9 171 2 6.958281e-10
10 171 2 7.568667e-10
11 171 2 8.638429e-10
12 171 2 1.020547e-09
1 175 2 3.254092e-11
2 175 2 3.440334e-11
3 175 2 3.450202e-11
4 175 2 3.231525e-11
5 175 2 2.807686e-11
6 175 2 2.558513e-11
7 175 2 2.505427e-11
8 175 2 2.484273e-11
9 175 2 2.310645e-11
10 175 2 2.335735e-11
11 175 2 2.441989e-11
12 175 2 2.848594e-11
1 176 2 1.642820e-07
2 176 2 1.655137e-07
3 176 2 1.620374e-07
4 176 2 1.431142e-07
5 176 2 1.157730e-07
6 176 2 1.049121e-07
7 176 2 1.047207e-07
8 176 2 1.194724e-07
9 176 2 1.301178e-07
10 176 2 1.388674e-07
11 176 2 1.482306e-07
12 176 2 1.574573e-07
1 177 2 1.468575e-07
2 177 2 1.427054e-07
3 177 2 1.347405e-07
4 177 2 1.178216e-07
5 177 2 9.634596e-08
6 177 2 8.227130e-08
7 177 2 8.560203e-08
8 177 2 1.025670e-07
9 177 2 1.289107e-07
10 177 2 1.340621e-07
11 177 2 1.367814e-07
12 177 2 1.370608e-07
1 178 2 3.750930e-08
2 178 2 3.707092e-08
3 178 2 3.553519e-08
4 178 2 2.978420e-08
5 178 2 2.593324e-08
6 178 2 2.191936e-08
7 178 2 2.087680e-08
8 178 2 2.103045e-08
9 178 2 2.398470e-08
10 178 2 2.580685e-08
11 178 2 2.914737e-08
12 178 2 3.235971e-08
1 181 2 4.585851e-10
2 181 2 4.843671e-10
3 181 2 4.910373e-10
4 181 2 4.694974e-10
5 181 2 3.871890e-10
6 181 2 3.348011e-10
7 181 2 2.960331e-10
8 181 2 3.029657e-10
9 181 2 3.282326e-10
10 181 2 3.554146e-10
11 181 2 4.025117e-10
12 181 2 4.285585e-10
1 182 2 5.473561e-08
2 182 2 5.059258e-08
3 182 2 4.770653e-08
4 182 2 3.985105e-08
5 182 2 3.120692e-08
6 182 2 2.334091e-08
7 182 2 2.314246e-08
8 182 2 3.215932e-08
9 182 2 4.462451e-08
10 182 2 5.473037e-08
11 182 2 6.048832e-08
12 182 2 5.805985e-08
1 183 2 1.163078e-08
2 183 2 1.117332e-08
3 183 2 1.066703e-08
4 183 2 9.672078e-09
5 183 2 8.137919e-09
6 183 2 6.604887e-09
7 183 2 6.145154e-09
8 183 2 7.297135e-09
9 183 2 8.484579e-09
10 183 2 1.003725e-08
11 183 2 1.092751e-08
12 183 2 1.123965e-08
1 184 2 3.630882e-09
2 184 2 3.679019e-09
3 184 2 3.563072e-09
4 184 2 3.206535e-09
5 184 2 2.665743e-09
6 184 2 2.154423e-09
7 184 2 1.942748e-09
8 184 2 2.029010e-09
9 184 2 2.149397e-09
10 184 2 2.468312e-09
11 184 2 2.888091e-09
12 184 2 3.291785e-09
1 188 2 6.010960e-10
2 188 2 5.958552e-10
3 188 2 5.523043e-10
4 188 2 4.509942e-10
5 188 2 3.187446e-10
6 188 2 2.424484e-10
7 188 2 2.086249e-10
8 188 2 2.122189e-10
9 188 2 2.874493e-10
10 188 2 3.777489e-10
11 188 2 4.498614e-10
12 188 2 5.610982e-10
1 189 2 5.242488e-10
2 189 2 4.845116e-10
3 189 2 4.394952e-10
4 189 2 3.248523e-10
5 189 2 2.150813e-10
6 189 2 1.520974e-10
7 189 2 1.446121e-10
8 189 2 1.776316e-10
9 189 2 2.857514e-10
10 189 2 4.068682e-10
11 189 2 4.948874e-10
12 189 2 5.171550e-10
1 190 2 2.147436e-09
2 190 2 2.034735e-09
3 190 2 1.766155e-09
4 190 2 1.250930e-09
5 190 2 8.727740e-10
6 190 2 6.331477e-10
7 190 2 5.949133e-10
8 190 2 7.171662e-10
9 190 2 1.007340e-09
10 190 2 1.373248e-09
11 190 2 1.799393e-09
12 190 2 2.018886e-09
1 191 2 1.652127e-09
2 191 2 1.712040e-09
3 191 2 1.664111e-09
4 191 2 1.374743e-09
5 191 2 1.130477e-09
6 191 2 9.286669e-10
7 191 2 8.164545e-10
8 191 2 8.291806e-10
9 191 2 9.046528e-10
10 191 2 1.015380e-09
11 191 2 1.248811e-09
12 191 2 1.469214e-09
1 192 2 2.171548e-09
2 192 2 2.346840e-09
3 192 2 2.286547e-09
4 192 2 1.979807e-09
5 192 2 1.673235e-09
6 192 2 1.424693e-09
7 192 2 1.252022e-09
8 192 2 1.163422e-09
9 192 2 1.197913e-09
10 192 2 1.315446e-09
11 192 2 1.570302e-09
12 192 2 1.885590e-09
1 200 2 8.378966e-07
2 200 2 8.619871e-07
3 200 2 7.049163e-07
4 200 2 4.660000e-07
5 200 2 3.050204e-07
6 200 2 2.484109e-07
7 200 2 2.360032e-07
8 200 2 2.545094e-07
9 200 2 2.819142e-07
10 200 2 3.604411e-07
11 200 2 5.008860e-07
12 200 2 6.901191e-07
1 201 2 4.872899e-07
2 201 2 5.027822e-07
3 201 2 4.602672e-07
4 201 2 3.542808e-07
5 201 2 2.669845e-07
6 201 2 2.208836e-07
7 201 2 2.087474e-07
8 201 2 2.159302e-07
9 201 2 2.137063e-07
10 201 2 2.542828e-07
11 201 2 3.241422e-07
12 201 2 4.037091e-07
1 206 2 3.636402e-08
2 206 2 3.927787e-08
3 206 2 3.553597e-08
4 206 2 3.032446e-08
5 206 2 2.507817e-08
6 206 2 2.186605e-08
7 206 2 1.875440e-08
8 206 2 1.841444e-08
9 206 2 1.993344e-08
10 206 2 2.256353e-08
11 206 2 2.644967e-08
12 206 2 3.116045e-08
1 207 2 1.377002e-09
2 207 2 1.503514e-09
3 207 2 1.425901e-09
4 207 2 1.292936e-09
5 207 2 1.146644e-09
6 207 2 9.834715e-10
7 207 2 8.668419e-10
8 207 2 8.536183e-10
9 207 2 8.612464e-10
10 207 2 9.486319e-10
11 207 2 1.022344e-09
12 207 2 1.169498e-09
1 212 2 8.470224e-10
2 212 2 9.041441e-10
3 212 2 8.025164e-10
4 212 2 6.746681e-10
5 212 2 5.258503e-10
6 212 2 4.244050e-10
7 212 2 3.522801e-10
8 212 2 3.404755e-10
9 212 2 3.866871e-10
10 212 2 4.562727e-10
11 212 2 5.412189e-10
12 212 2 7.155947e-10
1 213 2 1.843150e-10
2 213 2 2.014424e-10
3 213 2 1.707145e-10
4 213 2 1.444610e-10
5 213 2 1.114710e-10
6 213 2 8.592843e-11
7 213 2 7.292806e-11
8 213 2 7.119546e-11
9 213 2 8.575795e-11
10 213 2 1.056868e-10
11 213 2 1.297820e-10
12 213 2 1.588166e-10
1 214 2 6.549835e-09
2 214 2 6.943646e-09
3 214 2 5.578788e-09
4 214 2 4.143561e-09
5 214 2 3.062851e-09
6 214 2 2.257181e-09
7 214 2 1.954753e-09
8 214 2 2.015203e-09
9 214 2 2.543764e-09
10 214 2 3.410318e-09
11 214 2 4.668413e-09
12 214 2 5.661972e-09
1 215 2 2.430017e-09
2 215 2 2.499596e-09
3 215 2 2.330491e-09
4 215 2 1.857303e-09
5 215 2 1.508604e-09
6 215 2 1.212132e-09
7 215 2 1.047449e-09
8 215 2 1.050025e-09
9 215 2 1.180824e-09
10 215 2 1.404801e-09
11 215 2 1.768838e-09
12 215 2 2.136853e-09
1 216 2 2.035685e-08
2 216 2 2.125405e-08
3 216 2 1.993106e-08
4 216 2 1.620279e-08
5 216 2 1.297427e-08
6 216 2 1.116135e-08
7 216 2 9.807914e-09
8 216 2 9.378184e-09
9 216 2 9.731529e-09
10 216 2 1.106080e-08
11 216 2 1.330426e-08
12 216 2 1.709838e-08
1 224 2 2.450118e-08
2 224 2 2.678560e-08
3 224 2 2.337370e-08
4 224 2 2.012826e-08
5 224 2 1.625395e-08
6 224 2 1.381270e-08
7 224 2 1.254871e-08
8 224 2 1.310698e-08
9 224 2 1.347904e-08
10 224 2 1.589788e-08
11 224 2 1.898520e-08
12 224 2 2.265084e-08
1 240 2 1.257334e-09
2 240 2 1.282473e-09
3 240 2 1.172790e-09
4 240 2 1.035757e-09
5 240 2 9.002064e-10
6 240 2 7.764594e-10
7 240 2 7.607084e-10
8 240 2 7.842463e-10
9 240 2 7.634166e-10
10 240 2 8.221200e-10
11 240 2 9.033080e-10
12 240 2 1.119493e-09
