1 7 2 2.164785e-12
2 7 2 1.849352e-12
3 7 2 2.022534e-12
4 7 2 5.227422e-12
5 7 2 1.798608e-11
6 7 2 4.844326e-11
7 7 2 6.554515e-11
8 7 2 4.468931e-11
9 7 2 1.932662e-11
10 7 2 8.472737e-12
11 7 2 4.488972e-12
12 7 2 2.648201e-12
1 25 2 1.216703e-09
2 25 2 1.155254e-09
3 25 2 1.627562e-09
4 25 2 2.969939e-09
5 25 2 8.308460e-09
6 25 2 1.506634e-08
7 25 2 1.826481e-08
8 25 2 1.400588e-08
9 25 2 7.914065e-09
10 25 2 3.703495e-09
11 25 2 1.765870e-09
12 25 2 1.022609e-09
1 26 2 2.879084e-11
2 26 2 2.369514e-11
3 26 2 3.918184e-11
4 26 2 8.745709e-11
5 26 2 2.463532e-10
6 26 2 4.705276e-10
7 26 2 5.105211e-10
8 26 2 3.819735e-10
9 26 2 2.089194e-10
10 26 2 8.409822e-11
11 26 2 4.393788e-11
12 26 2 2.716457e-11
1 27 2 4.945789e-10
2 27 2 4.366688e-10
3 27 2 7.654781e-10
4 27 2 1.949579e-09
5 27 2 5.490159e-09
6 27 2 1.134883e-08
7 27 2 1.279955e-08
8 27 2 9.633888e-09
9 27 2 4.978453e-09
10 27 2 1.869529e-09
11 27 2 9.907837e-10
12 27 2 6.128679e-10
1 28 2 2.245513e-10
2 28 2 2.043477e-10
3 28 2 3.436773e-10
4 28 2 9.341971e-10
5 28 2 2.667704e-09
6 28 2 5.711511e-09
7 28 2 6.809448e-09
8 28 2 5.130996e-09
9 28 2 2.639493e-09
10 28 2 1.027955e-09
11 28 2 5.131698e-10
12 28 2 3.199329e-10
1 29 2 3.011534e-10
2 29 2 2.848920e-10
3 29 2 4.538471e-10
4 29 2 1.364643e-09
5 29 2 4.080882e-09
6 29 2 1.004342e-08
7 29 2 1.368145e-08
8 29 2 1.017910e-08
9 29 2 4.674748e-09
10 29 2 1.732636e-09
11 29 2 8.190238e-10
12 29 2 5.112705e-10
1 30 2 6.835469e-11
2 30 2 5.978044e-11
3 30 2 9.501203e-11
4 30 2 2.908050e-10
5 30 2 8.055751e-10
6 30 2 2.190851e-09
7 30 2 3.175534e-09
8 30 2 2.431845e-09
9 30 2 1.100326e-09
10 30 2 4.306875e-10
11 30 2 1.986643e-10
12 30 2 1.189797e-10
1 31 2 1.219530e-10
2 31 2 9.397501e-11
3 31 2 1.427595e-10
4 31 2 3.973470e-10
5 31 2 1.026143e-09
6 31 2 2.701782e-09
7 31 2 3.810112e-09
8 31 2 3.075428e-09
9 31 2 1.538534e-09
10 31 2 7.045725e-10
11 31 2 3.382809e-10
12 31 2 1.885058e-10
1 32 2 1.439764e-10
2 32 2 1.191847e-10
3 32 2 1.665997e-10
4 32 2 3.701911e-10
5 32 2 9.887308e-10
6 32 2 2.342109e-09
7 32 2 3.021598e-09
8 32 2 2.495976e-09
9 32 2 1.393782e-09
10 32 2 7.185083e-10
11 32 2 3.712957e-10
12 32 2 1.925578e-10
1 35 2 1.016133e-08
2 35 2 9.682221e-09
3 35 2 1.051776e-08
4 35 2 1.401586e-08
5 35 2 2.197173e-08
6 35 2 3.355563e-08
7 35 2 4.037772e-08
8 35 2 3.707744e-08
9 35 2 2.519926e-08
10 35 2 1.821903e-08
11 35 2 1.379994e-08
12 35 2 1.121120e-08
1 36 2 1.217251e-09
2 36 2 1.142762e-09
3 36 2 1.266518e-09
4 36 2 1.521199e-09
5 36 2 2.080492e-09
6 36 2 3.001281e-09
7 36 2 3.534661e-09
8 36 2 3.600855e-09
9 36 2 2.748640e-09
10 36 2 2.153449e-09
11 36 2 1.648219e-09
12 36 2 1.365689e-09
1 37 2 2.813906e-08
2 37 2 2.723470e-08
3 37 2 3.431699e-08
4 37 2 4.412705e-08
5 37 2 6.671167e-08
6 37 2 1.011827e-07
7 37 2 1.176807e-07
8 37 2 1.156829e-07
9 37 2 8.513186e-08
10 37 2 6.383400e-08
11 37 2 4.499092e-08
12 37 2 3.446688e-08
1 38 2 1.453576e-07
2 38 2 1.452273e-07
3 38 2 2.212346e-07
4 38 2 3.280168e-07
5 38 2 5.988736e-07
6 38 2 1.062656e-06
7 38 2 1.259737e-06
8 38 2 1.092558e-06
9 38 2 7.057090e-07
10 38 2 4.823514e-07
11 38 2 2.756251e-07
12 38 2 1.989017e-07
1 39 2 1.561485e-07
2 39 2 1.626754e-07
3 39 2 2.635005e-07
4 39 2 4.068667e-07
5 39 2 7.894561e-07
6 39 2 1.526218e-06
7 39 2 1.895135e-06
8 39 2 1.534335e-06
9 39 2 9.671102e-07
10 39 2 6.107186e-07
11 39 2 3.091325e-07
12 39 2 2.256444e-07
1 40 2 3.869604e-08
2 40 2 4.245626e-08
3 40 2 7.572013e-08
4 40 2 1.273294e-07
5 40 2 2.783485e-07
6 40 2 6.319737e-07
7 40 2 7.906966e-07
8 40 2 5.800352e-07
9 40 2 3.572958e-07
10 40 2 1.925143e-07
11 40 2 8.246757e-08
12 40 2 6.143576e-08
1 41 2 2.060630e-08
2 41 2 2.202916e-08
3 41 2 4.414571e-08
4 41 2 7.862663e-08
5 41 2 1.972071e-07
6 41 2 5.004333e-07
7 41 2 6.470305e-07
8 41 2 4.538242e-07
9 41 2 2.536180e-07
10 41 2 1.099204e-07
11 41 2 4.222847e-08
12 41 2 3.519688e-08
1 42 2 1.115330e-08
2 42 2 1.166657e-08
3 42 2 2.515880e-08
4 42 2 4.963056e-08
5 42 2 1.410913e-07
6 42 2 3.913451e-07
7 42 2 5.478373e-07
8 42 2 3.658544e-07
9 42 2 1.732512e-07
10 42 2 6.200475e-08
11 42 2 2.311655e-08
12 42 2 1.896377e-08
1 43 2 3.131784e-10
2 43 2 3.247256e-10
3 43 2 7.661839e-10
4 43 2 1.869511e-09
5 43 2 6.257598e-09
6 43 2 1.845463e-08
7 43 2 2.697811e-08
8 43 2 1.693499e-08
9 43 2 6.925033e-09
10 43 2 2.126161e-09
11 43 2 7.250665e-10
12 43 2 5.080596e-10
1 44 2 1.293996e-09
2 44 2 1.300174e-09
3 44 2 2.828079e-09
4 44 2 7.645640e-09
5 44 2 2.856388e-08
6 44 2 9.001424e-08
7 44 2 1.315608e-07
8 44 2 7.933033e-08
9 44 2 2.859739e-08
10 44 2 8.472827e-09
11 44 2 2.780806e-09
12 44 2 1.880137e-09
1 45 2 2.968929e-09
2 45 2 3.327302e-09
3 45 2 6.062920e-09
4 45 2 1.788003e-08
5 45 2 7.487810e-08
6 45 2 2.484533e-07
7 45 2 3.475830e-07
8 45 2 2.116429e-07
9 45 2 7.277922e-08
10 45 2 1.858205e-08
11 45 2 5.386138e-09
12 45 2 3.520113e-09
1 46 2 1.346729e-09
2 46 2 1.694218e-09
3 46 2 2.663182e-09
4 46 2 7.395388e-09
5 46 2 2.904138e-08
6 46 2 9.008312e-08
7 46 2 1.260199e-07
8 46 2 7.896554e-08
9 46 2 2.966171e-08
10 46 2 7.189646e-09
11 46 2 1.976717e-09
12 46 2 1.409676e-09
1 47 2 1.770864e-09
2 47 2 2.253668e-09
3 47 2 3.175771e-09
4 47 2 7.115403e-09
5 47 2 2.425285e-08
6 47 2 6.681655e-08
7 47 2 9.061751e-08
8 47 2 6.144516e-08
9 47 2 2.603005e-08
10 47 2 8.028664e-09
11 47 2 2.368666e-09
12 47 2 1.800501e-09
1 48 2 2.394852e-09
2 48 2 2.751058e-09
3 48 2 3.783926e-09
4 48 2 7.389208e-09
5 48 2 2.293013e-08
6 48 2 5.274323e-08
7 48 2 7.009085e-08
8 48 2 4.931293e-08
9 48 2 2.347495e-08
10 48 2 8.752290e-09
11 48 2 3.150715e-09
12 48 2 2.089362e-09
1 49 2 1.496894e-11
2 49 2 1.362042e-11
3 49 2 1.544955e-11
4 49 2 1.808233e-11
5 49 2 2.586158e-11
6 49 2 3.934690e-11
7 49 2 5.867942e-11
8 49 2 5.517975e-11
9 49 2 3.848724e-11
10 49 2 2.754132e-11
11 49 2 2.010740e-11
12 49 2 1.466831e-11
1 50 2 6.110929e-11
2 50 2 5.274949e-11
3 50 2 6.183056e-11
4 50 2 7.048043e-11
5 50 2 9.919629e-11
6 50 2 1.455692e-10
7 50 2 2.009069e-10
8 50 2 1.932047e-10
9 50 2 1.398978e-10
10 50 2 9.972501e-11
11 50 2 7.466220e-11
12 50 2 5.878834e-11
1 51 2 2.668184e-11
2 51 2 2.435136e-11
3 51 2 2.646044e-11
4 51 2 3.054410e-11
5 51 2 4.163238e-11
6 51 2 5.838610e-11
7 51 2 7.608561e-11
8 51 2 7.545383e-11
9 51 2 6.269107e-11
10 51 2 4.409529e-11
11 51 2 3.304780e-11
12 51 2 2.769507e-11
1 52 2 1.512808e-07
2 52 2 1.590091e-07
3 52 2 1.997516e-07
4 52 2 2.912106e-07
5 52 2 4.924754e-07
6 52 2 6.777564e-07
7 52 2 8.693485e-07
8 52 2 8.131386e-07
9 52 2 6.563956e-07
10 52 2 3.749759e-07
11 52 2 2.256988e-07
12 52 2 1.740482e-07
1 53 2 7.301452e-08
2 53 2 9.160655e-08
3 53 2 1.552008e-07
4 53 2 3.387570e-07
5 53 2 6.450969e-07
6 53 2 9.632939e-07
7 53 2 1.337166e-06
8 53 2 1.139421e-06
9 53 2 7.711692e-07
10 53 2 3.401180e-07
11 53 2 1.517018e-07
12 53 2 9.610927e-08
1 54 2 2.125694e-08
2 54 2 2.757569e-08
3 54 2 5.156765e-08
4 54 2 1.281405e-07
5 54 2 2.523969e-07
6 54 2 4.875158e-07
7 54 2 6.925393e-07
8 54 2 5.807120e-07
9 54 2 3.521927e-07
10 54 2 1.497866e-07
11 54 2 6.420539e-08
12 54 2 3.541694e-08
1 55 2 3.018721e-08
2 55 2 3.366679e-08
3 55 2 6.280448e-08
4 55 2 1.470598e-07
5 55 2 2.918264e-07
6 55 2 6.232239e-07
7 55 2 8.663285e-07
8 55 2 7.471331e-07
9 55 2 4.737834e-07
10 55 2 2.271716e-07
11 55 2 1.062849e-07
12 55 2 6.085903e-08
1 56 2 1.301310e-07
2 56 2 1.350476e-07
3 56 2 2.339060e-07
4 56 2 5.215770e-07
5 56 2 1.140098e-06
6 56 2 2.247383e-06
7 56 2 3.107204e-06
8 56 2 2.578822e-06
9 56 2 1.685579e-06
10 56 2 8.684716e-07
11 56 2 3.915392e-07
12 56 2 2.245515e-07
1 57 2 2.686579e-08
2 57 2 2.563263e-08
3 57 2 3.152667e-08
4 57 2 4.785256e-08
5 57 2 8.006483e-08
6 57 2 1.302755e-07
7 57 2 1.855138e-07
8 57 2 1.671932e-07
9 57 2 1.243919e-07
10 57 2 7.990285e-08
11 57 2 4.886101e-08
12 57 2 3.511420e-08
1 60 2 1.091795e-06
2 60 2 1.057305e-06
3 60 2 1.212519e-06
4 60 2 1.438029e-06
5 60 2 1.772976e-06
6 60 2 2.333224e-06
7 60 2 2.716340e-06
8 60 2 2.717482e-06
9 60 2 2.306174e-06
10 60 2 1.882604e-06
11 60 2 1.505643e-06
12 60 2 1.248024e-06
1 61 2 3.458595e-06
2 61 2 3.479398e-06
3 61 2 4.893715e-06
4 61 2 7.370967e-06
5 61 2 1.075199e-05
6 61 2 1.514782e-05
7 61 2 1.792597e-05
8 61 2 1.724627e-05
9 61 2 1.340080e-05
10 61 2 9.115309e-06
11 61 2 5.946469e-06
12 61 2 4.170803e-06
1 62 2 1.120485e-06
2 62 2 1.227195e-06
3 62 2 1.931829e-06
4 62 2 3.497199e-06
5 62 2 5.998450e-06
6 62 2 8.509281e-06
7 62 2 1.040513e-05
8 62 2 9.712812e-06
9 62 2 6.768104e-06
10 62 2 4.036083e-06
11 62 2 2.191772e-06
12 62 2 1.426343e-06
1 63 2 1.949641e-06
2 63 2 2.366781e-06
3 63 2 3.960246e-06
4 63 2 8.329401e-06
5 63 2 1.598549e-05
6 63 2 2.376498e-05
7 63 2 3.038966e-05
8 63 2 2.644496e-05
9 63 2 1.615175e-05
10 63 2 8.820647e-06
11 63 2 4.074322e-06
12 63 2 2.667224e-06
1 64 2 5.711250e-07
2 64 2 7.316706e-07
3 64 2 1.393277e-06
4 64 2 3.300209e-06
5 64 2 7.068008e-06
6 64 2 1.132133e-05
7 64 2 1.435003e-05
8 64 2 1.121852e-05
9 64 2 6.423558e-06
10 64 2 2.839713e-06
11 64 2 1.297609e-06
12 64 2 8.880291e-07
1 65 2 1.931624e-07
2 65 2 2.395226e-07
3 65 2 5.247491e-07
4 65 2 1.479811e-06
5 65 2 3.102692e-06
6 65 2 5.273141e-06
7 65 2 6.834740e-06
8 65 2 5.101079e-06
9 65 2 2.893171e-06
10 65 2 1.026660e-06
11 65 2 4.519558e-07
12 65 2 3.275317e-07
1 66 2 1.279147e-07
2 66 2 1.581424e-07
3 66 2 3.759498e-07
4 66 2 1.233367e-06
5 66 2 2.564522e-06
6 66 2 4.409810e-06
7 66 2 6.081864e-06
8 66 2 4.597895e-06
9 66 2 2.600955e-06
10 66 2 8.617262e-07
11 66 2 3.302264e-07
12 66 2 2.048330e-07
1 67 2 4.319984e-08
2 67 2 5.760497e-08
3 67 2 1.464898e-07
4 67 2 5.411461e-07
5 67 2 1.227829e-06
6 67 2 2.094072e-06
7 67 2 2.927743e-06
8 67 2 2.253138e-06
9 67 2 1.232310e-06
10 67 2 4.531778e-07
11 67 2 1.432982e-07
12 67 2 6.449778e-08
1 68 2 1.040802e-08
2 68 2 1.397517e-08
3 68 2 4.150547e-08
4 68 2 1.907810e-07
5 68 2 5.199027e-07
6 68 2 9.962948e-07
7 68 2 1.428498e-06
8 68 2 1.062422e-06
9 68 2 5.098669e-07
10 68 2 1.873190e-07
11 68 2 4.271536e-08
12 68 2 1.486346e-08
1 69 2 6.298908e-09
2 69 2 8.930682e-09
3 69 2 2.135712e-08
4 69 2 9.365224e-08
5 69 2 3.003003e-07
6 69 2 7.106944e-07
7 69 2 1.041162e-06
8 69 2 8.014838e-07
9 69 2 3.443122e-07
10 69 2 1.119570e-07
11 69 2 2.169323e-08
12 69 2 8.158062e-09
1 70 2 2.649002e-08
2 70 2 3.096177e-08
3 70 2 4.436731e-08
4 70 2 1.157520e-07
5 70 2 2.902693e-07
6 70 2 7.048565e-07
7 70 2 1.140939e-06
8 70 2 1.039856e-06
9 70 2 5.369122e-07
10 70 2 1.913819e-07
11 70 2 5.820694e-08
12 70 2 3.276629e-08
1 71 2 2.246802e-08
2 71 2 2.279979e-08
3 71 2 2.579969e-08
4 71 2 4.140070e-08
5 71 2 8.017778e-08
6 71 2 1.672584e-07
7 71 2 2.566891e-07
8 71 2 2.552133e-07
9 71 2 1.637425e-07
10 71 2 7.798836e-08
11 71 2 3.725702e-08
12 71 2 2.587626e-08
1 72 2 9.433437e-11
2 72 2 9.009754e-11
3 72 2 9.761134e-11
4 72 2 1.244554e-10
5 72 2 1.936434e-10
6 72 2 3.369460e-10
7 72 2 5.218908e-10
8 72 2 5.019365e-10
9 72 2 3.511716e-10
10 72 2 2.129306e-10
11 72 2 1.311946e-10
12 72 2 9.369016e-11
1 76 2 2.135334e-08
2 76 2 1.953611e-08
3 76 2 1.973273e-08
4 76 2 2.146451e-08
5 76 2 2.918136e-08
6 76 2 4.161077e-08
7 76 2 5.579773e-08
8 76 2 5.954640e-08
9 76 2 5.673614e-08
10 76 2 3.788841e-08
11 76 2 2.445856e-08
12 76 2 2.139113e-08
1 77 2 2.178166e-08
2 77 2 2.828331e-08
3 77 2 3.704945e-08
4 77 2 5.988005e-08
5 77 2 1.005410e-07
6 77 2 1.552249e-07
7 77 2 2.109087e-07
8 77 2 2.001866e-07
9 77 2 1.482897e-07
10 77 2 7.491771e-08
11 77 2 3.287411e-08
12 77 2 2.072039e-08
1 78 2 2.379540e-08
2 78 2 3.251306e-08
3 78 2 4.527638e-08
4 78 2 8.120795e-08
5 78 2 1.269858e-07
6 78 2 2.016094e-07
7 78 2 2.488644e-07
8 78 2 2.330313e-07
9 78 2 1.510950e-07
10 78 2 8.012862e-08
11 78 2 4.327119e-08
12 78 2 2.498192e-08
1 79 2 3.551937e-07
2 79 2 4.358286e-07
3 79 2 6.399220e-07
4 79 2 1.061417e-06
5 79 2 1.612587e-06
6 79 2 2.634435e-06
7 79 2 3.228171e-06
8 79 2 3.058120e-06
9 79 2 2.111650e-06
10 79 2 1.274688e-06
11 79 2 7.262513e-07
12 79 2 4.448882e-07
1 80 2 6.542035e-08
2 80 2 6.554809e-08
3 80 2 8.236527e-08
4 80 2 1.113673e-07
5 80 2 1.660944e-07
6 80 2 2.527067e-07
7 80 2 3.253982e-07
8 80 2 3.221389e-07
9 80 2 2.673694e-07
10 80 2 1.874538e-07
11 80 2 1.093531e-07
12 80 2 8.083015e-08
1 81 2 4.066240e-13
2 81 2 3.684994e-13
3 81 2 3.881299e-13
4 81 2 4.602269e-13
5 81 2 6.627226e-13
6 81 2 8.929996e-13
7 81 2 1.191554e-12
8 81 2 1.278511e-12
9 81 2 1.162566e-12
10 81 2 8.920288e-13
11 81 2 5.896650e-13
12 81 2 4.827565e-13
1 84 2 2.101529e-07
2 84 2 2.221844e-07
3 84 2 2.747977e-07
4 84 2 3.472584e-07
5 84 2 4.655687e-07
6 84 2 7.628681e-07
7 84 2 1.021727e-06
8 84 2 9.790682e-07
9 84 2 7.346407e-07
10 84 2 4.636320e-07
11 84 2 3.114573e-07
12 84 2 2.379197e-07
1 85 2 5.615465e-07
2 85 2 6.323457e-07
3 85 2 8.221514e-07
4 85 2 1.194509e-06
5 85 2 1.912149e-06
6 85 2 2.921107e-06
7 85 2 4.041624e-06
8 85 2 3.844832e-06
9 85 2 2.768540e-06
10 85 2 1.527143e-06
11 85 2 8.612443e-07
12 85 2 6.249196e-07
1 86 2 1.716535e-07
2 86 2 1.943477e-07
3 86 2 2.483620e-07
4 86 2 3.607520e-07
5 86 2 5.797998e-07
6 86 2 8.412768e-07
7 86 2 1.155691e-06
8 86 2 1.159471e-06
9 86 2 8.582296e-07
10 86 2 4.976779e-07
11 86 2 2.741455e-07
12 86 2 1.959299e-07
1 87 2 2.639297e-07
2 87 2 3.570666e-07
3 87 2 5.098256e-07
4 87 2 8.059180e-07
5 87 2 1.413876e-06
6 87 2 2.125235e-06
7 87 2 2.881161e-06
8 87 2 2.935807e-06
9 87 2 2.128473e-06
10 87 2 1.198387e-06
11 87 2 5.265396e-07
12 87 2 3.200561e-07
1 88 2 9.423200e-08
2 88 2 1.338170e-07
3 88 2 2.098449e-07
4 88 2 3.981582e-07
5 88 2 8.171378e-07
6 88 2 1.284316e-06
7 88 2 1.644746e-06
8 88 2 1.442571e-06
9 88 2 9.321895e-07
10 88 2 4.405354e-07
11 88 2 2.258488e-07
12 88 2 1.254507e-07
1 89 2 7.053146e-08
2 89 2 9.813538e-08
3 89 2 1.862579e-07
4 89 2 3.503193e-07
5 89 2 6.991025e-07
6 89 2 1.044378e-06
7 89 2 1.218334e-06
8 89 2 1.066970e-06
9 89 2 6.963106e-07
10 89 2 3.313536e-07
11 89 2 1.823273e-07
12 89 2 1.009189e-07
1 90 2 4.457673e-08
2 90 2 5.875065e-08
3 90 2 1.165844e-07
4 90 2 2.092441e-07
5 90 2 3.212822e-07
6 90 2 4.252708e-07
7 90 2 4.776054e-07
8 90 2 4.419173e-07
9 90 2 3.220503e-07
10 90 2 1.920893e-07
11 90 2 1.059091e-07
12 90 2 6.029172e-08
1 91 2 1.089974e-10
2 91 2 1.542265e-10
3 91 2 3.222133e-10
4 91 2 6.088819e-10
5 91 2 8.986146e-10
6 91 2 1.142223e-09
7 91 2 1.282550e-09
8 91 2 1.176221e-09
9 91 2 8.457276e-10
10 91 2 5.235074e-10
11 91 2 2.713230e-10
12 91 2 1.392855e-10
1 92 2 5.852414e-10
2 92 2 8.359817e-10
3 92 2 2.095595e-09
4 92 2 4.999605e-09
5 92 2 9.428528e-09
6 92 2 1.444782e-08
7 92 2 1.734267e-08
8 92 2 1.578461e-08
9 92 2 9.875004e-09
10 92 2 5.248247e-09
11 92 2 2.058366e-09
12 92 2 8.836060e-10
1 93 2 1.938377e-07
2 93 2 2.338825e-07
3 93 2 4.808749e-07
4 93 2 1.120732e-06
5 93 2 1.999324e-06
6 93 2 3.172786e-06
7 93 2 4.256126e-06
8 93 2 4.184135e-06
9 93 2 2.814270e-06
10 93 2 1.620678e-06
11 93 2 6.940624e-07
12 93 2 2.890909e-07
1 94 2 2.315895e-07
2 94 2 2.304220e-07
3 94 2 3.076691e-07
4 94 2 5.452463e-07
5 94 2 9.307021e-07
6 94 2 1.465505e-06
7 94 2 2.024589e-06
8 94 2 2.206353e-06
9 94 2 1.817407e-06
10 94 2 1.096983e-06
11 94 2 5.887781e-07
12 94 2 3.216943e-07
1 98 2 2.703297e-09
2 98 2 2.516411e-09
3 98 2 2.369591e-09
4 98 2 2.522931e-09
5 98 2 2.863354e-09
6 98 2 3.276524e-09
7 98 2 3.685416e-09
8 98 2 3.884249e-09
9 98 2 3.832884e-09
10 98 2 3.623099e-09
11 98 2 3.258952e-09
12 98 2 2.965681e-09
1 101 2 1.065030e-08
2 101 2 1.094354e-08
3 101 2 1.121430e-08
4 101 2 1.382893e-08
5 101 2 1.778428e-08
6 101 2 2.076500e-08
7 101 2 2.216545e-08
8 101 2 2.221056e-08
9 101 2 2.135249e-08
10 101 2 1.830757e-08
11 101 2 1.407802e-08
12 101 2 1.129158e-08
1 102 2 6.828627e-08
2 102 2 7.718820e-08
3 102 2 9.486574e-08
4 102 2 1.186580e-07
5 102 2 1.373154e-07
6 102 2 1.499043e-07
7 102 2 1.541255e-07
8 102 2 1.560731e-07
9 102 2 1.406654e-07
10 102 2 1.083688e-07
11 102 2 8.697951e-08
12 102 2 7.129052e-08
1 103 2 3.811692e-08
2 103 2 3.889863e-08
3 103 2 4.239463e-08
4 103 2 4.790433e-08
5 103 2 5.578841e-08
6 103 2 6.384269e-08
7 103 2 6.906968e-08
8 103 2 7.248710e-08
9 103 2 7.109485e-08
10 103 2 6.213072e-08
11 103 2 5.111227e-08
12 103 2 4.249817e-08
1 104 2 1.787170e-08
2 104 2 1.714923e-08
3 104 2 1.733557e-08
4 104 2 1.900595e-08
5 104 2 2.222387e-08
6 104 2 2.550297e-08
7 104 2 2.862263e-08
8 104 2 3.091942e-08
9 104 2 3.116830e-08
10 104 2 2.911736e-08
11 104 2 2.395165e-08
12 104 2 1.983194e-08
1 107 2 6.529347e-09
2 107 2 6.888343e-09
3 107 2 8.042386e-09
4 107 2 9.215689e-09
5 107 2 1.033482e-08
6 107 2 1.323105e-08
7 107 2 1.446210e-08
8 107 2 1.440358e-08
9 107 2 1.348390e-08
10 107 2 1.153349e-08
11 107 2 9.168699e-09
12 107 2 7.170269e-09
1 108 2 8.663673e-10
2 108 2 1.107218e-09
3 108 2 1.608353e-09
4 108 2 2.490988e-09
5 108 2 3.866679e-09
6 108 2 5.307138e-09
7 108 2 5.681130e-09
8 108 2 5.020923e-09
9 108 2 4.062719e-09
10 108 2 2.802995e-09
11 108 2 1.460076e-09
12 108 2 9.294808e-10
1 109 2 1.645136e-09
2 109 2 2.172985e-09
3 109 2 3.398689e-09
4 109 2 5.898134e-09
5 109 2 1.004914e-08
6 109 2 1.266745e-08
7 109 2 1.287128e-08
8 109 2 1.183232e-08
9 109 2 9.501691e-09
10 109 2 6.666996e-09
11 109 2 2.965314e-09
12 109 2 1.732226e-09
1 110 2 7.239894e-10
2 110 2 9.222239e-10
3 110 2 1.481139e-09
4 110 2 2.292745e-09
5 110 2 3.555955e-09
6 110 2 4.117967e-09
7 110 2 4.427212e-09
8 110 2 4.378478e-09
9 110 2 3.686576e-09
10 110 2 2.687748e-09
11 110 2 1.300076e-09
12 110 2 7.652390e-10
1 111 2 2.486712e-08
2 111 2 3.110152e-08
3 111 2 5.035268e-08
4 111 2 7.631368e-08
5 111 2 1.153370e-07
6 111 2 1.479172e-07
7 111 2 1.563596e-07
8 111 2 1.548681e-07
9 111 2 1.318837e-07
10 111 2 8.584994e-08
11 111 2 4.624674e-08
12 111 2 2.824836e-08
1 112 2 2.864003e-08
2 112 2 3.692782e-08
3 112 2 6.478191e-08
4 112 2 1.077285e-07
5 112 2 1.638194e-07
6 112 2 1.996333e-07
7 112 2 2.033211e-07
8 112 2 1.895163e-07
9 112 2 1.446749e-07
10 112 2 9.604579e-08
11 112 2 5.512026e-08
12 112 2 3.388186e-08
1 113 2 1.643141e-08
2 113 2 2.081706e-08
3 113 2 3.497279e-08
4 113 2 5.229862e-08
5 113 2 6.435846e-08
6 113 2 5.619446e-08
7 113 2 4.821817e-08
8 113 2 4.605228e-08
9 113 2 4.554787e-08
10 113 2 4.158955e-08
11 113 2 2.908929e-08
12 113 2 1.964719e-08
1 114 2 4.477955e-08
2 114 2 6.072334e-08
3 114 2 1.081890e-07
4 114 2 1.577054e-07
5 114 2 1.819457e-07
6 114 2 1.331945e-07
7 114 2 1.100096e-07
8 114 2 1.008371e-07
9 114 2 9.731143e-08
10 114 2 8.709552e-08
11 114 2 6.639480e-08
12 114 2 4.918108e-08
1 115 2 1.532239e-08
2 115 2 2.229270e-08
3 115 2 3.533757e-08
4 115 2 4.380400e-08
5 115 2 3.911905e-08
6 115 2 3.632075e-08
7 115 2 3.503069e-08
8 115 2 3.360947e-08
9 115 2 3.091068e-08
10 115 2 2.762343e-08
11 115 2 2.098393e-08
12 115 2 1.505440e-08
1 116 2 1.110877e-08
2 116 2 1.422058e-08
3 116 2 2.174665e-08
4 116 2 3.078159e-08
5 116 2 3.580093e-08
6 116 2 4.076818e-08
7 116 2 4.274067e-08
8 116 2 4.091231e-08
9 116 2 3.314352e-08
10 116 2 2.649751e-08
11 116 2 1.924992e-08
12 116 2 1.268102e-08
1 117 2 7.077895e-09
2 117 2 7.391092e-09
3 117 2 9.334270e-09
4 117 2 1.277741e-08
5 117 2 1.627100e-08
6 117 2 1.927754e-08
7 117 2 2.052295e-08
8 117 2 2.049603e-08
9 117 2 1.870139e-08
10 117 2 1.600952e-08
11 117 2 1.292388e-08
12 117 2 9.336043e-09
1 126 2 1.961735e-10
2 126 2 2.039023e-10
3 126 2 2.210022e-10
4 126 2 2.333649e-10
5 126 2 2.305666e-10
6 126 2 2.142858e-10
7 126 2 2.065591e-10
8 126 2 2.085772e-10
9 126 2 2.074730e-10
10 126 2 2.038754e-10
11 126 2 1.992116e-10
12 126 2 1.961954e-10
1 127 2 1.978720e-08
2 127 2 2.012399e-08
3 127 2 2.124044e-08
4 127 2 2.205209e-08
5 127 2 2.235252e-08
6 127 2 2.165125e-08
7 127 2 2.165722e-08
8 127 2 2.215422e-08
9 127 2 2.191806e-08
10 127 2 2.103963e-08
11 127 2 2.039001e-08
12 127 2 2.013762e-08
1 128 2 8.966767e-08
2 128 2 9.208788e-08
3 128 2 9.453408e-08
4 128 2 9.228133e-08
5 128 2 8.976697e-08
6 128 2 8.707046e-08
7 128 2 9.280104e-08
8 128 2 1.055152e-07
9 128 2 1.109482e-07
10 128 2 1.047958e-07
11 128 2 9.529651e-08
12 128 2 8.978828e-08
1 129 2 2.557222e-09
2 129 2 2.522112e-09
3 129 2 2.585722e-09
4 129 2 2.660708e-09
5 129 2 2.701762e-09
6 129 2 2.774851e-09
7 129 2 2.899446e-09
8 129 2 3.160391e-09
9 129 2 3.301943e-09
10 129 2 3.316490e-09
11 129 2 3.028069e-09
12 129 2 2.690070e-09
1 133 2 5.493179e-08
2 133 2 6.386633e-08
3 133 2 7.666808e-08
4 133 2 7.871785e-08
5 133 2 7.508877e-08
6 133 2 6.901671e-08
7 133 2 6.159807e-08
8 133 2 5.767959e-08
9 133 2 6.014696e-08
10 133 2 6.405883e-08
11 133 2 6.111316e-08
12 133 2 5.347405e-08
1 135 2 2.376331e-09
2 135 2 2.677293e-09
3 135 2 3.183914e-09
4 135 2 3.428927e-09
5 135 2 3.294870e-09
6 135 2 2.939361e-09
7 135 2 2.539317e-09
8 135 2 2.564730e-09
9 135 2 2.725318e-09
10 135 2 2.563004e-09
11 135 2 2.456616e-09
12 135 2 2.307655e-09
1 136 2 2.652961e-09
2 136 2 2.730434e-09
3 136 2 3.376691e-09
4 136 2 4.105029e-09
5 136 2 4.495191e-09
6 136 2 4.101329e-09
7 136 2 3.629197e-09
8 136 2 3.620873e-09
9 136 2 3.639588e-09
10 136 2 3.423753e-09
11 136 2 3.237141e-09
12 136 2 2.874621e-09
1 137 2 6.471003e-10
2 137 2 6.788750e-10
3 137 2 7.783442e-10
4 137 2 8.552860e-10
5 137 2 8.442191e-10
6 137 2 7.767662e-10
7 137 2 7.185915e-10
8 137 2 6.933689e-10
9 137 2 6.938046e-10
10 137 2 7.227842e-10
11 137 2 7.146081e-10
12 137 2 6.738114e-10
1 138 2 2.583348e-08
2 138 2 2.840803e-08
3 138 2 3.295751e-08
4 138 2 3.667966e-08
5 138 2 3.700752e-08
6 138 2 3.252589e-08
7 138 2 3.013213e-08
8 138 2 2.905870e-08
9 138 2 2.913798e-08
10 138 2 2.930777e-08
11 138 2 2.842910e-08
12 138 2 2.636561e-08
1 139 2 4.358380e-08
2 139 2 4.963390e-08
3 139 2 5.546100e-08
4 139 2 5.821027e-08
5 139 2 5.738994e-08
6 139 2 5.344562e-08
7 139 2 5.056764e-08
8 139 2 4.867970e-08
9 139 2 4.804873e-08
10 139 2 4.842175e-08
11 139 2 4.607700e-08
12 139 2 4.217734e-08
1 140 2 1.445188e-08
2 140 2 1.494378e-08
3 140 2 1.623010e-08
4 140 2 1.838844e-08
5 140 2 1.952589e-08
6 140 2 1.875465e-08
7 140 2 1.775761e-08
8 140 2 1.712706e-08
9 140 2 1.687738e-08
10 140 2 1.697066e-08
11 140 2 1.661223e-08
12 140 2 1.548767e-08
1 141 2 2.265351e-08
2 141 2 2.241911e-08
3 141 2 2.306126e-08
4 141 2 2.530954e-08
5 141 2 2.731235e-08
6 141 2 2.700745e-08
7 141 2 2.627714e-08
8 141 2 2.548083e-08
9 141 2 2.526488e-08
10 141 2 2.532428e-08
11 141 2 2.557705e-08
12 141 2 2.483332e-08
1 150 2 2.620594e-11
2 150 2 2.868652e-11
3 150 2 3.070566e-11
4 150 2 3.139905e-11
5 150 2 2.937994e-11
6 150 2 2.591178e-11
7 150 2 2.363878e-11
8 150 2 2.306795e-11
9 150 2 2.232217e-11
10 150 2 2.181430e-11
11 150 2 2.223843e-11
12 150 2 2.366105e-11
1 151 2 1.700481e-08
2 151 2 1.808660e-08
3 151 2 1.917716e-08
4 151 2 1.962935e-08
5 151 2 1.899276e-08
6 151 2 1.787806e-08
7 151 2 1.748304e-08
8 151 2 1.815802e-08
9 151 2 1.728805e-08
10 151 2 1.622305e-08
11 151 2 1.574734e-08
12 151 2 1.614020e-08
1 152 2 1.347940e-08
2 152 2 1.365364e-08
3 152 2 1.378004e-08
4 152 2 1.309459e-08
5 152 2 1.258741e-08
6 152 2 1.236261e-08
7 152 2 1.413376e-08
8 152 2 1.884567e-08
9 152 2 2.000674e-08
10 152 2 1.705194e-08
11 152 2 1.462274e-08
12 152 2 1.352303e-08
1 153 2 1.562407e-08
2 153 2 1.600306e-08
3 153 2 1.688433e-08
4 153 2 1.656130e-08
5 153 2 1.599327e-08
6 153 2 1.570219e-08
7 153 2 1.832944e-08
8 153 2 2.395328e-08
9 153 2 2.913386e-08
10 153 2 2.603969e-08
11 153 2 1.969769e-08
12 153 2 1.643506e-08
1 154 2 4.251006e-08
2 154 2 4.227941e-08
3 154 2 4.399716e-08
4 154 2 4.215744e-08
5 154 2 3.942104e-08
6 154 2 3.545969e-08
7 154 2 3.348326e-08
8 154 2 3.488058e-08
9 154 2 3.932739e-08
10 154 2 4.419696e-08
11 154 2 4.657867e-08
12 154 2 4.503935e-08
1 157 2 1.693964e-09
2 157 2 1.759012e-09
3 157 2 1.883274e-09
4 157 2 1.856744e-09
5 157 2 1.809792e-09
6 157 2 1.701516e-09
7 157 2 1.623488e-09
8 157 2 1.607124e-09
9 157 2 1.595508e-09
10 157 2 1.623328e-09
11 157 2 1.634966e-09
12 157 2 1.656302e-09
1 163 2 7.877194e-09
2 163 2 7.982738e-09
3 163 2 8.219623e-09
4 163 2 8.712855e-09
5 163 2 8.721358e-09
6 163 2 8.063238e-09
7 163 2 7.454437e-09
8 163 2 6.999862e-09
9 163 2 7.100098e-09
10 163 2 7.511630e-09
11 163 2 7.805272e-09
12 163 2 7.866429e-09
1 164 2 2.982942e-08
2 164 2 2.957437e-08
3 164 2 3.039763e-08
4 164 2 3.181571e-08
5 164 2 3.144146e-08
6 164 2 2.908093e-08
7 164 2 2.691696e-08
8 164 2 2.629292e-08
9 164 2 2.815435e-08
10 164 2 3.084434e-08
11 164 2 3.146725e-08
12 164 2 3.094325e-08
1 165 2 1.301435e-08
2 165 2 1.275498e-08
3 165 2 1.291533e-08
4 165 2 1.320100e-08
5 165 2 1.305610e-08
6 165 2 1.201347e-08
7 165 2 1.132706e-08
8 165 2 1.146503e-08
9 165 2 1.222049e-08
10 165 2 1.306635e-08
11 165 2 1.374525e-08
12 165 2 1.376145e-08
1 166 2 5.682270e-09
2 166 2 5.625544e-09
3 166 2 5.532602e-09
4 166 2 5.506645e-09
5 166 2 5.326338e-09
6 166 2 4.925976e-09
7 166 2 4.651612e-09
8 166 2 4.686316e-09
9 166 2 4.861705e-09
10 166 2 5.114157e-09
11 166 2 5.513812e-09
12 166 2 5.791627e-09
1 170 2 2.609505e-10
2 170 2 2.869939e-10
3 170 2 2.819699e-10
4 170 2 2.562956e-10
5 170 2 2.135708e-10
6 170 2 1.795757e-10
7 170 2 1.698505e-10
8 170 2 1.621526e-10
9 170 2 1.648798e-10
10 170 2 1.835925e-10
11 170 2 2.025602e-10
12 170 2 2.332606e-10
1 171 2 9.383730e-10
2 171 2 1.030064e-09
3 171 2 1.042534e-09
4 171 2 9.275256e-10
5 171 2 7.715971e-10
6 171 2 6.612223e-10
7 171 2 6.003187e-10
8 171 2 5.688208e-10
9 171 2 5.771086e-10
10 171 2 6.277331e-10
11 171 2 7.164574e-10
12 171 2 8.464253e-10
1 175 2 2.704032e-11
2 175 2 2.858792e-11
3 175 2 2.866992e-11
4 175 2 2.685280e-11
5 175 2 2.333085e-11
6 175 2 2.126032e-11
7 175 2 2.081919e-11
8 175 2 2.064341e-11
9 175 2 1.920062e-11
10 175 2 1.940911e-11
11 175 2 2.029204e-11
12 175 2 2.367078e-11
1 176 2 1.448071e-07
2 176 2 1.458928e-07
3 176 2 1.428286e-07
4 176 2 1.261487e-07
5 176 2 1.020487e-07
6 176 2 9.247523e-08
7 176 2 9.230658e-08
8 176 2 1.053095e-07
9 176 2 1.146930e-07
10 176 2 1.224054e-07
11 176 2 1.306586e-07
12 176 2 1.387915e-07
1 177 2 1.245454e-07
2 177 2 1.210241e-07
3 177 2 1.142693e-07
4 177 2 9.992087e-08
5 177 2 8.170805e-08
6 177 2 6.977177e-08
7 177 2 7.259645e-08
8 177 2 8.698391e-08
9 177 2 1.093252e-07
10 177 2 1.136940e-07
11 177 2 1.160001e-07
12 177 2 1.162371e-07
1 178 2 3.117650e-08
2 178 2 3.081213e-08
3 178 2 2.953568e-08
4 178 2 2.475564e-08
5 178 2 2.155485e-08
6 178 2 1.821865e-08
7 178 2 1.735211e-08
8 178 2 1.747982e-08
9 178 2 1.993529e-08
10 178 2 2.144980e-08
11 178 2 2.422634e-08
12 178 2 2.689632e-08
1 181 2 3.805073e-10
2 181 2 4.018997e-10
3 181 2 4.074342e-10
4 181 2 3.895616e-10
5 181 2 3.212669e-10
6 181 2 2.777985e-10
7 181 2 2.456310e-10
8 181 2 2.513833e-10
9 181 2 2.723483e-10
10 181 2 2.949024e-10
11 181 2 3.339808e-10
12 181 2 3.555929e-10
1 182 2 4.538246e-08
2 182 2 4.194739e-08
3 182 2 3.955450e-08
4 182 2 3.304135e-08
5 182 2 2.587432e-08
6 182 2 1.935244e-08
7 182 2 1.918791e-08
8 182 2 2.666397e-08
9 182 2 3.699913e-08
10 182 2 4.537812e-08
11 182 2 5.015216e-08
12 182 2 4.813866e-08
1 183 2 9.656974e-09
2 183 2 9.277141e-09
3 183 2 8.856772e-09
4 183 2 8.030672e-09
5 183 2 6.756869e-09
6 183 2 5.484000e-09
7 183 2 5.102287e-09
8 183 2 6.058770e-09
9 183 2 7.044699e-09
10 183 2 8.333871e-09
11 183 2 9.073054e-09
12 183 2 9.332222e-09
1 184 2 3.017131e-09
2 184 2 3.057131e-09
3 184 2 2.960784e-09
4 184 2 2.664514e-09
5 184 2 2.215136e-09
6 184 2 1.790247e-09
7 184 2 1.614353e-09
8 184 2 1.686034e-09
9 184 2 1.786071e-09
10 184 2 2.051077e-09
11 184 2 2.399899e-09
12 184 2 2.735353e-09
1 188 2 4.992528e-10
2 188 2 4.949000e-10
3 188 2 4.587279e-10
4 188 2 3.745826e-10
5 188 2 2.647400e-10
6 188 2 2.013706e-10
7 188 2 1.732777e-10
8 188 2 1.762628e-10
9 188 2 2.387470e-10
10 188 2 3.137472e-10
11 188 2 3.736418e-10
12 188 2 4.660318e-10
1 189 2 4.356673e-10
2 189 2 4.026445e-10
3 189 2 3.652344e-10
4 189 2 2.699625e-10
5 189 2 1.787393e-10
6 189 2 1.263977e-10
7 189 2 1.201772e-10
8 189 2 1.476174e-10
9 189 2 2.374685e-10
10 189 2 3.381203e-10
11 189 2 4.112671e-10
12 189 2 4.297721e-10
1 190 2 1.782771e-09
2 190 2 1.689208e-09
3 190 2 1.466236e-09
4 190 2 1.038504e-09
5 190 2 7.245644e-10
6 190 2 5.256301e-10
7 190 2 4.938885e-10
8 190 2 5.953811e-10
9 190 2 8.362793e-10
10 190 2 1.140051e-09
11 190 2 1.493830e-09
12 190 2 1.676050e-09
1 191 2 1.374325e-09
2 191 2 1.424164e-09
3 191 2 1.384294e-09
4 191 2 1.143583e-09
5 191 2 9.403894e-10
6 191 2 7.725135e-10
7 191 2 6.791694e-10
8 191 2 6.897556e-10
9 191 2 7.525373e-10
10 191 2 8.446459e-10
11 191 2 1.038826e-09
12 191 2 1.222169e-09
1 192 2 1.801512e-09
2 192 2 1.946933e-09
3 192 2 1.896914e-09
4 192 2 1.642444e-09
5 192 2 1.388113e-09
6 192 2 1.181922e-09
7 192 2 1.038675e-09
8 192 2 9.651725e-10
9 192 2 9.937865e-10
10 192 2 1.091291e-09
11 192 2 1.302720e-09
12 192 2 1.564281e-09
1 200 2 7.391585e-07
2 200 2 7.604102e-07
3 200 2 6.218487e-07
4 200 2 4.110864e-07
5 200 2 2.690766e-07
6 200 2 2.191380e-07
7 200 2 2.081925e-07
8 200 2 2.245179e-07
9 200 2 2.486933e-07
10 200 2 3.179665e-07
11 200 2 4.418614e-07
12 200 2 6.087952e-07
1 201 2 4.297254e-07
2 201 2 4.433875e-07
3 201 2 4.058950e-07
4 201 2 3.124289e-07
5 201 2 2.354451e-07
6 201 2 1.947902e-07
7 201 2 1.840876e-07
8 201 2 1.904219e-07
9 201 2 1.884607e-07
10 201 2 2.242438e-07
11 201 2 2.858507e-07
12 201 2 3.560181e-07
1 206 2 3.018062e-08
2 206 2 3.259901e-08
3 206 2 2.949338e-08
4 206 2 2.516804e-08
5 206 2 2.081384e-08
6 206 2 1.814791e-08
7 206 2 1.556537e-08
8 206 2 1.528323e-08
9 206 2 1.654393e-08
10 206 2 1.872680e-08
11 206 2 2.195213e-08
12 206 2 2.586188e-08
1 207 2 1.143418e-09
2 207 2 1.248469e-09
3 207 2 1.184022e-09
4 207 2 1.073613e-09
5 207 2 9.521362e-10
6 207 2 8.166430e-10
7 207 2 7.197976e-10
8 207 2 7.088171e-10
9 207 2 7.151512e-10
10 207 2 7.877133e-10
11 207 2 8.489215e-10
12 207 2 9.711136e-10
1 212 2 7.025409e-10
2 212 2 7.499190e-10
3 212 2 6.656265e-10
4 212 2 5.595860e-10
5 212 2 4.361530e-10
6 212 2 3.520118e-10
7 212 2 2.921897e-10
8 212 2 2.823986e-10
9 212 2 3.207277e-10
10 212 2 3.784436e-10
11 212 2 4.489000e-10
12 212 2 5.935316e-10
1 213 2 1.531365e-10
2 213 2 1.673667e-10
3 213 2 1.418366e-10
4 213 2 1.200242e-10
5 213 2 9.261467e-11
6 213 2 7.139289e-11
7 213 2 6.059164e-11
8 213 2 5.915212e-11
9 213 2 7.125124e-11
10 213 2 8.780893e-11
11 213 2 1.078283e-10
12 213 2 1.319513e-10
1 214 2 5.439928e-09
2 214 2 5.767006e-09
3 214 2 4.633431e-09
4 214 2 3.441411e-09
5 214 2 2.543834e-09
6 214 2 1.874689e-09
7 214 2 1.623509e-09
8 214 2 1.673715e-09
9 214 2 2.112708e-09
10 214 2 2.832421e-09
11 214 2 3.877324e-09
12 214 2 4.702519e-09
1 215 2 2.013414e-09
2 215 2 2.071064e-09
3 215 2 1.930951e-09
4 215 2 1.538886e-09
5 215 2 1.249968e-09
6 215 2 1.004323e-09
7 215 2 8.678743e-10
8 215 2 8.700083e-10
9 215 2 9.783828e-10
10 215 2 1.163961e-09
11 215 2 1.465587e-09
12 215 2 1.770510e-09
1 216 2 1.796693e-08
2 216 2 1.875879e-08
3 216 2 1.759112e-08
4 216 2 1.430056e-08
5 216 2 1.145107e-08
6 216 2 9.850987e-09
7 216 2 8.656450e-09
8 216 2 8.277171e-09
9 216 2 8.589033e-09
10 216 2 9.762241e-09
11 216 2 1.174232e-08
12 216 2 1.509101e-08
1 224 2 2.161208e-08
2 224 2 2.362712e-08
3 224 2 2.061755e-08
4 224 2 1.775480e-08
5 224 2 1.433733e-08
6 224 2 1.218395e-08
7 224 2 1.106900e-08
8 224 2 1.156145e-08
9 224 2 1.188963e-08
10 224 2 1.402325e-08
11 224 2 1.674653e-08
12 224 2 1.997993e-08
1 240 2 1.109351e-09
2 240 2 1.131531e-09
3 240 2 1.034758e-09
4 240 2 9.138531e-10
5 240 2 7.942560e-10
6 240 2 6.850735e-10
7 240 2 6.711763e-10
8 240 2 6.919439e-10
9 240 2 6.735658e-10
10 240 2 7.253600e-10
11 240 2 7.969925e-10
12 240 2 9.877335e-10
