1 7 2 1.952956e-12
2 7 2 1.668389e-12
3 7 2 1.824625e-12
4 7 2 4.715908e-12
5 7 2 1.622610e-11
6 7 2 4.370299e-11
7 7 2 5.913143e-11
8 7 2 4.031637e-11
9 7 2 1.743547e-11
10 7 2 7.643663e-12
11 7 2 4.049717e-12
12 7 2 2.389069e-12
1 25 2 1.098229e-09
2 25 2 1.042764e-09
3 25 2 1.469082e-09
4 25 2 2.680749e-09
5 25 2 7.499444e-09
6 25 2 1.359929e-08
7 25 2 1.648632e-08
8 25 2 1.264209e-08
9 25 2 7.143452e-09
10 25 2 3.342876e-09
11 25 2 1.593922e-09
12 25 2 9.230353e-10
1 26 2 2.390694e-11
2 26 2 1.967564e-11
3 26 2 3.253528e-11
4 26 2 7.262141e-11
5 26 2 2.045633e-10
6 26 2 3.907102e-10
7 26 2 4.239194e-10
8 26 2 3.171778e-10
9 26 2 1.734796e-10
10 26 2 6.983232e-11
11 26 2 3.648453e-11
12 26 2 2.255654e-11
1 27 2 4.377660e-10
2 27 2 3.865082e-10
3 27 2 6.775468e-10
4 27 2 1.725628e-09
5 27 2 4.859498e-09
6 27 2 1.004517e-08
7 27 2 1.132926e-08
8 27 2 8.527233e-09
9 27 2 4.406572e-09
10 27 2 1.654774e-09
11 27 2 8.769713e-10
12 27 2 5.424671e-10
1 28 2 2.029915e-10
2 28 2 1.847277e-10
3 28 2 3.106799e-10
4 28 2 8.445022e-10
5 28 2 2.411570e-09
6 28 2 5.163133e-09
7 28 2 6.155654e-09
8 28 2 4.638354e-09
9 28 2 2.386068e-09
10 28 2 9.292577e-10
11 28 2 4.638989e-10
12 28 2 2.892152e-10
1 29 2 2.724133e-10
2 29 2 2.577039e-10
3 29 2 4.105350e-10
4 29 2 1.234411e-09
5 29 2 3.691430e-09
6 29 2 9.084944e-09
7 29 2 1.237579e-08
8 29 2 9.207673e-09
9 29 2 4.228622e-09
10 29 2 1.567285e-09
11 29 2 7.408617e-10
12 29 2 4.624783e-10
1 30 2 6.176499e-11
2 30 2 5.401733e-11
3 30 2 8.585244e-11
4 30 2 2.627701e-10
5 30 2 7.279139e-10
6 30 2 1.979643e-09
7 30 2 2.869398e-09
8 30 2 2.197404e-09
9 30 2 9.942493e-10
10 30 2 3.891672e-10
11 30 2 1.795121e-10
12 30 2 1.075095e-10
1 31 2 1.101536e-10
2 31 2 8.488259e-11
3 31 2 1.289470e-10
4 31 2 3.589022e-10
5 31 2 9.268596e-10
6 31 2 2.440375e-09
7 31 2 3.441470e-09
8 31 2 2.777869e-09
9 31 2 1.389675e-09
10 31 2 6.364026e-10
11 31 2 3.055510e-10
12 31 2 1.702672e-10
1 32 2 1.300745e-10
2 32 2 1.076767e-10
3 32 2 1.505134e-10
4 32 2 3.344468e-10
5 32 2 8.932624e-10
6 32 2 2.115963e-09
7 32 2 2.729843e-09
8 32 2 2.254973e-09
9 32 2 1.259203e-09
10 32 2 6.491317e-10
11 32 2 3.354447e-10
12 32 2 1.739651e-10
1 35 2 9.185440e-09
2 35 2 8.752342e-09
3 35 2 9.507633e-09
4 35 2 1.266978e-08
5 35 2 1.986157e-08
6 35 2 3.033295e-08
7 35 2 3.649985e-08
8 35 2 3.351653e-08
9 35 2 2.277913e-08
10 35 2 1.646928e-08
11 35 2 1.247460e-08
12 35 2 1.013448e-08
1 36 2 1.101493e-09
2 36 2 1.034087e-09
3 36 2 1.146075e-09
4 36 2 1.376536e-09
5 36 2 1.882641e-09
6 36 2 2.715866e-09
7 36 2 3.198523e-09
8 36 2 3.258422e-09
9 36 2 2.487250e-09
10 36 2 1.948661e-09
11 36 2 1.491477e-09
12 36 2 1.235815e-09
1 37 2 2.543696e-08
2 37 2 2.461944e-08
3 37 2 3.102164e-08
4 37 2 3.988966e-08
5 37 2 6.030555e-08
6 37 2 9.146644e-08
7 37 2 1.063802e-07
8 37 2 1.045742e-07
9 37 2 7.695690e-08
10 37 2 5.770422e-08
11 37 2 4.067058e-08
12 37 2 3.115713e-08
1 38 2 1.313811e-07
2 38 2 1.312634e-07
3 38 2 1.999624e-07
4 38 2 2.964772e-07
5 38 2 5.412905e-07
6 38 2 9.604787e-07
7 38 2 1.138610e-06
8 38 2 9.875059e-07
9 38 2 6.378534e-07
10 38 2 4.359722e-07
11 38 2 2.491231e-07
12 38 2 1.797768e-07
1 39 2 1.412397e-07
2 39 2 1.471433e-07
3 39 2 2.383418e-07
4 39 2 3.680196e-07
5 39 2 7.140799e-07
6 39 2 1.380496e-06
7 39 2 1.714191e-06
8 39 2 1.387839e-06
9 39 2 8.747719e-07
10 39 2 5.524080e-07
11 39 2 2.796170e-07
12 39 2 2.041001e-07
1 40 2 3.498273e-08
2 40 2 3.838212e-08
3 40 2 6.845396e-08
4 40 2 1.151108e-07
5 40 2 2.516379e-07
6 40 2 5.713289e-07
7 40 2 7.148207e-07
8 40 2 5.243745e-07
9 40 2 3.230093e-07
10 40 2 1.740405e-07
11 40 2 7.455391e-08
12 40 2 5.554033e-08
1 41 2 1.862425e-08
2 41 2 1.991025e-08
3 41 2 3.989948e-08
4 41 2 7.106379e-08
5 41 2 1.782384e-07
6 41 2 4.522983e-07
7 41 2 5.847947e-07
8 41 2 4.101723e-07
9 41 2 2.292233e-07
10 41 2 9.934752e-08
11 41 2 3.816665e-08
12 41 2 3.181141e-08
1 42 2 1.008118e-08
2 42 2 1.054511e-08
3 42 2 2.274039e-08
4 42 2 4.485978e-08
5 42 2 1.275288e-07
6 42 2 3.537267e-07
7 42 2 4.951759e-07
8 42 2 3.306863e-07
9 42 2 1.565973e-07
10 42 2 5.604449e-08
11 42 2 2.089445e-08
12 42 2 1.714086e-08
1 43 2 2.828760e-10
2 43 2 2.933059e-10
3 43 2 6.920498e-10
4 43 2 1.688622e-09
5 43 2 5.652128e-09
6 43 2 1.666901e-08
7 43 2 2.436778e-08
8 43 2 1.529640e-08
9 43 2 6.254984e-09
10 43 2 1.920439e-09
11 43 2 6.549109e-10
12 43 2 4.589011e-10
1 44 2 1.169817e-09
2 44 2 1.175403e-09
3 44 2 2.556682e-09
4 44 2 6.911925e-09
5 44 2 2.582274e-08
6 44 2 8.137601e-08
7 44 2 1.189355e-07
8 44 2 7.171738e-08
9 44 2 2.585304e-08
10 44 2 7.659731e-09
11 44 2 2.513946e-09
12 44 2 1.699710e-09
1 45 2 2.683184e-09
2 45 2 3.007065e-09
3 45 2 5.479394e-09
4 45 2 1.615917e-08
5 45 2 6.767146e-08
6 45 2 2.245409e-07
7 45 2 3.141298e-07
8 45 2 1.912733e-07
9 45 2 6.577458e-08
10 45 2 1.679362e-08
11 45 2 4.867749e-09
12 45 2 3.181320e-09
1 46 2 1.217675e-09
2 46 2 1.531865e-09
3 46 2 2.407975e-09
4 46 2 6.686703e-09
5 46 2 2.625840e-08
6 46 2 8.145064e-08
7 46 2 1.139437e-07
8 46 2 7.139843e-08
9 46 2 2.681929e-08
10 46 2 6.500677e-09
11 46 2 1.787293e-09
12 46 2 1.274589e-09
1 47 2 1.599509e-09
2 47 2 2.035595e-09
3 47 2 2.868472e-09
4 47 2 6.426890e-09
5 47 2 2.190605e-08
6 47 2 6.035113e-08
7 47 2 8.184902e-08
8 47 2 5.549950e-08
9 47 2 2.351128e-08
10 47 2 7.251780e-09
11 47 2 2.139465e-09
12 47 2 1.626278e-09
1 48 2 2.166771e-09
2 48 2 2.489052e-09
3 48 2 3.423552e-09
4 48 2 6.685474e-09
5 48 2 2.074631e-08
6 48 2 4.772006e-08
7 48 2 6.341553e-08
8 48 2 4.461646e-08
9 48 2 2.123924e-08
10 48 2 7.918739e-09
11 48 2 2.850647e-09
12 48 2 1.890375e-09
1 49 2 1.244087e-11
2 49 2 1.132009e-11
3 49 2 1.284030e-11
4 49 2 1.502844e-11
5 49 2 2.149387e-11
6 49 2 3.270167e-11
7 49 2 4.876916e-11
8 49 2 4.586055e-11
9 49 2 3.198721e-11
10 49 2 2.288992e-11
11 49 2 1.671150e-11
12 49 2 1.219101e-11
1 50 2 5.070597e-11
2 50 2 4.376936e-11
3 50 2 5.130445e-11
4 50 2 5.848176e-11
5 50 2 8.230900e-11
6 50 2 1.207873e-10
7 50 2 1.667043e-10
8 50 2 1.603133e-10
9 50 2 1.160814e-10
10 50 2 8.274771e-11
11 50 2 6.195162e-11
12 50 2 4.878014e-11
1 51 2 2.238433e-11
2 51 2 2.042921e-11
3 51 2 2.219859e-11
4 51 2 2.562452e-11
5 51 2 3.492687e-11
6 51 2 4.898216e-11
7 51 2 6.383090e-11
8 51 2 6.330088e-11
9 51 2 5.259375e-11
10 51 2 3.699310e-11
11 51 2 2.772497e-11
12 51 2 2.323437e-11
1 52 2 1.363367e-07
2 52 2 1.433016e-07
3 52 2 1.800193e-07
4 52 2 2.624437e-07
5 52 2 4.438268e-07
6 52 2 6.108050e-07
7 52 2 7.834708e-07
8 52 2 7.328135e-07
9 52 2 5.915543e-07
10 52 2 3.379343e-07
11 52 2 2.034034e-07
12 52 2 1.568550e-07
1 53 2 6.590576e-08
2 53 2 8.268766e-08
3 53 2 1.400903e-07
4 53 2 3.057753e-07
5 53 2 5.822897e-07
6 53 2 8.695068e-07
7 53 2 1.206979e-06
8 53 2 1.028486e-06
9 53 2 6.960875e-07
10 53 2 3.070039e-07
11 53 2 1.369320e-07
12 53 2 8.675199e-08
1 54 2 1.911626e-08
2 54 2 2.479868e-08
3 54 2 4.637454e-08
4 54 2 1.152362e-07
5 54 2 2.269793e-07
6 54 2 4.384205e-07
7 54 2 6.227971e-07
8 54 2 5.222314e-07
9 54 2 3.167251e-07
10 54 2 1.347024e-07
11 54 2 5.773959e-08
12 54 2 3.185028e-08
1 55 2 2.727558e-08
2 55 2 3.041954e-08
3 55 2 5.674682e-08
4 55 2 1.328755e-07
5 55 2 2.636790e-07
6 55 2 5.631123e-07
7 55 2 7.827688e-07
8 55 2 6.750701e-07
9 55 2 4.280857e-07
10 55 2 2.052603e-07
11 55 2 9.603343e-08
12 55 2 5.498902e-08
1 56 2 1.178249e-07
2 56 2 1.222765e-07
3 56 2 2.117861e-07
4 56 2 4.722529e-07
5 56 2 1.032282e-06
6 56 2 2.034854e-06
7 56 2 2.813364e-06
8 56 2 2.334950e-06
9 56 2 1.526179e-06
10 56 2 7.863425e-07
11 56 2 3.545124e-07
12 56 2 2.033163e-07
1 57 2 2.427484e-08
2 57 2 2.316060e-08
3 57 2 2.848622e-08
4 57 2 4.323762e-08
5 57 2 7.234332e-08
6 57 2 1.177116e-07
7 57 2 1.676227e-07
8 57 2 1.510690e-07
9 57 2 1.123954e-07
10 57 2 7.219696e-08
11 57 2 4.414882e-08
12 57 2 3.172776e-08
1 60 2 9.634487e-07
2 60 2 9.330130e-07
3 60 2 1.069981e-06
4 60 2 1.268981e-06
5 60 2 1.564553e-06
6 60 2 2.058941e-06
7 60 2 2.397019e-06
8 60 2 2.398028e-06
9 60 2 2.035071e-06
10 60 2 1.661294e-06
11 60 2 1.328647e-06
12 60 2 1.101312e-06
1 61 2 3.052185e-06
2 61 2 3.070544e-06
3 61 2 4.318669e-06
4 61 2 6.504826e-06
5 61 2 9.488556e-06
6 61 2 1.336784e-05
7 61 2 1.581954e-05
8 61 2 1.521971e-05
9 61 2 1.182611e-05
10 61 2 8.044195e-06
11 61 2 5.247716e-06
12 61 2 3.680704e-06
1 62 2 9.911753e-07
2 62 2 1.085570e-06
3 62 2 1.708886e-06
4 62 2 3.093605e-06
5 62 2 5.306199e-06
6 62 2 7.527267e-06
7 62 2 9.204326e-06
8 62 2 8.591905e-06
9 62 2 5.987031e-06
10 62 2 3.570299e-06
11 62 2 1.938831e-06
12 62 2 1.261735e-06
1 63 2 1.754117e-06
2 63 2 2.129423e-06
3 63 2 3.563084e-06
4 63 2 7.494068e-06
5 63 2 1.438235e-05
6 63 2 2.138165e-05
7 63 2 2.734197e-05
8 63 2 2.379287e-05
9 63 2 1.453194e-05
10 63 2 7.936048e-06
11 63 2 3.665719e-06
12 63 2 2.399735e-06
1 64 2 5.165098e-07
2 64 2 6.617029e-07
3 64 2 1.260042e-06
4 64 2 2.984619e-06
5 64 2 6.392113e-06
6 64 2 1.023870e-05
7 64 2 1.297778e-05
8 64 2 1.014572e-05
9 64 2 5.809291e-06
10 64 2 2.568159e-06
11 64 2 1.173523e-06
12 64 2 8.031092e-07
1 65 2 1.746331e-07
2 65 2 2.165461e-07
3 65 2 4.744119e-07
4 65 2 1.337858e-06
5 65 2 2.805063e-06
6 65 2 4.767309e-06
7 65 2 6.179109e-06
8 65 2 4.611752e-06
9 65 2 2.615640e-06
10 65 2 9.281763e-07
11 65 2 4.086014e-07
12 65 2 2.961129e-07
1 66 2 1.156236e-07
2 66 2 1.429468e-07
3 66 2 3.398255e-07
4 66 2 1.114855e-06
5 66 2 2.318102e-06
6 66 2 3.986080e-06
7 66 2 5.497469e-06
8 66 2 4.156093e-06
9 66 2 2.351034e-06
10 66 2 7.789246e-07
11 66 2 2.984955e-07
12 66 2 1.851510e-07
1 67 2 3.906640e-08
2 67 2 5.209323e-08
3 67 2 1.324734e-07
4 67 2 4.893683e-07
5 67 2 1.110348e-06
6 67 2 1.893707e-06
7 67 2 2.647611e-06
8 67 2 2.037554e-06
9 67 2 1.114400e-06
10 67 2 4.098169e-07
11 67 2 1.295872e-07
12 67 2 5.832652e-08
1 68 2 9.413068e-09
2 68 2 1.263922e-08
3 68 2 3.753777e-08
4 68 2 1.725434e-07
5 68 2 4.702028e-07
6 68 2 9.010543e-07
7 68 2 1.291941e-06
8 68 2 9.608605e-07
9 68 2 4.611264e-07
10 68 2 1.694123e-07
11 68 2 3.863200e-08
12 68 2 1.344260e-08
1 69 2 5.693940e-09
2 69 2 8.072949e-09
3 69 2 1.930591e-08
4 69 2 8.465756e-08
5 69 2 2.714584e-07
6 69 2 6.424369e-07
7 69 2 9.411649e-07
8 69 2 7.245065e-07
9 69 2 3.112433e-07
10 69 2 1.012043e-07
11 69 2 1.960974e-08
12 69 2 7.374534e-09
1 70 2 2.393278e-08
2 70 2 2.797285e-08
3 70 2 4.008428e-08
4 70 2 1.045778e-07
5 70 2 2.622479e-07
6 70 2 6.368126e-07
7 70 2 1.030798e-06
8 70 2 9.394731e-07
9 70 2 4.850809e-07
10 70 2 1.729066e-07
11 70 2 5.258789e-08
12 70 2 2.960317e-08
1 71 2 2.031559e-08
2 71 2 2.061557e-08
3 71 2 2.332809e-08
4 71 2 3.743453e-08
5 71 2 7.249677e-08
6 71 2 1.512351e-07
7 71 2 2.320984e-07
8 71 2 2.307640e-07
9 71 2 1.480560e-07
10 71 2 7.051709e-08
11 71 2 3.368781e-08
12 71 2 2.339732e-08
1 72 2 8.521113e-11
2 72 2 8.138404e-11
3 72 2 8.817117e-11
4 72 2 1.124191e-10
5 72 2 1.749158e-10
6 72 2 3.043594e-10
7 72 2 4.714178e-10
8 72 2 4.533933e-10
9 72 2 3.172092e-10
10 72 2 1.923377e-10
11 72 2 1.185065e-10
12 72 2 8.462922e-11
1 76 2 1.773901e-08
2 76 2 1.622937e-08
3 76 2 1.639271e-08
4 76 2 1.783136e-08
5 76 2 2.424204e-08
6 76 2 3.456760e-08
7 76 2 4.635323e-08
8 76 2 4.946740e-08
9 76 2 4.713281e-08
10 76 2 3.147530e-08
11 76 2 2.031863e-08
12 76 2 1.777041e-08
1 77 2 1.808930e-08
2 77 2 2.348881e-08
3 77 2 3.076894e-08
4 77 2 4.972937e-08
5 77 2 8.349762e-08
6 77 2 1.289116e-07
7 77 2 1.751561e-07
8 77 2 1.662515e-07
9 77 2 1.231521e-07
10 77 2 6.221789e-08
11 77 2 2.730139e-08
12 77 2 1.720793e-08
1 78 2 1.975683e-08
2 78 2 2.699492e-08
3 78 2 3.759204e-08
4 78 2 6.742528e-08
5 78 2 1.054337e-07
6 78 2 1.673921e-07
7 78 2 2.066270e-07
8 78 2 1.934811e-07
9 78 2 1.254510e-07
10 78 2 6.652914e-08
11 78 2 3.592717e-08
12 78 2 2.074197e-08
1 79 2 3.158970e-07
2 79 2 3.876109e-07
3 79 2 5.691246e-07
4 79 2 9.439875e-07
5 79 2 1.434179e-06
6 79 2 2.342976e-06
7 79 2 2.871024e-06
8 79 2 2.719786e-06
9 79 2 1.878029e-06
10 79 2 1.133663e-06
11 79 2 6.459029e-07
12 79 2 3.956682e-07
1 80 2 5.640854e-08
2 80 2 5.651868e-08
3 80 2 7.101925e-08
4 80 2 9.602618e-08
5 80 2 1.432145e-07
6 80 2 2.178957e-07
7 80 2 2.805738e-07
8 80 2 2.777634e-07
9 80 2 2.305386e-07
10 80 2 1.616316e-07
11 80 2 9.428945e-08
12 80 2 6.969560e-08
1 81 2 3.671938e-13
2 81 2 3.327661e-13
3 81 2 3.504930e-13
4 81 2 4.155988e-13
5 81 2 5.984586e-13
6 81 2 8.064057e-13
7 81 2 1.076010e-12
8 81 2 1.154534e-12
9 81 2 1.049832e-12
10 81 2 8.055290e-13
11 81 2 5.324854e-13
12 81 2 4.359438e-13
1 84 2 1.791434e-07
2 84 2 1.893996e-07
3 84 2 2.342494e-07
4 84 2 2.960180e-07
5 84 2 3.968708e-07
6 84 2 6.503016e-07
7 84 2 8.709642e-07
8 84 2 8.346000e-07
9 84 2 6.262394e-07
10 84 2 3.952199e-07
11 84 2 2.654996e-07
12 84 2 2.028130e-07
1 85 2 4.911759e-07
2 85 2 5.531028e-07
3 85 2 7.191228e-07
4 85 2 1.044818e-06
5 85 2 1.672527e-06
6 85 2 2.555046e-06
7 85 2 3.535144e-06
8 85 2 3.363013e-06
9 85 2 2.421598e-06
10 85 2 1.335768e-06
11 85 2 7.533167e-07
12 85 2 5.466073e-07
1 86 2 1.501009e-07
2 86 2 1.699456e-07
3 86 2 2.171779e-07
4 86 2 3.154563e-07
5 86 2 5.070007e-07
6 86 2 7.356469e-07
7 86 2 1.010583e-06
8 86 2 1.013889e-06
9 86 2 7.504711e-07
10 86 2 4.351899e-07
11 86 2 2.397240e-07
12 86 2 1.713291e-07
1 87 2 2.351144e-07
2 87 2 3.180827e-07
3 87 2 4.541638e-07
4 87 2 7.179294e-07
5 87 2 1.259512e-06
6 87 2 1.893206e-06
7 87 2 2.566601e-06
8 87 2 2.615281e-06
9 87 2 1.896091e-06
10 87 2 1.067549e-06
11 87 2 4.690531e-07
12 87 2 2.851129e-07
1 88 2 8.372346e-08
2 88 2 1.188941e-07
3 88 2 1.864434e-07
4 88 2 3.537565e-07
5 88 2 7.260124e-07
6 88 2 1.141092e-06
7 88 2 1.461327e-06
8 88 2 1.281698e-06
9 88 2 8.282338e-07
10 88 2 3.914079e-07
11 88 2 2.006627e-07
12 88 2 1.114608e-07
1 89 2 6.178145e-08
2 89 2 8.596088e-08
3 89 2 1.631511e-07
4 89 2 3.068593e-07
5 89 2 6.123730e-07
6 89 2 9.148141e-07
7 89 2 1.067190e-06
8 89 2 9.346037e-07
9 89 2 6.099275e-07
10 89 2 2.902464e-07
11 89 2 1.597081e-07
12 89 2 8.839911e-08
1 90 2 4.005044e-08
2 90 2 5.278515e-08
3 90 2 1.047465e-07
4 90 2 1.879976e-07
5 90 2 2.886594e-07
6 90 2 3.820891e-07
7 90 2 4.291096e-07
8 90 2 3.970453e-07
9 90 2 2.893496e-07
10 90 2 1.725847e-07
11 90 2 9.515515e-08
12 90 2 5.416974e-08
1 91 2 9.050563e-11
2 91 2 1.280615e-10
3 91 2 2.675488e-10
4 91 2 5.055831e-10
5 91 2 7.461617e-10
6 91 2 9.484411e-10
7 91 2 1.064961e-09
8 91 2 9.766717e-10
9 91 2 7.022472e-10
10 91 2 4.346927e-10
11 91 2 2.252922e-10
12 91 2 1.156552e-10
1 92 2 4.857426e-10
2 92 2 6.938537e-10
3 92 2 1.739316e-09
4 92 2 4.149605e-09
5 92 2 7.825553e-09
6 92 2 1.199150e-08
7 92 2 1.439418e-08
8 92 2 1.310101e-08
9 92 2 8.196121e-09
10 92 2 4.355975e-09
11 92 2 1.708416e-09
12 92 2 7.333812e-10
1 93 2 1.716754e-07
2 93 2 2.071417e-07
3 93 2 4.258943e-07
4 93 2 9.925941e-07
5 93 2 1.770732e-06
6 93 2 2.810027e-06
7 93 2 3.769504e-06
8 93 2 3.705744e-06
9 93 2 2.492502e-06
10 93 2 1.435378e-06
11 93 2 6.147071e-07
12 93 2 2.560378e-07
1 94 2 2.044328e-07
2 94 2 2.034022e-07
3 94 2 2.715911e-07
4 94 2 4.813095e-07
5 94 2 8.215659e-07
6 94 2 1.293656e-06
7 94 2 1.787181e-06
8 94 2 1.947631e-06
9 94 2 1.604293e-06
10 94 2 9.683486e-07
11 94 2 5.197367e-07
12 94 2 2.839717e-07
1 98 2 2.244127e-09
2 98 2 2.088985e-09
3 98 2 1.967103e-09
4 98 2 2.094398e-09
5 98 2 2.376998e-09
6 98 2 2.719988e-09
7 98 2 3.059428e-09
8 98 2 3.224488e-09
9 98 2 3.181848e-09
10 98 2 3.007696e-09
11 98 2 2.705401e-09
12 98 2 2.461944e-09
1 101 2 8.844197e-09
2 101 2 9.087714e-09
3 101 2 9.312553e-09
4 101 2 1.148379e-08
5 101 2 1.476838e-08
6 101 2 1.724362e-08
7 101 2 1.840658e-08
8 101 2 1.844404e-08
9 101 2 1.773148e-08
10 101 2 1.520293e-08
11 101 2 1.169064e-08
12 101 2 9.376727e-09
1 102 2 5.667088e-08
2 102 2 6.405861e-08
3 102 2 7.872922e-08
4 102 2 9.847443e-08
5 102 2 1.139582e-07
6 102 2 1.244058e-07
7 102 2 1.279090e-07
8 102 2 1.295253e-07
9 102 2 1.167384e-07
10 102 2 8.993541e-08
11 102 2 7.218443e-08
12 102 2 5.916411e-08
1 103 2 3.164501e-08
2 103 2 3.229400e-08
3 103 2 3.519641e-08
4 103 2 3.977061e-08
5 103 2 4.631604e-08
6 103 2 5.300278e-08
7 103 2 5.734228e-08
8 103 2 6.017945e-08
9 103 2 5.902359e-08
10 103 2 5.158149e-08
11 103 2 4.243387e-08
12 103 2 3.528236e-08
1 104 2 1.484411e-08
2 104 2 1.424404e-08
3 104 2 1.439881e-08
4 104 2 1.578621e-08
5 104 2 1.845900e-08
6 104 2 2.118259e-08
7 104 2 2.377377e-08
8 104 2 2.568146e-08
9 104 2 2.588818e-08
10 104 2 2.418468e-08
11 104 2 1.989408e-08
12 104 2 1.647228e-08
1 107 2 5.407639e-09
2 107 2 5.704961e-09
3 107 2 6.660746e-09
4 107 2 7.632481e-09
5 107 2 8.559347e-09
6 107 2 1.095802e-08
7 107 2 1.197758e-08
8 107 2 1.192912e-08
9 107 2 1.116744e-08
10 107 2 9.552093e-09
11 107 2 7.593564e-09
12 107 2 5.938453e-09
1 108 2 7.198784e-10
2 108 2 9.200054e-10
3 108 2 1.336406e-09
4 108 2 2.069802e-09
5 108 2 3.212885e-09
6 108 2 4.409785e-09
7 108 2 4.720542e-09
8 108 2 4.171965e-09
9 108 2 3.375778e-09
10 108 2 2.329053e-09
11 108 2 1.213200e-09
12 108 2 7.723204e-10
1 109 2 1.365966e-09
2 109 2 1.804242e-09
3 109 2 2.821951e-09
4 109 2 4.897255e-09
5 109 2 8.343862e-09
6 109 2 1.051786e-08
7 109 2 1.068710e-08
8 109 2 9.824443e-09
9 109 2 7.889309e-09
10 109 2 5.535645e-09
11 109 2 2.462117e-09
12 109 2 1.438278e-09
1 110 2 6.009975e-10
2 110 2 7.655558e-10
3 110 2 1.229522e-09
4 110 2 1.903252e-09
5 110 2 2.951866e-09
6 110 2 3.418403e-09
7 110 2 3.675113e-09
8 110 2 3.634659e-09
9 110 2 3.060298e-09
10 110 2 2.231151e-09
11 110 2 1.079218e-09
12 110 2 6.352396e-10
1 111 2 2.064358e-08
2 111 2 2.581910e-08
3 111 2 4.180055e-08
4 111 2 6.335223e-08
5 111 2 9.574763e-08
6 111 2 1.227943e-07
7 111 2 1.298028e-07
8 111 2 1.285646e-07
9 111 2 1.094840e-07
10 111 2 7.126880e-08
11 111 2 3.839199e-08
12 111 2 2.345053e-08
1 112 2 2.377274e-08
2 112 2 3.065204e-08
3 112 2 5.377241e-08
4 112 2 8.942039e-08
5 112 2 1.359788e-07
6 112 2 1.657062e-07
7 112 2 1.687673e-07
8 112 2 1.573086e-07
9 112 2 1.200878e-07
10 112 2 7.972308e-08
11 112 2 4.575273e-08
12 112 2 2.812374e-08
1 113 2 1.363279e-08
2 113 2 1.727147e-08
3 113 2 2.901618e-08
4 113 2 4.339104e-08
5 113 2 5.339683e-08
6 113 2 4.662333e-08
7 113 2 4.000558e-08
8 113 2 3.820859e-08
9 113 2 3.779009e-08
10 113 2 3.450596e-08
11 113 2 2.413476e-08
12 113 2 1.630086e-08
1 114 2 3.717232e-08
2 114 2 5.040755e-08
3 114 2 8.980966e-08
4 114 2 1.309141e-07
5 114 2 1.510364e-07
6 114 2 1.105672e-07
7 114 2 9.132098e-08
8 114 2 8.370675e-08
9 114 2 8.077999e-08
10 114 2 7.229958e-08
11 114 2 5.511553e-08
12 114 2 4.082611e-08
1 115 2 1.270598e-08
2 115 2 1.848607e-08
3 115 2 2.930342e-08
4 115 2 3.632416e-08
5 115 2 3.243919e-08
6 115 2 3.011872e-08
7 115 2 2.904895e-08
8 115 2 2.787041e-08
9 115 2 2.563246e-08
10 115 2 2.290653e-08
11 115 2 1.740078e-08
12 115 2 1.248375e-08
1 116 2 9.214610e-09
2 116 2 1.179582e-08
3 116 2 1.803863e-08
4 116 2 2.553302e-08
5 116 2 2.969651e-08
6 116 2 3.381679e-08
7 116 2 3.545296e-08
8 116 2 3.393635e-08
9 116 2 2.749222e-08
10 116 2 2.197942e-08
11 116 2 1.596762e-08
12 116 2 1.051878e-08
1 117 2 6.135782e-09
2 117 2 6.407290e-09
3 117 2 8.091819e-09
4 117 2 1.107666e-08
5 117 2 1.410522e-08
6 117 2 1.671157e-08
7 117 2 1.779121e-08
8 117 2 1.776788e-08
9 117 2 1.621211e-08
10 117 2 1.387855e-08
11 117 2 1.120363e-08
12 117 2 8.093356e-09
1 126 2 1.630641e-10
2 126 2 1.694884e-10
3 126 2 1.837023e-10
4 126 2 1.939784e-10
5 126 2 1.916524e-10
6 126 2 1.781195e-10
7 126 2 1.716968e-10
8 126 2 1.733743e-10
9 126 2 1.724565e-10
10 126 2 1.694661e-10
11 126 2 1.655894e-10
12 126 2 1.630822e-10
1 127 2 1.642431e-08
2 127 2 1.670386e-08
3 127 2 1.763056e-08
4 127 2 1.830427e-08
5 127 2 1.855364e-08
6 127 2 1.797155e-08
7 127 2 1.797651e-08
8 127 2 1.838904e-08
9 127 2 1.819302e-08
10 127 2 1.746388e-08
11 127 2 1.692466e-08
12 127 2 1.671517e-08
1 128 2 7.442414e-08
2 128 2 7.643291e-08
3 128 2 7.846325e-08
4 128 2 7.659347e-08
5 128 2 7.450656e-08
6 128 2 7.226845e-08
7 128 2 7.702484e-08
8 128 2 8.757756e-08
9 128 2 9.208700e-08
10 128 2 8.698051e-08
11 128 2 7.909607e-08
12 128 2 7.452424e-08
1 129 2 2.121473e-09
2 129 2 2.092345e-09
3 129 2 2.145116e-09
4 129 2 2.207325e-09
5 129 2 2.241383e-09
6 129 2 2.302018e-09
7 129 2 2.405382e-09
8 129 2 2.621862e-09
9 129 2 2.739294e-09
10 129 2 2.751362e-09
11 129 2 2.512087e-09
12 129 2 2.231684e-09
1 133 2 4.557918e-08
2 133 2 5.299254e-08
3 133 2 6.361468e-08
4 133 2 6.531545e-08
5 133 2 6.230426e-08
6 133 2 5.726602e-08
7 133 2 5.111047e-08
8 133 2 4.785914e-08
9 133 2 4.990643e-08
10 133 2 5.315226e-08
11 133 2 5.070811e-08
12 133 2 4.436963e-08
1 135 2 1.971800e-09
2 135 2 2.221529e-09
3 135 2 2.641905e-09
4 135 2 2.845209e-09
5 135 2 2.733973e-09
6 135 2 2.438984e-09
7 135 2 2.107040e-09
8 135 2 2.128127e-09
9 135 2 2.261378e-09
10 135 2 2.126695e-09
11 135 2 2.038418e-09
12 135 2 1.914816e-09
1 136 2 2.205512e-09
2 136 2 2.269918e-09
3 136 2 2.807177e-09
4 136 2 3.412673e-09
5 136 2 3.737031e-09
6 136 2 3.409598e-09
7 136 2 3.017096e-09
8 136 2 3.010175e-09
9 136 2 3.025734e-09
10 136 2 2.846302e-09
11 136 2 2.691164e-09
12 136 2 2.389787e-09
1 137 2 5.355988e-10
2 137 2 5.618983e-10
3 137 2 6.442281e-10
4 137 2 7.079121e-10
5 137 2 6.987521e-10
6 137 2 6.429220e-10
7 137 2 5.947713e-10
8 137 2 5.738949e-10
9 137 2 5.742554e-10
10 137 2 5.982416e-10
11 137 2 5.914743e-10
12 137 2 5.577073e-10
1 138 2 2.143757e-08
2 138 2 2.357402e-08
3 138 2 2.734935e-08
4 138 2 3.043813e-08
5 138 2 3.071020e-08
6 138 2 2.699118e-08
7 138 2 2.500474e-08
8 138 2 2.411398e-08
9 138 2 2.417977e-08
10 138 2 2.432067e-08
11 138 2 2.359151e-08
12 138 2 2.187915e-08
1 139 2 3.616682e-08
2 139 2 4.118732e-08
3 139 2 4.602278e-08
4 139 2 4.830418e-08
5 139 2 4.762346e-08
6 139 2 4.435037e-08
7 139 2 4.196216e-08
8 139 2 4.039550e-08
9 139 2 3.987192e-08
10 139 2 4.018145e-08
11 139 2 3.823573e-08
12 139 2 3.499970e-08
1 140 2 1.198465e-08
2 140 2 1.239257e-08
3 140 2 1.345929e-08
4 140 2 1.524916e-08
5 140 2 1.619242e-08
6 140 2 1.555285e-08
7 140 2 1.472602e-08
8 140 2 1.420312e-08
9 140 2 1.399606e-08
10 140 2 1.407342e-08
11 140 2 1.377618e-08
12 140 2 1.284360e-08
1 141 2 1.880886e-08
2 141 2 1.861425e-08
3 141 2 1.914741e-08
4 141 2 2.101412e-08
5 141 2 2.267702e-08
6 141 2 2.242387e-08
7 141 2 2.181750e-08
8 141 2 2.115634e-08
9 141 2 2.097704e-08
10 141 2 2.102636e-08
11 141 2 2.123623e-08
12 141 2 2.061872e-08
1 150 2 2.174056e-11
2 150 2 2.379846e-11
3 150 2 2.547354e-11
4 150 2 2.604878e-11
5 150 2 2.437372e-11
6 150 2 2.149652e-11
7 150 2 1.961083e-11
8 150 2 1.913727e-11
9 150 2 1.851856e-11
10 150 2 1.809724e-11
11 150 2 1.844909e-11
12 150 2 1.962930e-11
1 151 2 1.411349e-08
2 151 2 1.501135e-08
3 151 2 1.591648e-08
4 151 2 1.629178e-08
5 151 2 1.576343e-08
6 151 2 1.483827e-08
7 151 2 1.451041e-08
8 151 2 1.507063e-08
9 151 2 1.434858e-08
10 151 2 1.346466e-08
11 151 2 1.306984e-08
12 151 2 1.339590e-08
1 152 2 1.118626e-08
2 152 2 1.133086e-08
3 152 2 1.143575e-08
4 152 2 1.086692e-08
5 152 2 1.044602e-08
6 152 2 1.025946e-08
7 152 2 1.172930e-08
8 152 2 1.563962e-08
9 152 2 1.660316e-08
10 152 2 1.415103e-08
11 152 2 1.213509e-08
12 152 2 1.122247e-08
1 153 2 1.296790e-08
2 153 2 1.328246e-08
3 153 2 1.401391e-08
4 153 2 1.374579e-08
5 153 2 1.327434e-08
6 153 2 1.303274e-08
7 153 2 1.521334e-08
8 153 2 1.988110e-08
9 153 2 2.418096e-08
10 153 2 2.161281e-08
11 153 2 1.634898e-08
12 153 2 1.364101e-08
1 154 2 3.528384e-08
2 154 2 3.509240e-08
3 154 2 3.651815e-08
4 154 2 3.499117e-08
5 154 2 3.271993e-08
6 154 2 2.943196e-08
7 154 2 2.779150e-08
8 154 2 2.895129e-08
9 154 2 3.264219e-08
10 154 2 3.668400e-08
11 154 2 3.866084e-08
12 154 2 3.738319e-08
1 157 2 1.405525e-09
2 157 2 1.459498e-09
3 157 2 1.562601e-09
4 157 2 1.540589e-09
5 157 2 1.501631e-09
6 157 2 1.411791e-09
7 157 2 1.347050e-09
8 157 2 1.333472e-09
9 157 2 1.323834e-09
10 157 2 1.346917e-09
11 157 2 1.356573e-09
12 157 2 1.374277e-09
1 163 2 6.544737e-09
2 163 2 6.632428e-09
3 163 2 6.829243e-09
4 163 2 7.239043e-09
5 163 2 7.246108e-09
6 163 2 6.699311e-09
7 163 2 6.193491e-09
8 163 2 5.815810e-09
9 163 2 5.899090e-09
10 163 2 6.241010e-09
11 163 2 6.484981e-09
12 163 2 6.535793e-09
1 164 2 2.475883e-08
2 164 2 2.454713e-08
3 164 2 2.523044e-08
4 164 2 2.640747e-08
5 164 2 2.609684e-08
6 164 2 2.413756e-08
7 164 2 2.234144e-08
8 164 2 2.182348e-08
9 164 2 2.336850e-08
10 164 2 2.560122e-08
11 164 2 2.611825e-08
12 164 2 2.568332e-08
1 165 2 1.081019e-08
2 165 2 1.059475e-08
3 165 2 1.072795e-08
4 165 2 1.096523e-08
5 165 2 1.084488e-08
6 165 2 9.978825e-09
7 165 2 9.408667e-09
8 165 2 9.523277e-09
9 165 2 1.015079e-08
10 165 2 1.085339e-08
11 165 2 1.141731e-08
12 165 2 1.143076e-08
1 166 2 4.716599e-09
2 166 2 4.669513e-09
3 166 2 4.592366e-09
4 166 2 4.570820e-09
5 166 2 4.421155e-09
6 166 2 4.088833e-09
7 166 2 3.861095e-09
8 166 2 3.889902e-09
9 166 2 4.035485e-09
10 166 2 4.245034e-09
11 166 2 4.576770e-09
12 166 2 4.807371e-09
1 170 2 2.165675e-10
2 170 2 2.381814e-10
3 170 2 2.340119e-10
4 170 2 2.127043e-10
5 170 2 1.772462e-10
6 170 2 1.490331e-10
7 170 2 1.409620e-10
8 170 2 1.345733e-10
9 170 2 1.368367e-10
10 170 2 1.523667e-10
11 170 2 1.681083e-10
12 170 2 1.935871e-10
1 171 2 7.775091e-10
2 171 2 8.534815e-10
3 171 2 8.638140e-10
4 171 2 7.685212e-10
5 171 2 6.393233e-10
6 171 2 5.478699e-10
7 171 2 4.974069e-10
8 171 2 4.713087e-10
9 171 2 4.781757e-10
10 171 2 5.201217e-10
11 171 2 5.936361e-10
12 171 2 7.013238e-10
1 175 2 2.241365e-11
2 175 2 2.369645e-11
3 175 2 2.376442e-11
4 175 2 2.225821e-11
5 175 2 1.933888e-11
6 175 2 1.762262e-11
7 175 2 1.725697e-11
8 175 2 1.711127e-11
9 175 2 1.591534e-11
10 175 2 1.608816e-11
11 175 2 1.682002e-11
12 175 2 1.962065e-11
1 176 2 1.275953e-07
2 176 2 1.285519e-07
3 176 2 1.258519e-07
4 176 2 1.111546e-07
5 176 2 8.991910e-08
6 176 2 8.148357e-08
7 176 2 8.133496e-08
8 176 2 9.279238e-08
9 176 2 1.010605e-07
10 176 2 1.078562e-07
11 176 2 1.151284e-07
12 176 2 1.222946e-07
1 177 2 1.055967e-07
2 177 2 1.026112e-07
3 177 2 9.688409e-08
4 177 2 8.471868e-08
5 177 2 6.927680e-08
6 177 2 5.915653e-08
7 177 2 6.155146e-08
8 177 2 7.374997e-08
9 177 2 9.269219e-08
10 177 2 9.639632e-08
11 177 2 9.835157e-08
12 177 2 9.855251e-08
1 178 2 2.582779e-08
2 178 2 2.552593e-08
3 178 2 2.446847e-08
4 178 2 2.050851e-08
5 178 2 1.785685e-08
6 178 2 1.509302e-08
7 178 2 1.437514e-08
8 178 2 1.448094e-08
9 178 2 1.651515e-08
10 178 2 1.776983e-08
11 178 2 2.007001e-08
12 178 2 2.228193e-08
1 181 2 3.159142e-10
2 181 2 3.336751e-10
3 181 2 3.382701e-10
4 181 2 3.234315e-10
5 181 2 2.667302e-10
6 181 2 2.306407e-10
7 181 2 2.039339e-10
8 181 2 2.087097e-10
9 181 2 2.261158e-10
10 181 2 2.448412e-10
11 181 2 2.772859e-10
12 181 2 2.952292e-10
1 182 2 3.771790e-08
2 182 2 3.486297e-08
3 182 2 3.287422e-08
4 182 2 2.746106e-08
5 182 2 2.150446e-08
6 182 2 1.608405e-08
7 182 2 1.594730e-08
8 182 2 2.216075e-08
9 182 2 3.075042e-08
10 182 2 3.771430e-08
11 182 2 4.168205e-08
12 182 2 4.000862e-08
1 183 2 8.010660e-09
2 183 2 7.695581e-09
3 183 2 7.346877e-09
4 183 2 6.661609e-09
5 183 2 5.604963e-09
6 183 2 4.549092e-09
7 183 2 4.232453e-09
8 183 2 5.025876e-09
9 183 2 5.843724e-09
10 183 2 6.913119e-09
11 183 2 7.526287e-09
12 183 2 7.741272e-09
1 184 2 2.495156e-09
2 184 2 2.528236e-09
3 184 2 2.448557e-09
4 184 2 2.203543e-09
5 184 2 1.831909e-09
6 184 2 1.480528e-09
7 184 2 1.335064e-09
8 184 2 1.394343e-09
9 184 2 1.477074e-09
10 184 2 1.696233e-09
11 184 2 1.984707e-09
12 184 2 2.262127e-09
1 188 2 4.142234e-10
2 188 2 4.106118e-10
3 188 2 3.806003e-10
4 188 2 3.107861e-10
5 188 2 2.196512e-10
6 188 2 1.670745e-10
7 188 2 1.437662e-10
8 188 2 1.462429e-10
9 188 2 1.980852e-10
10 188 2 2.603118e-10
11 188 2 3.100056e-10
12 188 2 3.866603e-10
1 189 2 3.613587e-10
2 189 2 3.339683e-10
3 189 2 3.029390e-10
4 189 2 2.239169e-10
5 189 2 1.482531e-10
6 189 2 1.048390e-10
7 189 2 9.967948e-11
8 189 2 1.224394e-10
9 189 2 1.969652e-10
10 189 2 2.804496e-10
11 189 2 3.411202e-10
12 189 2 3.564690e-10
1 190 2 1.479357e-09
2 190 2 1.401718e-09
3 190 2 1.216694e-09
4 190 2 8.617590e-10
5 190 2 6.012491e-10
6 190 2 4.361719e-10
7 190 2 4.098325e-10
8 190 2 4.940518e-10
9 190 2 6.939510e-10
10 190 2 9.460230e-10
11 190 2 1.239592e-09
12 190 2 1.390800e-09
1 191 2 1.138102e-09
2 191 2 1.179374e-09
3 191 2 1.146358e-09
4 191 2 9.470201e-10
5 191 2 7.787523e-10
6 191 2 6.397314e-10
7 191 2 5.624316e-10
8 191 2 5.711982e-10
9 191 2 6.231888e-10
10 191 2 6.994655e-10
11 191 2 8.602692e-10
12 191 2 1.012099e-09
1 192 2 1.496330e-09
2 192 2 1.617117e-09
3 192 2 1.575571e-09
4 192 2 1.364209e-09
5 192 2 1.152962e-09
6 192 2 9.817010e-10
7 192 2 8.627199e-10
8 192 2 8.016693e-10
9 192 2 8.254360e-10
10 192 2 9.064231e-10
11 192 2 1.082035e-09
12 192 2 1.299287e-09
1 200 2 6.521645e-07
2 200 2 6.709150e-07
3 200 2 5.486613e-07
4 200 2 3.627043e-07
5 200 2 2.374081e-07
6 200 2 1.933470e-07
7 200 2 1.836896e-07
8 200 2 1.980937e-07
9 200 2 2.194238e-07
10 200 2 2.805440e-07
11 200 2 3.898573e-07
12 200 2 5.371441e-07
1 201 2 3.783537e-07
2 201 2 3.903826e-07
3 201 2 3.573721e-07
4 201 2 2.750795e-07
5 201 2 2.072987e-07
6 201 2 1.715039e-07
7 201 2 1.620808e-07
8 201 2 1.676579e-07
9 201 2 1.659311e-07
10 201 2 1.974365e-07
11 201 2 2.516786e-07
12 201 2 3.134578e-07
1 206 2 2.505957e-08
2 206 2 2.706760e-08
3 206 2 2.448893e-08
4 206 2 2.089752e-08
5 206 2 1.728214e-08
6 206 2 1.506857e-08
7 206 2 1.292424e-08
8 206 2 1.268996e-08
9 206 2 1.373675e-08
10 206 2 1.554923e-08
11 206 2 1.822728e-08
12 206 2 2.147363e-08
1 207 2 9.506708e-10
2 207 2 1.038013e-09
3 207 2 9.844295e-10
4 207 2 8.926323e-10
5 207 2 7.916333e-10
6 207 2 6.789803e-10
7 207 2 5.984603e-10
8 207 2 5.893308e-10
9 207 2 5.945971e-10
10 207 2 6.549274e-10
11 207 2 7.058176e-10
12 207 2 8.074116e-10
1 212 2 5.834969e-10
2 212 2 6.228468e-10
3 212 2 5.528375e-10
4 212 2 4.647654e-10
5 212 2 3.622478e-10
6 212 2 2.923641e-10
7 212 2 2.426788e-10
8 212 2 2.345468e-10
9 212 2 2.663810e-10
10 212 2 3.143171e-10
11 212 2 3.728349e-10
12 212 2 4.929589e-10
1 213 2 1.270449e-10
2 213 2 1.388506e-10
3 213 2 1.176704e-10
4 213 2 9.957435e-11
5 213 2 7.683489e-11
6 213 2 5.922890e-11
7 213 2 5.026798e-11
8 213 2 4.907373e-11
9 213 2 5.911139e-11
10 213 2 7.284796e-11
11 213 2 8.945637e-11
12 213 2 1.094693e-10
1 214 2 4.515151e-09
2 214 2 4.786626e-09
3 214 2 3.845757e-09
4 214 2 2.856378e-09
5 214 2 2.111387e-09
6 214 2 1.555996e-09
7 214 2 1.347516e-09
8 214 2 1.389187e-09
9 214 2 1.753552e-09
10 214 2 2.350915e-09
11 214 2 3.218187e-09
12 214 2 3.903100e-09
1 215 2 1.670089e-09
2 215 2 1.717910e-09
3 215 2 1.601688e-09
4 215 2 1.276477e-09
5 215 2 1.036825e-09
6 215 2 8.330674e-10
7 215 2 7.198856e-10
8 215 2 7.216558e-10
9 215 2 8.115504e-10
10 215 2 9.654842e-10
11 215 2 1.215678e-09
12 215 2 1.468605e-09
1 216 2 1.584917e-08
2 216 2 1.654770e-08
3 216 2 1.551766e-08
4 216 2 1.261496e-08
5 216 2 1.010133e-08
6 216 2 8.689854e-09
7 216 2 7.636117e-09
8 216 2 7.301543e-09
9 216 2 7.576646e-09
10 216 2 8.611569e-09
11 216 2 1.035826e-08
12 216 2 1.331223e-08
1 224 2 1.905890e-08
2 224 2 2.083589e-08
3 224 2 1.818185e-08
4 224 2 1.565730e-08
5 224 2 1.264356e-08
6 224 2 1.074458e-08
7 224 2 9.761345e-09
8 224 2 1.019561e-08
9 224 2 1.048503e-08
10 224 2 1.236658e-08
11 224 2 1.476814e-08
12 224 2 1.761956e-08
1 240 2 9.792163e-10
2 240 2 9.987945e-10
3 240 2 9.133732e-10
4 240 2 8.066517e-10
5 240 2 7.010841e-10
6 240 2 6.047095e-10
7 240 2 5.924426e-10
8 240 2 6.107739e-10
9 240 2 5.945517e-10
10 240 2 6.402701e-10
11 240 2 7.034996e-10
12 240 2 8.718654e-10
