1 7 2 1.766960e-12
2 7 2 1.509495e-12
3 7 2 1.650852e-12
4 7 2 4.266774e-12
5 7 2 1.468076e-11
6 7 2 3.954080e-11
7 7 2 5.349986e-11
8 7 2 3.647671e-11
9 7 2 1.577495e-11
10 7 2 6.915695e-12
11 7 2 3.664030e-12
12 7 2 2.161539e-12
1 25 2 9.920045e-10
2 25 2 9.419043e-10
3 25 2 1.326988e-09
4 25 2 2.421457e-09
5 25 2 6.774072e-09
6 25 2 1.228392e-08
7 25 2 1.489171e-08
8 25 2 1.141931e-08
9 25 2 6.452512e-09
10 25 2 3.019542e-09
11 25 2 1.439753e-09
12 25 2 8.337561e-10
1 26 2 1.982842e-11
2 26 2 1.631897e-11
3 26 2 2.698476e-11
4 26 2 6.023219e-11
5 26 2 1.696648e-10
6 26 2 3.240550e-10
7 26 2 3.515988e-10
8 26 2 2.630673e-10
9 26 2 1.438840e-10
10 26 2 5.791892e-11
11 26 2 3.026027e-11
12 26 2 1.870839e-11
1 27 2 3.883652e-10
2 27 2 3.428917e-10
3 27 2 6.010873e-10
4 27 2 1.530895e-09
5 27 2 4.311116e-09
6 27 2 8.911601e-09
7 27 2 1.005078e-08
8 27 2 7.564955e-09
9 27 2 3.909301e-09
10 27 2 1.468037e-09
11 27 2 7.780072e-10
12 27 2 4.812510e-10
1 28 2 1.835001e-10
2 28 2 1.669900e-10
3 28 2 2.808483e-10
4 28 2 7.634126e-10
5 28 2 2.180010e-09
6 28 2 4.667366e-09
7 28 2 5.564585e-09
8 28 2 4.192977e-09
9 28 2 2.156956e-09
10 28 2 8.400299e-10
11 28 2 4.193551e-10
12 28 2 2.614446e-10
1 29 2 2.460344e-10
2 29 2 2.327493e-10
3 29 2 3.707812e-10
4 29 2 1.114877e-09
5 29 2 3.333974e-09
6 29 2 8.205211e-09
7 29 2 1.117739e-08
8 29 2 8.316055e-09
9 29 2 3.819147e-09
10 29 2 1.415518e-09
11 29 2 6.691210e-10
12 29 2 4.176946e-10
1 30 2 5.580872e-11
2 30 2 4.880820e-11
3 30 2 7.757330e-11
4 30 2 2.374300e-10
5 30 2 6.577180e-10
6 30 2 1.788737e-09
7 30 2 2.592689e-09
8 30 2 1.985498e-09
9 30 2 8.983694e-10
10 30 2 3.516381e-10
11 30 2 1.622010e-10
12 30 2 9.714189e-11
1 31 2 9.960202e-11
2 31 2 7.675174e-11
3 31 2 1.165952e-10
4 31 2 3.245232e-10
5 31 2 8.380763e-10
6 31 2 2.206612e-09
7 31 2 3.111814e-09
8 31 2 2.511779e-09
9 31 2 1.256559e-09
10 31 2 5.754420e-10
11 31 2 2.762824e-10
12 31 2 1.539574e-10
1 32 2 1.177982e-10
2 32 2 9.751422e-11
3 32 2 1.363081e-10
4 32 2 3.028819e-10
5 32 2 8.089569e-10
6 32 2 1.916260e-09
7 32 2 2.472202e-09
8 32 2 2.042150e-09
9 32 2 1.140360e-09
10 32 2 5.878671e-10
11 32 2 3.037857e-10
12 32 2 1.575464e-10
1 35 2 8.301464e-09
2 35 2 7.910045e-09
3 35 2 8.592649e-09
4 35 2 1.145048e-08
5 35 2 1.795016e-08
6 35 2 2.741381e-08
7 35 2 3.298723e-08
8 35 2 3.029101e-08
9 35 2 2.058694e-08
10 35 2 1.488433e-08
11 35 2 1.127409e-08
12 35 2 9.159174e-09
1 36 2 9.954667e-10
2 36 2 9.345496e-10
3 36 2 1.035757e-09
4 36 2 1.244035e-09
5 36 2 1.701425e-09
6 36 2 2.454446e-09
7 36 2 2.890644e-09
8 36 2 2.944777e-09
9 36 2 2.247836e-09
10 36 2 1.761089e-09
11 36 2 1.347913e-09
12 36 2 1.116860e-09
1 37 2 2.298890e-08
2 37 2 2.225006e-08
3 37 2 2.803612e-08
4 37 2 3.605068e-08
5 37 2 5.450175e-08
6 37 2 8.266372e-08
7 37 2 9.614215e-08
8 37 2 9.451000e-08
9 37 2 6.955057e-08
10 37 2 5.215077e-08
11 37 2 3.675645e-08
12 37 2 2.815857e-08
1 38 2 1.187111e-07
2 38 2 1.186047e-07
3 38 2 1.806786e-07
4 38 2 2.678858e-07
5 38 2 4.890900e-07
6 38 2 8.678530e-07
7 38 2 1.028806e-06
8 38 2 8.922737e-07
9 38 2 5.763407e-07
10 38 2 3.939283e-07
11 38 2 2.250984e-07
12 38 2 1.624397e-07
1 39 2 1.275826e-07
2 39 2 1.329154e-07
3 39 2 2.152954e-07
4 39 2 3.324340e-07
5 39 2 6.450321e-07
6 39 2 1.247010e-06
7 39 2 1.548437e-06
8 39 2 1.253642e-06
9 39 2 7.901860e-07
10 39 2 4.989931e-07
11 39 2 2.525795e-07
12 39 2 1.843647e-07
1 40 2 3.161584e-08
2 40 2 3.468805e-08
3 40 2 6.186564e-08
4 40 2 1.040320e-07
5 40 2 2.274192e-07
6 40 2 5.163416e-07
7 40 2 6.460231e-07
8 40 2 4.739063e-07
9 40 2 2.919215e-07
10 40 2 1.572900e-07
11 40 2 6.737850e-08
12 40 2 5.019488e-08
1 41 2 1.683694e-08
2 41 2 1.799953e-08
3 41 2 3.607046e-08
4 41 2 6.424404e-08
5 41 2 1.611335e-07
6 41 2 4.088927e-07
7 41 2 5.286739e-07
8 41 2 3.708095e-07
9 41 2 2.072255e-07
10 41 2 8.981347e-08
11 41 2 3.450392e-08
12 41 2 2.875858e-08
1 42 2 9.118121e-09
2 42 2 9.537737e-09
3 42 2 2.056800e-08
4 42 2 4.057432e-08
5 42 2 1.153460e-07
6 42 2 3.199352e-07
7 42 2 4.478718e-07
8 42 2 2.990958e-07
9 42 2 1.416375e-07
10 42 2 5.069056e-08
11 42 2 1.889841e-08
12 42 2 1.550339e-08
1 43 2 2.556221e-10
2 43 2 2.650472e-10
3 43 2 6.253739e-10
4 43 2 1.525931e-09
5 43 2 5.107570e-09
6 43 2 1.506302e-08
7 43 2 2.202005e-08
8 43 2 1.382266e-08
9 43 2 5.652344e-09
10 43 2 1.735413e-09
11 43 2 5.918131e-10
12 43 2 4.146879e-10
1 44 2 1.056221e-09
2 44 2 1.061264e-09
3 44 2 2.308412e-09
4 44 2 6.240735e-09
5 44 2 2.331519e-08
6 44 2 7.347390e-08
7 44 2 1.073861e-07
8 44 2 6.475318e-08
9 44 2 2.334255e-08
10 44 2 6.915923e-09
11 44 2 2.269826e-09
12 44 2 1.534657e-09
1 45 2 2.425368e-09
2 45 2 2.718129e-09
3 45 2 4.952902e-09
4 45 2 1.460650e-08
5 45 2 6.116919e-08
6 45 2 2.029657e-07
7 45 2 2.839464e-07
8 45 2 1.728947e-07
9 45 2 5.945458e-08
10 45 2 1.518000e-08
11 45 2 4.400028e-09
12 45 2 2.875641e-09
1 46 2 1.100588e-09
2 46 2 1.384567e-09
3 46 2 2.176434e-09
4 46 2 6.043736e-09
5 46 2 2.373350e-08
6 46 2 7.361867e-08
7 46 2 1.029873e-07
8 46 2 6.453305e-08
9 46 2 2.424045e-08
10 46 2 5.875598e-09
11 46 2 1.615434e-09
12 46 2 1.152030e-09
1 47 2 1.445566e-09
2 47 2 1.839682e-09
3 47 2 2.592399e-09
4 47 2 5.808342e-09
5 47 2 1.979773e-08
6 47 2 5.454271e-08
7 47 2 7.397156e-08
8 47 2 5.015802e-08
9 47 2 2.124847e-08
10 47 2 6.553842e-09
11 47 2 1.933555e-09
12 47 2 1.469759e-09
1 48 2 1.957833e-09
2 48 2 2.249037e-09
3 48 2 3.093425e-09
4 48 2 6.040805e-09
5 48 2 1.874578e-08
6 48 2 4.311850e-08
7 48 2 5.730048e-08
8 48 2 4.031417e-08
9 48 2 1.919117e-08
10 48 2 7.155149e-09
11 48 2 2.575764e-09
12 48 2 1.708090e-09
1 49 2 1.032160e-11
2 49 2 9.391748e-12
3 49 2 1.065300e-11
4 49 2 1.246839e-11
5 49 2 1.783245e-11
6 49 2 2.713104e-11
7 49 2 4.046149e-11
8 49 2 3.804834e-11
9 49 2 2.653828e-11
10 49 2 1.899069e-11
11 49 2 1.386474e-11
12 49 2 1.011431e-11
1 50 2 4.205041e-11
2 50 2 3.629788e-11
3 50 2 4.254672e-11
4 50 2 4.849886e-11
5 50 2 6.825876e-11
6 50 2 1.001688e-10
7 50 2 1.382477e-10
8 50 2 1.329476e-10
9 50 2 9.626618e-11
10 50 2 6.862258e-11
11 50 2 5.137641e-11
12 50 2 4.045331e-11
1 51 2 1.875560e-11
2 51 2 1.711743e-11
3 51 2 1.859998e-11
4 51 2 2.147052e-11
5 51 2 2.926487e-11
6 51 2 4.104165e-11
7 51 2 5.348327e-11
8 51 2 5.303916e-11
9 51 2 4.406777e-11
10 51 2 3.099614e-11
11 51 2 2.323047e-11
12 51 2 1.946784e-11
1 52 2 1.228448e-07
2 52 2 1.291204e-07
3 52 2 1.622046e-07
4 52 2 2.364722e-07
5 52 2 3.999055e-07
6 52 2 5.503596e-07
7 52 2 7.059383e-07
8 52 2 6.602941e-07
9 52 2 5.330139e-07
10 52 2 3.044922e-07
11 52 2 1.832745e-07
12 52 2 1.413326e-07
1 53 2 5.951625e-08
2 53 2 7.467115e-08
3 53 2 1.265087e-07
4 53 2 2.761306e-07
5 53 2 5.258371e-07
6 53 2 7.852087e-07
7 53 2 1.089963e-06
8 53 2 9.287752e-07
9 53 2 6.286023e-07
10 53 2 2.772401e-07
11 53 2 1.236565e-07
12 53 2 7.834144e-08
1 54 2 1.724352e-08
2 54 2 2.236926e-08
3 54 2 4.183142e-08
4 54 2 1.039469e-07
5 54 2 2.047431e-07
6 54 2 3.954703e-07
7 54 2 5.617843e-07
8 54 2 4.710706e-07
9 54 2 2.856969e-07
10 54 2 1.215061e-07
11 54 2 5.208308e-08
12 54 2 2.873004e-08
1 55 2 2.464093e-08
2 55 2 2.748121e-08
3 55 2 5.126544e-08
4 55 2 1.200406e-07
5 55 2 2.382093e-07
6 55 2 5.087193e-07
7 55 2 7.071584e-07
8 55 2 6.098627e-07
9 55 2 3.867354e-07
10 55 2 1.854334e-07
11 55 2 8.675721e-08
12 55 2 4.967743e-08
1 56 2 1.065257e-07
2 56 2 1.105504e-07
3 56 2 1.914762e-07
4 56 2 4.269647e-07
5 56 2 9.332878e-07
6 56 2 1.839716e-06
7 56 2 2.543568e-06
8 56 2 2.111033e-06
9 56 2 1.379821e-06
10 56 2 7.109338e-07
11 56 2 3.205154e-07
12 56 2 1.838186e-07
1 57 2 2.195381e-08
2 57 2 2.094611e-08
3 57 2 2.576252e-08
4 57 2 3.910347e-08
5 57 2 6.542623e-08
6 57 2 1.064566e-07
7 57 2 1.515955e-07
8 57 2 1.366246e-07
9 57 2 1.016488e-07
10 57 2 6.529387e-08
11 57 2 3.992755e-08
12 57 2 2.869412e-08
1 60 2 8.495262e-07
2 60 2 8.226894e-07
3 60 2 9.434614e-07
4 60 2 1.118931e-06
5 60 2 1.379553e-06
6 60 2 1.815483e-06
7 60 2 2.113585e-06
8 60 2 2.114474e-06
9 60 2 1.794435e-06
10 60 2 1.464855e-06
11 60 2 1.171542e-06
12 60 2 9.710880e-07
1 61 2 2.693149e-06
2 61 2 2.709349e-06
3 61 2 3.810653e-06
4 61 2 5.739648e-06
5 61 2 8.372394e-06
6 61 2 1.179535e-05
7 61 2 1.395865e-05
8 61 2 1.342938e-05
9 61 2 1.043498e-05
10 61 2 7.097937e-06
11 61 2 4.630415e-06
12 61 2 3.247734e-06
1 62 2 8.769455e-07
2 62 2 9.604618e-07
3 62 2 1.511942e-06
4 62 2 2.737077e-06
5 62 2 4.694677e-06
6 62 2 6.659774e-06
7 62 2 8.143557e-06
8 62 2 7.601715e-06
9 62 2 5.297045e-06
10 62 2 3.158834e-06
11 62 2 1.715386e-06
12 62 2 1.116324e-06
1 63 2 1.577564e-06
2 63 2 1.915095e-06
3 63 2 3.204457e-06
4 63 2 6.739784e-06
5 63 2 1.293475e-05
6 63 2 1.922957e-05
7 63 2 2.458998e-05
8 63 2 2.139810e-05
9 63 2 1.306929e-05
10 63 2 7.137279e-06
11 63 2 3.296762e-06
12 63 2 2.158200e-06
1 64 2 4.667859e-07
2 64 2 5.980014e-07
3 64 2 1.138739e-06
4 64 2 2.697292e-06
5 64 2 5.776750e-06
6 64 2 9.253032e-06
7 64 2 1.172842e-05
8 64 2 9.169004e-06
9 64 2 5.250036e-06
10 64 2 2.320925e-06
11 64 2 1.060549e-06
12 64 2 7.257947e-07
1 65 2 1.578485e-07
2 65 2 1.957331e-07
3 65 2 4.288145e-07
4 65 2 1.209272e-06
5 65 2 2.535458e-06
6 65 2 4.309106e-06
7 65 2 5.585213e-06
8 65 2 4.168500e-06
9 65 2 2.364242e-06
10 65 2 8.389659e-07
11 65 2 3.693293e-07
12 65 2 2.676524e-07
1 66 2 1.045114e-07
2 66 2 1.292086e-07
3 66 2 3.071660e-07
4 66 2 1.007710e-06
5 66 2 2.095316e-06
6 66 2 3.602990e-06
7 66 2 4.969124e-06
8 66 2 3.756663e-06
9 66 2 2.125083e-06
10 66 2 7.040646e-07
11 66 2 2.698080e-07
12 66 2 1.673567e-07
1 67 2 3.530999e-08
2 67 2 4.708423e-08
3 67 2 1.197355e-07
4 67 2 4.423134e-07
5 67 2 1.003583e-06
6 67 2 1.711619e-06
7 67 2 2.393032e-06
8 67 2 1.841634e-06
9 67 2 1.007246e-06
10 67 2 3.704112e-07
11 67 2 1.171268e-07
12 67 2 5.271817e-08
1 68 2 8.507375e-09
2 68 2 1.142312e-08
3 68 2 3.392601e-08
4 68 2 1.559419e-07
5 68 2 4.249615e-07
6 68 2 8.143579e-07
7 68 2 1.167635e-06
8 68 2 8.684098e-07
9 68 2 4.167583e-07
10 68 2 1.531120e-07
11 68 2 3.491496e-08
12 68 2 1.214920e-08
1 69 2 5.145441e-09
2 69 2 7.295279e-09
3 69 2 1.744616e-08
4 69 2 7.650247e-08
5 69 2 2.453088e-07
6 69 2 5.805507e-07
7 69 2 8.505022e-07
8 69 2 6.547146e-07
9 69 2 2.812611e-07
10 69 2 9.145525e-08
11 69 2 1.772073e-08
12 69 2 6.664143e-09
1 70 2 2.162172e-08
2 70 2 2.527166e-08
3 70 2 3.621355e-08
4 70 2 9.447930e-08
5 70 2 2.369240e-07
6 70 2 5.753190e-07
7 70 2 9.312589e-07
8 70 2 8.487531e-07
9 70 2 4.382392e-07
10 70 2 1.562100e-07
11 70 2 4.750975e-08
12 70 2 2.674455e-08
1 71 2 1.834831e-08
2 71 2 1.861924e-08
3 71 2 2.106909e-08
4 71 2 3.380952e-08
5 71 2 6.547648e-08
6 71 2 1.365901e-07
7 71 2 2.096229e-07
8 71 2 2.084177e-07
9 71 2 1.337188e-07
10 71 2 6.368850e-08
11 71 2 3.042562e-08
12 71 2 2.113162e-08
1 72 2 7.700020e-11
2 72 2 7.354190e-11
3 72 2 7.967502e-11
4 72 2 1.015864e-10
5 72 2 1.580610e-10
6 72 2 2.750314e-10
7 72 2 4.259921e-10
8 72 2 4.097045e-10
9 72 2 2.866430e-10
10 72 2 1.738041e-10
11 72 2 1.070873e-10
12 72 2 7.647437e-11
1 76 2 1.471155e-08
2 76 2 1.345955e-08
3 76 2 1.359502e-08
4 76 2 1.478814e-08
5 76 2 2.010473e-08
6 76 2 2.866806e-08
7 76 2 3.844228e-08
8 76 2 4.102496e-08
9 76 2 3.908880e-08
10 76 2 2.610351e-08
11 76 2 1.685091e-08
12 76 2 1.473759e-08
1 77 2 1.499345e-08
2 77 2 1.946888e-08
3 77 2 2.550306e-08
4 77 2 4.121855e-08
5 77 2 6.920762e-08
6 77 2 1.068493e-07
7 77 2 1.451794e-07
8 77 2 1.377988e-07
9 77 2 1.020755e-07
10 77 2 5.156976e-08
11 77 2 2.262896e-08
12 77 2 1.426292e-08
1 78 2 1.639123e-08
2 78 2 2.239631e-08
3 78 2 3.118820e-08
4 78 2 5.593931e-08
5 78 2 8.747293e-08
6 78 2 1.388767e-07
7 78 2 1.714279e-07
8 78 2 1.605214e-07
9 78 2 1.040803e-07
10 78 2 5.519583e-08
11 78 2 2.980694e-08
12 78 2 1.720855e-08
1 79 2 2.809127e-07
2 79 2 3.446846e-07
3 79 2 5.060964e-07
4 79 2 8.394448e-07
5 79 2 1.275350e-06
6 79 2 2.083501e-06
7 79 2 2.553070e-06
8 79 2 2.418581e-06
9 79 2 1.670045e-06
10 79 2 1.008115e-06
11 79 2 5.743718e-07
12 79 2 3.518496e-07
1 80 2 4.872540e-08
2 80 2 4.882053e-08
3 80 2 6.134606e-08
4 80 2 8.294691e-08
5 80 2 1.237079e-07
6 80 2 1.882172e-07
7 80 2 2.423582e-07
8 80 2 2.399306e-07
9 80 2 1.991380e-07
10 80 2 1.396165e-07
11 80 2 8.144673e-08
12 80 2 6.020269e-08
1 81 2 3.326924e-13
2 81 2 3.014995e-13
3 81 2 3.175608e-13
4 81 2 3.765493e-13
5 81 2 5.422276e-13
6 81 2 7.306360e-13
7 81 2 9.749081e-13
8 81 2 1.046055e-12
9 81 2 9.511901e-13
10 81 2 7.298417e-13
11 81 2 4.824532e-13
12 81 2 3.949826e-13
1 84 2 1.531210e-07
2 84 2 1.618874e-07
3 84 2 2.002223e-07
4 84 2 2.530184e-07
5 84 2 3.392213e-07
6 84 2 5.558388e-07
7 84 2 7.444479e-07
8 84 2 7.133660e-07
9 84 2 5.352718e-07
10 84 2 3.378102e-07
11 84 2 2.269331e-07
12 84 2 1.733524e-07
1 85 2 4.296420e-07
2 85 2 4.838108e-07
3 85 2 6.290320e-07
4 85 2 9.139250e-07
5 85 2 1.462995e-06
6 85 2 2.234954e-06
7 85 2 3.092266e-06
8 85 2 2.941699e-06
9 85 2 2.118223e-06
10 85 2 1.168424e-06
11 85 2 6.589422e-07
12 85 2 4.781290e-07
1 86 2 1.312687e-07
2 86 2 1.486236e-07
3 86 2 1.899300e-07
4 86 2 2.758780e-07
5 86 2 4.433905e-07
6 86 2 6.433499e-07
7 86 2 8.837919e-07
8 86 2 8.866829e-07
9 86 2 6.563142e-07
10 86 2 3.805894e-07
11 86 2 2.096474e-07
12 86 2 1.498335e-07
1 87 2 2.097389e-07
2 87 2 2.837527e-07
3 87 2 4.051468e-07
4 87 2 6.404447e-07
5 87 2 1.123575e-06
6 87 2 1.688876e-06
7 87 2 2.289593e-06
8 87 2 2.333019e-06
9 87 2 1.691449e-06
10 87 2 9.523309e-07
11 87 2 4.184291e-07
12 87 2 2.543413e-07
1 88 2 7.442745e-08
2 88 2 1.056930e-07
3 88 2 1.657422e-07
4 88 2 3.144781e-07
5 88 2 6.454016e-07
6 88 2 1.014394e-06
7 88 2 1.299073e-06
8 88 2 1.139388e-06
9 88 2 7.362731e-07
10 88 2 3.479490e-07
11 88 2 1.783826e-07
12 88 2 9.908502e-08
1 89 2 5.423391e-08
2 89 2 7.545946e-08
3 89 2 1.432197e-07
4 89 2 2.693718e-07
5 89 2 5.375624e-07
6 89 2 8.030558e-07
7 89 2 9.368164e-07
8 89 2 8.204278e-07
9 89 2 5.354156e-07
10 89 2 2.547885e-07
11 89 2 1.401974e-07
12 89 2 7.759982e-08
1 90 2 3.604798e-08
2 90 2 4.751005e-08
3 90 2 9.427859e-08
4 90 2 1.692100e-07
5 90 2 2.598121e-07
6 90 2 3.439049e-07
7 90 2 3.862264e-07
8 90 2 3.573664e-07
9 90 2 2.604333e-07
10 90 2 1.553374e-07
11 90 2 8.564579e-08
12 90 2 4.875627e-08
1 91 2 7.505848e-11
2 91 2 1.062044e-10
3 91 2 2.218846e-10
4 91 2 4.192921e-10
5 91 2 6.188097e-10
6 91 2 7.865648e-10
7 91 2 8.831978e-10
8 91 2 8.099771e-10
9 91 2 5.823903e-10
10 91 2 3.605010e-10
11 91 2 1.868402e-10
12 91 2 9.591564e-11
1 92 2 4.031527e-10
2 92 2 5.758790e-10
3 92 2 1.443584e-09
4 92 2 3.444056e-09
5 92 2 6.494989e-09
6 92 2 9.952609e-09
7 92 2 1.194677e-08
8 92 2 1.087347e-08
9 92 2 6.802550e-09
10 92 2 3.615337e-09
11 92 2 1.417938e-09
12 92 2 6.086857e-10
1 93 2 1.521643e-07
2 93 2 1.835998e-07
3 93 2 3.774910e-07
4 93 2 8.797847e-07
5 93 2 1.569486e-06
6 93 2 2.490665e-06
7 93 2 3.341096e-06
8 93 2 3.284582e-06
9 93 2 2.209226e-06
10 93 2 1.272246e-06
11 93 2 5.448450e-07
12 93 2 2.269389e-07
1 94 2 1.804172e-07
2 94 2 1.795077e-07
3 94 2 2.396862e-07
4 94 2 4.247681e-07
5 94 2 7.250532e-07
6 94 2 1.141685e-06
7 94 2 1.577233e-06
8 94 2 1.718835e-06
9 94 2 1.415831e-06
10 94 2 8.545927e-07
11 94 2 4.586811e-07
12 94 2 2.506124e-07
1 98 2 1.861179e-09
2 98 2 1.732511e-09
3 98 2 1.631427e-09
4 98 2 1.737000e-09
5 98 2 1.971376e-09
6 98 2 2.255837e-09
7 98 2 2.537353e-09
8 98 2 2.674247e-09
9 98 2 2.638883e-09
10 98 2 2.494449e-09
11 98 2 2.243739e-09
12 98 2 2.041827e-09
1 101 2 7.341931e-09
2 101 2 7.544084e-09
3 101 2 7.730732e-09
4 101 2 9.533165e-09
5 101 2 1.225984e-08
6 101 2 1.431464e-08
7 101 2 1.528006e-08
8 101 2 1.531115e-08
9 101 2 1.471963e-08
10 101 2 1.262058e-08
11 101 2 9.704879e-09
12 101 2 7.784006e-09
1 102 2 4.703165e-08
2 102 2 5.316279e-08
3 102 2 6.533805e-08
4 102 2 8.172477e-08
5 102 2 9.457491e-08
6 102 2 1.032455e-07
7 102 2 1.061528e-07
8 102 2 1.074941e-07
9 102 2 9.688223e-08
10 102 2 7.463817e-08
11 102 2 5.990648e-08
12 102 2 4.910080e-08
1 103 2 2.626042e-08
2 103 2 2.679898e-08
3 103 2 2.920753e-08
4 103 2 3.300340e-08
5 103 2 3.843508e-08
6 103 2 4.398403e-08
7 103 2 4.758513e-08
8 103 2 4.993954e-08
9 103 2 4.898036e-08
10 103 2 4.280458e-08
11 103 2 3.521349e-08
12 103 2 2.927885e-08
1 104 2 1.231623e-08
2 104 2 1.181834e-08
3 104 2 1.194676e-08
4 104 2 1.309790e-08
5 104 2 1.531552e-08
6 104 2 1.757530e-08
7 104 2 1.972521e-08
8 104 2 2.130803e-08
9 104 2 2.147955e-08
10 104 2 2.006615e-08
11 104 2 1.650621e-08
12 104 2 1.366713e-08
1 107 2 4.492414e-09
2 107 2 4.739415e-09
3 107 2 5.533437e-09
4 107 2 6.340709e-09
5 107 2 7.110707e-09
6 107 2 9.103413e-09
7 107 2 9.950416e-09
8 107 2 9.910154e-09
9 107 2 9.277387e-09
10 107 2 7.935433e-09
11 107 2 6.308378e-09
12 107 2 4.933390e-09
1 108 2 5.976450e-10
2 108 2 7.637910e-10
3 108 2 1.109488e-09
4 108 2 1.718355e-09
5 108 2 2.667346e-09
6 108 2 3.661016e-09
7 108 2 3.919007e-09
8 108 2 3.463577e-09
9 108 2 2.802580e-09
10 108 2 1.933586e-09
11 108 2 1.007202e-09
12 108 2 6.411825e-10
1 109 2 1.134202e-09
2 109 2 1.498116e-09
3 109 2 2.343150e-09
4 109 2 4.066336e-09
5 109 2 6.928157e-09
6 109 2 8.733292e-09
7 109 2 8.873814e-09
8 109 2 8.157527e-09
9 109 2 6.550728e-09
10 109 2 4.596411e-09
11 109 2 2.044369e-09
12 109 2 1.194245e-09
1 110 2 4.993547e-10
2 110 2 6.360823e-10
3 110 2 1.021581e-09
4 110 2 1.581367e-09
5 110 2 2.452636e-09
6 110 2 2.840271e-09
7 110 2 3.053565e-09
8 110 2 3.019952e-09
9 110 2 2.542729e-09
10 110 2 1.853811e-09
11 110 2 8.966971e-10
12 110 2 5.278056e-10
1 111 2 1.714144e-08
2 111 2 2.143894e-08
3 111 2 3.470918e-08
4 111 2 5.260466e-08
5 111 2 7.950426e-08
6 111 2 1.019625e-07
7 111 2 1.077820e-07
8 111 2 1.067539e-07
9 111 2 9.091030e-08
10 111 2 5.917821e-08
11 111 2 3.187887e-08
12 111 2 1.947220e-08
1 112 2 1.973509e-08
2 112 2 2.544599e-08
3 112 2 4.463950e-08
4 112 2 7.423289e-08
5 112 2 1.128836e-07
6 112 2 1.375620e-07
7 112 2 1.401032e-07
8 112 2 1.305907e-07
9 112 2 9.969162e-08
10 112 2 6.618262e-08
11 112 2 3.798191e-08
12 112 2 2.334710e-08
1 113 2 1.131622e-08
2 113 2 1.433659e-08
3 113 2 2.408556e-08
4 113 2 3.601776e-08
5 113 2 4.432330e-08
6 113 2 3.870080e-08
7 113 2 3.320758e-08
8 113 2 3.171594e-08
9 113 2 3.136856e-08
10 113 2 2.864249e-08
11 113 2 2.003363e-08
12 113 2 1.353091e-08
1 114 2 3.085726e-08
2 114 2 4.184400e-08
3 114 2 7.455224e-08
4 114 2 1.086736e-07
5 114 2 1.253774e-07
6 114 2 9.178332e-08
7 114 2 7.580681e-08
8 114 2 6.948613e-08
9 114 2 6.705659e-08
10 114 2 6.001688e-08
11 114 2 4.575216e-08
12 114 2 3.389031e-08
1 115 2 1.055115e-08
2 115 2 1.535097e-08
3 115 2 2.433379e-08
4 115 2 3.016386e-08
5 115 2 2.693775e-08
6 115 2 2.501082e-08
7 115 2 2.412247e-08
8 115 2 2.314380e-08
9 115 2 2.128540e-08
10 115 2 1.902176e-08
11 115 2 1.444974e-08
12 115 2 1.036660e-08
1 116 2 7.643476e-09
2 116 2 9.784583e-09
3 116 2 1.496296e-08
4 116 2 2.117952e-08
5 116 2 2.463312e-08
6 116 2 2.805088e-08
7 116 2 2.940807e-08
8 116 2 2.815005e-08
9 116 2 2.280467e-08
10 116 2 1.823182e-08
11 116 2 1.324506e-08
12 116 2 8.725280e-09
1 117 2 5.329015e-09
2 117 2 5.564824e-09
3 117 2 7.027861e-09
4 117 2 9.620236e-09
5 117 2 1.225059e-08
6 117 2 1.451424e-08
7 117 2 1.545192e-08
8 117 2 1.543166e-08
9 117 2 1.408045e-08
10 117 2 1.205372e-08
11 117 2 9.730511e-09
12 117 2 7.029196e-09
1 126 2 1.353349e-10
2 126 2 1.406668e-10
3 126 2 1.524636e-10
4 126 2 1.609922e-10
5 126 2 1.590618e-10
6 126 2 1.478301e-10
7 126 2 1.424996e-10
8 126 2 1.438918e-10
9 126 2 1.431301e-10
10 126 2 1.406482e-10
11 126 2 1.374308e-10
12 126 2 1.353500e-10
1 127 2 1.362879e-08
2 127 2 1.386075e-08
3 127 2 1.462973e-08
4 127 2 1.518877e-08
5 127 2 1.539569e-08
6 127 2 1.491268e-08
7 127 2 1.491680e-08
8 127 2 1.525911e-08
9 127 2 1.509645e-08
10 127 2 1.449141e-08
11 127 2 1.404398e-08
12 127 2 1.387014e-08
1 128 2 6.180663e-08
2 128 2 6.347484e-08
3 128 2 6.516097e-08
4 128 2 6.360818e-08
5 128 2 6.187507e-08
6 128 2 6.001640e-08
7 128 2 6.396641e-08
8 128 2 7.273008e-08
9 128 2 7.647501e-08
10 128 2 7.223425e-08
11 128 2 6.568650e-08
12 128 2 6.188975e-08
1 129 2 1.761173e-09
2 129 2 1.736992e-09
3 129 2 1.780800e-09
4 129 2 1.832444e-09
5 129 2 1.860718e-09
6 129 2 1.911055e-09
7 129 2 1.996864e-09
8 129 2 2.176578e-09
9 129 2 2.274066e-09
10 129 2 2.284084e-09
11 129 2 2.085447e-09
12 129 2 1.852666e-09
1 133 2 3.783785e-08
2 133 2 4.399210e-08
3 133 2 5.281015e-08
4 133 2 5.422206e-08
5 133 2 5.172229e-08
6 133 2 4.753977e-08
7 133 2 4.242969e-08
8 133 2 3.973058e-08
9 133 2 4.143015e-08
10 133 2 4.412470e-08
11 133 2 4.209568e-08
12 133 2 3.683374e-08
1 135 2 1.634564e-09
2 135 2 1.841581e-09
3 135 2 2.190061e-09
4 135 2 2.358594e-09
5 135 2 2.266383e-09
6 135 2 2.021845e-09
7 135 2 1.746674e-09
8 135 2 1.764154e-09
9 135 2 1.874616e-09
10 135 2 1.762967e-09
11 135 2 1.689788e-09
12 135 2 1.587325e-09
1 136 2 1.830493e-09
2 136 2 1.883948e-09
3 136 2 2.329853e-09
4 136 2 2.832392e-09
5 136 2 3.101596e-09
6 136 2 2.829839e-09
7 136 2 2.504077e-09
8 136 2 2.498333e-09
9 136 2 2.511246e-09
10 136 2 2.362324e-09
11 136 2 2.233565e-09
12 136 2 1.983434e-09
1 137 2 4.452238e-10
2 137 2 4.670857e-10
3 137 2 5.355234e-10
4 137 2 5.884616e-10
5 137 2 5.808473e-10
6 137 2 5.344377e-10
7 137 2 4.944118e-10
8 137 2 4.770580e-10
9 137 2 4.773577e-10
10 137 2 4.972965e-10
11 137 2 4.916711e-10
12 137 2 4.636018e-10
1 138 2 1.779359e-08
2 138 2 1.956689e-08
3 138 2 2.270048e-08
4 138 2 2.526423e-08
5 138 2 2.549005e-08
6 138 2 2.240320e-08
7 138 2 2.075442e-08
8 138 2 2.001506e-08
9 138 2 2.006967e-08
10 138 2 2.018662e-08
11 138 2 1.958140e-08
12 138 2 1.816011e-08
1 139 2 3.002279e-08
2 139 2 3.419041e-08
3 139 2 3.820442e-08
4 139 2 4.009826e-08
5 139 2 3.953317e-08
6 139 2 3.681612e-08
7 139 2 3.483362e-08
8 139 2 3.353311e-08
9 139 2 3.309846e-08
10 139 2 3.335542e-08
11 139 2 3.174023e-08
12 139 2 2.905395e-08
1 140 2 9.949198e-09
2 140 2 1.028784e-08
3 140 2 1.117339e-08
4 140 2 1.265927e-08
5 140 2 1.344233e-08
6 140 2 1.291138e-08
7 140 2 1.222498e-08
8 140 2 1.179089e-08
9 140 2 1.161900e-08
10 140 2 1.168322e-08
11 140 2 1.143646e-08
12 140 2 1.066227e-08
1 141 2 1.561247e-08
2 141 2 1.545092e-08
3 141 2 1.589348e-08
4 141 2 1.744296e-08
5 141 2 1.882327e-08
6 141 2 1.861314e-08
7 141 2 1.810982e-08
8 141 2 1.756101e-08
9 141 2 1.741218e-08
10 141 2 1.745312e-08
11 141 2 1.762732e-08
12 141 2 1.711476e-08
1 150 2 1.808706e-11
2 150 2 1.979913e-11
3 150 2 2.119272e-11
4 150 2 2.167129e-11
5 150 2 2.027772e-11
6 150 2 1.788404e-11
7 150 2 1.631523e-11
8 150 2 1.592125e-11
9 150 2 1.540652e-11
10 150 2 1.505600e-11
11 150 2 1.534872e-11
12 150 2 1.633060e-11
1 151 2 1.171642e-08
2 151 2 1.246178e-08
3 151 2 1.321318e-08
4 151 2 1.352474e-08
5 151 2 1.308613e-08
6 151 2 1.231810e-08
7 151 2 1.204592e-08
8 151 2 1.251099e-08
9 151 2 1.191158e-08
10 151 2 1.117778e-08
11 151 2 1.085002e-08
12 151 2 1.112070e-08
1 152 2 9.286933e-09
2 152 2 9.406982e-09
3 152 2 9.494065e-09
4 152 2 9.021814e-09
5 152 2 8.672380e-09
6 152 2 8.517496e-09
7 152 2 9.737774e-09
8 152 2 1.298415e-08
9 152 2 1.378410e-08
10 152 2 1.174831e-08
11 152 2 1.007466e-08
12 152 2 9.316996e-09
1 153 2 1.075943e-08
2 153 2 1.102042e-08
3 153 2 1.162730e-08
4 153 2 1.140485e-08
5 153 2 1.101368e-08
6 153 2 1.081323e-08
7 153 2 1.262247e-08
8 153 2 1.649529e-08
9 153 2 2.006288e-08
10 153 2 1.793209e-08
11 153 2 1.356471e-08
12 153 2 1.131791e-08
1 154 2 2.926966e-08
2 154 2 2.911085e-08
3 154 2 3.029358e-08
4 154 2 2.902687e-08
5 154 2 2.714277e-08
6 154 2 2.441524e-08
7 154 2 2.305440e-08
8 154 2 2.401650e-08
9 154 2 2.707829e-08
10 154 2 3.043116e-08
11 154 2 3.207105e-08
12 154 2 3.101117e-08
1 157 2 1.166269e-09
2 157 2 1.211054e-09
3 157 2 1.296607e-09
4 157 2 1.278341e-09
5 157 2 1.246015e-09
6 157 2 1.171469e-09
7 157 2 1.117748e-09
8 157 2 1.106481e-09
9 157 2 1.098484e-09
10 157 2 1.117637e-09
11 157 2 1.125650e-09
12 157 2 1.140340e-09
1 163 2 5.432802e-09
2 163 2 5.505594e-09
3 163 2 5.668971e-09
4 163 2 6.009147e-09
5 163 2 6.015011e-09
6 163 2 5.561114e-09
7 163 2 5.141232e-09
8 163 2 4.827717e-09
9 163 2 4.896849e-09
10 163 2 5.180677e-09
11 163 2 5.383198e-09
12 163 2 5.425377e-09
1 164 2 2.054696e-08
2 164 2 2.037128e-08
3 164 2 2.093835e-08
4 164 2 2.191514e-08
5 164 2 2.165735e-08
6 164 2 2.003138e-08
7 164 2 1.854081e-08
8 164 2 1.811096e-08
9 164 2 1.939315e-08
10 164 2 2.124605e-08
11 164 2 2.167512e-08
12 164 2 2.131418e-08
1 165 2 8.968562e-09
2 165 2 8.789825e-09
3 165 2 8.900326e-09
4 165 2 9.097190e-09
5 165 2 8.997339e-09
6 165 2 8.278826e-09
7 165 2 7.805801e-09
8 165 2 7.900885e-09
9 165 2 8.421492e-09
10 165 2 9.004398e-09
11 165 2 9.472252e-09
12 165 2 9.483411e-09
1 166 2 3.913998e-09
2 166 2 3.874924e-09
3 166 2 3.810904e-09
4 166 2 3.793025e-09
5 166 2 3.668828e-09
6 166 2 3.393055e-09
7 166 2 3.204071e-09
8 166 2 3.227975e-09
9 166 2 3.348785e-09
10 166 2 3.522676e-09
11 166 2 3.797962e-09
12 166 2 3.989323e-09
1 170 2 1.796708e-10
2 170 2 1.976023e-10
3 170 2 1.941432e-10
4 170 2 1.764658e-10
5 170 2 1.470487e-10
6 170 2 1.236423e-10
7 170 2 1.169463e-10
8 170 2 1.116460e-10
9 170 2 1.135238e-10
10 170 2 1.264079e-10
11 170 2 1.394676e-10
12 170 2 1.606056e-10
1 171 2 6.434558e-10
2 171 2 7.063295e-10
3 171 2 7.148805e-10
4 171 2 6.360175e-10
5 171 2 5.290951e-10
6 171 2 4.534096e-10
7 171 2 4.116471e-10
8 171 2 3.900485e-10
9 171 2 3.957316e-10
10 171 2 4.304455e-10
11 171 2 4.912850e-10
12 171 2 5.804059e-10
1 175 2 1.860950e-11
2 175 2 1.967458e-11
3 175 2 1.973101e-11
4 175 2 1.848044e-11
5 175 2 1.605659e-11
6 175 2 1.463163e-11
7 175 2 1.432803e-11
8 175 2 1.420706e-11
9 175 2 1.321412e-11
10 175 2 1.335760e-11
11 175 2 1.396525e-11
12 175 2 1.629054e-11
1 176 2 1.123615e-07
2 176 2 1.132039e-07
3 176 2 1.108263e-07
4 176 2 9.788369e-08
5 176 2 7.918354e-08
6 176 2 7.175514e-08
7 176 2 7.162428e-08
8 176 2 8.171378e-08
9 176 2 8.899477e-08
10 176 2 9.497909e-08
11 176 2 1.013831e-07
12 176 2 1.076937e-07
1 177 2 8.965236e-08
2 177 2 8.711762e-08
3 177 2 8.225526e-08
4 177 2 7.192675e-08
5 177 2 5.881648e-08
6 177 2 5.022430e-08
7 177 2 5.225762e-08
8 177 2 6.261424e-08
9 177 2 7.869631e-08
10 177 2 8.184114e-08
11 177 2 8.350116e-08
12 177 2 8.367177e-08
1 178 2 2.148255e-08
2 178 2 2.123147e-08
3 178 2 2.035192e-08
4 178 2 1.705818e-08
5 178 2 1.485264e-08
6 178 2 1.255378e-08
7 178 2 1.195668e-08
8 178 2 1.204468e-08
9 178 2 1.373666e-08
10 178 2 1.478025e-08
11 178 2 1.669345e-08
12 178 2 1.853324e-08
1 181 2 2.619751e-10
2 181 2 2.767035e-10
3 181 2 2.805140e-10
4 181 2 2.682090e-10
5 181 2 2.211888e-10
6 181 2 1.912612e-10
7 181 2 1.691143e-10
8 181 2 1.730747e-10
9 181 2 1.875089e-10
10 181 2 2.030371e-10
11 181 2 2.299422e-10
12 181 2 2.448219e-10
1 182 2 3.129313e-08
2 182 2 2.892450e-08
3 182 2 2.727451e-08
4 182 2 2.278342e-08
5 182 2 1.784144e-08
6 182 2 1.334433e-08
7 182 2 1.323088e-08
8 182 2 1.838594e-08
9 182 2 2.551247e-08
10 182 2 3.129014e-08
11 182 2 3.458204e-08
12 182 2 3.319365e-08
1 183 2 6.660032e-09
2 183 2 6.398076e-09
3 183 2 6.108164e-09
4 183 2 5.538436e-09
5 183 2 4.659944e-09
6 183 2 3.782097e-09
7 183 2 3.518844e-09
8 183 2 4.178493e-09
9 183 2 4.858449e-09
10 183 2 5.747540e-09
11 183 2 6.257325e-09
12 183 2 6.436063e-09
1 184 2 2.082738e-09
2 184 2 2.110351e-09
3 184 2 2.043841e-09
4 184 2 1.839325e-09
5 184 2 1.529117e-09
6 184 2 1.235815e-09
7 184 2 1.114394e-09
8 184 2 1.163876e-09
9 184 2 1.232932e-09
10 184 2 1.415867e-09
11 184 2 1.656660e-09
12 184 2 1.888226e-09
1 188 2 3.437110e-10
2 188 2 3.407142e-10
3 188 2 3.158115e-10
4 188 2 2.578816e-10
5 188 2 1.822604e-10
6 188 2 1.386337e-10
7 188 2 1.192932e-10
8 188 2 1.213482e-10
9 188 2 1.643655e-10
10 188 2 2.159995e-10
11 188 2 2.572339e-10
12 188 2 3.208399e-10
1 189 2 2.998508e-10
2 189 2 2.771226e-10
3 189 2 2.513749e-10
4 189 2 1.858034e-10
5 189 2 1.230185e-10
6 189 2 8.699406e-11
7 189 2 8.271276e-11
8 189 2 1.015987e-10
9 189 2 1.634392e-10
10 189 2 2.327135e-10
11 189 2 2.830572e-10
12 189 2 2.957934e-10
1 190 2 1.228165e-09
2 190 2 1.163709e-09
3 190 2 1.010102e-09
4 190 2 7.154340e-10
5 190 2 4.991582e-10
6 190 2 3.621108e-10
7 190 2 3.402437e-10
8 190 2 4.101628e-10
9 190 2 5.761195e-10
10 190 2 7.853902e-10
11 190 2 1.029112e-09
12 190 2 1.154645e-09
1 191 2 9.444405e-10
2 191 2 9.786899e-10
3 191 2 9.512913e-10
4 191 2 7.858734e-10
5 191 2 6.462384e-10
6 191 2 5.308736e-10
7 191 2 4.667272e-10
8 191 2 4.740021e-10
9 191 2 5.171459e-10
10 191 2 5.804431e-10
11 191 2 7.138842e-10
12 191 2 8.398782e-10
1 192 2 1.241243e-09
2 192 2 1.341438e-09
3 192 2 1.306975e-09
4 192 2 1.131645e-09
5 192 2 9.564105e-10
6 192 2 8.143452e-10
7 192 2 7.156474e-10
8 192 2 6.650045e-10
9 192 2 6.847196e-10
10 192 2 7.519004e-10
11 192 2 8.975747e-10
12 192 2 1.077791e-09
1 200 2 5.752034e-07
2 200 2 5.917412e-07
3 200 2 4.839145e-07
4 200 2 3.199020e-07
5 200 2 2.093919e-07
6 200 2 1.705303e-07
7 200 2 1.620127e-07
8 200 2 1.747169e-07
9 200 2 1.935299e-07
10 200 2 2.474374e-07
11 200 2 3.438508e-07
12 200 2 4.737564e-07
1 201 2 3.329226e-07
2 201 2 3.435071e-07
3 201 2 3.144604e-07
4 201 2 2.420491e-07
5 201 2 1.824072e-07
6 201 2 1.509105e-07
7 201 2 1.426188e-07
8 201 2 1.475262e-07
9 201 2 1.460068e-07
10 201 2 1.737292e-07
11 201 2 2.214581e-07
12 201 2 2.758191e-07
1 206 2 2.081130e-08
2 206 2 2.247891e-08
3 206 2 2.033740e-08
4 206 2 1.735483e-08
5 206 2 1.435236e-08
6 206 2 1.251404e-08
7 206 2 1.073323e-08
8 206 2 1.053867e-08
9 206 2 1.140800e-08
10 206 2 1.291322e-08
11 206 2 1.513727e-08
12 206 2 1.783327e-08
1 207 2 7.876520e-10
2 207 2 8.600170e-10
3 207 2 8.156219e-10
4 207 2 7.395658e-10
5 207 2 6.558858e-10
6 207 2 5.625504e-10
7 207 2 4.958377e-10
8 207 2 4.882737e-10
9 207 2 4.926370e-10
10 207 2 5.426219e-10
11 207 2 5.847856e-10
12 207 2 6.689585e-10
1 212 2 4.834598e-10
2 212 2 5.160634e-10
3 212 2 4.580568e-10
4 212 2 3.850841e-10
5 212 2 3.001426e-10
6 212 2 2.422400e-10
7 212 2 2.010729e-10
8 212 2 1.943351e-10
9 212 2 2.207116e-10
10 212 2 2.604293e-10
11 212 2 3.089146e-10
12 212 2 4.084440e-10
1 213 2 1.052805e-10
2 213 2 1.150637e-10
3 213 2 9.751195e-11
4 213 2 8.251600e-11
5 213 2 6.367210e-11
6 213 2 4.908223e-11
7 213 2 4.165644e-11
8 213 2 4.066677e-11
9 213 2 4.898485e-11
10 213 2 6.036818e-11
11 213 2 7.413136e-11
12 213 2 9.071586e-11
1 214 2 3.745950e-09
2 214 2 3.971176e-09
3 214 2 3.190593e-09
4 214 2 2.369765e-09
5 214 2 1.751691e-09
6 214 2 1.290916e-09
7 214 2 1.117953e-09
8 214 2 1.152525e-09
9 214 2 1.454817e-09
10 214 2 1.950413e-09
11 214 2 2.669936e-09
12 214 2 3.238167e-09
1 215 2 1.388420e-09
2 215 2 1.428175e-09
3 215 2 1.331555e-09
4 215 2 1.061193e-09
5 215 2 8.619595e-10
6 215 2 6.925663e-10
7 215 2 5.984732e-10
8 215 2 5.999448e-10
9 215 2 6.746783e-10
10 215 2 8.026504e-10
11 215 2 1.010647e-09
12 215 2 1.220918e-09
1 216 2 1.397888e-08
2 216 2 1.459498e-08
3 216 2 1.368649e-08
4 216 2 1.112632e-08
5 216 2 8.909319e-09
6 216 2 7.664402e-09
7 216 2 6.735012e-09
8 216 2 6.439920e-09
9 216 2 6.682559e-09
10 216 2 7.595355e-09
11 216 2 9.135925e-09
12 216 2 1.174131e-08
1 224 2 1.682515e-08
2 224 2 1.839387e-08
3 224 2 1.605090e-08
4 224 2 1.382223e-08
5 224 2 1.116171e-08
6 224 2 9.485290e-09
7 224 2 8.617294e-09
8 224 2 9.000664e-09
9 224 2 9.256157e-09
10 224 2 1.091719e-08
11 224 2 1.303728e-08
12 224 2 1.555451e-08
1 240 2 8.638105e-10
2 240 2 8.810813e-10
3 240 2 8.057274e-10
4 240 2 7.115836e-10
5 240 2 6.184577e-10
6 240 2 5.334413e-10
7 240 2 5.226201e-10
8 240 2 5.387910e-10
9 240 2 5.244807e-10
10 240 2 5.648109e-10
11 240 2 6.205885e-10
12 240 2 7.691115e-10
