1 7 2 1.441468e-12
2 7 2 1.231430e-12
3 7 2 1.346747e-12
4 7 2 3.480789e-12
5 7 2 1.197641e-11
6 7 2 3.225697e-11
7 7 2 4.364462e-11
8 7 2 2.975732e-11
9 7 2 1.286904e-11
10 7 2 5.641751e-12
11 7 2 2.989077e-12
12 7 2 1.763361e-12
1 25 2 8.111451e-10
2 25 2 7.701790e-10
3 25 2 1.085055e-09
4 25 2 1.979984e-09
5 25 2 5.539043e-09
6 25 2 1.004435e-08
7 25 2 1.217669e-08
8 25 2 9.337371e-09
9 25 2 5.276109e-09
10 25 2 2.469028e-09
11 25 2 1.177261e-09
12 25 2 6.817481e-10
1 26 2 1.366852e-11
2 26 2 1.124932e-11
3 26 2 1.860167e-11
4 26 2 4.152046e-11
5 26 2 1.169567e-10
6 26 2 2.233841e-10
7 26 2 2.423711e-10
8 26 2 1.813428e-10
9 26 2 9.918498e-11
10 26 2 3.992583e-11
11 26 2 2.085961e-11
12 26 2 1.289644e-11
1 27 2 3.072389e-10
2 27 2 2.712644e-10
3 27 2 4.755250e-10
4 27 2 1.211104e-09
5 27 2 3.410559e-09
6 27 2 7.050040e-09
7 27 2 7.951251e-09
8 27 2 5.984698e-09
9 27 2 3.092680e-09
10 27 2 1.161376e-09
11 27 2 6.154878e-10
12 27 2 3.807216e-10
1 28 2 1.498587e-10
2 28 2 1.363755e-10
3 28 2 2.293599e-10
4 28 2 6.234549e-10
5 28 2 1.780345e-09
6 28 2 3.811690e-09
7 28 2 4.544420e-09
8 28 2 3.424271e-09
9 28 2 1.761518e-09
10 28 2 6.860258e-10
11 28 2 3.424740e-10
12 28 2 2.135135e-10
1 29 2 2.010219e-10
2 29 2 1.901673e-10
3 29 2 3.029460e-10
4 29 2 9.109082e-10
5 29 2 2.724016e-09
6 29 2 6.704050e-09
7 29 2 9.132460e-09
8 29 2 6.794614e-09
9 29 2 3.120425e-09
10 29 2 1.156546e-09
11 29 2 5.467038e-10
12 29 2 3.412765e-10
1 30 2 4.561734e-11
2 30 2 3.989520e-11
3 30 2 6.340744e-11
4 30 2 1.940723e-10
5 30 2 5.376103e-10
6 30 2 1.462091e-09
7 30 2 2.119231e-09
8 30 2 1.622921e-09
9 30 2 7.343158e-10
10 30 2 2.874245e-10
11 30 2 1.325810e-10
12 30 2 7.940255e-11
1 31 2 8.137996e-11
2 31 2 6.271010e-11
3 31 2 9.526427e-11
4 31 2 2.651521e-10
5 31 2 6.847513e-10
6 31 2 1.802916e-09
7 31 2 2.542511e-09
8 31 2 2.052252e-09
9 31 2 1.026673e-09
10 31 2 4.701656e-10
11 31 2 2.257369e-10
12 31 2 1.257911e-10
1 32 2 9.623735e-11
2 32 2 7.966601e-11
3 32 2 1.113593e-10
4 32 2 2.474449e-10
5 32 2 6.608920e-10
6 32 2 1.565523e-09
7 32 2 2.019711e-09
8 32 2 1.668372e-09
9 32 2 9.316379e-10
10 32 2 4.802687e-10
11 32 2 2.481832e-10
12 32 2 1.287104e-10
1 35 2 6.786829e-09
2 35 2 6.466827e-09
3 35 2 7.024887e-09
4 35 2 9.361297e-09
5 35 2 1.467508e-08
6 35 2 2.241205e-08
7 35 2 2.696858e-08
8 35 2 2.476430e-08
9 35 2 1.683077e-08
10 35 2 1.216863e-08
11 35 2 9.217085e-09
12 35 2 7.488047e-09
1 36 2 8.123541e-10
2 36 2 7.626425e-10
3 36 2 8.452333e-10
4 36 2 1.015199e-09
5 36 2 1.388454e-09
6 36 2 2.002959e-09
7 36 2 2.358920e-09
8 36 2 2.403096e-09
9 36 2 1.834354e-09
10 36 2 1.437143e-09
11 36 2 1.099969e-09
12 36 2 9.114174e-10
1 37 2 1.878048e-08
2 37 2 1.817690e-08
3 37 2 2.290374e-08
4 37 2 2.945113e-08
5 37 2 4.452449e-08
6 37 2 6.753104e-08
7 37 2 7.854206e-08
8 37 2 7.720870e-08
9 37 2 5.681843e-08
10 37 2 4.260388e-08
11 37 2 3.002769e-08
12 37 2 2.300377e-08
1 38 2 9.696594e-08
2 38 2 9.687901e-08
3 38 2 1.475824e-07
4 38 2 2.188152e-07
5 38 2 3.994998e-07
6 38 2 7.088820e-07
7 38 2 8.403519e-07
8 38 2 7.288294e-07
9 38 2 4.707682e-07
10 38 2 3.217696e-07
11 38 2 1.838655e-07
12 38 2 1.326844e-07
1 39 2 1.040846e-07
2 39 2 1.084352e-07
3 39 2 1.756426e-07
4 39 2 2.712068e-07
5 39 2 5.262310e-07
6 39 2 1.017337e-06
7 39 2 1.263248e-06
8 39 2 1.022748e-06
9 39 2 6.446506e-07
10 39 2 4.070892e-07
11 39 2 2.060597e-07
12 39 2 1.504087e-07
1 40 2 2.583134e-08
2 40 2 2.834145e-08
3 40 2 5.054658e-08
4 40 2 8.499808e-08
5 40 2 1.858101e-07
6 40 2 4.218707e-07
7 40 2 5.278254e-07
8 40 2 3.871994e-07
9 40 2 2.385109e-07
10 40 2 1.285119e-07
11 40 2 5.505079e-08
12 40 2 4.101112e-08
1 41 2 1.374666e-08
2 41 2 1.469587e-08
3 41 2 2.945003e-08
4 41 2 5.245259e-08
5 41 2 1.315588e-07
6 41 2 3.338439e-07
7 41 2 4.316403e-07
8 41 2 3.027506e-07
9 41 2 1.691910e-07
10 41 2 7.332897e-08
11 41 2 2.817102e-08
12 41 2 2.348018e-08
1 42 2 7.446221e-09
2 42 2 7.788896e-09
3 42 2 1.679665e-08
4 42 2 3.313461e-08
5 42 2 9.419613e-08
6 42 2 2.612718e-07
7 42 2 3.657499e-07
8 42 2 2.442536e-07
9 42 2 1.156669e-07
10 42 2 4.139593e-08
11 42 2 1.543319e-08
12 42 2 1.266069e-08
1 43 2 2.091045e-10
2 43 2 2.168144e-10
3 43 2 5.115694e-10
4 43 2 1.248245e-09
5 43 2 4.178104e-09
6 43 2 1.232188e-08
7 43 2 1.801288e-08
8 43 2 1.130724e-08
9 43 2 4.623740e-09
10 43 2 1.419606e-09
11 43 2 4.841160e-10
12 43 2 3.392238e-10
1 44 2 8.624750e-10
2 44 2 8.665931e-10
3 44 2 1.884973e-09
4 44 2 5.095979e-09
5 44 2 1.903842e-08
6 44 2 5.999637e-08
7 44 2 8.768800e-08
8 44 2 5.287532e-08
9 44 2 1.906076e-08
10 44 2 5.647316e-09
11 44 2 1.853465e-09
12 44 2 1.253151e-09
1 45 2 1.981735e-09
2 45 2 2.220945e-09
3 45 2 4.046947e-09
4 45 2 1.193477e-08
5 45 2 4.998050e-08
6 45 2 1.658405e-07
7 45 2 2.320087e-07
8 45 2 1.412698e-07
9 45 2 4.857951e-08
10 45 2 1.240336e-08
11 45 2 3.595201e-09
12 45 2 2.349646e-09
1 46 2 8.987093e-10
2 46 2 1.130598e-09
3 46 2 1.777215e-09
4 46 2 4.935146e-09
5 46 2 1.938011e-08
6 46 2 6.011495e-08
7 46 2 8.409657e-08
8 46 2 5.269588e-08
9 46 2 1.979408e-08
10 46 2 4.797849e-09
11 46 2 1.319118e-09
12 46 2 9.407155e-10
1 47 2 1.181062e-09
2 47 2 1.503064e-09
3 47 2 2.118053e-09
4 47 2 4.745556e-09
5 47 2 1.617522e-08
6 47 2 4.456272e-08
7 47 2 6.043656e-08
8 47 2 4.098032e-08
9 47 2 1.736051e-08
10 47 2 5.354648e-09
11 47 2 1.579761e-09
12 47 2 1.200828e-09
1 48 2 1.598155e-09
2 48 2 1.835861e-09
3 48 2 2.525124e-09
4 48 2 4.931034e-09
5 48 2 1.530195e-08
6 48 2 3.519710e-08
7 48 2 4.677367e-08
8 48 2 3.290796e-08
9 48 2 1.566552e-08
10 48 2 5.840659e-09
11 48 2 2.102564e-09
12 48 2 1.394293e-09
1 49 2 7.109066e-12
2 49 2 6.468623e-12
3 49 2 7.337316e-12
4 49 2 8.587678e-12
5 49 2 1.228221e-11
6 49 2 1.868667e-11
7 49 2 2.786809e-11
8 49 2 2.620603e-11
9 49 2 1.827840e-11
10 49 2 1.307996e-11
11 49 2 9.549427e-12
12 49 2 6.966289e-12
1 50 2 2.899278e-11
2 50 2 2.502654e-11
3 50 2 2.933498e-11
4 50 2 3.343884e-11
5 50 2 4.706283e-11
6 50 2 6.906405e-11
7 50 2 9.531855e-11
8 50 2 9.166432e-11
9 50 2 6.637330e-11
10 50 2 4.731368e-11
11 50 2 3.542284e-11
12 50 2 2.789162e-11
1 51 2 1.328451e-11
2 51 2 1.212420e-11
3 51 2 1.317428e-11
4 51 2 1.520748e-11
5 51 2 2.072818e-11
6 51 2 2.906962e-11
7 51 2 3.788197e-11
8 51 2 3.756741e-11
9 51 2 3.121301e-11
10 51 2 2.195443e-11
11 51 2 1.645404e-11
12 51 2 1.378899e-11
1 52 2 9.990884e-08
2 52 2 1.050128e-07
3 52 2 1.319199e-07
4 52 2 1.923212e-07
5 52 2 3.252405e-07
6 52 2 4.476038e-07
7 52 2 5.741350e-07
8 52 2 5.370128e-07
9 52 2 4.334967e-07
10 52 2 2.476415e-07
11 52 2 1.490560e-07
12 52 2 1.149449e-07
1 53 2 4.855768e-08
2 53 2 6.092215e-08
3 53 2 1.032150e-07
4 53 2 2.252874e-07
5 53 2 4.290161e-07
6 53 2 6.406303e-07
7 53 2 8.892708e-07
8 53 2 7.577623e-07
9 53 2 5.128594e-07
10 53 2 2.261926e-07
11 53 2 1.008880e-07
12 53 2 6.391664e-08
1 54 2 1.402600e-08
2 54 2 1.819531e-08
3 54 2 3.402597e-08
4 54 2 8.455118e-08
5 54 2 1.665395e-07
6 54 2 3.216783e-07
7 54 2 4.569593e-07
8 54 2 3.831721e-07
9 54 2 2.323879e-07
10 54 2 9.883395e-08
11 54 2 4.236475e-08
12 54 2 2.336922e-08
1 55 2 2.013691e-08
2 55 2 2.245803e-08
3 55 2 4.189483e-08
4 55 2 9.809886e-08
5 55 2 1.946679e-07
6 55 2 4.157325e-07
7 55 2 5.778997e-07
8 55 2 4.983883e-07
9 55 2 3.160456e-07
10 55 2 1.515388e-07
11 55 2 7.089920e-08
12 55 2 4.059709e-08
1 56 2 8.702320e-08
2 56 2 9.031108e-08
3 56 2 1.564212e-07
4 56 2 3.487970e-07
5 56 2 7.624235e-07
6 56 2 1.502904e-06
7 56 2 2.077897e-06
8 56 2 1.724549e-06
9 56 2 1.127206e-06
10 56 2 5.807776e-07
11 56 2 2.618361e-07
12 56 2 1.501655e-07
1 57 2 1.793322e-08
2 57 2 1.711007e-08
3 57 2 2.104441e-08
4 57 2 3.194213e-08
5 57 2 5.344418e-08
6 57 2 8.696035e-08
7 57 2 1.238325e-07
8 57 2 1.116034e-07
9 57 2 8.303298e-08
10 57 2 5.333606e-08
11 57 2 3.261528e-08
12 57 2 2.343913e-08
1 60 2 6.616891e-07
2 60 2 6.407862e-07
3 60 2 7.348545e-07
4 60 2 8.715266e-07
5 60 2 1.074523e-06
6 60 2 1.414065e-06
7 60 2 1.646254e-06
8 60 2 1.646947e-06
9 60 2 1.397671e-06
10 60 2 1.140964e-06
11 60 2 9.125044e-07
12 60 2 7.563727e-07
1 61 2 2.097487e-06
2 61 2 2.110103e-06
3 61 2 2.967824e-06
4 61 2 4.470170e-06
5 61 2 6.520614e-06
6 61 2 9.186490e-06
7 61 2 1.087132e-05
8 61 2 1.045911e-05
9 61 2 8.127003e-06
10 61 2 5.528037e-06
11 61 2 3.606274e-06
12 61 2 2.529410e-06
1 62 2 6.863280e-07
2 62 2 7.516907e-07
3 62 2 1.183298e-06
4 62 2 2.142131e-06
5 62 2 3.674216e-06
6 62 2 5.212170e-06
7 62 2 6.373430e-06
8 62 2 5.949366e-06
9 62 2 4.145651e-06
10 62 2 2.472213e-06
11 62 2 1.342521e-06
12 62 2 8.736742e-07
1 63 2 1.276349e-06
2 63 2 1.549433e-06
3 63 2 2.592608e-06
4 63 2 5.452911e-06
5 63 2 1.046503e-05
6 63 2 1.555794e-05
7 63 2 1.989484e-05
8 63 2 1.731241e-05
9 63 2 1.057388e-05
10 63 2 5.774510e-06
11 63 2 2.667289e-06
12 63 2 1.746120e-06
1 64 2 3.811766e-07
2 64 2 4.883269e-07
3 64 2 9.298923e-07
4 64 2 2.202605e-06
5 64 2 4.717285e-06
6 64 2 7.556010e-06
7 64 2 9.577408e-06
8 64 2 7.487394e-06
9 64 2 4.287170e-06
10 64 2 1.895263e-06
11 64 2 8.660422e-07
12 64 2 5.926827e-07
1 65 2 1.289111e-07
2 65 2 1.598506e-07
3 65 2 3.502027e-07
4 65 2 9.875839e-07
5 65 2 2.070649e-06
6 65 2 3.519145e-06
7 65 2 4.561312e-06
8 65 2 3.404316e-06
9 65 2 1.930821e-06
10 65 2 6.851638e-07
11 65 2 3.016225e-07
12 65 2 2.185854e-07
1 66 2 8.536929e-08
2 66 2 1.055431e-07
3 66 2 2.509061e-07
4 66 2 8.231397e-07
5 66 2 1.711543e-06
6 66 2 2.943074e-06
7 66 2 4.058990e-06
8 66 2 3.068601e-06
9 66 2 1.735858e-06
10 66 2 5.751096e-07
11 66 2 2.203906e-07
12 66 2 1.367040e-07
1 67 2 2.884101e-08
2 67 2 3.845815e-08
3 67 2 9.779933e-08
4 67 2 3.612792e-07
5 67 2 8.197216e-07
6 67 2 1.398041e-06
7 67 2 1.954616e-06
8 67 2 1.504237e-06
9 67 2 8.227130e-07
10 67 2 3.025499e-07
11 67 2 9.566857e-08
12 67 2 4.305992e-08
1 68 2 6.945659e-09
2 68 2 9.326152e-09
3 68 2 2.769815e-08
4 68 2 1.273153e-07
5 68 2 3.469505e-07
6 68 2 6.648646e-07
7 68 2 9.532901e-07
8 68 2 7.089941e-07
9 68 2 3.402532e-07
10 68 2 1.250049e-07
11 68 2 2.850555e-08
12 68 2 9.918943e-09
1 69 2 4.203002e-09
2 69 2 5.959077e-09
3 69 2 1.425073e-08
4 69 2 6.249029e-08
5 69 2 2.003780e-07
6 69 2 4.742171e-07
7 69 2 6.947243e-07
8 69 2 5.347971e-07
9 69 2 2.297453e-07
10 69 2 7.470431e-08
11 69 2 1.447500e-08
12 69 2 5.443539e-09
1 70 2 1.764071e-08
2 70 2 2.061862e-08
3 70 2 2.954588e-08
4 70 2 7.708369e-08
5 70 2 1.933014e-07
6 70 2 4.693908e-07
7 70 2 7.597947e-07
8 70 2 6.924800e-07
9 70 2 3.575503e-07
10 70 2 1.274485e-07
11 70 2 3.876222e-08
12 70 2 2.182032e-08
1 71 2 1.498799e-08
2 71 2 1.520930e-08
3 71 2 1.721048e-08
4 71 2 2.761762e-08
5 71 2 5.348507e-08
6 71 2 1.115749e-07
7 71 2 1.712325e-07
8 71 2 1.702480e-07
9 71 2 1.092295e-07
10 71 2 5.202455e-08
11 71 2 2.485345e-08
12 71 2 1.726156e-08
1 72 2 6.295040e-11
2 72 2 6.012311e-11
3 72 2 6.513716e-11
4 72 2 8.305050e-11
5 72 2 1.292205e-10
6 72 2 2.248479e-10
7 72 2 3.482637e-10
8 72 2 3.349480e-10
9 72 2 2.343408e-10
10 72 2 1.420910e-10
11 72 2 8.754764e-11
12 72 2 6.252051e-11
1 76 2 1.013365e-08
2 76 2 9.271249e-09
3 76 2 9.364560e-09
4 76 2 1.018641e-08
5 76 2 1.384860e-08
6 76 2 1.974722e-08
7 76 2 2.647992e-08
8 76 2 2.825893e-08
9 76 2 2.692527e-08
10 76 2 1.798070e-08
11 76 2 1.160730e-08
12 76 2 1.015159e-08
1 77 2 1.033964e-08
2 77 2 1.342594e-08
3 77 2 1.758718e-08
4 77 2 2.842474e-08
5 77 2 4.772629e-08
6 77 2 7.368442e-08
7 77 2 1.001172e-07
8 77 2 9.502750e-08
9 77 2 7.039234e-08
10 77 2 3.556304e-08
11 77 2 1.560517e-08
12 77 2 9.835859e-09
1 78 2 1.129088e-08
2 78 2 1.542739e-08
3 78 2 2.148357e-08
4 78 2 3.853304e-08
5 78 2 6.025455e-08
6 78 2 9.566333e-08
7 78 2 1.180858e-07
8 78 2 1.105730e-07
9 78 2 7.169433e-08
10 78 2 3.802090e-08
11 78 2 2.053211e-08
12 78 2 1.185388e-08
1 79 2 2.236251e-07
2 79 2 2.743917e-07
3 79 2 4.028862e-07
4 79 2 6.682535e-07
5 79 2 1.015263e-06
6 79 2 1.658604e-06
7 79 2 2.032413e-06
8 79 2 1.925350e-06
9 79 2 1.329466e-06
10 79 2 8.025260e-07
11 79 2 4.572379e-07
12 79 2 2.800955e-07
1 80 2 3.653255e-08
2 80 2 3.660388e-08
3 80 2 4.599506e-08
4 80 2 6.219060e-08
5 80 2 9.275176e-08
6 80 2 1.411185e-07
7 80 2 1.817114e-07
8 80 2 1.798913e-07
9 80 2 1.493065e-07
10 80 2 1.046794e-07
11 80 2 6.106582e-08
12 80 2 4.513781e-08
1 81 2 2.710827e-13
2 81 2 2.456662e-13
3 81 2 2.587532e-13
4 81 2 3.068179e-13
5 81 2 4.418151e-13
6 81 2 5.953331e-13
7 81 2 7.943695e-13
8 81 2 8.523408e-13
9 81 2 7.750438e-13
10 81 2 5.946858e-13
11 81 2 3.931100e-13
12 81 2 3.218377e-13
1 84 2 1.119932e-07
2 84 2 1.184050e-07
3 84 2 1.464433e-07
4 84 2 1.850586e-07
5 84 2 2.481077e-07
6 84 2 4.065425e-07
7 84 2 5.444919e-07
8 84 2 5.217584e-07
9 84 2 3.914997e-07
10 84 2 2.470756e-07
11 84 2 1.659797e-07
12 84 2 1.267906e-07
1 85 2 3.292312e-07
2 85 2 3.707403e-07
3 85 2 4.820222e-07
4 85 2 7.003334e-07
5 85 2 1.121081e-06
6 85 2 1.712627e-06
7 85 2 2.369579e-06
8 85 2 2.254201e-06
9 85 2 1.623178e-06
10 85 2 8.953543e-07
11 85 2 5.049421e-07
12 85 2 3.663864e-07
1 86 2 1.005253e-07
2 86 2 1.138157e-07
3 86 2 1.454481e-07
4 86 2 2.112670e-07
5 86 2 3.395478e-07
6 86 2 4.926764e-07
7 86 2 6.768065e-07
8 86 2 6.790205e-07
9 86 2 5.026045e-07
10 86 2 2.914548e-07
11 86 2 1.605477e-07
12 86 2 1.147423e-07
1 87 2 1.671294e-07
2 87 2 2.261069e-07
3 87 2 3.228392e-07
4 87 2 5.103351e-07
5 87 2 8.953151e-07
6 87 2 1.345772e-06
7 87 2 1.824451e-06
8 87 2 1.859054e-06
9 87 2 1.347823e-06
10 87 2 7.588601e-07
11 87 2 3.334231e-07
12 87 2 2.026706e-07
1 88 2 5.910386e-08
2 88 2 8.393225e-08
3 88 2 1.316182e-07
4 88 2 2.497314e-07
5 88 2 5.125223e-07
6 88 2 8.055444e-07
7 88 2 1.031612e-06
8 88 2 9.048040e-07
9 88 2 5.846846e-07
10 88 2 2.763111e-07
11 88 2 1.416561e-07
12 88 2 7.868477e-08
1 89 2 4.197395e-08
2 89 2 5.840131e-08
3 89 2 1.108439e-07
4 89 2 2.084784e-07
5 89 2 4.160426e-07
6 89 2 6.215193e-07
7 89 2 7.250424e-07
8 89 2 6.349642e-07
9 89 2 4.143811e-07
10 89 2 1.971917e-07
11 89 2 1.085047e-07
12 89 2 6.005783e-08
1 90 2 2.918233e-08
2 90 2 3.846135e-08
3 90 2 7.632241e-08
4 90 2 1.369825e-07
5 90 2 2.103286e-07
6 90 2 2.784052e-07
7 90 2 3.126662e-07
8 90 2 2.893029e-07
9 90 2 2.108315e-07
10 90 2 1.257520e-07
11 90 2 6.933380e-08
12 90 2 3.947021e-08
1 91 2 5.176301e-11
2 91 2 7.324238e-11
3 91 2 1.530195e-10
4 91 2 2.891589e-10
5 91 2 4.267534e-10
6 91 2 5.424433e-10
7 91 2 6.090848e-10
8 91 2 5.585892e-10
9 91 2 4.016372e-10
10 91 2 2.486144e-10
11 91 2 1.288517e-10
12 91 2 6.614686e-11
1 92 2 2.779471e-10
2 92 2 3.970305e-10
3 92 2 9.952554e-10
4 92 2 2.374449e-09
5 92 2 4.477865e-09
6 92 2 6.861666e-09
7 92 2 8.236505e-09
8 92 2 7.496540e-09
9 92 2 4.689908e-09
10 92 2 2.492536e-09
11 92 2 9.775742e-10
12 92 2 4.196486e-10
1 93 2 1.194776e-07
2 93 2 1.441604e-07
3 93 2 2.964015e-07
4 93 2 6.907967e-07
5 93 2 1.232342e-06
6 93 2 1.955641e-06
7 93 2 2.623390e-06
8 93 2 2.579016e-06
9 93 2 1.734659e-06
10 93 2 9.989526e-07
11 93 2 4.278059e-07
12 93 2 1.781897e-07
1 94 2 1.406282e-07
2 94 2 1.399192e-07
3 94 2 1.868260e-07
4 94 2 3.310900e-07
5 94 2 5.651505e-07
6 94 2 8.898987e-07
7 94 2 1.229392e-06
8 94 2 1.339765e-06
9 94 2 1.103584e-06
10 94 2 6.661215e-07
11 94 2 3.575239e-07
12 94 2 1.953425e-07
1 98 2 1.281581e-09
2 98 2 1.192981e-09
3 98 2 1.123377e-09
4 98 2 1.196073e-09
5 98 2 1.357461e-09
6 98 2 1.553336e-09
7 98 2 1.747184e-09
8 98 2 1.841447e-09
9 98 2 1.817096e-09
10 98 2 1.717641e-09
11 98 2 1.545006e-09
12 98 2 1.405972e-09
1 101 2 5.053744e-09
2 101 2 5.192894e-09
3 101 2 5.321371e-09
4 101 2 6.562058e-09
5 101 2 8.438936e-09
6 101 2 9.853337e-09
7 101 2 1.051787e-08
8 101 2 1.053928e-08
9 101 2 1.013211e-08
10 101 2 8.687246e-09
11 101 2 6.680255e-09
12 101 2 5.358041e-09
1 102 2 3.240461e-08
2 102 2 3.662894e-08
3 102 2 4.501764e-08
4 102 2 5.630802e-08
5 102 2 6.516171e-08
6 102 2 7.113569e-08
7 102 2 7.313883e-08
8 102 2 7.406301e-08
9 102 2 6.675145e-08
10 102 2 5.142538e-08
11 102 2 4.127531e-08
12 102 2 3.383025e-08
1 103 2 1.809273e-08
2 103 2 1.846378e-08
3 103 2 2.012321e-08
4 103 2 2.273846e-08
5 103 2 2.648075e-08
6 103 2 3.030383e-08
7 103 2 3.278489e-08
8 103 2 3.440701e-08
9 103 2 3.374616e-08
10 103 2 2.949122e-08
11 103 2 2.426116e-08
12 103 2 2.017235e-08
1 104 2 8.495392e-09
2 104 2 8.151963e-09
3 104 2 8.240539e-09
4 104 2 9.034563e-09
5 104 2 1.056422e-08
6 104 2 1.212295e-08
7 104 2 1.360590e-08
8 104 2 1.469769e-08
9 104 2 1.481599e-08
10 104 2 1.384107e-08
11 104 2 1.138553e-08
12 104 2 9.427201e-09
1 107 2 3.094464e-09
2 107 2 3.264603e-09
3 107 2 3.811541e-09
4 107 2 4.367606e-09
5 107 2 4.897996e-09
6 107 2 6.270612e-09
7 107 2 6.854044e-09
8 107 2 6.826311e-09
9 107 2 6.390449e-09
10 107 2 5.466084e-09
11 107 2 4.345336e-09
12 107 2 3.398217e-09
1 108 2 4.112450e-10
2 108 2 5.255716e-10
3 108 2 7.634490e-10
4 108 2 1.182416e-09
5 108 2 1.835425e-09
6 108 2 2.519178e-09
7 108 2 2.696704e-09
8 108 2 2.383319e-09
9 108 2 1.928481e-09
10 108 2 1.330518e-09
11 108 2 6.930650e-10
12 108 2 4.412036e-10
1 109 2 7.807085e-10
2 109 2 1.031202e-09
3 109 2 1.612867e-09
4 109 2 2.798993e-09
5 109 2 4.768878e-09
6 109 2 6.011412e-09
7 109 2 6.108137e-09
8 109 2 5.615094e-09
9 109 2 4.509081e-09
10 109 2 3.163861e-09
11 109 2 1.407207e-09
12 109 2 8.220379e-10
1 110 2 3.438442e-10
2 110 2 4.379917e-10
3 110 2 7.034370e-10
4 110 2 1.088893e-09
5 110 2 1.688829e-09
6 110 2 1.955745e-09
7 110 2 2.102615e-09
8 110 2 2.079470e-09
9 110 2 1.750865e-09
10 110 2 1.276492e-09
11 110 2 6.174451e-10
12 110 2 3.634349e-10
1 111 2 1.180166e-08
2 111 2 1.476044e-08
3 111 2 2.389682e-08
4 111 2 3.621763e-08
5 111 2 5.473765e-08
6 111 2 7.019987e-08
7 111 2 7.420652e-08
8 111 2 7.349870e-08
9 111 2 6.259057e-08
10 111 2 4.074343e-08
11 111 2 2.194819e-08
12 111 2 1.340636e-08
1 112 2 1.359146e-08
2 112 2 1.752452e-08
3 112 2 3.074300e-08
4 112 2 5.112382e-08
5 112 2 7.774239e-08
6 112 2 9.473828e-08
7 112 2 9.648839e-08
8 112 2 8.993715e-08
9 112 2 6.865712e-08
10 112 2 4.557964e-08
11 112 2 2.615795e-08
12 112 2 1.607903e-08
1 113 2 7.797506e-09
2 113 2 9.878716e-09
3 113 2 1.659630e-08
4 113 2 2.481826e-08
5 113 2 3.054124e-08
6 113 2 2.666702e-08
7 113 2 2.288188e-08
8 113 2 2.185406e-08
9 113 2 2.161469e-08
10 113 2 1.973628e-08
11 113 2 1.380429e-08
12 113 2 9.323555e-09
1 114 2 2.126140e-08
2 114 2 2.883154e-08
3 114 2 5.136830e-08
4 114 2 7.487877e-08
5 114 2 8.638808e-08
6 114 2 6.324094e-08
7 114 2 5.223273e-08
8 114 2 4.787763e-08
9 114 2 4.620362e-08
10 114 2 4.135309e-08
11 114 2 3.152435e-08
12 114 2 2.335125e-08
1 115 2 7.270481e-09
2 115 2 1.057790e-08
3 115 2 1.676769e-08
4 115 2 2.078502e-08
5 115 2 1.856201e-08
6 115 2 1.723421e-08
7 115 2 1.662208e-08
8 115 2 1.594771e-08
9 115 2 1.466713e-08
10 115 2 1.310733e-08
11 115 2 9.956887e-09
12 115 2 7.143318e-09
1 116 2 5.273911e-09
2 116 2 6.751250e-09
3 116 2 1.032427e-08
4 116 2 1.461363e-08
5 116 2 1.699657e-08
6 116 2 1.935478e-08
7 116 2 2.029123e-08
8 116 2 1.942321e-08
9 116 2 1.573496e-08
10 116 2 1.257975e-08
11 116 2 9.138942e-09
12 116 2 6.020343e-09
1 117 2 4.031992e-09
2 117 2 4.210408e-09
3 117 2 5.317358e-09
4 117 2 7.278779e-09
5 117 2 9.268934e-09
6 117 2 1.098164e-08
7 117 2 1.169110e-08
8 117 2 1.167577e-08
9 117 2 1.065343e-08
10 117 2 9.119978e-09
11 117 2 7.362213e-09
12 117 2 5.318368e-09
1 126 2 9.312034e-11
2 126 2 9.678906e-11
3 126 2 1.049061e-10
4 126 2 1.107745e-10
5 126 2 1.094462e-10
6 126 2 1.017180e-10
7 126 2 9.805021e-11
8 126 2 9.900815e-11
9 126 2 9.848401e-11
10 126 2 9.677630e-11
11 126 2 9.456245e-11
12 126 2 9.313071e-11
1 127 2 9.391546e-09
2 127 2 9.551394e-09
3 127 2 1.008129e-08
4 127 2 1.046652e-08
5 127 2 1.060912e-08
6 127 2 1.027627e-08
7 127 2 1.027911e-08
8 127 2 1.051500e-08
9 127 2 1.040291e-08
10 127 2 9.985979e-09
11 127 2 9.677652e-09
12 127 2 9.557860e-09
1 128 2 4.254987e-08
2 128 2 4.369832e-08
3 128 2 4.485912e-08
4 128 2 4.379012e-08
5 128 2 4.259699e-08
6 128 2 4.131742e-08
7 128 2 4.403674e-08
8 128 2 5.006996e-08
9 128 2 5.264810e-08
10 128 2 4.972861e-08
11 128 2 4.522091e-08
12 128 2 4.260710e-08
1 129 2 1.213702e-09
2 129 2 1.197038e-09
3 129 2 1.227229e-09
4 129 2 1.262818e-09
5 129 2 1.282303e-09
6 129 2 1.316993e-09
7 129 2 1.376127e-09
8 129 2 1.499976e-09
9 129 2 1.567159e-09
10 129 2 1.574064e-09
11 129 2 1.437174e-09
12 129 2 1.276754e-09
1 133 2 2.607269e-08
2 133 2 3.031336e-08
3 133 2 3.638956e-08
4 133 2 3.736245e-08
5 133 2 3.563996e-08
6 133 2 3.275793e-08
7 133 2 2.923676e-08
8 133 2 2.737691e-08
9 133 2 2.854801e-08
10 133 2 3.040473e-08
11 133 2 2.900661e-08
12 133 2 2.538080e-08
1 135 2 1.127180e-09
2 135 2 1.269937e-09
3 135 2 1.510246e-09
4 135 2 1.626464e-09
5 135 2 1.562876e-09
6 135 2 1.394246e-09
7 135 2 1.204490e-09
8 135 2 1.216544e-09
9 135 2 1.292717e-09
10 135 2 1.215726e-09
11 135 2 1.165262e-09
12 135 2 1.094605e-09
1 136 2 1.260822e-09
2 136 2 1.297641e-09
3 136 2 1.604775e-09
4 136 2 1.950918e-09
5 136 2 2.136343e-09
6 136 2 1.949160e-09
7 136 2 1.724779e-09
8 136 2 1.720823e-09
9 136 2 1.729717e-09
10 136 2 1.627141e-09
11 136 2 1.538454e-09
12 136 2 1.366166e-09
1 137 2 3.067662e-10
2 137 2 3.218294e-10
3 137 2 3.689841e-10
4 137 2 4.054593e-10
5 137 2 4.002130e-10
6 137 2 3.682360e-10
7 137 2 3.406575e-10
8 137 2 3.287005e-10
9 137 2 3.289070e-10
10 137 2 3.426452e-10
11 137 2 3.387692e-10
12 137 2 3.194290e-10
1 138 2 1.226978e-08
2 138 2 1.349258e-08
3 138 2 1.565339e-08
4 138 2 1.742125e-08
5 138 2 1.757697e-08
6 138 2 1.544839e-08
7 138 2 1.431146e-08
8 138 2 1.380163e-08
9 138 2 1.383928e-08
10 138 2 1.391992e-08
11 138 2 1.350259e-08
12 138 2 1.252252e-08
1 139 2 2.068153e-08
2 139 2 2.355244e-08
3 139 2 2.631754e-08
4 139 2 2.762213e-08
5 139 2 2.723286e-08
6 139 2 2.536119e-08
7 139 2 2.399552e-08
8 139 2 2.309965e-08
9 139 2 2.280024e-08
10 139 2 2.297725e-08
11 139 2 2.186461e-08
12 139 2 2.001413e-08
1 140 2 6.855326e-09
2 140 2 7.088662e-09
3 140 2 7.698837e-09
4 140 2 8.722656e-09
5 140 2 9.262212e-09
6 140 2 8.896371e-09
7 140 2 8.423418e-09
8 140 2 8.124315e-09
9 140 2 8.005876e-09
10 140 2 8.050123e-09
11 140 2 7.880099e-09
12 140 2 7.346659e-09
1 141 2 1.075819e-08
2 141 2 1.064688e-08
3 141 2 1.095183e-08
4 141 2 1.201954e-08
5 141 2 1.297068e-08
6 141 2 1.282588e-08
7 141 2 1.247906e-08
8 141 2 1.210089e-08
9 141 2 1.199834e-08
10 141 2 1.202654e-08
11 141 2 1.214658e-08
12 141 2 1.179338e-08
1 150 2 1.244895e-11
2 150 2 1.362733e-11
3 150 2 1.458651e-11
4 150 2 1.491590e-11
5 150 2 1.395673e-11
6 150 2 1.230921e-11
7 150 2 1.122944e-11
8 150 2 1.095827e-11
9 150 2 1.060399e-11
10 150 2 1.036273e-11
11 150 2 1.056421e-11
12 150 2 1.124002e-11
1 151 2 8.069655e-09
2 151 2 8.583019e-09
3 151 2 9.100545e-09
4 151 2 9.315133e-09
5 151 2 9.013038e-09
6 151 2 8.484060e-09
7 151 2 8.296599e-09
8 151 2 8.616915e-09
9 151 2 8.204068e-09
10 151 2 7.698670e-09
11 151 2 7.472924e-09
12 151 2 7.659355e-09
1 152 2 6.400203e-09
2 152 2 6.482935e-09
3 152 2 6.542949e-09
4 152 2 6.217492e-09
5 152 2 5.976676e-09
6 152 2 5.869935e-09
7 152 2 6.710905e-09
8 152 2 8.948184e-09
9 152 2 9.499476e-09
10 152 2 8.096492e-09
11 152 2 6.943077e-09
12 152 2 6.420920e-09
1 153 2 7.417201e-09
2 153 2 7.597117e-09
3 153 2 8.015482e-09
4 153 2 7.862130e-09
5 153 2 7.592472e-09
6 153 2 7.454285e-09
7 153 2 8.701519e-09
8 153 2 1.137132e-08
9 153 2 1.383069e-08
10 153 2 1.236180e-08
11 153 2 9.351067e-09
12 153 2 7.802200e-09
1 154 2 2.018603e-08
2 154 2 2.007651e-08
3 154 2 2.089219e-08
4 154 2 2.001859e-08
5 154 2 1.871921e-08
6 154 2 1.683814e-08
7 154 2 1.589963e-08
8 154 2 1.656315e-08
9 154 2 1.867473e-08
10 154 2 2.098707e-08
11 154 2 2.211803e-08
12 154 2 2.138708e-08
1 157 2 8.042780e-10
2 157 2 8.351623e-10
3 157 2 8.941609e-10
4 157 2 8.815647e-10
5 157 2 8.592722e-10
6 157 2 8.078636e-10
7 157 2 7.708170e-10
8 157 2 7.630472e-10
9 157 2 7.575322e-10
10 157 2 7.707407e-10
11 157 2 7.762663e-10
12 157 2 7.863967e-10
1 163 2 3.739932e-09
2 163 2 3.790042e-09
3 163 2 3.902511e-09
4 163 2 4.136687e-09
5 163 2 4.140724e-09
6 163 2 3.828262e-09
7 163 2 3.539216e-09
8 163 2 3.323393e-09
9 163 2 3.370983e-09
10 163 2 3.566370e-09
11 163 2 3.705785e-09
12 163 2 3.734821e-09
1 164 2 1.415925e-08
2 164 2 1.403818e-08
3 164 2 1.442896e-08
4 164 2 1.510209e-08
5 164 2 1.492444e-08
6 164 2 1.380396e-08
7 164 2 1.277678e-08
8 164 2 1.248056e-08
9 164 2 1.336414e-08
10 164 2 1.464100e-08
11 164 2 1.493668e-08
12 164 2 1.468795e-08
1 165 2 6.178152e-09
2 165 2 6.055025e-09
3 165 2 6.131146e-09
4 165 2 6.266759e-09
5 165 2 6.197975e-09
6 165 2 5.703015e-09
7 165 2 5.377163e-09
8 165 2 5.442664e-09
9 165 2 5.801292e-09
10 165 2 6.202838e-09
11 165 2 6.525127e-09
12 165 2 6.532814e-09
1 166 2 2.695743e-09
2 166 2 2.668831e-09
3 166 2 2.624738e-09
4 166 2 2.612424e-09
5 166 2 2.526884e-09
6 166 2 2.336947e-09
7 166 2 2.206785e-09
8 166 2 2.223249e-09
9 166 2 2.306456e-09
10 166 2 2.426223e-09
11 166 2 2.615824e-09
12 166 2 2.747623e-09
1 170 2 1.240584e-10
2 170 2 1.364397e-10
3 170 2 1.340513e-10
4 170 2 1.218454e-10
5 170 2 1.015336e-10
6 170 2 8.537206e-11
7 170 2 8.074861e-11
8 170 2 7.708892e-11
9 170 2 7.838548e-11
10 170 2 8.728168e-11
11 170 2 9.629909e-11
12 170 2 1.108944e-10
1 171 2 4.445207e-10
2 171 2 4.879560e-10
3 171 2 4.938633e-10
4 171 2 4.393821e-10
5 171 2 3.655165e-10
6 171 2 3.132304e-10
7 171 2 2.843795e-10
8 171 2 2.694585e-10
9 171 2 2.733846e-10
10 171 2 2.973661e-10
11 171 2 3.393961e-10
12 171 2 4.009638e-10
1 175 2 1.280046e-11
2 175 2 1.353307e-11
3 175 2 1.357188e-11
4 175 2 1.271168e-11
5 175 2 1.104445e-11
6 175 2 1.006429e-11
7 175 2 9.855470e-12
8 175 2 9.772260e-12
9 175 2 9.089268e-12
10 175 2 9.187963e-12
11 175 2 9.605930e-12
12 175 2 1.120537e-11
1 176 2 8.734493e-08
2 176 2 8.799980e-08
3 176 2 8.615152e-08
4 176 2 7.609051e-08
5 176 2 6.155383e-08
6 176 2 5.577931e-08
7 176 2 5.567758e-08
8 176 2 6.352072e-08
9 176 2 6.918064e-08
10 176 2 7.383260e-08
11 176 2 7.881079e-08
12 176 2 8.371640e-08
1 177 2 6.482190e-08
2 177 2 6.298919e-08
3 177 2 5.947353e-08
4 177 2 5.200564e-08
5 177 2 4.252645e-08
6 177 2 3.631399e-08
7 177 2 3.778415e-08
8 177 2 4.527236e-08
9 177 2 5.690028e-08
10 177 2 5.917411e-08
11 177 2 6.037437e-08
12 177 2 6.049772e-08
1 178 2 1.481357e-08
2 178 2 1.464044e-08
3 178 2 1.403393e-08
4 178 2 1.176269e-08
5 178 2 1.024183e-08
6 178 2 8.656626e-09
7 178 2 8.244888e-09
8 178 2 8.305568e-09
9 178 2 9.472291e-09
10 178 2 1.019192e-08
11 178 2 1.151119e-08
12 178 2 1.277984e-08
1 181 2 1.808091e-10
2 181 2 1.909744e-10
3 181 2 1.936043e-10
4 181 2 1.851116e-10
5 181 2 1.526594e-10
6 181 2 1.320041e-10
7 181 2 1.167188e-10
8 181 2 1.194521e-10
9 181 2 1.294143e-10
10 181 2 1.401315e-10
11 181 2 1.587008e-10
12 181 2 1.689704e-10
1 182 2 2.157185e-08
2 182 2 1.993904e-08
3 182 2 1.880162e-08
4 182 2 1.570569e-08
5 182 2 1.229896e-08
6 182 2 9.198883e-09
7 182 2 9.120674e-09
8 182 2 1.267431e-08
9 182 2 1.758696e-08
10 182 2 2.156978e-08
11 182 2 2.383905e-08
12 182 2 2.288196e-08
1 183 2 4.586593e-09
2 183 2 4.406191e-09
3 183 2 4.206536e-09
4 183 2 3.814179e-09
5 183 2 3.209184e-09
6 183 2 2.604634e-09
7 183 2 2.423338e-09
8 183 2 2.877621e-09
9 183 2 3.345889e-09
10 183 2 3.958184e-09
11 183 2 4.309260e-09
12 183 2 4.432352e-09
1 184 2 1.430556e-09
2 184 2 1.449522e-09
3 184 2 1.403839e-09
4 184 2 1.263364e-09
5 184 2 1.050294e-09
6 184 2 8.488358e-10
7 184 2 7.654365e-10
8 184 2 7.994236e-10
9 184 2 8.468557e-10
10 184 2 9.725071e-10
11 184 2 1.137899e-09
12 184 2 1.296953e-09
1 188 2 2.369454e-10
2 188 2 2.348795e-10
3 188 2 2.177122e-10
4 188 2 1.777769e-10
5 188 2 1.256456e-10
6 188 2 9.557048e-11
7 188 2 8.223761e-11
8 188 2 8.365431e-11
9 188 2 1.133093e-10
10 188 2 1.489044e-10
11 188 2 1.773304e-10
12 188 2 2.211787e-10
1 189 2 2.067191e-10
2 189 2 1.910502e-10
3 189 2 1.732995e-10
4 189 2 1.280941e-10
5 189 2 8.480977e-11
6 189 2 5.997428e-11
7 189 2 5.702272e-11
8 189 2 7.004278e-11
9 189 2 1.126761e-10
10 189 2 1.604342e-10
11 189 2 1.951415e-10
12 189 2 2.039219e-10
1 190 2 8.460381e-10
2 190 2 8.016366e-10
3 190 2 6.958223e-10
4 190 2 4.928364e-10
5 190 2 3.438519e-10
6 190 2 2.494449e-10
7 190 2 2.343815e-10
8 190 2 2.825462e-10
9 190 2 3.968677e-10
10 190 2 5.410266e-10
11 190 2 7.089175e-10
12 190 2 7.953925e-10
1 191 2 6.506377e-10
2 191 2 6.742326e-10
3 191 2 6.553573e-10
4 191 2 5.413987e-10
5 191 2 4.452023e-10
6 191 2 3.657259e-10
7 191 2 3.215346e-10
8 191 2 3.265464e-10
9 191 2 3.562687e-10
10 191 2 3.998751e-10
11 191 2 4.918044e-10
12 191 2 5.786034e-10
1 192 2 8.556483e-10
2 192 2 9.247179e-10
3 192 2 9.009608e-10
4 192 2 7.800972e-10
5 192 2 6.592997e-10
6 192 2 5.613673e-10
7 192 2 4.933301e-10
8 192 2 4.584195e-10
9 192 2 4.720101e-10
10 192 2 5.183210e-10
11 192 2 6.187413e-10
12 192 2 7.429730e-10
1 200 2 4.478433e-07
2 200 2 4.607193e-07
3 200 2 3.767673e-07
4 200 2 2.490701e-07
5 200 2 1.630289e-07
6 200 2 1.327719e-07
7 200 2 1.261402e-07
8 200 2 1.360315e-07
9 200 2 1.506790e-07
10 200 2 1.926504e-07
11 200 2 2.677162e-07
12 200 2 3.688584e-07
1 201 2 2.589420e-07
2 201 2 2.671745e-07
3 201 2 2.445824e-07
4 201 2 1.882620e-07
5 201 2 1.418734e-07
6 201 2 1.173758e-07
7 201 2 1.109267e-07
8 201 2 1.147436e-07
9 201 2 1.135618e-07
10 201 2 1.351238e-07
11 201 2 1.722466e-07
12 201 2 2.145278e-07
1 206 2 1.433379e-08
2 206 2 1.548236e-08
3 206 2 1.400740e-08
4 206 2 1.195315e-08
5 206 2 9.885192e-09
6 206 2 8.619053e-09
7 206 2 7.392518e-09
8 206 2 7.258517e-09
9 206 2 7.857269e-09
10 206 2 8.893985e-09
11 206 2 1.042580e-08
12 206 2 1.228268e-08
1 207 2 5.431238e-10
2 207 2 5.930229e-10
3 207 2 5.624103e-10
4 207 2 5.099660e-10
5 207 2 4.522647e-10
6 207 2 3.879054e-10
7 207 2 3.419038e-10
8 207 2 3.366881e-10
9 207 2 3.396968e-10
10 207 2 3.741638e-10
11 207 2 4.032377e-10
12 207 2 4.612790e-10
1 212 2 3.331424e-10
2 212 2 3.556089e-10
3 212 2 3.156377e-10
4 212 2 2.653537e-10
5 212 2 2.068222e-10
6 212 2 1.669227e-10
7 212 2 1.385553e-10
8 212 2 1.339124e-10
9 212 2 1.520879e-10
10 212 2 1.794566e-10
11 212 2 2.128668e-10
12 212 2 2.814506e-10
1 213 2 7.260170e-11
2 213 2 7.934821e-11
3 213 2 6.724448e-11
4 213 2 5.690323e-11
5 213 2 4.390844e-11
6 213 2 3.384723e-11
7 213 2 2.872638e-11
8 213 2 2.804391e-11
9 213 2 3.378007e-11
10 213 2 4.163004e-11
11 213 2 5.112117e-11
12 213 2 6.255788e-11
1 214 2 2.584389e-09
2 214 2 2.739776e-09
3 214 2 2.201240e-09
4 214 2 1.634938e-09
5 214 2 1.208519e-09
6 214 2 8.906232e-10
7 214 2 7.712932e-10
8 214 2 7.951450e-10
9 214 2 1.003701e-09
10 214 2 1.345620e-09
11 214 2 1.842030e-09
12 214 2 2.234062e-09
1 215 2 9.563273e-10
2 215 2 9.837100e-10
3 215 2 9.171590e-10
4 215 2 7.309370e-10
5 215 2 5.937074e-10
6 215 2 4.770314e-10
7 215 2 4.122212e-10
8 215 2 4.132348e-10
9 215 2 4.647103e-10
10 215 2 5.528559e-10
11 215 2 6.961218e-10
12 215 2 8.409534e-10
1 216 2 1.088773e-08
2 216 2 1.136759e-08
3 216 2 1.066000e-08
4 216 2 8.665958e-09
5 216 2 6.939201e-09
6 216 2 5.969572e-09
7 216 2 5.245698e-09
8 216 2 5.015860e-09
9 216 2 5.204844e-09
10 216 2 5.915794e-09
11 216 2 7.115697e-09
12 216 2 9.144957e-09
1 224 2 1.308626e-08
2 224 2 1.430638e-08
3 224 2 1.248406e-08
4 224 2 1.075065e-08
5 224 2 8.681352e-09
6 224 2 7.377466e-09
7 224 2 6.702356e-09
8 224 2 7.000534e-09
9 224 2 7.199251e-09
10 224 2 8.491171e-09
11 224 2 1.014014e-08
12 224 2 1.209798e-08
1 240 2 6.729116e-10
2 240 2 6.863656e-10
3 240 2 6.276646e-10
4 240 2 5.543262e-10
5 240 2 4.817808e-10
6 240 2 4.155527e-10
7 240 2 4.071230e-10
8 240 2 4.197202e-10
9 240 2 4.085724e-10
10 240 2 4.399898e-10
11 240 2 4.834407e-10
12 240 2 5.991407e-10
