1 7 2 1.307137e-12
2 7 2 1.116673e-12
3 7 2 1.221244e-12
4 7 2 3.156415e-12
5 7 2 1.086033e-11
6 7 2 2.925094e-11
7 7 2 3.957738e-11
8 7 2 2.698423e-11
9 7 2 1.166977e-11
10 7 2 5.115997e-12
11 7 2 2.710525e-12
12 7 2 1.599033e-12
1 25 2 7.330229e-10
2 25 2 6.960023e-10
3 25 2 9.805523e-10
4 25 2 1.789290e-09
5 25 2 5.005572e-09
6 25 2 9.076967e-09
7 25 2 1.100394e-08
8 25 2 8.438079e-09
9 25 2 4.767962e-09
10 25 2 2.231233e-09
11 25 2 1.063878e-09
12 25 2 6.160883e-10
1 26 2 1.134180e-11
2 26 2 9.334410e-12
3 26 2 1.543521e-11
4 26 2 3.445266e-11
5 26 2 9.704783e-11
6 26 2 1.853586e-10
7 26 2 2.011136e-10
8 26 2 1.504738e-10
9 26 2 8.230126e-11
10 26 2 3.312947e-11
11 26 2 1.730879e-11
12 26 2 1.070115e-11
1 27 2 2.733870e-10
2 27 2 2.413762e-10
3 27 2 4.231312e-10
4 27 2 1.077663e-09
5 27 2 3.034780e-09
6 27 2 6.273260e-09
7 27 2 7.075175e-09
8 27 2 5.325298e-09
9 27 2 2.751926e-09
10 27 2 1.033415e-09
11 27 2 5.476728e-10
12 27 2 3.387733e-10
1 28 2 1.354692e-10
2 28 2 1.232806e-10
3 28 2 2.073365e-10
4 28 2 5.635903e-10
5 28 2 1.609395e-09
6 28 2 3.445688e-09
7 28 2 4.108061e-09
8 28 2 3.095470e-09
9 28 2 1.592376e-09
10 28 2 6.201530e-10
11 28 2 3.095894e-10
12 28 2 1.930118e-10
1 29 2 1.818464e-10
2 29 2 1.720273e-10
3 29 2 2.740480e-10
4 29 2 8.240168e-10
5 29 2 2.464172e-09
6 29 2 6.064551e-09
7 29 2 8.261316e-09
8 29 2 6.146477e-09
9 29 2 2.822768e-09
10 29 2 1.046223e-09
11 29 2 4.945538e-10
12 29 2 3.087222e-10
1 30 2 4.123304e-11
2 30 2 3.606086e-11
3 30 2 5.731333e-11
4 30 2 1.754199e-10
5 30 2 4.859405e-10
6 30 2 1.321569e-09
7 30 2 1.915551e-09
8 30 2 1.466942e-09
9 30 2 6.637405e-10
10 30 2 2.598001e-10
11 30 2 1.198386e-10
12 30 2 7.177115e-11
1 31 2 7.358557e-11
2 31 2 5.670388e-11
3 31 2 8.614008e-11
4 31 2 2.397564e-10
5 31 2 6.191674e-10
6 31 2 1.630236e-09
7 31 2 2.298995e-09
8 31 2 1.855692e-09
9 31 2 9.283406e-10
10 31 2 4.251342e-10
11 31 2 2.041164e-10
12 31 2 1.137431e-10
1 32 2 8.701812e-11
2 32 2 7.203426e-11
3 32 2 1.006915e-10
4 32 2 2.237405e-10
5 32 2 5.975807e-10
6 32 2 1.415551e-09
7 32 2 1.826229e-09
8 32 2 1.508547e-09
9 32 2 8.423900e-10
10 32 2 4.342605e-10
11 32 2 2.244081e-10
12 32 2 1.163803e-10
1 35 2 6.135281e-09
2 35 2 5.846000e-09
3 35 2 6.350485e-09
4 35 2 8.462595e-09
5 35 2 1.326625e-08
6 35 2 2.026045e-08
7 35 2 2.437955e-08
8 35 2 2.238688e-08
9 35 2 1.521499e-08
10 35 2 1.100042e-08
11 35 2 8.332228e-09
12 35 2 6.769180e-09
1 36 2 7.347553e-10
2 36 2 6.897923e-10
3 36 2 7.644938e-10
4 36 2 9.182241e-10
5 36 2 1.255824e-09
6 36 2 1.811630e-09
7 36 2 2.133588e-09
8 36 2 2.173544e-09
9 36 2 1.659131e-09
10 36 2 1.299862e-09
11 36 2 9.948961e-10
12 36 2 8.243558e-10
1 37 2 1.697326e-08
2 37 2 1.642776e-08
3 37 2 2.069974e-08
4 37 2 2.661709e-08
5 37 2 4.023995e-08
6 37 2 6.103261e-08
7 37 2 7.098406e-08
8 37 2 6.977901e-08
9 37 2 5.135086e-08
10 37 2 3.850417e-08
11 37 2 2.713817e-08
12 37 2 2.079015e-08
1 38 2 8.760720e-08
2 38 2 8.752866e-08
3 38 2 1.333384e-07
4 38 2 1.976961e-07
5 38 2 3.609418e-07
6 38 2 6.404637e-07
7 38 2 7.592447e-07
8 38 2 6.584859e-07
9 38 2 4.253316e-07
10 38 2 2.907138e-07
11 38 2 1.661196e-07
12 38 2 1.198783e-07
1 39 2 9.413802e-08
2 39 2 9.807288e-08
3 39 2 1.588578e-07
4 39 2 2.452897e-07
5 39 2 4.759432e-07
6 39 2 9.201181e-07
7 39 2 1.142529e-06
8 39 2 9.250120e-07
9 39 2 5.830464e-07
10 39 2 3.681868e-07
11 39 2 1.863682e-07
12 39 2 1.360353e-07
1 40 2 2.334824e-08
2 40 2 2.561707e-08
3 40 2 4.568767e-08
4 40 2 7.682745e-08
5 40 2 1.679487e-07
6 40 2 3.813174e-07
7 40 2 4.770870e-07
8 40 2 3.499790e-07
9 40 2 2.155835e-07
10 40 2 1.161584e-07
11 40 2 4.975891e-08
12 40 2 3.706883e-08
1 41 2 1.243134e-08
2 41 2 1.328972e-08
3 41 2 2.663216e-08
4 41 2 4.743377e-08
5 41 2 1.189709e-07
6 41 2 3.019008e-07
7 41 2 3.903397e-07
8 41 2 2.737825e-07
9 41 2 1.530023e-07
10 41 2 6.631264e-08
11 41 2 2.547554e-08
12 41 2 2.123353e-08
1 42 2 6.730861e-09
2 42 2 7.040615e-09
3 42 2 1.518299e-08
4 42 2 2.995136e-08
5 42 2 8.514668e-08
6 42 2 2.361714e-07
7 42 2 3.306123e-07
8 42 2 2.207881e-07
9 42 2 1.045547e-07
10 42 2 3.741901e-08
11 42 2 1.395052e-08
12 42 2 1.144437e-08
1 43 2 1.889043e-10
2 43 2 1.958693e-10
3 43 2 4.621501e-10
4 43 2 1.127660e-09
5 43 2 3.774484e-09
6 43 2 1.113154e-08
7 43 2 1.627277e-08
8 43 2 1.021492e-08
9 43 2 4.177071e-09
10 43 2 1.282467e-09
11 43 2 4.373487e-10
12 43 2 3.064536e-10
1 44 2 7.794171e-10
2 44 2 7.831387e-10
3 44 2 1.703447e-09
4 44 2 4.605227e-09
5 44 2 1.720499e-08
6 44 2 5.421861e-08
7 44 2 7.924349e-08
8 44 2 4.778333e-08
9 44 2 1.722517e-08
10 44 2 5.103469e-09
11 44 2 1.674973e-09
12 44 2 1.132470e-09
1 45 2 1.790988e-09
2 45 2 2.007174e-09
3 45 2 3.657419e-09
4 45 2 1.078602e-08
5 45 2 4.516975e-08
6 45 2 1.498779e-07
7 45 2 2.096773e-07
8 45 2 1.276722e-07
9 45 2 4.390361e-08
10 45 2 1.120951e-08
11 45 2 3.249154e-09
12 45 2 2.123487e-09
1 46 2 8.123841e-10
2 46 2 1.021999e-09
3 46 2 1.606505e-09
4 46 2 4.461102e-09
5 46 2 1.751856e-08
6 46 2 5.434063e-08
7 46 2 7.601870e-08
8 46 2 4.763419e-08
9 46 2 1.789276e-08
10 46 2 4.336993e-09
11 46 2 1.192410e-09
12 46 2 8.503553e-10
1 47 2 1.067883e-09
2 47 2 1.359028e-09
3 47 2 1.915083e-09
4 47 2 4.290797e-09
5 47 2 1.462518e-08
6 47 2 4.029235e-08
7 47 2 5.464502e-08
8 47 2 3.705324e-08
9 47 2 1.569688e-08
10 47 2 4.841520e-09
11 47 2 1.428375e-09
12 47 2 1.085755e-09
1 48 2 1.446032e-09
2 48 2 1.661112e-09
3 48 2 2.284767e-09
4 48 2 4.461668e-09
5 48 2 1.384541e-08
6 48 2 3.184682e-08
7 48 2 4.232146e-08
8 48 2 2.977558e-08
9 48 2 1.417438e-08
10 48 2 5.284709e-09
11 48 2 1.902429e-09
12 48 2 1.261575e-09
1 49 2 5.897061e-12
2 49 2 5.365805e-12
3 49 2 6.086397e-12
4 49 2 7.123588e-12
5 49 2 1.018825e-11
6 49 2 1.550083e-11
7 49 2 2.311694e-11
8 49 2 2.173823e-11
9 49 2 1.516217e-11
10 49 2 1.084999e-11
11 49 2 7.921371e-12
12 49 2 5.778626e-12
1 50 2 2.404069e-11
2 50 2 2.075190e-11
3 50 2 2.432444e-11
4 50 2 2.772734e-11
5 50 2 3.902430e-11
6 50 2 5.726761e-11
7 50 2 7.903773e-11
8 50 2 7.600766e-11
9 50 2 5.503645e-11
10 50 2 3.923230e-11
11 50 2 2.937247e-11
12 50 2 2.312761e-11
1 51 2 1.118369e-11
2 51 2 1.020687e-11
3 51 2 1.109089e-11
4 51 2 1.280255e-11
5 51 2 1.745020e-11
6 51 2 2.447252e-11
7 51 2 3.189127e-11
8 51 2 3.162645e-11
9 51 2 2.627695e-11
10 51 2 1.848253e-11
11 51 2 1.385198e-11
12 51 2 1.160838e-11
1 52 2 9.016837e-08
2 52 2 9.477469e-08
3 52 2 1.190586e-07
4 52 2 1.735711e-07
5 52 2 2.935317e-07
6 52 2 4.039653e-07
7 52 2 5.181605e-07
8 52 2 4.846575e-07
9 52 2 3.912335e-07
10 52 2 2.234980e-07
11 52 2 1.345239e-07
12 52 2 1.037385e-07
1 53 2 4.385454e-08
2 53 2 5.502143e-08
3 53 2 9.321791e-08
4 53 2 2.034668e-07
5 53 2 3.874631e-07
6 53 2 5.785810e-07
7 53 2 8.031390e-07
8 53 2 6.843680e-07
9 53 2 4.631856e-07
10 53 2 2.042843e-07
11 53 2 9.111631e-08
12 53 2 5.772589e-08
1 54 2 1.263363e-08
2 54 2 1.638905e-08
3 54 2 3.064818e-08
4 54 2 7.615772e-08
5 54 2 1.500070e-07
6 54 2 2.897451e-07
7 54 2 4.115966e-07
8 54 2 3.451343e-07
9 54 2 2.093185e-07
10 54 2 8.902262e-08
11 54 2 3.815916e-08
12 54 2 2.104934e-08
1 55 2 1.819781e-08
2 55 2 2.029541e-08
3 55 2 3.786054e-08
4 55 2 8.865235e-08
5 55 2 1.759222e-07
6 55 2 3.756992e-07
7 55 2 5.222504e-07
8 55 2 4.503956e-07
9 55 2 2.856117e-07
10 55 2 1.369462e-07
11 55 2 6.407191e-08
12 55 2 3.668776e-08
1 56 2 7.861663e-08
2 56 2 8.158691e-08
3 56 2 1.413107e-07
4 56 2 3.151027e-07
5 56 2 6.887723e-07
6 56 2 1.357722e-06
7 56 2 1.877169e-06
8 56 2 1.557956e-06
9 56 2 1.018317e-06
10 56 2 5.246737e-07
11 56 2 2.365424e-07
12 56 2 1.356593e-07
1 57 2 1.621460e-08
2 57 2 1.547033e-08
3 57 2 1.902763e-08
4 57 2 2.888097e-08
5 57 2 4.832238e-08
6 57 2 7.862654e-08
7 57 2 1.119651e-07
8 57 2 1.009079e-07
9 57 2 7.507555e-08
10 57 2 4.822462e-08
11 57 2 2.948961e-08
12 57 2 2.119285e-08
1 60 2 5.839190e-07
2 60 2 5.654728e-07
3 60 2 6.484850e-07
4 60 2 7.690937e-07
5 60 2 9.482314e-07
6 60 2 1.247866e-06
7 60 2 1.452766e-06
8 60 2 1.453377e-06
9 60 2 1.233399e-06
10 60 2 1.006863e-06
11 60 2 8.052552e-07
12 60 2 6.674741e-07
1 61 2 1.850838e-06
2 61 2 1.861971e-06
3 61 2 2.618831e-06
4 61 2 3.944512e-06
5 61 2 5.753839e-06
6 61 2 8.106229e-06
7 61 2 9.592936e-06
8 61 2 9.229199e-06
9 61 2 7.171330e-06
10 61 2 4.877982e-06
11 61 2 3.182204e-06
12 61 2 2.231971e-06
1 62 2 6.071808e-07
2 62 2 6.650058e-07
3 62 2 1.046841e-06
4 62 2 1.895101e-06
5 62 2 3.250507e-06
6 62 2 4.611103e-06
7 62 2 5.638447e-06
8 62 2 5.263286e-06
9 62 2 3.667575e-06
10 62 2 2.187118e-06
11 62 2 1.187702e-06
12 62 2 7.729223e-07
1 63 2 1.148944e-06
2 63 2 1.394769e-06
3 63 2 2.333814e-06
4 63 2 4.908603e-06
5 63 2 9.420416e-06
6 63 2 1.400495e-05
7 63 2 1.790895e-05
8 63 2 1.558429e-05
9 63 2 9.518397e-06
10 63 2 5.198099e-06
11 63 2 2.401040e-06
12 63 2 1.571823e-06
1 64 2 3.447226e-07
2 64 2 4.416256e-07
3 64 2 8.409617e-07
4 64 2 1.991958e-06
5 64 2 4.266145e-06
6 64 2 6.833388e-06
7 64 2 8.661469e-06
8 64 2 6.771334e-06
9 64 2 3.877165e-06
10 64 2 1.714009e-06
11 64 2 7.832179e-07
12 64 2 5.360013e-07
1 65 2 1.165874e-07
2 65 2 1.445691e-07
3 65 2 3.167237e-07
4 65 2 8.931719e-07
5 65 2 1.872697e-06
6 65 2 3.182718e-06
7 65 2 4.125255e-06
8 65 2 3.078867e-06
9 65 2 1.746236e-06
10 65 2 6.196628e-07
11 65 2 2.727877e-07
12 65 2 1.976889e-07
1 66 2 7.718033e-08
2 66 2 9.541896e-08
3 66 2 2.268382e-07
4 66 2 7.441808e-07
5 66 2 1.547365e-06
6 66 2 2.660763e-06
7 66 2 3.669636e-06
8 66 2 2.774248e-06
9 66 2 1.569347e-06
10 66 2 5.199428e-07
11 66 2 1.992498e-07
12 66 2 1.235908e-07
1 67 2 2.607227e-08
2 67 2 3.476617e-08
3 67 2 8.841059e-08
4 67 2 3.265964e-07
5 67 2 7.410283e-07
6 67 2 1.263829e-06
7 67 2 1.766973e-06
8 67 2 1.359830e-06
9 67 2 7.437325e-07
10 67 2 2.735051e-07
11 67 2 8.648438e-08
12 67 2 3.892616e-08
1 68 2 6.277506e-09
2 68 2 8.429002e-09
3 68 2 2.503366e-08
4 68 2 1.150679e-07
5 68 2 3.135748e-07
6 68 2 6.009065e-07
7 68 2 8.615862e-07
8 68 2 6.407908e-07
9 68 2 3.075218e-07
10 68 2 1.129798e-07
11 68 2 2.576340e-08
12 68 2 8.964768e-09
1 69 2 3.797994e-09
2 69 2 5.384849e-09
3 69 2 1.287750e-08
4 69 2 5.646861e-08
5 69 2 1.810693e-07
6 69 2 4.285207e-07
7 69 2 6.277794e-07
8 69 2 4.832631e-07
9 69 2 2.076067e-07
10 69 2 6.750567e-08
11 69 2 1.308016e-08
12 69 2 4.918990e-09
1 70 2 1.593260e-08
2 70 2 1.862216e-08
3 70 2 2.668501e-08
4 70 2 6.961982e-08
5 70 2 1.745844e-07
6 70 2 4.239406e-07
7 70 2 6.862252e-07
8 70 2 6.254285e-07
9 70 2 3.229294e-07
10 70 2 1.151079e-07
11 70 2 3.500895e-08
12 70 2 1.970750e-08
1 71 2 1.354803e-08
2 71 2 1.374808e-08
3 71 2 1.555700e-08
4 71 2 2.496427e-08
5 71 2 4.834652e-08
6 71 2 1.008554e-07
7 71 2 1.547814e-07
8 71 2 1.538915e-07
9 71 2 9.873533e-08
10 71 2 4.702632e-08
11 71 2 2.246567e-08
12 71 2 1.560317e-08
1 72 2 5.692906e-11
2 72 2 5.437221e-11
3 72 2 5.890665e-11
4 72 2 7.510654e-11
5 72 2 1.168602e-10
6 72 2 2.033407e-10
7 72 2 3.149515e-10
8 72 2 3.029095e-10
9 72 2 2.119256e-10
10 72 2 1.284997e-10
11 72 2 7.917352e-11
12 72 2 5.654029e-11
1 76 2 8.410612e-09
2 76 2 7.694846e-09
3 76 2 7.772291e-09
4 76 2 8.454401e-09
5 76 2 1.149390e-08
6 76 2 1.638957e-08
7 76 2 2.197751e-08
8 76 2 2.345403e-08
9 76 2 2.234713e-08
10 76 2 1.492341e-08
11 76 2 9.633691e-09
12 76 2 8.425500e-09
1 77 2 8.577814e-09
2 77 2 1.113822e-08
3 77 2 1.459041e-08
4 77 2 2.358130e-08
5 77 2 3.959396e-08
6 77 2 6.112895e-08
7 77 2 8.305774e-08
8 77 2 7.883527e-08
9 77 2 5.839782e-08
10 77 2 2.950327e-08
11 77 2 1.294612e-08
12 77 2 8.159876e-09
1 78 2 9.371435e-09
2 78 2 1.280474e-08
3 78 2 1.783137e-08
4 78 2 3.198244e-08
5 78 2 5.001131e-08
6 78 2 7.940061e-08
7 78 2 9.801126e-08
8 78 2 9.177565e-08
9 78 2 5.950633e-08
10 78 2 3.155737e-08
11 78 2 1.704166e-08
12 78 2 9.838727e-09
1 79 2 1.995824e-07
2 79 2 2.448909e-07
3 79 2 3.595705e-07
4 79 2 5.964073e-07
5 79 2 9.061081e-07
6 79 2 1.480282e-06
7 79 2 1.813901e-06
8 79 2 1.718349e-06
9 79 2 1.186530e-06
10 79 2 7.162436e-07
11 79 2 4.080787e-07
12 79 2 2.499815e-07
1 80 2 3.171928e-08
2 80 2 3.178121e-08
3 80 2 3.993508e-08
4 80 2 5.399681e-08
5 80 2 8.053144e-08
6 80 2 1.225257e-07
7 80 2 1.577704e-07
8 80 2 1.561901e-07
9 80 2 1.296349e-07
10 80 2 9.088761e-08
11 80 2 5.302022e-08
12 80 2 3.919077e-08
1 81 2 2.449602e-13
2 81 2 2.219929e-13
3 81 2 2.338188e-13
4 81 2 2.772518e-13
5 81 2 3.992402e-13
6 81 2 5.379646e-13
7 81 2 7.178212e-13
8 81 2 7.702061e-13
9 81 2 7.003577e-13
10 81 2 5.373798e-13
11 81 2 3.552285e-13
12 81 2 2.908242e-13
1 84 2 9.592900e-08
2 84 2 1.014211e-07
3 84 2 1.254376e-07
4 84 2 1.585139e-07
5 84 2 2.125193e-07
6 84 2 3.482283e-07
7 84 2 4.663903e-07
8 84 2 4.469177e-07
9 84 2 3.353433e-07
10 84 2 2.116353e-07
11 84 2 1.421717e-07
12 84 2 1.086038e-07
1 85 2 2.883454e-07
2 85 2 3.246997e-07
3 85 2 4.221620e-07
4 85 2 6.133620e-07
5 85 2 9.818590e-07
6 85 2 1.499943e-06
7 85 2 2.075311e-06
8 85 2 1.974261e-06
9 85 2 1.421602e-06
10 85 2 7.841642e-07
11 85 2 4.422356e-07
12 85 2 3.208865e-07
1 86 2 8.806773e-08
2 86 2 9.971109e-08
3 86 2 1.274234e-07
4 86 2 1.850857e-07
5 86 2 2.974693e-07
6 86 2 4.316215e-07
7 86 2 5.929332e-07
8 86 2 5.948728e-07
9 86 2 4.403192e-07
10 86 2 2.553362e-07
11 86 2 1.406518e-07
12 86 2 1.005229e-07
1 87 2 1.492610e-07
2 87 2 2.019329e-07
3 87 2 2.883232e-07
4 87 2 4.557733e-07
5 87 2 7.995936e-07
6 87 2 1.201891e-06
7 87 2 1.629392e-06
8 87 2 1.660296e-06
9 87 2 1.203722e-06
10 87 2 6.777274e-07
11 87 2 2.977756e-07
12 87 2 1.810023e-07
1 88 2 5.270656e-08
2 88 2 7.484757e-08
3 88 2 1.173720e-07
4 88 2 2.227009e-07
5 88 2 4.570478e-07
6 88 2 7.183537e-07
7 88 2 9.199517e-07
8 88 2 8.068696e-07
9 88 2 5.213994e-07
10 88 2 2.464036e-07
11 88 2 1.263235e-07
12 88 2 7.016807e-08
1 89 2 3.701817e-08
2 89 2 5.150598e-08
3 89 2 9.775674e-08
4 89 2 1.838638e-07
5 89 2 3.669213e-07
6 89 2 5.481377e-07
7 89 2 6.394380e-07
8 89 2 5.599953e-07
9 89 2 3.654559e-07
10 89 2 1.739097e-07
11 89 2 9.569381e-08
12 89 2 5.296692e-08
1 90 2 2.626510e-08
2 90 2 3.461653e-08
3 90 2 6.869280e-08
4 90 2 1.232890e-07
5 90 2 1.893030e-07
6 90 2 2.505743e-07
7 90 2 2.814104e-07
8 90 2 2.603825e-07
9 90 2 1.897556e-07
10 90 2 1.131812e-07
11 90 2 6.240281e-08
12 90 2 3.552455e-08
1 91 2 4.295111e-11
2 91 2 6.077392e-11
3 91 2 1.269702e-10
4 91 2 2.399337e-10
5 91 2 3.541048e-10
6 91 2 4.501001e-10
7 91 2 5.053969e-10
8 91 2 4.634975e-10
9 91 2 3.332643e-10
10 91 2 2.062914e-10
11 91 2 1.069166e-10
12 91 2 5.488631e-11
1 92 2 2.304202e-10
2 92 2 3.291412e-10
3 92 2 8.250740e-10
4 92 2 1.968435e-09
5 92 2 3.712183e-09
6 92 2 5.688371e-09
7 92 2 6.828124e-09
8 92 2 6.214687e-09
9 92 2 3.887969e-09
10 92 2 2.066330e-09
11 92 2 8.104162e-10
12 92 2 3.478918e-10
1 93 2 1.058879e-07
2 93 2 1.277632e-07
3 93 2 2.626880e-07
4 93 2 6.122236e-07
5 93 2 1.092172e-06
6 93 2 1.733201e-06
7 93 2 2.324998e-06
8 93 2 2.285671e-06
9 93 2 1.537354e-06
10 93 2 8.853291e-07
11 93 2 3.791461e-07
12 93 2 1.579220e-07
1 94 2 1.241777e-07
2 94 2 1.235517e-07
3 94 2 1.649714e-07
4 94 2 2.923597e-07
5 94 2 4.990402e-07
6 94 2 7.858000e-07
7 94 2 1.085580e-06
8 94 2 1.183041e-06
9 94 2 9.744890e-07
10 94 2 5.881998e-07
11 94 2 3.157014e-07
12 94 2 1.724917e-07
1 98 2 1.066757e-09
2 98 2 9.930092e-10
3 98 2 9.350720e-10
4 98 2 9.955823e-10
5 98 2 1.129918e-09
6 98 2 1.292960e-09
7 98 2 1.454314e-09
8 98 2 1.532776e-09
9 98 2 1.512507e-09
10 98 2 1.429723e-09
11 98 2 1.286026e-09
12 98 2 1.170297e-09
1 101 2 4.196470e-09
2 101 2 4.312016e-09
3 101 2 4.418700e-09
4 101 2 5.448927e-09
5 101 2 7.007428e-09
6 101 2 8.181902e-09
7 101 2 8.733713e-09
8 101 2 8.751486e-09
9 101 2 8.413387e-09
10 101 2 7.213617e-09
11 101 2 5.547074e-09
12 101 2 4.449150e-09
1 102 2 2.689776e-08
2 102 2 3.040420e-08
3 102 2 3.736733e-08
4 102 2 4.673902e-08
5 102 2 5.408811e-08
6 102 2 5.904686e-08
7 102 2 6.070959e-08
8 102 2 6.147671e-08
9 102 2 5.540768e-08
10 102 2 4.268613e-08
11 102 2 3.426097e-08
12 102 2 2.808112e-08
1 103 2 1.501530e-08
2 103 2 1.532324e-08
3 103 2 1.670041e-08
4 103 2 1.887083e-08
5 103 2 2.197658e-08
6 103 2 2.514938e-08
7 103 2 2.720844e-08
8 103 2 2.855465e-08
9 103 2 2.800620e-08
10 103 2 2.447499e-08
11 103 2 2.013452e-08
12 103 2 1.674119e-08
1 104 2 7.047084e-09
2 104 2 6.762204e-09
3 104 2 6.835679e-09
4 104 2 7.494336e-09
5 104 2 8.763213e-09
6 104 2 1.005621e-08
7 104 2 1.128634e-08
8 104 2 1.219200e-08
9 104 2 1.229014e-08
10 104 2 1.148142e-08
11 104 2 9.444503e-09
12 104 2 7.820037e-09
1 107 2 2.567094e-09
2 107 2 2.708237e-09
3 107 2 3.161964e-09
4 107 2 3.623262e-09
5 107 2 4.063261e-09
6 107 2 5.201950e-09
7 107 2 5.685952e-09
8 107 2 5.662945e-09
9 107 2 5.301364e-09
10 107 2 4.534533e-09
11 107 2 3.604788e-09
12 107 2 2.819080e-09
1 108 2 3.412534e-10
2 108 2 4.361222e-10
3 108 2 6.335142e-10
4 108 2 9.811752e-10
5 108 2 1.523046e-09
6 108 2 2.090428e-09
7 108 2 2.237740e-09
8 108 2 1.977691e-09
9 108 2 1.600264e-09
10 108 2 1.104072e-09
11 108 2 5.751092e-10
12 108 2 3.661131e-10
1 109 2 6.479173e-10
2 109 2 8.558044e-10
3 109 2 1.338533e-09
4 109 2 2.322910e-09
5 109 2 3.957737e-09
6 109 2 4.988927e-09
7 109 2 5.069201e-09
8 109 2 4.660019e-09
9 109 2 3.742129e-09
10 109 2 2.625718e-09
11 109 2 1.167854e-09
12 109 2 6.822169e-10
1 110 2 2.853310e-10
2 110 2 3.634571e-10
3 110 2 5.837306e-10
4 110 2 9.035923e-10
5 110 2 1.401435e-09
6 110 2 1.622929e-09
7 110 2 1.744806e-09
8 110 2 1.725599e-09
9 110 2 1.452914e-09
10 110 2 1.059267e-09
11 110 2 5.123723e-10
12 110 2 3.015879e-10
1 111 2 9.790146e-09
2 111 2 1.224462e-08
3 111 2 1.982377e-08
4 111 2 3.004458e-08
5 111 2 4.540799e-08
6 111 2 5.823477e-08
7 111 2 6.155851e-08
8 111 2 6.097134e-08
9 111 2 5.192242e-08
10 111 2 3.379899e-08
11 111 2 1.820727e-08
12 111 2 1.112133e-08
1 112 2 1.129037e-08
2 112 2 1.455755e-08
3 112 2 2.553808e-08
4 112 2 4.246834e-08
5 112 2 6.458027e-08
6 112 2 7.869869e-08
7 112 2 8.015249e-08
8 112 2 7.471041e-08
9 112 2 5.703318e-08
10 112 2 3.786281e-08
11 112 2 2.172930e-08
12 112 2 1.335678e-08
1 113 2 6.473728e-09
2 113 2 8.201612e-09
3 113 2 1.377876e-08
4 113 2 2.060487e-08
5 113 2 2.535627e-08
6 113 2 2.213978e-08
7 113 2 1.899724e-08
8 113 2 1.814391e-08
9 113 2 1.794518e-08
10 113 2 1.638566e-08
11 113 2 1.146074e-08
12 113 2 7.740701e-09
1 114 2 1.764782e-08
2 114 2 2.393134e-08
3 114 2 4.263778e-08
4 114 2 6.215242e-08
5 114 2 7.170561e-08
6 114 2 5.249255e-08
7 114 2 4.335529e-08
8 114 2 3.974038e-08
9 114 2 3.835088e-08
10 114 2 3.432474e-08
11 114 2 2.616649e-08
12 114 2 1.938249e-08
1 115 2 6.035296e-09
2 115 2 8.780815e-09
3 115 2 1.391902e-08
4 115 2 1.725384e-08
5 115 2 1.540850e-08
6 115 2 1.430629e-08
7 115 2 1.379815e-08
8 115 2 1.323835e-08
9 115 2 1.217533e-08
10 115 2 1.088052e-08
11 115 2 8.265307e-09
12 115 2 5.929736e-09
1 116 2 4.370942e-09
2 116 2 5.595339e-09
3 116 2 8.556607e-09
4 116 2 1.211156e-08
5 116 2 1.408651e-08
6 116 2 1.604096e-08
7 116 2 1.681708e-08
8 116 2 1.609768e-08
9 116 2 1.304091e-08
10 116 2 1.042592e-08
11 116 2 7.574224e-09
12 116 2 4.989573e-09
1 117 2 3.509308e-09
2 117 2 3.664595e-09
3 117 2 4.628046e-09
4 117 2 6.335199e-09
5 117 2 8.067362e-09
6 117 2 9.558041e-09
7 117 2 1.017553e-08
8 117 2 1.016219e-08
9 117 2 9.272379e-09
10 117 2 7.937717e-09
11 117 2 6.407818e-09
12 117 2 4.628926e-09
1 126 2 7.739335e-11
2 126 2 8.044246e-11
3 126 2 8.718864e-11
4 126 2 9.206589e-11
5 126 2 9.096195e-11
6 126 2 8.453893e-11
7 126 2 8.149062e-11
8 126 2 8.228677e-11
9 126 2 8.185116e-11
10 126 2 8.043186e-11
11 126 2 7.859191e-11
12 126 2 7.740197e-11
1 127 2 7.794997e-09
2 127 2 7.927671e-09
3 127 2 8.367488e-09
4 127 2 8.687229e-09
5 127 2 8.805582e-09
6 127 2 8.529320e-09
7 127 2 8.531675e-09
8 127 2 8.727463e-09
9 127 2 8.634428e-09
10 127 2 8.288378e-09
11 127 2 8.032466e-09
12 127 2 7.933038e-09
1 128 2 3.533124e-08
2 128 2 3.628486e-08
3 128 2 3.724872e-08
4 128 2 3.636108e-08
5 128 2 3.537037e-08
6 128 2 3.430787e-08
7 128 2 3.656586e-08
8 128 2 4.157554e-08
9 128 2 4.371630e-08
10 128 2 4.129210e-08
11 128 2 3.754914e-08
12 128 2 3.537876e-08
1 129 2 1.007402e-09
2 129 2 9.935698e-10
3 129 2 1.018629e-09
4 129 2 1.048169e-09
5 129 2 1.064342e-09
6 129 2 1.093135e-09
7 129 2 1.142218e-09
8 129 2 1.245016e-09
9 129 2 1.300779e-09
10 129 2 1.306510e-09
11 129 2 1.192888e-09
12 129 2 1.059736e-09
1 133 2 2.163541e-08
2 133 2 2.515437e-08
3 133 2 3.019646e-08
4 133 2 3.100378e-08
5 133 2 2.957443e-08
6 133 2 2.718289e-08
7 133 2 2.426099e-08
8 133 2 2.271766e-08
9 133 2 2.368946e-08
10 133 2 2.523018e-08
11 133 2 2.407000e-08
12 133 2 2.106127e-08
1 135 2 9.356205e-10
2 135 2 1.054117e-09
3 135 2 1.253586e-09
4 135 2 1.350054e-09
5 135 2 1.297272e-09
6 135 2 1.157300e-09
7 135 2 9.997921e-10
8 135 2 1.009798e-09
9 135 2 1.073026e-09
10 135 2 1.009118e-09
11 135 2 9.672310e-10
12 135 2 9.085813e-10
1 136 2 1.047170e-09
2 136 2 1.077750e-09
3 136 2 1.332839e-09
4 136 2 1.620327e-09
5 136 2 1.774330e-09
6 136 2 1.618866e-09
7 136 2 1.432507e-09
8 136 2 1.429222e-09
9 136 2 1.436609e-09
10 136 2 1.351415e-09
11 136 2 1.277756e-09
12 136 2 1.134663e-09
1 137 2 2.548104e-10
2 137 2 2.673224e-10
3 137 2 3.064907e-10
4 137 2 3.367883e-10
5 137 2 3.324304e-10
6 137 2 3.058693e-10
7 137 2 2.829617e-10
8 137 2 2.730297e-10
9 137 2 2.732013e-10
10 137 2 2.846127e-10
11 137 2 2.813931e-10
12 137 2 2.653285e-10
1 138 2 1.018522e-08
2 138 2 1.120027e-08
3 138 2 1.299397e-08
4 138 2 1.446148e-08
5 138 2 1.459075e-08
6 138 2 1.282380e-08
7 138 2 1.188002e-08
8 138 2 1.145681e-08
9 138 2 1.148807e-08
10 138 2 1.155501e-08
11 138 2 1.120858e-08
12 138 2 1.039502e-08
1 139 2 1.718166e-08
2 139 2 1.956674e-08
3 139 2 2.186391e-08
4 139 2 2.294773e-08
5 139 2 2.262434e-08
6 139 2 2.106940e-08
7 139 2 1.993484e-08
8 139 2 1.919058e-08
9 139 2 1.894184e-08
10 139 2 1.908889e-08
11 139 2 1.816454e-08
12 139 2 1.662721e-08
1 140 2 5.693781e-09
2 140 2 5.887581e-09
3 140 2 6.394370e-09
4 140 2 7.244716e-09
5 140 2 7.692852e-09
6 140 2 7.388998e-09
7 140 2 6.996180e-09
8 140 2 6.747756e-09
9 140 2 6.649385e-09
10 140 2 6.686135e-09
11 140 2 6.544920e-09
12 140 2 6.101864e-09
1 141 2 8.932796e-09
2 141 2 8.840368e-09
3 141 2 9.093580e-09
4 141 2 9.980128e-09
5 141 2 1.076988e-08
6 141 2 1.064965e-08
7 141 2 1.036167e-08
8 141 2 1.004767e-08
9 141 2 9.962519e-09
10 141 2 9.985941e-09
11 141 2 1.008561e-08
12 141 2 9.792343e-09
1 150 2 1.032902e-11
2 150 2 1.130674e-11
3 150 2 1.210258e-11
4 150 2 1.237587e-11
5 150 2 1.158004e-11
6 150 2 1.021308e-11
7 150 2 9.317177e-12
8 150 2 9.092187e-12
9 150 2 8.798239e-12
10 150 2 8.598065e-12
11 150 2 8.765231e-12
12 150 2 9.325955e-12
1 151 2 6.701076e-09
2 151 2 7.127376e-09
3 151 2 7.557133e-09
4 151 2 7.735327e-09
5 151 2 7.484466e-09
6 151 2 7.045200e-09
7 151 2 6.889532e-09
8 151 2 7.155523e-09
9 151 2 6.812694e-09
10 151 2 6.393009e-09
11 151 2 6.205549e-09
12 151 2 6.360361e-09
1 152 2 5.309912e-09
2 152 2 5.378551e-09
3 152 2 5.428342e-09
4 152 2 5.158327e-09
5 152 2 4.958535e-09
6 152 2 4.869978e-09
7 152 2 5.567686e-09
8 152 2 7.423839e-09
9 152 2 7.881217e-09
10 152 2 6.717235e-09
11 152 2 5.760307e-09
12 152 2 5.327101e-09
1 153 2 6.154611e-09
2 153 2 6.303901e-09
3 153 2 6.651050e-09
4 153 2 6.523803e-09
5 153 2 6.300047e-09
6 153 2 6.185383e-09
7 153 2 7.220307e-09
8 153 2 9.435640e-09
9 153 2 1.147637e-08
10 153 2 1.025752e-08
11 153 2 7.759286e-09
12 153 2 6.474074e-09
1 154 2 1.674877e-08
2 154 2 1.665790e-08
3 154 2 1.733468e-08
4 154 2 1.660984e-08
5 154 2 1.553171e-08
6 154 2 1.397096e-08
7 154 2 1.319225e-08
8 154 2 1.374279e-08
9 154 2 1.549482e-08
10 154 2 1.741340e-08
11 154 2 1.835179e-08
12 154 2 1.774530e-08
1 157 2 6.669558e-10
2 157 2 6.925670e-10
3 157 2 7.414921e-10
4 157 2 7.310466e-10
5 157 2 7.125603e-10
6 157 2 6.699292e-10
7 157 2 6.392079e-10
8 157 2 6.327648e-10
9 157 2 6.281913e-10
10 157 2 6.391446e-10
11 157 2 6.437268e-10
12 157 2 6.521276e-10
1 163 2 3.103513e-09
2 163 2 3.145095e-09
3 163 2 3.238425e-09
4 163 2 3.432752e-09
5 163 2 3.436102e-09
6 163 2 3.176811e-09
7 163 2 2.936952e-09
8 163 2 2.757855e-09
9 163 2 2.797347e-09
10 163 2 2.959485e-09
11 163 2 3.075176e-09
12 163 2 3.099271e-09
1 164 2 1.174987e-08
2 164 2 1.164941e-08
3 164 2 1.197369e-08
4 164 2 1.253228e-08
5 164 2 1.238486e-08
6 164 2 1.145504e-08
7 164 2 1.060265e-08
8 164 2 1.035684e-08
9 164 2 1.109006e-08
10 164 2 1.214965e-08
11 164 2 1.239502e-08
12 164 2 1.218861e-08
1 165 2 5.126606e-09
2 165 2 5.024436e-09
3 165 2 5.087600e-09
4 165 2 5.200131e-09
5 165 2 5.143055e-09
6 165 2 4.732339e-09
7 165 2 4.461948e-09
8 165 2 4.516301e-09
9 165 2 4.813889e-09
10 165 2 5.147090e-09
11 165 2 5.414524e-09
12 165 2 5.420903e-09
1 166 2 2.238723e-09
2 166 2 2.216374e-09
3 166 2 2.179756e-09
4 166 2 2.169529e-09
5 166 2 2.098491e-09
6 166 2 1.940755e-09
7 166 2 1.832660e-09
8 166 2 1.846333e-09
9 166 2 1.915433e-09
10 166 2 2.014895e-09
11 166 2 2.172353e-09
12 166 2 2.281808e-09
1 170 2 1.026691e-10
2 170 2 1.129156e-10
3 170 2 1.109390e-10
4 170 2 1.008376e-10
5 170 2 8.402784e-11
6 170 2 7.065274e-11
7 170 2 6.682643e-11
8 170 2 6.379773e-11
9 170 2 6.487074e-11
10 170 2 7.223311e-11
11 170 2 7.969580e-11
12 170 2 9.177465e-11
1 171 2 3.689147e-10
2 171 2 4.049623e-10
3 171 2 4.098648e-10
4 171 2 3.646501e-10
5 171 2 3.033479e-10
6 171 2 2.599548e-10
7 171 2 2.360110e-10
8 171 2 2.236278e-10
9 171 2 2.268861e-10
10 171 2 2.467888e-10
11 171 2 2.816701e-10
12 171 2 3.327661e-10
1 175 2 1.064134e-11
2 175 2 1.125038e-11
3 175 2 1.128265e-11
4 175 2 1.056755e-11
5 175 2 9.181533e-12
6 175 2 8.366703e-12
7 175 2 8.193102e-12
8 175 2 8.123927e-12
9 175 2 7.556138e-12
10 175 2 7.638186e-12
11 175 2 7.985653e-12
12 175 2 9.315309e-12
1 176 2 7.694054e-08
2 176 2 7.751741e-08
3 176 2 7.588929e-08
4 176 2 6.702673e-08
5 176 2 5.422163e-08
6 176 2 4.913497e-08
7 176 2 4.904536e-08
8 176 2 5.595424e-08
9 176 2 6.093996e-08
10 176 2 6.503778e-08
11 176 2 6.942298e-08
12 176 2 7.374424e-08
1 177 2 5.516395e-08
2 177 2 5.360429e-08
3 177 2 5.061244e-08
4 177 2 4.425721e-08
5 177 2 3.619034e-08
6 177 2 3.090349e-08
7 177 2 3.215461e-08
8 177 2 3.852713e-08
9 177 2 4.842259e-08
10 177 2 5.035763e-08
11 177 2 5.137906e-08
12 177 2 5.148403e-08
1 178 2 1.227292e-08
2 178 2 1.212949e-08
3 178 2 1.162700e-08
4 178 2 9.745294e-09
5 178 2 8.485273e-09
6 178 2 7.171944e-09
7 178 2 6.830822e-09
8 178 2 6.881096e-09
9 178 2 7.847716e-09
10 178 2 8.443919e-09
11 178 2 9.536927e-09
12 178 2 1.058799e-08
1 181 2 1.497736e-10
2 181 2 1.581940e-10
3 181 2 1.603725e-10
4 181 2 1.533375e-10
5 181 2 1.264557e-10
6 181 2 1.093458e-10
7 181 2 9.668420e-11
8 181 2 9.894840e-11
9 181 2 1.072005e-10
10 181 2 1.160782e-10
11 181 2 1.314601e-10
12 181 2 1.399669e-10
1 182 2 1.790192e-08
2 182 2 1.654689e-08
3 182 2 1.560298e-08
4 182 2 1.303375e-08
5 182 2 1.020659e-08
6 182 2 7.633916e-09
7 182 2 7.569011e-09
8 182 2 1.051808e-08
9 182 2 1.459497e-08
10 182 2 1.790021e-08
11 182 2 1.978341e-08
12 182 2 1.898915e-08
1 183 2 3.807231e-09
2 183 2 3.657484e-09
3 183 2 3.491754e-09
4 183 2 3.166067e-09
5 183 2 2.663874e-09
6 183 2 2.162050e-09
7 183 2 2.011560e-09
8 183 2 2.388651e-09
9 183 2 2.777350e-09
10 183 2 3.285602e-09
11 183 2 3.577023e-09
12 183 2 3.679199e-09
1 184 2 1.187350e-09
2 184 2 1.203092e-09
3 184 2 1.165175e-09
4 184 2 1.048582e-09
5 184 2 8.717359e-10
6 184 2 7.045269e-10
7 184 2 6.353061e-10
8 184 2 6.635152e-10
9 184 2 7.028834e-10
10 184 2 8.071731e-10
11 184 2 9.444468e-10
12 184 2 1.076460e-09
1 188 2 1.965937e-10
2 188 2 1.948797e-10
3 188 2 1.806360e-10
4 188 2 1.475016e-10
5 188 2 1.042482e-10
6 188 2 7.929488e-11
7 188 2 6.823260e-11
8 188 2 6.940803e-11
9 188 2 9.401281e-11
10 188 2 1.235461e-10
11 188 2 1.471311e-10
12 188 2 1.835121e-10
1 189 2 1.715355e-10
2 189 2 1.585334e-10
3 189 2 1.438039e-10
4 189 2 1.062924e-10
5 189 2 7.037511e-11
6 189 2 4.976664e-11
7 189 2 4.731743e-11
8 189 2 5.812148e-11
9 189 2 9.349856e-11
10 189 2 1.331283e-10
11 189 2 1.619284e-10
12 189 2 1.692144e-10
1 190 2 7.020313e-10
2 190 2 6.651876e-10
3 190 2 5.773843e-10
4 190 2 4.089492e-10
5 190 2 2.853238e-10
6 190 2 2.069861e-10
7 190 2 1.944867e-10
8 190 2 2.344531e-10
9 190 2 3.293157e-10
10 190 2 4.489369e-10
11 190 2 5.882505e-10
12 190 2 6.600063e-10
1 191 2 5.404431e-10
2 191 2 5.600418e-10
3 191 2 5.443633e-10
4 191 2 4.497052e-10
5 191 2 3.698010e-10
6 191 2 3.037851e-10
7 191 2 2.670782e-10
8 191 2 2.712412e-10
9 191 2 2.959296e-10
10 191 2 3.321506e-10
11 191 2 4.085104e-10
12 191 2 4.806087e-10
1 192 2 7.100388e-10
2 192 2 7.673545e-10
3 192 2 7.476403e-10
4 192 2 6.473445e-10
5 192 2 5.471037e-10
6 192 2 4.658369e-10
7 192 2 4.093779e-10
8 192 2 3.804082e-10
9 192 2 3.916860e-10
10 192 2 4.301160e-10
11 192 2 5.134473e-10
12 192 2 6.165380e-10
1 200 2 3.952747e-07
2 200 2 4.066393e-07
3 200 2 3.325417e-07
4 200 2 2.198338e-07
5 200 2 1.438922e-07
6 200 2 1.171869e-07
7 200 2 1.113337e-07
8 200 2 1.200639e-07
9 200 2 1.329920e-07
10 200 2 1.700368e-07
11 200 2 2.362912e-07
12 200 2 3.255612e-07
1 201 2 2.279172e-07
2 201 2 2.351633e-07
3 201 2 2.152780e-07
4 201 2 1.657056e-07
5 201 2 1.248750e-07
6 201 2 1.033126e-07
7 201 2 9.763615e-08
8 201 2 1.009957e-07
9 201 2 9.995554e-08
10 201 2 1.189341e-07
11 201 2 1.516091e-07
12 201 2 1.888244e-07
1 206 2 1.189387e-08
2 206 2 1.284693e-08
3 206 2 1.162303e-08
4 206 2 9.918462e-09
5 206 2 8.202516e-09
6 206 2 7.151902e-09
7 206 2 6.134150e-09
8 206 2 6.022959e-09
9 206 2 6.519790e-09
10 206 2 7.380034e-09
11 206 2 8.651103e-09
12 206 2 1.019190e-08
1 207 2 4.509425e-10
2 207 2 4.923725e-10
3 207 2 4.669556e-10
4 207 2 4.234124e-10
5 207 2 3.755044e-10
6 207 2 3.220684e-10
7 207 2 2.838744e-10
8 207 2 2.795440e-10
9 207 2 2.820420e-10
10 207 2 3.106591e-10
11 207 2 3.347985e-10
12 207 2 3.829887e-10
1 212 2 2.766450e-10
2 212 2 2.953014e-10
3 212 2 2.621089e-10
4 212 2 2.203525e-10
5 212 2 1.717473e-10
6 212 2 1.386144e-10
7 212 2 1.150578e-10
8 212 2 1.112023e-10
9 212 2 1.262954e-10
10 212 2 1.490227e-10
11 212 2 1.767668e-10
12 212 2 2.337195e-10
1 213 2 6.030288e-11
2 213 2 6.590651e-11
3 213 2 5.585317e-11
4 213 2 4.726375e-11
5 213 2 3.647029e-11
6 213 2 2.811346e-11
7 213 2 2.386009e-11
8 213 2 2.329323e-11
9 213 2 2.805769e-11
10 213 2 3.457786e-11
11 213 2 4.246117e-11
12 213 2 5.196049e-11
1 214 2 2.142674e-09
2 214 2 2.271503e-09
3 214 2 1.825012e-09
4 214 2 1.355500e-09
5 214 2 1.001963e-09
6 214 2 7.384009e-10
7 214 2 6.394664e-10
8 214 2 6.592415e-10
9 214 2 8.321517e-10
10 214 2 1.115631e-09
11 214 2 1.527197e-09
12 214 2 1.852224e-09
1 215 2 7.942734e-10
2 215 2 8.170160e-10
3 215 2 7.617424e-10
4 215 2 6.070765e-10
5 215 2 4.931010e-10
6 215 2 3.961963e-10
7 215 2 3.423685e-10
8 215 2 3.432104e-10
9 215 2 3.859631e-10
10 215 2 4.591721e-10
11 215 2 5.781609e-10
12 215 2 6.984502e-10
1 216 2 9.595276e-09
2 216 2 1.001817e-08
3 216 2 9.394577e-09
4 216 2 7.637246e-09
5 216 2 6.115467e-09
6 216 2 5.260941e-09
7 216 2 4.622996e-09
8 216 2 4.420441e-09
9 216 2 4.586991e-09
10 216 2 5.213546e-09
11 216 2 6.271012e-09
12 216 2 8.059384e-09
1 224 2 1.155264e-08
2 224 2 1.262977e-08
3 224 2 1.102102e-08
4 224 2 9.490750e-09
5 224 2 7.663958e-09
6 224 2 6.512878e-09
7 224 2 5.916887e-09
8 224 2 6.180121e-09
9 224 2 6.355549e-09
10 224 2 7.496065e-09
11 224 2 8.951782e-09
12 224 2 1.068018e-08
1 240 2 5.930286e-10
2 240 2 6.048855e-10
3 240 2 5.531530e-10
4 240 2 4.885208e-10
5 240 2 4.245874e-10
6 240 2 3.662215e-10
7 240 2 3.587924e-10
8 240 2 3.698942e-10
9 240 2 3.600698e-10
10 240 2 3.877575e-10
11 240 2 4.260503e-10
12 240 2 5.280152e-10
