1 7 2 1.064310e-12
2 7 2 9.092278e-13
3 7 2 9.943726e-13
4 7 2 2.570045e-12
5 7 2 8.842796e-12
6 7 2 2.381697e-11
7 7 2 3.222506e-11
8 7 2 2.197135e-11
9 7 2 9.501872e-12
10 7 2 4.165594e-12
11 7 2 2.206989e-12
12 7 2 1.301980e-12
1 25 2 5.967575e-10
2 25 2 5.666188e-10
3 25 2 7.982723e-10
4 25 2 1.456670e-09
5 25 2 4.075060e-09
6 25 2 7.389603e-09
7 25 2 8.958363e-09
8 25 2 6.869481e-09
9 25 2 3.881621e-09
10 25 2 1.816458e-09
11 25 2 8.661081e-10
12 25 2 5.015604e-10
1 26 2 7.808707e-12
2 26 2 6.426639e-12
3 26 2 1.062697e-11
4 26 2 2.372028e-11
5 26 2 6.681637e-11
6 26 2 1.276174e-10
7 26 2 1.384645e-10
8 26 2 1.035996e-10
9 26 2 5.666352e-11
10 26 2 2.280928e-11
11 26 2 1.191692e-11
12 26 2 7.367625e-12
1 27 2 2.176882e-10
2 27 2 1.921992e-10
3 27 2 3.369241e-10
4 27 2 8.581043e-10
5 27 2 2.416486e-09
6 27 2 4.995170e-09
7 27 2 5.633706e-09
8 27 2 4.240343e-09
9 27 2 2.191259e-09
10 27 2 8.228707e-10
11 27 2 4.360921e-10
12 27 2 2.697529e-10
1 28 2 1.106532e-10
2 28 2 1.006973e-10
3 28 2 1.693555e-10
4 28 2 4.603486e-10
5 28 2 1.314577e-09
6 28 2 2.814487e-09
7 28 2 3.355523e-09
8 28 2 2.528424e-09
9 28 2 1.300675e-09
10 28 2 5.065499e-10
11 28 2 2.528770e-10
12 28 2 1.576548e-10
1 29 2 1.484188e-10
2 29 2 1.404046e-10
3 29 2 2.236715e-10
4 29 2 6.725431e-10
5 29 2 2.011200e-09
6 29 2 4.949744e-09
7 29 2 6.742692e-09
8 29 2 5.016610e-09
9 29 2 2.303877e-09
10 29 2 8.539027e-10
11 29 2 4.036432e-10
12 29 2 2.519718e-10
1 30 2 3.367161e-11
2 30 2 2.944792e-11
3 30 2 4.680304e-11
4 30 2 1.432509e-10
5 30 2 3.968273e-10
6 30 2 1.079216e-09
7 30 2 1.564272e-09
8 30 2 1.197930e-09
9 30 2 5.420218e-10
10 30 2 2.121572e-10
11 30 2 9.786226e-11
12 30 2 5.860954e-11
1 31 2 6.000619e-11
2 31 2 4.623982e-11
3 31 2 7.024391e-11
4 31 2 1.955121e-10
5 31 2 5.049071e-10
6 31 2 1.329395e-09
7 31 2 1.874742e-09
8 31 2 1.513245e-09
9 31 2 7.570259e-10
10 31 2 3.466805e-10
11 31 2 1.664490e-10
12 31 2 9.275310e-11
1 32 2 7.105458e-11
2 32 2 5.881952e-11
3 32 2 8.221954e-11
4 32 2 1.826951e-10
5 32 2 4.879540e-10
6 32 2 1.155867e-09
7 32 2 1.491206e-09
8 32 2 1.231803e-09
9 32 2 6.878529e-10
10 32 2 3.545951e-10
11 32 2 1.832402e-10
12 32 2 9.503026e-11
1 35 2 5.010740e-09
2 35 2 4.774481e-09
3 35 2 5.186499e-09
4 35 2 6.911478e-09
5 35 2 1.083466e-08
6 35 2 1.654690e-08
7 35 2 1.991100e-08
8 35 2 1.828357e-08
9 35 2 1.242622e-08
10 35 2 8.984140e-09
11 35 2 6.805006e-09
12 35 2 5.528451e-09
1 36 2 6.003020e-10
2 36 2 5.635668e-10
3 36 2 6.245987e-10
4 36 2 7.501977e-10
5 36 2 1.026020e-09
6 36 2 1.480119e-09
7 36 2 1.743161e-09
8 36 2 1.775806e-09
9 36 2 1.355525e-09
10 36 2 1.062000e-09
11 36 2 8.128395e-10
12 36 2 6.735064e-10
1 37 2 1.386889e-08
2 37 2 1.342316e-08
3 37 2 1.691381e-08
4 37 2 2.174889e-08
5 37 2 3.288016e-08
6 37 2 4.986990e-08
7 37 2 5.800125e-08
8 37 2 5.701660e-08
9 37 2 4.195892e-08
10 37 2 3.146185e-08
11 37 2 2.217466e-08
12 37 2 1.698768e-08
1 38 2 7.161511e-08
2 38 2 7.155090e-08
3 38 2 1.089984e-07
4 38 2 1.616080e-07
5 38 2 2.950544e-07
6 38 2 5.235515e-07
7 38 2 6.206498e-07
8 38 2 5.382839e-07
9 38 2 3.476903e-07
10 38 2 2.376460e-07
11 38 2 1.357956e-07
12 38 2 9.799533e-08
1 39 2 7.694096e-08
2 39 2 8.015699e-08
3 39 2 1.298378e-07
4 39 2 2.004803e-07
5 39 2 3.889982e-07
6 39 2 7.520316e-07
7 39 2 9.338129e-07
8 39 2 7.560315e-07
9 39 2 4.765359e-07
10 39 2 3.009267e-07
11 39 2 1.523226e-07
12 39 2 1.111845e-07
1 40 2 1.907828e-08
2 40 2 2.093218e-08
3 40 2 3.733224e-08
4 40 2 6.277713e-08
5 40 2 1.372340e-07
6 40 2 3.115815e-07
7 40 2 3.898366e-07
8 40 2 2.859744e-07
9 40 2 1.761573e-07
10 40 2 9.491521e-08
11 40 2 4.065893e-08
12 40 2 3.028963e-08
1 41 2 1.015802e-08
2 41 2 1.085943e-08
3 41 2 2.176193e-08
4 41 2 3.875954e-08
5 41 2 9.721461e-08
6 41 2 2.466921e-07
7 41 2 3.189581e-07
8 41 2 2.237158e-07
9 41 2 1.250227e-07
10 41 2 5.418602e-08
11 41 2 2.081682e-08
12 41 2 1.735055e-08
1 42 2 5.494810e-09
2 42 2 5.747681e-09
3 42 2 1.239479e-08
4 42 2 2.445111e-08
5 42 2 6.951040e-08
6 42 2 1.928010e-07
7 42 2 2.698988e-07
8 42 2 1.802427e-07
9 42 2 8.535435e-08
10 42 2 3.054741e-08
11 42 2 1.138866e-08
12 42 2 9.342736e-09
1 43 2 1.540819e-10
2 43 2 1.597630e-10
3 43 2 3.769579e-10
4 43 2 9.197885e-10
5 43 2 3.078701e-09
6 43 2 9.079569e-09
7 43 2 1.327307e-08
8 43 2 8.331913e-09
9 43 2 3.407075e-09
10 43 2 1.046059e-09
11 43 2 3.567284e-10
12 43 2 2.499623e-10
1 44 2 6.364821e-10
2 44 2 6.395211e-10
3 44 2 1.391057e-09
4 44 2 3.760688e-09
5 44 2 1.404981e-08
6 44 2 4.427562e-08
7 44 2 6.471125e-08
8 44 2 3.902049e-08
9 44 2 1.406630e-08
10 44 2 4.167559e-09
11 44 2 1.367805e-09
12 44 2 9.247896e-10
1 45 2 1.463042e-09
2 45 2 1.639642e-09
3 45 2 2.987712e-09
4 45 2 8.811002e-09
5 45 2 3.689876e-08
6 45 2 1.224339e-07
7 45 2 1.712835e-07
8 45 2 1.042943e-07
9 45 2 3.586447e-08
10 45 2 9.156946e-09
11 45 2 2.654205e-09
12 45 2 1.734657e-09
1 46 2 6.633687e-10
2 46 2 8.345341e-10
3 46 2 1.311824e-09
4 46 2 3.642804e-09
5 46 2 1.430514e-08
6 46 2 4.437294e-08
7 46 2 6.207461e-08
8 46 2 3.889667e-08
9 46 2 1.461070e-08
10 46 2 3.541460e-09
11 46 2 9.736870e-10
12 46 2 6.943750e-10
1 47 2 8.719632e-10
2 47 2 1.109693e-09
3 47 2 1.563731e-09
4 47 2 3.503583e-09
5 47 2 1.194196e-08
6 47 2 3.290008e-08
7 47 2 4.461954e-08
8 47 2 3.025524e-08
9 47 2 1.281704e-08
10 47 2 3.953267e-09
11 47 2 1.166317e-09
12 47 2 8.865562e-10
1 48 2 1.180796e-09
2 48 2 1.356425e-09
3 48 2 1.865687e-09
4 48 2 3.643293e-09
5 48 2 1.130584e-08
6 48 2 2.600536e-08
7 48 2 3.455871e-08
8 48 2 2.431403e-08
9 48 2 1.157446e-08
10 48 2 4.315368e-09
11 48 2 1.553479e-09
12 48 2 1.030172e-09
1 49 2 4.063222e-12
2 49 2 3.697173e-12
3 49 2 4.193679e-12
4 49 2 4.908329e-12
5 49 2 7.019957e-12
6 49 2 1.068046e-11
7 49 2 1.592814e-11
8 49 2 1.497818e-11
9 49 2 1.044711e-11
10 49 2 7.475912e-12
11 49 2 5.458021e-12
12 49 2 3.981617e-12
1 50 2 1.656166e-11
2 50 2 1.429601e-11
3 50 2 1.675713e-11
4 50 2 1.910139e-11
5 50 2 2.688388e-11
6 50 2 3.945172e-11
7 50 2 5.444918e-11
8 50 2 5.236176e-11
9 50 2 3.791467e-11
10 50 2 2.702717e-11
11 50 2 2.023472e-11
12 50 2 1.593264e-11
1 51 2 7.964839e-12
2 51 2 7.269163e-12
3 51 2 7.898749e-12
4 51 2 9.117769e-12
5 51 2 1.242775e-11
6 51 2 1.742893e-11
7 51 2 2.271244e-11
8 51 2 2.252385e-11
9 51 2 1.871402e-11
10 51 2 1.316296e-11
11 51 2 9.865154e-12
12 51 2 8.267301e-12
1 52 2 7.334351e-08
2 52 2 7.709032e-08
3 52 2 9.684296e-08
4 52 2 1.411838e-07
5 52 2 2.387605e-07
6 52 2 3.285878e-07
7 52 2 4.214749e-07
8 52 2 3.942234e-07
9 52 2 3.182318e-07
10 52 2 1.817947e-07
11 52 2 1.094226e-07
12 52 2 8.438152e-08
1 53 2 3.581308e-08
2 53 2 4.493233e-08
3 53 2 7.612484e-08
4 53 2 1.661578e-07
5 53 2 3.164152e-07
6 53 2 4.724885e-07
7 53 2 6.558700e-07
8 53 2 5.588776e-07
9 53 2 3.782527e-07
10 53 2 1.668254e-07
11 53 2 7.440860e-08
12 53 2 4.714088e-08
1 54 2 1.028162e-08
2 54 2 1.333789e-08
3 54 2 2.494239e-08
4 54 2 6.197938e-08
5 54 2 1.220801e-07
6 54 2 2.358030e-07
7 54 2 3.349694e-07
8 54 2 2.808804e-07
9 54 2 1.703496e-07
10 54 2 7.244922e-08
11 54 2 3.105504e-08
12 54 2 1.713057e-08
1 55 2 1.483425e-08
2 55 2 1.654414e-08
3 55 2 3.086264e-08
4 55 2 7.226642e-08
5 55 2 1.434059e-07
6 55 2 3.062574e-07
7 55 2 4.257210e-07
8 55 2 3.671474e-07
9 55 2 2.328211e-07
10 55 2 1.116340e-07
11 55 2 5.222927e-08
12 55 2 2.990663e-08
1 56 2 6.423802e-08
2 56 2 6.666505e-08
3 56 2 1.154656e-07
4 56 2 2.574719e-07
5 56 2 5.627991e-07
6 56 2 1.109401e-06
7 56 2 1.533844e-06
8 56 2 1.273013e-06
9 56 2 8.320713e-07
10 56 2 4.287133e-07
11 56 2 1.932799e-07
12 56 2 1.108479e-07
1 57 2 1.323560e-08
2 57 2 1.262807e-08
3 57 2 1.553181e-08
4 57 2 2.357486e-08
5 57 2 3.944443e-08
6 57 2 6.418100e-08
7 57 2 9.139448e-08
8 57 2 8.236875e-08
9 57 2 6.128241e-08
10 57 2 3.936463e-08
11 57 2 2.407168e-08
12 57 2 1.729923e-08
1 60 2 4.541128e-07
2 60 2 4.397672e-07
3 60 2 5.043257e-07
4 60 2 5.981229e-07
5 60 2 7.374380e-07
6 60 2 9.704634e-07
7 60 2 1.129813e-06
8 60 2 1.130289e-06
9 60 2 9.592124e-07
10 60 2 7.830359e-07
11 60 2 6.262457e-07
12 60 2 5.190935e-07
1 61 2 1.441487e-06
2 61 2 1.450157e-06
3 61 2 2.039622e-06
4 61 2 3.072101e-06
5 61 2 4.481258e-06
6 61 2 6.313367e-06
7 61 2 7.471258e-06
8 61 2 7.187969e-06
9 61 2 5.585240e-06
10 61 2 3.799114e-06
11 61 2 2.478393e-06
12 61 2 1.738324e-06
1 62 2 4.755580e-07
2 62 2 5.208479e-07
3 62 2 8.199098e-07
4 62 2 1.484287e-06
5 62 2 2.545872e-06
6 62 2 3.611522e-06
7 62 2 4.416162e-06
8 62 2 4.122327e-06
9 62 2 2.872529e-06
10 62 2 1.713001e-06
11 62 2 9.302353e-07
12 62 2 6.053705e-07
1 63 2 9.303801e-07
2 63 2 1.129442e-06
3 63 2 1.889853e-06
4 63 2 3.974838e-06
5 63 2 7.628369e-06
6 63 2 1.134079e-05
7 63 2 1.450212e-05
8 63 2 1.261969e-05
9 63 2 7.707711e-06
10 63 2 4.209264e-06
11 63 2 1.944290e-06
12 63 2 1.272815e-06
1 64 2 2.816274e-07
2 64 2 3.607940e-07
3 64 2 6.870388e-07
4 64 2 1.627366e-06
5 64 2 3.485304e-06
6 64 2 5.582660e-06
7 64 2 7.076143e-06
8 64 2 5.531963e-06
9 64 2 3.167520e-06
10 64 2 1.400291e-06
11 64 2 6.398640e-07
12 64 2 4.378959e-07
1 65 2 9.522534e-08
2 65 2 1.180800e-07
3 65 2 2.586912e-07
4 65 2 7.295181e-07
5 65 2 1.529567e-06
6 65 2 2.599557e-06
7 65 2 3.369395e-06
8 65 2 2.514733e-06
9 65 2 1.426277e-06
10 65 2 5.061235e-07
11 65 2 2.228055e-07
12 65 2 1.614668e-07
1 66 2 6.299918e-08
2 66 2 7.788664e-08
3 66 2 1.851588e-07
4 66 2 6.074447e-07
5 66 2 1.263051e-06
6 66 2 2.171873e-06
7 66 2 2.995375e-06
8 66 2 2.264507e-06
9 66 2 1.280995e-06
10 66 2 4.244083e-07
11 66 2 1.626396e-07
12 66 2 1.008822e-07
1 67 2 2.127904e-08
2 67 2 2.837460e-08
3 67 2 7.215681e-08
4 67 2 2.665535e-07
5 67 2 6.047945e-07
6 67 2 1.031481e-06
7 67 2 1.442125e-06
8 67 2 1.109833e-06
9 67 2 6.070015e-07
10 67 2 2.232228e-07
11 67 2 7.058472e-08
12 67 2 3.176981e-08
1 68 2 5.127060e-09
2 68 2 6.884263e-09
3 68 2 2.044587e-08
4 68 2 9.398002e-08
5 68 2 2.561076e-07
6 68 2 4.907815e-07
7 68 2 7.036878e-07
8 68 2 5.233564e-07
9 68 2 2.511639e-07
10 68 2 9.227459e-08
11 68 2 2.104188e-08
12 68 2 7.321842e-09
1 69 2 3.101672e-09
2 69 2 4.397595e-09
3 69 2 1.051655e-08
4 69 2 4.611569e-08
5 69 2 1.478721e-07
6 69 2 3.499560e-07
7 69 2 5.126828e-07
8 69 2 3.946620e-07
9 69 2 1.695442e-07
10 69 2 5.512923e-08
11 69 2 1.068206e-08
12 69 2 4.017146e-09
1 70 2 1.301584e-08
2 70 2 1.521303e-08
3 70 2 2.179983e-08
4 70 2 5.687462e-08
5 70 2 1.426235e-07
6 70 2 3.463304e-07
7 70 2 5.605990e-07
8 70 2 5.109322e-07
9 70 2 2.638112e-07
10 70 2 9.403524e-08
11 70 2 2.859991e-08
12 70 2 1.609968e-08
1 71 2 1.106318e-08
2 71 2 1.122654e-08
3 71 2 1.270368e-08
4 71 2 2.038557e-08
5 71 2 3.947928e-08
6 71 2 8.235749e-08
7 71 2 1.263929e-07
8 71 2 1.256662e-07
9 71 2 8.062626e-08
10 71 2 3.840122e-08
11 71 2 1.834524e-08
12 71 2 1.274139e-08
1 72 2 4.652856e-11
2 72 2 4.443882e-11
3 72 2 4.814486e-11
4 72 2 6.138515e-11
5 72 2 9.551078e-11
6 72 2 1.661919e-10
7 72 2 2.574123e-10
8 72 2 2.475702e-10
9 72 2 1.732084e-10
10 72 2 1.050238e-10
11 72 2 6.470912e-11
12 72 2 4.621081e-11
1 76 2 5.790846e-09
2 76 2 5.298029e-09
3 76 2 5.351352e-09
4 76 2 5.820996e-09
5 76 2 7.913742e-09
6 76 2 1.128449e-08
7 76 2 1.513188e-08
8 76 2 1.614849e-08
9 76 2 1.538637e-08
10 76 2 1.027502e-08
11 76 2 6.632957e-09
12 76 2 5.801097e-09
1 77 2 5.907828e-09
2 77 2 7.671267e-09
3 77 2 1.004890e-08
4 77 2 1.624123e-08
5 77 2 2.726969e-08
6 77 2 4.210155e-08
7 77 2 5.720465e-08
8 77 2 5.429649e-08
9 77 2 4.022053e-08
10 77 2 2.031989e-08
11 77 2 8.916427e-09
12 77 2 5.619979e-09
1 78 2 6.453917e-09
2 78 2 8.818368e-09
3 78 2 1.228011e-08
4 78 2 2.202566e-08
5 78 2 3.444177e-08
6 78 2 5.468159e-08
7 78 2 6.749837e-08
8 78 2 6.320403e-08
9 78 2 4.098080e-08
10 78 2 2.173292e-08
11 78 2 1.173625e-08
12 78 2 6.775732e-09
1 79 2 1.595507e-07
2 79 2 1.957713e-07
3 79 2 2.874487e-07
4 79 2 4.767814e-07
5 79 2 7.243633e-07
6 79 2 1.183371e-06
7 79 2 1.450073e-06
8 79 2 1.373687e-06
9 79 2 9.485392e-07
10 79 2 5.725813e-07
11 79 2 3.262273e-07
12 79 2 1.998408e-07
1 80 2 2.406163e-08
2 80 2 2.410861e-08
3 80 2 3.029398e-08
4 80 2 4.096094e-08
5 80 2 6.108961e-08
6 80 2 9.294563e-08
7 80 2 1.196816e-07
8 80 2 1.184828e-07
9 80 2 9.833857e-08
10 80 2 6.894560e-08
11 80 2 4.022012e-08
12 80 2 2.972937e-08
1 81 2 2.001083e-13
2 81 2 1.813464e-13
3 81 2 1.910069e-13
4 81 2 2.264874e-13
5 81 2 3.261398e-13
6 81 2 4.394640e-13
7 81 2 5.863891e-13
8 81 2 6.291825e-13
9 81 2 5.721232e-13
10 81 2 4.389863e-13
11 81 2 2.901867e-13
12 81 2 2.375747e-13
1 84 2 7.051324e-08
2 84 2 7.455024e-08
3 84 2 9.220372e-08
4 84 2 1.165167e-07
5 84 2 1.562137e-07
6 84 2 2.559675e-07
7 84 2 3.428232e-07
8 84 2 3.285098e-07
9 84 2 2.464963e-07
10 84 2 1.555639e-07
11 84 2 1.045042e-07
12 84 2 7.982994e-08
1 85 2 2.214341e-07
2 85 2 2.493523e-07
3 85 2 3.241982e-07
4 85 2 4.710298e-07
5 85 2 7.540161e-07
6 85 2 1.151878e-06
7 85 2 1.593730e-06
8 85 2 1.516129e-06
9 85 2 1.091716e-06
10 85 2 6.021968e-07
11 85 2 3.396137e-07
12 85 2 2.464240e-07
1 86 2 6.764385e-08
2 86 2 7.658699e-08
3 86 2 9.787253e-08
4 86 2 1.421623e-07
5 86 2 2.284829e-07
6 86 2 3.315237e-07
7 86 2 4.554255e-07
8 86 2 4.569153e-07
9 86 2 3.382043e-07
10 86 2 1.961210e-07
11 86 2 1.080331e-07
12 86 2 7.721050e-08
1 87 2 1.192961e-07
2 87 2 1.613940e-07
3 87 2 2.304410e-07
4 87 2 3.642747e-07
5 87 2 6.390715e-07
6 87 2 9.606055e-07
7 87 2 1.302284e-06
8 87 2 1.326984e-06
9 87 2 9.620694e-07
10 87 2 5.416706e-07
11 87 2 2.379958e-07
12 87 2 1.446652e-07
1 88 2 4.205578e-08
2 88 2 5.972260e-08
3 88 2 9.365386e-08
4 88 2 1.776982e-07
5 88 2 3.646890e-07
6 88 2 5.731910e-07
7 88 2 7.340507e-07
8 88 2 6.438199e-07
9 88 2 4.160366e-07
10 88 2 1.966111e-07
11 88 2 1.007964e-07
12 88 2 5.598872e-08
1 89 2 2.890562e-08
2 89 2 4.021842e-08
3 89 2 7.633330e-08
4 89 2 1.435699e-07
5 89 2 2.865103e-07
6 89 2 4.280131e-07
7 89 2 4.993049e-07
8 89 2 4.372720e-07
9 89 2 2.853661e-07
10 89 2 1.357973e-07
11 89 2 7.472246e-08
12 89 2 4.135919e-08
1 90 2 2.129639e-08
2 90 2 2.806793e-08
3 90 2 5.569780e-08
4 90 2 9.996570e-08
5 90 2 1.534915e-07
6 90 2 2.031717e-07
7 90 2 2.281744e-07
8 90 2 2.111245e-07
9 90 2 1.538585e-07
10 90 2 9.177005e-08
11 90 2 5.059772e-08
12 90 2 2.880417e-08
1 91 2 2.959141e-11
2 91 2 4.187054e-11
3 91 2 8.747682e-11
4 91 2 1.653037e-10
5 91 2 2.439625e-10
6 91 2 3.100990e-10
7 91 2 3.481961e-10
8 91 2 3.193292e-10
9 91 2 2.296043e-10
10 91 2 1.421256e-10
11 91 2 7.366077e-11
12 91 2 3.781424e-11
1 92 2 1.588268e-10
2 92 2 2.268744e-10
3 92 2 5.687170e-10
4 92 2 1.356827e-09
5 92 2 2.558779e-09
6 92 2 3.920950e-09
7 92 2 4.706572e-09
8 92 2 4.283735e-09
9 92 2 2.679946e-09
10 92 2 1.424305e-09
11 92 2 5.586135e-10
12 92 2 2.397990e-10
1 93 2 8.317947e-08
2 93 2 1.003635e-07
3 93 2 2.063526e-07
4 93 2 4.809278e-07
5 93 2 8.579480e-07
6 93 2 1.361503e-06
7 93 2 1.826385e-06
8 93 2 1.795492e-06
9 93 2 1.207657e-06
10 93 2 6.954638e-07
11 93 2 2.978354e-07
12 93 2 1.240544e-07
1 94 2 9.676789e-08
2 94 2 9.628005e-08
3 94 2 1.285571e-07
4 94 2 2.278269e-07
5 94 2 3.888867e-07
6 94 2 6.123498e-07
7 94 2 8.459588e-07
8 94 2 9.219077e-07
9 94 2 7.593893e-07
10 94 2 4.583660e-07
11 94 2 2.460164e-07
12 94 2 1.344175e-07
1 98 2 7.344838e-10
2 98 2 6.837070e-10
3 98 2 6.438160e-10
4 98 2 6.854786e-10
5 98 2 7.779712e-10
6 98 2 8.902291e-10
7 98 2 1.001325e-09
8 98 2 1.055348e-09
9 98 2 1.041392e-09
10 98 2 9.843934e-10
11 98 2 8.854549e-10
12 98 2 8.057734e-10
1 101 2 2.891871e-09
2 101 2 2.971496e-09
3 101 2 3.045014e-09
4 101 2 3.754964e-09
5 101 2 4.828957e-09
6 101 2 5.638311e-09
7 101 2 6.018575e-09
8 101 2 6.030823e-09
9 101 2 5.797832e-09
10 101 2 4.971046e-09
11 101 2 3.822599e-09
12 101 2 3.065997e-09
1 102 2 1.851905e-08
2 102 2 2.093323e-08
3 102 2 2.572733e-08
4 102 2 3.217972e-08
5 102 2 3.723956e-08
6 102 2 4.065365e-08
7 102 2 4.179844e-08
8 102 2 4.232660e-08
9 102 2 3.814808e-08
10 102 2 2.938932e-08
11 102 2 2.358861e-08
12 102 2 1.933380e-08
1 103 2 1.034250e-08
2 103 2 1.055460e-08
3 103 2 1.150320e-08
4 103 2 1.299818e-08
5 103 2 1.513741e-08
6 103 2 1.732283e-08
7 103 2 1.874110e-08
8 103 2 1.966837e-08
9 103 2 1.929060e-08
10 103 2 1.685831e-08
11 103 2 1.386861e-08
12 103 2 1.153129e-08
1 104 2 4.857594e-09
2 104 2 4.661225e-09
3 104 2 4.711872e-09
4 104 2 5.165888e-09
5 104 2 6.040532e-09
6 104 2 6.931802e-09
7 104 2 7.779739e-09
8 104 2 8.404014e-09
9 104 2 8.471660e-09
10 104 2 7.914207e-09
11 104 2 6.510149e-09
12 104 2 5.390395e-09
1 107 2 1.769062e-09
2 107 2 1.866329e-09
3 107 2 2.179006e-09
4 107 2 2.496900e-09
5 107 2 2.800117e-09
6 107 2 3.584822e-09
7 107 2 3.918363e-09
8 107 2 3.902508e-09
9 107 2 3.653331e-09
10 107 2 3.124885e-09
11 107 2 2.484169e-09
12 107 2 1.942714e-09
1 108 2 2.352122e-10
2 108 2 3.006015e-10
3 108 2 4.366558e-10
4 108 2 6.762845e-10
5 108 2 1.049774e-09
6 108 2 1.440848e-09
7 108 2 1.542384e-09
8 108 2 1.363143e-09
9 108 2 1.102998e-09
10 108 2 7.609920e-10
11 108 2 3.963996e-10
12 108 2 2.523470e-10
1 109 2 4.463818e-10
2 109 2 5.896053e-10
3 109 2 9.221808e-10
4 109 2 1.600366e-09
5 109 2 2.726677e-09
6 109 2 3.437115e-09
7 109 2 3.492419e-09
8 109 2 3.210514e-09
9 109 2 2.578135e-09
10 109 2 1.808985e-09
11 109 2 8.045913e-10
12 109 2 4.700124e-10
1 110 2 1.968124e-10
2 110 2 2.507013e-10
3 110 2 4.026391e-10
4 110 2 6.232697e-10
5 110 2 9.666661e-10
6 110 2 1.119446e-09
7 110 2 1.203512e-09
8 110 2 1.190264e-09
9 110 2 1.002175e-09
10 110 2 7.306489e-10
11 110 2 3.534184e-10
12 110 2 2.080259e-10
1 111 2 6.750792e-09
2 111 2 8.443273e-09
3 111 2 1.366947e-08
4 111 2 2.071723e-08
5 111 2 3.131106e-08
6 111 2 4.015577e-08
7 111 2 4.244765e-08
8 111 2 4.204277e-08
9 111 2 3.580309e-08
10 111 2 2.330608e-08
11 111 2 1.255482e-08
12 111 2 7.668712e-09
1 112 2 7.773437e-09
2 112 2 1.002290e-08
3 112 2 1.758301e-08
4 112 2 2.923953e-08
5 112 2 4.446363e-08
6 112 2 5.418419e-08
7 112 2 5.518514e-08
8 112 2 5.143825e-08
9 112 2 3.926745e-08
10 112 2 2.606861e-08
11 112 2 1.496066e-08
12 112 2 9.196167e-09
1 113 2 4.457339e-09
2 113 2 5.647034e-09
3 113 2 9.487051e-09
4 113 2 1.418702e-08
5 113 2 1.745849e-08
6 113 2 1.524384e-08
7 113 2 1.308012e-08
8 113 2 1.249258e-08
9 113 2 1.235575e-08
10 113 2 1.128198e-08
11 113 2 7.891036e-09
12 113 2 5.329684e-09
1 114 2 1.215823e-08
2 114 2 1.648717e-08
3 114 2 2.937472e-08
4 114 2 4.281906e-08
5 114 2 4.940061e-08
6 114 2 3.616403e-08
7 114 2 2.986904e-08
8 114 2 2.737859e-08
9 114 2 2.642132e-08
10 114 2 2.364756e-08
11 114 2 1.802705e-08
12 114 2 1.335330e-08
1 115 2 4.158487e-09
2 115 2 6.050226e-09
3 115 2 9.590593e-09
4 115 2 1.188838e-08
5 115 2 1.061688e-08
6 115 2 9.857429e-09
7 115 2 9.507307e-09
8 115 2 9.121589e-09
9 115 2 8.389140e-09
10 115 2 7.496981e-09
11 115 2 5.695026e-09
12 115 2 4.085754e-09
1 116 2 3.014179e-09
2 116 2 3.858517e-09
3 116 2 5.900593e-09
4 116 2 8.352073e-09
5 116 2 9.713987e-09
6 116 2 1.106177e-08
7 116 2 1.159697e-08
8 116 2 1.110087e-08
9 116 2 8.992944e-09
10 116 2 7.189658e-09
11 116 2 5.223146e-09
12 116 2 3.440784e-09
1 117 2 2.666810e-09
2 117 2 2.784816e-09
3 117 2 3.516967e-09
4 117 2 4.814275e-09
5 117 2 6.130588e-09
6 117 2 7.263392e-09
7 117 2 7.732637e-09
8 117 2 7.722497e-09
9 117 2 7.046311e-09
10 117 2 6.032067e-09
11 117 2 4.869460e-09
12 117 2 3.517635e-09
1 126 2 5.338899e-11
2 126 2 5.549240e-11
3 126 2 6.014617e-11
4 126 2 6.351069e-11
5 126 2 6.274915e-11
6 126 2 5.831830e-11
7 126 2 5.621546e-11
8 126 2 5.676467e-11
9 126 2 5.646417e-11
10 126 2 5.548508e-11
11 126 2 5.421581e-11
12 126 2 5.339494e-11
1 127 2 5.370544e-09
2 127 2 5.461953e-09
3 127 2 5.764975e-09
4 127 2 5.985268e-09
5 127 2 6.066810e-09
6 127 2 5.876473e-09
7 127 2 5.878095e-09
8 127 2 6.012988e-09
9 127 2 5.948889e-09
10 127 2 5.710470e-09
11 127 2 5.534154e-09
12 127 2 5.465651e-09
1 128 2 2.433737e-08
2 128 2 2.499425e-08
3 128 2 2.565819e-08
4 128 2 2.504676e-08
5 128 2 2.436432e-08
6 128 2 2.363244e-08
7 128 2 2.518782e-08
8 128 2 2.863866e-08
9 128 2 3.011328e-08
10 128 2 2.844341e-08
11 128 2 2.586513e-08
12 128 2 2.437010e-08
1 129 2 6.938419e-10
2 129 2 6.843154e-10
3 129 2 7.015745e-10
4 129 2 7.219203e-10
5 129 2 7.330593e-10
6 129 2 7.528904e-10
7 129 2 7.866960e-10
8 129 2 8.574973e-10
9 129 2 8.959041e-10
10 129 2 8.998510e-10
11 129 2 8.215948e-10
12 129 2 7.298869e-10
1 133 2 1.491439e-08
2 133 2 1.734019e-08
3 133 2 2.081596e-08
4 133 2 2.137249e-08
5 133 2 2.038716e-08
6 133 2 1.873856e-08
7 133 2 1.672434e-08
8 133 2 1.566044e-08
9 133 2 1.633035e-08
10 133 2 1.739245e-08
11 133 2 1.659268e-08
12 133 2 1.451860e-08
1 135 2 6.447255e-10
2 135 2 7.263800e-10
3 135 2 8.638319e-10
4 135 2 9.303067e-10
5 135 2 8.939356e-10
6 135 2 7.974820e-10
7 135 2 6.889454e-10
8 135 2 6.958402e-10
9 135 2 7.394098e-10
10 135 2 6.953719e-10
11 135 2 6.665079e-10
12 135 2 6.260931e-10
1 136 2 7.211339e-10
2 136 2 7.421927e-10
3 136 2 9.178597e-10
4 136 2 1.115838e-09
5 136 2 1.221893e-09
6 136 2 1.114832e-09
7 136 2 9.864964e-10
8 136 2 9.842338e-10
9 136 2 9.893209e-10
10 136 2 9.306521e-10
11 136 2 8.799268e-10
12 136 2 7.813859e-10
1 137 2 1.753509e-10
2 137 2 1.839612e-10
3 137 2 2.109153e-10
4 137 2 2.317649e-10
5 137 2 2.287660e-10
6 137 2 2.104877e-10
7 137 2 1.947235e-10
8 137 2 1.878887e-10
9 137 2 1.880068e-10
10 137 2 1.958597e-10
11 137 2 1.936441e-10
12 137 2 1.825891e-10
1 138 2 7.012083e-09
2 138 2 7.710903e-09
3 138 2 8.945788e-09
4 138 2 9.956105e-09
5 138 2 1.004510e-08
6 138 2 8.828633e-09
7 138 2 8.178883e-09
8 138 2 7.887518e-09
9 138 2 7.909039e-09
10 138 2 7.955125e-09
11 138 2 7.716623e-09
12 138 2 7.156522e-09
1 139 2 1.183335e-08
2 139 2 1.347600e-08
3 139 2 1.505811e-08
4 139 2 1.580455e-08
5 139 2 1.558183e-08
6 139 2 1.451091e-08
7 139 2 1.372952e-08
8 139 2 1.321693e-08
9 139 2 1.304562e-08
10 139 2 1.314689e-08
11 139 2 1.251027e-08
12 139 2 1.145149e-08
1 140 2 3.918756e-09
2 140 2 4.052139e-09
3 140 2 4.400938e-09
4 140 2 4.986190e-09
5 140 2 5.294620e-09
6 140 2 5.085492e-09
7 140 2 4.815135e-09
8 140 2 4.644157e-09
9 140 2 4.576452e-09
10 140 2 4.601745e-09
11 140 2 4.504554e-09
12 140 2 4.199620e-09
1 141 2 6.151702e-09
2 141 2 6.088050e-09
3 141 2 6.262428e-09
4 141 2 6.872962e-09
5 141 2 7.416838e-09
6 141 2 7.334041e-09
7 141 2 7.135720e-09
8 141 2 6.919479e-09
9 141 2 6.860836e-09
10 141 2 6.876966e-09
11 141 2 6.945606e-09
12 141 2 6.743642e-09
1 150 2 7.126573e-12
2 150 2 7.801154e-12
3 150 2 8.350249e-12
4 150 2 8.538812e-12
5 150 2 7.989725e-12
6 150 2 7.046578e-12
7 150 2 6.428445e-12
8 150 2 6.273212e-12
9 150 2 6.070401e-12
10 150 2 5.932289e-12
11 150 2 6.047627e-12
12 150 2 6.434502e-12
1 151 2 4.615597e-09
2 151 2 4.909225e-09
3 151 2 5.205235e-09
4 151 2 5.327972e-09
5 151 2 5.155183e-09
6 151 2 4.852624e-09
7 151 2 4.745402e-09
8 151 2 4.928613e-09
9 151 2 4.692477e-09
10 151 2 4.403405e-09
11 151 2 4.274285e-09
12 151 2 4.380918e-09
1 152 2 3.658915e-09
2 152 2 3.706212e-09
3 152 2 3.740522e-09
4 152 2 3.554462e-09
5 152 2 3.416790e-09
6 152 2 3.355768e-09
7 152 2 3.836540e-09
8 152 2 5.115564e-09
9 152 2 5.430731e-09
10 152 2 4.628663e-09
11 152 2 3.969269e-09
12 152 2 3.670759e-09
1 153 2 4.242003e-09
2 153 2 4.344900e-09
3 153 2 4.584168e-09
4 153 2 4.496464e-09
5 153 2 4.342243e-09
6 153 2 4.263212e-09
7 153 2 4.976523e-09
8 153 2 6.503419e-09
9 153 2 7.909971e-09
10 153 2 7.069889e-09
11 153 2 5.348008e-09
12 153 2 4.462189e-09
1 154 2 1.154087e-08
2 154 2 1.147825e-08
3 154 2 1.194460e-08
4 154 2 1.144514e-08
5 154 2 1.070225e-08
6 154 2 9.626796e-09
7 154 2 9.090225e-09
8 154 2 9.469576e-09
9 154 2 1.067682e-08
10 154 2 1.199884e-08
11 154 2 1.264544e-08
12 154 2 1.222754e-08
1 157 2 4.600911e-10
2 157 2 4.777586e-10
3 157 2 5.115090e-10
4 157 2 5.043033e-10
5 157 2 4.915508e-10
6 157 2 4.621422e-10
7 157 2 4.409496e-10
8 157 2 4.365048e-10
9 157 2 4.333499e-10
10 157 2 4.409059e-10
11 157 2 4.440668e-10
12 157 2 4.498620e-10
1 163 2 2.138221e-09
2 163 2 2.166870e-09
3 163 2 2.231172e-09
4 163 2 2.365057e-09
5 163 2 2.367365e-09
6 163 2 2.188722e-09
7 163 2 2.023466e-09
8 163 2 1.900074e-09
9 163 2 1.927283e-09
10 163 2 2.038991e-09
11 163 2 2.118698e-09
12 163 2 2.135299e-09
1 164 2 8.086672e-09
2 164 2 8.017529e-09
3 164 2 8.240710e-09
4 164 2 8.625149e-09
5 164 2 8.523691e-09
6 164 2 7.883756e-09
7 164 2 7.297112e-09
8 164 2 7.127935e-09
9 164 2 7.632566e-09
10 164 2 8.361813e-09
11 164 2 8.530683e-09
12 164 2 8.388628e-09
1 165 2 3.532033e-09
2 165 2 3.461642e-09
3 165 2 3.505160e-09
4 165 2 3.582689e-09
5 165 2 3.543366e-09
6 165 2 3.260398e-09
7 165 2 3.074110e-09
8 165 2 3.111556e-09
9 165 2 3.316583e-09
10 165 2 3.546146e-09
11 165 2 3.730398e-09
12 165 2 3.734793e-09
1 166 2 1.541706e-09
2 166 2 1.526315e-09
3 166 2 1.501098e-09
4 166 2 1.494055e-09
5 166 2 1.445135e-09
6 166 2 1.336509e-09
7 166 2 1.262069e-09
8 166 2 1.271485e-09
9 166 2 1.319071e-09
10 166 2 1.387566e-09
11 166 2 1.496000e-09
12 166 2 1.571376e-09
1 170 2 7.058498e-11
2 170 2 7.762949e-11
3 170 2 7.627055e-11
4 170 2 6.932585e-11
5 170 2 5.776914e-11
6 170 2 4.857376e-11
7 170 2 4.594317e-11
8 170 2 4.386094e-11
9 170 2 4.459863e-11
10 170 2 4.966026e-11
11 170 2 5.479086e-11
12 170 2 6.309507e-11
1 171 2 2.541650e-10
2 171 2 2.790002e-10
3 171 2 2.823778e-10
4 171 2 2.512269e-10
5 171 2 2.089926e-10
6 171 2 1.790968e-10
7 171 2 1.626006e-10
8 171 2 1.540692e-10
9 171 2 1.563140e-10
10 171 2 1.700260e-10
11 171 2 1.940576e-10
12 171 2 2.292603e-10
1 175 2 7.351266e-12
2 175 2 7.772002e-12
3 175 2 7.794295e-12
4 175 2 7.300285e-12
5 175 2 6.342798e-12
6 175 2 5.779896e-12
7 175 2 5.659969e-12
8 175 2 5.612182e-12
9 175 2 5.219941e-12
10 175 2 5.276621e-12
11 175 2 5.516659e-12
12 175 2 6.435213e-12
1 176 2 5.979596e-08
2 176 2 6.024428e-08
3 176 2 5.897896e-08
4 176 2 5.209123e-08
5 176 2 4.213948e-08
6 176 2 3.818628e-08
7 176 2 3.811663e-08
8 176 2 4.348601e-08
9 176 2 4.736077e-08
10 176 2 5.054548e-08
11 176 2 5.395353e-08
12 176 2 5.731189e-08
1 177 2 4.010972e-08
2 177 2 3.897570e-08
3 177 2 3.680032e-08
4 177 2 3.217943e-08
5 177 2 2.631400e-08
6 177 2 2.246994e-08
7 177 2 2.337962e-08
8 177 2 2.801309e-08
9 177 2 3.520807e-08
10 177 2 3.661505e-08
11 177 2 3.735773e-08
12 177 2 3.743405e-08
1 178 2 8.456305e-09
2 178 2 8.357474e-09
3 178 2 8.011250e-09
4 178 2 6.714715e-09
5 178 2 5.846533e-09
6 178 2 4.941622e-09
7 178 2 4.706582e-09
8 178 2 4.741221e-09
9 178 2 5.407243e-09
10 178 2 5.818040e-09
11 178 2 6.571145e-09
12 178 2 7.295352e-09
1 181 2 1.034004e-10
2 181 2 1.092136e-10
3 181 2 1.107176e-10
4 181 2 1.058609e-10
5 181 2 8.730221e-11
6 181 2 7.548994e-11
7 181 2 6.674865e-11
8 181 2 6.831180e-11
9 181 2 7.400890e-11
10 181 2 8.013782e-11
11 181 2 9.075713e-11
12 181 2 9.663009e-11
1 182 2 1.232761e-08
2 182 2 1.139451e-08
3 182 2 1.074451e-08
4 182 2 8.975293e-09
5 182 2 7.028454e-09
6 182 2 5.256862e-09
7 182 2 5.212168e-09
8 182 2 7.242953e-09
9 182 2 1.005038e-08
10 182 2 1.232643e-08
11 182 2 1.362324e-08
12 182 2 1.307630e-08
1 183 2 2.621068e-09
2 183 2 2.517975e-09
3 183 2 2.403880e-09
4 183 2 2.179662e-09
5 183 2 1.833930e-09
6 183 2 1.488452e-09
7 183 2 1.384848e-09
8 183 2 1.644454e-09
9 183 2 1.912052e-09
10 183 2 2.261955e-09
11 183 2 2.462582e-09
12 183 2 2.532925e-09
1 184 2 8.185258e-10
2 184 2 8.293776e-10
3 184 2 8.032392e-10
4 184 2 7.228633e-10
5 184 2 6.009503e-10
6 184 2 4.856811e-10
7 184 2 4.379623e-10
8 184 2 4.574088e-10
9 184 2 4.845481e-10
10 184 2 5.564425e-10
11 184 2 6.510751e-10
12 184 2 7.420816e-10
1 188 2 1.353799e-10
2 188 2 1.341995e-10
3 188 2 1.243909e-10
4 188 2 1.015737e-10
5 188 2 7.178820e-11
6 188 2 5.460465e-11
7 188 2 4.698685e-11
8 188 2 4.779629e-11
9 188 2 6.473982e-11
10 188 2 8.507724e-11
11 188 2 1.013186e-10
12 188 2 1.263715e-10
1 189 2 1.180975e-10
2 189 2 1.091459e-10
3 189 2 9.900506e-11
4 189 2 7.317945e-11
5 189 2 4.845135e-11
6 189 2 3.426298e-11
7 189 2 3.257677e-11
8 189 2 4.001505e-11
9 189 2 6.437121e-11
10 189 2 9.165518e-11
11 189 2 1.114833e-10
12 189 2 1.164995e-10
1 190 2 4.834447e-10
2 190 2 4.580727e-10
3 190 2 3.976081e-10
4 190 2 2.816175e-10
5 190 2 1.964845e-10
6 190 2 1.425383e-10
7 190 2 1.339307e-10
8 190 2 1.614531e-10
9 190 2 2.267789e-10
10 190 2 3.091545e-10
11 190 2 4.050910e-10
12 190 2 4.545047e-10
1 191 2 3.719360e-10
2 191 2 3.854240e-10
3 191 2 3.746340e-10
4 191 2 3.094897e-10
5 191 2 2.544992e-10
6 191 2 2.090666e-10
7 191 2 1.838048e-10
8 191 2 1.866697e-10
9 191 2 2.036604e-10
10 191 2 2.285879e-10
11 191 2 2.811392e-10
12 191 2 3.307577e-10
1 192 2 4.889004e-10
2 192 2 5.283654e-10
3 192 2 5.147910e-10
4 192 2 4.457320e-10
5 192 2 3.767107e-10
6 192 2 3.207541e-10
7 192 2 2.818790e-10
8 192 2 2.619318e-10
9 192 2 2.696971e-10
10 192 2 2.961583e-10
11 192 2 3.535365e-10
12 192 2 4.245200e-10
1 200 2 3.076606e-07
2 200 2 3.165062e-07
3 200 2 2.588326e-07
4 200 2 1.711068e-07
5 200 2 1.119980e-07
6 200 2 9.121200e-08
7 200 2 8.665613e-08
8 200 2 9.345128e-08
9 200 2 1.035138e-07
10 200 2 1.323475e-07
11 200 2 1.839163e-07
12 200 2 2.533993e-07
1 201 2 1.770759e-07
2 201 2 1.827056e-07
3 201 2 1.672561e-07
4 201 2 1.287418e-07
5 201 2 9.701927e-08
6 201 2 8.026672e-08
7 201 2 7.585654e-08
8 201 2 7.846670e-08
9 201 2 7.765855e-08
10 201 2 9.240361e-08
11 201 2 1.177898e-07
12 201 2 1.467035e-07
1 206 2 8.185318e-09
2 206 2 8.841210e-09
3 206 2 7.998929e-09
4 206 2 6.825851e-09
5 206 2 5.644943e-09
6 206 2 4.921913e-09
7 206 2 4.221500e-09
8 206 2 4.144979e-09
9 206 2 4.486896e-09
10 206 2 5.078914e-09
11 206 2 5.953658e-09
12 206 2 7.014027e-09
1 207 2 3.109009e-10
2 207 2 3.394648e-10
3 207 2 3.219412e-10
4 207 2 2.919204e-10
5 207 2 2.588904e-10
6 207 2 2.220491e-10
7 207 2 1.957164e-10
8 207 2 1.927308e-10
9 207 2 1.944530e-10
10 207 2 2.141830e-10
11 207 2 2.308258e-10
12 207 2 2.640504e-10
1 212 2 1.905965e-10
2 212 2 2.034500e-10
3 212 2 1.805818e-10
4 212 2 1.518134e-10
5 212 2 1.183266e-10
6 212 2 9.549937e-11
7 212 2 7.926988e-11
8 212 2 7.661361e-11
9 212 2 8.701212e-11
10 212 2 1.026702e-10
11 212 2 1.217848e-10
12 212 2 1.610227e-10
1 213 2 4.148761e-11
2 213 2 4.534284e-11
3 213 2 3.842627e-11
4 213 2 3.251685e-11
5 213 2 2.509109e-11
6 213 2 1.934170e-11
7 213 2 1.641544e-11
8 213 2 1.602544e-11
9 213 2 1.930333e-11
10 213 2 2.378912e-11
11 213 2 2.921274e-11
12 213 2 3.574815e-11
1 214 2 1.475748e-09
2 214 2 1.564478e-09
3 214 2 1.256961e-09
4 214 2 9.335888e-10
5 214 2 6.900934e-10
6 214 2 5.085673e-10
7 214 2 4.404270e-10
8 214 2 4.540469e-10
9 214 2 5.731373e-10
10 214 2 7.683814e-10
11 214 2 1.051844e-09
12 214 2 1.275703e-09
1 215 2 5.465007e-10
2 215 2 5.621488e-10
3 215 2 5.241178e-10
4 215 2 4.176997e-10
5 215 2 3.392788e-10
6 215 2 2.726033e-10
7 215 2 2.355670e-10
8 215 2 2.361463e-10
9 215 2 2.655624e-10
10 215 2 3.159339e-10
11 215 2 3.978043e-10
12 215 2 4.805695e-10
1 216 2 7.470731e-09
2 216 2 7.799992e-09
3 216 2 7.314470e-09
4 216 2 5.946240e-09
5 216 2 4.761407e-09
6 216 2 4.096085e-09
7 216 2 3.599392e-09
8 216 2 3.441686e-09
9 216 2 3.571359e-09
10 216 2 4.059185e-09
11 216 2 4.882511e-09
12 216 2 6.274909e-09
1 224 2 8.993219e-09
2 224 2 9.831719e-09
3 224 2 8.579373e-09
4 224 2 7.388128e-09
5 224 2 5.966051e-09
6 224 2 5.069987e-09
7 224 2 4.606034e-09
8 224 2 4.810950e-09
9 224 2 4.947513e-09
10 224 2 5.835354e-09
11 224 2 6.968565e-09
12 224 2 8.314048e-09
1 240 2 4.620275e-10
2 240 2 4.712651e-10
3 240 2 4.309604e-10
4 240 2 3.806056e-10
5 240 2 3.307953e-10
6 240 2 2.853224e-10
7 240 2 2.795345e-10
8 240 2 2.881838e-10
9 240 2 2.805297e-10
10 240 2 3.021011e-10
11 240 2 3.319350e-10
12 240 2 4.113756e-10
