1 7 2 8.731471e-13
2 7 2 7.459199e-13
3 7 2 8.157717e-13
4 7 2 2.108435e-12
5 7 2 7.254527e-12
6 7 2 1.953917e-11
7 7 2 2.643707e-11
8 7 2 1.802504e-11
9 7 2 7.795225e-12
10 7 2 3.417405e-12
11 7 2 1.810588e-12
12 7 2 1.068129e-12
1 25 2 4.880529e-10
2 25 2 4.634042e-10
3 25 2 6.528600e-10
4 25 2 1.191324e-09
5 25 2 3.332752e-09
6 25 2 6.043522e-09
7 25 2 7.326518e-09
8 25 2 5.618145e-09
9 25 2 3.174549e-09
10 25 2 1.485574e-09
11 25 2 7.083389e-10
12 25 2 4.101968e-10
1 26 2 5.378053e-12
2 26 2 4.426189e-12
3 26 2 7.319065e-12
4 26 2 1.633675e-11
5 26 2 4.601812e-11
6 26 2 8.789332e-11
7 26 2 9.536399e-11
8 26 2 7.135164e-11
9 26 2 3.902559e-11
10 26 2 1.570933e-11
11 26 2 8.207480e-12
12 26 2 5.074269e-12
1 27 2 1.736751e-10
2 27 2 1.533396e-10
3 27 2 2.688034e-10
4 27 2 6.846093e-10
5 27 2 1.927911e-09
6 27 2 3.985226e-09
7 27 2 4.494660e-09
8 27 2 3.383013e-09
9 27 2 1.748221e-09
10 27 2 6.564993e-10
11 27 2 3.479212e-10
12 27 2 2.152132e-10
1 28 2 9.038558e-11
2 28 2 8.225330e-11
3 28 2 1.383358e-10
4 28 2 3.760297e-10
5 28 2 1.073795e-09
6 28 2 2.298977e-09
7 28 2 2.740915e-09
8 28 2 2.065310e-09
9 28 2 1.062439e-09
10 28 2 4.137686e-10
11 28 2 2.065593e-10
12 28 2 1.287782e-10
1 29 2 1.214078e-10
2 29 2 1.148521e-10
3 29 2 1.829651e-10
4 29 2 5.501457e-10
5 29 2 1.645177e-09
6 29 2 4.048931e-09
7 29 2 5.515577e-09
8 29 2 4.103628e-09
9 29 2 1.884590e-09
10 29 2 6.984993e-10
11 29 2 3.301834e-10
12 29 2 2.061149e-10
1 30 2 2.747653e-11
2 30 2 2.402994e-11
3 30 2 3.819197e-11
4 30 2 1.168948e-10
5 30 2 3.238169e-10
6 30 2 8.806559e-10
7 30 2 1.276469e-09
8 30 2 9.775283e-10
9 30 2 4.422978e-10
10 30 2 1.731234e-10
11 30 2 7.985705e-11
12 30 2 4.782625e-11
1 31 2 4.910598e-11
2 31 2 3.784029e-11
3 31 2 5.748400e-11
4 31 2 1.599971e-10
5 31 2 4.131900e-10
6 31 2 1.087908e-09
7 31 2 1.534192e-09
8 31 2 1.238362e-09
9 31 2 6.195111e-10
10 31 2 2.837055e-10
11 31 2 1.362133e-10
12 31 2 7.590437e-11
1 32 2 5.804688e-11
2 32 2 4.805165e-11
3 32 2 6.716791e-11
4 32 2 1.492498e-10
5 32 2 3.986261e-10
6 32 2 9.442667e-10
7 32 2 1.218216e-09
8 32 2 1.006301e-09
9 32 2 5.619302e-10
10 32 2 2.896806e-10
11 32 2 1.496951e-10
12 32 2 7.763342e-11
1 35 2 4.090481e-09
2 35 2 3.897612e-09
3 35 2 4.233960e-09
4 35 2 5.642134e-09
5 35 2 8.844798e-09
6 35 2 1.350794e-08
7 35 2 1.625420e-08
8 35 2 1.492566e-08
9 35 2 1.014405e-08
10 35 2 7.334137e-09
11 35 2 5.555217e-09
12 35 2 4.513110e-09
1 36 2 4.904345e-10
2 36 2 4.604226e-10
3 36 2 5.102843e-10
4 36 2 6.128962e-10
5 36 2 8.382372e-10
6 36 2 1.209227e-09
7 36 2 1.424127e-09
8 36 2 1.450797e-09
9 36 2 1.107437e-09
10 36 2 8.676320e-10
11 36 2 6.640732e-10
12 36 2 5.502410e-10
1 37 2 1.133126e-08
2 37 2 1.096708e-08
3 37 2 1.381903e-08
4 37 2 1.776942e-08
5 37 2 2.686397e-08
6 37 2 4.074503e-08
7 37 2 4.738857e-08
8 37 2 4.658408e-08
9 37 2 3.428155e-08
10 37 2 2.570517e-08
11 37 2 1.811729e-08
12 37 2 1.387939e-08
1 38 2 5.853118e-08
2 38 2 5.847871e-08
3 38 2 8.908459e-08
4 38 2 1.320826e-07
5 38 2 2.411486e-07
6 38 2 4.278998e-07
7 38 2 5.072584e-07
8 38 2 4.399405e-07
9 38 2 2.841680e-07
10 38 2 1.942286e-07
11 38 2 1.109860e-07
12 38 2 8.009180e-08
1 39 2 6.285228e-08
2 39 2 6.547942e-08
3 39 2 1.060631e-07
4 39 2 1.637703e-07
5 39 2 3.177687e-07
6 39 2 6.143269e-07
7 39 2 7.628222e-07
8 39 2 6.175943e-07
9 39 2 3.892773e-07
10 39 2 2.458240e-07
11 39 2 1.244308e-07
12 39 2 9.082545e-08
1 40 2 1.558817e-08
2 40 2 1.710292e-08
3 40 2 3.050281e-08
4 40 2 5.129291e-08
5 40 2 1.121289e-07
6 40 2 2.545819e-07
7 40 2 3.185213e-07
8 40 2 2.336592e-07
9 40 2 1.439317e-07
10 40 2 7.755175e-08
11 40 2 3.322093e-08
12 40 2 2.474855e-08
1 41 2 8.298806e-09
2 41 2 8.871838e-09
3 41 2 1.777887e-08
4 41 2 3.166542e-08
5 41 2 7.942152e-08
6 41 2 2.015403e-07
7 41 2 2.605796e-07
8 41 2 1.827693e-07
9 41 2 1.021400e-07
10 41 2 4.426841e-08
11 41 2 1.700673e-08
12 41 2 1.417489e-08
1 42 2 4.488409e-09
2 42 2 4.694965e-09
3 42 2 1.012463e-08
4 42 2 1.997277e-08
5 42 2 5.677924e-08
6 42 2 1.574886e-07
7 42 2 2.204656e-07
8 42 2 1.472304e-07
9 42 2 6.972129e-08
10 42 2 2.495250e-08
11 42 2 9.302770e-09
12 42 2 7.631569e-09
1 43 2 1.260213e-10
2 43 2 1.306678e-10
3 43 2 3.083083e-10
4 43 2 7.522814e-10
5 43 2 2.518024e-09
6 43 2 7.426045e-09
7 43 2 1.085585e-08
8 43 2 6.814548e-09
9 43 2 2.786596e-09
10 43 2 8.555558e-10
11 43 2 2.917629e-10
12 43 2 2.044405e-10
1 44 2 5.202670e-10
2 44 2 5.227511e-10
3 44 2 1.137064e-09
4 44 2 3.074025e-09
5 44 2 1.148446e-08
6 44 2 3.619134e-08
7 44 2 5.289564e-08
8 44 2 3.189574e-08
9 44 2 1.149794e-08
10 44 2 3.406605e-09
11 44 2 1.118058e-09
12 44 2 7.559325e-10
1 45 2 1.195231e-09
2 45 2 1.339505e-09
3 45 2 2.440810e-09
4 45 2 7.198143e-09
5 45 2 3.014442e-08
6 45 2 1.000223e-07
7 45 2 1.399299e-07
8 45 2 8.520317e-08
9 45 2 2.929945e-08
10 45 2 7.480762e-09
11 45 2 2.168351e-09
12 45 2 1.417127e-09
1 46 2 5.419664e-10
2 46 2 6.818070e-10
3 46 2 1.071749e-09
4 46 2 2.976138e-09
5 46 2 1.168717e-08
6 46 2 3.625230e-08
7 46 2 5.071441e-08
8 46 2 3.177824e-08
9 46 2 1.193681e-08
10 46 2 2.893341e-09
11 46 2 7.954937e-10
12 46 2 5.672982e-10
1 47 2 7.128024e-10
2 47 2 9.071391e-10
3 47 2 1.278301e-09
4 47 2 2.864069e-09
5 47 2 9.762175e-09
6 47 2 2.689478e-08
7 47 2 3.647506e-08
8 47 2 2.473270e-08
9 47 2 1.047753e-08
10 47 2 3.231671e-09
11 47 2 9.534276e-10
12 47 2 7.247317e-10
1 48 2 9.646563e-10
2 48 2 1.108137e-09
3 48 2 1.524181e-09
4 48 2 2.976404e-09
5 48 2 9.236351e-09
6 48 2 2.124519e-08
7 48 2 2.823288e-08
8 48 2 1.986345e-08
9 48 2 9.455805e-09
10 48 2 3.525459e-09
11 48 2 1.269121e-09
12 48 2 8.416038e-10
1 49 2 2.798136e-12
2 49 2 2.546057e-12
3 49 2 2.887975e-12
4 49 2 3.380119e-12
5 49 2 4.834290e-12
6 49 2 7.355092e-12
7 49 2 1.096891e-11
8 49 2 1.031472e-11
9 49 2 7.194398e-12
10 49 2 5.148283e-12
11 49 2 3.758664e-12
12 49 2 2.741938e-12
1 50 2 1.141071e-11
2 50 2 9.849717e-12
3 50 2 1.154539e-11
4 50 2 1.316055e-11
5 50 2 1.852255e-11
6 50 2 2.718159e-11
7 50 2 3.751459e-11
8 50 2 3.607640e-11
9 50 2 2.612259e-11
10 50 2 1.862128e-11
11 50 2 1.394140e-11
12 50 2 1.097733e-11
1 51 2 5.690732e-12
2 51 2 5.193685e-12
3 51 2 5.643512e-12
4 51 2 6.514480e-12
5 51 2 8.879400e-12
6 51 2 1.245265e-11
7 51 2 1.622763e-11
8 51 2 1.609288e-11
9 51 2 1.337082e-11
10 51 2 9.404694e-12
11 51 2 7.048473e-12
12 51 2 5.906836e-12
1 52 2 5.984784e-08
2 52 2 6.290522e-08
3 52 2 7.902325e-08
4 52 2 1.152051e-07
5 52 2 1.948270e-07
6 52 2 2.681256e-07
7 52 2 3.439209e-07
8 52 2 3.216838e-07
9 52 2 2.596751e-07
10 52 2 1.483433e-07
11 52 2 8.928817e-08
12 52 2 6.885479e-08
1 53 2 2.922582e-08
2 53 2 3.666773e-08
3 53 2 6.212287e-08
4 53 2 1.355957e-07
5 53 2 2.582156e-07
6 53 2 3.855816e-07
7 53 2 5.352330e-07
8 53 2 4.560809e-07
9 53 2 3.086791e-07
10 53 2 1.361404e-07
11 53 2 6.072231e-08
12 53 2 3.847005e-08
1 54 2 8.383199e-09
2 54 2 1.087515e-08
3 54 2 2.033698e-08
4 54 2 5.053539e-08
5 54 2 9.953898e-08
6 54 2 1.922639e-07
7 54 2 2.731200e-07
8 54 2 2.290181e-07
9 54 2 1.388959e-07
10 54 2 5.907206e-08
11 54 2 2.532098e-08
12 54 2 1.396755e-08
1 55 2 1.211539e-08
2 55 2 1.351189e-08
3 55 2 2.520607e-08
4 55 2 5.902127e-08
5 55 2 1.171221e-07
6 55 2 2.501258e-07
7 55 2 3.476939e-07
8 55 2 2.998558e-07
9 55 2 1.901491e-07
10 55 2 9.117346e-08
11 55 2 4.265657e-08
12 55 2 2.442528e-08
1 56 2 5.252264e-08
2 56 2 5.450703e-08
3 56 2 9.440763e-08
4 56 2 2.105156e-07
5 56 2 4.601589e-07
6 56 2 9.070744e-07
7 56 2 1.254110e-06
8 56 2 1.040848e-06
9 56 2 6.803226e-07
10 56 2 3.505269e-07
11 56 2 1.580305e-07
12 56 2 9.063203e-08
1 57 2 1.081373e-08
2 57 2 1.031737e-08
3 57 2 1.268978e-08
4 57 2 1.926110e-08
5 57 2 3.222683e-08
6 57 2 5.243707e-08
7 57 2 7.467100e-08
8 57 2 6.729680e-08
9 57 2 5.006887e-08
10 57 2 3.216163e-08
11 57 2 1.966701e-08
12 57 2 1.413379e-08
1 60 2 3.536045e-07
2 60 2 3.424340e-07
3 60 2 3.927038e-07
4 60 2 4.657410e-07
5 60 2 5.742216e-07
6 60 2 7.556718e-07
7 60 2 8.797530e-07
8 60 2 8.801230e-07
9 60 2 7.469110e-07
10 60 2 6.097274e-07
11 60 2 4.876394e-07
12 60 2 4.042031e-07
1 61 2 1.122780e-06
2 61 2 1.129534e-06
3 61 2 1.588670e-06
4 61 2 2.392872e-06
5 61 2 3.490470e-06
6 61 2 4.917508e-06
7 61 2 5.819394e-06
8 61 2 5.598739e-06
9 61 2 4.350367e-06
10 61 2 2.959146e-06
11 61 2 1.930431e-06
12 61 2 1.353988e-06
1 62 2 3.725319e-07
2 62 2 4.080102e-07
3 62 2 6.422826e-07
4 62 2 1.162727e-06
5 62 2 1.994328e-06
6 62 2 2.829113e-06
7 62 2 3.459434e-06
8 62 2 3.229256e-06
9 62 2 2.250218e-06
10 62 2 1.341892e-06
11 62 2 7.287069e-07
12 62 2 4.742216e-07
1 63 2 7.538777e-07
2 63 2 9.151754e-07
3 63 2 1.531329e-06
4 63 2 3.220772e-06
5 63 2 6.181191e-06
6 63 2 9.189326e-06
7 63 2 1.175093e-05
8 63 2 1.022561e-05
9 63 2 6.245481e-06
10 63 2 3.410725e-06
11 63 2 1.575439e-06
12 63 2 1.031349e-06
1 64 2 2.300815e-07
2 64 2 2.947584e-07
3 64 2 5.612911e-07
4 64 2 1.329511e-06
5 64 2 2.847394e-06
6 64 2 4.560874e-06
7 64 2 5.781007e-06
8 64 2 4.519456e-06
9 64 2 2.587773e-06
10 64 2 1.143997e-06
11 64 2 5.227506e-07
12 64 2 3.577484e-07
1 65 2 7.782240e-08
2 65 2 9.650026e-08
3 65 2 2.114139e-07
4 65 2 5.961947e-07
5 65 2 1.250030e-06
6 65 2 2.124473e-06
7 65 2 2.753619e-06
8 65 2 2.055152e-06
9 65 2 1.165617e-06
10 65 2 4.136266e-07
11 65 2 1.820866e-07
12 65 2 1.319579e-07
1 66 2 5.150443e-08
2 66 2 6.367553e-08
3 66 2 1.513750e-07
4 66 2 4.966111e-07
5 66 2 1.032596e-06
6 66 2 1.775596e-06
7 66 2 2.448843e-06
8 66 2 1.851328e-06
9 66 2 1.047266e-06
10 66 2 3.469713e-07
11 66 2 1.329646e-07
12 66 2 8.247532e-08
1 67 2 1.740718e-08
2 67 2 2.321167e-08
3 67 2 5.902742e-08
4 67 2 2.180524e-07
5 67 2 4.947483e-07
6 67 2 8.437969e-07
7 67 2 1.179721e-06
8 67 2 9.078920e-07
9 67 2 4.965538e-07
10 67 2 1.826060e-07
11 67 2 5.774139e-08
12 67 2 2.598909e-08
1 68 2 4.188329e-09
2 68 2 5.623799e-09
3 68 2 1.670237e-08
4 68 2 7.677289e-08
5 68 2 2.092160e-07
6 68 2 4.009226e-07
7 68 2 5.748472e-07
8 68 2 4.275333e-07
9 68 2 2.051774e-07
10 68 2 7.537972e-08
11 68 2 1.718925e-08
12 68 2 5.981261e-09
1 69 2 2.533517e-09
2 69 2 3.592056e-09
3 69 2 8.590157e-09
4 69 2 3.766835e-08
5 69 2 1.207854e-07
6 69 2 2.858521e-07
7 69 2 4.187710e-07
8 69 2 3.223689e-07
9 69 2 1.384876e-07
10 69 2 4.503082e-08
11 69 2 8.725348e-09
12 69 2 3.281297e-09
1 70 2 1.062870e-08
2 70 2 1.242292e-08
3 70 2 1.780168e-08
4 70 2 4.644366e-08
5 70 2 1.164659e-07
6 70 2 2.828124e-07
7 70 2 4.577836e-07
8 70 2 4.172258e-07
9 70 2 2.154275e-07
10 70 2 7.678891e-08
11 70 2 2.335461e-08
12 70 2 1.314695e-08
1 71 2 9.040549e-09
2 71 2 9.174043e-09
3 71 2 1.038113e-08
4 71 2 1.665857e-08
5 71 2 3.226146e-08
6 71 2 6.730044e-08
7 71 2 1.032851e-07
8 71 2 1.026912e-07
9 71 2 6.588573e-08
10 71 2 3.138049e-08
11 71 2 1.499126e-08
12 71 2 1.041194e-08
1 72 2 3.795271e-11
2 72 2 3.624814e-11
3 72 2 3.927110e-11
4 72 2 5.007103e-11
5 72 2 7.790683e-11
6 72 2 1.355605e-10
7 72 2 2.099677e-10
8 72 2 2.019396e-10
9 72 2 1.412837e-10
10 72 2 8.566646e-11
11 72 2 5.278235e-11
12 72 2 3.769353e-11
1 76 2 3.989970e-09
2 76 2 3.650412e-09
3 76 2 3.687152e-09
4 76 2 4.010743e-09
5 76 2 5.452673e-09
6 76 2 7.775165e-09
7 76 2 1.042606e-08
8 76 2 1.112652e-08
9 76 2 1.060141e-08
10 76 2 7.079625e-09
11 76 2 4.570195e-09
12 76 2 3.997033e-09
1 77 2 4.068059e-09
2 77 2 5.282342e-09
3 77 2 6.919552e-09
4 77 2 1.118352e-08
5 77 2 1.877758e-08
6 77 2 2.899062e-08
7 77 2 3.939043e-08
8 77 2 3.738791e-08
9 77 2 2.769538e-08
10 77 2 1.399203e-08
11 77 2 6.139745e-09
12 77 2 3.869850e-09
1 78 2 4.445000e-09
2 78 2 6.073465e-09
3 78 2 8.457664e-09
4 78 2 1.516971e-08
5 78 2 2.372105e-08
6 78 2 3.766080e-08
7 78 2 4.648808e-08
8 78 2 4.353045e-08
9 78 2 2.822467e-08
10 78 2 1.496809e-08
11 78 2 8.083093e-09
12 78 2 4.666643e-09
1 79 2 1.278742e-07
2 79 2 1.569038e-07
3 79 2 2.303801e-07
4 79 2 3.821235e-07
5 79 2 5.805517e-07
6 79 2 9.484302e-07
7 79 2 1.162183e-06
8 79 2 1.100962e-06
9 79 2 7.602208e-07
10 79 2 4.589038e-07
11 79 2 2.614597e-07
12 79 2 1.601654e-07
1 80 2 1.834027e-08
2 80 2 1.837608e-08
3 80 2 2.309069e-08
4 80 2 3.122126e-08
5 80 2 4.656374e-08
6 80 2 7.084505e-08
7 80 2 9.122376e-08
8 80 2 9.031000e-08
9 80 2 7.495565e-08
10 80 2 5.255174e-08
11 80 2 3.065659e-08
12 80 2 2.266033e-08
1 81 2 1.636354e-13
2 81 2 1.482931e-13
3 81 2 1.561929e-13
4 81 2 1.852065e-13
5 81 2 2.666956e-13
6 81 2 3.593647e-13
7 81 2 4.795103e-13
8 81 2 5.145039e-13
9 81 2 4.678446e-13
10 81 2 3.589740e-13
11 81 2 2.372955e-13
12 81 2 1.942729e-13
1 84 2 5.203831e-08
2 84 2 5.501759e-08
3 84 2 6.804575e-08
4 84 2 8.598855e-08
5 84 2 1.152847e-07
6 84 2 1.889024e-07
7 84 2 2.530013e-07
8 84 2 2.424381e-07
9 84 2 1.819126e-07
10 84 2 1.148051e-07
11 84 2 7.712344e-08
12 84 2 5.891398e-08
1 85 2 1.703921e-07
2 85 2 1.918750e-07
3 85 2 2.494684e-07
4 85 2 3.624544e-07
5 85 2 5.802105e-07
6 85 2 8.863624e-07
7 85 2 1.226365e-06
8 85 2 1.166651e-06
9 85 2 8.400682e-07
10 85 2 4.633866e-07
11 85 2 2.613305e-07
12 85 2 1.896217e-07
1 86 2 5.200851e-08
2 86 2 5.888452e-08
3 86 2 7.525007e-08
4 86 2 1.093026e-07
5 86 2 1.756709e-07
6 86 2 2.548946e-07
7 86 2 3.501575e-07
8 86 2 3.513029e-07
9 86 2 2.600311e-07
10 86 2 1.507892e-07
11 86 2 8.306209e-08
12 86 2 5.936391e-08
1 87 2 9.564138e-08
2 87 2 1.293918e-07
3 87 2 1.847478e-07
4 87 2 2.920441e-07
5 87 2 5.123525e-07
6 87 2 7.701308e-07
7 87 2 1.044059e-06
8 87 2 1.063861e-06
9 87 2 7.713044e-07
10 87 2 4.342648e-07
11 87 2 1.908045e-07
12 87 2 1.159801e-07
1 88 2 3.365276e-08
2 88 2 4.778964e-08
3 88 2 7.494121e-08
4 88 2 1.421929e-07
5 88 2 2.918217e-07
6 88 2 4.586637e-07
7 88 2 5.873826e-07
8 88 2 5.151805e-07
9 88 2 3.329098e-07
10 88 2 1.573270e-07
11 88 2 8.065664e-08
12 88 2 4.480181e-08
1 89 2 2.269611e-08
2 89 2 3.157869e-08
3 89 2 5.993537e-08
4 89 2 1.127282e-07
5 89 2 2.249621e-07
6 89 2 3.360672e-07
7 89 2 3.920441e-07
8 89 2 3.433372e-07
9 89 2 2.240637e-07
10 89 2 1.066253e-07
11 89 2 5.867057e-08
12 89 2 3.247440e-08
1 90 2 1.729933e-08
2 90 2 2.279995e-08
3 90 2 4.524405e-08
4 90 2 8.120344e-08
5 90 2 1.246831e-07
6 90 2 1.650391e-07
7 90 2 1.853490e-07
8 90 2 1.714992e-07
9 90 2 1.249813e-07
10 90 2 7.454601e-08
11 90 2 4.110119e-08
12 90 2 2.339800e-08
1 91 2 2.038783e-11
2 91 2 2.884788e-11
3 91 2 6.026960e-11
4 91 2 1.138906e-10
5 91 2 1.680848e-10
6 91 2 2.136514e-10
7 91 2 2.398994e-10
8 91 2 2.200108e-10
9 91 2 1.581923e-10
10 91 2 9.792142e-11
11 91 2 5.075065e-11
12 91 2 2.605318e-11
1 92 2 1.094256e-10
2 92 2 1.563078e-10
3 92 2 3.918243e-10
4 92 2 9.348019e-10
5 92 2 1.762901e-09
6 92 2 2.701384e-09
7 92 2 3.242648e-09
8 92 2 2.951329e-09
9 92 2 1.846380e-09
10 92 2 9.812918e-10
11 92 2 3.848633e-10
12 92 2 1.652124e-10
1 93 2 6.538289e-08
2 93 2 7.889029e-08
3 93 2 1.622026e-07
4 93 2 3.780313e-07
5 93 2 6.743865e-07
6 93 2 1.070204e-06
7 93 2 1.435623e-06
8 93 2 1.411340e-06
9 93 2 9.492740e-07
10 93 2 5.466665e-07
11 93 2 2.341123e-07
12 93 2 9.751249e-08
1 94 2 7.542315e-08
2 94 2 7.504292e-08
3 94 2 1.002004e-07
4 94 2 1.775736e-07
5 94 2 3.031074e-07
6 94 2 4.772797e-07
7 94 2 6.593600e-07
8 94 2 7.185564e-07
9 94 2 5.918858e-07
10 94 2 3.572612e-07
11 94 2 1.917509e-07
12 94 2 1.047681e-07
1 98 2 5.047724e-10
2 98 2 4.698761e-10
3 98 2 4.424612e-10
4 98 2 4.710937e-10
5 98 2 5.346590e-10
6 98 2 6.118080e-10
7 98 2 6.881583e-10
8 98 2 7.252853e-10
9 98 2 7.156943e-10
10 98 2 6.765222e-10
11 98 2 6.085270e-10
12 98 2 5.537660e-10
1 101 2 1.992532e-09
2 101 2 2.047394e-09
3 101 2 2.098049e-09
4 101 2 2.587212e-09
5 101 2 3.327206e-09
6 101 2 3.884860e-09
7 101 2 4.146866e-09
8 101 2 4.155305e-09
9 101 2 3.994771e-09
10 101 2 3.425107e-09
11 101 2 2.633814e-09
12 101 2 2.112507e-09
1 102 2 1.276493e-08
2 102 2 1.442899e-08
3 102 2 1.773350e-08
4 102 2 2.218105e-08
5 102 2 2.566872e-08
6 102 2 2.802201e-08
7 102 2 2.881110e-08
8 102 2 2.917515e-08
9 102 2 2.629496e-08
10 102 2 2.025766e-08
11 102 2 1.625931e-08
12 102 2 1.332653e-08
1 103 2 7.123831e-09
2 103 2 7.269929e-09
3 103 2 7.923311e-09
4 103 2 8.953041e-09
5 103 2 1.042653e-08
6 103 2 1.193183e-08
7 103 2 1.290872e-08
8 103 2 1.354742e-08
9 103 2 1.328721e-08
10 103 2 1.161187e-08
11 103 2 9.552587e-09
12 103 2 7.942661e-09
1 104 2 3.343610e-09
2 104 2 3.208443e-09
3 104 2 3.243305e-09
4 104 2 3.555816e-09
5 104 2 4.157856e-09
6 104 2 4.771341e-09
7 104 2 5.354998e-09
8 104 2 5.784704e-09
9 104 2 5.831266e-09
10 104 2 5.447557e-09
11 104 2 4.481106e-09
12 104 2 3.710351e-09
1 107 2 1.219370e-09
2 107 2 1.286413e-09
3 107 2 1.501933e-09
4 107 2 1.721050e-09
5 107 2 1.930049e-09
6 107 2 2.470926e-09
7 107 2 2.700827e-09
8 107 2 2.689899e-09
9 107 2 2.518148e-09
10 107 2 2.153903e-09
11 107 2 1.712274e-09
12 107 2 1.339063e-09
1 108 2 1.619874e-10
2 108 2 2.070200e-10
3 108 2 3.007188e-10
4 108 2 4.657477e-10
5 108 2 7.229648e-10
6 108 2 9.922918e-10
7 108 2 1.062218e-09
8 108 2 9.387775e-10
9 108 2 7.596191e-10
10 108 2 5.240846e-10
11 108 2 2.729949e-10
12 108 2 1.737879e-10
1 109 2 3.076137e-10
2 109 2 4.063129e-10
3 109 2 6.354997e-10
4 109 2 1.102855e-09
5 109 2 1.879027e-09
6 109 2 2.368609e-09
7 109 2 2.406720e-09
8 109 2 2.212452e-09
9 109 2 1.776662e-09
10 109 2 1.246620e-09
11 109 2 5.544656e-10
12 109 2 3.238983e-10
1 110 2 1.355069e-10
2 110 2 1.726098e-10
3 110 2 2.772201e-10
4 110 2 4.291259e-10
5 110 2 6.655571e-10
6 110 2 7.707471e-10
7 110 2 8.286275e-10
8 110 2 8.195061e-10
9 110 2 6.900051e-10
10 110 2 5.030574e-10
11 110 2 2.433313e-10
12 110 2 1.432274e-10
1 111 2 4.649810e-09
2 111 2 5.815557e-09
3 111 2 9.415259e-09
4 111 2 1.426961e-08
5 111 2 2.156643e-08
6 111 2 2.765849e-08
7 111 2 2.923709e-08
8 111 2 2.895822e-08
9 111 2 2.466045e-08
10 111 2 1.605276e-08
11 111 2 8.647506e-09
12 111 2 5.282055e-09
1 112 2 5.355536e-09
2 112 2 6.905309e-09
3 112 2 1.211388e-08
4 112 2 2.014467e-08
5 112 2 3.063337e-08
6 112 2 3.733038e-08
7 112 2 3.801999e-08
8 112 2 3.543856e-08
9 112 2 2.705344e-08
10 112 2 1.796006e-08
11 112 2 1.030720e-08
12 112 2 6.335731e-09
1 113 2 3.072263e-09
2 113 2 3.892272e-09
3 113 2 6.539040e-09
4 113 2 9.778538e-09
5 113 2 1.203343e-08
6 113 2 1.050696e-08
7 113 2 9.015595e-09
8 113 2 8.610627e-09
9 113 2 8.516316e-09
10 113 2 7.776209e-09
11 113 2 5.438971e-09
12 113 2 3.673535e-09
1 114 2 8.374285e-09
2 114 2 1.135595e-08
3 114 2 2.023257e-08
4 114 2 2.949270e-08
5 114 2 3.402591e-08
6 114 2 2.490888e-08
7 114 2 2.057305e-08
8 114 2 1.885769e-08
9 114 2 1.819834e-08
10 114 2 1.628785e-08
11 114 2 1.241658e-08
12 114 2 9.197420e-09
1 115 2 2.865084e-09
2 115 2 4.168440e-09
3 115 2 6.607657e-09
4 115 2 8.190768e-09
5 115 2 7.314744e-09
6 115 2 6.791499e-09
7 115 2 6.550275e-09
8 115 2 6.284525e-09
9 115 2 5.779888e-09
10 115 2 5.165215e-09
11 115 2 3.923718e-09
12 115 2 2.814973e-09
1 116 2 2.075641e-09
2 116 2 2.657074e-09
3 116 2 4.063299e-09
4 116 2 5.751452e-09
5 116 2 6.689301e-09
6 116 2 7.617417e-09
7 116 2 7.985971e-09
8 116 2 7.644347e-09
9 116 2 6.192772e-09
10 116 2 4.950983e-09
11 116 2 3.596792e-09
12 116 2 2.369412e-09
1 117 2 2.028138e-09
2 117 2 2.117883e-09
3 117 2 2.674692e-09
4 117 2 3.661308e-09
5 117 2 4.662379e-09
6 117 2 5.523888e-09
7 117 2 5.880754e-09
8 117 2 5.873043e-09
9 117 2 5.358796e-09
10 117 2 4.587453e-09
11 117 2 3.703277e-09
12 117 2 2.675200e-09
1 126 2 3.671011e-11
2 126 2 3.815640e-11
3 126 2 4.135632e-11
4 126 2 4.366976e-11
5 126 2 4.314612e-11
6 126 2 4.009948e-11
7 126 2 3.865357e-11
8 126 2 3.903121e-11
9 126 2 3.882459e-11
10 126 2 3.815137e-11
11 126 2 3.727862e-11
12 126 2 3.671420e-11
1 127 2 3.698628e-09
2 127 2 3.761580e-09
3 127 2 3.970267e-09
4 127 2 4.121981e-09
5 127 2 4.178137e-09
6 127 2 4.047055e-09
7 127 2 4.048172e-09
8 127 2 4.141071e-09
9 127 2 4.096927e-09
10 127 2 3.932731e-09
11 127 2 3.811304e-09
12 127 2 3.764127e-09
1 128 2 1.677353e-08
2 128 2 1.722626e-08
3 128 2 1.768385e-08
4 128 2 1.726244e-08
5 128 2 1.679210e-08
6 128 2 1.628768e-08
7 128 2 1.735966e-08
8 128 2 1.973801e-08
9 128 2 2.075434e-08
10 128 2 1.960345e-08
11 128 2 1.782647e-08
12 128 2 1.679609e-08
1 129 2 4.781508e-10
2 129 2 4.715857e-10
3 129 2 4.834796e-10
4 129 2 4.975006e-10
5 129 2 5.051769e-10
6 129 2 5.188432e-10
7 129 2 5.421399e-10
8 129 2 5.909315e-10
9 129 2 6.173990e-10
10 129 2 6.201190e-10
11 129 2 5.661899e-10
12 129 2 5.029907e-10
1 133 2 1.027458e-08
2 133 2 1.194572e-08
3 133 2 1.434019e-08
4 133 2 1.472359e-08
5 133 2 1.404479e-08
6 133 2 1.290906e-08
7 133 2 1.152146e-08
8 133 2 1.078854e-08
9 133 2 1.125004e-08
10 133 2 1.198173e-08
11 133 2 1.143076e-08
12 133 2 1.000192e-08
1 135 2 4.439514e-10
2 135 2 5.001778e-10
3 135 2 5.948258e-10
4 135 2 6.405997e-10
5 135 2 6.155549e-10
6 135 2 5.491379e-10
7 135 2 4.744008e-10
8 135 2 4.791484e-10
9 135 2 5.091500e-10
10 135 2 4.788260e-10
11 135 2 4.589505e-10
12 135 2 4.311213e-10
1 136 2 4.966681e-10
2 136 2 5.111719e-10
3 136 2 6.321595e-10
4 136 2 7.685135e-10
5 136 2 8.415569e-10
6 136 2 7.678209e-10
7 136 2 6.794318e-10
8 136 2 6.778734e-10
9 136 2 6.813771e-10
10 136 2 6.409700e-10
11 136 2 6.060338e-10
12 136 2 5.381656e-10
1 137 2 1.208129e-10
2 137 2 1.267452e-10
3 137 2 1.453160e-10
4 137 2 1.596810e-10
5 137 2 1.576148e-10
6 137 2 1.450214e-10
7 137 2 1.341602e-10
8 137 2 1.294512e-10
9 137 2 1.295326e-10
10 137 2 1.349430e-10
11 137 2 1.334166e-10
12 137 2 1.257999e-10
1 138 2 4.830580e-09
2 138 2 5.311992e-09
3 138 2 6.162696e-09
4 138 2 6.858698e-09
5 138 2 6.920005e-09
6 138 2 6.081989e-09
7 138 2 5.634380e-09
8 138 2 5.433661e-09
9 138 2 5.448487e-09
10 138 2 5.480235e-09
11 138 2 5.315933e-09
12 138 2 4.930083e-09
1 139 2 8.152598e-09
2 139 2 9.284303e-09
3 139 2 1.037430e-08
4 139 2 1.088856e-08
5 139 2 1.073511e-08
6 139 2 9.997307e-09
7 139 2 9.458965e-09
8 139 2 9.105814e-09
9 139 2 8.987789e-09
10 139 2 9.057564e-09
11 139 2 8.618965e-09
12 139 2 7.889512e-09
1 140 2 2.699001e-09
2 140 2 2.790867e-09
3 140 2 3.031099e-09
4 140 2 3.434185e-09
5 140 2 3.646613e-09
6 140 2 3.502578e-09
7 140 2 3.316372e-09
8 140 2 3.198613e-09
9 140 2 3.151982e-09
10 140 2 3.169403e-09
11 140 2 3.102463e-09
12 140 2 2.892443e-09
1 141 2 4.234871e-09
2 141 2 4.191052e-09
3 141 2 4.311095e-09
4 141 2 4.731391e-09
5 141 2 5.105798e-09
6 141 2 5.048801e-09
7 141 2 4.912275e-09
8 141 2 4.763413e-09
9 141 2 4.723043e-09
10 141 2 4.734147e-09
11 141 2 4.781400e-09
12 141 2 4.642366e-09
1 150 2 4.916433e-12
2 150 2 5.381809e-12
3 150 2 5.760615e-12
4 150 2 5.890700e-12
5 150 2 5.511899e-12
6 150 2 4.861247e-12
7 150 2 4.434813e-12
8 150 2 4.327722e-12
9 150 2 4.187808e-12
10 150 2 4.092529e-12
11 150 2 4.172097e-12
12 150 2 4.438992e-12
1 151 2 3.181444e-09
2 151 2 3.383837e-09
3 151 2 3.587871e-09
4 151 2 3.672471e-09
5 151 2 3.553371e-09
6 151 2 3.344823e-09
7 151 2 3.270916e-09
8 151 2 3.397200e-09
9 151 2 3.234436e-09
10 151 2 3.035184e-09
11 151 2 2.946184e-09
12 151 2 3.019684e-09
1 152 2 2.520263e-09
2 152 2 2.552841e-09
3 152 2 2.576473e-09
4 152 2 2.448315e-09
5 152 2 2.353487e-09
6 152 2 2.311455e-09
7 152 2 2.642611e-09
8 152 2 3.523603e-09
9 152 2 3.740690e-09
10 152 2 3.188225e-09
11 152 2 2.734035e-09
12 152 2 2.528421e-09
1 153 2 2.921049e-09
2 153 2 2.991904e-09
3 153 2 3.156665e-09
4 153 2 3.096272e-09
5 153 2 2.990075e-09
6 153 2 2.935654e-09
7 153 2 3.426841e-09
8 153 2 4.478264e-09
9 153 2 5.446817e-09
10 153 2 4.868336e-09
11 153 2 3.682646e-09
12 153 2 3.072670e-09
1 154 2 7.949671e-09
2 154 2 7.906538e-09
3 154 2 8.227768e-09
4 154 2 7.883728e-09
5 154 2 7.372004e-09
6 154 2 6.631204e-09
7 154 2 6.261598e-09
8 154 2 6.522906e-09
9 154 2 7.354491e-09
10 154 2 8.265133e-09
11 154 2 8.710529e-09
12 154 2 8.422666e-09
1 157 2 3.169076e-10
2 157 2 3.290768e-10
3 157 2 3.523239e-10
4 157 2 3.473606e-10
5 157 2 3.385768e-10
6 157 2 3.183204e-10
7 157 2 3.037230e-10
8 157 2 3.006615e-10
9 157 2 2.984884e-10
10 157 2 3.036930e-10
11 157 2 3.058702e-10
12 157 2 3.098619e-10
1 163 2 1.473548e-09
2 163 2 1.493291e-09
3 163 2 1.537604e-09
4 163 2 1.629871e-09
5 163 2 1.631461e-09
6 163 2 1.508350e-09
7 163 2 1.394465e-09
8 163 2 1.309430e-09
9 163 2 1.328180e-09
10 163 2 1.405163e-09
11 163 2 1.460094e-09
12 163 2 1.471534e-09
1 164 2 5.577168e-09
2 164 2 5.529481e-09
3 164 2 5.683404e-09
4 164 2 5.948541e-09
5 164 2 5.878568e-09
6 164 2 5.437222e-09
7 164 2 5.032629e-09
8 164 2 4.915952e-09
9 164 2 5.263982e-09
10 164 2 5.766925e-09
11 164 2 5.883391e-09
12 164 2 5.785419e-09
1 165 2 2.434678e-09
2 165 2 2.386156e-09
3 165 2 2.416154e-09
4 165 2 2.469596e-09
5 165 2 2.442490e-09
6 165 2 2.247436e-09
7 165 2 2.119025e-09
8 165 2 2.144838e-09
9 165 2 2.286165e-09
10 165 2 2.444406e-09
11 165 2 2.571413e-09
12 165 2 2.574443e-09
1 166 2 1.061743e-09
2 166 2 1.051143e-09
3 166 2 1.033777e-09
4 166 2 1.028927e-09
5 166 2 9.952359e-10
6 166 2 9.204275e-10
7 166 2 8.691621e-10
8 166 2 8.756466e-10
9 166 2 9.084185e-10
10 166 2 9.555896e-10
11 166 2 1.030266e-09
12 166 2 1.082176e-09
1 170 2 4.876780e-11
2 170 2 5.363492e-11
3 170 2 5.269601e-11
4 170 2 4.789786e-11
5 170 2 3.991322e-11
6 170 2 3.356005e-11
7 170 2 3.174256e-11
8 170 2 3.030392e-11
9 170 2 3.081360e-11
10 170 2 3.431073e-11
11 170 2 3.785550e-11
12 170 2 4.359296e-11
1 171 2 1.753417e-10
2 171 2 1.924748e-10
3 171 2 1.948049e-10
4 171 2 1.733148e-10
5 171 2 1.441784e-10
6 171 2 1.235541e-10
7 171 2 1.121738e-10
8 171 2 1.062882e-10
9 171 2 1.078369e-10
10 171 2 1.172964e-10
11 171 2 1.338752e-10
12 171 2 1.581606e-10
1 175 2 5.053353e-12
2 175 2 5.342572e-12
3 175 2 5.357896e-12
4 175 2 5.018308e-12
5 175 2 4.360119e-12
6 175 2 3.973173e-12
7 175 2 3.890734e-12
8 175 2 3.857884e-12
9 175 2 3.588253e-12
10 175 2 3.627216e-12
11 175 2 3.792221e-12
12 175 2 4.423647e-12
1 176 2 4.643376e-08
2 176 2 4.678190e-08
3 176 2 4.579933e-08
4 176 2 4.045076e-08
5 176 2 3.272286e-08
6 176 2 2.965305e-08
7 176 2 2.959897e-08
8 176 2 3.376849e-08
9 176 2 3.677738e-08
10 176 2 3.925042e-08
11 176 2 4.189690e-08
12 176 2 4.450479e-08
1 177 2 2.926316e-08
2 177 2 2.843580e-08
3 177 2 2.684869e-08
4 177 2 2.347739e-08
5 177 2 1.919811e-08
6 177 2 1.639356e-08
7 177 2 1.705725e-08
8 177 2 2.043772e-08
9 177 2 2.568703e-08
10 177 2 2.671352e-08
11 177 2 2.725536e-08
12 177 2 2.731105e-08
1 178 2 5.825732e-09
2 178 2 5.757644e-09
3 178 2 5.519123e-09
4 178 2 4.625912e-09
5 178 2 4.027803e-09
6 178 2 3.404390e-09
7 178 2 3.242466e-09
8 178 2 3.266330e-09
9 178 2 3.725167e-09
10 178 2 4.008173e-09
11 178 2 4.527004e-09
12 178 2 5.025926e-09
1 181 2 7.118620e-11
2 181 2 7.518835e-11
3 181 2 7.622376e-11
4 181 2 7.288012e-11
5 181 2 6.010338e-11
6 181 2 5.197119e-11
7 181 2 4.595324e-11
8 181 2 4.702939e-11
9 181 2 5.095157e-11
10 181 2 5.517104e-11
11 181 2 6.248193e-11
12 181 2 6.652517e-11
1 182 2 8.496141e-09
2 182 2 7.853054e-09
3 182 2 7.405077e-09
4 182 2 6.185738e-09
5 182 2 4.843984e-09
6 182 2 3.623010e-09
7 182 2 3.592207e-09
8 182 2 4.991816e-09
9 182 2 6.926682e-09
10 182 2 8.495328e-09
11 182 2 9.389085e-09
12 182 2 9.012135e-09
1 183 2 1.808018e-09
2 183 2 1.736904e-09
3 183 2 1.658201e-09
4 183 2 1.503535e-09
5 183 2 1.265048e-09
6 183 2 1.026737e-09
7 183 2 9.552708e-10
8 183 2 1.134348e-09
9 183 2 1.318937e-09
10 183 2 1.560301e-09
11 183 2 1.698694e-09
12 183 2 1.747217e-09
1 184 2 5.632742e-10
2 184 2 5.707420e-10
3 184 2 5.527546e-10
4 184 2 4.974434e-10
5 184 2 4.135481e-10
6 184 2 3.342249e-10
7 184 2 3.013868e-10
8 184 2 3.147690e-10
9 184 2 3.334452e-10
10 184 2 3.829198e-10
11 184 2 4.480419e-10
12 184 2 5.106686e-10
1 188 2 9.324813e-11
2 188 2 9.243512e-11
3 188 2 8.567907e-11
4 188 2 6.996280e-11
5 188 2 4.944691e-11
6 188 2 3.761107e-11
7 188 2 3.236402e-11
8 188 2 3.292155e-11
9 188 2 4.459206e-11
10 188 2 5.860025e-11
11 188 2 6.978708e-11
12 188 2 8.704325e-11
1 189 2 8.139688e-11
2 189 2 7.522713e-11
3 189 2 6.823771e-11
4 189 2 5.043781e-11
5 189 2 3.339434e-11
6 189 2 2.361523e-11
7 189 2 2.245303e-11
8 189 2 2.757976e-11
9 189 2 4.436686e-11
10 189 2 6.317191e-11
11 189 2 7.683812e-11
12 189 2 8.029546e-11
1 190 2 3.331599e-10
2 190 2 3.156752e-10
3 190 2 2.740067e-10
4 190 2 1.940732e-10
5 190 2 1.354049e-10
6 190 2 9.822850e-11
7 190 2 9.229670e-11
8 190 2 1.112634e-10
9 190 2 1.562819e-10
10 190 2 2.130500e-10
11 190 2 2.791635e-10
12 190 2 3.132163e-10
1 191 2 2.560960e-10
2 191 2 2.653832e-10
3 191 2 2.579537e-10
4 191 2 2.130987e-10
5 191 2 1.752351e-10
6 191 2 1.439526e-10
7 191 2 1.265585e-10
8 191 2 1.285312e-10
9 191 2 1.402301e-10
10 191 2 1.573939e-10
11 191 2 1.935780e-10
12 191 2 2.277428e-10
1 192 2 3.369650e-10
2 192 2 3.641654e-10
3 192 2 3.548096e-10
4 192 2 3.072120e-10
5 192 2 2.596404e-10
6 192 2 2.210734e-10
7 192 2 1.942796e-10
8 192 2 1.805313e-10
9 192 2 1.858834e-10
10 192 2 2.041213e-10
11 192 2 2.436680e-10
12 192 2 2.925920e-10
1 200 2 2.395500e-07
2 200 2 2.464373e-07
3 200 2 2.015317e-07
4 200 2 1.332268e-07
5 200 2 8.720363e-08
6 200 2 7.101929e-08
7 200 2 6.747201e-08
8 200 2 7.276283e-08
9 200 2 8.059771e-08
10 200 2 1.030481e-07
11 200 2 1.432005e-07
12 200 2 1.973012e-07
1 201 2 1.375925e-07
2 201 2 1.419669e-07
3 201 2 1.299623e-07
4 201 2 1.000357e-07
5 201 2 7.538644e-08
6 201 2 6.236928e-08
7 201 2 5.894246e-08
8 201 2 6.097062e-08
9 201 2 6.034267e-08
10 201 2 7.179995e-08
11 201 2 9.152566e-08
12 201 2 1.139924e-07
1 206 2 5.647533e-09
2 206 2 6.100071e-09
3 206 2 5.518932e-09
4 206 2 4.709556e-09
5 206 2 3.894778e-09
6 206 2 3.395918e-09
7 206 2 2.912662e-09
8 206 2 2.859865e-09
9 206 2 3.095774e-09
10 206 2 3.504241e-09
11 206 2 4.107779e-09
12 206 2 4.839390e-09
1 207 2 2.140915e-10
2 207 2 2.337610e-10
3 207 2 2.216940e-10
4 207 2 2.010212e-10
5 207 2 1.782762e-10
6 207 2 1.529067e-10
7 207 2 1.347735e-10
8 207 2 1.327176e-10
9 207 2 1.339035e-10
10 207 2 1.474899e-10
11 207 2 1.589504e-10
12 207 2 1.818295e-10
1 212 2 1.313479e-10
2 212 2 1.402057e-10
3 212 2 1.244463e-10
4 212 2 1.046209e-10
5 212 2 8.154368e-11
6 212 2 6.581253e-11
7 212 2 5.462812e-11
8 212 2 5.279758e-11
9 212 2 5.996362e-11
10 212 2 7.075426e-11
11 212 2 8.392687e-11
12 212 2 1.109674e-10
1 213 2 2.859058e-11
2 213 2 3.124736e-11
3 213 2 2.648090e-11
4 213 2 2.240852e-11
5 213 2 1.729116e-11
6 213 2 1.332905e-11
7 213 2 1.131246e-11
8 213 2 1.104370e-11
9 213 2 1.330261e-11
10 213 2 1.639393e-11
11 213 2 2.013154e-11
12 213 2 2.463532e-11
1 214 2 1.016525e-09
2 214 2 1.077644e-09
3 214 2 8.658200e-10
4 214 2 6.430747e-10
5 214 2 4.753502e-10
6 214 2 3.503113e-10
7 214 2 3.033749e-10
8 214 2 3.127566e-10
9 214 2 3.947885e-10
10 214 2 5.292765e-10
11 214 2 7.245310e-10
12 214 2 8.787300e-10
1 215 2 3.766008e-10
2 215 2 3.873841e-10
3 215 2 3.611764e-10
4 215 2 2.878423e-10
5 215 2 2.338014e-10
6 215 2 1.878545e-10
7 215 2 1.623323e-10
8 215 2 1.627315e-10
9 215 2 1.830025e-10
10 215 2 2.177141e-10
11 215 2 2.741321e-10
12 215 2 3.311667e-10
1 216 2 5.816728e-09
2 216 2 6.073092e-09
3 216 2 5.695063e-09
4 216 2 4.629756e-09
5 216 2 3.707242e-09
6 216 2 3.189222e-09
7 216 2 2.802495e-09
8 216 2 2.679704e-09
9 216 2 2.780669e-09
10 216 2 3.160491e-09
11 216 2 3.801535e-09
12 216 2 4.885659e-09
1 224 2 7.002204e-09
2 224 2 7.655067e-09
3 224 2 6.679980e-09
4 224 2 5.752465e-09
5 224 2 4.645223e-09
6 224 2 3.947539e-09
7 224 2 3.586301e-09
8 224 2 3.745850e-09
9 224 2 3.852180e-09
10 224 2 4.543461e-09
11 224 2 5.425789e-09
12 224 2 6.473395e-09
1 240 2 3.592713e-10
2 240 2 3.664544e-10
3 240 2 3.351136e-10
4 240 2 2.959579e-10
5 240 2 2.572255e-10
6 240 2 2.218659e-10
7 240 2 2.173652e-10
8 240 2 2.240909e-10
9 240 2 2.181391e-10
10 240 2 2.349130e-10
11 240 2 2.581117e-10
12 240 2 3.198845e-10
