1 7 2 7.129841e-13
2 7 2 6.090943e-13
3 7 2 6.661331e-13
4 7 2 1.721681e-12
5 7 2 5.923815e-12
6 7 2 1.595506e-11
7 7 2 2.158766e-11
8 7 2 1.471867e-11
9 7 2 6.365332e-12
10 7 2 2.790544e-12
11 7 2 1.478468e-12
12 7 2 8.721999e-13
1 25 2 3.990891e-10
2 25 2 3.789335e-10
3 25 2 5.338547e-10
4 25 2 9.741662e-10
5 25 2 2.725248e-09
6 25 2 4.941890e-09
7 25 2 5.991018e-09
8 25 2 4.594052e-09
9 25 2 2.595883e-09
10 25 2 1.214779e-09
11 25 2 5.792207e-10
12 25 2 3.354249e-10
1 26 2 3.709330e-12
2 26 2 3.052814e-12
3 26 2 5.048077e-12
4 26 2 1.126772e-11
5 26 2 3.173944e-11
6 26 2 6.062144e-11
7 26 2 6.577409e-11
8 26 2 4.921238e-11
9 26 2 2.691658e-11
10 26 2 1.083498e-11
11 26 2 5.660832e-12
12 26 2 3.499806e-12
1 27 2 1.391701e-10
2 27 2 1.228747e-10
3 27 2 2.153987e-10
4 27 2 5.485940e-10
5 27 2 1.544882e-09
6 27 2 3.193458e-09
7 27 2 3.601680e-09
8 27 2 2.710890e-09
9 27 2 1.400892e-09
10 27 2 5.260688e-10
11 27 2 2.787977e-10
12 27 2 1.724555e-10
1 28 2 7.389695e-11
2 28 2 6.724820e-11
3 28 2 1.130998e-10
4 28 2 3.074323e-10
5 28 2 8.779071e-10
6 28 2 1.879585e-09
7 28 2 2.240902e-09
8 28 2 1.688545e-09
9 28 2 8.686233e-10
10 28 2 3.382867e-10
11 28 2 1.688776e-10
12 28 2 1.052858e-10
1 29 2 9.899439e-11
2 29 2 9.364899e-11
3 29 2 1.491875e-10
4 29 2 4.485820e-10
5 29 2 1.341457e-09
6 29 2 3.301448e-09
7 29 2 4.497333e-09
8 29 2 3.346047e-09
9 29 2 1.536672e-09
10 29 2 5.695477e-10
11 29 2 2.692275e-10
12 29 2 1.680636e-10
1 30 2 2.246875e-11
2 30 2 1.965032e-11
3 30 2 3.123123e-11
4 30 2 9.558998e-11
5 30 2 2.647991e-10
6 30 2 7.201504e-10
7 30 2 1.043824e-09
8 30 2 7.993672e-10
9 30 2 3.616861e-10
10 30 2 1.415705e-10
11 30 2 6.530256e-11
12 30 2 3.910960e-11
1 31 2 4.009588e-11
2 31 2 3.089725e-11
3 31 2 4.693668e-11
4 31 2 1.306404e-10
5 31 2 3.373767e-10
6 31 2 8.882959e-10
7 31 2 1.252695e-09
8 31 2 1.011144e-09
9 31 2 5.058414e-10
10 31 2 2.316504e-10
11 31 2 1.112205e-10
12 31 2 6.197723e-11
1 32 2 4.742150e-11
2 32 2 3.925588e-11
3 32 2 5.487294e-11
4 32 2 1.219299e-10
5 32 2 3.256583e-10
6 32 2 7.714204e-10
7 32 2 9.952239e-10
8 32 2 8.220997e-10
9 32 2 4.590699e-10
10 32 2 2.366551e-10
11 32 2 1.222937e-10
12 32 2 6.342276e-11
1 35 2 3.340464e-09
2 35 2 3.182959e-09
3 35 2 3.457636e-09
4 35 2 4.607612e-09
5 35 2 7.223045e-09
6 35 2 1.103117e-08
7 35 2 1.327388e-08
8 35 2 1.218894e-08
9 35 2 8.284073e-09
10 35 2 5.989374e-09
11 35 2 4.536631e-09
12 35 2 3.685602e-09
1 36 2 4.007989e-10
2 36 2 3.762722e-10
3 36 2 4.170209e-10
4 36 2 5.008786e-10
5 36 2 6.850346e-10
6 36 2 9.882191e-10
7 36 2 1.163843e-09
8 36 2 1.185638e-09
9 36 2 9.050330e-10
10 36 2 7.090569e-10
11 36 2 5.427021e-10
12 36 2 4.496747e-10
1 37 2 9.253117e-09
2 37 2 8.955731e-09
3 37 2 1.128464e-08
4 37 2 1.451053e-08
5 37 2 2.193715e-08
6 37 2 3.327244e-08
7 37 2 3.869756e-08
8 37 2 3.804062e-08
9 37 2 2.799436e-08
10 37 2 2.099087e-08
11 37 2 1.479460e-08
12 37 2 1.133393e-08
1 38 2 4.779771e-08
2 38 2 4.775486e-08
3 38 2 7.274822e-08
4 38 2 1.078612e-07
5 38 2 1.969266e-07
6 38 2 3.494313e-07
7 38 2 4.142372e-07
8 38 2 3.592641e-07
9 38 2 2.320571e-07
10 38 2 1.586108e-07
11 38 2 9.063336e-08
12 38 2 6.540453e-08
1 39 2 5.135068e-08
2 39 2 5.349708e-08
3 39 2 8.665422e-08
4 39 2 1.338013e-07
5 39 2 2.596189e-07
6 39 2 5.019087e-07
7 39 2 6.232303e-07
8 39 2 5.045782e-07
9 39 2 3.180418e-07
10 39 2 2.008396e-07
11 39 2 1.016607e-07
12 39 2 7.420493e-08
1 40 2 1.273839e-08
2 40 2 1.397622e-08
3 40 2 2.492639e-08
4 40 2 4.191571e-08
5 40 2 9.162984e-08
6 40 2 2.080401e-07
7 40 2 2.602903e-07
8 40 2 1.909424e-07
9 40 2 1.176186e-07
10 40 2 6.337400e-08
11 40 2 2.714759e-08
12 40 2 2.022410e-08
1 41 2 6.780006e-09
2 41 2 7.248165e-09
3 41 2 1.452508e-08
4 41 2 2.587020e-08
5 41 2 6.488625e-08
6 41 2 1.646555e-07
7 41 2 2.128898e-07
8 41 2 1.493199e-07
9 41 2 8.344688e-08
10 41 2 3.616666e-08
11 41 2 1.389426e-08
12 41 2 1.158069e-08
1 42 2 3.668436e-09
2 42 2 3.837257e-09
3 42 2 8.274993e-09
4 42 2 1.632401e-08
5 42 2 4.640642e-08
6 42 2 1.287175e-07
7 42 2 1.801894e-07
8 42 2 1.203333e-07
9 42 2 5.698413e-08
10 42 2 2.039401e-08
11 42 2 7.603277e-09
12 42 2 6.237382e-09
1 43 2 1.030726e-10
2 43 2 1.068730e-10
3 43 2 2.521648e-10
4 43 2 6.152896e-10
5 43 2 2.059487e-09
6 43 2 6.073749e-09
7 43 2 8.878979e-09
8 43 2 5.573607e-09
9 43 2 2.279152e-09
10 43 2 6.997575e-10
11 43 2 2.386323e-10
12 43 2 1.672115e-10
1 44 2 4.254701e-10
2 44 2 4.275016e-10
3 44 2 9.298818e-10
4 44 2 2.513912e-09
5 44 2 9.391899e-09
6 44 2 2.959699e-08
7 44 2 4.325762e-08
8 44 2 2.608408e-08
9 44 2 9.402918e-09
10 44 2 2.785894e-09
11 44 2 9.143384e-10
12 44 2 6.181954e-10
1 45 2 9.766738e-10
2 45 2 1.094566e-09
3 45 2 1.994489e-09
4 45 2 5.881906e-09
5 45 2 2.463228e-08
6 45 2 8.173245e-08
7 45 2 1.143426e-07
8 45 2 6.962310e-08
9 45 2 2.394182e-08
10 45 2 6.112846e-09
11 45 2 1.771851e-09
12 45 2 1.157994e-09
1 46 2 4.431935e-10
2 46 2 5.575482e-10
3 46 2 8.764236e-10
4 46 2 2.433740e-09
5 46 2 9.557194e-09
6 46 2 2.964535e-08
7 46 2 4.147175e-08
8 46 2 2.598668e-08
9 46 2 9.761337e-09
10 46 2 2.366032e-09
11 46 2 6.505156e-10
12 46 2 4.639086e-10
1 47 2 5.826977e-10
2 47 2 7.415631e-10
3 47 2 1.044978e-09
4 47 2 2.341303e-09
5 47 2 7.980329e-09
6 47 2 2.198579e-08
7 47 2 2.981743e-08
8 47 2 2.021835e-08
9 47 2 8.565112e-09
10 47 2 2.641809e-09
11 47 2 7.794027e-10
12 47 2 5.924496e-10
1 48 2 7.879856e-10
2 48 2 9.051890e-10
3 48 2 1.245037e-09
4 48 2 2.431294e-09
5 48 2 7.544771e-09
6 48 2 1.735427e-08
7 48 2 2.306221e-08
8 48 2 1.622559e-08
9 48 2 7.724034e-09
10 48 2 2.879793e-09
11 48 2 1.036689e-09
12 48 2 6.874693e-10
1 49 2 1.926078e-12
2 49 2 1.752561e-12
3 49 2 1.987919e-12
4 49 2 2.326683e-12
5 49 2 3.327652e-12
6 49 2 5.062830e-12
7 49 2 7.550377e-12
8 49 2 7.100069e-12
9 49 2 4.952217e-12
10 49 2 3.543787e-12
11 49 2 2.587252e-12
12 49 2 1.887395e-12
1 50 2 7.857105e-12
2 50 2 6.782247e-12
3 50 2 7.949841e-12
4 50 2 9.061995e-12
5 50 2 1.275413e-11
6 50 2 1.871650e-11
7 50 2 2.583153e-11
8 50 2 2.484122e-11
9 50 2 1.798730e-11
10 50 2 1.282211e-11
11 50 2 9.599665e-12
12 50 2 7.558688e-12
1 51 2 4.088497e-12
2 51 2 3.731394e-12
3 51 2 4.054572e-12
4 51 2 4.680317e-12
5 51 2 6.379391e-12
6 51 2 8.946589e-12
7 51 2 1.165871e-11
8 51 2 1.156190e-11
9 51 2 9.606246e-12
10 51 2 6.756787e-12
11 51 2 5.063964e-12
12 51 2 4.243757e-12
1 52 2 4.863157e-08
2 52 2 5.111595e-08
3 52 2 6.421326e-08
4 52 2 9.361418e-08
5 52 2 1.583139e-07
6 52 2 2.178754e-07
7 52 2 2.794656e-07
8 52 2 2.613961e-07
9 52 2 2.110086e-07
10 52 2 1.205418e-07
11 52 2 7.255439e-08
12 52 2 5.595050e-08
1 53 2 2.385722e-08
2 53 2 2.993209e-08
3 53 2 5.071128e-08
4 53 2 1.106876e-07
5 53 2 2.107830e-07
6 53 2 3.147526e-07
7 53 2 4.369140e-07
8 53 2 3.723016e-07
9 53 2 2.519766e-07
10 53 2 1.111323e-07
11 53 2 4.956799e-08
12 53 2 3.140334e-08
1 54 2 6.829074e-09
2 54 2 8.859056e-09
3 54 2 1.656679e-08
4 54 2 4.116685e-08
5 54 2 8.108587e-08
6 54 2 1.566209e-07
7 54 2 2.224875e-07
8 54 2 1.865614e-07
9 54 2 1.131466e-07
10 54 2 4.812094e-08
11 54 2 2.062683e-08
12 54 2 1.137816e-08
1 55 2 9.885258e-09
2 55 2 1.102470e-08
3 55 2 2.056627e-08
4 55 2 4.815697e-08
5 55 2 9.556296e-08
6 55 2 2.040841e-07
7 55 2 2.836923e-07
8 55 2 2.446600e-07
9 55 2 1.551475e-07
10 55 2 7.439076e-08
11 55 2 3.480459e-08
12 55 2 1.992921e-08
1 56 2 4.288345e-08
2 56 2 4.450367e-08
3 56 2 7.708153e-08
4 56 2 1.718808e-07
5 56 2 3.757085e-07
6 56 2 7.406041e-07
7 56 2 1.023950e-06
8 56 2 8.498267e-07
9 56 2 5.554668e-07
10 56 2 2.861967e-07
11 56 2 1.290281e-07
12 56 2 7.399885e-08
1 57 2 8.830499e-09
2 57 2 8.425172e-09
3 57 2 1.036248e-08
4 57 2 1.572863e-08
5 57 2 2.631645e-08
6 57 2 4.282015e-08
7 57 2 6.097639e-08
8 57 2 5.495462e-08
9 57 2 4.088628e-08
10 57 2 2.626321e-08
11 57 2 1.606009e-08
12 57 2 1.154166e-08
1 60 2 2.752951e-07
2 60 2 2.665985e-07
3 60 2 3.057355e-07
4 60 2 3.625978e-07
5 60 2 4.470543e-07
6 60 2 5.883205e-07
7 60 2 6.849226e-07
8 60 2 6.852107e-07
9 60 2 5.814998e-07
10 60 2 4.746970e-07
11 60 2 3.796466e-07
12 60 2 3.146881e-07
1 61 2 8.747429e-07
2 61 2 8.800045e-07
3 61 2 1.237711e-06
4 61 2 1.864255e-06
5 61 2 2.719378e-06
6 61 2 3.831164e-06
7 61 2 4.533812e-06
8 61 2 4.361902e-06
9 61 2 3.389312e-06
10 61 2 2.305431e-06
11 61 2 1.503972e-06
12 61 2 1.054874e-06
1 62 2 2.918910e-07
2 62 2 3.196894e-07
3 62 2 5.032495e-07
4 62 2 9.110352e-07
5 62 2 1.562622e-06
6 62 2 2.216704e-06
7 62 2 2.710580e-06
8 62 2 2.530228e-06
9 62 2 1.763120e-06
10 62 2 1.051417e-06
11 62 2 5.709658e-07
12 62 2 3.715682e-07
1 63 2 6.107766e-07
2 63 2 7.414567e-07
3 63 2 1.240652e-06
4 63 2 2.609405e-06
5 63 2 5.007877e-06
6 63 2 7.445008e-06
7 63 2 9.520365e-06
8 63 2 8.284583e-06
9 63 2 5.059964e-06
10 63 2 2.763301e-06
11 63 2 1.276389e-06
12 63 2 8.355782e-07
1 64 2 1.879817e-07
2 64 2 2.408242e-07
3 64 2 4.585873e-07
4 64 2 1.086240e-06
5 64 2 2.326384e-06
6 64 2 3.726335e-06
7 64 2 4.723211e-06
8 64 2 3.692496e-06
9 64 2 2.114268e-06
10 64 2 9.346714e-07
11 64 2 4.270989e-07
12 64 2 2.922885e-07
1 65 2 6.355979e-08
2 65 2 7.881453e-08
3 65 2 1.726678e-07
4 65 2 4.869294e-07
5 65 2 1.020936e-06
6 65 2 1.735118e-06
7 65 2 2.248960e-06
8 65 2 1.678502e-06
9 65 2 9.519933e-07
10 65 2 3.378208e-07
11 65 2 1.487153e-07
12 65 2 1.077738e-07
1 66 2 4.208741e-08
2 66 2 5.203316e-08
3 66 2 1.236977e-07
4 66 2 4.058112e-07
5 66 2 8.437974e-07
6 66 2 1.450948e-06
7 66 2 2.001099e-06
8 66 2 1.512833e-06
9 66 2 8.557849e-07
10 66 2 2.835314e-07
11 66 2 1.086535e-07
12 66 2 6.739562e-08
1 67 2 1.421785e-08
2 67 2 1.895884e-08
3 67 2 4.821245e-08
4 67 2 1.781010e-07
5 67 2 4.041008e-07
6 67 2 6.891969e-07
7 67 2 9.635732e-07
8 67 2 7.415485e-07
9 67 2 4.055755e-07
10 67 2 1.491490e-07
11 67 2 4.716204e-08
12 67 2 2.122739e-08
1 68 2 3.421755e-09
2 68 2 4.594496e-09
3 68 2 1.364540e-08
4 68 2 6.272144e-08
5 68 2 1.709239e-07
6 68 2 3.275432e-07
7 68 2 4.696350e-07
8 68 2 3.492835e-07
9 68 2 1.676245e-07
10 68 2 6.158325e-08
11 68 2 1.404316e-08
12 68 2 4.886533e-09
1 69 2 2.070496e-09
2 69 2 2.935579e-09
3 69 2 7.020237e-09
4 69 2 3.078416e-08
5 69 2 9.871087e-08
6 69 2 2.336104e-07
7 69 2 3.422373e-07
8 69 2 2.634535e-07
9 69 2 1.131779e-07
10 69 2 3.680108e-08
11 69 2 7.130721e-09
12 69 2 2.681614e-09
1 70 2 8.683300e-09
2 70 2 1.014912e-08
3 70 2 1.454339e-08
4 70 2 3.794296e-08
5 70 2 9.514887e-08
6 70 2 2.310485e-07
7 70 2 3.739943e-07
8 70 2 3.408599e-07
9 70 2 1.759972e-07
10 70 2 6.273404e-08
11 70 2 1.907995e-08
12 70 2 1.074063e-08
1 71 2 7.391081e-09
2 71 2 7.500218e-09
3 71 2 8.487067e-09
4 71 2 1.361918e-08
5 71 2 2.637529e-08
6 71 2 5.502133e-08
7 71 2 8.444047e-08
8 71 2 8.395500e-08
9 71 2 5.386473e-08
10 71 2 2.565505e-08
11 71 2 1.225607e-08
12 71 2 8.512257e-09
1 72 2 3.101904e-11
2 72 2 2.962588e-11
3 72 2 3.209657e-11
4 72 2 4.092344e-11
5 72 2 6.367385e-11
6 72 2 1.107946e-10
7 72 2 1.716082e-10
8 72 2 1.650468e-10
9 72 2 1.154723e-10
10 72 2 7.001585e-11
11 72 2 4.313942e-11
12 72 2 3.080721e-11
1 76 2 2.749365e-09
2 76 2 2.515386e-09
3 76 2 2.540703e-09
4 76 2 2.763679e-09
5 76 2 3.757269e-09
6 76 2 5.357626e-09
7 76 2 7.184279e-09
8 76 2 7.666943e-09
9 76 2 7.305105e-09
10 76 2 4.878351e-09
11 76 2 3.149180e-09
12 76 2 2.754232e-09
1 77 2 2.803893e-09
2 77 2 3.640832e-09
3 77 2 4.769272e-09
4 77 2 7.708192e-09
5 77 2 1.294237e-08
6 77 2 1.998166e-08
7 77 2 2.714969e-08
8 77 2 2.576946e-08
9 77 2 1.908892e-08
10 77 2 9.643948e-09
11 77 2 4.231793e-09
12 77 2 2.667278e-09
1 78 2 3.061497e-09
2 78 2 4.183104e-09
3 78 2 5.825223e-09
4 78 2 1.044815e-08
5 78 2 1.633789e-08
6 78 2 2.593890e-08
7 78 2 3.201870e-08
8 78 2 2.998163e-08
9 78 2 1.943976e-08
10 78 2 1.030928e-08
11 78 2 5.567236e-09
12 78 2 3.214154e-09
1 79 2 1.027199e-07
2 79 2 1.260390e-07
3 79 2 1.850616e-07
4 79 2 3.069554e-07
5 79 2 4.663504e-07
6 79 2 7.618629e-07
7 79 2 9.335678e-07
8 79 2 8.843899e-07
9 79 2 6.106765e-07
10 79 2 3.686321e-07
11 79 2 2.100275e-07
12 79 2 1.286590e-07
1 80 2 1.410726e-08
2 80 2 1.413480e-08
3 80 2 1.776126e-08
4 80 2 2.401527e-08
5 80 2 3.581664e-08
6 80 2 5.449372e-08
7 80 2 7.016894e-08
8 80 2 6.946608e-08
9 80 2 5.765558e-08
10 80 2 4.042258e-08
11 80 2 2.358093e-08
12 80 2 1.743023e-08
1 81 2 1.335698e-13
2 81 2 1.210465e-13
3 81 2 1.274948e-13
4 81 2 1.511776e-13
5 81 2 2.176943e-13
6 81 2 2.933368e-13
7 81 2 3.914075e-13
8 81 2 4.199716e-13
9 81 2 3.818852e-13
10 81 2 2.930179e-13
11 81 2 1.936960e-13
12 81 2 1.585782e-13
1 84 2 3.856883e-08
2 84 2 4.077695e-08
3 84 2 5.043293e-08
4 84 2 6.373146e-08
5 84 2 8.544466e-08
6 84 2 1.400073e-07
7 84 2 1.875150e-07
8 84 2 1.796859e-07
9 84 2 1.348268e-07
10 84 2 8.508922e-08
11 84 2 5.716097e-08
12 84 2 4.366481e-08
1 85 2 1.312847e-07
2 85 2 1.478370e-07
3 85 2 1.922119e-07
4 85 2 2.792660e-07
5 85 2 4.470440e-07
6 85 2 6.829297e-07
7 85 2 9.448967e-07
8 85 2 8.988884e-07
9 85 2 6.472607e-07
10 85 2 3.570328e-07
11 85 2 2.013515e-07
12 85 2 1.461008e-07
1 86 2 4.004132e-08
2 86 2 4.533515e-08
3 86 2 5.793498e-08
4 86 2 8.415199e-08
5 86 2 1.352489e-07
6 86 2 1.962432e-07
7 86 2 2.695860e-07
8 86 2 2.704679e-07
9 86 2 2.001977e-07
10 86 2 1.160925e-07
11 86 2 6.394944e-08
12 86 2 4.570423e-08
1 87 2 7.682957e-08
2 87 2 1.039416e-07
3 87 2 1.484095e-07
4 87 2 2.346016e-07
5 87 2 4.115773e-07
6 87 2 6.186529e-07
7 87 2 8.387019e-07
8 87 2 8.546092e-07
9 87 2 6.195956e-07
10 87 2 3.488488e-07
11 87 2 1.532749e-07
12 87 2 9.316787e-08
1 88 2 2.705516e-08
2 88 2 3.842050e-08
3 88 2 6.024902e-08
4 88 2 1.143161e-07
5 88 2 2.346102e-07
6 88 2 3.687429e-07
7 88 2 4.722265e-07
8 88 2 4.141796e-07
9 88 2 2.676430e-07
10 88 2 1.264831e-07
11 88 2 6.484395e-08
12 88 2 3.601844e-08
1 89 2 1.791091e-08
2 89 2 2.492071e-08
3 89 2 4.729874e-08
4 89 2 8.896086e-08
5 89 2 1.775316e-07
6 89 2 2.652116e-07
7 89 2 3.093864e-07
8 89 2 2.709488e-07
9 89 2 1.768226e-07
10 89 2 8.414466e-08
11 89 2 4.630060e-08
12 89 2 2.562758e-08
1 90 2 1.408518e-08
2 90 2 1.856381e-08
3 90 2 3.683788e-08
4 90 2 6.611616e-08
5 90 2 1.015175e-07
6 90 2 1.343754e-07
7 90 2 1.509119e-07
8 90 2 1.396353e-07
9 90 2 1.017602e-07
10 90 2 6.069565e-08
11 90 2 3.346475e-08
12 90 2 1.905075e-08
1 91 2 1.404654e-11
2 91 2 1.987524e-11
3 91 2 4.152377e-11
4 91 2 7.846687e-11
5 91 2 1.158049e-10
6 91 2 1.471988e-10
7 91 2 1.652828e-10
8 91 2 1.515802e-10
9 91 2 1.089893e-10
10 91 2 6.746462e-11
11 91 2 3.496552e-11
12 91 2 1.794978e-11
1 92 2 7.538028e-11
2 92 2 1.076761e-10
3 92 2 2.699169e-10
4 92 2 6.439592e-10
5 92 2 1.214414e-09
6 92 2 1.860909e-09
7 92 2 2.233771e-09
8 92 2 2.033089e-09
9 92 2 1.271920e-09
10 92 2 6.759848e-10
11 92 2 2.651217e-10
12 92 2 1.138102e-10
1 93 2 5.138861e-08
2 93 2 6.200495e-08
3 93 2 1.274855e-07
4 93 2 2.971191e-07
5 93 2 5.300437e-07
6 93 2 8.411421e-07
7 93 2 1.128348e-06
8 93 2 1.109262e-06
9 93 2 7.460954e-07
10 93 2 4.296603e-07
11 93 2 1.840039e-07
12 93 2 7.664133e-08
1 94 2 5.879884e-08
2 94 2 5.850242e-08
3 94 2 7.811487e-08
4 94 2 1.384339e-07
5 94 2 2.362983e-07
6 94 2 3.720806e-07
7 94 2 5.140279e-07
8 94 2 5.601766e-07
9 94 2 4.614259e-07
10 94 2 2.785159e-07
11 94 2 1.494864e-07
12 94 2 8.167576e-08
1 98 2 3.480044e-10
2 98 2 3.239459e-10
3 98 2 3.050453e-10
4 98 2 3.247853e-10
5 98 2 3.686091e-10
6 98 2 4.217978e-10
7 98 2 4.744359e-10
8 98 2 5.000323e-10
9 98 2 4.934199e-10
10 98 2 4.664136e-10
11 98 2 4.195357e-10
12 98 2 3.817820e-10
1 101 2 1.372237e-09
2 101 2 1.410020e-09
3 101 2 1.444905e-09
4 101 2 1.781788e-09
5 101 2 2.291414e-09
6 101 2 2.675465e-09
7 101 2 2.855906e-09
8 101 2 2.861718e-09
9 101 2 2.751160e-09
10 101 2 2.358837e-09
11 101 2 1.813882e-09
12 101 2 1.454863e-09
1 102 2 8.791087e-09
2 102 2 9.937110e-09
3 102 2 1.221289e-08
4 102 2 1.527587e-08
5 102 2 1.767780e-08
6 102 2 1.929849e-08
7 102 2 1.984193e-08
8 102 2 2.009265e-08
9 102 2 1.810908e-08
10 102 2 1.395126e-08
11 102 2 1.119763e-08
12 102 2 9.177850e-09
1 103 2 4.908825e-09
2 103 2 5.009497e-09
3 103 2 5.459723e-09
4 103 2 6.169281e-09
5 103 2 7.184619e-09
6 103 2 8.221876e-09
7 103 2 8.895025e-09
8 103 2 9.335132e-09
9 103 2 9.155833e-09
10 103 2 8.001403e-09
11 103 2 6.582410e-09
12 103 2 5.473057e-09
1 104 2 2.304236e-09
2 104 2 2.211086e-09
3 104 2 2.235111e-09
4 104 2 2.450477e-09
5 104 2 2.865371e-09
6 104 2 3.288151e-09
7 104 2 3.690376e-09
8 104 2 3.986506e-09
9 104 2 4.018595e-09
10 104 2 3.754163e-09
11 104 2 3.088137e-09
12 104 2 2.556974e-09
1 107 2 8.398861e-10
2 107 2 8.860646e-10
3 107 2 1.034512e-09
4 107 2 1.185437e-09
5 107 2 1.329393e-09
6 107 2 1.701942e-09
7 107 2 1.860295e-09
8 107 2 1.852768e-09
9 107 2 1.734468e-09
10 107 2 1.483581e-09
11 107 2 1.179392e-09
12 107 2 9.223294e-10
1 108 2 1.117536e-10
2 108 2 1.428212e-10
3 108 2 2.074632e-10
4 108 2 3.213151e-10
5 108 2 4.987668e-10
6 108 2 6.845731e-10
7 108 2 7.328148e-10
8 108 2 6.476540e-10
9 108 2 5.240543e-10
10 108 2 3.615612e-10
11 108 2 1.883367e-10
12 108 2 1.198947e-10
1 109 2 2.121026e-10
2 109 2 2.801566e-10
3 109 2 4.381830e-10
4 109 2 7.604292e-10
5 109 2 1.295607e-09
6 109 2 1.633178e-09
7 109 2 1.659456e-09
8 109 2 1.525506e-09
9 109 2 1.225025e-09
10 109 2 8.595563e-10
11 109 2 3.823092e-10
12 109 2 2.233309e-10
1 110 2 9.332914e-11
2 110 2 1.188835e-10
3 110 2 1.909329e-10
4 110 2 2.955567e-10
5 110 2 4.583965e-10
6 110 2 5.308452e-10
7 110 2 5.707098e-10
8 110 2 5.644276e-10
9 110 2 4.752348e-10
10 110 2 3.464763e-10
11 110 2 1.675922e-10
12 110 2 9.864660e-11
1 111 2 3.204426e-09
2 111 2 4.007802e-09
3 111 2 6.488544e-09
4 111 2 9.833930e-09
5 111 2 1.486255e-08
6 111 2 1.906090e-08
7 111 2 2.014880e-08
8 111 2 1.995661e-08
9 111 2 1.699480e-08
10 111 2 1.106279e-08
11 111 2 5.959445e-09
12 111 2 3.640138e-09
1 112 2 3.690733e-09
2 112 2 4.758749e-09
3 112 2 8.348200e-09
4 112 2 1.388257e-08
5 112 2 2.111079e-08
6 112 2 2.572599e-08
7 112 2 2.620123e-08
8 112 2 2.442225e-08
9 112 2 1.864370e-08
10 112 2 1.237706e-08
11 112 2 7.103139e-09
12 112 2 4.366228e-09
1 113 2 2.116651e-09
2 113 2 2.681600e-09
3 113 2 4.505104e-09
4 113 2 6.736971e-09
5 113 2 8.290488e-09
6 113 2 7.238823e-09
7 113 2 6.211338e-09
8 113 2 5.932334e-09
9 113 2 5.867357e-09
10 113 2 5.357457e-09
11 113 2 3.747206e-09
12 113 2 2.530900e-09
1 114 2 5.770676e-09
2 114 2 7.825330e-09
3 114 2 1.394216e-08
4 114 2 2.032327e-08
5 114 2 2.344708e-08
6 114 2 1.716458e-08
7 114 2 1.417678e-08
8 114 2 1.299474e-08
9 114 2 1.254039e-08
10 114 2 1.122388e-08
11 114 2 8.556203e-09
12 114 2 6.337895e-09
1 115 2 1.974358e-09
2 115 2 2.872514e-09
3 115 2 4.553402e-09
4 115 2 5.644340e-09
5 115 2 5.040663e-09
6 115 2 4.680090e-09
7 115 2 4.513860e-09
8 115 2 4.330729e-09
9 115 2 3.982979e-09
10 115 2 3.559402e-09
11 115 2 2.703873e-09
12 115 2 1.939826e-09
1 116 2 1.429773e-09
2 116 2 1.830284e-09
3 116 2 2.798941e-09
4 116 2 3.961798e-09
5 116 2 4.607821e-09
6 116 2 5.247139e-09
7 116 2 5.501012e-09
8 116 2 5.265689e-09
9 116 2 4.265795e-09
10 116 2 3.410407e-09
11 116 2 2.477594e-09
12 116 2 1.632133e-09
1 117 2 1.548520e-09
2 117 2 1.617042e-09
3 117 2 2.042176e-09
4 117 2 2.795476e-09
5 117 2 3.559812e-09
6 117 2 4.217590e-09
7 117 2 4.490064e-09
8 117 2 4.484176e-09
9 117 2 4.091538e-09
10 117 2 3.502604e-09
11 117 2 2.827520e-09
12 117 2 2.042564e-09
1 126 2 2.528735e-11
2 126 2 2.628361e-11
3 126 2 2.848784e-11
4 126 2 3.008142e-11
5 126 2 2.972072e-11
6 126 2 2.762208e-11
7 126 2 2.662608e-11
8 126 2 2.688621e-11
9 126 2 2.674388e-11
10 126 2 2.628014e-11
11 126 2 2.567896e-11
12 126 2 2.529016e-11
1 127 2 2.550446e-09
2 127 2 2.593856e-09
3 127 2 2.737759e-09
4 127 2 2.842376e-09
5 127 2 2.881099e-09
6 127 2 2.790709e-09
7 127 2 2.791480e-09
8 127 2 2.855539e-09
9 127 2 2.825099e-09
10 127 2 2.711875e-09
11 127 2 2.628143e-09
12 127 2 2.595612e-09
1 128 2 1.155588e-08
2 128 2 1.186778e-08
3 128 2 1.218304e-08
4 128 2 1.189271e-08
5 128 2 1.156868e-08
6 128 2 1.122117e-08
7 128 2 1.195969e-08
8 128 2 1.359822e-08
9 128 2 1.429840e-08
10 128 2 1.350552e-08
11 128 2 1.228129e-08
12 128 2 1.157142e-08
1 129 2 3.292857e-10
2 129 2 3.247646e-10
3 129 2 3.329555e-10
4 129 2 3.426113e-10
5 129 2 3.478977e-10
6 129 2 3.573092e-10
7 129 2 3.733528e-10
8 129 2 4.069539e-10
9 129 2 4.251811e-10
10 129 2 4.270542e-10
11 129 2 3.899152e-10
12 129 2 3.463921e-10
1 133 2 7.075800e-09
2 133 2 8.226664e-09
3 133 2 9.875666e-09
4 133 2 1.013970e-08
5 133 2 9.672233e-09
6 133 2 8.890088e-09
7 133 2 7.934488e-09
8 133 2 7.429746e-09
9 133 2 7.747570e-09
10 133 2 8.251460e-09
11 133 2 7.872026e-09
12 133 2 6.888027e-09
1 135 2 3.059215e-10
2 135 2 3.446665e-10
3 135 2 4.098873e-10
4 135 2 4.414295e-10
5 135 2 4.241714e-10
6 135 2 3.784043e-10
7 135 2 3.269038e-10
8 135 2 3.301754e-10
9 135 2 3.508491e-10
10 135 2 3.299532e-10
11 135 2 3.162572e-10
12 135 2 2.970805e-10
1 136 2 3.427458e-10
2 136 2 3.527548e-10
3 136 2 4.362471e-10
4 136 2 5.303437e-10
5 136 2 5.807502e-10
6 136 2 5.298657e-10
7 136 2 4.688692e-10
8 136 2 4.677938e-10
9 136 2 4.702117e-10
10 136 2 4.423271e-10
11 136 2 4.182180e-10
12 136 2 3.713828e-10
1 137 2 8.313714e-11
2 137 2 8.721942e-11
3 137 2 9.999888e-11
4 137 2 1.098841e-10
5 137 2 1.084623e-10
6 137 2 9.979615e-11
7 137 2 9.232206e-11
8 137 2 8.908156e-11
9 137 2 8.913753e-11
10 137 2 9.286073e-11
11 137 2 9.181029e-11
12 137 2 8.656888e-11
1 138 2 3.328031e-09
2 138 2 3.659700e-09
3 138 2 4.245793e-09
4 138 2 4.725304e-09
5 138 2 4.767541e-09
6 138 2 4.190190e-09
7 138 2 3.881810e-09
8 138 2 3.743524e-09
9 138 2 3.753738e-09
10 138 2 3.775611e-09
11 138 2 3.662415e-09
12 138 2 3.396583e-09
1 139 2 5.615527e-09
2 139 2 6.395048e-09
3 139 2 7.145837e-09
4 139 2 7.500064e-09
5 139 2 7.394370e-09
6 139 2 6.886166e-09
7 139 2 6.515355e-09
8 139 2 6.272104e-09
9 139 2 6.190808e-09
10 139 2 6.238869e-09
11 139 2 5.936761e-09
12 139 2 5.434313e-09
1 140 2 1.860993e-09
2 140 2 1.924335e-09
3 140 2 2.089978e-09
4 140 2 2.367910e-09
5 140 2 2.514382e-09
6 140 2 2.415068e-09
7 140 2 2.286677e-09
8 140 2 2.205481e-09
9 140 2 2.173328e-09
10 140 2 2.185340e-09
11 140 2 2.139184e-09
12 140 2 1.994373e-09
1 141 2 2.919165e-09
2 141 2 2.888960e-09
3 141 2 2.971707e-09
4 141 2 3.261424e-09
5 141 2 3.519509e-09
6 141 2 3.480220e-09
7 141 2 3.386110e-09
8 141 2 3.283497e-09
9 141 2 3.255670e-09
10 141 2 3.263324e-09
11 141 2 3.295896e-09
12 141 2 3.200057e-09
1 150 2 3.378356e-12
2 150 2 3.698142e-12
3 150 2 3.958441e-12
4 150 2 4.047829e-12
5 150 2 3.787534e-12
6 150 2 3.340435e-12
7 150 2 3.047408e-12
8 150 2 2.973820e-12
9 150 2 2.877677e-12
10 150 2 2.812205e-12
11 150 2 2.866881e-12
12 150 2 3.050280e-12
1 151 2 2.190597e-09
2 151 2 2.329955e-09
3 151 2 2.470443e-09
4 151 2 2.528695e-09
5 151 2 2.446688e-09
6 151 2 2.303091e-09
7 151 2 2.252203e-09
8 151 2 2.339156e-09
9 151 2 2.227085e-09
10 151 2 2.089889e-09
11 151 2 2.028607e-09
12 151 2 2.079216e-09
1 152 2 1.736515e-09
2 152 2 1.758962e-09
3 152 2 1.775245e-09
4 152 2 1.686942e-09
5 152 2 1.621603e-09
6 152 2 1.592642e-09
7 152 2 1.820815e-09
8 152 2 2.427838e-09
9 152 2 2.577416e-09
10 152 2 2.196755e-09
11 152 2 1.883809e-09
12 152 2 1.742136e-09
1 153 2 2.012449e-09
2 153 2 2.061264e-09
3 153 2 2.174775e-09
4 153 2 2.133168e-09
5 153 2 2.060004e-09
6 153 2 2.022510e-09
7 153 2 2.360912e-09
8 153 2 3.085287e-09
9 153 2 3.752569e-09
10 153 2 3.354026e-09
11 153 2 2.537149e-09
12 153 2 2.116907e-09
1 154 2 5.478069e-09
2 154 2 5.448346e-09
3 154 2 5.669704e-09
4 154 2 5.432628e-09
5 154 2 5.080002e-09
6 154 2 4.569521e-09
7 154 2 4.314829e-09
8 154 2 4.494894e-09
9 154 2 5.067934e-09
10 154 2 5.695452e-09
11 154 2 6.002372e-09
12 154 2 5.804007e-09
1 157 2 2.184067e-10
2 157 2 2.267935e-10
3 157 2 2.428149e-10
4 157 2 2.393943e-10
5 157 2 2.333407e-10
6 157 2 2.193803e-10
7 157 2 2.093201e-10
8 157 2 2.072102e-10
9 157 2 2.057125e-10
10 157 2 2.092994e-10
11 157 2 2.107999e-10
12 157 2 2.135509e-10
1 163 2 1.014735e-09
2 163 2 1.028332e-09
3 163 2 1.058847e-09
4 163 2 1.122385e-09
5 163 2 1.123480e-09
6 163 2 1.038702e-09
7 163 2 9.602762e-10
8 163 2 9.017181e-10
9 163 2 9.146305e-10
10 163 2 9.676437e-10
11 163 2 1.005470e-09
12 163 2 1.013349e-09
1 164 2 3.840890e-09
2 164 2 3.808049e-09
3 164 2 3.914053e-09
4 164 2 4.096648e-09
5 164 2 4.048459e-09
6 164 2 3.744512e-09
7 164 2 3.465877e-09
8 164 2 3.385523e-09
9 164 2 3.625205e-09
10 164 2 3.971573e-09
11 164 2 4.051780e-09
12 164 2 3.984309e-09
1 165 2 1.677048e-09
2 165 2 1.643625e-09
3 165 2 1.664288e-09
4 165 2 1.701100e-09
5 165 2 1.682429e-09
6 165 2 1.548073e-09
7 165 2 1.459621e-09
8 165 2 1.477401e-09
9 165 2 1.574750e-09
10 165 2 1.683749e-09
11 165 2 1.771234e-09
12 165 2 1.773320e-09
1 166 2 7.325424e-10
2 166 2 7.252294e-10
3 166 2 7.132475e-10
4 166 2 7.099013e-10
5 166 2 6.866566e-10
6 166 2 6.350430e-10
7 166 2 5.996728e-10
8 166 2 6.041467e-10
9 166 2 6.267575e-10
10 166 2 6.593029e-10
11 166 2 7.108253e-10
12 166 2 7.466404e-10
1 170 2 3.358134e-11
2 170 2 3.693282e-11
3 170 2 3.628629e-11
4 170 2 3.298230e-11
5 170 2 2.748411e-11
6 170 2 2.310933e-11
7 170 2 2.185781e-11
8 170 2 2.086717e-11
9 170 2 2.121814e-11
10 170 2 2.362625e-11
11 170 2 2.606717e-11
12 170 2 3.001796e-11
1 171 2 1.206480e-10
2 171 2 1.324368e-10
3 171 2 1.340401e-10
4 171 2 1.192533e-10
5 171 2 9.920534e-11
6 171 2 8.501429e-11
7 171 2 7.718383e-11
8 171 2 7.313410e-11
9 171 2 7.419968e-11
10 171 2 8.070854e-11
11 171 2 9.211595e-11
12 171 2 1.088261e-10
1 175 2 3.480285e-12
2 175 2 3.679472e-12
3 175 2 3.690026e-12
4 175 2 3.456149e-12
5 175 2 3.002849e-12
6 175 2 2.736356e-12
7 175 2 2.679580e-12
8 175 2 2.656956e-12
9 175 2 2.471259e-12
10 175 2 2.498093e-12
11 175 2 2.611733e-12
12 175 2 3.046601e-12
1 176 2 3.609648e-08
2 176 2 3.636712e-08
3 176 2 3.560329e-08
4 176 2 3.144544e-08
5 176 2 2.543796e-08
6 176 2 2.305156e-08
7 176 2 2.300952e-08
8 176 2 2.625080e-08
9 176 2 2.858984e-08
10 176 2 3.051233e-08
11 176 2 3.256963e-08
12 176 2 3.459694e-08
1 177 2 2.143354e-08
2 177 2 2.082755e-08
3 177 2 1.966509e-08
4 177 2 1.719581e-08
5 177 2 1.406149e-08
6 177 2 1.200732e-08
7 177 2 1.249344e-08
8 177 2 1.496943e-08
9 177 2 1.881424e-08
10 177 2 1.956608e-08
11 177 2 1.996295e-08
12 177 2 2.000374e-08
1 178 2 4.014235e-09
2 178 2 3.967319e-09
3 178 2 3.802965e-09
4 178 2 3.187496e-09
5 178 2 2.775368e-09
6 178 2 2.345803e-09
7 178 2 2.234229e-09
8 178 2 2.250673e-09
9 178 2 2.566835e-09
10 178 2 2.761842e-09
11 178 2 3.119343e-09
12 178 2 3.463127e-09
1 181 2 4.900324e-11
2 181 2 5.175824e-11
3 181 2 5.247100e-11
4 181 2 5.016930e-11
5 181 2 4.137403e-11
6 181 2 3.577599e-11
7 181 2 3.163334e-11
8 181 2 3.237415e-11
9 181 2 3.507410e-11
10 181 2 3.797871e-11
11 181 2 4.301138e-11
12 181 2 4.579468e-11
1 182 2 5.846804e-09
2 182 2 5.404250e-09
3 182 2 5.095965e-09
4 182 2 4.256850e-09
5 182 2 3.333493e-09
6 182 2 2.493253e-09
7 182 2 2.472055e-09
8 182 2 3.435227e-09
9 182 2 4.766747e-09
10 182 2 5.846245e-09
11 182 2 6.461303e-09
12 182 2 6.201897e-09
1 183 2 1.241611e-09
2 183 2 1.192775e-09
3 183 2 1.138728e-09
4 183 2 1.032515e-09
5 183 2 8.687403e-10
6 183 2 7.050858e-10
7 183 2 6.560083e-10
8 183 2 7.789848e-10
9 183 2 9.057470e-10
10 183 2 1.071498e-09
11 183 2 1.166536e-09
12 183 2 1.199857e-09
1 184 2 3.883265e-10
2 184 2 3.934749e-10
3 184 2 3.810742e-10
4 184 2 3.429422e-10
5 184 2 2.851040e-10
6 184 2 2.304177e-10
7 184 2 2.077789e-10
8 184 2 2.170047e-10
9 184 2 2.298802e-10
10 184 2 2.639885e-10
11 184 2 3.088843e-10
12 184 2 3.520597e-10
1 188 2 6.427388e-11
2 188 2 6.371349e-11
3 188 2 5.905669e-11
4 188 2 4.822382e-11
5 188 2 3.408266e-11
6 188 2 2.592448e-11
7 188 2 2.230780e-11
8 188 2 2.269210e-11
9 188 2 3.073632e-11
10 188 2 4.039186e-11
11 188 2 4.810270e-11
12 188 2 5.999700e-11
1 189 2 5.609314e-11
2 189 2 5.184137e-11
3 189 2 4.702474e-11
4 189 2 3.475827e-11
5 189 2 2.301309e-11
6 189 2 1.627399e-11
7 189 2 1.547309e-11
8 189 2 1.900607e-11
9 189 2 3.057459e-11
10 189 2 4.353374e-11
11 189 2 5.295155e-11
12 189 2 5.533412e-11
1 190 2 2.295044e-10
2 190 2 2.174596e-10
3 190 2 1.887554e-10
4 190 2 1.336915e-10
5 190 2 9.327655e-11
6 190 2 6.766681e-11
7 190 2 6.358056e-11
8 190 2 7.664618e-11
9 190 2 1.076581e-10
10 190 2 1.467641e-10
11 190 2 1.923077e-10
12 190 2 2.157658e-10
1 191 2 1.767739e-10
2 191 2 1.831845e-10
3 191 2 1.780562e-10
4 191 2 1.470944e-10
5 191 2 1.209585e-10
6 191 2 9.936527e-11
7 191 2 8.735880e-11
8 191 2 8.872046e-11
9 191 2 9.679582e-11
10 191 2 1.086434e-10
11 191 2 1.336199e-10
12 191 2 1.572026e-10
1 192 2 2.321546e-10
2 192 2 2.508946e-10
3 192 2 2.444488e-10
4 192 2 2.116560e-10
5 192 2 1.788813e-10
6 192 2 1.523102e-10
7 192 2 1.338504e-10
8 192 2 1.243784e-10
9 192 2 1.280658e-10
10 192 2 1.406309e-10
11 192 2 1.678770e-10
12 192 2 2.015835e-10
1 200 2 1.863685e-07
2 200 2 1.917268e-07
3 200 2 1.567904e-07
4 200 2 1.036497e-07
5 200 2 6.784390e-08
6 200 2 5.525258e-08
7 200 2 5.249282e-08
8 200 2 5.660904e-08
9 200 2 6.270454e-08
10 200 2 8.017081e-08
11 200 2 1.114092e-07
12 200 2 1.534992e-07
1 201 2 1.067622e-07
2 201 2 1.101565e-07
3 201 2 1.008417e-07
4 201 2 7.762077e-08
5 201 2 5.849467e-08
6 201 2 4.839425e-08
7 201 2 4.573528e-08
8 201 2 4.730899e-08
9 201 2 4.682174e-08
10 201 2 5.571180e-08
11 201 2 7.101759e-08
12 201 2 8.845020e-08
1 206 2 3.889426e-09
2 206 2 4.201087e-09
3 206 2 3.800859e-09
4 206 2 3.243446e-09
5 206 2 2.682313e-09
6 206 2 2.338751e-09
7 206 2 2.005935e-09
8 206 2 1.969574e-09
9 206 2 2.132043e-09
10 206 2 2.413353e-09
11 206 2 2.829006e-09
12 206 2 3.332862e-09
1 207 2 1.476099e-10
2 207 2 1.611714e-10
3 207 2 1.528516e-10
4 207 2 1.385983e-10
5 207 2 1.229163e-10
6 207 2 1.054247e-10
7 207 2 9.292244e-11
8 207 2 9.150492e-11
9 207 2 9.232261e-11
10 207 2 1.016900e-10
11 207 2 1.095917e-10
12 207 2 1.253661e-10
1 212 2 9.046897e-11
2 212 2 9.657003e-11
3 212 2 8.571535e-11
4 212 2 7.206010e-11
5 212 2 5.616514e-11
6 212 2 4.532994e-11
7 212 2 3.762641e-11
8 212 2 3.636559e-11
9 212 2 4.130137e-11
10 212 2 4.873367e-11
11 212 2 5.780663e-11
12 212 2 7.643140e-11
1 213 2 1.969229e-11
2 213 2 2.152219e-11
3 213 2 1.823921e-11
4 213 2 1.543428e-11
5 213 2 1.190960e-11
6 213 2 9.180629e-12
7 213 2 7.791665e-12
8 213 2 7.606552e-12
9 213 2 9.162415e-12
10 213 2 1.129162e-11
11 213 2 1.386596e-11
12 213 2 1.696803e-11
1 214 2 7.004187e-10
2 214 2 7.425316e-10
3 214 2 5.965780e-10
4 214 2 4.430993e-10
5 214 2 3.275317e-10
6 214 2 2.413759e-10
7 214 2 2.090352e-10
8 214 2 2.154995e-10
9 214 2 2.720221e-10
10 214 2 3.646887e-10
11 214 2 4.992254e-10
12 214 2 6.054735e-10
1 215 2 2.593393e-10
2 215 2 2.667651e-10
3 215 2 2.487176e-10
4 215 2 1.982174e-10
5 215 2 1.610031e-10
6 215 2 1.293626e-10
7 215 2 1.117872e-10
8 215 2 1.120621e-10
9 215 2 1.260214e-10
10 215 2 1.499249e-10
11 215 2 1.887761e-10
12 215 2 2.280520e-10
1 216 2 4.526884e-09
2 216 2 4.726400e-09
3 216 2 4.432198e-09
4 216 2 3.603120e-09
5 216 2 2.885171e-09
6 216 2 2.482020e-09
7 216 2 2.181049e-09
8 216 2 2.085487e-09
9 216 2 2.164063e-09
10 216 2 2.459660e-09
11 216 2 2.958554e-09
12 216 2 3.802277e-09
1 224 2 5.454173e-09
2 224 2 5.962702e-09
3 224 2 5.203185e-09
4 224 2 4.480723e-09
5 224 2 3.618267e-09
6 224 2 3.074826e-09
7 224 2 2.793449e-09
8 224 2 2.917726e-09
9 224 2 3.000548e-09
10 224 2 3.539003e-09
11 224 2 4.226268e-09
12 224 2 5.042271e-09
1 240 2 2.793883e-10
2 240 2 2.849743e-10
3 240 2 2.606020e-10
4 240 2 2.301524e-10
5 240 2 2.000321e-10
6 240 2 1.725346e-10
7 240 2 1.690347e-10
8 240 2 1.742649e-10
9 240 2 1.696364e-10
10 240 2 1.826807e-10
11 240 2 2.007213e-10
12 240 2 2.487591e-10
