1 7 2 6.406523e-13
2 7 2 5.473021e-13
3 7 2 5.985544e-13
4 7 2 1.547017e-12
5 7 2 5.322848e-12
6 7 2 1.433643e-11
7 7 2 1.939761e-11
8 7 2 1.322547e-11
9 7 2 5.719573e-12
10 7 2 2.507445e-12
11 7 2 1.328479e-12
12 7 2 7.837159e-13
1 25 2 3.606503e-10
2 25 2 3.424360e-10
3 25 2 4.824357e-10
4 25 2 8.803380e-10
5 25 2 2.462762e-09
6 25 2 4.465905e-09
7 25 2 5.413985e-09
8 25 2 4.151569e-09
9 25 2 2.345857e-09
10 25 2 1.097776e-09
11 25 2 5.234322e-10
12 25 2 3.031179e-10
1 26 2 3.076284e-12
2 26 2 2.531811e-12
3 26 2 4.186556e-12
4 26 2 9.344738e-12
5 26 2 2.632269e-11
6 26 2 5.027559e-11
7 26 2 5.454887e-11
8 26 2 4.081364e-11
9 26 2 2.232291e-11
10 26 2 8.985844e-12
11 26 2 4.694736e-12
12 26 2 2.902518e-12
1 27 2 1.244198e-10
2 27 2 1.098515e-10
3 27 2 1.925692e-10
4 27 2 4.904500e-10
5 27 2 1.381144e-09
6 27 2 2.854992e-09
7 27 2 3.219948e-09
8 27 2 2.423570e-09
9 27 2 1.252415e-09
10 27 2 4.703122e-10
11 27 2 2.492487e-10
12 27 2 1.541775e-10
1 28 2 6.680280e-11
2 28 2 6.079234e-11
3 28 2 1.022422e-10
4 28 2 2.779186e-10
5 28 2 7.936275e-10
6 28 2 1.699144e-09
7 28 2 2.025774e-09
8 28 2 1.526444e-09
9 28 2 7.852350e-10
10 28 2 3.058109e-10
11 28 2 1.526652e-10
12 28 2 9.517830e-11
1 29 2 8.964324e-11
2 29 2 8.480278e-11
3 29 2 1.350950e-10
4 29 2 4.062083e-10
5 29 2 1.214741e-09
6 29 2 2.989589e-09
7 29 2 4.072509e-09
8 29 2 3.029975e-09
9 29 2 1.391515e-09
10 29 2 5.157474e-10
11 29 2 2.437959e-10
12 29 2 1.521881e-10
1 30 2 2.035617e-11
2 30 2 1.780274e-11
3 30 2 2.829478e-11
4 30 2 8.660232e-11
5 30 2 2.399019e-10
6 30 2 6.524397e-10
7 30 2 9.456804e-10
8 30 2 7.242082e-10
9 30 2 3.276792e-10
10 30 2 1.282596e-10
11 30 2 5.916262e-11
12 30 2 3.543239e-11
1 31 2 3.624227e-11
2 31 2 2.792772e-11
3 31 2 4.242560e-11
4 31 2 1.180845e-10
5 31 2 3.049515e-10
6 31 2 8.029220e-10
7 31 2 1.132298e-09
8 31 2 9.139631e-10
9 31 2 4.572251e-10
10 31 2 2.093866e-10
11 31 2 1.005311e-10
12 31 2 5.602060e-11
1 32 2 4.290664e-11
2 32 2 3.551845e-11
3 32 2 4.964866e-11
4 32 2 1.103213e-10
5 32 2 2.946534e-10
6 32 2 6.979758e-10
7 32 2 9.004717e-10
8 32 2 7.438301e-10
9 32 2 4.153633e-10
10 32 2 2.141239e-10
11 32 2 1.106505e-10
12 32 2 5.738448e-11
1 35 2 3.020297e-09
2 35 2 2.877889e-09
3 35 2 3.126239e-09
4 35 2 4.165995e-09
5 35 2 6.530753e-09
6 35 2 9.973886e-09
7 35 2 1.200165e-08
8 35 2 1.102069e-08
9 35 2 7.490087e-09
10 35 2 5.415323e-09
11 35 2 4.101818e-09
12 35 2 3.332355e-09
1 36 2 3.621276e-10
2 36 2 3.399674e-10
3 36 2 3.767843e-10
4 36 2 4.525510e-10
5 36 2 6.189386e-10
6 36 2 8.928701e-10
7 36 2 1.051549e-09
8 36 2 1.071241e-09
9 36 2 8.177103e-10
10 36 2 6.406431e-10
11 36 2 4.903392e-10
12 36 2 4.062876e-10
1 37 2 8.364110e-09
2 37 2 8.095296e-09
3 37 2 1.020045e-08
4 37 2 1.311641e-08
5 37 2 1.982951e-08
6 37 2 3.007575e-08
7 37 2 3.497964e-08
8 37 2 3.438581e-08
9 37 2 2.530476e-08
10 37 2 1.897414e-08
11 37 2 1.337319e-08
12 37 2 1.024500e-08
1 38 2 4.320033e-08
2 38 2 4.316160e-08
3 38 2 6.575099e-08
4 38 2 9.748668e-08
5 38 2 1.779854e-07
6 38 2 3.158215e-07
7 38 2 3.743941e-07
8 38 2 3.247085e-07
9 38 2 2.097369e-07
10 38 2 1.433550e-07
11 38 2 8.191586e-08
12 38 2 5.911365e-08
1 39 2 4.640459e-08
2 39 2 4.834424e-08
3 39 2 7.830769e-08
4 39 2 1.209136e-07
5 39 2 2.346124e-07
6 39 2 4.535649e-07
7 39 2 5.632007e-07
8 39 2 4.559773e-07
9 39 2 2.874080e-07
10 39 2 1.814948e-07
11 39 2 9.186872e-08
12 39 2 6.705751e-08
1 40 2 1.151727e-08
2 40 2 1.263645e-08
3 40 2 2.253692e-08
4 40 2 3.789762e-08
5 40 2 8.284610e-08
6 40 2 1.880971e-07
7 40 2 2.353386e-07
8 40 2 1.726384e-07
9 40 2 1.063435e-07
10 40 2 5.729889e-08
11 40 2 2.454519e-08
12 40 2 1.828540e-08
1 41 2 6.128507e-09
2 41 2 6.551680e-09
3 41 2 1.312935e-08
4 41 2 2.338430e-08
5 41 2 5.865125e-08
6 41 2 1.488336e-07
7 41 2 1.924329e-07
8 41 2 1.349716e-07
9 41 2 7.542837e-08
10 41 2 3.269136e-08
11 41 2 1.255914e-08
12 41 2 1.046788e-08
1 42 2 3.319677e-09
2 42 2 3.472448e-09
3 42 2 7.488287e-09
4 42 2 1.477208e-08
5 42 2 4.199455e-08
6 42 2 1.164803e-07
7 42 2 1.630588e-07
8 42 2 1.088932e-07
9 42 2 5.156664e-08
10 42 2 1.845515e-08
11 42 2 6.880431e-09
12 42 2 5.644393e-09
1 43 2 9.312856e-11
2 43 2 9.656230e-11
3 43 2 2.278369e-10
4 43 2 5.559289e-10
5 43 2 1.860796e-09
6 43 2 5.487777e-09
7 43 2 8.022370e-09
8 43 2 5.035887e-09
9 43 2 2.059268e-09
10 43 2 6.322477e-10
11 43 2 2.156100e-10
12 43 2 1.510796e-10
1 44 2 3.846576e-10
2 44 2 3.864942e-10
3 44 2 8.406845e-10
4 44 2 2.272770e-09
5 44 2 8.490997e-09
6 44 2 2.675795e-08
7 44 2 3.910821e-08
8 44 2 2.358201e-08
9 44 2 8.500959e-09
10 44 2 2.518662e-09
11 44 2 8.266320e-10
12 44 2 5.588961e-10
1 45 2 8.841451e-10
2 45 2 9.908683e-10
3 45 2 1.805534e-09
4 45 2 5.324663e-09
5 45 2 2.229865e-08
6 45 2 7.398924e-08
7 45 2 1.035100e-07
8 45 2 6.302711e-08
9 45 2 2.167361e-08
10 45 2 5.533724e-09
11 45 2 1.603988e-09
12 45 2 1.048288e-09
1 46 2 4.008421e-10
2 46 2 5.042692e-10
3 46 2 7.926730e-10
4 46 2 2.201173e-09
5 46 2 8.643914e-09
6 46 2 2.681246e-08
7 46 2 3.750873e-08
8 46 2 2.350341e-08
9 46 2 8.828549e-09
10 46 2 2.139935e-09
11 46 2 5.883527e-10
12 46 2 4.195777e-10
1 47 2 5.266719e-10
2 47 2 6.702625e-10
3 47 2 9.445047e-10
4 47 2 2.116189e-09
5 47 2 7.213028e-09
6 47 2 1.987188e-08
7 47 2 2.695051e-08
8 47 2 1.827438e-08
9 47 2 7.741585e-09
10 47 2 2.387801e-09
11 47 2 7.044639e-10
12 47 2 5.354862e-10
1 48 2 7.131017e-10
2 48 2 8.191670e-10
3 48 2 1.126718e-09
4 48 2 2.200243e-09
5 48 2 6.827776e-09
6 48 2 1.570506e-08
7 48 2 2.087056e-08
8 48 2 1.468363e-08
9 48 2 6.990003e-09
10 48 2 2.606120e-09
11 48 2 9.381706e-10
12 48 2 6.221377e-10
1 49 2 1.598492e-12
2 49 2 1.454487e-12
3 49 2 1.649815e-12
4 49 2 1.930962e-12
5 49 2 2.761687e-12
6 49 2 4.201747e-12
7 49 2 6.266214e-12
8 49 2 5.892494e-12
9 49 2 4.109947e-12
10 49 2 2.941062e-12
11 49 2 2.147214e-12
12 49 2 1.566388e-12
1 50 2 6.526230e-12
2 50 2 5.633437e-12
3 50 2 6.603259e-12
4 50 2 7.527031e-12
5 50 2 1.059377e-11
6 50 2 1.554621e-11
7 50 2 2.145606e-11
8 50 2 2.063350e-11
9 50 2 1.494053e-11
10 50 2 1.065024e-11
11 50 2 7.973627e-12
12 50 2 6.278361e-12
1 51 2 3.476261e-12
2 51 2 3.172632e-12
3 51 2 3.447416e-12
4 51 2 3.979458e-12
5 51 2 5.424102e-12
6 51 2 7.606872e-12
7 51 2 9.912865e-12
8 51 2 9.830552e-12
9 51 2 8.167748e-12
10 51 2 5.744985e-12
11 51 2 4.305655e-12
12 51 2 3.608270e-12
1 52 2 4.391077e-08
2 52 2 4.615398e-08
3 52 2 5.797989e-08
4 52 2 8.452678e-08
5 52 2 1.429459e-07
6 52 2 1.967256e-07
7 52 2 2.523371e-07
8 52 2 2.360216e-07
9 52 2 1.905254e-07
10 52 2 1.088405e-07
11 52 2 6.551133e-08
12 52 2 5.051922e-08
1 53 2 2.156422e-08
2 53 2 2.705521e-08
3 53 2 4.583724e-08
4 53 2 1.000490e-07
5 53 2 1.905239e-07
6 53 2 2.845007e-07
7 53 2 3.949206e-07
8 53 2 3.365184e-07
9 53 2 2.277582e-07
10 53 2 1.004510e-07
11 53 2 4.480384e-08
12 53 2 2.838505e-08
1 54 2 6.164652e-09
2 54 2 7.997131e-09
3 54 2 1.495496e-08
4 54 2 3.716160e-08
5 54 2 7.319678e-08
6 54 2 1.413828e-07
7 54 2 2.008410e-07
8 54 2 1.684103e-07
9 54 2 1.021382e-07
10 54 2 4.343911e-08
11 54 2 1.861999e-08
12 54 2 1.027115e-08
1 55 2 8.948105e-09
2 55 2 9.979523e-09
3 55 2 1.861653e-08
4 55 2 4.359153e-08
5 55 2 8.650329e-08
6 55 2 1.847363e-07
7 55 2 2.567974e-07
8 55 2 2.214655e-07
9 55 2 1.404390e-07
10 55 2 6.733828e-08
11 55 2 3.150500e-08
12 55 2 1.803986e-08
1 56 2 3.873042e-08
2 56 2 4.019372e-08
3 56 2 6.961659e-08
4 56 2 1.552351e-07
5 56 2 3.393231e-07
6 56 2 6.688805e-07
7 56 2 9.247859e-07
8 56 2 7.675255e-07
9 56 2 5.016728e-07
10 56 2 2.584800e-07
11 56 2 1.165324e-07
12 56 2 6.683245e-08
1 57 2 7.986608e-09
2 57 2 7.620016e-09
3 57 2 9.372185e-09
4 57 2 1.422551e-08
5 57 2 2.380151e-08
6 57 2 3.872803e-08
7 57 2 5.514915e-08
8 57 2 4.970286e-08
9 57 2 3.697896e-08
10 57 2 2.375336e-08
11 57 2 1.452530e-08
12 57 2 1.043868e-08
1 60 2 2.429843e-07
2 60 2 2.353083e-07
3 60 2 2.698519e-07
4 60 2 3.200404e-07
5 60 2 3.945844e-07
6 60 2 5.192704e-07
7 60 2 6.045345e-07
8 60 2 6.047888e-07
9 60 2 5.132503e-07
10 60 2 4.189827e-07
11 60 2 3.350882e-07
12 60 2 2.777538e-07
1 61 2 7.722226e-07
2 61 2 7.768675e-07
3 61 2 1.092651e-06
4 61 2 1.645763e-06
5 61 2 2.400666e-06
6 61 2 3.382150e-06
7 61 2 4.002447e-06
8 61 2 3.850685e-06
9 61 2 2.992083e-06
10 61 2 2.035233e-06
11 61 2 1.327706e-06
12 61 2 9.312419e-07
1 62 2 2.583790e-07
2 62 2 2.829858e-07
3 62 2 4.454714e-07
4 62 2 8.064392e-07
5 62 2 1.383217e-06
6 62 2 1.962204e-06
7 62 2 2.399379e-06
8 62 2 2.239733e-06
9 62 2 1.560696e-06
10 62 2 9.307036e-07
11 62 2 5.054132e-07
12 62 2 3.289085e-07
1 63 2 5.499003e-07
2 63 2 6.675554e-07
3 63 2 1.116996e-06
4 63 2 2.349324e-06
5 63 2 4.508740e-06
6 63 2 6.702961e-06
7 63 2 8.571466e-06
8 63 2 7.458856e-06
9 63 2 4.555635e-06
10 63 2 2.487881e-06
11 63 2 1.149171e-06
12 63 2 7.522958e-07
1 64 2 1.699147e-07
2 64 2 2.176784e-07
3 64 2 4.145123e-07
4 64 2 9.818412e-07
5 64 2 2.102794e-06
6 64 2 3.368195e-06
7 64 2 4.269261e-06
8 64 2 3.337608e-06
9 64 2 1.911065e-06
10 64 2 8.448397e-07
11 64 2 3.860502e-07
12 64 2 2.641965e-07
1 65 2 5.744729e-08
2 65 2 7.123500e-08
3 65 2 1.560625e-07
4 65 2 4.401017e-07
5 65 2 9.227531e-07
6 65 2 1.568253e-06
7 65 2 2.032679e-06
8 65 2 1.517081e-06
9 65 2 8.604408e-07
10 65 2 3.053328e-07
11 65 2 1.344135e-07
12 65 2 9.740926e-08
1 66 2 3.805005e-08
2 66 2 4.704173e-08
3 66 2 1.118317e-07
4 66 2 3.668826e-07
5 66 2 7.628537e-07
6 66 2 1.311761e-06
7 66 2 1.809137e-06
8 66 2 1.367710e-06
9 66 2 7.736912e-07
10 66 2 2.563328e-07
11 66 2 9.823055e-08
12 66 2 6.093049e-08
1 67 2 1.285222e-08
2 67 2 1.713784e-08
3 67 2 4.358163e-08
4 67 2 1.609943e-07
5 67 2 3.652868e-07
6 67 2 6.229993e-07
7 67 2 8.710217e-07
8 67 2 6.703225e-07
9 67 2 3.666198e-07
10 67 2 1.348232e-07
11 67 2 4.263211e-08
12 67 2 1.918849e-08
1 68 2 3.093029e-09
2 68 2 4.153106e-09
3 68 2 1.233449e-08
4 68 2 5.669582e-08
5 68 2 1.545034e-07
6 68 2 2.960764e-07
7 68 2 4.245175e-07
8 68 2 3.157280e-07
9 68 2 1.515210e-07
10 68 2 5.566698e-08
11 68 2 1.269404e-08
12 68 2 4.417086e-09
1 69 2 1.871430e-09
2 69 2 2.653340e-09
3 69 2 6.345281e-09
4 69 2 2.782444e-08
5 69 2 8.922037e-08
6 69 2 2.111500e-07
7 69 2 3.093331e-07
8 69 2 2.381239e-07
9 69 2 1.022965e-07
10 69 2 3.326286e-08
11 69 2 6.445142e-09
12 69 2 2.423791e-09
1 70 2 7.845424e-09
2 70 2 9.169800e-09
3 70 2 1.314006e-08
4 70 2 3.428174e-08
5 70 2 8.596769e-08
6 70 2 2.087540e-07
7 70 2 3.379065e-07
8 70 2 3.079694e-07
9 70 2 1.590148e-07
10 70 2 5.668066e-08
11 70 2 1.723888e-08
12 70 2 9.704238e-09
1 71 2 6.683460e-09
2 71 2 6.782148e-09
3 71 2 7.674516e-09
4 71 2 1.231528e-08
5 71 2 2.385012e-08
6 71 2 4.975359e-08
7 71 2 7.635615e-08
8 71 2 7.591715e-08
9 71 2 4.870773e-08
10 71 2 2.319884e-08
11 71 2 1.108268e-08
12 71 2 7.697294e-09
1 72 2 2.809960e-11
2 72 2 2.683756e-11
3 72 2 2.907572e-11
4 72 2 3.707182e-11
5 72 2 5.768102e-11
6 72 2 1.003669e-10
7 72 2 1.554568e-10
8 72 2 1.495130e-10
9 72 2 1.046043e-10
10 72 2 6.342613e-11
11 72 2 3.907924e-11
12 72 2 2.790771e-11
1 76 2 2.280323e-09
2 76 2 2.086261e-09
3 76 2 2.107259e-09
4 76 2 2.292195e-09
5 76 2 3.116278e-09
6 76 2 4.443614e-09
7 76 2 5.958640e-09
8 76 2 6.358961e-09
9 76 2 6.058853e-09
10 76 2 4.046103e-09
11 76 2 2.611930e-09
12 76 2 2.284360e-09
1 77 2 2.326659e-09
2 77 2 3.021148e-09
3 77 2 3.957523e-09
4 77 2 6.396227e-09
5 77 2 1.073952e-08
6 77 2 1.658071e-08
7 77 2 2.252870e-08
8 77 2 2.138339e-08
9 77 2 1.583991e-08
10 77 2 8.002510e-09
11 77 2 3.511525e-09
12 77 2 2.213297e-09
1 78 2 2.542942e-09
2 78 2 3.474572e-09
3 78 2 4.838549e-09
4 78 2 8.678447e-09
5 78 2 1.357058e-08
6 78 2 2.154538e-08
7 78 2 2.659539e-08
8 78 2 2.490335e-08
9 78 2 1.614706e-08
10 78 2 8.563103e-09
11 78 2 4.624260e-09
12 78 2 2.669742e-09
1 79 2 9.225369e-08
2 79 2 1.131968e-07
3 79 2 1.662056e-07
4 79 2 2.756795e-07
5 79 2 4.188337e-07
6 79 2 6.842362e-07
7 79 2 8.384460e-07
8 79 2 7.942788e-07
9 79 2 5.484543e-07
10 79 2 3.310719e-07
11 79 2 1.886277e-07
12 79 2 1.155499e-07
1 80 2 1.239435e-08
2 80 2 1.241855e-08
3 80 2 1.560468e-08
4 80 2 2.109932e-08
5 80 2 3.146776e-08
6 80 2 4.787706e-08
7 80 2 6.164898e-08
8 80 2 6.103147e-08
9 80 2 5.065500e-08
10 80 2 3.551444e-08
11 80 2 2.071771e-08
12 80 2 1.531384e-08
1 81 2 1.207550e-13
2 81 2 1.094331e-13
3 81 2 1.152628e-13
4 81 2 1.366734e-13
5 81 2 1.968085e-13
6 81 2 2.651938e-13
7 81 2 3.538555e-13
8 81 2 3.796791e-13
9 81 2 3.452468e-13
10 81 2 2.649055e-13
11 81 2 1.751126e-13
12 81 2 1.433641e-13
1 84 2 3.323246e-08
2 84 2 3.513507e-08
3 84 2 4.345505e-08
4 84 2 5.491360e-08
5 84 2 7.362256e-08
6 84 2 1.206359e-07
7 84 2 1.615705e-07
8 84 2 1.548247e-07
9 84 2 1.161722e-07
10 84 2 7.331631e-08
11 84 2 4.925220e-08
12 84 2 3.762336e-08
1 85 2 1.151904e-07
2 85 2 1.297135e-07
3 85 2 1.686485e-07
4 85 2 2.450305e-07
5 85 2 3.922405e-07
6 85 2 5.992088e-07
7 85 2 8.290611e-07
8 85 2 7.886930e-07
9 85 2 5.679125e-07
10 85 2 3.132639e-07
11 85 2 1.766676e-07
12 85 2 1.281902e-07
1 86 2 3.514038e-08
2 86 2 3.978626e-08
3 86 2 5.084391e-08
4 86 2 7.385204e-08
5 86 2 1.186948e-07
6 86 2 1.722236e-07
7 86 2 2.365895e-07
8 86 2 2.373634e-07
9 86 2 1.756941e-07
10 86 2 1.018831e-07
11 86 2 5.612222e-08
12 86 2 4.011017e-08
1 87 2 6.889575e-08
2 87 2 9.320803e-08
3 87 2 1.330840e-07
4 87 2 2.103754e-07
5 87 2 3.690757e-07
6 87 2 5.547676e-07
7 87 2 7.520933e-07
8 87 2 7.663579e-07
9 87 2 5.556130e-07
10 87 2 3.128249e-07
11 87 2 1.374470e-07
12 87 2 8.354688e-08
1 88 2 2.426056e-08
2 88 2 3.445195e-08
3 88 2 5.402575e-08
4 88 2 1.025081e-07
5 88 2 2.103767e-07
6 88 2 3.306545e-07
7 88 2 4.234491e-07
8 88 2 3.713979e-07
9 88 2 2.399974e-07
10 88 2 1.134183e-07
11 88 2 5.814605e-08
12 88 2 3.229800e-08
1 89 2 1.593716e-08
2 89 2 2.217449e-08
3 89 2 4.208650e-08
4 89 2 7.915752e-08
5 89 2 1.579679e-07
6 89 2 2.359857e-07
7 89 2 2.752926e-07
8 89 2 2.410907e-07
9 89 2 1.573371e-07
10 89 2 7.487206e-08
11 89 2 4.119836e-08
12 89 2 2.280346e-08
1 90 2 1.270877e-08
2 90 2 1.674974e-08
3 90 2 3.323807e-08
4 90 2 5.965526e-08
5 90 2 9.159717e-08
6 90 2 1.212442e-07
7 90 2 1.361647e-07
8 90 2 1.259901e-07
9 90 2 9.181617e-08
10 90 2 5.476444e-08
11 90 2 3.019456e-08
12 90 2 1.718910e-08
1 91 2 1.166778e-11
2 91 2 1.650940e-11
3 91 2 3.449179e-11
4 91 2 6.517864e-11
5 91 2 9.619350e-11
6 91 2 1.222709e-10
7 91 2 1.372924e-10
8 91 2 1.259103e-10
9 91 2 9.053214e-11
10 91 2 5.603961e-11
11 91 2 2.904417e-11
12 91 2 1.491001e-11
1 92 2 6.259111e-11
2 92 2 8.940759e-11
3 92 2 2.241223e-10
4 92 2 5.347038e-10
5 92 2 1.008374e-09
6 92 2 1.545183e-09
7 92 2 1.854785e-09
8 92 2 1.688151e-09
9 92 2 1.056124e-09
10 92 2 5.612959e-10
11 92 2 2.201406e-10
12 92 2 9.450096e-11
1 93 2 4.556312e-08
2 93 2 5.497597e-08
3 93 2 1.130335e-07
4 93 2 2.634372e-07
5 93 2 4.699571e-07
6 93 2 7.457889e-07
7 93 2 1.000437e-06
8 93 2 9.835147e-07
9 93 2 6.615169e-07
10 93 2 3.809533e-07
11 93 2 1.631450e-07
12 93 2 6.795315e-08
1 94 2 5.184979e-08
2 94 2 5.158839e-08
3 94 2 6.888297e-08
4 94 2 1.220733e-07
5 94 2 2.083717e-07
6 94 2 3.281068e-07
7 94 2 4.532783e-07
8 94 2 4.939729e-07
9 94 2 4.068930e-07
10 94 2 2.455999e-07
11 94 2 1.318195e-07
12 94 2 7.202303e-08
1 98 2 2.885493e-10
2 98 2 2.686011e-10
3 98 2 2.529295e-10
4 98 2 2.692971e-10
5 98 2 3.056337e-10
6 98 2 3.497354e-10
7 98 2 3.933804e-10
8 98 2 4.146038e-10
9 98 2 4.091211e-10
10 98 2 3.867287e-10
11 98 2 3.478598e-10
12 98 2 3.165561e-10
1 101 2 1.139520e-09
2 101 2 1.170896e-09
3 101 2 1.199865e-09
4 101 2 1.479616e-09
5 101 2 1.902815e-09
6 101 2 2.221735e-09
7 101 2 2.371575e-09
8 101 2 2.376401e-09
9 101 2 2.284592e-09
10 101 2 1.958804e-09
11 101 2 1.506267e-09
12 101 2 1.208133e-09
1 102 2 7.299669e-09
2 102 2 8.251268e-09
3 102 2 1.014096e-08
4 102 2 1.268430e-08
5 102 2 1.467874e-08
6 102 2 1.602448e-08
7 102 2 1.647572e-08
8 102 2 1.668391e-08
9 102 2 1.503686e-08
10 102 2 1.158441e-08
11 102 2 9.297939e-09
12 102 2 7.620817e-09
1 103 2 4.071013e-09
2 103 2 4.154502e-09
3 103 2 4.527887e-09
4 103 2 5.116340e-09
5 103 2 5.958386e-09
6 103 2 6.818610e-09
7 103 2 7.376869e-09
8 103 2 7.741860e-09
9 103 2 7.593164e-09
10 103 2 6.635766e-09
11 103 2 5.458959e-09
12 103 2 4.538944e-09
1 104 2 1.914364e-09
2 104 2 1.836975e-09
3 104 2 1.856935e-09
4 104 2 2.035862e-09
5 104 2 2.380556e-09
6 104 2 2.731803e-09
7 104 2 3.065973e-09
8 104 2 3.311998e-09
9 104 2 3.338657e-09
10 104 2 3.118967e-09
11 104 2 2.565631e-09
12 104 2 2.124340e-09
1 107 2 6.975798e-10
2 107 2 7.359341e-10
3 107 2 8.592293e-10
4 107 2 9.845821e-10
5 107 2 1.104147e-09
6 107 2 1.413573e-09
7 107 2 1.545096e-09
8 107 2 1.538844e-09
9 107 2 1.440588e-09
10 107 2 1.232210e-09
11 107 2 9.795619e-10
12 107 2 7.660544e-10
1 108 2 9.269735e-11
2 108 2 1.184673e-10
3 108 2 1.720865e-10
4 108 2 2.665244e-10
5 108 2 4.137170e-10
6 108 2 5.678395e-10
7 108 2 6.078550e-10
8 108 2 5.372159e-10
9 108 2 4.346924e-10
10 108 2 2.999077e-10
11 108 2 1.562214e-10
12 108 2 9.945021e-11
1 109 2 1.758868e-10
2 109 2 2.323208e-10
3 109 2 3.633648e-10
4 109 2 6.305885e-10
5 109 2 1.074386e-09
6 109 2 1.354318e-09
7 109 2 1.376110e-09
8 109 2 1.265031e-09
9 109 2 1.015856e-09
10 109 2 7.127900e-10
11 109 2 3.170313e-10
12 109 2 1.851979e-10
1 110 2 7.747600e-11
2 110 2 9.868960e-11
3 110 2 1.585005e-10
4 110 2 2.453526e-10
5 110 2 3.805321e-10
6 110 2 4.406744e-10
7 110 2 4.737675e-10
8 110 2 4.685524e-10
9 110 2 3.945102e-10
10 110 2 2.876229e-10
11 110 2 1.391246e-10
12 110 2 8.189023e-11
1 111 2 2.659989e-09
2 111 2 3.326871e-09
3 111 2 5.386132e-09
4 111 2 8.163132e-09
5 111 2 1.233738e-08
6 111 2 1.582243e-08
7 111 2 1.672549e-08
8 111 2 1.656595e-08
9 111 2 1.410736e-08
10 111 2 9.183207e-09
11 111 2 4.946927e-09
12 111 2 3.021674e-09
1 112 2 3.063509e-09
2 112 2 3.950021e-09
3 112 2 6.929461e-09
4 112 2 1.152329e-08
5 112 2 1.752311e-08
6 112 2 2.135397e-08
7 112 2 2.174845e-08
8 112 2 2.027180e-08
9 112 2 1.547529e-08
10 112 2 1.027363e-08
11 112 2 5.895993e-09
12 112 2 3.624207e-09
1 113 2 1.756975e-09
2 113 2 2.225923e-09
3 113 2 3.739565e-09
4 113 2 5.592178e-09
5 113 2 6.881710e-09
6 113 2 6.008751e-09
7 113 2 5.155864e-09
8 113 2 4.924270e-09
9 113 2 4.870335e-09
10 113 2 4.447081e-09
11 113 2 3.110454e-09
12 113 2 2.100832e-09
1 114 2 4.789128e-09
2 114 2 6.494300e-09
3 114 2 1.157070e-08
4 114 2 1.686644e-08
5 114 2 1.945891e-08
6 114 2 1.424502e-08
7 114 2 1.176542e-08
8 114 2 1.078443e-08
9 114 2 1.040736e-08
10 114 2 9.314779e-09
11 114 2 7.100857e-09
12 114 2 5.259867e-09
1 115 2 1.637827e-09
2 115 2 2.382892e-09
3 115 2 3.777272e-09
4 115 2 4.682259e-09
5 115 2 4.181479e-09
6 115 2 3.882366e-09
7 115 2 3.744470e-09
8 115 2 3.592554e-09
9 115 2 3.304078e-09
10 115 2 2.952699e-09
11 115 2 2.242996e-09
12 115 2 1.609181e-09
1 116 2 1.188317e-09
2 116 2 1.521191e-09
3 116 2 2.326264e-09
4 116 2 3.292742e-09
5 116 2 3.829667e-09
6 116 2 4.361019e-09
7 116 2 4.572019e-09
8 116 2 4.376436e-09
9 116 2 3.545401e-09
10 116 2 2.834469e-09
11 116 2 2.059186e-09
12 116 2 1.356503e-09
1 117 2 1.351483e-09
2 117 2 1.411286e-09
3 117 2 1.782325e-09
4 117 2 2.439773e-09
5 117 2 3.106853e-09
6 117 2 3.680934e-09
7 117 2 3.918738e-09
8 117 2 3.913599e-09
9 117 2 3.570922e-09
10 117 2 3.056925e-09
11 117 2 2.467740e-09
12 117 2 1.782663e-09
1 126 2 2.098312e-11
2 126 2 2.180980e-11
3 126 2 2.363884e-11
4 126 2 2.496118e-11
5 126 2 2.466188e-11
6 126 2 2.292045e-11
7 126 2 2.209398e-11
8 126 2 2.230984e-11
9 126 2 2.219173e-11
10 126 2 2.180693e-11
11 126 2 2.130807e-11
12 126 2 2.098545e-11
1 127 2 2.115300e-09
2 127 2 2.151303e-09
3 127 2 2.270655e-09
4 127 2 2.357422e-09
5 127 2 2.389539e-09
6 127 2 2.314571e-09
7 127 2 2.315209e-09
8 127 2 2.368340e-09
9 127 2 2.343093e-09
10 127 2 2.249187e-09
11 127 2 2.179741e-09
12 127 2 2.152760e-09
1 128 2 9.594197e-09
2 128 2 9.853152e-09
3 128 2 1.011489e-08
4 128 2 9.873851e-09
5 128 2 9.604821e-09
6 128 2 9.316302e-09
7 128 2 9.929459e-09
8 128 2 1.128984e-08
9 128 2 1.187116e-08
10 128 2 1.121287e-08
11 128 2 1.019647e-08
12 128 2 9.607101e-09
1 129 2 2.733336e-10
2 129 2 2.695807e-10
3 129 2 2.763798e-10
4 129 2 2.843948e-10
5 129 2 2.887830e-10
6 129 2 2.965953e-10
7 129 2 3.099127e-10
8 129 2 3.378044e-10
9 129 2 3.529344e-10
10 129 2 3.544893e-10
11 129 2 3.236609e-10
12 129 2 2.875332e-10
1 133 2 5.873389e-09
2 133 2 6.828684e-09
3 133 2 8.197467e-09
4 133 2 8.416631e-09
5 133 2 8.028604e-09
6 133 2 7.379371e-09
7 133 2 6.586159e-09
8 133 2 6.167189e-09
9 133 2 6.431004e-09
10 133 2 6.849267e-09
11 133 2 6.534311e-09
12 133 2 5.717526e-09
1 135 2 2.541125e-10
2 135 2 2.862959e-10
3 135 2 3.404713e-10
4 135 2 3.666717e-10
5 135 2 3.523364e-10
6 135 2 3.143201e-10
7 135 2 2.715414e-10
8 135 2 2.742589e-10
9 135 2 2.914315e-10
10 135 2 2.740744e-10
11 135 2 2.626979e-10
12 135 2 2.467687e-10
1 136 2 2.836563e-10
2 136 2 2.919398e-10
3 136 2 3.610380e-10
4 136 2 4.389123e-10
5 136 2 4.806287e-10
6 136 2 4.385167e-10
7 136 2 3.880361e-10
8 136 2 3.871460e-10
9 136 2 3.891471e-10
10 136 2 3.660698e-10
11 136 2 3.461171e-10
12 136 2 3.073563e-10
1 137 2 6.928747e-11
2 137 2 7.268969e-11
3 137 2 8.334024e-11
4 137 2 9.157869e-11
5 137 2 9.039372e-11
6 137 2 8.317128e-11
7 137 2 7.694229e-11
8 137 2 7.424162e-11
9 137 2 7.428826e-11
10 137 2 7.739123e-11
11 137 2 7.651578e-11
12 137 2 7.214753e-11
1 138 2 2.762129e-09
2 138 2 3.037401e-09
3 138 2 3.523834e-09
4 138 2 3.921808e-09
5 138 2 3.956864e-09
6 138 2 3.477685e-09
7 138 2 3.221742e-09
8 138 2 3.106971e-09
9 138 2 3.115448e-09
10 138 2 3.133602e-09
11 138 2 3.039654e-09
12 138 2 2.819024e-09
1 139 2 4.664314e-09
2 139 2 5.311792e-09
3 139 2 5.935405e-09
4 139 2 6.229630e-09
5 139 2 6.141839e-09
6 139 2 5.719720e-09
7 139 2 5.411721e-09
8 139 2 5.209674e-09
9 139 2 5.142149e-09
10 139 2 5.182069e-09
11 139 2 4.931135e-09
12 139 2 4.513796e-09
1 140 2 1.544461e-09
2 140 2 1.597030e-09
3 140 2 1.734498e-09
4 140 2 1.965158e-09
5 140 2 2.086717e-09
6 140 2 2.004295e-09
7 140 2 1.897742e-09
8 140 2 1.830356e-09
9 140 2 1.803672e-09
10 140 2 1.813641e-09
11 140 2 1.775335e-09
12 140 2 1.655155e-09
1 141 2 2.422218e-09
2 141 2 2.397155e-09
3 141 2 2.465816e-09
4 141 2 2.706212e-09
5 141 2 2.920362e-09
6 141 2 2.887761e-09
7 141 2 2.809673e-09
8 141 2 2.724528e-09
9 141 2 2.701438e-09
10 141 2 2.707789e-09
11 141 2 2.734816e-09
12 141 2 2.655293e-09
1 150 2 2.805524e-12
2 150 2 3.071087e-12
3 150 2 3.287250e-12
4 150 2 3.361482e-12
5 150 2 3.145322e-12
6 150 2 2.774033e-12
7 150 2 2.530692e-12
8 150 2 2.469581e-12
9 150 2 2.389740e-12
10 150 2 2.335370e-12
11 150 2 2.380775e-12
12 150 2 2.533076e-12
1 151 2 1.818447e-09
2 151 2 1.934130e-09
3 151 2 2.050752e-09
4 151 2 2.099108e-09
5 151 2 2.031033e-09
6 151 2 1.911831e-09
7 151 2 1.869587e-09
8 151 2 1.941769e-09
9 151 2 1.848736e-09
10 151 2 1.734848e-09
11 151 2 1.683977e-09
12 151 2 1.725988e-09
1 152 2 1.441038e-09
2 152 2 1.459666e-09
3 152 2 1.473178e-09
4 152 2 1.399900e-09
5 152 2 1.345679e-09
6 152 2 1.321646e-09
7 152 2 1.510994e-09
8 152 2 2.014729e-09
9 152 2 2.138855e-09
10 152 2 1.822966e-09
11 152 2 1.563269e-09
12 152 2 1.445703e-09
1 153 2 1.669365e-09
2 153 2 1.709858e-09
3 153 2 1.804019e-09
4 153 2 1.769504e-09
5 153 2 1.708813e-09
6 153 2 1.677712e-09
7 153 2 1.958423e-09
8 153 2 2.559306e-09
9 153 2 3.112829e-09
10 153 2 2.782230e-09
11 153 2 2.104614e-09
12 153 2 1.756016e-09
1 154 2 4.545858e-09
2 154 2 4.521193e-09
3 154 2 4.704882e-09
4 154 2 4.508150e-09
5 154 2 4.215531e-09
6 154 2 3.791919e-09
7 154 2 3.580568e-09
8 154 2 3.729992e-09
9 154 2 4.205516e-09
10 154 2 4.726249e-09
11 154 2 4.980939e-09
12 154 2 4.816331e-09
1 157 2 1.811146e-10
2 157 2 1.880694e-10
3 157 2 2.013552e-10
4 157 2 1.985187e-10
5 157 2 1.934987e-10
6 157 2 1.819220e-10
7 157 2 1.735795e-10
8 157 2 1.718299e-10
9 157 2 1.705879e-10
10 157 2 1.735624e-10
11 157 2 1.748067e-10
12 157 2 1.770879e-10
1 163 2 8.426542e-10
2 163 2 8.539447e-10
3 163 2 8.792853e-10
4 163 2 9.320481e-10
5 163 2 9.329577e-10
6 163 2 8.625561e-10
7 163 2 7.974303e-10
8 163 2 7.488027e-10
9 163 2 7.595253e-10
10 163 2 8.035484e-10
11 163 2 8.349604e-10
12 163 2 8.415026e-10
1 164 2 3.190236e-09
2 164 2 3.162958e-09
3 164 2 3.251005e-09
4 164 2 3.402668e-09
5 164 2 3.362642e-09
6 164 2 3.110184e-09
7 164 2 2.878750e-09
8 164 2 2.812009e-09
9 164 2 3.011088e-09
10 164 2 3.298780e-09
11 164 2 3.365401e-09
12 164 2 3.309359e-09
1 165 2 1.391527e-09
2 165 2 1.363795e-09
3 165 2 1.380940e-09
4 165 2 1.411485e-09
5 165 2 1.395992e-09
6 165 2 1.284511e-09
7 165 2 1.211118e-09
8 165 2 1.225871e-09
9 165 2 1.306646e-09
10 165 2 1.397087e-09
11 165 2 1.469678e-09
12 165 2 1.471409e-09
1 166 2 6.077378e-10
2 166 2 6.016707e-10
3 166 2 5.917302e-10
4 166 2 5.889540e-10
5 166 2 5.696696e-10
6 166 2 5.268495e-10
7 166 2 4.975054e-10
8 166 2 5.012171e-10
9 166 2 5.199756e-10
10 166 2 5.469762e-10
11 166 2 5.897206e-10
12 166 2 6.194338e-10
1 170 2 2.791315e-11
2 170 2 3.069893e-11
3 170 2 3.016153e-11
4 170 2 2.741522e-11
5 170 2 2.284507e-11
6 170 2 1.920871e-11
7 170 2 1.816844e-11
8 170 2 1.734501e-11
9 170 2 1.763673e-11
10 170 2 1.963838e-11
11 170 2 2.166730e-11
12 170 2 2.495123e-11
1 171 2 1.002719e-10
2 171 2 1.100697e-10
3 171 2 1.114022e-10
4 171 2 9.911273e-11
5 171 2 8.245066e-11
6 171 2 7.065632e-11
7 171 2 6.414834e-11
8 171 2 6.078257e-11
9 171 2 6.166818e-11
10 171 2 6.707776e-11
11 171 2 7.655859e-11
12 171 2 9.044659e-11
1 175 2 2.889099e-12
2 175 2 3.054451e-12
3 175 2 3.063212e-12
4 175 2 2.869063e-12
5 175 2 2.492764e-12
6 175 2 2.271540e-12
7 175 2 2.224407e-12
8 175 2 2.205627e-12
9 175 2 2.051473e-12
10 175 2 2.073749e-12
11 175 2 2.168085e-12
12 175 2 2.529084e-12
1 176 2 3.182691e-08
2 176 2 3.206554e-08
3 176 2 3.139205e-08
4 176 2 2.772600e-08
5 176 2 2.242910e-08
6 176 2 2.032497e-08
7 176 2 2.028790e-08
8 176 2 2.314580e-08
9 176 2 2.520817e-08
10 176 2 2.690326e-08
11 176 2 2.871723e-08
12 176 2 3.050474e-08
1 177 2 1.836810e-08
2 177 2 1.784878e-08
3 177 2 1.685257e-08
4 177 2 1.473645e-08
5 177 2 1.205040e-08
6 177 2 1.029003e-08
7 177 2 1.070661e-08
8 177 2 1.282849e-08
9 177 2 1.612341e-08
10 177 2 1.676773e-08
11 177 2 1.710783e-08
12 177 2 1.714279e-08
1 178 2 3.332176e-09
2 178 2 3.293232e-09
3 178 2 3.156804e-09
4 178 2 2.645909e-09
5 178 2 2.303805e-09
6 178 2 1.947228e-09
7 178 2 1.854611e-09
8 178 2 1.868261e-09
9 178 2 2.130704e-09
10 178 2 2.292577e-09
11 178 2 2.589336e-09
12 178 2 2.874707e-09
1 181 2 4.073224e-11
2 181 2 4.302224e-11
3 181 2 4.361469e-11
4 181 2 4.170149e-11
5 181 2 3.439073e-11
6 181 2 2.973755e-11
7 181 2 2.629412e-11
8 181 2 2.690988e-11
9 181 2 2.915413e-11
10 181 2 3.156848e-11
11 181 2 3.575171e-11
12 181 2 3.806523e-11
1 182 2 4.861738e-09
2 182 2 4.493745e-09
3 182 2 4.237400e-09
4 182 2 3.539659e-09
5 182 2 2.771868e-09
6 182 2 2.073191e-09
7 182 2 2.055565e-09
8 182 2 2.856462e-09
9 182 2 3.963648e-09
10 182 2 4.861273e-09
11 182 2 5.372707e-09
12 182 2 5.157005e-09
1 183 2 1.033019e-09
2 183 2 9.923878e-10
3 183 2 9.474204e-10
4 183 2 8.590514e-10
5 183 2 7.227910e-10
6 183 2 5.866306e-10
7 183 2 5.457982e-10
8 183 2 6.481145e-10
9 183 2 7.535805e-10
10 183 2 8.914850e-10
11 183 2 9.705563e-10
12 183 2 9.982799e-10
1 184 2 3.223626e-10
2 184 2 3.266365e-10
3 184 2 3.163423e-10
4 184 2 2.846876e-10
5 184 2 2.366742e-10
6 184 2 1.912774e-10
7 184 2 1.724841e-10
8 184 2 1.801428e-10
9 184 2 1.908311e-10
10 184 2 2.191455e-10
11 184 2 2.564150e-10
12 184 2 2.922564e-10
1 188 2 5.334199e-11
2 188 2 5.287692e-11
3 188 2 4.901216e-11
4 188 2 4.002177e-11
5 188 2 2.828578e-11
6 188 2 2.151517e-11
7 188 2 1.851363e-11
8 188 2 1.883256e-11
9 188 2 2.550860e-11
10 188 2 3.352189e-11
11 188 2 3.992125e-11
12 188 2 4.979253e-11
1 189 2 4.654175e-11
2 189 2 4.301397e-11
3 189 2 3.901750e-11
4 189 2 2.883973e-11
5 189 2 1.909448e-11
6 189 2 1.350290e-11
7 189 2 1.283837e-11
8 189 2 1.576977e-11
9 189 2 2.536844e-11
10 189 2 3.612094e-11
11 189 2 4.393511e-11
12 189 2 4.591198e-11
1 190 2 1.904021e-10
2 190 2 1.804094e-10
3 190 2 1.565958e-10
4 190 2 1.109135e-10
5 190 2 7.738435e-11
6 190 2 5.613793e-11
7 190 2 5.274789e-11
8 190 2 6.358742e-11
9 190 2 8.931564e-11
10 190 2 1.217588e-10
11 190 2 1.595429e-10
12 190 2 1.790042e-10
1 191 2 1.467065e-10
2 191 2 1.520267e-10
3 191 2 1.477707e-10
4 191 2 1.220752e-10
5 191 2 1.003847e-10
6 191 2 8.246428e-11
7 191 2 7.249998e-11
8 191 2 7.363004e-11
9 191 2 8.033186e-11
10 191 2 9.016427e-11
11 191 2 1.108926e-10
12 191 2 1.304641e-10
1 192 2 1.927004e-10
2 192 2 2.082555e-10
3 192 2 2.029052e-10
4 192 2 1.756855e-10
5 192 2 1.484808e-10
6 192 2 1.264254e-10
7 192 2 1.111028e-10
8 192 2 1.032406e-10
9 192 2 1.063013e-10
10 192 2 1.167310e-10
11 192 2 1.393466e-10
12 192 2 1.673248e-10
1 200 2 1.644657e-07
2 200 2 1.691943e-07
3 200 2 1.383638e-07
4 200 2 9.146835e-08
5 200 2 5.987062e-08
6 200 2 4.875908e-08
7 200 2 4.632366e-08
8 200 2 4.995613e-08
9 200 2 5.533525e-08
10 200 2 7.074882e-08
11 200 2 9.831592e-08
12 200 2 1.354593e-07
1 201 2 9.447083e-08
2 201 2 9.747432e-08
3 201 2 8.923195e-08
4 201 2 6.868438e-08
5 201 2 5.176025e-08
6 201 2 4.282268e-08
7 201 2 4.046983e-08
8 201 2 4.186236e-08
9 201 2 4.143121e-08
10 201 2 4.929777e-08
11 201 2 6.284141e-08
12 201 2 7.826703e-08
1 206 2 3.229460e-09
2 206 2 3.488238e-09
3 206 2 3.155922e-09
4 206 2 2.693092e-09
5 206 2 2.227173e-09
6 206 2 1.941907e-09
7 206 2 1.665564e-09
8 206 2 1.635373e-09
9 206 2 1.770274e-09
10 206 2 2.003850e-09
11 206 2 2.348975e-09
12 206 2 2.767336e-09
1 207 2 1.225091e-10
2 207 2 1.337646e-10
3 207 2 1.268595e-10
4 207 2 1.150299e-10
5 207 2 1.020146e-10
6 207 2 8.749746e-11
7 207 2 7.712117e-11
8 207 2 7.594469e-11
9 207 2 7.662334e-11
10 207 2 8.439785e-11
11 207 2 9.095587e-11
12 207 2 1.040479e-10
1 212 2 7.506368e-11
2 212 2 8.012584e-11
3 212 2 7.111952e-11
4 212 2 5.978952e-11
5 212 2 4.660120e-11
6 212 2 3.761104e-11
7 212 2 3.121929e-11
8 212 2 3.017316e-11
9 212 2 3.426846e-11
10 212 2 4.043518e-11
11 212 2 4.796317e-11
12 212 2 6.341647e-11
1 213 2 1.634005e-11
2 213 2 1.785845e-11
3 213 2 1.513433e-11
4 213 2 1.280689e-11
5 213 2 9.882221e-12
6 213 2 7.617803e-12
7 213 2 6.465283e-12
8 213 2 6.311682e-12
9 213 2 7.602689e-12
10 213 2 9.369436e-12
11 213 2 1.150555e-11
12 213 2 1.407954e-11
1 214 2 5.806160e-10
2 214 2 6.155258e-10
3 214 2 4.945367e-10
4 214 2 3.673097e-10
5 214 2 2.715092e-10
6 214 2 2.000899e-10
7 214 2 1.732809e-10
8 214 2 1.786395e-10
9 214 2 2.254942e-10
10 214 2 3.023107e-10
11 214 2 4.138357e-10
12 214 2 5.019106e-10
1 215 2 2.151986e-10
2 215 2 2.213605e-10
3 215 2 2.063848e-10
4 215 2 1.644799e-10
5 215 2 1.335997e-10
6 215 2 1.073445e-10
7 215 2 9.276054e-11
8 215 2 9.298864e-11
9 215 2 1.045720e-10
10 215 2 1.244070e-10
11 215 2 1.566456e-10
12 215 2 1.892365e-10
1 216 2 3.995207e-09
2 216 2 4.171290e-09
3 216 2 3.911642e-09
4 216 2 3.179938e-09
5 216 2 2.546311e-09
6 216 2 2.190510e-09
7 216 2 1.924887e-09
8 216 2 1.840549e-09
9 216 2 1.909896e-09
10 216 2 2.170776e-09
11 216 2 2.611076e-09
12 216 2 3.355704e-09
1 224 2 4.806757e-09
2 224 2 5.254924e-09
3 224 2 4.585562e-09
4 224 2 3.948857e-09
5 224 2 3.188776e-09
6 224 2 2.709841e-09
7 224 2 2.461864e-09
8 224 2 2.571389e-09
9 224 2 2.644380e-09
10 224 2 3.118920e-09
11 224 2 3.724606e-09
12 224 2 4.443749e-09
1 240 2 2.469268e-10
2 240 2 2.518638e-10
3 240 2 2.303233e-10
4 240 2 2.034115e-10
5 240 2 1.767908e-10
6 240 2 1.524882e-10
7 240 2 1.493949e-10
8 240 2 1.540175e-10
9 240 2 1.499268e-10
10 240 2 1.614555e-10
11 240 2 1.773999e-10
12 240 2 2.198563e-10
