1 7 2 5.786537e-13
2 7 2 4.943374e-13
3 7 2 5.406297e-13
4 7 2 1.397306e-12
5 7 2 4.807734e-12
6 7 2 1.294903e-11
7 7 2 1.752042e-11
8 7 2 1.194559e-11
9 7 2 5.166066e-12
10 7 2 2.264789e-12
11 7 2 1.199916e-12
12 7 2 7.078724e-13
1 25 2 3.259681e-10
2 25 2 3.095054e-10
3 25 2 4.360420e-10
4 25 2 7.956798e-10
5 25 2 2.225929e-09
6 25 2 4.036438e-09
7 25 2 4.893346e-09
8 25 2 3.752331e-09
9 25 2 2.120266e-09
10 25 2 9.922075e-10
11 25 2 4.730961e-10
12 25 2 2.739684e-10
1 26 2 2.549315e-12
2 26 2 2.098110e-12
3 26 2 3.469397e-12
4 26 2 7.743979e-12
5 26 2 2.181359e-11
6 26 2 4.166335e-11
7 26 2 4.520462e-11
8 26 2 3.382224e-11
9 26 2 1.849898e-11
10 26 2 7.446564e-12
11 26 2 3.890525e-12
12 26 2 2.405315e-12
1 27 2 1.113705e-10
2 27 2 9.833020e-11
3 27 2 1.723723e-10
4 27 2 4.390111e-10
5 27 2 1.236288e-09
6 27 2 2.555558e-09
7 27 2 2.882237e-09
8 27 2 2.169384e-09
9 27 2 1.121061e-09
10 27 2 4.209854e-10
11 27 2 2.231072e-10
12 27 2 1.380072e-10
1 28 2 6.029955e-11
2 28 2 5.487421e-11
3 28 2 9.228890e-11
4 28 2 2.508633e-10
5 28 2 7.163680e-10
6 28 2 1.533732e-09
7 28 2 1.828565e-09
8 28 2 1.377845e-09
9 28 2 7.087925e-10
10 28 2 2.760403e-10
11 28 2 1.378033e-10
12 28 2 8.591271e-11
1 29 2 8.107831e-11
2 29 2 7.670033e-11
3 29 2 1.221874e-10
4 29 2 3.673973e-10
5 29 2 1.098679e-09
6 29 2 2.703950e-09
7 29 2 3.683402e-09
8 29 2 2.740477e-09
9 29 2 1.258564e-09
10 29 2 4.664705e-10
11 29 2 2.205025e-10
12 29 2 1.376473e-10
1 30 2 1.836500e-11
2 30 2 1.606133e-11
3 30 2 2.552708e-11
4 30 2 7.813117e-11
5 30 2 2.164355e-10
6 30 2 5.886203e-10
7 30 2 8.531772e-10
8 30 2 6.533687e-10
9 30 2 2.956268e-10
10 30 2 1.157137e-10
11 30 2 5.337553e-11
12 30 2 3.196652e-11
1 31 2 3.275567e-11
2 31 2 2.524100e-11
3 31 2 3.834415e-11
4 31 2 1.067245e-10
5 31 2 2.756144e-10
6 31 2 7.256788e-10
7 31 2 1.023368e-09
8 31 2 8.260375e-10
9 31 2 4.132389e-10
10 31 2 1.892430e-10
11 31 2 9.085977e-11
12 31 2 5.063128e-11
1 32 2 3.874162e-11
2 32 2 3.207061e-11
3 32 2 4.482918e-11
4 32 2 9.961222e-11
5 32 2 2.660508e-10
6 32 2 6.302221e-10
7 32 2 8.130613e-10
8 32 2 6.716252e-10
9 32 2 3.750432e-10
10 32 2 1.933385e-10
11 32 2 9.990945e-11
12 32 2 5.181406e-11
1 35 2 2.730300e-09
2 35 2 2.601565e-09
3 35 2 2.826069e-09
4 35 2 3.765993e-09
5 35 2 5.903696e-09
6 35 2 9.016232e-09
7 35 2 1.084930e-08
8 35 2 9.962527e-09
9 35 2 6.770918e-09
10 35 2 4.895365e-09
11 35 2 3.707977e-09
12 35 2 3.012396e-09
1 36 2 3.275539e-10
2 36 2 3.075094e-10
3 36 2 3.408113e-10
4 36 2 4.093442e-10
5 36 2 5.598462e-10
6 36 2 8.076244e-10
7 36 2 9.511534e-10
8 36 2 9.689657e-10
9 36 2 7.396404e-10
10 36 2 5.794785e-10
11 36 2 4.435246e-10
12 36 2 3.674977e-10
1 37 2 7.561554e-09
2 37 2 7.318533e-09
3 37 2 9.221693e-09
4 37 2 1.185786e-08
5 37 2 1.792682e-08
6 37 2 2.718991e-08
7 37 2 3.162326e-08
8 37 2 3.108641e-08
9 37 2 2.287671e-08
10 37 2 1.715353e-08
11 37 2 1.209000e-08
12 37 2 9.261971e-09
1 38 2 3.905263e-08
2 38 2 3.901761e-08
3 38 2 5.943818e-08
4 38 2 8.812690e-08
5 38 2 1.608969e-07
6 38 2 2.854993e-07
7 38 2 3.384482e-07
8 38 2 2.935330e-07
9 38 2 1.895999e-07
10 38 2 1.295914e-07
11 38 2 7.405105e-08
12 38 2 5.343810e-08
1 39 2 4.198943e-08
2 39 2 4.374453e-08
3 39 2 7.085711e-08
4 39 2 1.094093e-07
5 39 2 2.122902e-07
6 39 2 4.104105e-07
7 39 2 5.096150e-07
8 39 2 4.125934e-07
9 39 2 2.600626e-07
10 39 2 1.642265e-07
11 39 2 8.312788e-08
12 39 2 6.067733e-08
1 40 2 1.039830e-08
2 40 2 1.140874e-08
3 40 2 2.034732e-08
4 40 2 3.421563e-08
5 40 2 7.479708e-08
6 40 2 1.698223e-07
7 40 2 2.124739e-07
8 40 2 1.558655e-07
9 40 2 9.601159e-08
10 40 2 5.173195e-08
11 40 2 2.216047e-08
12 40 2 1.650886e-08
1 41 2 5.535390e-09
2 41 2 5.917609e-09
3 41 2 1.185869e-08
4 41 2 2.112117e-08
5 41 2 5.297499e-08
6 41 2 1.344295e-07
7 41 2 1.738093e-07
8 41 2 1.219090e-07
9 41 2 6.812842e-08
10 41 2 2.952749e-08
11 41 2 1.134367e-08
12 41 2 9.454802e-09
1 42 2 2.994552e-09
2 42 2 3.132361e-09
3 42 2 6.754893e-09
4 42 2 1.332532e-08
5 42 2 3.788166e-08
6 42 2 1.050724e-07
7 42 2 1.470890e-07
8 42 2 9.822835e-08
9 42 2 4.651626e-08
10 42 2 1.664767e-08
11 42 2 6.206570e-09
12 42 2 5.091588e-09
1 43 2 8.413312e-11
2 43 2 8.723519e-11
3 43 2 2.058298e-10
4 43 2 5.022308e-10
5 43 2 1.681059e-09
6 43 2 4.957704e-09
7 43 2 7.247476e-09
8 43 2 4.549462e-09
9 43 2 1.860360e-09
10 43 2 5.711778e-10
11 43 2 1.947839e-10
12 43 2 1.364866e-10
1 44 2 3.474095e-10
2 44 2 3.490682e-10
3 44 2 7.592771e-10
4 44 2 2.052687e-09
5 44 2 7.668775e-09
6 44 2 2.416685e-08
7 44 2 3.532118e-08
8 44 2 2.129846e-08
9 44 2 7.677772e-09
10 44 2 2.274768e-09
11 44 2 7.465855e-10
12 44 2 5.047756e-10
1 45 2 7.974105e-10
2 45 2 8.936641e-10
3 45 2 1.628411e-09
4 45 2 4.802314e-09
5 45 2 2.011115e-08
6 45 2 6.673090e-08
7 45 2 9.335566e-08
8 45 2 5.684415e-08
9 45 2 1.954743e-08
10 45 2 4.990866e-09
11 45 2 1.446637e-09
12 45 2 9.454506e-10
1 46 2 3.618461e-10
2 46 2 4.552113e-10
3 46 2 7.155577e-10
4 46 2 1.987031e-09
5 46 2 7.802989e-09
6 46 2 2.420400e-08
7 46 2 3.385969e-08
8 46 2 2.121687e-08
9 46 2 7.969662e-09
10 46 2 1.931751e-09
11 46 2 5.311147e-10
12 46 2 3.787590e-10
1 47 2 4.756985e-10
2 47 2 6.053919e-10
3 47 2 8.530918e-10
4 47 2 1.911376e-09
5 47 2 6.514923e-09
6 47 2 1.794860e-08
7 47 2 2.434214e-08
8 47 2 1.650571e-08
9 47 2 6.992323e-09
10 47 2 2.156701e-09
11 47 2 6.362831e-10
12 47 2 4.836597e-10
1 48 2 6.443497e-10
2 48 2 7.401890e-10
3 48 2 1.018089e-09
4 48 2 1.988112e-09
5 48 2 6.169493e-09
6 48 2 1.419089e-08
7 48 2 1.885838e-08
8 48 2 1.326795e-08
9 48 2 6.316079e-09
10 48 2 2.354858e-09
11 48 2 8.477192e-10
12 48 2 5.621558e-10
1 49 2 1.325779e-12
2 49 2 1.206342e-12
3 49 2 1.368346e-12
4 49 2 1.601528e-12
5 49 2 2.290526e-12
6 49 2 3.484903e-12
7 49 2 5.197158e-12
8 49 2 4.887197e-12
9 49 2 3.408764e-12
10 49 2 2.439299e-12
11 49 2 1.780885e-12
12 49 2 1.299153e-12
1 50 2 5.412371e-12
2 50 2 4.671955e-12
3 50 2 5.476253e-12
4 50 2 6.242361e-12
5 50 2 8.785688e-12
6 50 2 1.289287e-11
7 50 2 1.779406e-11
8 50 2 1.711189e-11
9 50 2 1.239057e-11
10 50 2 8.832516e-12
11 50 2 6.612735e-12
12 50 2 5.206807e-12
1 51 2 2.953248e-12
2 51 2 2.695301e-12
3 51 2 2.928743e-12
4 51 2 3.380738e-12
5 51 2 4.608031e-12
6 51 2 6.462398e-12
7 51 2 8.421448e-12
8 51 2 8.351519e-12
9 51 2 6.938888e-12
10 51 2 4.880636e-12
11 51 2 3.657858e-12
12 51 2 3.065396e-12
1 52 2 3.962556e-08
2 52 2 4.164986e-08
3 52 2 5.232169e-08
4 52 2 7.627790e-08
5 52 2 1.289960e-07
6 52 2 1.775273e-07
7 52 2 2.277118e-07
8 52 2 2.129885e-07
9 52 2 1.719322e-07
10 52 2 9.821887e-08
11 52 2 5.911814e-08
12 52 2 4.558910e-08
1 53 2 1.947672e-08
2 53 2 2.443616e-08
3 53 2 4.140001e-08
4 53 2 9.036386e-08
5 53 2 1.720804e-07
6 53 2 2.569599e-07
7 53 2 3.566908e-07
8 53 2 3.039421e-07
9 53 2 2.057104e-07
10 53 2 9.072692e-08
11 53 2 4.046665e-08
12 53 2 2.563727e-08
1 54 2 5.566074e-09
2 54 2 7.220622e-09
3 54 2 1.350286e-08
4 54 2 3.355327e-08
5 54 2 6.608948e-08
6 54 2 1.276547e-07
7 54 2 1.813396e-07
8 54 2 1.520579e-07
9 54 2 9.222073e-08
10 54 2 3.922123e-08
11 54 2 1.681201e-08
12 54 2 9.273834e-09
1 55 2 8.083439e-09
2 55 2 9.015190e-09
3 55 2 1.681759e-08
4 55 2 3.937923e-08
5 55 2 7.814438e-08
6 55 2 1.668850e-07
7 55 2 2.319828e-07
8 55 2 2.000650e-07
9 55 2 1.268683e-07
10 55 2 6.083130e-08
11 55 2 2.846064e-08
12 55 2 1.629664e-08
1 56 2 3.499257e-08
2 56 2 3.631465e-08
3 56 2 6.289794e-08
4 56 2 1.402535e-07
5 56 2 3.065753e-07
6 56 2 6.043273e-07
7 56 2 8.355354e-07
8 56 2 6.934522e-07
9 56 2 4.532567e-07
10 56 2 2.335343e-07
11 56 2 1.052859e-07
12 56 2 6.038250e-08
1 57 2 7.218614e-09
2 57 2 6.887274e-09
3 57 2 8.470954e-09
4 57 2 1.285758e-08
5 57 2 2.151275e-08
6 57 2 3.500393e-08
7 57 2 4.984600e-08
8 57 2 4.492342e-08
9 57 2 3.342306e-08
10 57 2 2.146923e-08
11 57 2 1.312855e-08
12 57 2 9.434893e-09
1 60 2 2.142556e-07
2 60 2 2.074872e-07
3 60 2 2.379466e-07
4 60 2 2.822012e-07
5 60 2 3.479317e-07
6 60 2 4.578757e-07
7 60 2 5.330589e-07
8 60 2 5.332831e-07
9 60 2 4.525674e-07
10 60 2 3.694453e-07
11 60 2 2.954699e-07
12 60 2 2.449142e-07
1 61 2 6.817191e-07
2 61 2 6.858197e-07
3 61 2 9.645938e-07
4 61 2 1.452882e-06
5 61 2 2.119311e-06
6 61 2 2.985766e-06
7 61 2 3.533365e-06
8 61 2 3.399390e-06
9 61 2 2.641415e-06
10 61 2 1.796707e-06
11 61 2 1.172101e-06
12 61 2 8.221016e-07
1 62 2 2.287707e-07
2 62 2 2.505577e-07
3 62 2 3.944237e-07
4 62 2 7.140271e-07
5 62 2 1.224710e-06
6 62 2 1.737350e-06
7 62 2 2.124427e-06
8 62 2 1.983076e-06
9 62 2 1.381851e-06
10 62 2 8.240518e-07
11 62 2 4.474966e-07
12 62 2 2.912180e-07
1 63 2 4.952765e-07
2 63 2 6.012445e-07
3 63 2 1.006040e-06
4 63 2 2.115957e-06
5 63 2 4.060869e-06
6 63 2 6.037129e-06
7 63 2 7.720029e-06
8 63 2 6.717938e-06
9 63 2 4.103106e-06
10 63 2 2.240750e-06
11 63 2 1.035019e-06
12 63 2 6.775673e-07
1 64 2 1.534724e-07
2 64 2 1.966141e-07
3 64 2 3.744007e-07
4 64 2 8.868302e-07
5 64 2 1.899311e-06
6 64 2 3.042261e-06
7 64 2 3.856133e-06
8 64 2 3.014634e-06
9 64 2 1.726135e-06
10 64 2 7.630861e-07
11 64 2 3.486928e-07
12 64 2 2.386307e-07
1 65 2 5.190655e-08
2 65 2 6.436445e-08
3 65 2 1.410104e-07
4 65 2 3.976543e-07
5 65 2 8.337544e-07
6 65 2 1.416997e-06
7 65 2 1.836629e-06
8 65 2 1.370760e-06
9 65 2 7.774521e-07
10 65 2 2.758837e-07
11 65 2 1.214494e-07
12 65 2 8.801423e-08
1 66 2 3.437444e-08
2 66 2 4.249753e-08
3 66 2 1.010288e-07
4 66 2 3.314420e-07
5 66 2 6.891626e-07
6 66 2 1.185046e-06
7 66 2 1.634376e-06
8 66 2 1.235590e-06
9 66 2 6.989532e-07
10 66 2 2.315712e-07
11 66 2 8.874156e-08
12 66 2 5.504465e-08
1 67 2 1.160768e-08
2 67 2 1.547831e-08
3 67 2 3.936144e-08
4 67 2 1.454046e-07
5 67 2 3.299145e-07
6 67 2 5.626716e-07
7 67 2 7.866770e-07
8 67 2 6.054124e-07
9 67 2 3.311185e-07
10 67 2 1.217677e-07
11 67 2 3.850387e-08
12 67 2 1.733039e-08
1 68 2 2.793095e-09
2 68 2 3.750375e-09
3 68 2 1.113840e-08
4 68 2 5.119798e-08
5 68 2 1.395210e-07
6 68 2 2.673656e-07
7 68 2 3.833516e-07
8 68 2 2.851116e-07
9 68 2 1.368278e-07
10 68 2 5.026890e-08
11 68 2 1.146309e-08
12 68 2 3.988757e-09
1 69 2 1.690269e-09
2 69 2 2.396487e-09
3 69 2 5.731035e-09
4 69 2 2.513093e-08
5 69 2 8.058352e-08
6 69 2 1.907099e-07
7 69 2 2.793885e-07
8 69 2 2.150726e-07
9 69 2 9.239380e-08
10 69 2 3.004289e-08
11 69 2 5.821229e-09
12 69 2 2.189160e-09
1 70 2 7.087494e-09
2 70 2 8.283925e-09
3 70 2 1.187062e-08
4 70 2 3.096985e-08
5 70 2 7.766253e-08
6 70 2 1.885867e-07
7 70 2 3.052621e-07
8 70 2 2.782171e-07
9 70 2 1.436527e-07
10 70 2 5.120486e-08
11 70 2 1.557346e-08
12 70 2 8.766732e-09
1 71 2 6.038300e-09
2 71 2 6.127462e-09
3 71 2 6.933689e-09
4 71 2 1.112647e-08
5 71 2 2.154785e-08
6 71 2 4.495083e-08
7 71 2 6.898542e-08
8 71 2 6.858880e-08
9 71 2 4.400593e-08
10 71 2 2.095944e-08
11 71 2 1.001286e-08
12 71 2 6.954268e-09
1 72 2 2.536263e-11
2 72 2 2.422352e-11
3 72 2 2.624367e-11
4 72 2 3.346093e-11
5 72 2 5.206274e-11
6 72 2 9.059090e-11
7 72 2 1.403149e-10
8 72 2 1.349501e-10
9 72 2 9.441557e-11
10 72 2 5.724826e-11
11 72 2 3.527282e-11
12 72 2 2.518942e-11
1 76 2 1.892923e-09
2 76 2 1.731830e-09
3 76 2 1.749260e-09
4 76 2 1.902778e-09
5 76 2 2.586859e-09
6 76 2 3.688696e-09
7 76 2 4.946337e-09
8 76 2 5.278648e-09
9 76 2 5.029525e-09
10 76 2 3.358718e-09
11 76 2 2.168194e-09
12 76 2 1.896274e-09
1 77 2 1.930453e-09
2 77 2 2.506678e-09
3 77 2 3.283598e-09
4 77 2 5.307017e-09
5 77 2 8.910695e-09
6 77 2 1.375718e-08
7 77 2 1.869230e-08
8 77 2 1.774203e-08
9 77 2 1.314254e-08
10 77 2 6.639766e-09
11 77 2 2.913549e-09
12 77 2 1.836395e-09
1 78 2 2.109181e-09
2 78 2 2.881899e-09
3 78 2 4.013216e-09
4 78 2 7.198126e-09
5 78 2 1.125579e-08
6 78 2 1.787029e-08
7 78 2 2.205889e-08
8 78 2 2.065548e-08
9 78 2 1.339279e-08
10 78 2 7.102456e-09
11 78 2 3.835480e-09
12 78 2 2.214352e-09
1 79 2 8.283867e-08
2 79 2 1.016444e-07
3 79 2 1.492433e-07
4 79 2 2.475448e-07
5 79 2 3.760893e-07
6 79 2 6.144059e-07
7 79 2 7.528777e-07
8 79 2 7.132181e-07
9 79 2 4.924814e-07
10 79 2 2.972841e-07
11 79 2 1.693771e-07
12 79 2 1.037573e-07
1 80 2 1.092140e-08
2 80 2 1.094272e-08
3 80 2 1.375021e-08
4 80 2 1.859187e-08
5 80 2 2.772812e-08
6 80 2 4.218733e-08
7 80 2 5.432259e-08
8 80 2 5.377846e-08
9 80 2 4.463514e-08
10 80 2 3.129389e-08
11 80 2 1.825561e-08
12 80 2 1.349394e-08
1 81 2 1.091724e-13
2 81 2 9.893649e-14
3 81 2 1.042070e-13
4 81 2 1.235639e-13
5 81 2 1.779310e-13
6 81 2 2.397569e-13
7 81 2 3.199143e-13
8 81 2 3.432609e-13
9 81 2 3.121313e-13
10 81 2 2.394962e-13
11 81 2 1.583161e-13
12 81 2 1.296128e-13
1 84 2 2.866619e-08
2 84 2 3.030737e-08
3 84 2 3.748415e-08
4 84 2 4.736825e-08
5 84 2 6.350653e-08
6 84 2 1.040601e-07
7 84 2 1.393701e-07
8 84 2 1.335511e-07
9 84 2 1.002097e-07
10 84 2 6.324235e-08
11 84 2 4.248475e-08
12 84 2 3.245376e-08
1 85 2 1.012289e-07
2 85 2 1.139918e-07
3 85 2 1.482077e-07
4 85 2 2.153320e-07
5 85 2 3.446996e-07
6 85 2 5.265826e-07
7 85 2 7.285760e-07
8 85 2 6.931006e-07
9 85 2 4.990795e-07
10 85 2 2.752952e-07
11 85 2 1.552549e-07
12 85 2 1.126531e-07
1 86 2 3.085969e-08
2 86 2 3.493963e-08
3 86 2 4.465027e-08
4 86 2 6.485563e-08
5 86 2 1.042358e-07
6 86 2 1.512439e-07
7 86 2 2.077689e-07
8 86 2 2.084486e-07
9 86 2 1.542916e-07
10 86 2 8.947203e-08
11 86 2 4.928560e-08
12 86 2 3.522408e-08
1 87 2 6.177388e-08
2 87 2 8.357296e-08
3 87 2 1.193269e-07
4 87 2 1.886286e-07
5 87 2 3.309237e-07
6 87 2 4.974203e-07
7 87 2 6.743481e-07
8 87 2 6.871382e-07
9 87 2 4.981783e-07
10 87 2 2.804876e-07
11 87 2 1.232389e-07
12 87 2 7.491049e-08
1 88 2 2.175944e-08
2 88 2 3.090015e-08
3 88 2 4.845600e-08
4 88 2 9.194008e-08
5 88 2 1.886881e-07
6 88 2 2.965659e-07
7 88 2 3.797939e-07
8 88 2 3.331090e-07
9 88 2 2.152551e-07
10 88 2 1.017256e-07
11 88 2 5.215153e-08
12 88 2 2.896827e-08
1 89 2 1.419709e-08
2 89 2 1.975342e-08
3 89 2 3.749136e-08
4 89 2 7.051486e-08
5 89 2 1.407205e-07
6 89 2 2.102201e-07
7 89 2 2.452353e-07
8 89 2 2.147677e-07
9 89 2 1.401585e-07
10 89 2 6.669730e-08
11 89 2 3.670019e-08
12 89 2 2.031371e-08
1 90 2 1.146304e-08
2 90 2 1.510790e-08
3 90 2 2.998001e-08
4 90 2 5.380774e-08
5 90 2 8.261865e-08
6 90 2 1.093596e-07
7 90 2 1.228176e-07
8 90 2 1.136403e-07
9 90 2 8.281618e-08
10 90 2 4.939633e-08
11 90 2 2.723483e-08
12 90 2 1.550419e-08
1 91 2 9.674952e-12
2 91 2 1.368963e-11
3 91 2 2.860067e-11
4 91 2 5.404628e-11
5 91 2 7.976387e-11
6 91 2 1.013873e-10
7 91 2 1.138432e-10
8 91 2 1.044051e-10
9 91 2 7.506945e-11
10 91 2 4.646817e-11
11 91 2 2.408349e-11
12 91 2 1.236342e-11
1 92 2 5.193917e-11
2 92 2 7.419195e-11
3 92 2 1.859805e-10
4 92 2 4.437064e-10
5 92 2 8.367658e-10
6 92 2 1.282220e-09
7 92 2 1.539132e-09
8 92 2 1.400857e-09
9 92 2 8.763897e-10
10 92 2 4.657730e-10
11 92 2 1.826765e-10
12 92 2 7.841852e-11
1 93 2 4.043111e-08
2 93 2 4.878374e-08
3 93 2 1.003020e-07
4 93 2 2.337649e-07
5 93 2 4.170234e-07
6 93 2 6.617868e-07
7 93 2 8.877524e-07
8 93 2 8.727363e-07
9 93 2 5.870068e-07
10 93 2 3.380446e-07
11 93 2 1.447691e-07
12 93 2 6.029923e-08
1 94 2 4.577739e-08
2 94 2 4.554661e-08
3 94 2 6.081573e-08
4 94 2 1.077767e-07
5 94 2 1.839682e-07
6 94 2 2.896805e-07
7 94 2 4.001925e-07
8 94 2 4.361212e-07
9 94 2 3.592396e-07
10 94 2 2.168364e-07
11 94 2 1.163814e-07
12 94 2 6.358804e-08
1 98 2 2.395420e-10
2 98 2 2.229818e-10
3 98 2 2.099719e-10
4 98 2 2.235596e-10
5 98 2 2.537248e-10
6 98 2 2.903363e-10
7 98 2 3.265686e-10
8 98 2 3.441874e-10
9 98 2 3.396360e-10
10 98 2 3.210467e-10
11 98 2 2.887792e-10
12 98 2 2.627922e-10
1 101 2 9.456614e-10
2 101 2 9.716993e-10
3 101 2 9.957401e-10
4 101 2 1.227899e-09
5 101 2 1.579102e-09
6 101 2 1.843766e-09
7 101 2 1.968115e-09
8 101 2 1.972120e-09
9 101 2 1.895930e-09
10 101 2 1.625566e-09
11 101 2 1.250016e-09
12 101 2 1.002602e-09
1 102 2 6.060175e-09
2 102 2 6.850192e-09
3 102 2 8.419013e-09
4 102 2 1.053049e-08
5 102 2 1.218627e-08
6 102 2 1.330350e-08
7 102 2 1.367812e-08
8 102 2 1.385096e-08
9 102 2 1.248358e-08
10 102 2 9.617361e-09
11 102 2 7.719137e-09
12 102 2 6.326792e-09
1 103 2 3.379155e-09
2 103 2 3.448456e-09
3 103 2 3.758384e-09
4 103 2 4.246832e-09
5 103 2 4.945774e-09
6 103 2 5.659805e-09
7 103 2 6.123190e-09
8 103 2 6.426152e-09
9 103 2 6.302726e-09
10 103 2 5.508035e-09
11 103 2 4.531224e-09
12 103 2 3.767563e-09
1 104 2 1.586074e-09
2 104 2 1.521956e-09
3 104 2 1.538493e-09
4 104 2 1.686736e-09
5 104 2 1.972320e-09
6 104 2 2.263332e-09
7 104 2 2.540196e-09
8 104 2 2.744031e-09
9 104 2 2.766118e-09
10 104 2 2.584102e-09
11 104 2 2.125656e-09
12 104 2 1.760041e-09
1 107 2 5.789913e-10
2 107 2 6.108253e-10
3 107 2 7.131603e-10
4 107 2 8.172032e-10
5 107 2 9.164420e-10
6 107 2 1.173266e-09
7 107 2 1.282429e-09
8 107 2 1.277240e-09
9 107 2 1.195688e-09
10 107 2 1.022734e-09
11 107 2 8.130364e-10
12 107 2 6.358251e-10
1 108 2 7.695545e-11
2 108 2 9.834916e-11
3 108 2 1.428627e-10
4 108 2 2.212631e-10
5 108 2 3.434594e-10
6 108 2 4.714088e-10
7 108 2 5.046289e-10
8 108 2 4.459857e-10
9 108 2 3.608728e-10
10 108 2 2.489772e-10
11 108 2 1.296919e-10
12 108 2 8.256153e-11
1 109 2 1.460563e-10
2 109 2 1.929191e-10
3 109 2 3.017380e-10
4 109 2 5.236405e-10
5 109 2 8.921701e-10
6 109 2 1.124626e-09
7 109 2 1.142721e-09
8 109 2 1.050482e-09
9 109 2 8.435669e-10
10 109 2 5.919006e-10
11 109 2 2.632627e-10
12 109 2 1.537883e-10
1 110 2 6.435179e-11
2 110 2 8.197186e-11
3 110 2 1.316510e-10
4 110 2 2.037906e-10
5 110 2 3.160710e-10
6 110 2 3.660255e-10
7 110 2 3.935127e-10
8 110 2 3.891810e-10
9 110 2 3.276813e-10
10 110 2 2.389004e-10
11 110 2 1.155573e-10
12 110 2 6.801826e-11
1 111 2 2.208082e-09
2 111 2 2.761667e-09
3 111 2 4.471078e-09
4 111 2 6.776292e-09
5 111 2 1.024137e-08
6 111 2 1.313434e-08
7 111 2 1.388399e-08
8 111 2 1.375155e-08
9 111 2 1.171065e-08
10 111 2 7.623066e-09
11 111 2 4.106490e-09
12 111 2 2.508320e-09
1 112 2 2.544179e-09
2 112 2 3.280408e-09
3 112 2 5.754769e-09
4 112 2 9.569846e-09
5 112 2 1.455256e-08
6 112 2 1.773402e-08
7 112 2 1.806162e-08
8 112 2 1.683530e-08
9 112 2 1.285190e-08
10 112 2 8.532032e-09
11 112 2 4.896496e-09
12 112 2 3.009826e-09
1 113 2 1.458208e-09
2 113 2 1.847414e-09
3 113 2 3.103667e-09
4 113 2 4.641251e-09
5 113 2 5.711503e-09
6 113 2 4.986987e-09
7 113 2 4.279130e-09
8 113 2 4.086918e-09
9 113 2 4.042154e-09
10 113 2 3.690873e-09
11 113 2 2.581534e-09
12 113 2 1.743594e-09
1 114 2 3.975508e-09
2 114 2 5.390990e-09
3 114 2 9.604970e-09
4 114 2 1.400101e-08
5 114 2 1.615305e-08
6 114 2 1.182494e-08
7 114 2 9.766604e-09
8 114 2 8.952276e-09
9 114 2 8.639265e-09
10 114 2 7.732301e-09
11 114 2 5.894500e-09
12 114 2 4.366274e-09
1 115 2 1.359447e-09
2 115 2 1.977874e-09
3 115 2 3.135252e-09
4 115 2 3.886419e-09
5 115 2 3.470756e-09
6 115 2 3.222483e-09
7 115 2 3.108025e-09
8 115 2 2.981930e-09
9 115 2 2.742486e-09
10 115 2 2.450831e-09
11 115 2 1.861756e-09
12 115 2 1.335670e-09
1 116 2 9.859938e-10
2 116 2 1.262192e-09
3 116 2 1.930193e-09
4 116 2 2.732118e-09
5 116 2 3.177625e-09
6 116 2 3.618509e-09
7 116 2 3.793584e-09
8 116 2 3.631302e-09
9 116 2 2.941759e-09
10 116 2 2.351870e-09
11 116 2 1.708588e-09
12 116 2 1.125544e-09
1 117 2 1.183840e-09
2 117 2 1.236225e-09
3 117 2 1.561238e-09
4 117 2 2.137134e-09
5 117 2 2.721466e-09
6 117 2 3.224336e-09
7 117 2 3.432642e-09
8 117 2 3.428140e-09
9 117 2 3.127970e-09
10 117 2 2.677731e-09
11 117 2 2.161631e-09
12 117 2 1.561535e-09
1 126 2 1.742385e-11
2 126 2 1.811031e-11
3 126 2 1.962910e-11
4 126 2 2.072713e-11
5 126 2 2.047860e-11
6 126 2 1.903256e-11
7 126 2 1.834628e-11
8 126 2 1.852553e-11
9 126 2 1.842745e-11
10 126 2 1.810792e-11
11 126 2 1.769369e-11
12 126 2 1.742579e-11
1 127 2 1.756625e-09
2 127 2 1.786524e-09
3 127 2 1.885638e-09
4 127 2 1.957693e-09
5 127 2 1.984364e-09
6 127 2 1.922107e-09
7 127 2 1.922638e-09
8 127 2 1.966759e-09
9 127 2 1.945794e-09
10 127 2 1.867810e-09
11 127 2 1.810140e-09
12 127 2 1.787733e-09
1 128 2 7.959592e-09
2 128 2 8.174428e-09
3 128 2 8.391572e-09
4 128 2 8.191600e-09
5 128 2 7.968407e-09
6 128 2 7.729044e-09
7 128 2 8.237734e-09
8 128 2 9.366339e-09
9 128 2 9.848619e-09
10 128 2 9.302485e-09
11 128 2 8.459251e-09
12 128 2 7.970298e-09
1 129 2 2.269070e-10
2 129 2 2.237915e-10
3 129 2 2.294358e-10
4 129 2 2.360894e-10
5 129 2 2.397322e-10
6 129 2 2.462176e-10
7 129 2 2.572730e-10
8 129 2 2.804272e-10
9 129 2 2.929873e-10
10 129 2 2.942781e-10
11 129 2 2.686860e-10
12 129 2 2.386948e-10
1 133 2 4.874695e-09
2 133 2 5.667555e-09
3 133 2 6.803594e-09
4 133 2 6.985492e-09
5 133 2 6.663444e-09
6 133 2 6.124604e-09
7 133 2 5.466267e-09
8 133 2 5.118538e-09
9 133 2 5.337495e-09
10 133 2 5.684638e-09
11 133 2 5.423236e-09
12 133 2 4.745334e-09
1 135 2 2.110595e-10
2 135 2 2.377902e-10
3 135 2 2.827869e-10
4 135 2 3.045483e-10
5 135 2 2.926417e-10
6 135 2 2.610663e-10
7 135 2 2.255355e-10
8 135 2 2.277926e-10
9 135 2 2.420556e-10
10 135 2 2.276393e-10
11 135 2 2.181902e-10
12 135 2 2.049599e-10
1 136 2 2.359199e-10
2 136 2 2.428093e-10
3 136 2 3.002790e-10
4 136 2 3.650478e-10
5 136 2 3.997438e-10
6 136 2 3.647188e-10
7 136 2 3.227336e-10
8 136 2 3.219933e-10
9 136 2 3.236576e-10
10 136 2 3.044640e-10
11 136 2 2.878692e-10
12 136 2 2.556314e-10
1 137 2 5.751134e-11
2 137 2 6.033532e-11
3 137 2 6.917569e-11
4 137 2 7.601393e-11
5 137 2 7.503036e-11
6 137 2 6.903545e-11
7 137 2 6.386514e-11
8 137 2 6.162348e-11
9 137 2 6.166220e-11
10 137 2 6.423778e-11
11 137 2 6.351112e-11
12 137 2 5.988530e-11
1 138 2 2.292941e-09
2 138 2 2.521454e-09
3 138 2 2.925260e-09
4 138 2 3.255632e-09
5 138 2 3.284733e-09
6 138 2 2.886950e-09
7 138 2 2.674483e-09
8 138 2 2.579207e-09
9 138 2 2.586245e-09
10 138 2 2.601315e-09
11 138 2 2.523325e-09
12 138 2 2.340173e-09
1 139 2 3.870387e-09
2 139 2 4.407656e-09
3 139 2 4.925122e-09
4 139 2 5.169266e-09
5 139 2 5.096418e-09
6 139 2 4.746149e-09
7 139 2 4.490575e-09
8 139 2 4.322920e-09
9 139 2 4.266888e-09
10 139 2 4.300013e-09
11 139 2 4.091791e-09
12 139 2 3.745489e-09
1 140 2 1.282638e-09
2 140 2 1.326295e-09
3 140 2 1.440460e-09
4 140 2 1.632017e-09
5 140 2 1.732969e-09
6 140 2 1.664520e-09
7 140 2 1.576030e-09
8 140 2 1.520067e-09
9 140 2 1.497907e-09
10 140 2 1.506186e-09
11 140 2 1.474374e-09
12 140 2 1.374567e-09
1 141 2 2.012112e-09
2 141 2 1.991293e-09
3 141 2 2.048329e-09
4 141 2 2.248024e-09
5 141 2 2.425916e-09
6 141 2 2.398835e-09
7 141 2 2.333967e-09
8 141 2 2.263239e-09
9 141 2 2.244058e-09
10 141 2 2.249333e-09
11 141 2 2.271784e-09
12 141 2 2.205725e-09
1 150 2 2.327412e-12
2 150 2 2.547719e-12
3 150 2 2.727043e-12
4 150 2 2.788625e-12
5 150 2 2.609303e-12
6 150 2 2.301288e-12
7 150 2 2.099416e-12
8 150 2 2.048720e-12
9 150 2 1.982485e-12
10 150 2 1.937381e-12
11 150 2 1.975048e-12
12 150 2 2.101394e-12
1 151 2 1.509617e-09
2 151 2 1.605654e-09
3 151 2 1.702469e-09
4 151 2 1.742612e-09
5 151 2 1.686099e-09
6 151 2 1.587141e-09
7 151 2 1.552072e-09
8 151 2 1.611995e-09
9 151 2 1.534762e-09
10 151 2 1.440215e-09
11 151 2 1.397984e-09
12 151 2 1.432861e-09
1 152 2 1.196462e-09
2 152 2 1.211928e-09
3 152 2 1.223147e-09
4 152 2 1.162305e-09
5 152 2 1.117287e-09
6 152 2 1.097333e-09
7 152 2 1.254545e-09
8 152 2 1.672784e-09
9 152 2 1.775844e-09
10 152 2 1.513568e-09
11 152 2 1.297947e-09
12 152 2 1.200335e-09
1 153 2 1.386316e-09
2 153 2 1.419944e-09
3 153 2 1.498138e-09
4 153 2 1.469476e-09
5 153 2 1.419075e-09
6 153 2 1.393247e-09
7 153 2 1.626362e-09
8 153 2 2.125363e-09
9 153 2 2.585034e-09
10 153 2 2.310489e-09
11 153 2 1.747767e-09
12 153 2 1.458275e-09
1 154 2 3.772787e-09
2 154 2 3.752317e-09
3 154 2 3.904768e-09
4 154 2 3.741492e-09
5 154 2 3.498636e-09
6 154 2 3.147064e-09
7 154 2 2.971655e-09
8 154 2 3.095667e-09
9 154 2 3.490324e-09
10 154 2 3.922501e-09
11 154 2 4.133878e-09
12 154 2 3.997263e-09
1 157 2 1.503669e-10
2 157 2 1.561410e-10
3 157 2 1.671713e-10
4 157 2 1.648164e-10
5 157 2 1.606486e-10
6 157 2 1.510373e-10
7 157 2 1.441111e-10
8 157 2 1.426585e-10
9 157 2 1.416274e-10
10 157 2 1.440968e-10
11 157 2 1.451299e-10
12 157 2 1.470239e-10
1 163 2 6.996619e-10
2 163 2 7.090364e-10
3 163 2 7.300769e-10
4 163 2 7.738863e-10
5 163 2 7.746416e-10
6 163 2 7.161866e-10
7 163 2 6.621122e-10
8 163 2 6.217363e-10
9 163 2 6.306394e-10
10 163 2 6.671921e-10
11 163 2 6.932737e-10
12 163 2 6.987057e-10
1 164 2 2.646526e-09
2 164 2 2.623897e-09
3 164 2 2.696938e-09
4 164 2 2.822753e-09
5 164 2 2.789549e-09
6 164 2 2.580118e-09
7 164 2 2.388127e-09
8 164 2 2.332760e-09
9 164 2 2.497910e-09
10 164 2 2.736571e-09
11 164 2 2.791837e-09
12 164 2 2.745347e-09
1 165 2 1.155523e-09
2 165 2 1.132494e-09
3 165 2 1.146731e-09
4 165 2 1.172096e-09
5 165 2 1.159231e-09
6 165 2 1.066656e-09
7 165 2 1.005711e-09
8 165 2 1.017962e-09
9 165 2 1.085038e-09
10 165 2 1.160140e-09
11 165 2 1.220419e-09
12 165 2 1.221857e-09
1 166 2 5.046611e-10
2 166 2 4.996230e-10
3 166 2 4.913685e-10
4 166 2 4.890632e-10
5 166 2 4.730495e-10
6 166 2 4.374921e-10
7 166 2 4.131249e-10
8 166 2 4.162071e-10
9 166 2 4.317840e-10
10 166 2 4.542051e-10
11 166 2 4.896998e-10
12 166 2 5.143734e-10
1 170 2 2.315401e-11
2 170 2 2.546482e-11
3 170 2 2.501905e-11
4 170 2 2.274098e-11
5 170 2 1.895003e-11
6 170 2 1.593366e-11
7 170 2 1.507075e-11
8 170 2 1.438772e-11
9 170 2 1.462970e-11
10 170 2 1.629007e-11
11 170 2 1.797306e-11
12 170 2 2.069709e-11
1 171 2 8.311304e-11
2 171 2 9.123423e-11
3 171 2 9.233874e-11
4 171 2 8.215227e-11
5 171 2 6.834145e-11
6 171 2 5.856540e-11
7 171 2 5.317108e-11
8 171 2 5.038127e-11
9 171 2 5.111533e-11
10 171 2 5.559921e-11
11 171 2 6.345765e-11
12 171 2 7.496910e-11
1 175 2 2.400728e-12
2 175 2 2.538129e-12
3 175 2 2.545410e-12
4 175 2 2.384079e-12
5 175 2 2.071389e-12
6 175 2 1.887560e-12
7 175 2 1.848395e-12
8 175 2 1.832789e-12
9 175 2 1.704694e-12
10 175 2 1.723204e-12
11 175 2 1.801594e-12
12 175 2 2.101570e-12
1 176 2 2.805548e-08
2 176 2 2.826582e-08
3 176 2 2.767215e-08
4 176 2 2.444052e-08
5 176 2 1.977129e-08
6 176 2 1.791650e-08
7 176 2 1.788382e-08
8 176 2 2.040306e-08
9 176 2 2.222105e-08
10 176 2 2.371527e-08
11 176 2 2.531428e-08
12 176 2 2.688998e-08
1 177 2 1.575518e-08
2 177 2 1.530974e-08
3 177 2 1.445524e-08
4 177 2 1.264015e-08
5 177 2 1.033620e-08
6 177 2 8.826238e-09
7 177 2 9.183565e-09
8 177 2 1.100360e-08
9 177 2 1.382981e-08
10 177 2 1.438247e-08
11 177 2 1.467419e-08
12 177 2 1.470417e-08
1 178 2 2.766386e-09
2 178 2 2.734054e-09
3 178 2 2.620791e-09
4 178 2 2.196644e-09
5 178 2 1.912628e-09
6 178 2 1.616596e-09
7 178 2 1.539706e-09
8 178 2 1.551038e-09
9 178 2 1.768919e-09
10 178 2 1.903307e-09
11 178 2 2.149677e-09
12 178 2 2.386593e-09
1 181 2 3.378913e-11
2 181 2 3.568878e-11
3 181 2 3.618025e-11
4 181 2 3.459316e-11
5 181 2 2.852857e-11
6 181 2 2.466856e-11
7 181 2 2.181209e-11
8 181 2 2.232289e-11
9 181 2 2.418459e-11
10 181 2 2.618740e-11
11 181 2 2.965757e-11
12 181 2 3.157673e-11
1 182 2 4.032362e-09
2 182 2 3.727146e-09
3 182 2 3.514532e-09
4 182 2 2.935820e-09
5 182 2 2.299008e-09
6 182 2 1.719520e-09
7 182 2 1.704901e-09
8 182 2 2.369171e-09
9 182 2 3.287480e-09
10 182 2 4.031977e-09
11 182 2 4.456164e-09
12 182 2 4.277259e-09
1 183 2 8.576736e-10
2 183 2 8.239392e-10
3 183 2 7.866046e-10
4 183 2 7.132354e-10
5 183 2 6.001039e-10
6 183 2 4.870555e-10
7 183 2 4.531540e-10
8 183 2 5.381031e-10
9 183 2 6.256672e-10
10 183 2 7.401637e-10
11 183 2 8.058134e-10
12 183 2 8.288311e-10
1 184 2 2.678707e-10
2 184 2 2.714221e-10
3 184 2 2.628680e-10
4 184 2 2.365642e-10
5 184 2 1.966670e-10
6 184 2 1.589440e-10
7 184 2 1.433275e-10
8 184 2 1.496916e-10
9 184 2 1.585732e-10
10 184 2 1.821014e-10
11 184 2 2.130708e-10
12 184 2 2.428536e-10
1 188 2 4.422901e-11
2 188 2 4.384339e-11
3 188 2 4.063889e-11
4 188 2 3.318443e-11
5 188 2 2.345342e-11
6 188 2 1.783950e-11
7 188 2 1.535075e-11
8 188 2 1.561519e-11
9 188 2 2.115069e-11
10 188 2 2.779499e-11
11 188 2 3.310108e-11
12 188 2 4.128594e-11
1 189 2 3.860301e-11
2 189 2 3.567697e-11
3 189 2 3.236219e-11
4 189 2 2.392046e-11
5 189 2 1.583749e-11
6 189 2 1.119968e-11
7 189 2 1.064850e-11
8 189 2 1.307988e-11
9 189 2 2.104128e-11
10 189 2 2.995970e-11
11 189 2 3.644099e-11
12 189 2 3.808066e-11
1 190 2 1.579603e-10
2 190 2 1.496702e-10
3 190 2 1.299141e-10
4 190 2 9.201544e-11
5 190 2 6.419916e-11
6 190 2 4.657283e-11
7 190 2 4.376040e-11
8 190 2 5.275303e-11
9 190 2 7.409753e-11
10 190 2 1.010128e-10
11 190 2 1.323591e-10
12 190 2 1.485044e-10
1 191 2 1.215985e-10
2 191 2 1.260082e-10
3 191 2 1.224806e-10
4 191 2 1.011827e-10
5 191 2 8.320441e-11
6 191 2 6.835098e-11
7 191 2 6.009201e-11
8 191 2 6.102866e-11
9 191 2 6.658351e-11
10 191 2 7.473315e-11
11 191 2 9.191394e-11
12 191 2 1.081359e-10
1 192 2 1.600280e-10
2 192 2 1.729458e-10
3 192 2 1.685026e-10
4 192 2 1.458980e-10
5 192 2 1.233058e-10
6 192 2 1.049900e-10
7 192 2 9.226529e-11
8 192 2 8.573611e-11
9 192 2 8.827789e-11
10 192 2 9.693922e-11
11 192 2 1.157204e-10
12 192 2 1.389549e-10
1 200 2 1.451552e-07
2 200 2 1.493286e-07
3 200 2 1.221180e-07
4 200 2 8.072874e-08
5 200 2 5.284101e-08
6 200 2 4.303411e-08
7 200 2 4.088464e-08
8 200 2 4.409061e-08
9 200 2 4.883815e-08
10 200 2 6.244196e-08
11 200 2 8.677232e-08
12 200 2 1.195546e-07
1 201 2 8.302606e-08
2 201 2 8.566569e-08
3 201 2 7.842185e-08
4 201 2 6.036353e-08
5 201 2 4.548969e-08
6 201 2 3.763488e-08
7 201 2 3.556707e-08
8 201 2 3.679090e-08
9 201 2 3.641198e-08
10 201 2 4.332553e-08
11 201 2 5.522842e-08
12 201 2 6.878528e-08
1 206 2 2.681073e-09
2 206 2 2.895908e-09
3 206 2 2.620022e-09
4 206 2 2.235784e-09
5 206 2 1.848982e-09
6 206 2 1.612156e-09
7 206 2 1.382738e-09
8 206 2 1.357674e-09
9 206 2 1.469667e-09
10 206 2 1.663581e-09
11 206 2 1.950100e-09
12 206 2 2.297420e-09
1 207 2 1.014920e-10
2 207 2 1.108165e-10
3 207 2 1.050960e-10
4 207 2 9.529591e-11
5 207 2 8.451342e-11
6 207 2 7.248679e-11
7 207 2 6.389060e-11
8 207 2 6.291596e-11
9 207 2 6.347818e-11
10 207 2 6.991893e-11
11 207 2 7.535189e-11
12 207 2 8.619789e-11
1 212 2 6.229197e-11
2 212 2 6.649283e-11
3 212 2 5.901889e-11
4 212 2 4.961664e-11
5 212 2 3.867224e-11
6 212 2 3.121171e-11
7 212 2 2.590749e-11
8 212 2 2.503935e-11
9 212 2 2.843786e-11
10 212 2 3.355534e-11
11 212 2 3.980248e-11
12 212 2 5.262648e-11
1 213 2 1.356477e-11
2 213 2 1.482527e-11
3 213 2 1.256383e-11
4 213 2 1.063169e-11
5 213 2 8.203770e-12
6 213 2 6.323953e-12
7 213 2 5.367183e-12
8 213 2 5.239671e-12
9 213 2 6.311406e-12
10 213 2 7.778079e-12
11 213 2 9.551384e-12
12 213 2 1.168820e-11
1 214 2 4.822711e-10
2 214 2 5.112678e-10
3 214 2 4.107719e-10
4 214 2 3.050946e-10
5 214 2 2.255209e-10
6 214 2 1.661986e-10
7 214 2 1.439305e-10
8 214 2 1.483815e-10
9 214 2 1.872999e-10
10 214 2 2.511052e-10
11 214 2 3.437400e-10
12 214 2 4.168968e-10
1 215 2 1.785940e-10
2 215 2 1.837077e-10
3 215 2 1.712793e-10
4 215 2 1.365024e-10
5 215 2 1.108748e-10
6 215 2 8.908555e-11
7 215 2 7.698225e-11
8 215 2 7.717154e-11
9 215 2 8.678458e-11
10 215 2 1.032458e-10
11 215 2 1.300006e-10
12 215 2 1.570479e-10
1 216 2 3.521522e-09
2 216 2 3.676727e-09
3 216 2 3.447864e-09
4 216 2 2.802913e-09
5 216 2 2.244412e-09
6 216 2 1.930796e-09
7 216 2 1.696666e-09
8 216 2 1.622327e-09
9 216 2 1.683452e-09
10 216 2 1.913401e-09
11 216 2 2.301498e-09
12 216 2 2.957840e-09
1 224 2 4.241115e-09
2 224 2 4.636542e-09
3 224 2 4.045949e-09
4 224 2 3.484169e-09
5 224 2 2.813531e-09
6 224 2 2.390956e-09
7 224 2 2.172161e-09
8 224 2 2.268797e-09
9 224 2 2.333199e-09
10 224 2 2.751896e-09
11 224 2 3.286307e-09
12 224 2 3.920824e-09
1 240 2 2.178154e-10
2 240 2 2.221704e-10
3 240 2 2.031694e-10
4 240 2 1.794304e-10
5 240 2 1.559481e-10
6 240 2 1.345107e-10
7 240 2 1.317820e-10
8 240 2 1.358596e-10
9 240 2 1.322512e-10
10 240 2 1.424207e-10
11 240 2 1.564854e-10
12 240 2 1.939364e-10
