1 7 2 4.748060e-13
2 7 2 4.056215e-13
3 7 2 4.436060e-13
4 7 2 1.146540e-12
5 7 2 3.944917e-12
6 7 2 1.062514e-11
7 7 2 1.437613e-11
8 7 2 9.801783e-12
9 7 2 4.238942e-12
10 7 2 1.858340e-12
11 7 2 9.845741e-13
12 7 2 5.808346e-13
1 25 2 2.661422e-10
2 25 2 2.527009e-10
3 25 2 3.560139e-10
4 25 2 6.496462e-10
5 25 2 1.817397e-09
6 25 2 3.295619e-09
7 25 2 3.995255e-09
8 25 2 3.063655e-09
9 25 2 1.731127e-09
10 25 2 8.101046e-10
11 25 2 3.862673e-10
12 25 2 2.236862e-10
1 26 2 1.758125e-12
2 26 2 1.446953e-12
3 26 2 2.392655e-12
4 26 2 5.340603e-12
5 26 2 1.504366e-11
6 26 2 2.873296e-11
7 26 2 3.117518e-11
8 26 2 2.332537e-11
9 26 2 1.275775e-11
10 26 2 5.135492e-12
11 26 2 2.683085e-12
12 26 2 1.658815e-12
1 27 2 9.003799e-11
2 27 2 7.949547e-11
3 27 2 1.393551e-10
4 27 2 3.549204e-10
5 27 2 9.994824e-10
6 27 2 2.066052e-09
7 27 2 2.330156e-09
8 27 2 1.753848e-09
9 27 2 9.063264e-10
10 27 2 3.403474e-10
11 27 2 1.803720e-10
12 27 2 1.115725e-10
1 28 2 4.930002e-11
2 28 2 4.486434e-11
3 28 2 7.545403e-11
4 28 2 2.051021e-10
5 28 2 5.856918e-10
6 28 2 1.253957e-09
7 28 2 1.495008e-09
8 28 2 1.126505e-09
9 28 2 5.794982e-10
10 28 2 2.256864e-10
11 28 2 1.126659e-10
12 28 2 7.024096e-11
1 29 2 6.602691e-11
2 29 2 6.246166e-11
3 29 2 9.950452e-11
4 29 2 2.991936e-10
5 29 2 8.947203e-10
6 29 2 2.201988e-09
7 29 2 2.999615e-09
8 29 2 2.231734e-09
9 29 2 1.024924e-09
10 29 2 3.798748e-10
11 29 2 1.795683e-10
12 29 2 1.120944e-10
1 30 2 1.499487e-11
2 30 2 1.311395e-11
3 30 2 2.084265e-11
4 30 2 6.379346e-11
5 30 2 1.767178e-10
6 30 2 4.806036e-10
7 30 2 6.966121e-10
8 30 2 5.334701e-10
9 30 2 2.413768e-10
10 30 2 9.447927e-11
11 30 2 4.358068e-11
12 30 2 2.610040e-11
1 31 2 2.676423e-11
2 31 2 2.062409e-11
3 31 2 3.133050e-11
4 31 2 8.720318e-11
5 31 2 2.252009e-10
6 31 2 5.929426e-10
7 31 2 8.361808e-10
8 31 2 6.749444e-10
9 31 2 3.376521e-10
10 31 2 1.546280e-10
11 31 2 7.424032e-11
12 31 2 4.137015e-11
1 32 2 3.166052e-11
2 32 2 2.620882e-11
3 32 2 3.663541e-11
4 32 2 8.140534e-11
5 32 2 2.174227e-10
6 32 2 5.150316e-10
7 32 2 6.644519e-10
8 32 2 5.488672e-10
9 32 2 3.064937e-10
10 32 2 1.580006e-10
11 32 2 8.164824e-11
12 32 2 4.234361e-11
1 35 2 2.231931e-09
2 35 2 2.126694e-09
3 35 2 2.310219e-09
4 35 2 3.078576e-09
5 35 2 4.826078e-09
6 35 2 7.370474e-09
7 35 2 8.868943e-09
8 35 2 8.144039e-09
9 35 2 5.535003e-09
10 35 2 4.001800e-09
11 35 2 3.031150e-09
12 35 2 2.462535e-09
1 36 2 2.676261e-10
2 36 2 2.512489e-10
3 36 2 2.784580e-10
4 36 2 3.344525e-10
5 36 2 4.574193e-10
6 36 2 6.598651e-10
7 36 2 7.771347e-10
8 36 2 7.916882e-10
9 36 2 6.043192e-10
10 36 2 4.734598e-10
11 36 2 3.623794e-10
12 36 2 3.002620e-10
1 37 2 6.174155e-09
2 37 2 5.975724e-09
3 37 2 7.529690e-09
4 37 2 9.682171e-09
5 37 2 1.463759e-08
6 37 2 2.220108e-08
7 37 2 2.582100e-08
8 37 2 2.538265e-08
9 37 2 1.867927e-08
10 37 2 1.400619e-08
11 37 2 9.871719e-09
12 37 2 7.562578e-09
1 38 2 3.191119e-08
2 38 2 3.188258e-08
3 38 2 4.856890e-08
4 38 2 7.201140e-08
5 38 2 1.314742e-07
6 38 2 2.332909e-07
7 38 2 2.765572e-07
8 38 2 2.398555e-07
9 38 2 1.549283e-07
10 38 2 1.058934e-07
11 38 2 6.050956e-08
12 38 2 4.366603e-08
1 39 2 3.428148e-08
2 39 2 3.571441e-08
3 39 2 5.784996e-08
4 39 2 8.932516e-08
5 39 2 1.733204e-07
6 39 2 3.350720e-07
7 39 2 4.160657e-07
8 39 2 3.368541e-07
9 39 2 2.123233e-07
10 39 2 1.340796e-07
11 39 2 6.786820e-08
12 39 2 4.953887e-08
1 40 2 8.499508e-09
2 40 2 9.325434e-09
3 40 2 1.663178e-08
4 40 2 2.796765e-08
5 40 2 6.113870e-08
6 40 2 1.388118e-07
7 40 2 1.736750e-07
8 40 2 1.274036e-07
9 40 2 7.847931e-08
10 40 2 4.228539e-08
11 40 2 1.811384e-08
12 40 2 1.349424e-08
1 41 2 4.528795e-09
2 41 2 4.841508e-09
3 41 2 9.702221e-09
4 41 2 1.728034e-08
5 41 2 4.334164e-08
6 41 2 1.099838e-07
7 41 2 1.422026e-07
8 41 2 9.974023e-08
9 41 2 5.573946e-08
10 41 2 2.415800e-08
11 41 2 9.280856e-09
12 41 2 7.735474e-09
1 42 2 2.448839e-09
2 42 2 2.561535e-09
3 42 2 5.523915e-09
4 42 2 1.089698e-08
5 42 2 3.097829e-08
6 42 2 8.592449e-08
7 42 2 1.202842e-07
8 42 2 8.032770e-08
9 42 2 3.803937e-08
10 42 2 1.361388e-08
11 42 2 5.075515e-09
12 42 2 4.163722e-09
1 43 2 6.873263e-11
2 43 2 7.126687e-11
3 43 2 1.681528e-10
4 43 2 4.102979e-10
5 43 2 1.373342e-09
6 43 2 4.050201e-09
7 43 2 5.920833e-09
8 43 2 3.716688e-09
9 43 2 1.519823e-09
10 43 2 4.666243e-10
11 43 2 1.591289e-10
12 43 2 1.115028e-10
1 44 2 2.838139e-10
2 44 2 2.851690e-10
3 44 2 6.202865e-10
4 44 2 1.676929e-09
5 44 2 6.264956e-09
6 44 2 1.974295e-08
7 44 2 2.885541e-08
8 44 2 1.739964e-08
9 44 2 6.272306e-09
10 44 2 1.858357e-09
11 44 2 6.099182e-10
12 44 2 4.123732e-10
1 45 2 6.521867e-10
2 45 2 7.309107e-10
3 45 2 1.331846e-09
4 45 2 3.927720e-09
5 45 2 1.644853e-08
6 45 2 5.457792e-08
7 45 2 7.635380e-08
8 45 2 4.649174e-08
9 45 2 1.598746e-08
10 45 2 4.081933e-09
11 45 2 1.183177e-09
12 45 2 7.732659e-10
1 46 2 2.958767e-10
2 46 2 3.722201e-10
3 46 2 5.851018e-10
4 46 2 1.624768e-09
5 46 2 6.380398e-09
6 46 2 1.979128e-08
7 46 2 2.768661e-08
8 46 2 1.734875e-08
9 46 2 6.516684e-09
10 46 2 1.579567e-09
11 46 2 4.342853e-10
12 46 2 3.097061e-10
1 47 2 3.888294e-10
2 47 2 4.948389e-10
3 47 2 6.973054e-10
4 47 2 1.562332e-09
5 47 2 5.325207e-09
6 47 2 1.467094e-08
7 47 2 1.989693e-08
8 47 2 1.349154e-08
9 47 2 5.715428e-09
10 47 2 1.762857e-09
11 47 2 5.200890e-10
12 47 2 3.953367e-10
1 48 2 5.263218e-10
2 48 2 6.046059e-10
3 48 2 8.316015e-10
4 48 2 1.623942e-09
5 48 2 5.039404e-09
6 48 2 1.159149e-08
7 48 2 1.540402e-08
8 48 2 1.083761e-08
9 48 2 5.159140e-09
10 48 2 1.923510e-09
11 48 2 6.924394e-10
12 48 2 4.591837e-10
1 49 2 9.160815e-13
2 49 2 8.335534e-13
3 49 2 9.454940e-13
4 49 2 1.106617e-12
5 49 2 1.582698e-12
6 49 2 2.407983e-12
7 49 2 3.591111e-12
8 49 2 3.376935e-12
9 49 2 2.355374e-12
10 49 2 1.685496e-12
11 49 2 1.230549e-12
12 49 2 8.976831e-13
1 50 2 3.730836e-12
2 50 2 3.220454e-12
3 50 2 3.774870e-12
4 50 2 4.302961e-12
5 50 2 6.056117e-12
6 50 2 8.887268e-12
7 50 2 1.226574e-11
8 50 2 1.179551e-11
9 50 2 8.541019e-12
10 50 2 6.088397e-12
11 50 2 4.558266e-12
12 50 2 3.589137e-12
1 51 2 2.148563e-12
2 51 2 1.960901e-12
3 51 2 2.130735e-12
4 51 2 2.459573e-12
5 51 2 3.352460e-12
6 51 2 4.701559e-12
7 51 2 6.126818e-12
8 51 2 6.075943e-12
9 51 2 5.048218e-12
10 51 2 3.550787e-12
11 51 2 2.661185e-12
12 51 2 2.230154e-12
1 52 2 3.229277e-08
2 52 2 3.394248e-08
3 52 2 4.263947e-08
4 52 2 6.216253e-08
5 52 2 1.051250e-07
6 52 2 1.446756e-07
7 52 2 1.855733e-07
8 52 2 1.735746e-07
9 52 2 1.401158e-07
10 52 2 8.004328e-08
11 52 2 4.817822e-08
12 52 2 3.715275e-08
1 53 2 1.590608e-08
2 53 2 1.995633e-08
3 53 2 3.381022e-08
4 53 2 7.379762e-08
5 53 2 1.405332e-07
6 53 2 2.098519e-07
7 53 2 2.912993e-07
8 53 2 2.482209e-07
9 53 2 1.679978e-07
10 53 2 7.409412e-08
11 53 2 3.304797e-08
12 53 2 2.093723e-08
1 54 2 4.537060e-09
2 54 2 5.885728e-09
3 54 2 1.100655e-08
4 54 2 2.735019e-08
5 54 2 5.387136e-08
6 54 2 1.040549e-07
7 54 2 1.478149e-07
8 54 2 1.239466e-07
9 54 2 7.517166e-08
10 54 2 3.197031e-08
11 54 2 1.370394e-08
12 54 2 7.559358e-09
1 55 2 6.601583e-09
2 55 2 7.362525e-09
3 55 2 1.373459e-08
4 55 2 3.216023e-08
5 55 2 6.381895e-08
6 55 2 1.362916e-07
7 55 2 1.894557e-07
8 55 2 1.633891e-07
9 55 2 1.036108e-07
10 55 2 4.967971e-08
11 55 2 2.324323e-08
12 55 2 1.330914e-08
1 56 2 2.860818e-08
2 56 2 2.968905e-08
3 56 2 5.142222e-08
4 56 2 1.146642e-07
5 56 2 2.506406e-07
6 56 2 4.940678e-07
7 56 2 6.830920e-07
8 56 2 5.669318e-07
9 56 2 3.705601e-07
10 56 2 1.909260e-07
11 56 2 8.607652e-08
12 56 2 4.936571e-08
1 57 2 5.900129e-09
2 57 2 5.629308e-09
3 57 2 6.923727e-09
4 57 2 1.050914e-08
5 57 2 1.758343e-08
6 57 2 2.861043e-08
7 57 2 4.074159e-08
8 57 2 3.671812e-08
9 57 2 2.731831e-08
10 57 2 1.754786e-08
11 57 2 1.073061e-08
12 57 2 7.711602e-09
1 60 2 1.668393e-07
2 60 2 1.615688e-07
3 60 2 1.852873e-07
4 60 2 2.197480e-07
5 60 2 2.709319e-07
6 60 2 3.565445e-07
7 60 2 4.150891e-07
8 60 2 4.152637e-07
9 60 2 3.524109e-07
10 60 2 2.876844e-07
11 60 2 2.300802e-07
12 60 2 1.907129e-07
1 61 2 5.312094e-07
2 61 2 5.344046e-07
3 61 2 7.516311e-07
4 61 2 1.132115e-06
5 61 2 1.651410e-06
6 61 2 2.326570e-06
7 61 2 2.753270e-06
8 61 2 2.648874e-06
9 61 2 2.058244e-06
10 61 2 1.400030e-06
11 61 2 9.133247e-07
12 61 2 6.405983e-07
1 62 2 1.793204e-07
2 62 2 1.963980e-07
3 62 2 3.091663e-07
4 62 2 5.596854e-07
5 62 2 9.599810e-07
6 62 2 1.361810e-06
7 62 2 1.665218e-06
8 62 2 1.554421e-06
9 62 2 1.083155e-06
10 62 2 6.459274e-07
11 62 2 3.507672e-07
12 62 2 2.282692e-07
1 63 2 4.017174e-07
2 63 2 4.876678e-07
3 63 2 8.159963e-07
4 63 2 1.716247e-06
5 63 2 3.293760e-06
6 63 2 4.896699e-06
7 63 2 6.261694e-06
8 63 2 5.448901e-06
9 63 2 3.328018e-06
10 63 2 1.817467e-06
11 63 2 8.395012e-07
12 63 2 5.495730e-07
1 64 2 1.254913e-07
2 64 2 1.607674e-07
3 64 2 3.061399e-07
4 64 2 7.251432e-07
5 64 2 1.553028e-06
6 64 2 2.487596e-06
7 64 2 3.153082e-06
8 64 2 2.465006e-06
9 64 2 1.411426e-06
10 64 2 6.239602e-07
11 64 2 2.851191e-07
12 64 2 1.951235e-07
1 65 2 4.244110e-08
2 65 2 5.262723e-08
3 65 2 1.152964e-07
4 65 2 3.251398e-07
5 65 2 6.817147e-07
6 65 2 1.158600e-06
7 65 2 1.501710e-06
8 65 2 1.120795e-06
9 65 2 6.356794e-07
10 65 2 2.255748e-07
11 65 2 9.930245e-08
12 65 2 7.196435e-08
1 66 2 2.810121e-08
2 66 2 3.474187e-08
3 66 2 8.259136e-08
4 66 2 2.709549e-07
5 66 2 5.633926e-07
6 66 2 9.687789e-07
7 66 2 1.336108e-06
8 66 2 1.010099e-06
9 66 2 5.713964e-07
10 66 2 1.893102e-07
11 66 2 7.254650e-08
12 66 2 4.499918e-08
1 67 2 9.490215e-09
2 67 2 1.265476e-08
3 67 2 3.218114e-08
4 67 2 1.188799e-07
5 67 2 2.697317e-07
6 67 2 4.600293e-07
7 67 2 6.431717e-07
8 67 2 4.949733e-07
9 67 2 2.707160e-07
10 67 2 9.955488e-08
11 67 2 3.148001e-08
12 67 2 1.416898e-08
1 68 2 2.282714e-09
2 68 2 3.065071e-09
3 68 2 9.103089e-09
4 68 2 4.184260e-08
5 68 2 1.140264e-07
6 68 2 2.185100e-07
7 68 2 3.133020e-07
8 68 2 2.330133e-07
9 68 2 1.118254e-07
10 68 2 4.108329e-08
11 68 2 9.368446e-09
12 68 2 3.259894e-09
1 69 2 1.381824e-09
2 69 2 1.959169e-09
3 69 2 4.685219e-09
4 69 2 2.054497e-08
5 69 2 6.587841e-08
6 69 2 1.559087e-07
7 69 2 2.284049e-07
8 69 2 1.758256e-07
9 69 2 7.553351e-08
10 69 2 2.456058e-08
11 69 2 4.758955e-09
12 69 2 1.789676e-09
1 70 2 5.794300e-09
2 70 2 6.772429e-09
3 70 2 9.704694e-09
4 70 2 2.531905e-08
5 70 2 6.349212e-08
6 70 2 1.541770e-07
7 70 2 2.495636e-07
8 70 2 2.274532e-07
9 70 2 1.174416e-07
10 70 2 4.186195e-08
11 70 2 1.273191e-08
12 70 2 7.167142e-09
1 71 2 4.932672e-09
2 71 2 5.005508e-09
3 71 2 5.664113e-09
4 71 2 9.089189e-09
5 71 2 1.760238e-08
6 71 2 3.672022e-08
7 71 2 5.635402e-08
8 71 2 5.603003e-08
9 71 2 3.594833e-08
10 71 2 1.712171e-08
11 71 2 8.179477e-09
12 71 2 5.680924e-09
1 72 2 2.080100e-11
2 72 2 1.986677e-11
3 72 2 2.152358e-11
4 72 2 2.744277e-11
5 72 2 4.269894e-11
6 72 2 7.429757e-11
7 72 2 1.150784e-10
8 72 2 1.106785e-10
9 72 2 7.743435e-11
10 72 2 4.695181e-11
11 72 2 2.892879e-11
12 72 2 2.065895e-11
1 76 2 1.302230e-09
2 76 2 1.191406e-09
3 76 2 1.203397e-09
4 76 2 1.309009e-09
5 76 2 1.779620e-09
6 76 2 2.537625e-09
7 76 2 3.402815e-09
8 76 2 3.631427e-09
9 76 2 3.460044e-09
10 76 2 2.310618e-09
11 76 2 1.491601e-09
12 76 2 1.304535e-09
1 77 2 1.329865e-09
2 77 2 1.726819e-09
3 77 2 2.262030e-09
4 77 2 3.655938e-09
5 77 2 6.138467e-09
6 77 2 9.477153e-09
7 77 2 1.287689e-08
8 77 2 1.222226e-08
9 77 2 9.053732e-09
10 77 2 4.574052e-09
11 77 2 2.007108e-09
12 77 2 1.265070e-09
1 78 2 1.453061e-09
2 78 2 1.985403e-09
3 78 2 2.764792e-09
4 78 2 4.958946e-09
5 78 2 7.754359e-09
6 78 2 1.231123e-08
7 78 2 1.519685e-08
8 78 2 1.423001e-08
9 78 2 9.226583e-09
10 78 2 4.893037e-09
11 78 2 2.642346e-09
12 78 2 1.525516e-09
1 79 2 6.681686e-08
2 79 2 8.198539e-08
3 79 2 1.203782e-07
4 79 2 1.996672e-07
5 79 2 3.033499e-07
6 79 2 4.955738e-07
7 79 2 6.072638e-07
8 79 2 5.752747e-07
9 79 2 3.972306e-07
10 79 2 2.397864e-07
11 79 2 1.366179e-07
12 79 2 8.368964e-08
1 80 2 8.498723e-09
2 80 2 8.515317e-09
3 80 2 1.070003e-08
4 80 2 1.446767e-08
5 80 2 2.157724e-08
6 80 2 3.282899e-08
7 80 2 4.227231e-08
8 80 2 4.184889e-08
9 80 2 3.473381e-08
10 80 2 2.435203e-08
11 80 2 1.420600e-08
12 80 2 1.050060e-08
1 81 2 8.921084e-14
2 81 2 8.084653e-14
3 81 2 8.515334e-14
4 81 2 1.009710e-13
5 81 2 1.453973e-13
6 81 2 1.959187e-13
7 81 2 2.614198e-13
8 81 2 2.804976e-13
9 81 2 2.550599e-13
10 81 2 1.957057e-13
11 81 2 1.293689e-13
12 81 2 1.059139e-13
1 84 2 2.138556e-08
2 84 2 2.260992e-08
3 84 2 2.796395e-08
4 84 2 3.533769e-08
5 84 2 4.737717e-08
6 84 2 7.763093e-08
7 84 2 1.039729e-07
8 84 2 9.963189e-08
9 84 2 7.475846e-08
10 84 2 4.718009e-08
11 84 2 3.169450e-08
12 84 2 2.421117e-08
1 85 2 7.807737e-08
2 85 2 8.792128e-08
3 85 2 1.143118e-07
4 85 2 1.660845e-07
5 85 2 2.658650e-07
6 85 2 4.061505e-07
7 85 2 5.619469e-07
8 85 2 5.345850e-07
9 85 2 3.849375e-07
10 85 2 2.123338e-07
11 85 2 1.197473e-07
12 85 2 8.688875e-08
1 86 2 2.380841e-08
2 86 2 2.695610e-08
3 86 2 3.444790e-08
4 86 2 5.003644e-08
5 86 2 8.041845e-08
6 86 2 1.166854e-07
7 86 2 1.602948e-07
8 86 2 1.608191e-07
9 86 2 1.190368e-07
10 86 2 6.902811e-08
11 86 2 3.802408e-08
12 86 2 2.717555e-08
1 87 2 4.979929e-08
2 87 2 6.737271e-08
3 87 2 9.619589e-08
4 87 2 1.520638e-07
5 87 2 2.667757e-07
6 87 2 4.009976e-07
7 87 2 5.436287e-07
8 87 2 5.539395e-07
9 87 2 4.016087e-07
10 87 2 2.261164e-07
11 87 2 9.934956e-08
12 87 2 6.038943e-08
1 88 2 1.756459e-08
2 88 2 2.494313e-08
3 88 2 3.911451e-08
4 88 2 7.421561e-08
5 88 2 1.523123e-07
6 88 2 2.393931e-07
7 88 2 3.065761e-07
8 88 2 2.688912e-07
9 88 2 1.737576e-07
10 88 2 8.211461e-08
11 88 2 4.209761e-08
12 88 2 2.338368e-08
1 89 2 1.129861e-08
2 89 2 1.572055e-08
3 89 2 2.983712e-08
4 89 2 5.611853e-08
5 89 2 1.119910e-07
6 89 2 1.673015e-07
7 89 2 1.951680e-07
8 89 2 1.709206e-07
9 89 2 1.115437e-07
10 89 2 5.308036e-08
11 89 2 2.920747e-08
12 89 2 1.616646e-08
1 90 2 9.331260e-09
2 90 2 1.229829e-08
3 90 2 2.440464e-08
4 90 2 4.380113e-08
5 90 2 6.725409e-08
6 90 2 8.902206e-08
7 90 2 9.997727e-08
8 90 2 9.250666e-08
9 90 2 6.741489e-08
10 90 2 4.021012e-08
11 90 2 2.216998e-08
12 90 2 1.262088e-08
1 91 2 6.663288e-12
2 91 2 9.428258e-12
3 91 2 1.969772e-11
4 91 2 3.722250e-11
5 91 2 5.493460e-11
6 91 2 6.982699e-11
7 91 2 7.840555e-11
8 91 2 7.190541e-11
9 91 2 5.170148e-11
10 91 2 3.200334e-11
11 91 2 1.658667e-11
12 91 2 8.514874e-12
1 92 2 3.578175e-11
2 92 2 5.111205e-11
3 92 2 1.281250e-10
4 92 2 3.056766e-10
5 92 2 5.764617e-10
6 92 2 8.833423e-10
7 92 2 1.060333e-09
8 92 2 9.650734e-10
9 92 2 6.037593e-10
10 92 2 3.208786e-10
11 92 2 1.258488e-10
12 92 2 5.402381e-11
1 93 2 3.181719e-08
2 93 2 3.839028e-08
3 93 2 7.893245e-08
4 93 2 1.839609e-07
5 93 2 3.281758e-07
6 93 2 5.207920e-07
7 93 2 6.986152e-07
8 93 2 6.867983e-07
9 93 2 4.619439e-07
10 93 2 2.660236e-07
11 93 2 1.139258e-07
12 93 2 4.745237e-08
1 94 2 3.569737e-08
2 94 2 3.551741e-08
3 94 2 4.742433e-08
4 94 2 8.404465e-08
5 94 2 1.434591e-07
6 94 2 2.258939e-07
7 94 2 3.120716e-07
8 94 2 3.400889e-07
9 94 2 2.801364e-07
10 94 2 1.690898e-07
11 94 2 9.075468e-08
12 94 2 4.958618e-08
1 98 2 1.649538e-10
2 98 2 1.535501e-10
3 98 2 1.445912e-10
4 98 2 1.539479e-10
5 98 2 1.747204e-10
6 98 2 1.999318e-10
7 98 2 2.248822e-10
8 98 2 2.370148e-10
9 98 2 2.338806e-10
10 98 2 2.210796e-10
11 98 2 1.988596e-10
12 98 2 1.809643e-10
1 101 2 6.514235e-10
2 101 2 6.693598e-10
3 101 2 6.859204e-10
4 101 2 8.458440e-10
5 101 2 1.087772e-09
6 101 2 1.270087e-09
7 101 2 1.355746e-09
8 101 2 1.358504e-09
9 101 2 1.306021e-09
10 101 2 1.119779e-09
11 101 2 8.610794e-10
12 101 2 6.906472e-10
1 102 2 4.174748e-09
2 102 2 4.718977e-09
3 102 2 5.799710e-09
4 102 2 7.254272e-09
5 102 2 8.394910e-09
6 102 2 9.164549e-09
7 102 2 9.422618e-09
8 102 2 9.541681e-09
9 102 2 8.599718e-09
10 102 2 6.625232e-09
11 102 2 5.317578e-09
12 102 2 4.358416e-09
1 103 2 2.329220e-09
2 103 2 2.376988e-09
3 103 2 2.590619e-09
4 103 2 2.927301e-09
5 103 2 3.409075e-09
6 103 2 3.901250e-09
7 103 2 4.220657e-09
8 103 2 4.429486e-09
9 103 2 4.344409e-09
10 103 2 3.796637e-09
11 103 2 3.123330e-09
12 103 2 2.596945e-09
1 104 2 1.094076e-09
2 104 2 1.049847e-09
3 104 2 1.061255e-09
4 104 2 1.163513e-09
5 104 2 1.360508e-09
6 104 2 1.561249e-09
7 104 2 1.752230e-09
8 104 2 1.892835e-09
9 104 2 1.908071e-09
10 104 2 1.782516e-09
11 104 2 1.466280e-09
12 104 2 1.214078e-09
1 107 2 3.981786e-10
2 107 2 4.200712e-10
3 107 2 4.904481e-10
4 107 2 5.619995e-10
5 107 2 6.302471e-10
6 107 2 8.068677e-10
7 107 2 8.819406e-10
8 107 2 8.783721e-10
9 107 2 8.222877e-10
10 107 2 7.033455e-10
11 107 2 5.591339e-10
12 107 2 4.372638e-10
1 108 2 5.303499e-11
2 108 2 6.777878e-11
3 108 2 9.845594e-11
4 108 2 1.524867e-10
5 108 2 2.367001e-10
6 108 2 3.248784e-10
7 108 2 3.477725e-10
8 108 2 3.073576e-10
9 108 2 2.487008e-10
10 108 2 1.715864e-10
11 108 2 8.937907e-11
12 108 2 5.689850e-11
1 109 2 1.005528e-10
2 109 2 1.328156e-10
3 109 2 2.077322e-10
4 109 2 3.605015e-10
5 109 2 6.142164e-10
6 109 2 7.742509e-10
7 109 2 7.867089e-10
8 109 2 7.232064e-10
9 109 2 5.807555e-10
10 109 2 4.074953e-10
11 109 2 1.812438e-10
12 109 2 1.058759e-10
1 110 2 4.428470e-11
2 110 2 5.641022e-11
3 110 2 9.059769e-11
4 110 2 1.402417e-10
5 110 2 2.175092e-10
6 110 2 2.518862e-10
7 110 2 2.708019e-10
8 110 2 2.678210e-10
9 110 2 2.254990e-10
10 110 2 1.644031e-10
11 110 2 7.952255e-11
12 110 2 4.680783e-11
1 111 2 1.520750e-09
2 111 2 1.902014e-09
3 111 2 3.079320e-09
4 111 2 4.666966e-09
5 111 2 7.053437e-09
6 111 2 9.045882e-09
7 111 2 9.562175e-09
8 111 2 9.470967e-09
9 111 2 8.065355e-09
10 111 2 5.250156e-09
11 111 2 2.828221e-09
12 111 2 1.727529e-09
1 112 2 1.752119e-09
2 112 2 2.259144e-09
3 112 2 3.963181e-09
4 112 2 6.590539e-09
5 112 2 1.002203e-08
6 112 2 1.221302e-08
7 112 2 1.243863e-08
8 112 2 1.159409e-08
9 112 2 8.850814e-09
10 112 2 5.875820e-09
11 112 2 3.372107e-09
12 112 2 2.072800e-09
1 113 2 1.004844e-09
2 113 2 1.273044e-09
3 113 2 2.138721e-09
4 113 2 3.198262e-09
5 113 2 3.935768e-09
6 113 2 3.436508e-09
7 113 2 2.948727e-09
8 113 2 2.816274e-09
9 113 2 2.785428e-09
10 113 2 2.543361e-09
11 113 2 1.778922e-09
12 113 2 1.201502e-09
1 114 2 2.738389e-09
2 114 2 3.713394e-09
3 114 2 6.616046e-09
4 114 2 9.644106e-09
5 114 2 1.112646e-08
6 114 2 8.145197e-09
7 114 2 6.727381e-09
8 114 2 6.166460e-09
9 114 2 5.950854e-09
10 114 2 5.326123e-09
11 114 2 4.060219e-09
12 114 2 3.007554e-09
1 115 2 9.369561e-10
2 115 2 1.363187e-09
3 115 2 2.160874e-09
4 115 2 2.678592e-09
5 115 2 2.392109e-09
6 115 2 2.220995e-09
7 115 2 2.142108e-09
8 115 2 2.055201e-09
9 115 2 1.890172e-09
10 115 2 1.689158e-09
11 115 2 1.283157e-09
12 115 2 9.205684e-10
1 116 2 6.782917e-10
2 116 2 8.682962e-10
3 116 2 1.327832e-09
4 116 2 1.879498e-09
5 116 2 2.185974e-09
6 116 2 2.489270e-09
7 116 2 2.609709e-09
8 116 2 2.498070e-09
9 116 2 2.023715e-09
10 116 2 1.617915e-09
11 116 2 1.175384e-09
12 116 2 7.742923e-10
1 117 2 9.048047e-10
2 117 2 9.448423e-10
3 117 2 1.193249e-09
4 117 2 1.633404e-09
5 117 2 2.080008e-09
6 117 2 2.464349e-09
7 117 2 2.623556e-09
8 117 2 2.620116e-09
9 117 2 2.390697e-09
10 117 2 2.046581e-09
11 117 2 1.652127e-09
12 117 2 1.193476e-09
1 126 2 1.200218e-11
2 126 2 1.247503e-11
3 126 2 1.352123e-11
4 126 2 1.427760e-11
5 126 2 1.410640e-11
6 126 2 1.311032e-11
7 126 2 1.263758e-11
8 126 2 1.276105e-11
9 126 2 1.269350e-11
10 126 2 1.247339e-11
11 126 2 1.218805e-11
12 126 2 1.200351e-11
1 127 2 1.209865e-09
2 127 2 1.230458e-09
3 127 2 1.298722e-09
4 127 2 1.348349e-09
5 127 2 1.366719e-09
6 127 2 1.323840e-09
7 127 2 1.324205e-09
8 127 2 1.354594e-09
9 127 2 1.340154e-09
10 127 2 1.286443e-09
11 127 2 1.246723e-09
12 127 2 1.231291e-09
1 128 2 5.482248e-09
2 128 2 5.630218e-09
3 128 2 5.779778e-09
4 128 2 5.642045e-09
5 128 2 5.488319e-09
6 128 2 5.323455e-09
7 128 2 5.673821e-09
8 128 2 6.451158e-09
9 128 2 6.783333e-09
10 128 2 6.407178e-09
11 128 2 5.826393e-09
12 128 2 5.489621e-09
1 129 2 1.563781e-10
2 129 2 1.542310e-10
3 129 2 1.581209e-10
4 129 2 1.627064e-10
5 129 2 1.652169e-10
6 129 2 1.696865e-10
7 129 2 1.773056e-10
8 129 2 1.932628e-10
9 129 2 2.019189e-10
10 129 2 2.028085e-10
11 129 2 1.851711e-10
12 129 2 1.645019e-10
1 133 2 3.359117e-09
2 133 2 3.905470e-09
3 133 2 4.688306e-09
4 133 2 4.813651e-09
5 133 2 4.591730e-09
6 133 2 4.220420e-09
7 133 2 3.766764e-09
8 133 2 3.527147e-09
9 133 2 3.678028e-09
10 133 2 3.917242e-09
11 133 2 3.737112e-09
12 133 2 3.269975e-09
1 135 2 1.451799e-10
2 135 2 1.635669e-10
3 135 2 1.945184e-10
4 135 2 2.094873e-10
5 135 2 2.012972e-10
6 135 2 1.795777e-10
7 135 2 1.551373e-10
8 135 2 1.566899e-10
9 135 2 1.665010e-10
10 135 2 1.565845e-10
11 135 2 1.500848e-10
12 135 2 1.409842e-10
1 136 2 1.624791e-10
2 136 2 1.672239e-10
3 136 2 2.068036e-10
4 136 2 2.514102e-10
5 136 2 2.753055e-10
6 136 2 2.511836e-10
7 136 2 2.222682e-10
8 136 2 2.217584e-10
9 136 2 2.229046e-10
10 136 2 2.096858e-10
11 136 2 1.982569e-10
12 136 2 1.760546e-10
1 137 2 3.951459e-11
2 137 2 4.145488e-11
3 137 2 4.752888e-11
4 137 2 5.222726e-11
5 137 2 5.155147e-11
6 137 2 4.743252e-11
7 137 2 4.388013e-11
8 137 2 4.233994e-11
9 137 2 4.236654e-11
10 137 2 4.413616e-11
11 137 2 4.363689e-11
12 137 2 4.114568e-11
1 138 2 1.579508e-09
2 138 2 1.736920e-09
3 138 2 2.015084e-09
4 138 2 2.242663e-09
5 138 2 2.262710e-09
6 138 2 1.988695e-09
7 138 2 1.842335e-09
8 138 2 1.776704e-09
9 138 2 1.781551e-09
10 138 2 1.791932e-09
11 138 2 1.738209e-09
12 138 2 1.612043e-09
1 139 2 2.665553e-09
2 139 2 3.035573e-09
3 139 2 3.391954e-09
4 139 2 3.560097e-09
5 139 2 3.509927e-09
6 139 2 3.268695e-09
7 139 2 3.092680e-09
8 139 2 2.977215e-09
9 139 2 2.938625e-09
10 139 2 2.961439e-09
11 139 2 2.818036e-09
12 139 2 2.579536e-09
1 140 2 8.835675e-10
2 140 2 9.136416e-10
3 140 2 9.922857e-10
4 140 2 1.124243e-09
5 140 2 1.193786e-09
6 140 2 1.146633e-09
7 140 2 1.085675e-09
8 140 2 1.047125e-09
9 140 2 1.031859e-09
10 140 2 1.037562e-09
11 140 2 1.015648e-09
12 140 2 9.468942e-10
1 141 2 1.385732e-09
2 141 2 1.371393e-09
3 141 2 1.410674e-09
4 141 2 1.548203e-09
5 141 2 1.670716e-09
6 141 2 1.652065e-09
7 141 2 1.607391e-09
8 141 2 1.558681e-09
9 141 2 1.545471e-09
10 141 2 1.549105e-09
11 141 2 1.564567e-09
12 141 2 1.519072e-09
1 150 2 1.601224e-12
2 150 2 1.752791e-12
3 150 2 1.876163e-12
4 150 2 1.918531e-12
5 150 2 1.795160e-12
6 150 2 1.583250e-12
7 150 2 1.444366e-12
8 150 2 1.409487e-12
9 150 2 1.363919e-12
10 150 2 1.332888e-12
11 150 2 1.358802e-12
12 150 2 1.445727e-12
1 151 2 1.039712e-09
2 151 2 1.105855e-09
3 151 2 1.172534e-09
4 151 2 1.200182e-09
5 151 2 1.161260e-09
6 151 2 1.093105e-09
7 151 2 1.068952e-09
8 151 2 1.110222e-09
9 151 2 1.057030e-09
10 151 2 9.919137e-10
11 151 2 9.628281e-10
12 151 2 9.868482e-10
1 152 2 8.241772e-10
2 152 2 8.348310e-10
3 152 2 8.425592e-10
4 152 2 8.006489e-10
5 152 2 7.696381e-10
6 152 2 7.558928e-10
7 152 2 8.641875e-10
8 152 2 1.152290e-09
9 152 2 1.223282e-09
10 152 2 1.042615e-09
11 152 2 8.940851e-10
12 152 2 8.268451e-10
1 153 2 9.551316e-10
2 153 2 9.782999e-10
3 153 2 1.032174e-09
4 153 2 1.012426e-09
5 153 2 9.777018e-10
6 153 2 9.599070e-10
7 153 2 1.120516e-09
8 153 2 1.464313e-09
9 153 2 1.781013e-09
10 153 2 1.591860e-09
11 153 2 1.204160e-09
12 153 2 1.004709e-09
1 154 2 2.599122e-09
2 154 2 2.585020e-09
3 154 2 2.690045e-09
4 154 2 2.577562e-09
5 154 2 2.410255e-09
6 154 2 2.168053e-09
7 154 2 2.047211e-09
8 154 2 2.132645e-09
9 154 2 2.404529e-09
10 154 2 2.702261e-09
11 154 2 2.847882e-09
12 154 2 2.753766e-09
1 157 2 1.034941e-10
2 157 2 1.074682e-10
3 157 2 1.150601e-10
4 157 2 1.134393e-10
5 157 2 1.105707e-10
6 157 2 1.039554e-10
7 157 2 9.918831e-11
8 157 2 9.818850e-11
9 157 2 9.747883e-11
10 157 2 9.917849e-11
11 157 2 9.988952e-11
12 157 2 1.011931e-10
1 163 2 4.817395e-10
2 163 2 4.881941e-10
3 163 2 5.026812e-10
4 163 2 5.328453e-10
5 163 2 5.333653e-10
6 163 2 4.931172e-10
7 163 2 4.558853e-10
8 163 2 4.280852e-10
9 163 2 4.342152e-10
10 163 2 4.593829e-10
11 163 2 4.773410e-10
12 163 2 4.810811e-10
1 164 2 1.823525e-09
2 164 2 1.807933e-09
3 164 2 1.858260e-09
4 164 2 1.944950e-09
5 164 2 1.922072e-09
6 164 2 1.777768e-09
7 164 2 1.645481e-09
8 164 2 1.607332e-09
9 164 2 1.721125e-09
10 164 2 1.885569e-09
11 164 2 1.923648e-09
12 164 2 1.891615e-09
1 165 2 7.959587e-10
2 165 2 7.800958e-10
3 165 2 7.899027e-10
4 165 2 8.073744e-10
5 165 2 7.985126e-10
6 165 2 7.347447e-10
7 165 2 6.927638e-10
8 165 2 7.012025e-10
9 165 2 7.474062e-10
10 165 2 7.991391e-10
11 165 2 8.406611e-10
12 165 2 8.416515e-10
1 166 2 3.471847e-10
2 166 2 3.437187e-10
3 166 2 3.380400e-10
4 166 2 3.364540e-10
5 166 2 3.254373e-10
6 166 2 3.009753e-10
7 166 2 2.842118e-10
8 166 2 2.863322e-10
9 166 2 2.970484e-10
10 166 2 3.124732e-10
11 166 2 3.368920e-10
12 166 2 3.538663e-10
1 170 2 1.593509e-11
2 170 2 1.752545e-11
3 170 2 1.721865e-11
4 170 2 1.565084e-11
5 170 2 1.304182e-11
6 170 2 1.096589e-11
7 170 2 1.037202e-11
8 170 2 9.901939e-12
9 170 2 1.006848e-11
10 170 2 1.121118e-11
11 170 2 1.236945e-11
12 170 2 1.424419e-11
1 171 2 5.737481e-11
2 171 2 6.298105e-11
3 171 2 6.374351e-11
4 171 2 5.671156e-11
5 171 2 4.717765e-11
6 171 2 4.042902e-11
7 171 2 3.670520e-11
8 171 2 3.477933e-11
9 171 2 3.528607e-11
10 171 2 3.838139e-11
11 171 2 4.380625e-11
12 171 2 5.175286e-11
1 175 2 1.650179e-12
2 175 2 1.744624e-12
3 175 2 1.749628e-12
4 175 2 1.638735e-12
5 175 2 1.423803e-12
6 175 2 1.297445e-12
7 175 2 1.270524e-12
8 175 2 1.259797e-12
9 175 2 1.171749e-12
10 175 2 1.184472e-12
11 175 2 1.238355e-12
12 175 2 1.444548e-12
1 176 2 2.181781e-08
2 176 2 2.198139e-08
3 176 2 2.151971e-08
4 176 2 1.900658e-08
5 176 2 1.537548e-08
6 176 2 1.393307e-08
7 176 2 1.390766e-08
8 176 2 1.586679e-08
9 176 2 1.728057e-08
10 176 2 1.844258e-08
11 176 2 1.968608e-08
12 176 2 2.091145e-08
1 177 2 1.162392e-08
2 177 2 1.129528e-08
3 177 2 1.066485e-08
4 177 2 9.325700e-09
5 177 2 7.625881e-09
6 177 2 6.511858e-09
7 177 2 6.775489e-09
8 177 2 8.118281e-09
9 177 2 1.020341e-08
10 177 2 1.061116e-08
11 177 2 1.082639e-08
12 177 2 1.084851e-08
1 178 2 1.902961e-09
2 178 2 1.880721e-09
3 178 2 1.802808e-09
4 178 2 1.511043e-09
5 178 2 1.315672e-09
6 178 2 1.112036e-09
7 178 2 1.059144e-09
8 178 2 1.066939e-09
9 178 2 1.216817e-09
10 178 2 1.309260e-09
11 178 2 1.478735e-09
12 178 2 1.641707e-09
1 181 2 2.324321e-11
2 181 2 2.454997e-11
3 181 2 2.488804e-11
4 181 2 2.379630e-11
5 181 2 1.962453e-11
6 181 2 1.696927e-11
7 181 2 1.500432e-11
8 181 2 1.535570e-11
9 181 2 1.663635e-11
10 181 2 1.801406e-11
11 181 2 2.040116e-11
12 181 2 2.172133e-11
1 182 2 2.777548e-09
2 182 2 2.567311e-09
3 182 2 2.420859e-09
4 182 2 2.022234e-09
5 182 2 1.583589e-09
6 182 2 1.184430e-09
7 182 2 1.174360e-09
8 182 2 1.631918e-09
9 182 2 2.264462e-09
10 182 2 2.777282e-09
11 182 2 3.069468e-09
12 182 2 2.946236e-09
1 183 2 5.906405e-10
2 183 2 5.674092e-10
3 183 2 5.416986e-10
4 183 2 4.911726e-10
5 183 2 4.132641e-10
6 183 2 3.354128e-10
7 183 2 3.120664e-10
8 183 2 3.705670e-10
9 183 2 4.308684e-10
10 183 2 5.097168e-10
11 183 2 5.549268e-10
12 183 2 5.707781e-10
1 184 2 1.840679e-10
2 184 2 1.865083e-10
3 184 2 1.806303e-10
4 184 2 1.625556e-10
5 184 2 1.351401e-10
6 184 2 1.092187e-10
7 184 2 9.848780e-11
8 184 2 1.028609e-10
9 184 2 1.089639e-10
10 184 2 1.251313e-10
11 184 2 1.464121e-10
12 184 2 1.668774e-10
1 188 2 3.045425e-11
2 188 2 3.018873e-11
3 188 2 2.798224e-11
4 188 2 2.284941e-11
5 188 2 1.614905e-11
6 188 2 1.228354e-11
7 188 2 1.056988e-11
8 188 2 1.075197e-11
9 188 2 1.456349e-11
10 188 2 1.913847e-11
11 188 2 2.279202e-11
12 188 2 2.842778e-11
1 189 2 2.657445e-11
2 189 2 2.456015e-11
3 189 2 2.227824e-11
4 189 2 1.646693e-11
5 189 2 1.090258e-11
6 189 2 7.709898e-12
7 189 2 7.330464e-12
8 189 2 9.004238e-12
9 189 2 1.448489e-11
10 189 2 2.062436e-11
11 189 2 2.508611e-11
12 189 2 2.621486e-11
1 190 2 1.088461e-10
2 190 2 1.031336e-10
3 190 2 8.952022e-11
4 190 2 6.340530e-11
5 190 2 4.423787e-11
6 190 2 3.209205e-11
7 190 2 3.015408e-11
8 190 2 3.635066e-11
9 190 2 5.105856e-11
10 190 2 6.960516e-11
11 190 2 9.120497e-11
12 190 2 1.023303e-10
1 191 2 8.372672e-11
2 191 2 8.676301e-11
3 191 2 8.433406e-11
4 191 2 6.966940e-11
5 191 2 5.729045e-11
6 191 2 4.706311e-11
7 191 2 4.137639e-11
8 191 2 4.202132e-11
9 191 2 4.584612e-11
10 191 2 5.145756e-11
11 191 2 6.328740e-11
12 191 2 7.445705e-11
1 192 2 1.101959e-10
2 192 2 1.190912e-10
3 192 2 1.160316e-10
4 192 2 1.004660e-10
5 192 2 8.490888e-11
6 192 2 7.229651e-11
7 192 2 6.353425e-11
8 192 2 5.903823e-11
9 192 2 6.078851e-11
10 192 2 6.675273e-11
11 192 2 7.968551e-11
12 192 2 9.568487e-11
1 200 2 1.129742e-07
2 200 2 1.162223e-07
3 200 2 9.504435e-08
4 200 2 6.283110e-08
5 200 2 4.112611e-08
6 200 2 3.349341e-08
7 200 2 3.182047e-08
8 200 2 3.431568e-08
9 200 2 3.801069e-08
10 200 2 4.859852e-08
11 200 2 6.753481e-08
12 200 2 9.304923e-08
1 201 2 6.458594e-08
2 201 2 6.663931e-08
3 201 2 6.100433e-08
4 201 2 4.695677e-08
5 201 2 3.538642e-08
6 201 2 2.927616e-08
7 201 2 2.766761e-08
8 201 2 2.861963e-08
9 201 2 2.832487e-08
10 201 2 3.370292e-08
11 201 2 4.296217e-08
12 201 2 5.350805e-08
1 206 2 1.846472e-09
2 206 2 1.994431e-09
3 206 2 1.804426e-09
4 206 2 1.539799e-09
5 206 2 1.273406e-09
6 206 2 1.110302e-09
7 206 2 9.523006e-10
8 206 2 9.350387e-10
9 206 2 1.012170e-09
10 206 2 1.145719e-09
11 206 2 1.343047e-09
12 206 2 1.582248e-09
1 207 2 7.000443e-11
2 207 2 7.643605e-11
3 207 2 7.249032e-11
4 207 2 6.573066e-11
5 207 2 5.829341e-11
6 207 2 4.999800e-11
7 207 2 4.406875e-11
8 207 2 4.339648e-11
9 207 2 4.378428e-11
10 207 2 4.822681e-11
11 207 2 5.197421e-11
12 207 2 5.945527e-11
1 212 2 4.286168e-11
2 212 2 4.575219e-11
3 212 2 4.060955e-11
4 212 2 3.414007e-11
5 212 2 2.660948e-11
6 212 2 2.147607e-11
7 212 2 1.782635e-11
8 212 2 1.722900e-11
9 212 2 1.956744e-11
10 212 2 2.308866e-11
11 212 2 2.738717e-11
12 212 2 3.621107e-11
1 213 2 9.332941e-12
2 213 2 1.020020e-11
3 213 2 8.644270e-12
4 213 2 7.314904e-12
5 213 2 5.644424e-12
6 213 2 4.351057e-12
7 213 2 3.692773e-12
8 213 2 3.605041e-12
9 213 2 4.342425e-12
10 213 2 5.351537e-12
11 213 2 6.571620e-12
12 213 2 8.041808e-12
1 214 2 3.317596e-10
2 214 2 3.517068e-10
3 214 2 2.825745e-10
4 214 2 2.098780e-10
5 214 2 1.551383e-10
6 214 2 1.143298e-10
7 214 2 9.901137e-11
8 214 2 1.020732e-10
9 214 2 1.288457e-10
10 214 2 1.727381e-10
11 214 2 2.364626e-10
12 214 2 2.867879e-10
1 215 2 1.227834e-10
2 215 2 1.262991e-10
3 215 2 1.177546e-10
4 215 2 9.384544e-11
5 215 2 7.622645e-11
6 215 2 6.124635e-11
7 215 2 5.292533e-11
8 215 2 5.305547e-11
9 215 2 5.966444e-11
10 215 2 7.098151e-11
11 215 2 8.937550e-11
12 215 2 1.079705e-10
1 216 2 2.744007e-09
2 216 2 2.864945e-09
3 216 2 2.686613e-09
4 216 2 2.184060e-09
5 216 2 1.748870e-09
6 216 2 1.504497e-09
7 216 2 1.322060e-09
8 216 2 1.264135e-09
9 216 2 1.311764e-09
10 216 2 1.490943e-09
11 216 2 1.793352e-09
12 216 2 2.304781e-09
1 224 2 3.305848e-09
2 224 2 3.614075e-09
3 224 2 3.153721e-09
4 224 2 2.715827e-09
5 224 2 2.193081e-09
6 224 2 1.863694e-09
7 224 2 1.693148e-09
8 224 2 1.768473e-09
9 224 2 1.818673e-09
10 224 2 2.145038e-09
11 224 2 2.561598e-09
12 224 2 3.056189e-09
1 240 2 1.694698e-10
2 240 2 1.728581e-10
3 240 2 1.580745e-10
4 240 2 1.396046e-10
5 240 2 1.213343e-10
6 240 2 1.046551e-10
7 240 2 1.025321e-10
8 240 2 1.057046e-10
9 240 2 1.028971e-10
10 240 2 1.108094e-10
11 240 2 1.217524e-10
12 240 2 1.508909e-10
