1 7 2 4.293404e-13
2 7 2 3.667807e-13
3 7 2 4.011280e-13
4 7 2 1.036751e-12
5 7 2 3.567167e-12
6 7 2 9.607720e-12
7 7 2 1.299953e-11
8 7 2 8.863201e-12
9 7 2 3.833037e-12
10 7 2 1.680393e-12
11 7 2 8.902949e-13
12 7 2 5.252160e-13
1 25 2 2.405821e-10
2 25 2 2.284317e-10
3 25 2 3.218226e-10
4 25 2 5.872547e-10
5 25 2 1.642856e-09
6 25 2 2.979110e-09
7 25 2 3.611554e-09
8 25 2 2.769423e-09
9 25 2 1.564871e-09
10 25 2 7.323028e-10
11 25 2 3.491705e-10
12 25 2 2.022035e-10
1 26 2 1.459614e-12
2 26 2 1.201276e-12
3 26 2 1.986409e-12
4 26 2 4.433827e-12
5 26 2 1.248941e-11
6 26 2 2.385442e-11
7 26 2 2.588197e-11
8 26 2 1.936497e-11
9 26 2 1.059162e-11
10 26 2 4.263542e-12
11 26 2 2.227526e-12
12 26 2 1.377167e-12
1 27 2 8.054526e-11
2 27 2 7.111424e-11
3 27 2 1.246629e-10
4 27 2 3.175010e-10
5 27 2 8.941066e-10
6 27 2 1.848227e-09
7 27 2 2.084487e-09
8 27 2 1.568939e-09
9 27 2 8.107721e-10
10 27 2 3.044645e-10
11 27 2 1.613553e-10
12 27 2 9.980936e-11
1 28 2 4.456428e-11
2 28 2 4.055469e-11
3 28 2 6.820595e-11
4 28 2 1.854001e-10
5 28 2 5.294306e-10
6 28 2 1.133502e-09
7 28 2 1.351398e-09
8 28 2 1.018294e-09
9 28 2 5.238319e-10
10 28 2 2.040071e-10
11 28 2 1.018433e-10
12 28 2 6.349364e-11
1 29 2 5.978265e-11
2 29 2 5.655457e-11
3 29 2 9.009424e-11
4 29 2 2.708984e-10
5 29 2 8.101053e-10
6 29 2 1.993743e-09
7 29 2 2.715937e-09
8 29 2 2.020676e-09
9 29 2 9.279950e-10
10 29 2 3.439495e-10
11 29 2 1.625863e-10
12 29 2 1.014935e-10
1 30 2 1.355222e-11
2 30 2 1.185226e-11
3 30 2 1.883739e-11
4 30 2 5.765594e-11
5 30 2 1.597159e-10
6 30 2 4.343651e-10
7 30 2 6.295916e-10
8 30 2 4.821454e-10
9 30 2 2.181541e-10
10 30 2 8.538949e-11
11 30 2 3.938782e-11
12 30 2 2.358930e-11
1 31 2 2.419974e-11
2 31 2 1.864794e-11
3 31 2 2.832849e-11
4 31 2 7.884758e-11
5 31 2 2.036227e-10
6 31 2 5.361283e-10
7 31 2 7.560599e-10
8 31 2 6.102728e-10
9 31 2 3.052990e-10
10 31 2 1.398119e-10
11 31 2 6.712679e-11
12 31 2 3.740616e-11
1 32 2 2.862328e-11
2 32 2 2.369457e-11
3 32 2 3.312092e-11
4 32 2 7.359600e-11
5 32 2 1.965650e-10
6 32 2 4.656238e-10
7 32 2 6.007100e-10
8 32 2 4.962135e-10
9 32 2 2.770913e-10
10 32 2 1.428433e-10
11 32 2 7.381560e-11
12 32 2 3.828153e-11
1 35 2 2.016214e-09
2 35 2 1.921149e-09
3 35 2 2.086936e-09
4 35 2 2.781031e-09
5 35 2 4.359636e-09
6 35 2 6.658116e-09
7 35 2 8.011758e-09
8 35 2 7.356916e-09
9 35 2 5.000044e-09
10 35 2 3.615025e-09
11 35 2 2.738189e-09
12 35 2 2.224530e-09
1 36 2 2.416062e-10
2 36 2 2.268212e-10
3 36 2 2.513850e-10
4 36 2 3.019354e-10
5 36 2 4.129467e-10
6 36 2 5.957098e-10
7 36 2 7.015779e-10
8 36 2 7.147164e-10
9 36 2 5.455643e-10
10 36 2 4.274277e-10
11 36 2 3.271471e-10
12 36 2 2.710691e-10
1 37 2 5.588018e-09
2 37 2 5.408425e-09
3 37 2 6.814867e-09
4 37 2 8.763005e-09
5 37 2 1.324799e-08
6 37 2 2.009345e-08
7 37 2 2.336971e-08
8 37 2 2.297298e-08
9 37 2 1.690598e-08
10 37 2 1.267653e-08
11 37 2 8.934558e-09
12 37 2 6.844633e-09
1 38 2 2.881740e-08
2 38 2 2.879156e-08
3 38 2 4.386014e-08
4 38 2 6.502989e-08
5 38 2 1.187277e-07
6 38 2 2.106733e-07
7 38 2 2.497450e-07
8 38 2 2.166015e-07
9 38 2 1.399080e-07
10 38 2 9.562700e-08
11 38 2 5.464315e-08
12 38 2 3.943261e-08
1 39 2 3.098053e-08
2 39 2 3.227548e-08
3 39 2 5.227961e-08
4 39 2 8.072408e-08
5 39 2 1.566314e-07
6 39 2 3.028080e-07
7 39 2 3.760029e-07
8 39 2 3.044186e-07
9 39 2 1.918788e-07
10 39 2 1.211692e-07
11 39 2 6.133320e-08
12 39 2 4.476880e-08
1 40 2 7.682854e-09
2 40 2 8.429422e-09
3 40 2 1.503375e-08
4 40 2 2.528045e-08
5 40 2 5.526433e-08
6 40 2 1.254744e-07
7 40 2 1.569878e-07
8 40 2 1.151623e-07
9 40 2 7.093882e-08
10 40 2 3.822250e-08
11 40 2 1.637341e-08
12 40 2 1.219768e-08
1 41 2 4.087853e-09
2 41 2 4.370119e-09
3 41 2 8.757572e-09
4 41 2 1.559786e-08
5 41 2 3.912171e-08
6 41 2 9.927535e-08
7 41 2 1.283571e-07
8 41 2 9.002910e-08
9 41 2 5.031243e-08
10 41 2 2.180588e-08
11 41 2 8.377232e-09
12 41 2 6.982315e-09
1 42 2 2.213941e-09
2 42 2 2.315826e-09
3 42 2 4.994048e-09
4 42 2 9.851718e-09
5 42 2 2.800678e-08
6 42 2 7.768242e-08
7 42 2 1.087463e-07
8 42 2 7.262248e-08
9 42 2 3.439054e-08
10 42 2 1.230801e-08
11 42 2 4.588660e-09
12 42 2 3.764328e-09
1 43 2 6.211678e-11
2 43 2 6.440709e-11
3 43 2 1.519673e-10
4 43 2 3.708048e-10
5 43 2 1.241152e-09
6 43 2 3.660350e-09
7 43 2 5.350924e-09
8 43 2 3.358939e-09
9 43 2 1.373533e-09
10 43 2 4.217095e-10
11 43 2 1.438120e-10
12 43 2 1.007701e-10
1 44 2 2.562521e-10
2 44 2 2.574757e-10
3 44 2 5.600492e-10
4 44 2 1.514079e-09
5 44 2 5.656553e-09
6 44 2 1.782567e-08
7 44 2 2.605320e-08
8 44 2 1.570992e-08
9 44 2 5.663189e-09
10 44 2 1.677888e-09
11 44 2 5.506877e-10
12 44 2 3.723267e-10
1 45 2 5.890118e-10
2 45 2 6.601101e-10
3 45 2 1.202835e-09
4 45 2 3.547256e-09
5 45 2 1.485522e-08
6 45 2 4.929116e-08
7 45 2 6.895769e-08
8 45 2 4.198826e-08
9 45 2 1.443882e-08
10 45 2 3.686531e-09
11 45 2 1.068567e-09
12 45 2 6.983624e-10
1 46 2 2.672844e-10
2 46 2 3.362503e-10
3 46 2 5.285600e-10
4 46 2 1.467758e-09
5 46 2 5.763823e-09
6 46 2 1.787874e-08
7 46 2 2.501109e-08
8 46 2 1.567224e-08
9 46 2 5.886939e-09
10 46 2 1.426924e-09
11 46 2 3.923178e-10
12 46 2 2.797774e-10
1 47 2 3.511720e-10
2 47 2 4.469146e-10
3 47 2 6.297727e-10
4 47 2 1.411023e-09
5 47 2 4.809471e-09
6 47 2 1.325008e-08
7 47 2 1.796994e-08
8 47 2 1.218491e-08
9 47 2 5.161899e-09
10 47 2 1.592128e-09
11 47 2 4.697193e-10
12 47 2 3.570491e-10
1 48 2 4.757969e-10
2 48 2 5.465660e-10
3 48 2 7.517709e-10
4 48 2 1.468050e-09
5 48 2 4.555641e-09
6 48 2 1.047875e-08
7 48 2 1.392529e-08
8 48 2 9.797240e-09
9 48 2 4.663882e-09
10 48 2 1.738860e-09
11 48 2 6.259678e-10
12 48 2 4.151038e-10
1 49 2 7.595405e-13
2 49 2 6.911149e-13
3 49 2 7.839270e-13
4 49 2 9.175170e-13
5 49 2 1.312245e-12
6 49 2 1.996505e-12
7 49 2 2.977458e-12
8 49 2 2.799881e-12
9 49 2 1.952885e-12
10 49 2 1.397477e-12
11 49 2 1.020271e-12
12 49 2 7.442861e-13
1 50 2 3.095005e-12
2 50 2 2.671606e-12
3 50 2 3.131535e-12
4 50 2 3.569626e-12
5 50 2 5.024000e-12
6 50 2 7.372650e-12
7 50 2 1.017534e-11
8 50 2 9.785249e-12
9 50 2 7.085410e-12
10 50 2 5.050778e-12
11 50 2 3.781420e-12
12 50 2 2.977456e-12
1 51 2 1.835095e-12
2 51 2 1.674811e-12
3 51 2 1.819868e-12
4 51 2 2.100729e-12
5 51 2 2.863347e-12
6 51 2 4.015617e-12
7 51 2 5.232935e-12
8 51 2 5.189483e-12
9 51 2 4.311699e-12
10 51 2 3.032739e-12
11 51 2 2.272926e-12
12 51 2 1.904782e-12
1 52 2 2.918524e-08
2 52 2 3.067619e-08
3 52 2 3.853627e-08
4 52 2 5.618063e-08
5 52 2 9.500884e-08
6 52 2 1.307534e-07
7 52 2 1.677156e-07
8 52 2 1.568715e-07
9 52 2 1.266325e-07
10 52 2 7.234072e-08
11 52 2 4.354203e-08
12 52 2 3.357754e-08
1 53 2 1.437228e-08
2 53 2 1.803196e-08
3 53 2 3.054994e-08
4 53 2 6.668140e-08
5 53 2 1.269818e-07
6 53 2 1.896161e-07
7 53 2 2.632096e-07
8 53 2 2.242853e-07
9 53 2 1.517980e-07
10 53 2 6.694931e-08
11 53 2 2.986119e-08
12 53 2 1.891828e-08
1 54 2 4.101102e-09
2 54 2 5.320179e-09
3 54 2 9.948950e-09
4 54 2 2.472216e-08
5 54 2 4.869495e-08
6 54 2 9.405644e-08
7 54 2 1.336116e-07
8 54 2 1.120368e-07
9 54 2 6.794855e-08
10 54 2 2.889834e-08
11 54 2 1.238715e-08
12 54 2 6.832992e-09
1 55 2 5.965480e-09
2 55 2 6.653101e-09
3 55 2 1.241118e-08
4 55 2 2.906140e-08
5 55 2 5.766961e-08
6 55 2 1.231591e-07
7 55 2 1.712005e-07
8 55 2 1.476456e-07
9 55 2 9.362724e-08
10 55 2 4.489277e-08
11 55 2 2.100361e-08
12 55 2 1.202673e-08
1 56 2 2.585181e-08
2 56 2 2.682854e-08
3 56 2 4.646774e-08
4 56 2 1.036164e-07
5 56 2 2.264917e-07
6 56 2 4.464650e-07
7 56 2 6.172769e-07
8 56 2 5.123086e-07
9 56 2 3.348570e-07
10 56 2 1.725305e-07
11 56 2 7.778315e-08
12 56 2 4.460938e-08
1 57 2 5.330219e-09
2 57 2 5.085558e-09
3 57 2 6.254946e-09
4 57 2 9.494030e-09
5 57 2 1.588500e-08
6 57 2 2.584687e-08
7 57 2 3.680625e-08
8 57 2 3.317142e-08
9 57 2 2.467956e-08
10 57 2 1.585286e-08
11 57 2 9.694109e-09
12 57 2 6.966717e-09
1 60 2 1.471720e-07
2 60 2 1.425228e-07
3 60 2 1.634454e-07
4 60 2 1.938438e-07
5 60 2 2.389940e-07
6 60 2 3.145145e-07
7 60 2 3.661578e-07
8 60 2 3.663118e-07
9 60 2 3.108682e-07
10 60 2 2.537717e-07
11 60 2 2.029581e-07
12 60 2 1.682314e-07
1 61 2 4.687363e-07
2 61 2 4.715558e-07
3 61 2 6.632352e-07
4 61 2 9.989722e-07
5 61 2 1.457196e-06
6 61 2 2.052953e-06
7 61 2 2.429471e-06
8 61 2 2.337352e-06
9 61 2 1.816184e-06
10 61 2 1.235379e-06
11 61 2 8.059128e-07
12 61 2 5.652604e-07
1 62 2 1.587705e-07
2 62 2 1.738911e-07
3 62 2 2.737364e-07
4 62 2 4.955464e-07
5 62 2 8.499688e-07
6 62 2 1.205749e-06
7 62 2 1.474387e-06
8 62 2 1.376287e-06
9 62 2 9.590273e-07
10 62 2 5.719052e-07
11 62 2 3.105699e-07
12 62 2 2.021100e-07
1 63 2 3.616369e-07
2 63 2 4.390117e-07
3 63 2 7.345819e-07
4 63 2 1.545012e-06
5 63 2 2.965132e-06
6 63 2 4.408141e-06
7 63 2 5.636946e-06
8 63 2 4.905248e-06
9 63 2 2.995972e-06
10 63 2 1.636132e-06
11 63 2 7.557417e-07
12 63 2 4.947404e-07
1 64 2 1.133840e-07
2 64 2 1.452567e-07
3 64 2 2.766037e-07
4 64 2 6.551819e-07
5 64 2 1.403193e-06
6 64 2 2.247594e-06
7 64 2 2.848875e-06
8 64 2 2.227184e-06
9 64 2 1.275252e-06
10 64 2 5.637609e-07
11 64 2 2.576110e-07
12 64 2 1.762981e-07
1 65 2 3.830962e-08
2 65 2 4.750417e-08
3 65 2 1.040727e-07
4 65 2 2.934887e-07
5 65 2 6.153523e-07
6 65 2 1.045814e-06
7 65 2 1.355524e-06
8 65 2 1.011689e-06
9 65 2 5.737983e-07
10 65 2 2.036159e-07
11 65 2 8.963573e-08
12 65 2 6.495888e-08
1 66 2 2.538195e-08
2 66 2 3.138000e-08
3 66 2 7.459925e-08
4 66 2 2.447354e-07
5 66 2 5.088748e-07
6 66 2 8.750332e-07
7 66 2 1.206817e-06
8 66 2 9.123546e-07
9 66 2 5.161042e-07
10 66 2 1.709913e-07
11 66 2 6.552640e-08
12 66 2 4.064475e-08
1 67 2 8.572859e-09
2 67 2 1.143151e-08
3 67 2 2.907040e-08
4 67 2 1.073886e-07
5 67 2 2.436585e-07
6 67 2 4.155613e-07
7 67 2 5.810006e-07
8 67 2 4.471275e-07
9 67 2 2.445477e-07
10 67 2 8.993158e-08
11 67 2 2.843704e-08
12 67 2 1.279936e-08
1 68 2 2.062349e-09
2 68 2 2.769180e-09
3 68 2 8.224310e-09
4 68 2 3.780327e-08
5 68 2 1.030187e-07
6 68 2 1.974158e-07
7 68 2 2.830570e-07
8 68 2 2.105190e-07
9 68 2 1.010301e-07
10 68 2 3.711726e-08
11 68 2 8.464051e-09
12 68 2 2.945196e-09
1 69 2 1.248414e-09
2 69 2 1.770020e-09
3 69 2 4.232881e-09
4 69 2 1.856144e-08
5 69 2 5.951813e-08
6 69 2 1.408563e-07
7 69 2 2.063534e-07
8 69 2 1.588504e-07
9 69 2 6.824107e-08
10 69 2 2.218936e-08
11 69 2 4.299498e-09
12 69 2 1.616890e-09
1 70 2 5.227982e-09
2 70 2 6.110511e-09
3 70 2 8.756185e-09
4 70 2 2.284444e-08
5 70 2 5.728658e-08
6 70 2 1.391081e-07
7 70 2 2.251719e-07
8 70 2 2.052226e-07
9 70 2 1.059632e-07
10 70 2 3.777048e-08
11 70 2 1.148753e-08
12 70 2 6.466646e-09
1 71 2 4.456432e-09
2 71 2 4.522236e-09
3 71 2 5.117254e-09
4 71 2 8.211645e-09
5 71 2 1.590291e-08
6 71 2 3.317496e-08
7 71 2 5.091315e-08
8 71 2 5.062043e-08
9 71 2 3.247759e-08
10 71 2 1.546864e-08
11 71 2 7.389764e-09
12 71 2 5.132442e-09
1 72 2 1.879389e-11
2 72 2 1.794980e-11
3 72 2 1.944675e-11
4 72 2 2.479479e-11
5 72 2 3.857886e-11
6 72 2 6.712851e-11
7 72 2 1.039744e-10
8 72 2 9.999896e-11
9 72 2 6.996262e-11
10 72 2 4.242137e-11
11 72 2 2.613741e-11
12 72 2 1.866554e-11
1 76 2 1.082498e-09
2 76 2 9.903747e-10
3 76 2 1.000342e-09
4 76 2 1.088134e-09
5 76 2 1.479337e-09
6 76 2 2.109440e-09
7 76 2 2.828642e-09
8 76 2 3.018680e-09
9 76 2 2.876215e-09
10 76 2 1.920737e-09
11 76 2 1.239916e-09
12 76 2 1.084415e-09
1 77 2 1.103556e-09
2 77 2 1.432958e-09
3 77 2 1.877090e-09
4 77 2 3.033789e-09
5 77 2 5.093855e-09
6 77 2 7.864381e-09
7 77 2 1.068557e-08
8 77 2 1.014234e-08
9 77 2 7.513015e-09
10 77 2 3.795664e-09
11 77 2 1.665549e-09
12 77 2 1.049787e-09
1 78 2 1.205770e-09
2 78 2 1.647515e-09
3 78 2 2.294264e-09
4 78 2 4.115003e-09
5 78 2 6.434676e-09
6 78 2 1.021603e-08
7 78 2 1.261056e-08
8 78 2 1.180826e-08
9 78 2 7.656348e-09
10 78 2 4.060311e-09
11 78 2 2.192656e-09
12 78 2 1.265894e-09
1 79 2 6.008911e-08
2 79 2 7.373034e-08
3 79 2 1.082574e-07
4 79 2 1.795629e-07
5 79 2 2.728058e-07
6 79 2 4.456748e-07
7 79 2 5.461188e-07
8 79 2 5.173507e-07
9 79 2 3.572337e-07
10 79 2 2.156425e-07
11 79 2 1.228620e-07
12 79 2 7.526298e-08
1 80 2 7.506867e-09
2 80 2 7.521524e-09
3 80 2 9.451266e-09
4 80 2 1.277920e-08
5 80 2 1.905903e-08
6 80 2 2.899763e-08
7 80 2 3.733886e-08
8 80 2 3.696485e-08
9 80 2 3.068015e-08
10 80 2 2.150999e-08
11 80 2 1.254807e-08
12 80 2 9.275113e-09
1 81 2 8.058548e-14
2 81 2 7.302987e-14
3 81 2 7.692028e-14
4 81 2 9.120860e-14
5 81 2 1.313396e-13
6 81 2 1.769763e-13
7 81 2 2.361444e-13
8 81 2 2.533777e-13
9 81 2 2.303994e-13
10 81 2 1.767839e-13
11 81 2 1.168609e-13
12 81 2 9.567356e-14
1 84 2 1.849018e-08
2 84 2 1.954877e-08
3 84 2 2.417792e-08
4 84 2 3.055333e-08
5 84 2 4.096279e-08
6 84 2 6.712051e-08
7 84 2 8.989607e-08
8 84 2 8.614276e-08
9 84 2 6.463694e-08
10 84 2 4.079239e-08
11 84 2 2.740339e-08
12 84 2 2.093323e-08
1 85 2 6.859448e-08
2 85 2 7.724280e-08
3 85 2 1.004281e-07
4 85 2 1.459127e-07
5 85 2 2.335744e-07
6 85 2 3.568214e-07
7 85 2 4.936956e-07
8 85 2 4.696569e-07
9 85 2 3.381849e-07
10 85 2 1.865448e-07
11 85 2 1.052034e-07
12 85 2 7.633567e-08
1 86 2 2.092714e-08
2 86 2 2.369389e-08
3 86 2 3.027905e-08
4 86 2 4.398108e-08
5 86 2 7.068628e-08
6 86 2 1.025642e-07
7 86 2 1.408960e-07
8 86 2 1.413569e-07
9 86 2 1.046310e-07
10 86 2 6.067439e-08
11 86 2 3.342244e-08
12 86 2 2.388679e-08
1 87 2 4.469694e-08
2 87 2 6.046982e-08
3 87 2 8.633981e-08
4 87 2 1.364836e-07
5 87 2 2.394423e-07
6 87 2 3.599121e-07
7 87 2 4.879294e-07
8 87 2 4.971838e-07
9 87 2 3.604605e-07
10 87 2 2.029488e-07
11 87 2 8.917036e-08
12 87 2 5.420203e-08
1 88 2 1.577888e-08
2 88 2 2.240728e-08
3 88 2 3.513793e-08
4 88 2 6.667046e-08
5 88 2 1.368274e-07
6 88 2 2.150551e-07
7 88 2 2.754080e-07
8 88 2 2.415544e-07
9 88 2 1.560925e-07
10 88 2 7.376641e-08
11 88 2 3.781774e-08
12 88 2 2.100637e-08
1 89 2 1.009737e-08
2 89 2 1.404918e-08
3 89 2 2.666490e-08
4 89 2 5.015213e-08
5 89 2 1.000843e-07
6 89 2 1.495144e-07
7 89 2 1.744182e-07
8 89 2 1.527487e-07
9 89 2 9.968464e-08
10 89 2 4.743697e-08
11 89 2 2.610220e-08
12 89 2 1.444767e-08
1 90 2 8.427650e-09
2 90 2 1.110736e-08
3 90 2 2.204137e-08
4 90 2 3.955957e-08
5 90 2 6.074142e-08
6 90 2 8.040145e-08
7 90 2 9.029579e-08
8 90 2 8.354861e-08
9 90 2 6.088665e-08
10 90 2 3.631630e-08
11 90 2 2.002311e-08
12 90 2 1.139872e-08
1 91 2 5.539042e-12
2 91 2 7.837500e-12
3 91 2 1.637427e-11
4 91 2 3.094223e-11
5 91 2 4.566590e-11
6 91 2 5.804562e-11
7 91 2 6.517678e-11
8 91 2 5.977336e-11
9 91 2 4.297828e-11
10 91 2 2.660366e-11
11 91 2 1.378813e-11
12 91 2 7.078225e-12
1 92 2 2.970433e-11
2 92 2 4.243083e-11
3 92 2 1.063634e-10
4 92 2 2.537584e-10
5 92 2 4.785514e-10
6 92 2 7.333093e-10
7 92 2 8.802390e-10
8 92 2 8.011586e-10
9 92 2 5.012126e-10
10 92 2 2.663784e-10
11 92 2 1.044738e-10
12 92 2 4.484803e-11
1 93 2 2.823390e-08
2 93 2 3.406672e-08
3 93 2 7.004298e-08
4 93 2 1.632430e-07
5 93 2 2.912163e-07
6 93 2 4.621397e-07
7 93 2 6.199363e-07
8 93 2 6.094502e-07
9 93 2 4.099192e-07
10 93 2 2.360637e-07
11 93 2 1.010953e-07
12 93 2 4.210823e-08
1 94 2 3.152491e-08
2 94 2 3.136599e-08
3 94 2 4.188117e-08
4 94 2 7.422116e-08
5 94 2 1.266910e-07
6 94 2 1.994905e-07
7 94 2 2.755953e-07
8 94 2 3.003379e-07
9 94 2 2.473928e-07
10 94 2 1.493259e-07
11 94 2 8.014689e-08
12 94 2 4.379034e-08
1 98 2 1.371528e-10
2 98 2 1.276711e-10
3 98 2 1.202221e-10
4 98 2 1.280019e-10
5 98 2 1.452734e-10
6 98 2 1.662357e-10
7 98 2 1.869810e-10
8 98 2 1.970689e-10
9 98 2 1.944629e-10
10 98 2 1.838194e-10
11 98 2 1.653442e-10
12 98 2 1.504650e-10
1 101 2 5.405555e-10
2 101 2 5.554392e-10
3 101 2 5.691813e-10
4 101 2 7.018869e-10
5 101 2 9.026404e-10
6 101 2 1.053927e-09
7 101 2 1.125007e-09
8 101 2 1.127296e-09
9 101 2 1.083745e-09
10 101 2 9.292000e-10
11 101 2 7.145294e-10
12 101 2 5.731036e-10
1 102 2 3.464843e-09
2 102 2 3.916527e-09
3 102 2 4.813485e-09
4 102 2 6.020702e-09
5 102 2 6.967377e-09
6 102 2 7.606141e-09
7 102 2 7.820326e-09
8 102 2 7.919143e-09
9 102 2 7.137359e-09
10 102 2 5.498628e-09
11 102 2 4.413338e-09
12 102 2 3.617279e-09
1 103 2 1.933754e-09
2 103 2 1.973412e-09
3 103 2 2.150772e-09
4 103 2 2.430291e-09
5 103 2 2.830267e-09
6 103 2 3.238879e-09
7 103 2 3.504055e-09
8 103 2 3.677428e-09
9 103 2 3.606796e-09
10 103 2 3.152027e-09
11 103 2 2.593037e-09
12 103 2 2.156025e-09
1 104 2 9.077042e-10
2 104 2 8.710100e-10
3 104 2 8.804741e-10
4 104 2 9.653128e-10
5 104 2 1.128751e-09
6 104 2 1.295297e-09
7 104 2 1.453744e-09
8 104 2 1.570398e-09
9 104 2 1.583039e-09
10 104 2 1.478872e-09
11 104 2 1.216505e-09
12 104 2 1.007265e-09
1 107 2 3.306528e-10
2 107 2 3.488327e-10
3 107 2 4.072747e-10
4 107 2 4.666919e-10
5 107 2 5.233657e-10
6 107 2 6.700338e-10
7 107 2 7.323754e-10
8 107 2 7.294120e-10
9 107 2 6.828388e-10
10 107 2 5.840676e-10
11 107 2 4.643123e-10
12 107 2 3.631098e-10
1 108 2 4.404355e-11
2 108 2 5.628770e-11
3 108 2 8.176392e-11
4 108 2 1.266345e-10
5 108 2 1.965705e-10
6 108 2 2.697991e-10
7 108 2 2.888118e-10
8 108 2 2.552488e-10
9 108 2 2.065366e-10
10 108 2 1.424960e-10
11 108 2 7.422592e-11
12 108 2 4.725205e-11
1 109 2 8.361018e-11
2 109 2 1.104369e-10
3 109 2 1.727304e-10
4 109 2 2.997589e-10
5 109 2 5.107242e-10
6 109 2 6.437937e-10
7 109 2 6.541525e-10
8 109 2 6.013499e-10
9 109 2 4.829012e-10
10 109 2 3.388345e-10
11 109 2 1.507051e-10
12 109 2 8.803635e-11
1 110 2 3.677572e-11
2 110 2 4.684522e-11
3 110 2 7.523581e-11
4 110 2 1.164621e-10
5 110 2 1.806280e-10
6 110 2 2.091760e-10
7 110 2 2.248843e-10
8 110 2 2.224089e-10
9 110 2 1.872631e-10
10 110 2 1.365266e-10
11 110 2 6.603859e-11
12 110 2 3.887103e-11
1 111 2 1.262905e-09
2 111 2 1.579526e-09
3 111 2 2.557217e-09
4 111 2 3.875676e-09
5 111 2 5.857518e-09
6 111 2 7.512142e-09
7 111 2 7.940897e-09
8 111 2 7.865153e-09
9 111 2 6.697865e-09
10 111 2 4.359986e-09
11 111 2 2.348693e-09
12 111 2 1.434625e-09
1 112 2 1.453890e-09
2 112 2 1.874613e-09
3 112 2 3.288605e-09
4 112 2 5.468758e-09
5 112 2 8.316169e-09
6 112 2 1.013423e-08
7 112 2 1.032144e-08
8 112 2 9.620653e-09
9 112 2 7.344310e-09
10 112 2 4.875692e-09
11 112 2 2.798138e-09
12 112 2 1.719987e-09
1 113 2 8.340414e-10
2 113 2 1.056653e-09
3 113 2 1.775183e-09
4 113 2 2.654625e-09
5 113 2 3.266769e-09
6 113 2 2.852373e-09
7 113 2 2.447505e-09
8 113 2 2.337566e-09
9 113 2 2.311963e-09
10 113 2 2.111043e-09
11 113 2 1.476543e-09
12 113 2 9.972714e-10
1 114 2 2.273796e-09
2 114 2 3.083383e-09
3 114 2 5.493574e-09
4 114 2 8.007897e-09
5 114 2 9.238757e-09
6 114 2 6.763291e-09
7 114 2 5.586020e-09
8 114 2 5.120265e-09
9 114 2 4.941238e-09
10 114 2 4.422499e-09
11 114 2 3.371366e-09
12 114 2 2.497295e-09
1 115 2 7.774727e-10
2 115 2 1.131153e-09
3 115 2 1.793062e-09
4 115 2 2.222657e-09
5 115 2 1.984938e-09
6 115 2 1.842950e-09
7 115 2 1.777491e-09
8 115 2 1.705377e-09
9 115 2 1.568438e-09
10 115 2 1.401639e-09
11 115 2 1.064745e-09
12 115 2 7.638744e-10
1 116 2 5.639813e-10
2 116 2 7.219650e-10
3 116 2 1.104057e-09
4 116 2 1.562752e-09
5 116 2 1.817579e-09
6 116 2 2.069761e-09
7 116 2 2.169903e-09
8 116 2 2.077078e-09
9 116 2 1.682665e-09
10 116 2 1.345253e-09
11 116 2 9.772999e-10
12 116 2 6.438032e-10
1 117 2 7.914473e-10
2 117 2 8.264689e-10
3 117 2 1.043754e-09
4 117 2 1.428765e-09
5 117 2 1.819416e-09
6 117 2 2.155606e-09
7 117 2 2.294867e-09
8 117 2 2.291858e-09
9 117 2 2.091181e-09
10 117 2 1.790178e-09
11 117 2 1.445143e-09
12 117 2 1.043953e-09
1 126 2 9.974223e-12
2 126 2 1.036718e-11
3 126 2 1.123661e-11
4 126 2 1.186518e-11
5 126 2 1.172290e-11
6 126 2 1.089512e-11
7 126 2 1.050227e-11
8 126 2 1.060487e-11
9 126 2 1.054873e-11
10 126 2 1.036582e-11
11 126 2 1.012869e-11
12 126 2 9.975334e-12
1 127 2 1.003832e-09
2 127 2 1.020918e-09
3 127 2 1.077557e-09
4 127 2 1.118733e-09
5 127 2 1.133974e-09
6 127 2 1.098397e-09
7 127 2 1.098701e-09
8 127 2 1.123914e-09
9 127 2 1.111933e-09
10 127 2 1.067369e-09
11 127 2 1.034413e-09
12 127 2 1.021609e-09
1 128 2 4.553384e-09
2 128 2 4.676283e-09
3 128 2 4.800503e-09
4 128 2 4.686106e-09
5 128 2 4.558426e-09
6 128 2 4.421495e-09
7 128 2 4.712498e-09
8 128 2 5.358130e-09
9 128 2 5.634024e-09
10 128 2 5.321602e-09
11 128 2 4.839220e-09
12 128 2 4.559508e-09
1 129 2 1.297981e-10
2 129 2 1.280159e-10
3 129 2 1.312446e-10
4 129 2 1.350507e-10
5 129 2 1.371345e-10
6 129 2 1.408443e-10
7 129 2 1.471684e-10
8 129 2 1.604133e-10
9 129 2 1.675981e-10
10 129 2 1.683365e-10
11 129 2 1.536970e-10
12 129 2 1.365411e-10
1 133 2 2.786695e-09
2 133 2 3.239945e-09
3 133 2 3.889379e-09
4 133 2 3.993364e-09
5 133 2 3.809260e-09
6 133 2 3.501224e-09
7 133 2 3.124876e-09
8 133 2 2.926091e-09
9 133 2 3.051261e-09
10 133 2 3.249710e-09
11 133 2 3.100276e-09
12 133 2 2.712743e-09
1 135 2 1.205180e-10
2 135 2 1.357816e-10
3 135 2 1.614754e-10
4 135 2 1.739015e-10
5 135 2 1.671027e-10
6 135 2 1.490727e-10
7 135 2 1.287840e-10
8 135 2 1.300729e-10
9 135 2 1.382173e-10
10 135 2 1.299853e-10
11 135 2 1.245898e-10
12 135 2 1.170351e-10
1 136 2 1.348075e-10
2 136 2 1.387442e-10
3 136 2 1.715831e-10
4 136 2 2.085928e-10
5 136 2 2.284185e-10
6 136 2 2.084048e-10
7 136 2 1.844139e-10
8 136 2 1.839909e-10
9 136 2 1.849419e-10
10 136 2 1.739745e-10
11 136 2 1.644920e-10
12 136 2 1.460709e-10
1 137 2 3.281667e-11
2 137 2 3.442807e-11
3 137 2 3.947250e-11
4 137 2 4.337448e-11
5 137 2 4.281324e-11
6 137 2 3.939247e-11
7 137 2 3.644223e-11
8 137 2 3.516311e-11
9 137 2 3.518520e-11
10 137 2 3.665486e-11
11 137 2 3.624022e-11
12 137 2 3.417128e-11
1 138 2 1.311524e-09
2 138 2 1.442230e-09
3 138 2 1.673199e-09
4 138 2 1.862167e-09
5 138 2 1.878812e-09
6 138 2 1.651287e-09
7 138 2 1.529759e-09
8 138 2 1.475263e-09
9 138 2 1.479288e-09
10 138 2 1.487908e-09
11 138 2 1.443299e-09
12 138 2 1.338539e-09
1 139 2 2.214408e-09
2 139 2 2.521802e-09
3 139 2 2.817866e-09
4 139 2 2.957551e-09
5 139 2 2.915872e-09
6 139 2 2.715468e-09
7 139 2 2.569244e-09
8 139 2 2.473321e-09
9 139 2 2.441263e-09
10 139 2 2.460215e-09
11 139 2 2.341083e-09
12 139 2 2.142949e-09
1 140 2 7.329269e-10
2 140 2 7.578736e-10
3 140 2 8.231096e-10
4 140 2 9.325696e-10
5 140 2 9.902555e-10
6 140 2 9.511421e-10
7 140 2 9.005770e-10
8 140 2 8.685989e-10
9 140 2 8.559362e-10
10 140 2 8.606667e-10
11 140 2 8.424889e-10
12 140 2 7.854569e-10
1 141 2 1.150291e-09
2 141 2 1.138389e-09
3 141 2 1.170996e-09
4 141 2 1.285158e-09
5 141 2 1.386856e-09
6 141 2 1.371374e-09
7 141 2 1.334290e-09
8 141 2 1.293856e-09
9 141 2 1.282890e-09
10 141 2 1.285906e-09
11 141 2 1.298741e-09
12 141 2 1.260976e-09
1 150 2 1.330594e-12
2 150 2 1.456545e-12
3 150 2 1.559065e-12
4 150 2 1.594272e-12
5 150 2 1.491752e-12
6 150 2 1.315659e-12
7 150 2 1.200248e-12
8 150 2 1.171264e-12
9 150 2 1.133398e-12
10 150 2 1.107611e-12
11 150 2 1.129146e-12
12 150 2 1.201379e-12
1 151 2 8.633501e-10
2 151 2 9.182735e-10
3 151 2 9.736423e-10
4 151 2 9.966003e-10
5 151 2 9.642801e-10
6 151 2 9.076862e-10
7 151 2 8.876303e-10
8 151 2 9.218999e-10
9 151 2 8.777306e-10
10 151 2 8.236595e-10
11 151 2 7.995075e-10
12 151 2 8.194532e-10
1 152 2 6.839629e-10
2 152 2 6.928042e-10
3 152 2 6.992177e-10
4 152 2 6.644374e-10
5 152 2 6.387024e-10
6 152 2 6.272955e-10
7 152 2 7.171664e-10
8 152 2 9.562551e-10
9 152 2 1.015169e-09
10 152 2 8.652383e-10
11 152 2 7.419776e-10
12 152 2 6.861770e-10
1 153 2 7.927208e-10
2 153 2 8.119495e-10
3 153 2 8.566627e-10
4 153 2 8.402731e-10
5 153 2 8.114531e-10
6 153 2 7.966842e-10
7 153 2 9.299836e-10
8 153 2 1.215321e-09
9 153 2 1.478169e-09
10 153 2 1.321180e-09
11 153 2 9.994047e-10
12 153 2 8.338680e-10
1 154 2 2.157176e-09
2 154 2 2.145472e-09
3 154 2 2.232639e-09
4 154 2 2.139282e-09
5 154 2 2.000424e-09
6 154 2 1.799405e-09
7 154 2 1.699111e-09
8 154 2 1.770018e-09
9 154 2 1.995671e-09
10 154 2 2.242778e-09
11 154 2 2.363638e-09
12 154 2 2.285525e-09
1 157 2 8.592333e-11
2 157 2 8.922280e-11
3 157 2 9.552578e-11
4 157 2 9.418009e-11
5 157 2 9.179852e-11
6 157 2 8.630639e-11
7 157 2 8.234860e-11
8 157 2 8.151853e-11
9 157 2 8.092934e-11
10 157 2 8.234045e-11
11 157 2 8.293076e-11
12 157 2 8.401302e-11
1 163 2 4.000657e-10
2 163 2 4.054261e-10
3 163 2 4.174570e-10
4 163 2 4.425072e-10
5 163 2 4.429390e-10
6 163 2 4.095145e-10
7 163 2 3.785948e-10
8 163 2 3.555080e-10
9 163 2 3.605987e-10
10 163 2 3.814995e-10
11 163 2 3.964130e-10
12 163 2 3.995190e-10
1 164 2 1.513045e-09
2 164 2 1.500108e-09
3 164 2 1.541866e-09
4 164 2 1.613796e-09
5 164 2 1.594813e-09
6 164 2 1.475079e-09
7 164 2 1.365316e-09
8 164 2 1.333662e-09
9 164 2 1.428080e-09
10 164 2 1.564525e-09
11 164 2 1.596121e-09
12 164 2 1.569542e-09
1 165 2 6.607867e-10
2 165 2 6.476176e-10
3 165 2 6.557592e-10
4 165 2 6.702637e-10
5 165 2 6.629069e-10
6 165 2 6.099682e-10
7 165 2 5.751166e-10
8 165 2 5.821223e-10
9 165 2 6.204796e-10
10 165 2 6.634270e-10
11 165 2 6.978976e-10
12 165 2 6.987198e-10
1 166 2 2.883819e-10
2 166 2 2.855030e-10
3 166 2 2.807861e-10
4 166 2 2.794687e-10
5 166 2 2.703179e-10
6 166 2 2.499991e-10
7 166 2 2.360748e-10
8 166 2 2.378361e-10
9 166 2 2.467373e-10
10 166 2 2.595495e-10
11 166 2 2.798325e-10
12 166 2 2.939319e-10
1 170 2 1.326142e-11
2 170 2 1.458493e-11
3 170 2 1.432962e-11
4 170 2 1.302486e-11
5 170 2 1.085360e-11
6 170 2 9.125979e-12
7 170 2 8.631748e-12
8 170 2 8.240540e-12
9 170 2 8.379137e-12
10 170 2 9.330110e-12
11 170 2 1.029404e-11
12 170 2 1.185422e-11
1 171 2 4.750849e-11
2 171 2 5.215066e-11
3 171 2 5.278201e-11
4 171 2 4.695930e-11
5 171 2 3.906486e-11
6 171 2 3.347674e-11
7 171 2 3.039328e-11
8 171 2 2.879858e-11
9 171 2 2.921818e-11
10 171 2 3.178123e-11
11 171 2 3.627321e-11
12 171 2 4.285330e-11
1 175 2 1.372579e-12
2 175 2 1.451136e-12
3 175 2 1.455298e-12
4 175 2 1.363060e-12
5 175 2 1.184285e-12
6 175 2 1.079183e-12
7 175 2 1.056791e-12
8 175 2 1.047869e-12
9 175 2 9.746323e-13
10 175 2 9.852153e-13
11 175 2 1.030033e-12
12 175 2 1.201540e-12
1 176 2 1.923304e-08
2 176 2 1.937724e-08
3 176 2 1.897025e-08
4 176 2 1.675485e-08
5 176 2 1.355393e-08
6 176 2 1.228240e-08
7 176 2 1.226000e-08
8 176 2 1.398703e-08
9 176 2 1.523333e-08
10 176 2 1.625767e-08
11 176 2 1.735385e-08
12 176 2 1.843405e-08
1 177 2 9.995425e-09
2 177 2 9.712824e-09
3 177 2 9.170716e-09
4 177 2 8.019180e-09
5 177 2 6.557504e-09
6 177 2 5.599554e-09
7 177 2 5.826250e-09
8 177 2 6.980920e-09
9 177 2 8.773925e-09
10 177 2 9.124545e-09
11 177 2 9.309622e-09
12 177 2 9.328643e-09
1 178 2 1.582968e-09
2 178 2 1.564467e-09
3 178 2 1.499656e-09
4 178 2 1.256953e-09
5 178 2 1.094435e-09
6 178 2 9.250409e-10
7 178 2 8.810429e-10
8 178 2 8.875272e-10
9 178 2 1.012202e-09
10 178 2 1.089101e-09
11 178 2 1.230078e-09
12 178 2 1.365645e-09
1 181 2 1.932131e-11
2 181 2 2.040757e-11
3 181 2 2.068860e-11
4 181 2 1.978107e-11
5 181 2 1.631322e-11
6 181 2 1.410598e-11
7 181 2 1.247259e-11
8 181 2 1.276468e-11
9 181 2 1.382924e-11
10 181 2 1.497448e-11
11 181 2 1.695880e-11
12 181 2 1.805621e-11
1 182 2 2.305673e-09
2 182 2 2.131153e-09
3 182 2 2.009582e-09
4 182 2 1.678679e-09
5 182 2 1.314555e-09
6 182 2 9.832084e-10
7 182 2 9.748491e-10
8 182 2 1.354674e-09
9 182 2 1.879755e-09
10 182 2 2.305453e-09
11 182 2 2.548000e-09
12 182 2 2.445703e-09
1 183 2 4.904921e-10
2 183 2 4.711998e-10
3 183 2 4.498487e-10
4 183 2 4.078898e-10
5 183 2 3.431914e-10
6 183 2 2.785406e-10
7 183 2 2.591527e-10
8 183 2 3.077340e-10
9 183 2 3.578107e-10
10 183 2 4.232897e-10
11 183 2 4.608340e-10
12 183 2 4.739975e-10
1 184 2 1.532657e-10
2 184 2 1.552976e-10
3 184 2 1.504033e-10
4 184 2 1.353532e-10
5 184 2 1.125255e-10
6 184 2 9.094184e-11
7 184 2 8.200667e-11
8 184 2 8.564795e-11
9 184 2 9.072969e-11
10 184 2 1.041916e-10
11 184 2 1.219112e-10
12 184 2 1.389518e-10
1 188 2 2.530339e-11
2 188 2 2.508278e-11
3 188 2 2.324948e-11
4 188 2 1.898479e-11
5 188 2 1.341769e-11
6 188 2 1.020597e-11
7 188 2 8.782153e-12
8 188 2 8.933442e-12
9 188 2 1.210030e-11
10 188 2 1.590150e-11
11 188 2 1.893711e-11
12 188 2 2.361966e-11
1 189 2 2.206575e-11
2 189 2 2.039320e-11
3 189 2 1.849845e-11
4 189 2 1.367310e-11
5 189 2 9.052817e-12
6 189 2 6.401812e-12
7 189 2 6.086755e-12
8 189 2 7.476551e-12
9 189 2 1.202734e-11
10 189 2 1.712517e-11
11 189 2 2.082992e-11
12 189 2 2.176716e-11
1 190 2 9.031468e-11
2 190 2 8.557482e-11
3 190 2 7.427913e-11
4 190 2 5.261036e-11
5 190 2 3.670624e-11
6 190 2 2.662828e-11
7 190 2 2.502026e-11
8 190 2 3.016185e-11
9 190 2 4.236569e-11
10 190 2 5.775467e-11
11 190 2 7.567705e-11
12 190 2 8.490826e-11
1 191 2 6.955892e-11
2 191 2 7.208142e-11
3 191 2 7.006349e-11
4 191 2 5.788031e-11
5 191 2 4.759606e-11
6 191 2 3.909933e-11
7 191 2 3.437489e-11
8 191 2 3.491070e-11
9 191 2 3.808828e-11
10 191 2 4.275018e-11
11 191 2 5.257824e-11
12 191 2 6.185781e-11
1 192 2 9.150889e-11
2 192 2 9.889567e-11
3 192 2 9.635492e-11
4 192 2 8.342893e-11
5 192 2 7.051003e-11
6 192 2 6.003646e-11
7 192 2 5.276011e-11
8 192 2 4.902652e-11
9 192 2 5.047999e-11
10 192 2 5.543280e-11
11 192 2 6.617244e-11
12 192 2 7.945862e-11
1 200 2 9.963048e-08
2 200 2 1.024950e-07
3 200 2 8.381840e-08
4 200 2 5.540995e-08
5 200 2 3.626859e-08
6 200 2 2.953741e-08
7 200 2 2.806207e-08
8 200 2 3.026256e-08
9 200 2 3.352114e-08
10 200 2 4.285841e-08
11 200 2 5.955809e-08
12 200 2 8.205893e-08
1 201 2 5.695166e-08
2 201 2 5.876231e-08
3 201 2 5.379341e-08
4 201 2 4.140632e-08
5 201 2 3.120362e-08
6 201 2 2.581562e-08
7 201 2 2.439720e-08
8 201 2 2.523669e-08
9 201 2 2.497677e-08
10 201 2 2.971912e-08
11 201 2 3.788389e-08
12 201 2 4.718321e-08
1 206 2 1.532356e-09
2 206 2 1.655144e-09
3 206 2 1.497463e-09
4 206 2 1.277853e-09
5 206 2 1.056778e-09
6 206 2 9.214211e-10
7 206 2 7.902983e-10
8 206 2 7.759729e-10
9 206 2 8.399825e-10
10 206 2 9.508128e-10
11 206 2 1.114572e-09
12 206 2 1.313081e-09
1 207 2 5.810199e-11
2 207 2 6.344008e-11
3 207 2 6.016522e-11
4 207 2 5.455486e-11
5 207 2 4.838212e-11
6 207 2 4.149713e-11
7 207 2 3.657600e-11
8 207 2 3.601804e-11
9 207 2 3.633990e-11
10 207 2 4.002709e-11
11 207 2 4.313734e-11
12 207 2 4.934644e-11
1 212 2 3.556134e-11
2 212 2 3.795954e-11
3 212 2 3.369280e-11
4 212 2 2.832523e-11
5 212 2 2.207727e-11
6 212 2 1.781819e-11
7 212 2 1.479011e-11
8 212 2 1.429451e-11
9 212 2 1.623465e-11
10 212 2 1.915613e-11
11 212 2 2.272250e-11
12 212 2 3.004349e-11
1 213 2 7.752123e-12
2 213 2 8.472488e-12
3 213 2 7.180100e-12
4 213 2 6.075903e-12
5 213 2 4.688369e-12
6 213 2 3.614073e-12
7 213 2 3.067290e-12
8 213 2 2.994418e-12
9 213 2 3.606903e-12
10 213 2 4.445092e-12
11 213 2 5.458516e-12
12 213 2 6.679683e-12
1 214 2 2.754432e-10
2 214 2 2.920044e-10
3 214 2 2.346074e-10
4 214 2 1.742511e-10
5 214 2 1.288035e-10
6 214 2 9.492229e-11
7 214 2 8.220415e-11
8 214 2 8.474626e-11
9 214 2 1.069741e-10
10 214 2 1.434157e-10
11 214 2 1.963229e-10
12 214 2 2.381055e-10
1 215 2 1.021488e-10
2 215 2 1.050737e-10
3 215 2 9.796510e-11
4 215 2 7.807404e-11
5 215 2 6.341605e-11
6 215 2 5.095346e-11
7 215 2 4.403084e-11
8 215 2 4.413912e-11
9 215 2 4.963740e-11
10 215 2 5.905256e-11
11 215 2 7.435530e-11
12 215 2 8.982530e-11
1 216 2 2.420385e-09
2 216 2 2.527060e-09
3 216 2 2.369759e-09
4 216 2 1.926477e-09
5 216 2 1.542612e-09
6 216 2 1.327059e-09
7 216 2 1.166139e-09
8 216 2 1.115045e-09
9 216 2 1.157057e-09
10 216 2 1.315104e-09
11 216 2 1.581848e-09
12 216 2 2.032960e-09
1 224 2 2.911928e-09
2 224 2 3.183426e-09
3 224 2 2.777928e-09
4 224 2 2.392213e-09
5 224 2 1.931756e-09
6 224 2 1.641618e-09
7 224 2 1.491394e-09
8 224 2 1.557744e-09
9 224 2 1.601962e-09
10 224 2 1.889438e-09
11 224 2 2.256362e-09
12 224 2 2.692018e-09
1 240 2 1.495712e-10
2 240 2 1.525617e-10
3 240 2 1.395139e-10
4 240 2 1.232127e-10
5 240 2 1.070877e-10
6 240 2 9.236685e-11
7 240 2 9.049313e-11
8 240 2 9.329317e-11
9 240 2 9.081530e-11
10 240 2 9.779859e-11
11 240 2 1.074566e-10
12 240 2 1.331738e-10
