1 7 2 3.880080e-13
2 7 2 3.314709e-13
3 7 2 3.625116e-13
4 7 2 9.369436e-13
5 7 2 3.223757e-12
6 7 2 8.682789e-12
7 7 2 1.174807e-11
8 7 2 8.009945e-12
9 7 2 3.464032e-12
10 7 2 1.518622e-12
11 7 2 8.045866e-13
12 7 2 4.746537e-13
1 25 2 2.176010e-10
2 25 2 2.066113e-10
3 25 2 2.910812e-10
4 25 2 5.311584e-10
5 25 2 1.485926e-09
6 25 2 2.694537e-09
7 25 2 3.266568e-09
8 25 2 2.504880e-09
9 25 2 1.415390e-09
10 25 2 6.623511e-10
11 25 2 3.158167e-10
12 25 2 1.828884e-10
1 26 2 1.211760e-12
2 26 2 9.972897e-13
3 26 2 1.649100e-12
4 26 2 3.680927e-12
5 26 2 1.036860e-11
6 26 2 1.980374e-11
7 26 2 2.148700e-11
8 26 2 1.607664e-11
9 26 2 8.793078e-12
10 26 2 3.539557e-12
11 26 2 1.849274e-12
12 26 2 1.143312e-12
1 27 2 7.243666e-11
2 27 2 6.395507e-11
3 27 2 1.121129e-10
4 27 2 2.855378e-10
5 27 2 8.040957e-10
6 27 2 1.662164e-09
7 27 2 1.874639e-09
8 27 2 1.410992e-09
9 27 2 7.291506e-10
10 27 2 2.738137e-10
11 27 2 1.451115e-10
12 27 2 8.976142e-11
1 28 2 4.029100e-11
2 28 2 3.666589e-11
3 28 2 6.166566e-11
4 28 2 1.676220e-10
5 28 2 4.786633e-10
6 28 2 1.024810e-09
7 28 2 1.221812e-09
8 28 2 9.206491e-10
9 28 2 4.736015e-10
10 28 2 1.844448e-10
11 28 2 9.207751e-11
12 28 2 5.740522e-11
1 29 2 5.398325e-11
2 29 2 5.106832e-11
3 29 2 8.135437e-11
4 29 2 2.446191e-10
5 29 2 7.315186e-10
6 29 2 1.800333e-09
7 29 2 2.452469e-09
8 29 2 1.824654e-09
9 29 2 8.379721e-10
10 29 2 3.105836e-10
11 29 2 1.468141e-10
12 29 2 9.164781e-11
1 30 2 1.225018e-11
2 30 2 1.071355e-11
3 30 2 1.702757e-11
4 30 2 5.211660e-11
5 30 2 1.443711e-10
6 30 2 3.926331e-10
7 30 2 5.691031e-10
8 30 2 4.358229e-10
9 30 2 1.971948e-10
10 30 2 7.718562e-11
11 30 2 3.560360e-11
12 30 2 2.132294e-11
1 31 2 2.185547e-11
2 31 2 1.684148e-11
3 31 2 2.558425e-11
4 31 2 7.120945e-11
5 31 2 1.838973e-10
6 31 2 4.841924e-10
7 31 2 6.828188e-10
8 31 2 5.511544e-10
9 31 2 2.757241e-10
10 31 2 1.262680e-10
11 31 2 6.062408e-11
12 31 2 3.378255e-11
1 32 2 2.585882e-11
2 32 2 2.140612e-11
3 32 2 2.992207e-11
4 32 2 6.648803e-11
5 32 2 1.775806e-10
6 32 2 4.206534e-10
7 32 2 5.426929e-10
8 32 2 4.482887e-10
9 32 2 2.503296e-10
10 32 2 1.290474e-10
11 32 2 6.668642e-11
12 32 2 3.458426e-11
1 35 2 1.821388e-09
2 35 2 1.735508e-09
3 35 2 1.885275e-09
4 35 2 2.512300e-09
5 35 2 3.938365e-09
6 35 2 6.014743e-09
7 35 2 7.237582e-09
8 35 2 6.646018e-09
9 35 2 4.516890e-09
10 35 2 3.265706e-09
11 35 2 2.473598e-09
12 35 2 2.009574e-09
1 36 2 2.186595e-10
2 36 2 2.052787e-10
3 36 2 2.275095e-10
4 36 2 2.732589e-10
5 36 2 3.737269e-10
6 36 2 5.391319e-10
7 36 2 6.349451e-10
8 36 2 6.468358e-10
9 36 2 4.937490e-10
10 36 2 3.868325e-10
11 36 2 2.960761e-10
12 36 2 2.453241e-10
1 37 2 5.046009e-09
2 37 2 4.883835e-09
3 37 2 6.153860e-09
4 37 2 7.913037e-09
5 37 2 1.196300e-08
6 37 2 1.814449e-08
7 37 2 2.110297e-08
8 37 2 2.074472e-08
9 37 2 1.526618e-08
10 37 2 1.144697e-08
11 37 2 8.067951e-09
12 37 2 6.180738e-09
1 38 2 2.606205e-08
2 38 2 2.603869e-08
3 38 2 3.966650e-08
4 38 2 5.881213e-08
5 38 2 1.073757e-07
6 38 2 1.905300e-07
7 38 2 2.258659e-07
8 38 2 1.958914e-07
9 38 2 1.265309e-07
10 38 2 8.648373e-08
11 38 2 4.941851e-08
12 38 2 3.566230e-08
1 39 2 2.800463e-08
2 39 2 2.917519e-08
3 39 2 4.725779e-08
4 39 2 7.296995e-08
5 39 2 1.415859e-07
6 39 2 2.737212e-07
7 39 2 3.398851e-07
8 39 2 2.751770e-07
9 39 2 1.734474e-07
10 39 2 1.095300e-07
11 39 2 5.544171e-08
12 39 2 4.046843e-08
1 40 2 6.942668e-09
2 40 2 7.617311e-09
3 40 2 1.358536e-08
4 40 2 2.284487e-08
5 40 2 4.994003e-08
6 40 2 1.133859e-07
7 40 2 1.418632e-07
8 40 2 1.040673e-07
9 40 2 6.410439e-08
10 40 2 3.454005e-08
11 40 2 1.479596e-08
12 40 2 1.102253e-08
1 41 2 3.697034e-09
2 41 2 3.952314e-09
3 41 2 7.920306e-09
4 41 2 1.410663e-08
5 41 2 3.538149e-08
6 41 2 8.978415e-08
7 41 2 1.160856e-07
8 41 2 8.142188e-08
9 41 2 4.550232e-08
10 41 2 1.972113e-08
11 41 2 7.576329e-09
12 41 2 6.314772e-09
1 42 2 2.001657e-09
2 42 2 2.093773e-09
3 42 2 4.515194e-09
4 42 2 8.907086e-09
5 42 2 2.532135e-08
6 42 2 7.023384e-08
7 42 2 9.831913e-08
8 42 2 6.565907e-08
9 42 2 3.109301e-08
10 42 2 1.112785e-08
11 42 2 4.148676e-09
12 42 2 3.403385e-09
1 43 2 5.618198e-11
2 43 2 5.825347e-11
3 43 2 1.374480e-10
4 43 2 3.353771e-10
5 43 2 1.122569e-09
6 43 2 3.310630e-09
7 43 2 4.839683e-09
8 43 2 3.038017e-09
9 43 2 1.242302e-09
10 43 2 3.814182e-10
11 43 2 1.300718e-10
12 43 2 9.114230e-11
1 44 2 2.317890e-10
2 44 2 2.328957e-10
3 44 2 5.065840e-10
4 44 2 1.369537e-09
5 44 2 5.116550e-09
6 44 2 1.612394e-08
7 44 2 2.356603e-08
8 44 2 1.421017e-08
9 44 2 5.122552e-09
10 44 2 1.517708e-09
11 44 2 4.981163e-10
12 44 2 3.367825e-10
1 45 2 5.325615e-10
2 45 2 5.968458e-10
3 45 2 1.087556e-09
4 45 2 3.207291e-09
5 45 2 1.343151e-08
6 45 2 4.456714e-08
7 45 2 6.234886e-08
8 45 2 3.796415e-08
9 45 2 1.305502e-08
10 45 2 3.333218e-09
11 45 2 9.661564e-10
12 45 2 6.314321e-10
1 46 2 2.415863e-10
2 46 2 3.039214e-10
3 46 2 4.777415e-10
4 46 2 1.326640e-09
5 46 2 5.209659e-09
6 46 2 1.615978e-08
7 46 2 2.260639e-08
8 46 2 1.416543e-08
9 46 2 5.320938e-09
10 46 2 1.289732e-09
11 46 2 3.545983e-10
12 46 2 2.528781e-10
1 47 2 3.173628e-10
2 47 2 4.038878e-10
3 47 2 5.691411e-10
4 47 2 1.275176e-09
5 47 2 4.346438e-09
6 47 2 1.197443e-08
7 47 2 1.623988e-08
8 47 2 1.101180e-08
9 47 2 4.664936e-09
10 47 2 1.438845e-09
11 47 2 4.244970e-10
12 47 2 3.226741e-10
1 48 2 4.300527e-10
2 48 2 4.940179e-10
3 48 2 6.794940e-10
4 48 2 1.326908e-09
5 48 2 4.117651e-09
6 48 2 9.471303e-09
7 48 2 1.258648e-08
8 48 2 8.855312e-09
9 48 2 4.215486e-09
10 48 2 1.571682e-09
11 48 2 5.657859e-10
12 48 2 3.751948e-10
1 49 2 6.293302e-13
2 49 2 5.726350e-13
3 49 2 6.495361e-13
4 49 2 7.602244e-13
5 49 2 1.087283e-12
6 49 2 1.654238e-12
7 49 2 2.467024e-12
8 49 2 2.319889e-12
9 49 2 1.618096e-12
10 49 2 1.157903e-12
11 49 2 8.453632e-13
12 49 2 6.166909e-13
1 50 2 2.567890e-12
2 50 2 2.216600e-12
3 50 2 2.598198e-12
4 50 2 2.961677e-12
5 50 2 4.168354e-12
6 50 2 6.117001e-12
7 50 2 8.442362e-12
8 50 2 8.118706e-12
9 50 2 5.878682e-12
10 50 2 4.190571e-12
11 50 2 3.137400e-12
12 50 2 2.470360e-12
1 51 2 1.573319e-12
2 51 2 1.435900e-12
3 51 2 1.560264e-12
4 51 2 1.801061e-12
5 51 2 2.454892e-12
6 51 2 3.442790e-12
7 51 2 4.486459e-12
8 51 2 4.449205e-12
9 51 2 3.696637e-12
10 51 2 2.600120e-12
11 51 2 1.948694e-12
12 51 2 1.633065e-12
1 52 2 2.635453e-08
2 52 2 2.770087e-08
3 52 2 3.479859e-08
4 52 2 5.073161e-08
5 52 2 8.579382e-08
6 52 2 1.180715e-07
7 52 2 1.514486e-07
8 52 2 1.416563e-07
9 52 2 1.143503e-07
10 52 2 6.532431e-08
11 52 2 3.931884e-08
12 52 2 3.032082e-08
1 53 2 1.298509e-08
2 53 2 1.629154e-08
3 53 2 2.760131e-08
4 53 2 6.024542e-08
5 53 2 1.147257e-07
6 53 2 1.713147e-07
7 53 2 2.378051e-07
8 53 2 2.026376e-07
9 53 2 1.371467e-07
10 53 2 6.048747e-08
11 53 2 2.697904e-08
12 53 2 1.709232e-08
1 54 2 3.700646e-09
2 54 2 4.800685e-09
3 54 2 8.977475e-09
4 54 2 2.230814e-08
5 54 2 4.394009e-08
6 54 2 8.487221e-08
7 54 2 1.205650e-07
8 54 2 1.010968e-07
9 54 2 6.131365e-08
10 54 2 2.607653e-08
11 54 2 1.117759e-08
12 54 2 6.165778e-09
1 55 2 5.392539e-09
2 55 2 6.014119e-09
3 55 2 1.121917e-08
4 55 2 2.627026e-08
5 55 2 5.213086e-08
6 55 2 1.113306e-07
7 55 2 1.547579e-07
8 55 2 1.334653e-07
9 55 2 8.463502e-08
10 55 2 4.058114e-08
11 55 2 1.898636e-08
12 55 2 1.087165e-08
1 56 2 2.334328e-08
2 56 2 2.422523e-08
3 56 2 4.195874e-08
4 56 2 9.356200e-08
5 56 2 2.045140e-07
6 56 2 4.031421e-07
7 56 2 5.573793e-07
8 56 2 4.625966e-07
9 56 2 3.023641e-07
10 56 2 1.557889e-07
11 56 2 7.023544e-08
12 56 2 4.028070e-08
1 57 2 4.817196e-09
2 57 2 4.596083e-09
3 57 2 5.652920e-09
4 57 2 8.580248e-09
5 57 2 1.435610e-08
6 57 2 2.335916e-08
7 57 2 3.326372e-08
8 57 2 2.997873e-08
9 57 2 2.230420e-08
10 57 2 1.432706e-08
11 57 2 8.761070e-09
12 57 2 6.296185e-09
1 60 2 1.299243e-07
2 60 2 1.258200e-07
3 60 2 1.442905e-07
4 60 2 1.711264e-07
5 60 2 2.109853e-07
6 60 2 2.776552e-07
7 60 2 3.232462e-07
8 60 2 3.233821e-07
9 60 2 2.744362e-07
10 60 2 2.240311e-07
11 60 2 1.791725e-07
12 60 2 1.485157e-07
1 61 2 4.141062e-07
2 61 2 4.165970e-07
3 61 2 5.859367e-07
4 61 2 8.825443e-07
5 61 2 1.287363e-06
6 61 2 1.813686e-06
7 61 2 2.146321e-06
8 61 2 2.064939e-06
9 61 2 1.604512e-06
10 61 2 1.091399e-06
11 61 2 7.119855e-07
12 61 2 4.993807e-07
1 62 2 1.406156e-07
2 62 2 1.540072e-07
3 62 2 2.424354e-07
4 62 2 4.388821e-07
5 62 2 7.527773e-07
6 62 2 1.067875e-06
7 62 2 1.305795e-06
8 62 2 1.218912e-06
9 62 2 8.493652e-07
10 62 2 5.065095e-07
11 62 2 2.750571e-07
12 62 2 1.789993e-07
1 63 2 3.257654e-07
2 63 2 3.954653e-07
3 63 2 6.617172e-07
4 63 2 1.391759e-06
5 63 2 2.671014e-06
6 63 2 3.970888e-06
7 63 2 5.077806e-06
8 63 2 4.418686e-06
9 63 2 2.698795e-06
10 63 2 1.473841e-06
11 63 2 6.807781e-07
12 63 2 4.456661e-07
1 64 2 1.024680e-07
2 64 2 1.312721e-07
3 64 2 2.499738e-07
4 64 2 5.921045e-07
5 64 2 1.268101e-06
6 64 2 2.031208e-06
7 64 2 2.574600e-06
8 64 2 2.012762e-06
9 64 2 1.152478e-06
10 64 2 5.094850e-07
11 64 2 2.328096e-07
12 64 2 1.593251e-07
1 65 2 3.467329e-08
2 65 2 4.299510e-08
3 65 2 9.419418e-08
4 65 2 2.656309e-07
5 65 2 5.569434e-07
6 65 2 9.465461e-07
7 65 2 1.226858e-06
8 65 2 9.156604e-07
9 65 2 5.193337e-07
10 65 2 1.842888e-07
11 65 2 8.112755e-08
12 65 2 5.879302e-08
1 66 2 2.295231e-08
2 66 2 2.837621e-08
3 66 2 6.745837e-08
4 66 2 2.213085e-07
5 66 2 4.601637e-07
6 66 2 7.912722e-07
7 66 2 1.091296e-06
8 66 2 8.250211e-07
9 66 2 4.667010e-07
10 66 2 1.546234e-07
11 66 2 5.925400e-08
12 66 2 3.675410e-08
1 67 2 7.748376e-09
2 67 2 1.033210e-08
3 67 2 2.627460e-08
4 67 2 9.706064e-08
5 67 2 2.202250e-07
6 67 2 3.755953e-07
7 67 2 5.251236e-07
8 67 2 4.041257e-07
9 67 2 2.210286e-07
10 67 2 8.128253e-08
11 67 2 2.570215e-08
12 67 2 1.156840e-08
1 68 2 1.864027e-09
2 68 2 2.502887e-09
3 68 2 7.433432e-09
4 68 2 3.416798e-08
5 68 2 9.311211e-08
6 68 2 1.784317e-07
7 68 2 2.558372e-07
8 68 2 1.902748e-07
9 68 2 9.131474e-08
10 68 2 3.354794e-08
11 68 2 7.650119e-09
12 68 2 2.661976e-09
1 69 2 1.128187e-09
2 69 2 1.599559e-09
3 69 2 3.825236e-09
4 69 2 1.677389e-08
5 69 2 5.378627e-08
6 69 2 1.272912e-07
7 69 2 1.864806e-07
8 69 2 1.435524e-07
9 69 2 6.166915e-08
10 69 2 2.005243e-08
11 69 2 3.885437e-09
12 69 2 1.461176e-09
1 70 2 4.727625e-09
2 70 2 5.525690e-09
3 70 2 7.918153e-09
4 70 2 2.065805e-08
5 70 2 5.180383e-08
6 70 2 1.257944e-07
7 70 2 2.036213e-07
8 70 2 1.855813e-07
9 70 2 9.582173e-08
10 70 2 3.415557e-08
11 70 2 1.038809e-08
12 70 2 5.847740e-09
1 71 2 4.030202e-09
2 71 2 4.089712e-09
3 71 2 4.627820e-09
4 71 2 7.426252e-09
5 71 2 1.438189e-08
6 71 2 3.000198e-08
7 71 2 4.604362e-08
8 71 2 4.577890e-08
9 71 2 2.937131e-08
10 71 2 1.398916e-08
11 71 2 6.682979e-09
12 71 2 4.641555e-09
1 72 2 1.693275e-11
2 72 2 1.617225e-11
3 72 2 1.752095e-11
4 72 2 2.233938e-11
5 72 2 3.475843e-11
6 72 2 6.048083e-11
7 72 2 9.367788e-11
8 72 2 9.009615e-11
9 72 2 6.303428e-11
10 72 2 3.822042e-11
11 72 2 2.354905e-11
12 72 2 1.681711e-11
1 76 2 8.978084e-10
2 76 2 8.214024e-10
3 76 2 8.296695e-10
4 76 2 9.024827e-10
5 76 2 1.226941e-09
6 76 2 1.749539e-09
7 76 2 2.346035e-09
8 76 2 2.503649e-09
9 76 2 2.385491e-09
10 76 2 1.593031e-09
11 76 2 1.028369e-09
12 76 2 8.993977e-10
1 77 2 9.164619e-10
2 77 2 1.190018e-09
3 77 2 1.558853e-09
4 77 2 2.519449e-09
5 77 2 4.230256e-09
6 77 2 6.531075e-09
7 77 2 8.873968e-09
8 77 2 8.422835e-09
9 77 2 6.239279e-09
10 77 2 3.152157e-09
11 77 2 1.383176e-09
12 77 2 8.718089e-10
1 78 2 1.000910e-09
2 78 2 1.367602e-09
3 78 2 1.904468e-09
4 78 2 3.415863e-09
5 78 2 5.341423e-09
6 78 2 8.480327e-09
7 78 2 1.046802e-08
8 78 2 9.802035e-09
9 78 2 6.355532e-09
10 78 2 3.370463e-09
11 78 2 1.820123e-09
12 78 2 1.050818e-09
1 79 2 5.406064e-08
2 79 2 6.633330e-08
3 79 2 9.739642e-08
4 79 2 1.615481e-07
5 79 2 2.454364e-07
6 79 2 4.009622e-07
7 79 2 4.913291e-07
8 79 2 4.654472e-07
9 79 2 3.213941e-07
10 79 2 1.940080e-07
11 79 2 1.105358e-07
12 79 2 6.771218e-08
1 80 2 6.651210e-09
2 80 2 6.664197e-09
3 80 2 8.373981e-09
4 80 2 1.132258e-08
5 80 2 1.688663e-08
6 80 2 2.569239e-08
7 80 2 3.308286e-08
8 80 2 3.275148e-08
9 80 2 2.718313e-08
10 80 2 1.905821e-08
11 80 2 1.111780e-08
12 80 2 8.217907e-09
1 81 2 7.294588e-14
2 81 2 6.610655e-14
3 81 2 6.962815e-14
4 81 2 8.256192e-14
5 81 2 1.188884e-13
6 81 2 1.601987e-13
7 81 2 2.137576e-13
8 81 2 2.293572e-13
9 81 2 2.085572e-13
10 81 2 1.600246e-13
11 81 2 1.057823e-13
12 81 2 8.660359e-14
1 84 2 1.600623e-08
2 84 2 1.692262e-08
3 84 2 2.092989e-08
4 84 2 2.644884e-08
5 84 2 3.545991e-08
6 84 2 5.810363e-08
7 84 2 7.781955e-08
8 84 2 7.457046e-08
9 84 2 5.595370e-08
10 84 2 3.531240e-08
11 84 2 2.372206e-08
12 84 2 1.812109e-08
1 85 2 6.030221e-08
2 85 2 6.790504e-08
3 85 2 8.828750e-08
4 85 2 1.282735e-07
5 85 2 2.053380e-07
6 85 2 3.136859e-07
7 85 2 4.340136e-07
8 85 2 4.128809e-07
9 85 2 2.973023e-07
10 85 2 1.639937e-07
11 85 2 9.248553e-08
12 85 2 6.710758e-08
1 86 2 1.839231e-08
2 86 2 2.082394e-08
3 86 2 2.661146e-08
4 86 2 3.865381e-08
5 86 2 6.212432e-08
6 86 2 9.014103e-08
7 86 2 1.238298e-07
8 86 2 1.242349e-07
9 86 2 9.195748e-08
10 86 2 5.332513e-08
11 86 2 2.937411e-08
12 86 2 2.099347e-08
1 87 2 4.015957e-08
2 87 2 5.433128e-08
3 87 2 7.757511e-08
4 87 2 1.226286e-07
5 87 2 2.151355e-07
6 87 2 3.233760e-07
7 87 2 4.383977e-07
8 87 2 4.467126e-07
9 87 2 3.238687e-07
10 87 2 1.823467e-07
11 87 2 8.011832e-08
12 87 2 4.869976e-08
1 88 2 1.418612e-08
2 88 2 2.014543e-08
3 88 2 3.159101e-08
4 88 2 5.994055e-08
5 88 2 1.230157e-07
6 88 2 1.933469e-07
7 88 2 2.476075e-07
8 88 2 2.171712e-07
9 88 2 1.403361e-07
10 88 2 6.632021e-08
11 88 2 3.400031e-08
12 88 2 1.888593e-08
1 89 2 9.026798e-09
2 89 2 1.255962e-08
3 89 2 2.383777e-08
4 89 2 4.483477e-08
5 89 2 8.947295e-08
6 89 2 1.336622e-07
7 89 2 1.559256e-07
8 89 2 1.365536e-07
9 89 2 8.911563e-08
10 89 2 4.240749e-08
11 89 2 2.333472e-08
12 89 2 1.291587e-08
1 90 2 7.601202e-09
2 90 2 1.001813e-08
3 90 2 1.987991e-08
4 90 2 3.568020e-08
5 90 2 5.478487e-08
6 90 2 7.251697e-08
7 90 2 8.144103e-08
8 90 2 7.535551e-08
9 90 2 5.491586e-08
10 90 2 3.275498e-08
11 90 2 1.805957e-08
12 90 2 1.028091e-08
1 91 2 4.594033e-12
2 91 2 6.500354e-12
3 91 2 1.358068e-11
4 91 2 2.566322e-11
5 91 2 3.787490e-11
6 91 2 4.814253e-11
7 91 2 5.405705e-11
8 91 2 4.957550e-11
9 91 2 3.564581e-11
10 91 2 2.206484e-11
11 91 2 1.143575e-11
12 91 2 5.870618e-12
1 92 2 2.464963e-11
2 92 2 3.521049e-11
3 92 2 8.826382e-11
4 92 2 2.105770e-10
5 92 2 3.971177e-10
6 92 2 6.085241e-10
7 92 2 7.304512e-10
8 92 2 6.648276e-10
9 92 2 4.159226e-10
10 92 2 2.210495e-10
11 92 2 8.669577e-11
12 92 2 3.721636e-11
1 93 2 2.504052e-08
2 93 2 3.021363e-08
3 93 2 6.212083e-08
4 93 2 1.447795e-07
5 93 2 2.582785e-07
6 93 2 4.098698e-07
7 93 2 5.498189e-07
8 93 2 5.405188e-07
9 93 2 3.635556e-07
10 93 2 2.093639e-07
11 93 2 8.966101e-08
12 93 2 3.734561e-08
1 94 2 2.784144e-08
2 94 2 2.770109e-08
3 94 2 3.698765e-08
4 94 2 6.554893e-08
5 94 2 1.118880e-07
6 94 2 1.761814e-07
7 94 2 2.433939e-07
8 94 2 2.652455e-07
9 94 2 2.184867e-07
10 94 2 1.318782e-07
11 94 2 7.078228e-08
12 94 2 3.867374e-08
1 98 2 1.137956e-10
2 98 2 1.059286e-10
3 98 2 9.974818e-11
4 98 2 1.062031e-10
5 98 2 1.205332e-10
6 98 2 1.379256e-10
7 98 2 1.551380e-10
8 98 2 1.635079e-10
9 98 2 1.613457e-10
10 98 2 1.525148e-10
11 98 2 1.371860e-10
12 98 2 1.248407e-10
1 101 2 4.489826e-10
2 101 2 4.613449e-10
3 101 2 4.727591e-10
4 101 2 5.829836e-10
5 101 2 7.497285e-10
6 101 2 8.753861e-10
7 101 2 9.344247e-10
8 101 2 9.363262e-10
9 101 2 9.001528e-10
10 101 2 7.717887e-10
11 101 2 5.934844e-10
12 101 2 4.760169e-10
1 102 2 2.877246e-09
2 102 2 3.252330e-09
3 102 2 3.997174e-09
4 102 2 4.999661e-09
5 102 2 5.785791e-09
6 102 2 6.316228e-09
7 102 2 6.494090e-09
8 102 2 6.576149e-09
9 102 2 5.926946e-09
10 102 2 4.566125e-09
11 102 2 3.664887e-09
12 102 2 3.003831e-09
1 103 2 1.604494e-09
2 103 2 1.637400e-09
3 103 2 1.784561e-09
4 103 2 2.016486e-09
5 103 2 2.348358e-09
6 103 2 2.687396e-09
7 103 2 2.907420e-09
8 103 2 3.051273e-09
9 103 2 2.992668e-09
10 103 2 2.615332e-09
11 103 2 2.151521e-09
12 103 2 1.788919e-09
1 104 2 7.551934e-10
2 104 2 7.246645e-10
3 104 2 7.325384e-10
4 104 2 8.031227e-10
5 104 2 9.391005e-10
6 104 2 1.077663e-09
7 104 2 1.209489e-09
8 104 2 1.306543e-09
9 104 2 1.317060e-09
10 104 2 1.230394e-09
11 104 2 1.012110e-09
12 104 2 8.380261e-10
1 107 2 2.742884e-10
2 107 2 2.893693e-10
3 107 2 3.378490e-10
4 107 2 3.871377e-10
5 107 2 4.341506e-10
6 107 2 5.558171e-10
7 107 2 6.075316e-10
8 107 2 6.050734e-10
9 107 2 5.664392e-10
10 107 2 4.845050e-10
11 107 2 3.851637e-10
12 107 2 3.012126e-10
1 108 2 3.649199e-11
2 108 2 4.663681e-11
3 108 2 6.774496e-11
4 108 2 1.049221e-10
5 108 2 1.628672e-10
6 108 2 2.235403e-10
7 108 2 2.392931e-10
8 108 2 2.114847e-10
9 108 2 1.711245e-10
10 108 2 1.180641e-10
11 108 2 6.149940e-11
12 108 2 3.915037e-11
1 109 2 6.931521e-11
2 109 2 9.155530e-11
3 109 2 1.431984e-10
4 109 2 2.485086e-10
5 109 2 4.234049e-10
6 109 2 5.337233e-10
7 109 2 5.423110e-10
8 109 2 4.985362e-10
9 109 2 4.003388e-10
10 109 2 2.809034e-10
11 109 2 1.249388e-10
12 109 2 7.298464e-11
1 110 2 3.053093e-11
2 110 2 3.889056e-11
3 110 2 6.246022e-11
4 110 2 9.668598e-11
5 110 2 1.499561e-10
6 110 2 1.736563e-10
7 110 2 1.866973e-10
8 110 2 1.846422e-10
9 110 2 1.554644e-10
10 110 2 1.133434e-10
11 110 2 5.482475e-11
12 110 2 3.227044e-11
1 111 2 1.047530e-09
2 111 2 1.310155e-09
3 111 2 2.121112e-09
4 111 2 3.214722e-09
5 111 2 4.858583e-09
6 111 2 6.231029e-09
7 111 2 6.586664e-09
8 111 2 6.523837e-09
9 111 2 5.555617e-09
10 111 2 3.616438e-09
11 111 2 1.948149e-09
12 111 2 1.189965e-09
1 112 2 1.206110e-09
2 112 2 1.555132e-09
3 112 2 2.728143e-09
4 112 2 4.536744e-09
5 112 2 6.898883e-09
6 112 2 8.407104e-09
7 112 2 8.562409e-09
8 112 2 7.981050e-09
9 112 2 6.092654e-09
10 112 2 4.044751e-09
11 112 2 2.321265e-09
12 112 2 1.426858e-09
1 113 2 6.920983e-10
2 113 2 8.768242e-10
3 113 2 1.473070e-09
4 113 2 2.202842e-09
5 113 2 2.710808e-09
6 113 2 2.366936e-09
7 113 2 2.030971e-09
8 113 2 1.939743e-09
9 113 2 1.918497e-09
10 113 2 1.751771e-09
11 113 2 1.225254e-09
12 113 2 8.275488e-10
1 114 2 1.887554e-09
2 114 2 2.559619e-09
3 114 2 4.560398e-09
4 114 2 6.647621e-09
5 114 2 7.669399e-09
6 114 2 5.614432e-09
7 114 2 4.637141e-09
8 114 2 4.250502e-09
9 114 2 4.101885e-09
10 114 2 3.671263e-09
11 114 2 2.798683e-09
12 114 2 2.073088e-09
1 115 2 6.454334e-10
2 115 2 9.390478e-10
3 115 2 1.488544e-09
4 115 2 1.845180e-09
5 115 2 1.647833e-09
6 115 2 1.529959e-09
7 115 2 1.475617e-09
8 115 2 1.415750e-09
9 115 2 1.302068e-09
10 115 2 1.163597e-09
11 115 2 8.839177e-10
12 115 2 6.341445e-10
1 116 2 4.672780e-10
2 116 2 5.981728e-10
3 116 2 9.147490e-10
4 116 2 1.294794e-09
5 116 2 1.505927e-09
6 116 2 1.714868e-09
7 116 2 1.797839e-09
8 116 2 1.720931e-09
9 116 2 1.394146e-09
10 116 2 1.114588e-09
11 116 2 8.097266e-10
12 116 2 5.334132e-10
1 117 2 6.935580e-10
2 117 2 7.242480e-10
3 117 2 9.146586e-10
4 117 2 1.252050e-09
5 117 2 1.594384e-09
6 117 2 1.888992e-09
7 117 2 2.011029e-09
8 117 2 2.008392e-09
9 117 2 1.832536e-09
10 117 2 1.568762e-09
11 117 2 1.266402e-09
12 117 2 9.148324e-10
1 126 2 8.277364e-12
2 126 2 8.603472e-12
3 126 2 9.324988e-12
4 126 2 9.846619e-12
5 126 2 9.728550e-12
6 126 2 9.041597e-12
7 126 2 8.715575e-12
8 126 2 8.800725e-12
9 126 2 8.754135e-12
10 126 2 8.602338e-12
11 126 2 8.405552e-12
12 126 2 8.278285e-12
1 127 2 8.336898e-10
2 127 2 8.478796e-10
3 127 2 8.949188e-10
4 127 2 9.291158e-10
5 127 2 9.417738e-10
6 127 2 9.122271e-10
7 127 2 9.124789e-10
8 127 2 9.334188e-10
9 127 2 9.234685e-10
10 127 2 8.864578e-10
11 127 2 8.590875e-10
12 127 2 8.484536e-10
1 128 2 3.778299e-09
2 128 2 3.880279e-09
3 128 2 3.983354e-09
4 128 2 3.888430e-09
5 128 2 3.782484e-09
6 128 2 3.668862e-09
7 128 2 3.910329e-09
8 128 2 4.446061e-09
9 128 2 4.674992e-09
10 128 2 4.415750e-09
11 128 2 4.015480e-09
12 128 2 3.783381e-09
1 129 2 1.077799e-10
2 129 2 1.063001e-10
3 129 2 1.089811e-10
4 129 2 1.121415e-10
5 129 2 1.138719e-10
6 129 2 1.169524e-10
7 129 2 1.222037e-10
8 129 2 1.332018e-10
9 129 2 1.391678e-10
10 129 2 1.397809e-10
11 129 2 1.276248e-10
12 129 2 1.133791e-10
1 133 2 2.313530e-09
2 133 2 2.689821e-09
3 133 2 3.228985e-09
4 133 2 3.315314e-09
5 133 2 3.162470e-09
6 133 2 2.906737e-09
7 133 2 2.594290e-09
8 133 2 2.429258e-09
9 133 2 2.533175e-09
10 133 2 2.697928e-09
11 133 2 2.573867e-09
12 133 2 2.252135e-09
1 135 2 1.000621e-10
2 135 2 1.127349e-10
3 135 2 1.340676e-10
4 135 2 1.443846e-10
5 135 2 1.387397e-10
6 135 2 1.237700e-10
7 135 2 1.069251e-10
8 135 2 1.079951e-10
9 135 2 1.147572e-10
10 135 2 1.079225e-10
11 135 2 1.034427e-10
12 135 2 9.717030e-11
1 136 2 1.119196e-10
2 136 2 1.151879e-10
3 136 2 1.424514e-10
4 136 2 1.731775e-10
5 136 2 1.896371e-10
6 136 2 1.730214e-10
7 136 2 1.531037e-10
8 136 2 1.527526e-10
9 136 2 1.535421e-10
10 136 2 1.444367e-10
11 136 2 1.365642e-10
12 136 2 1.212707e-10
1 137 2 2.722594e-11
2 137 2 2.856282e-11
3 137 2 3.274787e-11
4 137 2 3.598510e-11
5 137 2 3.551947e-11
6 137 2 3.268148e-11
7 137 2 3.023385e-11
8 137 2 2.917264e-11
9 137 2 2.919097e-11
10 137 2 3.041025e-11
11 137 2 3.006625e-11
12 137 2 2.834978e-11
1 138 2 1.088543e-09
2 138 2 1.197027e-09
3 138 2 1.388728e-09
4 138 2 1.545568e-09
5 138 2 1.559383e-09
6 138 2 1.370541e-09
7 138 2 1.269675e-09
8 138 2 1.224444e-09
9 138 2 1.227785e-09
10 138 2 1.234940e-09
11 138 2 1.197915e-09
12 138 2 1.110966e-09
1 139 2 1.835730e-09
2 139 2 2.090558e-09
3 139 2 2.335992e-09
4 139 2 2.451790e-09
5 139 2 2.417239e-09
6 139 2 2.251105e-09
7 139 2 2.129886e-09
8 139 2 2.050367e-09
9 139 2 2.023791e-09
10 139 2 2.039502e-09
11 139 2 1.940743e-09
12 139 2 1.776491e-09
1 140 2 6.083107e-10
2 140 2 6.290159e-10
3 140 2 6.831601e-10
4 140 2 7.740091e-10
5 140 2 8.218869e-10
6 140 2 7.894239e-10
7 140 2 7.474561e-10
8 140 2 7.209151e-10
9 140 2 7.104053e-10
10 140 2 7.143316e-10
11 140 2 6.992444e-10
12 140 2 6.519093e-10
1 141 2 9.546046e-10
2 141 2 9.447272e-10
3 141 2 9.717867e-10
4 141 2 1.066528e-09
5 141 2 1.150925e-09
6 141 2 1.138077e-09
7 141 2 1.107302e-09
8 141 2 1.073746e-09
9 141 2 1.064646e-09
10 141 2 1.067149e-09
11 141 2 1.077801e-09
12 141 2 1.046460e-09
1 150 2 1.105070e-12
2 150 2 1.209673e-12
3 150 2 1.294817e-12
4 150 2 1.324056e-12
5 150 2 1.238913e-12
6 150 2 1.092666e-12
7 150 2 9.968158e-13
8 150 2 9.727448e-13
9 150 2 9.412963e-13
10 150 2 9.198803e-13
11 150 2 9.377649e-13
12 150 2 9.977550e-13
1 151 2 7.162223e-10
2 151 2 7.617859e-10
3 151 2 8.077190e-10
4 151 2 8.267647e-10
5 151 2 7.999523e-10
6 151 2 7.530028e-10
7 151 2 7.363647e-10
8 151 2 7.647943e-10
9 151 2 7.281521e-10
10 151 2 6.832955e-10
11 151 2 6.632594e-10
12 151 2 6.798061e-10
1 152 2 5.679602e-10
2 152 2 5.753020e-10
3 152 2 5.806277e-10
4 152 2 5.517463e-10
5 152 2 5.303761e-10
6 152 2 5.209038e-10
7 152 2 5.955323e-10
8 152 2 7.940706e-10
9 152 2 8.429928e-10
10 152 2 7.184906e-10
11 152 2 6.161354e-10
12 152 2 5.697988e-10
1 153 2 6.583808e-10
2 153 2 6.743509e-10
3 153 2 7.114866e-10
4 153 2 6.978745e-10
5 153 2 6.739386e-10
6 153 2 6.616725e-10
7 153 2 7.723821e-10
8 153 2 1.009364e-09
9 153 2 1.227668e-09
10 153 2 1.097283e-09
11 153 2 8.300386e-10
12 153 2 6.925549e-10
1 154 2 1.791039e-09
2 154 2 1.781321e-09
3 154 2 1.853694e-09
4 154 2 1.776182e-09
5 154 2 1.660892e-09
6 154 2 1.493992e-09
7 154 2 1.410721e-09
8 154 2 1.469593e-09
9 154 2 1.656947e-09
10 154 2 1.862112e-09
11 154 2 1.962458e-09
12 154 2 1.897604e-09
1 157 2 7.139785e-11
2 157 2 7.413953e-11
3 157 2 7.937699e-11
4 157 2 7.825879e-11
5 157 2 7.627983e-11
6 157 2 7.171615e-11
7 157 2 6.842743e-11
8 157 2 6.773769e-11
9 157 2 6.724810e-11
10 157 2 6.842066e-11
11 157 2 6.891118e-11
12 157 2 6.981048e-11
1 163 2 3.320658e-10
2 163 2 3.365150e-10
3 163 2 3.465010e-10
4 163 2 3.672933e-10
5 163 2 3.676518e-10
6 163 2 3.399085e-10
7 163 2 3.142443e-10
8 163 2 2.950816e-10
9 163 2 2.993070e-10
10 163 2 3.166553e-10
11 163 2 3.290339e-10
12 163 2 3.316119e-10
1 164 2 1.256289e-09
2 164 2 1.245547e-09
3 164 2 1.280219e-09
4 164 2 1.339943e-09
5 164 2 1.324181e-09
6 164 2 1.224765e-09
7 164 2 1.133628e-09
8 164 2 1.107346e-09
9 164 2 1.185742e-09
10 164 2 1.299033e-09
11 164 2 1.325267e-09
12 164 2 1.303198e-09
1 165 2 5.484135e-10
2 165 2 5.374840e-10
3 165 2 5.442410e-10
4 165 2 5.562789e-10
5 165 2 5.501731e-10
6 165 2 5.062372e-10
7 165 2 4.773125e-10
8 165 2 4.831267e-10
9 165 2 5.149610e-10
10 165 2 5.506048e-10
11 165 2 5.792133e-10
12 165 2 5.798957e-10
1 166 2 2.394022e-10
2 166 2 2.370122e-10
3 166 2 2.330964e-10
4 166 2 2.320028e-10
5 166 2 2.244062e-10
6 166 2 2.075384e-10
7 166 2 1.959791e-10
8 166 2 1.974412e-10
9 166 2 2.048306e-10
10 166 2 2.154668e-10
11 166 2 2.323048e-10
12 166 2 2.440096e-10
1 170 2 1.101553e-11
2 170 2 1.211491e-11
3 170 2 1.190283e-11
4 170 2 1.081903e-11
5 170 2 9.015487e-12
6 170 2 7.580450e-12
7 170 2 7.169919e-12
8 170 2 6.844964e-12
9 170 2 6.960090e-12
10 170 2 7.750011e-12
11 170 2 8.550695e-12
12 170 2 9.846655e-12
1 171 2 3.946529e-11
2 171 2 4.332154e-11
3 171 2 4.384601e-11
4 171 2 3.900908e-11
5 171 2 3.245117e-11
6 171 2 2.780912e-11
7 171 2 2.524769e-11
8 171 2 2.392298e-11
9 171 2 2.427154e-11
10 171 2 2.640066e-11
11 171 2 3.013215e-11
12 171 2 3.559823e-11
1 175 2 1.136105e-12
2 175 2 1.201128e-12
3 175 2 1.204573e-12
4 175 2 1.128226e-12
5 175 2 9.802506e-13
6 175 2 8.932567e-13
7 175 2 8.747225e-13
8 175 2 8.673372e-13
9 175 2 8.067181e-13
10 175 2 8.154778e-13
11 175 2 8.525745e-13
12 175 2 9.945330e-13
1 176 2 1.696828e-08
2 176 2 1.709550e-08
3 176 2 1.673644e-08
4 176 2 1.478191e-08
5 176 2 1.195791e-08
6 176 2 1.083611e-08
7 176 2 1.081635e-08
8 176 2 1.234001e-08
9 176 2 1.343955e-08
10 176 2 1.434327e-08
11 176 2 1.531038e-08
12 176 2 1.626338e-08
1 177 2 8.608701e-09
2 177 2 8.365307e-09
3 177 2 7.898409e-09
4 177 2 6.906632e-09
5 177 2 5.647743e-09
6 177 2 4.822695e-09
7 177 2 5.017941e-09
8 177 2 6.012416e-09
9 177 2 7.556667e-09
10 177 2 7.858644e-09
11 177 2 8.018044e-09
12 177 2 8.034426e-09
1 178 2 1.310278e-09
2 178 2 1.294964e-09
3 178 2 1.241318e-09
4 178 2 1.040424e-09
5 178 2 9.059019e-10
6 178 2 7.656887e-10
7 178 2 7.292700e-10
8 178 2 7.346373e-10
9 178 2 8.378353e-10
10 178 2 9.014870e-10
11 178 2 1.018178e-09
12 178 2 1.130392e-09
1 181 2 1.601445e-11
2 181 2 1.691480e-11
3 181 2 1.714773e-11
4 181 2 1.639552e-11
5 181 2 1.352120e-11
6 181 2 1.169173e-11
7 181 2 1.033790e-11
8 181 2 1.058000e-11
9 181 2 1.146235e-11
10 181 2 1.241159e-11
11 181 2 1.405629e-11
12 181 2 1.496588e-11
1 182 2 1.913156e-09
2 182 2 1.768346e-09
3 182 2 1.667471e-09
4 182 2 1.392901e-09
5 182 2 1.090765e-09
6 182 2 8.158271e-10
7 182 2 8.088909e-10
8 182 2 1.124054e-09
9 182 2 1.559746e-09
10 182 2 1.912973e-09
11 182 2 2.114228e-09
12 182 2 2.029347e-09
1 183 2 4.069117e-10
2 183 2 3.909069e-10
3 183 2 3.731940e-10
4 183 2 3.383850e-10
5 183 2 2.847112e-10
6 183 2 2.310769e-10
7 183 2 2.149928e-10
8 183 2 2.552958e-10
9 183 2 2.968394e-10
10 183 2 3.511607e-10
11 183 2 3.823074e-10
12 183 2 3.932278e-10
1 184 2 1.269948e-10
2 184 2 1.286785e-10
3 184 2 1.246231e-10
4 184 2 1.121527e-10
5 184 2 9.323784e-11
6 184 2 7.535375e-11
7 184 2 6.795014e-11
8 184 2 7.096727e-11
9 184 2 7.517797e-11
10 184 2 8.633243e-11
11 184 2 1.010147e-10
12 184 2 1.151345e-10
1 188 2 2.099381e-11
2 188 2 2.081077e-11
3 188 2 1.928972e-11
4 188 2 1.575137e-11
5 188 2 1.113244e-11
6 188 2 8.467726e-12
7 188 2 7.286409e-12
8 188 2 7.411931e-12
9 188 2 1.003942e-11
10 188 2 1.319321e-11
11 188 2 1.571181e-11
12 188 2 1.959685e-11
1 189 2 1.830916e-11
2 189 2 1.692136e-11
3 189 2 1.534918e-11
4 189 2 1.134532e-11
5 189 2 7.511620e-12
6 189 2 5.311936e-12
7 189 2 5.050515e-12
8 189 2 6.203705e-12
9 189 2 9.979745e-12
10 189 2 1.420970e-11
11 189 2 1.728373e-11
12 189 2 1.806141e-11
1 190 2 7.496875e-11
2 190 2 7.103427e-11
3 190 2 6.165790e-11
4 190 2 4.367100e-11
5 190 2 3.046925e-11
6 190 2 2.210370e-11
7 190 2 2.076891e-11
8 190 2 2.503686e-11
9 190 2 3.516707e-11
10 190 2 4.794121e-11
11 190 2 6.281829e-11
12 190 2 7.048097e-11
1 191 2 5.769502e-11
2 191 2 5.978728e-11
3 191 2 5.811352e-11
4 191 2 4.800830e-11
5 191 2 3.947812e-11
6 191 2 3.243059e-11
7 191 2 2.851194e-11
8 191 2 2.895636e-11
9 191 2 3.159197e-11
10 191 2 3.545875e-11
11 191 2 4.361054e-11
12 191 2 5.130740e-11
1 192 2 7.595631e-11
2 192 2 8.208766e-11
3 192 2 7.997872e-11
4 192 2 6.924960e-11
5 192 2 5.852635e-11
6 192 2 4.983284e-11
7 192 2 4.379315e-11
8 192 2 4.069412e-11
9 192 2 4.190056e-11
10 192 2 4.601161e-11
11 192 2 5.492597e-11
12 192 2 6.595407e-11
1 200 2 8.795021e-08
2 200 2 9.047889e-08
3 200 2 7.399187e-08
4 200 2 4.891391e-08
5 200 2 3.201661e-08
6 200 2 2.607456e-08
7 200 2 2.477219e-08
8 200 2 2.671470e-08
9 200 2 2.959126e-08
10 200 2 3.783387e-08
11 200 2 5.257574e-08
12 200 2 7.243868e-08
1 201 2 5.019078e-08
2 201 2 5.178648e-08
3 201 2 4.740745e-08
4 201 2 3.649087e-08
5 201 2 2.749936e-08
6 201 2 2.275098e-08
7 201 2 2.150095e-08
8 201 2 2.224077e-08
9 201 2 2.201171e-08
10 201 2 2.619108e-08
11 201 2 3.338659e-08
12 201 2 4.158197e-08
1 206 2 1.271713e-09
2 206 2 1.373616e-09
3 206 2 1.242755e-09
4 206 2 1.060499e-09
5 206 2 8.770275e-10
6 206 2 7.646939e-10
7 206 2 6.558741e-10
8 206 2 6.439854e-10
9 206 2 6.971074e-10
10 206 2 7.890862e-10
11 206 2 9.249911e-10
12 206 2 1.089735e-09
1 207 2 4.824137e-11
2 207 2 5.267352e-11
3 207 2 4.995444e-11
4 207 2 4.529623e-11
5 207 2 4.017108e-11
6 207 2 3.445456e-11
7 207 2 3.036860e-11
8 207 2 2.990533e-11
9 207 2 3.017257e-11
10 207 2 3.323400e-11
11 207 2 3.581640e-11
12 207 2 4.097174e-11
1 212 2 2.952965e-11
2 212 2 3.152108e-11
3 212 2 2.797804e-11
4 212 2 2.352088e-11
5 212 2 1.833266e-11
6 212 2 1.479598e-11
7 212 2 1.228150e-11
8 212 2 1.186996e-11
9 212 2 1.348103e-11
10 212 2 1.590698e-11
11 212 2 1.886845e-11
12 212 2 2.494770e-11
1 213 2 6.434024e-12
2 213 2 7.031905e-12
3 213 2 5.959262e-12
4 213 2 5.042812e-12
5 213 2 3.891203e-12
6 213 2 2.999570e-12
7 213 2 2.545756e-12
8 213 2 2.485275e-12
9 213 2 2.993619e-12
10 213 2 3.689289e-12
11 213 2 4.530401e-12
12 213 2 5.543932e-12
1 214 2 2.287862e-10
2 214 2 2.425420e-10
3 214 2 1.948674e-10
4 214 2 1.447348e-10
5 214 2 1.069856e-10
6 214 2 7.884350e-11
7 214 2 6.827967e-11
8 214 2 7.039117e-11
9 214 2 8.885383e-11
10 214 2 1.191226e-10
11 214 2 1.630680e-10
12 214 2 1.977731e-10
1 215 2 8.482028e-11
2 215 2 8.724896e-11
3 215 2 8.134630e-11
4 215 2 6.482956e-11
5 215 2 5.265815e-11
6 215 2 4.230972e-11
7 215 2 3.656145e-11
8 215 2 3.665136e-11
9 215 2 4.121691e-11
10 215 2 4.903488e-11
11 215 2 6.174167e-11
12 215 2 7.458734e-11
1 216 2 2.134891e-09
2 216 2 2.228983e-09
3 216 2 2.090237e-09
4 216 2 1.699241e-09
5 216 2 1.360655e-09
6 216 2 1.170528e-09
7 216 2 1.028589e-09
8 216 2 9.835216e-10
9 216 2 1.020578e-09
10 216 2 1.159983e-09
11 216 2 1.395263e-09
12 216 2 1.793165e-09
1 224 2 2.570718e-09
2 224 2 2.810404e-09
3 224 2 2.452420e-09
4 224 2 2.111902e-09
5 224 2 1.705400e-09
6 224 2 1.449259e-09
7 224 2 1.316638e-09
8 224 2 1.375213e-09
9 224 2 1.414250e-09
10 224 2 1.668040e-09
11 224 2 1.991969e-09
12 224 2 2.376577e-09
1 240 2 1.319600e-10
2 240 2 1.345984e-10
3 240 2 1.230869e-10
4 240 2 1.087050e-10
5 240 2 9.447867e-11
6 240 2 8.149114e-11
7 240 2 7.983804e-11
8 240 2 8.230839e-11
9 240 2 8.012227e-11
10 240 2 8.628332e-11
11 240 2 9.480418e-11
12 240 2 1.174933e-10
