1 7 2 3.508088e-13
2 7 2 2.996921e-13
3 7 2 3.277568e-13
4 7 2 8.471168e-13
5 7 2 2.914689e-12
6 7 2 7.850351e-12
7 7 2 1.062176e-11
8 7 2 7.242014e-12
9 7 2 3.131928e-12
10 7 2 1.373028e-12
11 7 2 7.274492e-13
12 7 2 4.291476e-13
1 25 2 1.964086e-10
2 25 2 1.864892e-10
3 25 2 2.627325e-10
4 25 2 4.794284e-10
5 25 2 1.341210e-09
6 25 2 2.432113e-09
7 25 2 2.948433e-09
8 25 2 2.260927e-09
9 25 2 1.277544e-09
10 25 2 5.978441e-10
11 25 2 2.850590e-10
12 25 2 1.650768e-10
1 26 2 1.004704e-12
2 26 2 8.268809e-13
3 26 2 1.367315e-12
4 26 2 3.051960e-12
5 26 2 8.596901e-12
6 26 2 1.641984e-11
7 26 2 1.781548e-11
8 26 2 1.332960e-11
9 26 2 7.290588e-12
10 26 2 2.934746e-12
11 26 2 1.533285e-12
12 26 2 9.479525e-13
1 27 2 6.510311e-11
2 27 2 5.748021e-11
3 27 2 1.007625e-10
4 27 2 2.566297e-10
5 27 2 7.226885e-10
6 27 2 1.493885e-09
7 27 2 1.684849e-09
8 27 2 1.268142e-09
9 27 2 6.553308e-10
10 27 2 2.460925e-10
11 27 2 1.304203e-10
12 27 2 8.067390e-11
1 28 2 3.639755e-11
2 28 2 3.312274e-11
3 28 2 5.570671e-11
4 28 2 1.514241e-10
5 28 2 4.324085e-10
6 28 2 9.257796e-10
7 28 2 1.103744e-09
8 28 2 8.316837e-10
9 28 2 4.278358e-10
10 28 2 1.666213e-10
11 28 2 8.317976e-11
12 28 2 5.185796e-11
1 29 2 4.883048e-11
2 29 2 4.619378e-11
3 29 2 7.358899e-11
4 29 2 2.212699e-10
5 29 2 6.616942e-10
6 29 2 1.628489e-09
7 29 2 2.218378e-09
8 29 2 1.650489e-09
9 29 2 7.579865e-10
10 29 2 2.809380e-10
11 29 2 1.328005e-10
12 29 2 8.289991e-11
1 30 2 1.106557e-11
2 30 2 9.677531e-12
3 30 2 1.538098e-11
4 30 2 4.707685e-11
5 30 2 1.304102e-10
6 30 2 3.546649e-10
7 30 2 5.140700e-10
8 30 2 3.936782e-10
9 30 2 1.781258e-10
10 30 2 6.972166e-11
11 30 2 3.216068e-11
12 30 2 1.926098e-11
1 31 2 1.975433e-11
2 31 2 1.522237e-11
3 31 2 2.312464e-11
4 31 2 6.436354e-11
5 31 2 1.662179e-10
6 31 2 4.376433e-10
7 31 2 6.171742e-10
8 31 2 4.981677e-10
9 31 2 2.492166e-10
10 31 2 1.141289e-10
11 31 2 5.479582e-11
12 31 2 3.053478e-11
1 32 2 2.335533e-11
2 32 2 1.933372e-11
3 32 2 2.702520e-11
4 32 2 6.005107e-11
5 32 2 1.603883e-10
6 32 2 3.799284e-10
7 32 2 4.901528e-10
8 32 2 4.048882e-10
9 32 2 2.260942e-10
10 32 2 1.165538e-10
11 32 2 6.023026e-11
12 32 2 3.123603e-11
1 35 2 1.646791e-09
2 35 2 1.569144e-09
3 35 2 1.704555e-09
4 35 2 2.271473e-09
5 35 2 3.560837e-09
6 35 2 5.438176e-09
7 35 2 6.543795e-09
8 35 2 6.008937e-09
9 35 2 4.083905e-09
10 35 2 2.952658e-09
11 35 2 2.236481e-09
12 35 2 1.816938e-09
1 36 2 1.977616e-10
2 36 2 1.856597e-10
3 36 2 2.057658e-10
4 36 2 2.471428e-10
5 36 2 3.380088e-10
6 36 2 4.876056e-10
7 36 2 5.742616e-10
8 36 2 5.850159e-10
9 36 2 4.465601e-10
10 36 2 3.498618e-10
11 36 2 2.677793e-10
12 36 2 2.218778e-10
1 37 2 4.560358e-09
2 37 2 4.413793e-09
3 37 2 5.561585e-09
4 37 2 7.151451e-09
5 37 2 1.081163e-08
6 37 2 1.639818e-08
7 37 2 1.907192e-08
8 37 2 1.874815e-08
9 37 2 1.379690e-08
10 37 2 1.034526e-08
11 37 2 7.291455e-09
12 37 2 5.585876e-09
1 38 2 2.354756e-08
2 38 2 2.352644e-08
3 38 2 3.583943e-08
4 38 2 5.313786e-08
5 38 2 9.701597e-08
6 38 2 1.721474e-07
7 38 2 2.040741e-07
8 38 2 1.769915e-07
9 38 2 1.143230e-07
10 38 2 7.813968e-08
11 38 2 4.465055e-08
12 38 2 3.222156e-08
1 39 2 2.532429e-08
2 39 2 2.638282e-08
3 39 2 4.273472e-08
4 39 2 6.598596e-08
5 39 2 1.280346e-07
6 39 2 2.475232e-07
7 39 2 3.073545e-07
8 39 2 2.488397e-07
9 39 2 1.568467e-07
10 39 2 9.904682e-08
11 39 2 5.013535e-08
12 39 2 3.659518e-08
1 40 2 6.274897e-09
2 40 2 6.884650e-09
3 40 2 1.227867e-08
4 40 2 2.064757e-08
5 40 2 4.513661e-08
6 40 2 1.024800e-07
7 40 2 1.282183e-07
8 40 2 9.405772e-08
9 40 2 5.793860e-08
10 40 2 3.121786e-08
11 40 2 1.337283e-08
12 40 2 9.962340e-09
1 41 2 3.340867e-09
2 41 2 3.571554e-09
3 41 2 7.157275e-09
4 41 2 1.274761e-08
5 41 2 3.197289e-08
6 41 2 8.113448e-08
7 41 2 1.049020e-07
8 41 2 7.357782e-08
9 41 2 4.111869e-08
10 41 2 1.782122e-08
11 41 2 6.846436e-09
12 41 2 5.706416e-09
1 42 2 1.810300e-09
2 42 2 1.893610e-09
3 42 2 4.083545e-09
4 42 2 8.055576e-09
5 42 2 2.290065e-08
6 42 2 6.351954e-08
7 42 2 8.891991e-08
8 42 2 5.938212e-08
9 42 2 2.812054e-08
10 42 2 1.006404e-08
11 42 2 3.752066e-09
12 42 2 3.078025e-09
1 43 2 5.074580e-11
2 43 2 5.261685e-11
3 43 2 1.241485e-10
4 43 2 3.029259e-10
5 43 2 1.013949e-09
6 43 2 2.990293e-09
7 43 2 4.371394e-09
8 43 2 2.744058e-09
9 43 2 1.122096e-09
10 43 2 3.445121e-10
11 43 2 1.174860e-10
12 43 2 8.232335e-11
1 44 2 2.097224e-10
2 44 2 2.107238e-10
3 44 2 4.583566e-10
4 44 2 1.239156e-09
5 44 2 4.629447e-09
6 44 2 1.458892e-08
7 44 2 2.132251e-08
8 44 2 1.285734e-08
9 44 2 4.634879e-09
10 44 2 1.373221e-09
11 44 2 4.506949e-10
12 44 2 3.047204e-10
1 45 2 4.821750e-10
2 45 2 5.403772e-10
3 45 2 9.846609e-10
4 45 2 2.903843e-09
5 45 2 1.216073e-08
6 45 2 4.035057e-08
7 45 2 5.644992e-08
8 45 2 3.437229e-08
9 45 2 1.181986e-08
10 45 2 3.017856e-09
11 45 2 8.747467e-10
12 45 2 5.716912e-10
1 46 2 2.185242e-10
2 46 2 2.749088e-10
3 46 2 4.321358e-10
4 46 2 1.199997e-09
5 46 2 4.712340e-09
6 46 2 1.461715e-08
7 46 2 2.044836e-08
8 46 2 1.281318e-08
9 46 2 4.812996e-09
10 46 2 1.166613e-09
11 46 2 3.207480e-10
12 46 2 2.287381e-10
1 47 2 2.871470e-10
2 47 2 3.654341e-10
3 47 2 5.149538e-10
4 47 2 1.153768e-09
5 47 2 3.932618e-09
6 47 2 1.083436e-08
7 47 2 1.469370e-08
8 47 2 9.963382e-09
9 47 2 4.220792e-09
10 47 2 1.301854e-09
11 47 2 3.840810e-10
12 47 2 2.919526e-10
1 48 2 3.888691e-10
2 48 2 4.467088e-10
3 48 2 6.144229e-10
4 48 2 1.199838e-09
5 48 2 3.723328e-09
6 48 2 8.564293e-09
7 48 2 1.138115e-08
8 48 2 8.007291e-09
9 48 2 3.811794e-09
10 48 2 1.421172e-09
11 48 2 5.116039e-10
12 48 2 3.392646e-10
1 49 2 5.221448e-13
2 49 2 4.751057e-13
3 49 2 5.389092e-13
4 49 2 6.307455e-13
5 49 2 9.021005e-13
6 49 2 1.372494e-12
7 49 2 2.046848e-12
8 49 2 1.924773e-12
9 49 2 1.342507e-12
10 49 2 9.606931e-13
11 49 2 7.013837e-13
12 49 2 5.116582e-13
1 50 2 2.131223e-12
2 50 2 1.839670e-12
3 50 2 2.156378e-12
4 50 2 2.458047e-12
5 50 2 3.459530e-12
6 50 2 5.076813e-12
7 50 2 7.006748e-12
8 50 2 6.738130e-12
9 50 2 4.879019e-12
10 50 2 3.477970e-12
11 50 2 2.603889e-12
12 50 2 2.050278e-12
1 51 2 1.347244e-12
2 51 2 1.229571e-12
3 51 2 1.336065e-12
4 51 2 1.542261e-12
5 51 2 2.102140e-12
6 51 2 2.948085e-12
7 51 2 3.841785e-12
8 51 2 3.809884e-12
9 51 2 3.165455e-12
10 51 2 2.226500e-12
11 51 2 1.668680e-12
12 51 2 1.398405e-12
1 52 2 2.379513e-08
2 52 2 2.501073e-08
3 52 2 3.141916e-08
4 52 2 4.580485e-08
5 52 2 7.746203e-08
6 52 2 1.066051e-07
7 52 2 1.367408e-07
8 52 2 1.278995e-07
9 52 2 1.032452e-07
10 52 2 5.898040e-08
11 52 2 3.550042e-08
12 52 2 2.737624e-08
1 53 2 1.173968e-08
2 53 2 1.472901e-08
3 53 2 2.495405e-08
4 53 2 5.446723e-08
5 53 2 1.037223e-07
6 53 2 1.548838e-07
7 53 2 2.149970e-07
8 53 2 1.832025e-07
9 53 2 1.239929e-07
10 53 2 5.468607e-08
11 53 2 2.439146e-08
12 53 2 1.545298e-08
1 54 2 3.343660e-09
2 54 2 4.337582e-09
3 54 2 8.111455e-09
4 54 2 2.015617e-08
5 54 2 3.970137e-08
6 54 2 7.668493e-08
7 54 2 1.089346e-07
8 54 2 9.134445e-08
9 54 2 5.539897e-08
10 54 2 2.356104e-08
11 54 2 1.009934e-08
12 54 2 5.570991e-09
1 55 2 4.872116e-09
2 55 2 5.433709e-09
3 55 2 1.013643e-08
4 55 2 2.373497e-08
5 55 2 4.709981e-08
6 55 2 1.005863e-07
7 55 2 1.398225e-07
8 55 2 1.205848e-07
9 55 2 7.646707e-08
10 55 2 3.666474e-08
11 55 2 1.715403e-08
12 55 2 9.822446e-09
1 56 2 2.113614e-08
2 56 2 2.193470e-08
3 56 2 3.799148e-08
4 56 2 8.471559e-08
5 56 2 1.851769e-07
6 56 2 3.650245e-07
7 56 2 5.046783e-07
8 56 2 4.188575e-07
9 56 2 2.737752e-07
10 56 2 1.410589e-07
11 56 2 6.359459e-08
12 56 2 3.647211e-08
1 57 2 4.354999e-09
2 57 2 4.155100e-09
3 57 2 5.110537e-09
4 57 2 7.756995e-09
5 57 2 1.297867e-08
6 57 2 2.111791e-08
7 57 2 3.007215e-08
8 57 2 2.710235e-08
9 57 2 2.016417e-08
10 57 2 1.295241e-08
11 57 2 7.920468e-09
12 57 2 5.692082e-09
1 60 2 1.145752e-07
2 60 2 1.109557e-07
3 60 2 1.272442e-07
4 60 2 1.509097e-07
5 60 2 1.860597e-07
6 60 2 2.448533e-07
7 60 2 2.850582e-07
8 60 2 2.851781e-07
9 60 2 2.420147e-07
10 60 2 1.975643e-07
11 60 2 1.580053e-07
12 60 2 1.309702e-07
1 61 2 3.655331e-07
2 61 2 3.677318e-07
3 61 2 5.172086e-07
4 61 2 7.790253e-07
5 61 2 1.136360e-06
6 61 2 1.600948e-06
7 61 2 1.894566e-06
8 61 2 1.822730e-06
9 61 2 1.416309e-06
10 61 2 9.633818e-07
11 61 2 6.284724e-07
12 61 2 4.408052e-07
1 62 2 1.245568e-07
2 62 2 1.364190e-07
3 62 2 2.147484e-07
4 62 2 3.887601e-07
5 62 2 6.668074e-07
6 62 2 9.459195e-07
7 62 2 1.156668e-06
8 62 2 1.079708e-06
9 62 2 7.523646e-07
10 62 2 4.486643e-07
11 62 2 2.436446e-07
12 62 2 1.585569e-07
1 63 2 2.934560e-07
2 63 2 3.562431e-07
3 63 2 5.960882e-07
4 63 2 1.253724e-06
5 63 2 2.406103e-06
6 63 2 3.577056e-06
7 63 2 4.574190e-06
8 63 2 3.980442e-06
9 63 2 2.431129e-06
10 63 2 1.327666e-06
11 63 2 6.132586e-07
12 63 2 4.014650e-07
1 64 2 9.262531e-08
2 64 2 1.186627e-07
3 64 2 2.259624e-07
4 64 2 5.352294e-07
5 64 2 1.146293e-06
6 64 2 1.836099e-06
7 64 2 2.327295e-06
8 64 2 1.819425e-06
9 64 2 1.041776e-06
10 64 2 4.605460e-07
11 64 2 2.104469e-07
12 64 2 1.440210e-07
1 65 2 3.133519e-08
2 65 2 3.885583e-08
3 65 2 8.512582e-08
4 65 2 2.400578e-07
5 65 2 5.033247e-07
6 65 2 8.554192e-07
7 65 2 1.108745e-06
8 65 2 8.275070e-07
9 65 2 4.693358e-07
10 65 2 1.665468e-07
11 65 2 7.331715e-08
12 65 2 5.313284e-08
1 66 2 2.074667e-08
2 66 2 2.564936e-08
3 66 2 6.097587e-08
4 66 2 2.000416e-07
5 66 2 4.159436e-07
6 66 2 7.152338e-07
7 66 2 9.864267e-07
8 66 2 7.457396e-07
9 66 2 4.218528e-07
10 66 2 1.397647e-07
11 66 2 5.355991e-08
12 66 2 3.322217e-08
1 67 2 7.003352e-09
2 67 2 9.338645e-09
3 67 2 2.374823e-08
4 67 2 8.772804e-08
5 67 2 1.990499e-07
6 67 2 3.394810e-07
7 67 2 4.746318e-07
8 67 2 3.652681e-07
9 67 2 1.997762e-07
10 67 2 7.346703e-08
11 67 2 2.323083e-08
12 67 2 1.045607e-08
1 68 2 1.685150e-09
2 68 2 2.262703e-09
3 68 2 6.720100e-09
4 68 2 3.088912e-08
5 68 2 8.417682e-08
6 68 2 1.613089e-07
7 68 2 2.312864e-07
8 68 2 1.720155e-07
9 68 2 8.255193e-08
10 68 2 3.032859e-08
11 68 2 6.915993e-09
12 68 2 2.406525e-09
1 69 2 1.020783e-09
2 69 2 1.447280e-09
3 69 2 3.461072e-09
4 69 2 1.517701e-08
5 69 2 4.866579e-08
6 69 2 1.151731e-07
7 69 2 1.687276e-07
8 69 2 1.298861e-07
9 69 2 5.579823e-08
10 69 2 1.814343e-08
11 69 2 3.515542e-09
12 69 2 1.322072e-09
1 70 2 4.270611e-09
2 70 2 4.991527e-09
3 70 2 7.152714e-09
4 70 2 1.866106e-08
5 70 2 4.679601e-08
6 70 2 1.136340e-07
7 70 2 1.839375e-07
8 70 2 1.676413e-07
9 70 2 8.655876e-08
10 70 2 3.085379e-08
11 70 2 9.383882e-09
12 70 2 5.282445e-09
1 71 2 3.637873e-09
2 71 2 3.691590e-09
3 71 2 4.177315e-09
4 71 2 6.703327e-09
5 71 2 1.298185e-08
6 71 2 2.708137e-08
7 71 2 4.156140e-08
8 71 2 4.132245e-08
9 71 2 2.651210e-08
10 71 2 1.262736e-08
11 71 2 6.032410e-09
12 71 2 4.189713e-09
1 72 2 1.529056e-11
2 72 2 1.460382e-11
3 72 2 1.582172e-11
4 72 2 2.017285e-11
5 72 2 3.138746e-11
6 72 2 5.461523e-11
7 72 2 8.459274e-11
8 72 2 8.135838e-11
9 72 2 5.692104e-11
10 72 2 3.451370e-11
11 72 2 2.126519e-11
12 72 2 1.518614e-11
1 76 2 7.451152e-10
2 76 2 6.817038e-10
3 76 2 6.885649e-10
4 76 2 7.489945e-10
5 76 2 1.018271e-09
6 76 2 1.451989e-09
7 76 2 1.947037e-09
8 76 2 2.077845e-09
9 76 2 1.979782e-09
10 76 2 1.322099e-09
11 76 2 8.534706e-10
12 76 2 7.464342e-10
1 77 2 7.601872e-10
2 77 2 9.870970e-10
3 77 2 1.293038e-09
4 77 2 2.089833e-09
5 77 2 3.508915e-09
6 77 2 5.417399e-09
7 77 2 7.360783e-09
8 77 2 6.986577e-09
9 77 2 5.175359e-09
10 77 2 2.614653e-09
11 77 2 1.147317e-09
12 77 2 7.231484e-10
1 78 2 8.307094e-10
2 78 2 1.135047e-09
3 78 2 1.580621e-09
4 78 2 2.835011e-09
5 78 2 4.433138e-09
6 78 2 7.038286e-09
7 78 2 8.687984e-09
8 78 2 8.135243e-09
9 78 2 5.274802e-09
10 78 2 2.797331e-09
11 78 2 1.510619e-09
12 78 2 8.721315e-10
1 79 2 4.867675e-08
2 79 2 5.972717e-08
3 79 2 8.769672e-08
4 79 2 1.454596e-07
5 79 2 2.209934e-07
6 79 2 3.610304e-07
7 79 2 4.423977e-07
8 79 2 4.190934e-07
9 79 2 2.893865e-07
10 79 2 1.746868e-07
11 79 2 9.952753e-08
12 79 2 6.096873e-08
1 80 2 5.906162e-09
2 80 2 5.917693e-09
3 80 2 7.435952e-09
4 80 2 1.005426e-08
5 80 2 1.499504e-08
6 80 2 2.281441e-08
7 80 2 2.937701e-08
8 80 2 2.908276e-08
9 80 2 2.413816e-08
10 80 2 1.692337e-08
11 80 2 9.872419e-09
12 80 2 7.297361e-09
1 81 2 6.579916e-14
2 81 2 5.962990e-14
3 81 2 6.280647e-14
4 81 2 7.447308e-14
5 81 2 1.072406e-13
6 81 2 1.445036e-13
7 81 2 1.928151e-13
8 81 2 2.068864e-13
9 81 2 1.881243e-13
10 81 2 1.443465e-13
11 81 2 9.541853e-14
12 81 2 7.811878e-14
1 84 2 1.387616e-08
2 84 2 1.467059e-08
3 84 2 1.814459e-08
4 84 2 2.292909e-08
5 84 2 3.074099e-08
6 84 2 5.037134e-08
7 84 2 6.746351e-08
8 84 2 6.464680e-08
9 84 2 4.850751e-08
10 84 2 3.061311e-08
11 84 2 2.056518e-08
12 84 2 1.570958e-08
1 85 2 5.301610e-08
2 85 2 5.970032e-08
3 85 2 7.762004e-08
4 85 2 1.127747e-07
5 85 2 1.805277e-07
6 85 2 2.757843e-07
7 85 2 3.815733e-07
8 85 2 3.629939e-07
9 85 2 2.613803e-07
10 85 2 1.441789e-07
11 85 2 8.131083e-08
12 85 2 5.899921e-08
1 86 2 1.617260e-08
2 86 2 1.831077e-08
3 86 2 2.339982e-08
4 86 2 3.398882e-08
5 86 2 5.462675e-08
6 86 2 7.926221e-08
7 86 2 1.088852e-07
8 86 2 1.092414e-07
9 86 2 8.085945e-08
10 86 2 4.688950e-08
11 86 2 2.582905e-08
12 86 2 1.845984e-08
1 87 2 3.609300e-08
2 87 2 4.882968e-08
3 87 2 6.971982e-08
4 87 2 1.102112e-07
5 87 2 1.933508e-07
6 87 2 2.906308e-07
7 87 2 3.940054e-07
8 87 2 4.014783e-07
9 87 2 2.910737e-07
10 87 2 1.638822e-07
11 87 2 7.200551e-08
12 87 2 4.376840e-08
1 88 2 1.277055e-08
2 88 2 1.813521e-08
3 88 2 2.843868e-08
4 88 2 5.395936e-08
5 88 2 1.107405e-07
6 88 2 1.740537e-07
7 88 2 2.228999e-07
8 88 2 1.955007e-07
9 88 2 1.263326e-07
10 88 2 5.970242e-08
11 88 2 3.060758e-08
12 88 2 1.700139e-08
1 89 2 8.076250e-09
2 89 2 1.123706e-08
3 89 2 2.132758e-08
4 89 2 4.011354e-08
5 89 2 8.005118e-08
6 89 2 1.195872e-07
7 89 2 1.395061e-07
8 89 2 1.221741e-07
9 89 2 7.973149e-08
10 89 2 3.794186e-08
11 89 2 2.087751e-08
12 89 2 1.155579e-08
1 90 2 6.862043e-09
2 90 2 9.043945e-09
3 90 2 1.794674e-08
4 90 2 3.221058e-08
5 90 2 4.945746e-08
6 90 2 6.546525e-08
7 90 2 7.352151e-08
8 90 2 6.802776e-08
9 90 2 4.957571e-08
10 90 2 2.956981e-08
11 90 2 1.630341e-08
12 90 2 9.281173e-09
1 91 2 3.813166e-12
2 91 2 5.395462e-12
3 91 2 1.127231e-11
4 91 2 2.130113e-11
5 91 2 3.143714e-11
6 91 2 3.995954e-11
7 91 2 4.486875e-11
8 91 2 4.114895e-11
9 91 2 2.958694e-11
10 91 2 1.831439e-11
11 91 2 9.491969e-12
12 91 2 4.872764e-12
1 92 2 2.046128e-11
2 92 2 2.922769e-11
3 92 2 7.326646e-11
4 92 2 1.747968e-10
5 92 2 3.296414e-10
6 92 2 5.051266e-10
7 92 2 6.063364e-10
8 92 2 5.518633e-10
9 92 2 3.452511e-10
10 92 2 1.834898e-10
11 92 2 7.196485e-11
12 92 2 3.089274e-11
1 93 2 2.221655e-08
2 93 2 2.680625e-08
3 93 2 5.511508e-08
4 93 2 1.284518e-07
5 93 2 2.291508e-07
6 93 2 3.636462e-07
7 93 2 4.878124e-07
8 93 2 4.795612e-07
9 93 2 3.225552e-07
10 93 2 1.857526e-07
11 93 2 7.954938e-08
12 93 2 3.313391e-08
1 94 2 2.457762e-08
2 94 2 2.445372e-08
3 94 2 3.265163e-08
4 94 2 5.786470e-08
5 94 2 9.877152e-08
6 94 2 1.555279e-07
7 94 2 2.148611e-07
8 94 2 2.341510e-07
9 94 2 1.928738e-07
10 94 2 1.164182e-07
11 94 2 6.248455e-08
12 94 2 3.414006e-08
1 98 2 9.418808e-11
2 98 2 8.767661e-11
3 98 2 8.256111e-11
4 98 2 8.790380e-11
5 98 2 9.976478e-11
6 98 2 1.141604e-10
7 98 2 1.284070e-10
8 98 2 1.353347e-10
9 98 2 1.335451e-10
10 98 2 1.262358e-10
11 98 2 1.135482e-10
12 98 2 1.033301e-10
1 101 2 3.726088e-10
2 101 2 3.828682e-10
3 101 2 3.923408e-10
4 101 2 4.838157e-10
5 101 2 6.221965e-10
6 101 2 7.264793e-10
7 101 2 7.754751e-10
8 101 2 7.770532e-10
9 101 2 7.470330e-10
10 101 2 6.405042e-10
11 101 2 4.925303e-10
12 101 2 3.950444e-10
1 102 2 2.385798e-09
2 102 2 2.696815e-09
3 102 2 3.314436e-09
4 102 2 4.145693e-09
5 102 2 4.797548e-09
6 102 2 5.237384e-09
7 102 2 5.384866e-09
8 102 2 5.452908e-09
9 102 2 4.914593e-09
10 102 2 3.786207e-09
11 102 2 3.038905e-09
12 102 2 2.490761e-09
1 103 2 1.331802e-09
2 103 2 1.359115e-09
3 103 2 1.481265e-09
4 103 2 1.673773e-09
5 103 2 1.949242e-09
6 103 2 2.230658e-09
7 103 2 2.413288e-09
8 103 2 2.532692e-09
9 103 2 2.484047e-09
10 103 2 2.170842e-09
11 103 2 1.785858e-09
12 103 2 1.484882e-09
1 104 2 6.256191e-10
2 104 2 6.003282e-10
3 104 2 6.068512e-10
4 104 2 6.653248e-10
5 104 2 7.779718e-10
6 104 2 8.927603e-10
7 104 2 1.001968e-09
8 104 2 1.082369e-09
9 104 2 1.091082e-09
10 104 2 1.019286e-09
11 104 2 8.384547e-10
12 104 2 6.942395e-10
1 107 2 2.274110e-10
2 107 2 2.399145e-10
3 107 2 2.801088e-10
4 107 2 3.209738e-10
5 107 2 3.599519e-10
6 107 2 4.608249e-10
7 107 2 5.037012e-10
8 107 2 5.016631e-10
9 107 2 4.696317e-10
10 107 2 4.017005e-10
11 107 2 3.193372e-10
12 107 2 2.497337e-10
1 108 2 3.030178e-11
2 108 2 3.872571e-11
3 108 2 5.625325e-11
4 108 2 8.712399e-11
5 108 2 1.352397e-10
6 108 2 1.856207e-10
7 108 2 1.987014e-10
8 108 2 1.756102e-10
9 108 2 1.420963e-10
10 108 2 9.803664e-11
11 108 2 5.106713e-11
12 108 2 3.250922e-11
1 109 2 5.754428e-11
2 109 2 7.600761e-11
3 109 2 1.188808e-10
4 109 2 2.063075e-10
5 109 2 3.515033e-10
6 109 2 4.430877e-10
7 109 2 4.502171e-10
8 109 2 4.138760e-10
9 109 2 3.323543e-10
10 109 2 2.332011e-10
11 109 2 1.037220e-10
12 109 2 6.059057e-11
1 110 2 2.531932e-11
2 110 2 3.225197e-11
3 110 2 5.179830e-11
4 110 2 8.018176e-11
5 110 2 1.243587e-10
6 110 2 1.440133e-10
7 110 2 1.548282e-10
8 110 2 1.531239e-10
9 110 2 1.289268e-10
10 110 2 9.399577e-11
11 110 2 4.546620e-11
12 110 2 2.676190e-11
1 111 2 8.701224e-10
2 111 2 1.088269e-09
3 111 2 1.761884e-09
4 111 2 2.670283e-09
5 111 2 4.035742e-09
6 111 2 5.175753e-09
7 111 2 5.471158e-09
8 111 2 5.418972e-09
9 111 2 4.614728e-09
10 111 2 3.003965e-09
11 111 2 1.618214e-09
12 111 2 9.884348e-10
1 112 2 1.002034e-09
2 112 2 1.292001e-09
3 112 2 2.266537e-09
4 112 2 3.769119e-09
5 112 2 5.731580e-09
6 112 2 6.984607e-09
7 112 2 7.113635e-09
8 112 2 6.630642e-09
9 112 2 5.061766e-09
10 112 2 3.360372e-09
11 112 2 1.928503e-09
12 112 2 1.185431e-09
1 113 2 5.744684e-10
2 113 2 7.277981e-10
3 113 2 1.222705e-09
4 113 2 1.828444e-09
5 113 2 2.250075e-09
6 113 2 1.964649e-09
7 113 2 1.685785e-09
8 113 2 1.610062e-09
9 113 2 1.592427e-09
10 113 2 1.454038e-09
11 113 2 1.017008e-09
12 113 2 6.868975e-10
1 114 2 1.565766e-09
2 114 2 2.123258e-09
3 114 2 3.782946e-09
4 114 2 5.514342e-09
5 114 2 6.361929e-09
6 114 2 4.657290e-09
7 114 2 3.846606e-09
8 114 2 3.525881e-09
9 114 2 3.402601e-09
10 114 2 3.045390e-09
11 114 2 2.321567e-09
12 114 2 1.719670e-09
1 115 2 5.354960e-10
2 115 2 7.790987e-10
3 115 2 1.234998e-09
4 115 2 1.530888e-09
5 115 2 1.367156e-09
6 115 2 1.269359e-09
7 115 2 1.224273e-09
8 115 2 1.174604e-09
9 115 2 1.080285e-09
10 115 2 9.654001e-10
11 115 2 7.333590e-10
12 115 2 5.261300e-10
1 116 2 3.876740e-10
2 116 2 4.962701e-10
3 116 2 7.589153e-10
4 116 2 1.074217e-09
5 116 2 1.249382e-09
6 116 2 1.422729e-09
7 116 2 1.491565e-09
8 116 2 1.427759e-09
9 116 2 1.156644e-09
10 116 2 9.247107e-10
11 116 2 6.717842e-10
12 116 2 4.425426e-10
1 117 2 6.078612e-10
2 117 2 6.347590e-10
3 117 2 8.016423e-10
4 117 2 1.097345e-09
5 117 2 1.397380e-09
6 117 2 1.655586e-09
7 117 2 1.762544e-09
8 117 2 1.760233e-09
9 117 2 1.606106e-09
10 117 2 1.374923e-09
11 117 2 1.109924e-09
12 117 2 8.017946e-10
1 126 2 6.870212e-12
2 126 2 7.140882e-12
3 126 2 7.739740e-12
4 126 2 8.172694e-12
5 126 2 8.074697e-12
6 126 2 7.504525e-12
7 126 2 7.233927e-12
8 126 2 7.304601e-12
9 126 2 7.265932e-12
10 126 2 7.139940e-12
11 126 2 6.976608e-12
12 126 2 6.870977e-12
1 127 2 6.918130e-10
2 127 2 7.035879e-10
3 127 2 7.426220e-10
4 127 2 7.709994e-10
5 127 2 7.815033e-10
6 127 2 7.569848e-10
7 127 2 7.571938e-10
8 127 2 7.745701e-10
9 127 2 7.663132e-10
10 127 2 7.356010e-10
11 127 2 7.128885e-10
12 127 2 7.040642e-10
1 128 2 3.134068e-09
2 128 2 3.218659e-09
3 128 2 3.304159e-09
4 128 2 3.225421e-09
5 128 2 3.137539e-09
6 128 2 3.043291e-09
7 128 2 3.243586e-09
8 128 2 3.687971e-09
9 128 2 3.877868e-09
10 128 2 3.662829e-09
11 128 2 3.330808e-09
12 128 2 3.138284e-09
1 129 2 8.934529e-11
2 129 2 8.811857e-11
3 129 2 9.034101e-11
4 129 2 9.296091e-11
5 129 2 9.439527e-11
6 129 2 9.694890e-11
7 129 2 1.013020e-10
8 129 2 1.104190e-10
9 129 2 1.153646e-10
10 129 2 1.158729e-10
11 129 2 1.057959e-10
12 129 2 9.398677e-11
1 133 2 1.921092e-09
2 133 2 2.233554e-09
3 133 2 2.681261e-09
4 133 2 2.752946e-09
5 133 2 2.626029e-09
6 133 2 2.413675e-09
7 133 2 2.154228e-09
8 133 2 2.017189e-09
9 133 2 2.103479e-09
10 133 2 2.240286e-09
11 133 2 2.137269e-09
12 133 2 1.870112e-09
1 135 2 8.308555e-11
2 135 2 9.360834e-11
3 135 2 1.113217e-10
4 135 2 1.198883e-10
5 135 2 1.152012e-10
6 135 2 1.027712e-10
7 135 2 8.878416e-11
8 135 2 8.967269e-11
9 135 2 9.528748e-11
10 135 2 8.961234e-11
11 135 2 8.589264e-11
12 135 2 8.068439e-11
1 136 2 9.287218e-11
2 136 2 9.558427e-11
3 136 2 1.182078e-10
4 136 2 1.437047e-10
5 136 2 1.573631e-10
6 136 2 1.435752e-10
7 136 2 1.270472e-10
8 136 2 1.267558e-10
9 136 2 1.274110e-10
10 136 2 1.198553e-10
11 136 2 1.133225e-10
12 136 2 1.006318e-10
1 137 2 2.258591e-11
2 137 2 2.369495e-11
3 137 2 2.716675e-11
4 137 2 2.985227e-11
5 137 2 2.946600e-11
6 137 2 2.711168e-11
7 137 2 2.508119e-11
8 137 2 2.420084e-11
9 137 2 2.421604e-11
10 137 2 2.522753e-11
11 137 2 2.494216e-11
12 137 2 2.351822e-11
1 138 2 9.033548e-10
2 138 2 9.933826e-10
3 138 2 1.152471e-09
4 138 2 1.282628e-09
5 138 2 1.294093e-09
6 138 2 1.137378e-09
7 138 2 1.053672e-09
8 138 2 1.016136e-09
9 138 2 1.018908e-09
10 138 2 1.024845e-09
11 138 2 9.941195e-10
12 138 2 9.219626e-10
1 139 2 1.524611e-09
2 139 2 1.736250e-09
3 139 2 1.940088e-09
4 139 2 2.036261e-09
5 139 2 2.007565e-09
6 139 2 1.869588e-09
7 139 2 1.768913e-09
8 139 2 1.702871e-09
9 139 2 1.680799e-09
10 139 2 1.693847e-09
11 139 2 1.611825e-09
12 139 2 1.475411e-09
1 140 2 5.050984e-10
2 140 2 5.222906e-10
3 140 2 5.672481e-10
4 140 2 6.426827e-10
5 140 2 6.824371e-10
6 140 2 6.554820e-10
7 140 2 6.206349e-10
8 140 2 5.985972e-10
9 140 2 5.898706e-10
10 140 2 5.931307e-10
11 140 2 5.806034e-10
12 140 2 5.412997e-10
1 141 2 7.920162e-10
2 141 2 7.838212e-10
3 141 2 8.062719e-10
4 141 2 8.848767e-10
5 141 2 9.548993e-10
6 141 2 9.442395e-10
7 141 2 9.187061e-10
8 141 2 8.908656e-10
9 141 2 8.833155e-10
10 141 2 8.853921e-10
11 141 2 8.942294e-10
12 141 2 8.682270e-10
1 150 2 9.156293e-13
2 150 2 1.002300e-12
3 150 2 1.072848e-12
4 150 2 1.097075e-12
5 150 2 1.026528e-12
6 150 2 9.053515e-13
7 150 2 8.259331e-13
8 150 2 8.059886e-13
9 150 2 7.799313e-13
10 150 2 7.621865e-13
11 150 2 7.770052e-13
12 150 2 8.267113e-13
1 151 2 5.947690e-10
2 151 2 6.326062e-10
3 151 2 6.707502e-10
4 151 2 6.865662e-10
5 151 2 6.643005e-10
6 151 2 6.253125e-10
7 151 2 6.114958e-10
8 151 2 6.351044e-10
9 151 2 6.046758e-10
10 151 2 5.674258e-10
11 151 2 5.507873e-10
12 151 2 5.645281e-10
1 152 2 4.709662e-10
2 152 2 4.770542e-10
3 152 2 4.814704e-10
4 152 2 4.575212e-10
5 152 2 4.398005e-10
6 152 2 4.319459e-10
7 152 2 4.938296e-10
8 152 2 6.584623e-10
9 152 2 6.990298e-10
10 152 2 5.957896e-10
11 152 2 5.109142e-10
12 152 2 4.724908e-10
1 153 2 5.457261e-10
2 153 2 5.589636e-10
3 153 2 5.897451e-10
4 153 2 5.784621e-10
5 153 2 5.586218e-10
6 153 2 5.484546e-10
7 153 2 6.402208e-10
8 153 2 8.366532e-10
9 153 2 1.017604e-09
10 153 2 9.095286e-10
11 153 2 6.880117e-10
12 153 2 5.740527e-10
1 154 2 1.485564e-09
2 154 2 1.477503e-09
3 154 2 1.537532e-09
4 154 2 1.473241e-09
5 154 2 1.377614e-09
6 154 2 1.239180e-09
7 154 2 1.170112e-09
8 154 2 1.218943e-09
9 154 2 1.374342e-09
10 154 2 1.544514e-09
11 154 2 1.627746e-09
12 154 2 1.573953e-09
1 157 2 5.919486e-11
2 157 2 6.146795e-11
3 157 2 6.581024e-11
4 157 2 6.488316e-11
5 157 2 6.324243e-11
6 157 2 5.945876e-11
7 157 2 5.673213e-11
8 157 2 5.616028e-11
9 157 2 5.575437e-11
10 157 2 5.672652e-11
11 157 2 5.713320e-11
12 157 2 5.787880e-11
1 163 2 2.755805e-10
2 163 2 2.792729e-10
3 163 2 2.875603e-10
4 163 2 3.048158e-10
5 163 2 3.051132e-10
6 163 2 2.820892e-10
7 163 2 2.607905e-10
8 163 2 2.448874e-10
9 163 2 2.483941e-10
10 163 2 2.627914e-10
11 163 2 2.730643e-10
12 163 2 2.752039e-10
1 164 2 1.042627e-09
2 164 2 1.033712e-09
3 164 2 1.062487e-09
4 164 2 1.112053e-09
5 164 2 1.098972e-09
6 164 2 1.016464e-09
7 164 2 9.408276e-10
8 164 2 9.190153e-10
9 164 2 9.840781e-10
10 164 2 1.078101e-09
11 164 2 1.099874e-09
12 164 2 1.081558e-09
1 165 2 4.550758e-10
2 165 2 4.460064e-10
3 165 2 4.516134e-10
4 165 2 4.616025e-10
5 165 2 4.565360e-10
6 165 2 4.200778e-10
7 165 2 3.960759e-10
8 165 2 4.009006e-10
9 165 2 4.273168e-10
10 165 2 4.568942e-10
11 165 2 4.806336e-10
12 165 2 4.811999e-10
1 166 2 1.986750e-10
2 166 2 1.966916e-10
3 166 2 1.934420e-10
4 166 2 1.925344e-10
5 166 2 1.862302e-10
6 166 2 1.722319e-10
7 166 2 1.626390e-10
8 166 2 1.638524e-10
9 166 2 1.699847e-10
10 166 2 1.788115e-10
11 166 2 1.927850e-10
12 166 2 2.024985e-10
1 170 2 9.143963e-12
2 170 2 1.005655e-11
3 170 2 9.880503e-12
4 170 2 8.980849e-12
5 170 2 7.483730e-12
6 170 2 6.292510e-12
7 170 2 5.951729e-12
8 170 2 5.681985e-12
9 170 2 5.777550e-12
10 170 2 6.433262e-12
11 170 2 7.097907e-12
12 170 2 8.173679e-12
1 171 2 3.276262e-11
2 171 2 3.596394e-11
3 171 2 3.639933e-11
4 171 2 3.238389e-11
5 171 2 2.693976e-11
6 171 2 2.308610e-11
7 171 2 2.095970e-11
8 171 2 1.985997e-11
9 171 2 2.014934e-11
10 171 2 2.191685e-11
11 171 2 2.501460e-11
12 171 2 2.955234e-11
1 175 2 9.458972e-13
2 175 2 1.000034e-12
3 175 2 1.002902e-12
4 175 2 9.393374e-13
5 175 2 8.161362e-13
6 175 2 7.437069e-13
7 175 2 7.282757e-13
8 175 2 7.221269e-13
9 175 2 6.716567e-13
10 175 2 6.789499e-13
11 175 2 7.098358e-13
12 175 2 8.280275e-13
1 176 2 1.495739e-08
2 176 2 1.506953e-08
3 176 2 1.475302e-08
4 176 2 1.303012e-08
5 176 2 1.054079e-08
6 176 2 9.551932e-09
7 176 2 9.534512e-09
8 176 2 1.087761e-08
9 176 2 1.184684e-08
10 176 2 1.264347e-08
11 176 2 1.349596e-08
12 176 2 1.433602e-08
1 177 2 7.413580e-09
2 177 2 7.203975e-09
3 177 2 6.801895e-09
4 177 2 5.947804e-09
5 177 2 4.863683e-09
6 177 2 4.153174e-09
7 177 2 4.321314e-09
8 177 2 5.177729e-09
9 177 2 6.507596e-09
10 177 2 6.767650e-09
11 177 2 6.904922e-09
12 177 2 6.919029e-09
1 178 2 1.088858e-09
2 178 2 1.076133e-09
3 178 2 1.031552e-09
4 178 2 8.646062e-10
5 178 2 7.528166e-10
6 178 2 6.362975e-10
7 178 2 6.060331e-10
8 178 2 6.104934e-10
9 178 2 6.962523e-10
10 178 2 7.491477e-10
11 178 2 8.461198e-10
12 178 2 9.393707e-10
1 181 2 1.330978e-11
2 181 2 1.405806e-11
3 181 2 1.425166e-11
4 181 2 1.362649e-11
5 181 2 1.123761e-11
6 181 2 9.717122e-12
7 181 2 8.591936e-12
8 181 2 8.793146e-12
9 181 2 9.526482e-12
10 181 2 1.031540e-11
11 181 2 1.168233e-11
12 181 2 1.243830e-11
1 182 2 1.589043e-09
2 182 2 1.468766e-09
3 182 2 1.384980e-09
4 182 2 1.156926e-09
5 182 2 9.059758e-10
6 182 2 6.776156e-10
7 182 2 6.718545e-10
8 182 2 9.336250e-10
9 182 2 1.295505e-09
10 182 2 1.588891e-09
11 182 2 1.756051e-09
12 182 2 1.685550e-09
1 183 2 3.378781e-10
2 183 2 3.245885e-10
3 183 2 3.098807e-10
4 183 2 2.809771e-10
5 183 2 2.364093e-10
6 183 2 1.918742e-10
7 183 2 1.785188e-10
8 183 2 2.119842e-10
9 183 2 2.464798e-10
10 183 2 2.915854e-10
11 183 2 3.174479e-10
12 183 2 3.265157e-10
1 184 2 1.054275e-10
2 184 2 1.068252e-10
3 184 2 1.034586e-10
4 184 2 9.310601e-11
5 184 2 7.740341e-11
6 184 2 6.255655e-11
7 184 2 5.641028e-11
8 184 2 5.891502e-11
9 184 2 6.241061e-11
10 184 2 7.167073e-11
11 184 2 8.385957e-11
12 184 2 9.558136e-11
1 188 2 1.742838e-11
2 188 2 1.727642e-11
3 188 2 1.601369e-11
4 188 2 1.307627e-11
5 188 2 9.241786e-12
6 188 2 7.029630e-12
7 188 2 6.048939e-12
8 188 2 6.153143e-12
9 188 2 8.334399e-12
10 188 2 1.095258e-11
11 188 2 1.304343e-11
12 188 2 1.626866e-11
1 189 2 1.520566e-11
2 189 2 1.405310e-11
3 189 2 1.274741e-11
4 189 2 9.422233e-12
5 189 2 6.238362e-12
6 189 2 4.411535e-12
7 189 2 4.194427e-12
8 189 2 5.152145e-12
9 189 2 8.288127e-12
10 189 2 1.180108e-11
11 189 2 1.435405e-11
12 189 2 1.499991e-11
1 190 2 6.222250e-11
2 190 2 5.895696e-11
3 190 2 5.117477e-11
4 190 2 3.624602e-11
5 190 2 2.528884e-11
6 190 2 1.834561e-11
7 190 2 1.723776e-11
8 190 2 2.078007e-11
9 190 2 2.918793e-11
10 190 2 3.979021e-11
11 190 2 5.213787e-11
12 190 2 5.849773e-11
1 191 2 4.788292e-11
2 191 2 4.961935e-11
3 191 2 4.823025e-11
4 191 2 3.984360e-11
5 191 2 3.276414e-11
6 191 2 2.691517e-11
7 191 2 2.366296e-11
8 191 2 2.403180e-11
9 191 2 2.621918e-11
10 191 2 2.942834e-11
11 191 2 3.619377e-11
12 191 2 4.258163e-11
1 192 2 6.302015e-11
2 192 2 6.810726e-11
3 192 2 6.635750e-11
4 192 2 5.745566e-11
5 192 2 4.855869e-11
6 192 2 4.134578e-11
7 192 2 3.633472e-11
8 192 2 3.376348e-11
9 192 2 3.476445e-11
10 192 2 3.817534e-11
11 192 2 4.557149e-11
12 192 2 5.472139e-11
1 200 2 7.758499e-08
2 200 2 7.981566e-08
3 200 2 6.527169e-08
4 200 2 4.314925e-08
5 200 2 2.824335e-08
6 200 2 2.300159e-08
7 200 2 2.185271e-08
8 200 2 2.356629e-08
9 200 2 2.610383e-08
10 200 2 3.337502e-08
11 200 2 4.637952e-08
12 200 2 6.390154e-08
1 201 2 4.424593e-08
2 201 2 4.565263e-08
3 201 2 4.179227e-08
4 201 2 3.216871e-08
5 201 2 2.424220e-08
6 201 2 2.005624e-08
7 201 2 1.895427e-08
8 201 2 1.960647e-08
9 201 2 1.940453e-08
10 201 2 2.308888e-08
11 201 2 2.943212e-08
12 201 2 3.665679e-08
1 206 2 1.055743e-09
2 206 2 1.140340e-09
3 206 2 1.031702e-09
4 206 2 8.803987e-10
5 206 2 7.280851e-10
6 206 2 6.348287e-10
7 206 2 5.444894e-10
8 206 2 5.346197e-10
9 206 2 5.787202e-10
10 206 2 6.550786e-10
11 206 2 7.679033e-10
12 206 2 9.046697e-10
1 207 2 4.001965e-11
2 207 2 4.369643e-11
3 207 2 4.144076e-11
4 207 2 3.757645e-11
5 207 2 3.332477e-11
6 207 2 2.858250e-11
7 207 2 2.519291e-11
8 207 2 2.480860e-11
9 207 2 2.503029e-11
10 207 2 2.756997e-11
11 207 2 2.971225e-11
12 207 2 3.398898e-11
1 212 2 2.451778e-11
2 212 2 2.617121e-11
3 212 2 2.322951e-11
4 212 2 1.952884e-11
5 212 2 1.522118e-11
6 212 2 1.228476e-11
7 212 2 1.019704e-11
8 212 2 9.855350e-12
9 212 2 1.119298e-11
10 212 2 1.320720e-11
11 212 2 1.566604e-11
12 212 2 2.071349e-11
1 213 2 5.347735e-12
2 213 2 5.844673e-12
3 213 2 4.953130e-12
4 213 2 4.191409e-12
5 213 2 3.234231e-12
6 213 2 2.493137e-12
7 213 2 2.115943e-12
8 213 2 2.065673e-12
9 213 2 2.488191e-12
10 213 2 3.066408e-12
11 213 2 3.765510e-12
12 213 2 4.607922e-12
1 214 2 1.899230e-10
2 214 2 2.013422e-10
3 214 2 1.617659e-10
4 214 2 1.201492e-10
5 214 2 8.881231e-11
6 214 2 6.545061e-11
7 214 2 5.668122e-11
8 214 2 5.843405e-11
9 214 2 7.376052e-11
10 214 2 9.888767e-11
11 214 2 1.353682e-10
12 214 2 1.641780e-10
1 215 2 7.036761e-11
2 215 2 7.238246e-11
3 215 2 6.748557e-11
4 215 2 5.378315e-11
5 215 2 4.368564e-11
6 215 2 3.510049e-11
7 215 2 3.033169e-11
8 215 2 3.040627e-11
9 215 2 3.419390e-11
10 215 2 4.067975e-11
11 215 2 5.122141e-11
12 215 2 6.187828e-11
1 216 2 1.883931e-09
2 216 2 1.966962e-09
3 216 2 1.844526e-09
4 216 2 1.499493e-09
5 216 2 1.200707e-09
6 216 2 1.032930e-09
7 216 2 9.076764e-10
8 216 2 8.679069e-10
9 216 2 9.006073e-10
10 216 2 1.023625e-09
11 216 2 1.231247e-09
12 216 2 1.582375e-09
1 224 2 2.267983e-09
2 224 2 2.479443e-09
3 224 2 2.163616e-09
4 224 2 1.863198e-09
5 224 2 1.504567e-09
6 224 2 1.278591e-09
7 224 2 1.161587e-09
8 224 2 1.213264e-09
9 224 2 1.247704e-09
10 224 2 1.471607e-09
11 224 2 1.757389e-09
12 224 2 2.096704e-09
1 240 2 1.164455e-10
2 240 2 1.187737e-10
3 240 2 1.086156e-10
4 240 2 9.592460e-11
5 240 2 8.337083e-11
6 240 2 7.191024e-11
7 240 2 7.045150e-11
8 240 2 7.263141e-11
9 240 2 7.070231e-11
10 240 2 7.613901e-11
11 240 2 8.365807e-11
12 240 2 1.036796e-10
