# THIS FILE: Generic emissions input file for BETR Research
# The total annual global emissions: 1 mol
# This total global emissions value is spatially distributed
# based on nigtlight emissions.
#             
# The format of the emissions file is:      
# timestep, gridcell, compartment, emission[mol/h]        
#             
# timestep usually corresponds to month (in BETR-Global)
#             
# The compartment is the number of the compartment.
#             
# emission is the constant emission-rate [mol/h] into that compartment    
# in that grid-cell during that step. For steady-state runs, only the first
# data column is considered and interpreted as continuous emission rate.     
#             
# For steady-state runs, the first column is ignored.    
#
1 97 2 9.341320e-10
1 98 2 8.693979e-10
1 99 2 8.366484e-09
1 100 2 7.775082e-09
1 101 2 1.125029e-07
1 102 2 8.772655e-10
1 103 2 1.008532e-09
1 105 2 2.965536e-10
1 106 2 4.505610e-10
1 107 2 1.964199e-10
1 108 2 7.034285e-10
1 109 2 7.043096e-10
1 110 2 3.256717e-10
1 111 2 3.406460e-10
1 112 2 5.878430e-10
1 113 2 5.834259e-10
1 114 2 5.946863e-10
1 117 2 5.296592e-10
1 118 2 4.564754e-09
1 122 2 5.121301e-08
1 123 2 1.455086e-07
1 124 2 1.346239e-07
1 125 2 1.601942e-07
1 126 2 6.725228e-10
1 127 2 6.970483e-09
1 128 2 6.349537e-08
1 129 2 2.587607e-08
1 130 2 1.167812e-08
1 131 2 1.838910e-07
1 132 2 9.447402e-08
1 134 2 1.152237e-09
1 135 2 1.471576e-09
1 136 2 1.471576e-09
1 137 2 8.004283e-10
1 138 2 1.331823e-09
1 139 2 3.032740e-09
1 140 2 5.375904e-11
1 141 2 2.994413e-10
1 142 2 7.361162e-10
1 143 2 1.775720e-09
1 144 2 7.351096e-10
1 145 2 6.594072e-10
1 146 2 3.119729e-09
1 147 2 5.119296e-09
1 148 2 2.015541e-08
1 149 2 1.864449e-07
1 150 2 8.978504e-09
1 151 2 1.107242e-08
1 152 2 1.201117e-08
1 153 2 3.465900e-08
1 154 2 8.373912e-09
1 155 2 1.702950e-09
1 156 2 3.385349e-09
1 157 2 4.114661e-10
1 158 2 1.284534e-09
1 159 2 1.079394e-09
1 160 2 9.685782e-10
1 161 2 1.383329e-09
1 162 2 1.561616e-09
1 164 2 8.078649e-11
1 165 2 2.358103e-08
1 166 2 3.699580e-08
1 167 2 7.397278e-09
1 168 2 1.103074e-08
1 169 2 2.544982e-07
1 170 2 8.648473e-07
1 171 2 1.308081e-06
1 172 2 1.237370e-06
1 173 2 3.618224e-07
1 174 2 1.026630e-07
1 175 2 8.104237e-08
1 176 2 1.709621e-07
1 177 2 1.357813e-07
1 178 2 5.160472e-07
1 179 2 9.457240e-07
1 180 2 9.701484e-08
1 181 2 9.713275e-09
1 182 2 9.266319e-09
1 183 2 8.222398e-09
1 184 2 9.927651e-09
1 185 2 1.681641e-08
1 186 2 1.324394e-08
1 187 2 2.560144e-09
1 188 2 4.798133e-09
1 189 2 1.184854e-08
1 190 2 1.659591e-09
1 191 2 9.343076e-10
1 192 2 2.264272e-09
1 193 2 3.388708e-10
1 194 2 1.296373e-09
1 195 2 1.434212e-09
1 196 2 1.892468e-08
1 197 2 7.544473e-08
1 198 2 6.831124e-09
1 199 2 1.895663e-08
1 200 2 1.886837e-07
1 201 2 6.023023e-07
1 202 2 3.687692e-07
1 203 2 9.684539e-08
1 204 2 2.734887e-08
1 205 2 5.780935e-10
1 206 2 4.172862e-09
1 207 2 1.043831e-08
1 208 2 1.140311e-08
1 209 2 1.612783e-09
1 210 2 5.448655e-11
1 212 2 3.718481e-11
1 215 2 6.779783e-08
1 216 2 1.101452e-06
1 217 2 1.225063e-06
1 218 2 2.039674e-06
1 219 2 1.185046e-06
1 220 2 7.299905e-07
1 221 2 8.541806e-07
1 222 2 9.009773e-07
1 223 2 5.879892e-07
1 224 2 6.153375e-07
1 225 2 4.828088e-07
1 226 2 3.955909e-07
1 227 2 3.035219e-07
1 228 2 2.082408e-07
1 229 2 1.534718e-07
1 230 2 1.194695e-07
1 231 2 2.885383e-08
1 232 2 1.575368e-08
1 233 2 3.434103e-08
1 234 2 9.214353e-09
1 235 2 1.561615e-08
1 236 2 5.718198e-09
1 237 2 7.953816e-09
1 238 2 3.363555e-09
1 239 2 3.517785e-11
1 241 2 1.489139e-10
1 242 2 1.117154e-09
1 247 2 2.260945e-09
1 248 2 7.782924e-07
1 249 2 7.637439e-07
1 250 2 5.881065e-07
1 251 2 6.098835e-07
1 252 2 8.660589e-07
1 253 2 8.478190e-07
1 254 2 8.483994e-07
1 255 2 1.527772e-06
1 256 2 3.173468e-07
1 257 2 6.122592e-08
1 258 2 3.179383e-08
1 260 2 1.400116e-10
1 261 2 4.387025e-11
1 263 2 6.029022e-08
1 264 2 1.230012e-06
1 265 2 2.960277e-06
1 266 2 2.719202e-06
1 267 2 1.595532e-06
1 268 2 5.651350e-07
1 269 2 7.438748e-07
1 270 2 5.735782e-07
1 271 2 3.440253e-07
1 272 2 3.202507e-07
1 273 2 4.952194e-08
1 274 2 6.772559e-08
1 275 2 6.688860e-08
1 276 2 8.716746e-08
1 277 2 3.321893e-08
1 278 2 4.935172e-08
1 279 2 2.800895e-08
1 280 2 3.057569e-08
1 281 2 1.184690e-07
1 282 2 1.212451e-07
1 283 2 1.287217e-07
1 284 2 8.588525e-08
1 285 2 3.038010e-09
1 286 2 3.038010e-09
1 291 2 5.124059e-12
1 292 2 5.124059e-12
1 296 2 5.840739e-07
1 297 2 4.304559e-07
1 298 2 5.440753e-07
1 299 2 8.155788e-07
1 300 2 2.568603e-06
1 301 2 5.586024e-06
1 302 2 5.266113e-06
1 303 2 3.727632e-06
1 304 2 1.054696e-07
1 305 2 1.904920e-10
1 309 2 2.785387e-09
1 311 2 2.801030e-07
1 312 2 1.311836e-06
1 313 2 1.168515e-06
1 314 2 1.357066e-06
1 315 2 5.928108e-07
1 316 2 4.638612e-07
1 317 2 2.492682e-07
1 318 2 2.882477e-07
1 319 2 2.371136e-07
1 320 2 7.154250e-08
1 321 2 2.209840e-07
1 322 2 2.270606e-07
1 323 2 6.080540e-08
1 324 2 8.951932e-08
1 325 2 4.036502e-08
1 326 2 1.244379e-08
1 327 2 1.361542e-07
1 328 2 5.581742e-07
1 329 2 4.029209e-07
1 330 2 3.508112e-07
1 331 2 7.375153e-07
1 332 2 4.560729e-07
1 344 2 4.301357e-07
1 345 2 1.782111e-06
1 346 2 5.729963e-07
1 347 2 1.029500e-06
1 348 2 1.864817e-06
1 349 2 2.583531e-06
1 350 2 1.647735e-06
1 352 2 2.788752e-09
1 354 2 4.784859e-11
1 357 2 1.895872e-09
1 358 2 9.827127e-09
1 359 2 1.357714e-07
1 360 2 3.878692e-07
1 361 2 3.422462e-07
1 362 2 4.437244e-07
1 363 2 1.134171e-07
1 364 2 1.751473e-07
1 365 2 9.248864e-07
1 366 2 6.194254e-07
1 367 2 9.977737e-07
1 368 2 3.847603e-07
1 369 2 5.352321e-08
1 370 2 4.734469e-07
1 371 2 1.553689e-07
1 372 2 8.857867e-11
1 373 2 4.103995e-09
1 374 2 3.697386e-08
1 375 2 1.945380e-07
1 376 2 4.945523e-07
1 377 2 1.137907e-06
1 378 2 1.964664e-06
1 379 2 1.798669e-06
1 380 2 1.532498e-07
1 387 2 3.409047e-10
1 388 2 3.409047e-10
1 393 2 2.050451e-08
1 394 2 1.389978e-07
1 395 2 7.109085e-07
1 396 2 6.976377e-07
1 397 2 7.498480e-07
1 398 2 7.449696e-07
1 406 2 6.329210e-08
1 407 2 1.998510e-08
1 408 2 2.866031e-09
1 409 2 9.983109e-08
1 410 2 1.137625e-07
1 411 2 1.709636e-07
1 412 2 1.074456e-07
1 413 2 4.975075e-07
1 414 2 2.339747e-07
1 415 2 1.415608e-06
1 416 2 8.108099e-07
1 417 2 1.447725e-07
1 418 2 3.501950e-07
1 419 2 4.753254e-07
1 420 2 1.969643e-07
1 421 2 8.045978e-08
1 422 2 8.656111e-08
1 423 2 2.157531e-07
1 424 2 3.287818e-07
1 425 2 3.712194e-07
1 426 2 1.687073e-08
1 434 2 4.088278e-10
1 435 2 2.567134e-08
1 436 2 2.567134e-08
1 441 2 4.982404e-10
1 442 2 2.180934e-08
1 443 2 8.379047e-07
1 444 2 6.846901e-07
1 445 2 1.117701e-07
1 446 2 6.757629e-08
1 447 2 1.484319e-07
1 448 2 1.440110e-07
1 453 2 3.562208e-10
1 454 2 1.178122e-08
1 455 2 1.945473e-09
1 456 2 1.971665e-09
1 457 2 1.125339e-09
1 458 2 1.236620e-09
1 459 2 1.900407e-10
1 460 2 5.199250e-10
1 461 2 1.629446e-07
1 462 2 3.798999e-07
1 463 2 1.272416e-07
1 464 2 1.365334e-07
1 465 2 1.335640e-08
1 466 2 4.085913e-07
1 467 2 2.791821e-07
1 468 2 7.786114e-08
1 469 2 5.181033e-08
1 470 2 1.934746e-07
1 471 2 9.962158e-08
1 472 2 5.493751e-08
1 473 2 1.059268e-07
1 474 2 4.018870e-11
1 476 2 2.510631e-09
1 482 2 1.328654e-10
1 491 2 1.214272e-08
1 492 2 4.076078e-08
1 493 2 8.272164e-08
1 494 2 9.110345e-08
1 495 2 4.402595e-07
1 496 2 3.336040e-07
1 497 2 6.809879e-09
1 501 2 1.157686e-10
1 502 2 4.248279e-09
1 503 2 9.423159e-09
1 504 2 1.701981e-08
1 505 2 6.799342e-08
1 506 2 4.682678e-08
1 507 2 1.950162e-09
1 508 2 1.205980e-09
1 509 2 1.912667e-08
1 510 2 3.380475e-08
1 511 2 1.516650e-08
1 512 2 2.414173e-09
1 514 2 1.917161e-08
1 515 2 2.741564e-07
1 516 2 3.011021e-08
1 517 2 6.713599e-08
1 518 2 4.352092e-07
1 519 2 6.685493e-08
1 520 2 1.683602e-08
1 521 2 8.389596e-08
1 522 2 2.884395e-09
1 523 2 6.646721e-09
1 524 2 7.462652e-09
1 525 2 1.035114e-10
1 526 2 3.539591e-11
1 527 2 1.641329e-10
1 528 2 9.837193e-11
1 540 2 2.771420e-11
1 541 2 8.171916e-09
1 542 2 1.338022e-07
1 543 2 1.532956e-07
1 544 2 7.331696e-08
1 545 2 6.225241e-09
1 546 2 1.014431e-08
1 551 2 2.968659e-09
1 552 2 3.927470e-08
1 553 2 6.515105e-07
1 554 2 5.727685e-07
1 555 2 9.858132e-11
1 556 2 9.858132e-11
1 557 2 9.270289e-09
1 558 2 5.669240e-09
1 559 2 3.964318e-10
1 561 2 6.771368e-11
1 562 2 9.542203e-10
1 563 2 2.492414e-08
1 564 2 3.526242e-09
1 565 2 3.452950e-08
1 566 2 2.935171e-07
1 567 2 1.287839e-07
1 568 2 5.847203e-08
1 569 2 1.593141e-08
1 570 2 5.159337e-09
1 571 2 1.723038e-10
1 573 2 6.133799e-11
1 574 2 2.097464e-11
1 575 2 1.994817e-10
1 576 2 5.829250e-11
1 577 2 6.369798e-11
1 578 2 7.078456e-11
1 588 2 2.771420e-11
1 589 2 7.300361e-09
1 590 2 8.368732e-08
1 591 2 5.300917e-09
1 592 2 1.324805e-08
1 593 2 1.112319e-08
1 594 2 1.783571e-08
1 595 2 8.409563e-08
1 596 2 8.336830e-08
1 597 2 9.455689e-12
1 598 2 1.132224e-10
1 599 2 1.890857e-11
1 601 2 1.520722e-08
1 602 2 2.538594e-07
1 603 2 1.145439e-08
1 604 2 1.020338e-09
1 605 2 1.691216e-08
1 606 2 1.191378e-08
1 608 2 4.637178e-10
1 609 2 4.424885e-10
1 610 2 2.615476e-10
1 611 2 2.715976e-11
1 612 2 6.240745e-11
1 613 2 8.586937e-10
1 614 2 1.257255e-07
1 615 2 7.099050e-08
1 616 2 3.775857e-08
1 617 2 6.182373e-09
1 618 2 4.145339e-09
1 619 2 5.242911e-09
1 620 2 6.241087e-09
1 621 2 4.224807e-10
1 622 2 2.627886e-11
1 623 2 1.210239e-10
1 624 2 1.880281e-11
1 625 2 4.175227e-10
1 626 2 4.499407e-10
1 628 2 1.679621e-10
1 629 2 3.488496e-10
1 637 2 3.646951e-11
1 638 2 1.012595e-07
1 639 2 1.463758e-08
1 640 2 2.566618e-08
1 641 2 8.031240e-09
1 642 2 2.795134e-08
1 643 2 1.143946e-07
1 644 2 1.399596e-07
1 650 2 6.530906e-08
1 651 2 2.411888e-10
1 652 2 1.313347e-08
1 653 2 3.174293e-08
1 654 2 1.046740e-08
1 655 2 2.629745e-10
1 657 2 6.455160e-10
1 658 2 4.413766e-10
1 659 2 2.981554e-11
1 660 2 1.114456e-10
1 661 2 2.385768e-11
1 662 2 2.385768e-11
1 663 2 7.025755e-08
1 664 2 1.697730e-08
1 665 2 5.258889e-09
1 666 2 6.337716e-09
1 667 2 8.467095e-09
1 668 2 9.957831e-09
1 669 2 2.595393e-10
1 670 2 4.434708e-11
1 671 2 1.302155e-09
1 672 2 1.962916e-10
1 673 2 1.116795e-09
1 674 2 4.247828e-10
1 675 2 2.439501e-11
1 676 2 1.277627e-10
1 677 2 1.073413e-09
1 686 2 1.904469e-09
1 687 2 4.115738e-08
1 688 2 6.386670e-08
1 689 2 4.737942e-08
1 690 2 2.584207e-07
1 691 2 2.411557e-07
1 692 2 1.136150e-08
1 698 2 1.146799e-09
1 699 2 3.155917e-09
1 700 2 3.279216e-08
1 701 2 1.861137e-08
1 702 2 1.512228e-09
1 703 2 3.017050e-09
1 704 2 1.716375e-08
1 711 2 4.240350e-09
1 712 2 3.225868e-08
1 713 2 3.816724e-09
1 714 2 3.034724e-09
1 715 2 6.223810e-09
1 716 2 1.980507e-08
1 717 2 1.989858e-09
1 719 2 4.305004e-09
1 720 2 1.483533e-09
1 735 2 5.103837e-08
1 736 2 6.356413e-08
1 737 2 1.974174e-07
1 738 2 6.175230e-07
1 739 2 2.590465e-07
1 740 2 7.047937e-09
1 746 2 2.926925e-09
1 747 2 1.774466e-08
1 748 2 3.918715e-07
1 749 2 9.684980e-08
1 750 2 5.792987e-12
1 759 2 1.383001e-09
1 760 2 4.781089e-09
1 761 2 9.456235e-09
1 762 2 8.427618e-09
1 763 2 4.654413e-09
1 764 2 1.709853e-08
1 765 2 9.941384e-08
1 767 2 3.229271e-09
1 769 2 4.316243e-11
1 783 2 2.517484e-07
1 784 2 2.695040e-07
1 785 2 5.133227e-07
1 786 2 3.677596e-08
1 795 2 8.318141e-08
1 796 2 4.424924e-08
1 797 2 7.772104e-09
1 808 2 8.148138e-08
1 809 2 6.124249e-09
1 810 2 1.296271e-10
1 811 2 6.779351e-08
1 812 2 9.957485e-08
1 813 2 1.438705e-07
1 815 2 1.669215e-08
1 816 2 2.569435e-08
1 817 2 6.644662e-12
1 831 2 1.169010e-07
1 832 2 1.744464e-07
1 833 2 9.445707e-08
1 834 2 5.563663e-10
1 843 2 3.336542e-09
1 844 2 4.421028e-10
1 856 2 1.478489e-10
1 859 2 1.553742e-08
1 860 2 6.303658e-08
1 861 2 2.793488e-09
1 863 2 4.813025e-08
1 864 2 6.888503e-08
1 879 2 4.963833e-08
1 880 2 6.284340e-07
1 881 2 9.559886e-08
1 882 2 2.852464e-11
1 908 2 1.768850e-09
1 911 2 2.984562e-08
1 912 2 2.449313e-08
1 927 2 1.318299e-08
1 928 2 1.245076e-07
1 929 2 4.963530e-08
1 930 2 1.941705e-11
