# THIS FILE: Generic emissions input file for BETR Research
# The total annual global emissions: 1 mol
# This total global emissions value is spatially distributed
# based on nigtlight emissions.
#             
# The format of the emissions file is:      
# timestep, gridcell, compartment, emission[mol/h]        
#             
# timestep usually corresponds to month (in BETR-Global)
#             
# The compartment is the number of the compartment.
#             
# emission is the constant emission-rate [mol/h] into that compartment    
# in that grid-cell during that step. For steady-state runs, only the first
# data column is considered and interpreted as continuous emission rate.     
#             
# For steady-state runs, the first column is ignored.    
# 
1 25 2 5.847008e-09
1 26 2 4.248216e-08
1 27 2 3.186162e-07
1 28 2 2.729364e-08
1 29 2 5.001933e-08
1 30 2 6.589303e-09
1 31 2 2.809304e-09
1 32 2 3.129062e-09
1 33 2 4.362416e-09
1 34 2 9.272987e-11
1 35 2 7.377278e-08
1 36 2 2.112688e-08
1 37 2 1.324712e-06
1 38 2 3.151901e-06
1 39 2 6.680661e-07
1 40 2 3.483079e-07
1 41 2 7.799817e-07
1 42 2 1.427492e-06
1 43 2 2.272567e-08
1 44 2 2.329667e-08
1 45 2 3.631540e-08
1 46 2 1.102024e-08
1 47 2 1.633051e-08
1 48 2 5.767066e-09
1 49 2 2.843564e-09
1 50 2 1.850030e-08
1 51 2 7.457217e-08
1 52 2 1.027794e-06
1 53 2 2.329667e-06
1 54 2 1.701570e-06
1 55 2 1.827190e-06
1 56 2 2.009909e-06
1 57 2 1.016374e-07
1 58 2 1.838610e-10
1 59 2 4.716432e-11
1 60 2 2.443866e-06
1 61 2 9.067429e-06
1 62 2 4.065496e-06
1 63 2 3.003443e-06
1 64 2 1.804350e-06
1 65 2 9.227306e-07
1 66 2 6.292383e-07
1 67 2 3.368882e-07
1 68 2 1.034646e-07
1 69 2 2.969183e-07
1 70 2 2.500966e-07
1 71 2 1.678730e-08
1 72 2 3.186162e-11
1 74 2 9.649846e-12
1 76 2 9.981024e-07
1 77 2 3.368882e-06
1 78 2 6.201025e-06
1 79 2 1.461752e-05
1 80 2 3.608699e-06
1 81 2 2.295407e-10
1 83 2 1.484592e-08
1 84 2 2.044168e-06
1 85 2 3.197582e-06
1 86 2 1.290453e-06
1 87 2 2.112688e-06
1 88 2 1.724410e-06
1 89 2 9.706946e-07
1 90 2 3.037704e-07
1 91 2 9.250148e-08
1 92 2 1.370392e-06
1 93 2 3.939877e-06
1 94 2 3.151901e-06
1 97 2 4.168277e-10
1 98 2 5.298849e-08
1 101 2 1.770090e-07
1 102 2 2.912083e-06
1 103 2 1.621631e-06
1 104 2 2.980603e-07
1 107 2 7.343020e-08
1 108 2 2.603745e-08
1 109 2 2.078428e-07
1 110 2 2.695105e-07
1 111 2 1.256193e-06
1 112 2 2.421026e-06
1 113 2 9.067429e-07
1 114 2 1.011806e-06
1 115 2 4.111177e-07
1 116 2 6.829122e-07
1 117 2 4.819213e-07
1 118 2 2.558065e-09
1 121 2 1.301873e-10
1 126 2 5.207491e-08
1 127 2 3.129062e-07
1 128 2 9.866823e-07
1 129 2 2.306827e-08
1 131 2 4.293896e-09
1 132 2 6.817700e-08
1 133 2 1.336132e-06
1 134 2 3.300363e-09
1 135 2 6.692083e-08
1 136 2 1.770090e-08
1 137 2 1.987069e-08
1 138 2 3.277521e-07
1 139 2 8.222353e-07
1 140 2 2.695105e-07
1 141 2 1.063196e-07
1 142 2 1.404652e-08
1 143 2 2.192628e-10
1 144 2 5.161810e-10
1 145 2 9.866823e-10
1 146 2 1.655891e-10
1 147 2 3.425982e-10
1 150 2 2.775044e-11
1 151 2 1.907129e-07
1 152 2 5.812747e-08
1 153 2 6.429425e-08
1 154 2 4.179696e-07
1 155 2 1.221933e-10
1 156 2 1.895709e-11
1 157 2 3.334621e-07
1 158 2 2.558065e-08
1 159 2 7.034681e-08
1 160 2 7.217400e-10
1 161 2 1.770090e-09
1 162 2 2.283987e-10
1 163 2 1.267613e-07
1 164 2 1.941389e-07
1 165 2 2.169788e-08
1 166 2 2.957763e-08
1 167 2 7.468636e-10
1 168 2 1.610211e-09
1 169 2 1.564531e-09
1 170 2 1.553111e-10
1 171 2 1.092888e-09
1 175 2 1.941389e-09
1 176 2 2.169788e-07
1 177 2 1.097456e-06
1 178 2 5.138972e-07
1 181 2 3.985557e-09
1 182 2 4.316735e-07
1 183 2 1.138568e-07
1 184 2 2.055588e-08
1 188 2 4.316735e-08
1 189 2 2.421026e-08
1 190 2 4.750694e-08
1 191 2 9.786885e-08
1 192 2 9.010329e-09
1 193 2 5.116130e-11
1 200 2 8.165253e-07
1 201 2 6.623564e-07
1 206 2 1.358972e-07
1 207 2 8.096734e-09
1 212 2 8.496431e-08
1 213 2 6.509364e-09
1 214 2 2.478126e-07
1 215 2 1.518851e-07
1 216 2 1.541691e-07
1 224 2 8.542112e-07
1 225 2 1.484592e-07
1 238 2 1.907129e-09
1 240 2 5.847008e-08
