# THIS FILE: Generic emissions input file for BETR Research
# The total annual global emissions: 1 mol
# This total global emissions value is spatially distributed
# based on nigtlight emissions.
#             
# The format of the emissions file is:      
# timestep, gridcell, compartment, emission[mol/h]        
#             
# timestep usually corresponds to month (in BETR-Global)
#             
# The compartment is the number of the compartment.
#             
# emission is the constant emission-rate [mol/h] into that compartment    
# in that grid-cell during that step. For steady-state runs, only the first
# data column is considered and interpreted as continuous emission rate.     
#             
# For steady-state runs, the first column is ignored.    
#
1 389 2 3.989036e-10
1 390 2 2.705628e-09
1 391 2 3.093178e-09
1 392 2 1.561551e-09
1 393 2 6.111371e-08
1 394 2 2.091727e-08
1 395 2 5.460366e-10
1 407 2 3.691939e-11
1 408 2 1.107582e-10
1 409 2 5.366309e-11
1 410 2 3.304075e-11
1 411 2 1.515306e-11
1 414 2 1.241483e-10
1 415 2 1.385371e-10
1 416 2 4.316666e-11
1 437 2 1.985850e-10
1 438 2 7.473291e-09
1 439 2 1.151915e-08
1 440 2 1.233617e-08
1 441 2 9.409708e-10
1 442 2 3.136568e-10
1 447 2 2.084178e-09
1 448 2 6.252534e-09
1 449 2 4.407790e-09
1 450 2 1.584453e-09
1 451 2 7.640519e-10
1 452 2 1.946586e-09
1 454 2 2.511572e-10
1 455 2 2.511572e-10
1 459 2 2.122373e-10
1 460 2 6.367118e-10
1 466 2 3.567304e-10
1 467 2 4.512846e-10
1 468 2 2.836624e-10
1 469 2 1.087095e-09
1 470 2 3.623647e-10
1 481 2 6.402066e-10
1 482 2 2.134022e-10
1 483 2 1.986138e-10
1 484 2 5.958414e-10
1 485 2 2.993962e-09
1 486 2 2.092919e-09
1 487 2 1.638440e-09
1 488 2 1.630523e-09
1 489 2 2.623287e-08
1 490 2 8.971533e-09
1 491 2 2.583478e-10
1 492 2 9.331516e-11
1 493 2 6.911966e-10
1 494 2 2.303989e-10
1 497 2 2.032428e-10
1 498 2 6.774762e-11
1 499 2 1.029305e-10
1 500 2 3.087917e-10
1 502 2 1.794883e-10
1 503 2 2.648895e-10
1 504 2 2.562035e-10
1 505 2 2.152763e-10
1 506 2 3.568696e-10
1 507 2 2.851109e-10
1 510 2 2.089730e-10
1 511 2 2.535875e-10
1 512 2 1.338433e-10
1 514 2 5.331343e-10
1 515 2 5.357066e-10
1 516 2 7.717120e-12
1 522 2 4.840020e-10
1 523 2 1.405819e-09
1 524 2 2.765449e-09
1 531 2 1.169960e-08
1 532 2 3.509879e-08
1 533 2 6.810242e-08
1 534 2 5.854091e-08
1 535 2 5.272016e-08
1 536 2 5.064021e-08
1 537 2 1.086716e-07
1 538 2 3.667981e-08
1 539 2 4.955991e-10
1 540 2 1.189518e-10
1 541 2 8.855718e-10
1 542 2 5.484048e-09
1 543 2 1.667960e-08
1 544 2 3.447224e-08
1 545 2 1.222182e-08
1 546 2 6.485577e-09
1 547 2 3.918139e-09
1 548 2 4.519517e-09
1 549 2 1.253662e-07
1 550 2 4.246622e-08
1 551 2 2.203892e-08
1 552 2 6.408438e-08
1 555 2 8.832630e-11
1 556 2 2.649789e-10
1 558 2 1.344725e-09
1 559 2 1.344725e-09
1 561 2 2.167457e-10
1 562 2 2.207082e-10
1 563 2 2.641844e-10
1 564 2 3.471741e-10
1 565 2 1.145783e-09
1 566 2 4.310526e-10
1 567 2 4.912498e-11
1 569 2 2.052219e-10
1 570 2 6.840731e-11
1 571 2 1.681656e-10
1 572 2 5.044969e-10
1 573 2 9.255772e-10
1 574 2 6.970741e-10
1 575 2 4.593469e-10
1 576 2 2.123956e-10
1 577 2 3.636279e-10
1 578 2 2.386570e-10
1 579 2 5.945809e-10
1 580 2 1.431400e-09
1 581 2 2.007888e-09
1 582 2 1.050180e-09
1 583 2 5.976802e-10
1 584 2 6.503875e-10
1 585 2 4.262210e-08
1 586 2 1.451041e-08
1 587 2 5.369233e-10
1 588 2 7.016320e-10
1 589 2 1.206598e-09
1 590 2 2.881427e-09
1 591 2 2.518679e-09
1 592 2 1.183549e-10
1 593 2 8.263085e-10
1 594 2 4.257357e-09
1 595 2 4.039335e-09
1 596 2 1.722383e-10
1 598 2 2.623379e-10
1 599 2 5.315551e-10
1 600 2 8.076515e-10
1 601 2 1.076203e-10
1 602 2 2.690691e-10
1 603 2 3.356790e-10
1 604 2 3.074504e-10
1 606 2 3.938004e-10
1 607 2 4.153454e-10
1 608 2 6.463500e-11
1 610 2 9.442580e-10
1 611 2 9.615566e-10
1 612 2 5.189589e-11
1 615 2 1.181029e-11
1 616 2 3.543087e-11
1 618 2 1.391224e-08
1 619 2 1.610736e-08
1 620 2 6.585365e-09
1 621 2 2.604772e-09
1 622 2 1.551894e-09
1 623 2 6.836367e-10
1 626 2 2.641035e-08
1 627 2 6.730825e-08
1 628 2 1.226937e-07
1 629 2 1.460411e-07
1 630 2 2.522127e-07
1 631 2 2.702956e-07
1 632 2 2.002899e-07
1 633 2 8.394935e-08
1 634 2 3.394554e-08
1 635 2 1.317997e-08
1 636 2 2.165261e-08
1 637 2 3.537370e-09
1 638 2 1.260468e-08
1 639 2 2.196145e-08
1 640 2 3.160770e-08
1 641 2 7.256703e-09
1 642 2 9.982266e-09
1 643 2 3.960485e-08
1 644 2 9.612448e-08
1 645 2 3.250618e-07
1 646 2 1.376094e-07
1 647 2 4.127389e-08
1 648 2 3.605508e-08
1 654 2 3.465180e-09
1 655 2 3.637801e-09
1 656 2 5.178614e-10
1 657 2 2.124635e-09
1 658 2 6.492134e-09
1 659 2 5.962784e-09
1 660 2 5.365814e-10
1 661 2 8.642489e-10
1 662 2 6.917846e-10
1 663 2 9.265721e-10
1 664 2 1.568612e-09
1 665 2 1.945298e-09
1 666 2 1.194911e-09
1 667 2 6.812541e-10
1 668 2 4.043254e-10
1 669 2 5.162699e-10
1 670 2 4.176641e-10
1 671 2 5.578278e-10
1 672 2 9.367605e-10
1 673 2 4.776702e-12
1 674 2 8.747250e-11
1 675 2 3.537634e-10
1 676 2 8.036492e-10
1 677 2 1.094226e-09
1 678 2 1.038296e-09
1 679 2 4.966270e-09
1 680 2 1.287815e-08
1 681 2 9.368772e-08
1 682 2 3.146796e-08
1 683 2 2.016896e-09
1 684 2 5.334542e-09
1 685 2 3.468505e-09
1 686 2 3.355578e-09
1 687 2 3.893662e-09
1 688 2 5.082763e-09
1 689 2 1.836200e-08
1 690 2 9.751288e-09
1 691 2 3.768096e-09
1 692 2 4.124226e-10
1 693 2 9.309586e-10
1 694 2 4.393787e-10
1 695 2 5.988561e-10
1 696 2 1.409390e-09
1 698 2 5.680387e-11
1 699 2 2.035605e-10
1 700 2 4.402697e-10
1 701 2 1.346759e-10
1 702 2 5.347015e-10
1 703 2 4.898096e-10
1 706 2 4.730163e-10
1 707 2 4.997491e-10
1 708 2 8.019793e-11
1 711 2 8.635934e-12
1 712 2 2.590780e-11
1 714 2 9.975519e-09
1 715 2 1.120467e-08
1 716 2 3.687437e-09
1 717 2 1.904664e-09
1 718 2 1.406325e-09
1 719 2 3.019940e-09
1 720 2 6.745513e-09
1 721 2 7.257625e-08
1 722 2 1.434164e-07
1 723 2 2.509744e-07
1 724 2 3.952502e-07
1 725 2 4.282180e-07
1 726 2 4.521249e-07
1 727 2 4.196842e-07
1 728 2 3.308955e-07
1 729 2 1.583827e-07
1 730 2 7.835240e-08
1 731 2 3.565899e-08
1 732 2 3.030261e-08
1 733 2 3.139107e-08
1 734 2 3.062029e-08
1 735 2 4.354958e-08
1 736 2 7.017895e-08
1 737 2 5.493673e-08
1 738 2 5.754452e-08
1 739 2 1.209301e-07
1 740 2 2.450935e-07
1 741 2 3.458070e-07
1 742 2 1.376841e-07
1 743 2 2.267367e-08
1 744 2 7.756276e-10
1 745 2 5.427245e-09
1 746 2 3.698904e-09
1 747 2 3.593921e-09
1 748 2 5.112288e-09
1 749 2 9.495232e-12
1 750 2 4.682135e-09
1 751 2 4.931549e-09
1 752 2 7.577410e-10
1 753 2 1.635382e-09
1 754 2 6.620584e-09
1 755 2 6.244896e-09
1 756 2 5.083213e-10
1 757 2 4.968890e-10
1 758 2 5.462010e-10
1 759 2 8.663227e-10
1 760 2 1.457254e-09
1 761 2 5.968594e-09
1 762 2 2.414506e-09
1 763 2 4.709440e-10
1 764 2 1.379087e-10
1 765 2 2.931009e-11
1 766 2 3.086509e-11
1 767 2 2.205455e-10
1 768 2 5.983513e-10
1 770 2 1.062810e-10
1 771 2 1.396650e-10
1 772 2 1.001520e-10
1 773 2 7.842179e-10
1 774 2 6.454308e-10
1 775 2 4.788481e-09
1 776 2 1.321337e-08
1 777 2 5.960098e-08
1 778 2 1.988322e-08
1 779 2 1.662415e-09
1 780 2 4.938533e-09
1 781 2 4.745033e-09
1 782 2 5.746052e-09
1 783 2 2.181620e-08
1 784 2 5.295545e-08
1 785 2 1.014139e-07
1 786 2 6.146902e-08
1 787 2 2.972917e-08
1 788 2 6.194401e-09
1 789 2 3.730471e-09
1 790 2 4.182841e-09
1 791 2 3.634968e-09
1 792 2 2.086853e-09
1 795 2 1.128212e-10
1 796 2 3.384635e-10
1 797 2 8.420043e-10
1 798 2 6.088988e-10
1 799 2 3.898533e-10
1 800 2 1.848673e-10
1 801 2 2.268825e-11
1 802 2 7.562750e-12
1 803 2 1.435097e-11
1 804 2 4.305289e-11
1 814 2 2.028902e-08
1 815 2 7.643757e-08
1 816 2 1.684457e-07
1 817 2 1.133170e-07
1 818 2 1.680555e-07
1 819 2 3.138876e-07
1 820 2 5.508132e-07
1 821 2 4.022267e-07
1 822 2 3.380316e-07
1 823 2 2.822002e-07
1 824 2 2.347323e-07
1 825 2 1.638180e-07
1 826 2 2.633411e-07
1 827 2 2.494648e-07
1 828 2 1.221892e-07
1 829 2 1.079627e-07
1 830 2 1.117930e-07
1 831 2 1.231843e-07
1 832 2 1.421368e-07
1 833 2 1.596828e-07
1 834 2 1.078003e-07
1 835 2 1.208172e-07
1 836 2 1.987334e-07
1 837 2 1.596843e-07
1 838 2 7.773134e-08
1 839 2 3.743256e-08
1 840 2 3.878791e-08
1 841 2 4.286994e-08
1 842 2 2.449855e-08
1 843 2 1.862187e-08
1 844 2 2.523990e-08
1 845 2 3.692080e-09
1 846 2 4.885347e-09
1 847 2 3.901435e-09
1 848 2 7.403421e-10
1 849 2 6.450670e-09
1 850 2 4.310592e-09
1 851 2 2.226566e-09
1 852 2 1.985940e-10
1 853 2 1.850472e-10
1 854 2 1.616494e-10
1 855 2 1.980420e-10
1 856 2 2.942249e-10
1 857 2 4.390684e-09
1 858 2 1.624666e-09
1 859 2 2.779591e-10
1 860 2 3.505624e-10
1 861 2 2.779599e-11
1 862 2 9.265331e-12
1 865 2 7.261430e-11
1 866 2 1.546980e-10
1 867 2 3.530668e-10
1 868 2 6.677213e-10
1 869 2 5.531595e-11
1 870 2 1.843866e-11
1 871 2 4.388121e-10
1 872 2 1.316436e-09
1 875 2 1.350652e-10
1 876 2 4.051955e-10
1 877 2 2.486407e-09
1 878 2 6.108529e-09
1 879 2 3.206735e-08
1 880 2 8.036284e-08
1 881 2 1.413890e-07
1 882 2 2.862198e-07
1 883 2 2.592312e-07
1 884 2 6.042314e-08
1 885 2 5.226122e-08
1 886 2 3.306455e-08
1 887 2 1.696670e-08
1 888 2 3.967670e-09
1 889 2 1.856893e-10
1 890 2 3.664649e-10
1 891 2 1.122550e-09
1 892 2 2.453944e-09
1 893 2 1.320966e-09
1 894 2 7.333599e-09
1 895 2 7.762561e-09
1 896 2 2.607849e-09
1 897 2 1.134743e-09
1 898 2 3.782478e-10
1 903 2 8.879079e-12
1 904 2 2.663724e-11
1 909 2 4.046499e-11
1 910 2 4.632145e-08
1 911 2 2.422363e-07
1 912 2 5.877848e-07
1 913 2 4.121111e-07
1 914 2 5.028934e-07
1 915 2 5.651987e-07
1 916 2 5.990265e-07
1 917 2 2.627264e-07
1 918 2 1.980362e-07
1 919 2 1.399931e-07
1 920 2 8.859703e-08
1 921 2 1.026194e-07
1 922 2 3.259760e-07
1 923 2 3.497305e-07
1 924 2 1.738823e-07
1 925 2 1.713238e-07
1 926 2 1.910539e-07
1 927 2 1.872569e-07
1 928 2 1.599329e-07
1 929 2 1.430253e-07
1 930 2 7.562224e-08
1 931 2 4.299517e-08
1 932 2 4.514412e-08
1 933 2 2.584597e-08
1 934 2 4.881850e-08
1 935 2 6.260148e-08
1 936 2 6.719487e-08
1 937 2 5.638214e-08
1 938 2 2.912779e-08
1 939 2 2.633637e-08
1 940 2 4.800789e-08
1 941 2 1.153599e-08
1 942 2 8.246954e-09
1 943 2 6.010874e-09
1 944 2 4.827751e-09
1 945 2 1.326373e-08
1 946 2 9.780360e-09
1 947 2 5.669907e-09
1 948 2 9.323719e-10
1 949 2 7.189345e-09
1 950 2 7.411785e-09
1 951 2 5.015336e-09
1 954 2 2.143474e-09
1 955 2 2.268310e-09
1 956 2 3.745089e-10
1 961 2 1.162395e-10
1 962 2 3.874652e-11
1 963 2 2.906767e-10
1 964 2 8.720300e-10
1 974 2 1.402674e-09
1 975 2 6.515666e-08
1 976 2 1.912620e-07
1 977 2 1.194839e-07
1 978 2 3.963370e-07
1 979 2 3.875358e-07
1 980 2 9.308038e-08
1 981 2 1.203627e-07
1 982 2 1.368545e-07
1 983 2 1.138081e-07
1 984 2 5.122348e-08
1 985 2 2.273340e-08
1 986 2 3.144614e-08
1 987 2 3.390067e-08
1 988 2 3.009694e-08
1 989 2 1.857047e-07
1 990 2 1.135904e-07
1 991 2 6.362220e-08
1 992 2 3.580029e-08
1 993 2 8.205127e-09
1 994 2 1.279903e-08
1 995 2 1.006399e-08
1 999 2 2.097040e-11
1 1000 2 6.291120e-11
1 1001 2 7.945878e-12
1 1002 2 2.648626e-12
1 1005 2 6.477558e-11
1 1006 2 3.477935e-08
1 1007 2 2.641279e-07
1 1008 2 6.881102e-07
1 1009 2 7.721730e-07
1 1010 2 9.656016e-07
1 1011 2 9.177346e-07
1 1012 2 6.285726e-07
1 1013 2 4.947879e-07
1 1014 2 3.195880e-07
1 1015 2 1.866525e-07
1 1016 2 9.598109e-08
1 1017 2 1.754232e-07
1 1018 2 2.219601e-07
1 1019 2 1.960593e-07
1 1020 2 9.772086e-08
1 1021 2 1.274607e-07
1 1022 2 1.448474e-07
1 1023 2 1.381898e-07
1 1024 2 1.074877e-07
1 1025 2 1.560885e-08
1 1026 2 1.511559e-08
1 1027 2 1.487324e-08
1 1028 2 1.488181e-08
1 1029 2 2.494389e-08
1 1030 2 2.859685e-08
1 1031 2 3.124843e-08
1 1032 2 3.289861e-08
1 1033 2 1.611224e-08
1 1034 2 5.370748e-09
1 1035 2 1.243462e-08
1 1036 2 3.730387e-08
1 1037 2 1.322725e-08
1 1038 2 9.390236e-09
1 1039 2 8.096995e-09
1 1040 2 9.347518e-09
1 1041 2 1.868402e-08
1 1042 2 2.346796e-08
1 1043 2 2.166280e-08
1 1044 2 1.326851e-08
1 1045 2 1.820034e-08
1 1046 2 1.709545e-08
1 1047 2 1.102867e-08
1 1050 2 3.161886e-09
1 1051 2 3.161886e-09
1 1070 2 8.820571e-10
1 1071 2 1.291029e-07
1 1072 2 3.846625e-07
1 1073 2 1.411870e-07
1 1074 2 1.177938e-07
1 1075 2 8.355083e-08
1 1076 2 3.845811e-08
1 1077 2 1.068521e-07
1 1078 2 2.435113e-07
1 1079 2 3.267569e-07
1 1080 2 3.565893e-07
1 1081 2 3.913953e-07
1 1082 2 3.772076e-07
1 1083 2 3.750698e-07
1 1084 2 3.849821e-07
1 1085 2 8.221420e-07
1 1086 2 3.757331e-07
1 1087 2 1.298266e-07
1 1088 2 8.442233e-08
1 1089 2 1.370608e-08
1 1090 2 2.593774e-08
1 1091 2 2.136904e-08
1 1095 2 1.434712e-11
1 1096 2 4.304136e-11
1 1097 2 2.440572e-11
1 1098 2 8.135242e-12
1 1102 2 2.589615e-08
1 1103 2 9.550387e-08
1 1104 2 2.088231e-07
1 1105 2 5.412887e-07
1 1106 2 7.052496e-07
1 1107 2 6.914592e-07
1 1108 2 4.999187e-07
1 1109 2 4.849090e-07
1 1110 2 3.004031e-07
1 1111 2 1.749637e-07
1 1112 2 1.085911e-07
1 1113 2 1.513177e-07
1 1114 2 1.983854e-07
1 1115 2 1.813010e-07
1 1116 2 1.000646e-07
1 1117 2 3.947815e-08
1 1118 2 4.009590e-08
1 1119 2 4.053359e-08
1 1120 2 4.079118e-08
1 1121 2 9.844150e-10
1 1122 2 1.833418e-08
1 1123 2 2.295468e-08
1 1124 2 1.484590e-08
1 1125 2 6.533862e-09
1 1126 2 8.384500e-09
1 1127 2 1.082044e-08
1 1128 2 1.384169e-08
1 1129 2 9.111249e-09
1 1130 2 3.037083e-09
1 1131 2 3.771481e-10
1 1132 2 1.131445e-09
1 1133 2 4.245779e-09
1 1134 2 1.817546e-09
1 1135 2 3.637501e-09
1 1136 2 9.705637e-09
1 1137 2 3.017503e-08
1 1138 2 4.513239e-08
1 1139 2 4.747798e-08
1 1140 2 3.721179e-08
1 1141 2 1.562167e-08
1 1142 2 7.595123e-08
1 1143 2 7.123776e-08
1 1144 2 1.481310e-09
1 1158 2 9.672717e-13
1 1159 2 9.672717e-13
1 1167 2 6.441108e-08
1 1168 2 1.932333e-07
1 1169 2 5.692853e-08
1 1170 2 8.183665e-08
1 1171 2 9.707984e-08
1 1172 2 1.026581e-07
1 1173 2 1.045586e-07
1 1174 2 1.968728e-07
1 1175 2 4.667949e-07
1 1176 2 9.143244e-07
1 1177 2 1.356754e-06
1 1178 2 1.210907e-06
1 1179 2 1.186858e-06
1 1180 2 1.284609e-06
1 1181 2 1.541499e-06
1 1182 2 5.577813e-07
1 1183 2 5.993981e-08
1 1184 2 4.797377e-08
1 1185 2 1.368752e-10
1 1186 2 4.562506e-11
1 1193 2 3.709255e-10
1 1194 2 1.236419e-10
1 1198 2 1.117211e-07
1 1199 2 2.135815e-07
1 1200 2 3.055810e-07
1 1201 2 3.885087e-07
1 1202 2 4.716576e-07
1 1203 2 5.209499e-07
1 1204 2 5.363851e-07
1 1205 2 1.325589e-07
1 1206 2 1.290618e-07
1 1207 2 1.222804e-07
1 1208 2 1.122147e-07
1 1209 2 2.908947e-08
1 1210 2 3.648533e-08
1 1211 2 5.953468e-08
1 1212 2 9.823754e-08
1 1213 2 6.260613e-08
1 1214 2 3.373903e-08
1 1215 2 1.419519e-08
1 1216 2 3.974615e-09
1 1217 2 1.854545e-08
1 1218 2 2.762440e-08
1 1219 2 3.140758e-08
1 1220 2 2.989502e-08
1 1221 2 1.587657e-08
1 1222 2 1.814903e-08
1 1223 2 2.539439e-08
1 1224 2 3.761269e-08
1 1225 2 2.672499e-08
1 1226 2 9.635302e-09
1 1227 2 9.381338e-10
1 1228 2 6.334840e-10
1 1229 2 5.691059e-09
1 1230 2 1.616028e-08
1 1231 2 3.843650e-08
1 1232 2 7.251971e-08
1 1233 2 5.282793e-08
1 1234 2 6.569348e-08
1 1235 2 5.991574e-08
1 1236 2 3.549474e-08
1 1237 2 8.096947e-09
1 1238 2 2.359369e-07
1 1239 2 2.347412e-07
1 1240 2 4.509878e-09
1 1254 2 4.077363e-12
1 1255 2 4.077363e-12
1 1263 2 8.140071e-08
1 1264 2 2.442021e-07
1 1265 2 1.399729e-07
1 1266 2 1.482556e-07
1 1267 2 1.615285e-07
1 1268 2 1.797914e-07
1 1269 2 2.448096e-07
1 1270 2 2.649274e-07
1 1271 2 4.369165e-07
1 1272 2 7.607773e-07
1 1273 2 1.622157e-06
1 1274 2 1.394081e-06
1 1275 2 1.338891e-06
1 1276 2 1.456588e-06
1 1277 2 1.235728e-06
1 1278 2 4.127428e-07
1 1279 2 8.332274e-10
1 1281 2 9.913744e-12
1 1282 2 3.304582e-12
1 1289 2 1.684427e-09
1 1290 2 5.614754e-10
1 1294 2 1.673247e-07
1 1295 2 3.223674e-07
1 1296 2 4.651277e-07
1 1297 2 2.166402e-07
1 1298 2 1.092946e-07
1 1299 2 1.086642e-07
1 1300 2 2.147490e-07
1 1301 2 1.873563e-07
1 1302 2 1.430017e-07
1 1303 2 1.180065e-07
1 1304 2 1.123709e-07
1 1305 2 9.912372e-08
1 1306 2 8.173963e-08
1 1307 2 6.946795e-08
1 1308 2 6.230868e-08
1 1309 2 8.362378e-08
1 1310 2 5.634862e-08
1 1311 2 3.448656e-08
1 1312 2 1.803757e-08
1 1313 2 7.292222e-08
1 1314 2 9.871523e-08
1 1315 2 9.662279e-08
1 1316 2 6.664494e-08
1 1317 2 2.691904e-09
1 1318 2 2.440390e-08
1 1319 2 2.455452e-08
1 1320 2 3.143741e-09
1 1321 2 1.412994e-09
1 1322 2 3.570236e-09
1 1323 2 4.983404e-09
1 1324 2 5.652494e-09
1 1325 2 2.845791e-08
1 1326 2 8.351964e-08
1 1327 2 1.652448e-07
1 1328 2 2.736333e-07
1 1329 2 1.150155e-07
1 1330 2 1.655086e-07
1 1331 2 1.582757e-07
1 1332 2 9.331657e-08
1 1333 2 2.030542e-07
1 1334 2 2.848459e-07
1 1335 2 2.174462e-07
1 1336 2 8.550320e-10
1 1359 2 1.100855e-07
1 1360 2 3.302565e-07
1 1361 2 6.433927e-07
1 1362 2 2.684926e-07
1 1363 2 9.386176e-08
1 1364 2 1.195000e-07
1 1365 2 9.579838e-08
1 1366 2 2.892477e-07
1 1367 2 3.742649e-07
1 1368 2 3.508505e-07
1 1369 2 8.228683e-07
1 1370 2 7.889405e-07
1 1371 2 6.800920e-07
1 1372 2 4.963230e-07
1 1375 2 4.370684e-11
1 1376 2 1.311205e-10
1 1379 2 7.499089e-13
1 1380 2 2.249727e-12
1 1385 2 1.456500e-09
1 1386 2 4.855002e-10
1 1387 2 1.540161e-10
1 1388 2 4.620482e-10
1 1390 2 9.687885e-08
1 1391 2 1.579949e-07
1 1392 2 1.833481e-07
1 1393 2 7.574685e-08
1 1394 2 7.720947e-08
1 1395 2 9.658939e-08
1 1396 2 1.338867e-07
1 1397 2 2.842381e-08
1 1398 2 4.102518e-08
1 1399 2 4.168280e-08
1 1400 2 3.039670e-08
1 1401 2 8.966695e-08
1 1402 2 1.086160e-07
1 1403 2 1.479426e-07
1 1404 2 2.076468e-07
1 1405 2 1.384015e-07
1 1406 2 1.800939e-07
1 1407 2 1.571723e-07
1 1408 2 6.963685e-08
1 1409 2 2.853175e-08
1 1410 2 1.775024e-08
1 1411 2 2.304593e-08
1 1412 2 4.441880e-08
1 1413 2 9.115720e-09
1 1414 2 3.044127e-09
1 1415 2 5.553014e-12
1 1417 2 2.937683e-09
1 1418 2 1.218333e-09
1 1419 2 7.190096e-09
1 1420 2 2.085297e-08
1 1421 2 3.087457e-08
1 1422 2 1.240920e-07
1 1423 2 1.732714e-07
1 1424 2 1.784128e-07
1 1425 2 5.837365e-08
1 1426 2 7.637683e-07
1 1427 2 9.617064e-07
1 1428 2 6.521882e-07
1 1429 2 1.257093e-06
1 1430 2 5.760094e-07
1 1431 2 1.569785e-07
1 1455 2 6.205418e-11
1 1456 2 1.861626e-10
1 1457 2 4.967951e-07
1 1458 2 3.776797e-07
1 1459 2 2.484567e-07
1 1460 2 1.091262e-07
1 1461 2 1.187347e-07
1 1462 2 5.221059e-07
1 1463 2 6.454806e-07
1 1464 2 4.888591e-07
1 1465 2 4.240160e-07
1 1466 2 5.662746e-07
1 1467 2 4.410812e-07
1 1468 2 4.843565e-08
1 1471 2 6.417417e-10
1 1472 2 1.925225e-09
1 1475 2 1.101081e-11
1 1476 2 3.303244e-11
1 1483 2 2.261398e-09
1 1484 2 6.784195e-09
1 1486 2 4.038948e-08
1 1487 2 4.368400e-08
1 1488 2 9.883585e-09
1 1489 2 5.651738e-08
1 1490 2 1.326393e-07
1 1491 2 1.389634e-07
1 1492 2 7.548959e-08
1 1493 2 2.018950e-08
1 1494 2 2.453774e-08
1 1495 2 3.903953e-08
1 1496 2 6.369486e-08
1 1497 2 4.157313e-07
1 1498 2 3.013053e-07
1 1499 2 1.887878e-07
1 1500 2 7.817905e-08
1 1501 2 4.067867e-07
1 1502 2 2.666483e-07
1 1503 2 1.383270e-07
1 1504 2 2.182279e-08
1 1505 2 3.152883e-09
1 1506 2 5.024835e-09
1 1507 2 1.028874e-07
1 1508 2 2.967404e-07
1 1509 2 1.054612e-07
1 1510 2 3.523529e-08
1 1511 2 8.153417e-11
1 1513 2 2.046945e-11
1 1514 2 2.531547e-11
1 1515 2 2.366259e-09
1 1516 2 7.043300e-09
1 1517 2 5.118005e-09
1 1518 2 3.729003e-08
1 1519 2 6.375539e-08
1 1520 2 8.451411e-08
1 1521 2 1.758953e-07
1 1522 2 1.528532e-07
1 1523 2 1.660432e-07
1 1524 2 2.154653e-07
1 1525 2 6.697738e-09
1 1526 2 2.232579e-09
1 1554 2 1.609495e-08
1 1555 2 3.043238e-08
1 1556 2 4.301231e-08
1 1557 2 2.905114e-08
1 1558 2 4.339457e-07
1 1559 2 4.771153e-07
1 1560 2 1.585599e-07
1 1561 2 2.000359e-08
1 1562 2 5.662827e-07
1 1563 2 5.622548e-07
1 1564 2 7.920422e-09
1 1579 2 1.491648e-08
1 1580 2 4.474944e-08
1 1581 2 1.300489e-08
1 1582 2 4.969877e-09
1 1583 2 1.159470e-09
1 1584 2 1.573667e-09
1 1585 2 1.614912e-09
1 1586 2 9.254569e-08
1 1587 2 9.545585e-08
1 1588 2 1.034543e-08
1 1589 2 5.465999e-08
1 1590 2 1.070570e-07
1 1591 2 9.134123e-08
1 1592 2 7.512888e-09
1 1593 2 2.656970e-07
1 1594 2 1.169101e-07
1 1595 2 5.611630e-08
1 1596 2 8.331563e-08
1 1597 2 4.147563e-07
1 1598 2 3.279898e-07
1 1599 2 2.001114e-07
1 1600 2 3.112136e-08
1 1601 2 1.189274e-08
1 1602 2 4.449518e-08
1 1603 2 6.535120e-08
1 1604 2 7.446083e-08
1 1605 2 2.262360e-07
1 1606 2 9.820131e-08
1 1607 2 2.623006e-08
1 1608 2 1.032226e-08
1 1609 2 1.172435e-08
1 1610 2 1.546159e-08
1 1611 2 1.542052e-08
1 1612 2 1.160116e-08
1 1613 2 9.266192e-09
1 1614 2 1.911098e-08
1 1615 2 2.747575e-08
1 1616 2 3.436051e-08
1 1617 2 6.311605e-08
1 1618 2 3.684814e-08
1 1619 2 1.580946e-08
1 1638 2 3.361343e-10
1 1639 2 3.361343e-10
1 1650 2 4.634057e-09
1 1651 2 1.996098e-08
1 1652 2 4.598079e-08
1 1653 2 1.456289e-07
1 1654 2 1.070467e-07
1 1655 2 6.197750e-08
1 1656 2 1.042131e-08
1 1657 2 1.314732e-09
1 1658 2 1.703834e-07
1 1659 2 1.730806e-07
1 1660 2 9.406338e-09
1 1675 2 1.159108e-09
1 1676 2 3.477323e-09
1 1677 2 1.695066e-09
1 1678 2 6.067515e-10
1 1679 2 7.620591e-11
1 1680 2 1.034289e-10
1 1681 2 1.216193e-10
1 1682 2 7.143869e-09
1 1683 2 7.760295e-09
1 1684 2 1.970903e-09
1 1685 2 3.616072e-09
1 1686 2 8.376793e-09
1 1687 2 7.935836e-09
1 1688 2 2.293196e-09
1 1689 2 5.448940e-08
1 1690 2 6.560654e-08
1 1691 2 5.950737e-08
1 1692 2 3.619188e-08
1 1693 2 3.511995e-07
1 1694 2 3.254544e-07
1 1695 2 3.001855e-07
1 1696 2 2.753932e-07
1 1697 2 3.863590e-09
1 1698 2 8.428689e-08
1 1699 2 1.147306e-07
1 1700 2 9.519469e-08
1 1701 2 9.198102e-08
1 1702 2 6.256477e-08
1 1703 2 6.363264e-08
1 1704 2 9.518467e-08
1 1705 2 3.722073e-08
1 1706 2 1.579108e-08
1 1707 2 1.733482e-08
1 1708 2 4.185194e-08
1 1709 2 1.214877e-08
1 1710 2 1.731098e-07
1 1711 2 1.928725e-07
1 1712 2 7.143710e-08
1 1713 2 2.009322e-07
1 1714 2 6.830491e-08
1 1715 2 1.327536e-09
1 1734 2 2.109260e-08
1 1735 2 2.109260e-08
1 1746 2 5.048094e-10
1 1747 2 5.265026e-09
1 1748 2 1.428065e-08
1 1749 2 2.750198e-07
1 1750 2 3.883986e-07
1 1751 2 3.381472e-07
1 1752 2 1.242660e-07
1 1753 2 4.019674e-08
1 1754 2 3.394662e-08
1 1755 2 2.820953e-08
1 1756 2 2.298544e-08
1 1757 2 2.406972e-08
1 1758 2 9.407238e-08
1 1759 2 8.811718e-08
1 1760 2 6.204185e-09
1 1771 2 8.032218e-10
1 1772 2 2.409665e-09
1 1773 2 1.655577e-10
1 1774 2 5.518591e-11
1 1777 2 6.370146e-11
1 1778 2 6.553685e-10
1 1779 2 6.948773e-10
1 1780 2 1.822273e-10
1 1781 2 3.325131e-12
1 1782 2 1.892211e-10
1 1783 2 2.727795e-10
1 1784 2 2.540003e-10
1 1785 2 5.748012e-09
1 1786 2 1.059367e-07
1 1787 2 1.441407e-07
1 1788 2 1.203601e-07
1 1789 2 4.937144e-08
1 1790 2 4.415983e-08
1 1791 2 5.104377e-08
1 1792 2 7.002322e-08
1 1793 2 4.350384e-10
1 1794 2 1.279204e-08
1 1795 2 8.531512e-08
1 1796 2 2.180043e-07
1 1797 2 9.025313e-08
1 1798 2 4.994925e-08
1 1799 2 2.821080e-08
1 1800 2 2.503781e-08
1 1801 2 6.814813e-09
1 1802 2 1.921643e-08
1 1803 2 2.077188e-08
1 1804 2 1.148116e-08
1 1805 2 3.214586e-08
1 1806 2 4.761123e-08
1 1807 2 4.068332e-08
1 1808 2 1.136217e-08
1 1809 2 2.924921e-08
1 1810 2 9.790456e-09
1 1811 2 4.071855e-11
1 1827 2 1.012782e-10
1 1828 2 3.038346e-10
1 1830 2 4.809105e-09
1 1831 2 4.809105e-09
1 1843 2 6.237792e-10
1 1844 2 1.871338e-09
1 1845 2 6.535711e-08
1 1846 2 1.160979e-07
1 1847 2 1.272890e-07
1 1848 2 9.893042e-08
1 1849 2 2.834694e-08
1 1850 2 9.893864e-09
1 1851 2 4.556810e-09
1 1852 2 1.233579e-08
1 1853 2 5.500260e-09
1 1854 2 2.603767e-08
1 1855 2 3.076677e-08
1 1856 2 1.968754e-08
1 1865 2 7.338872e-12
1 1866 2 3.456450e-10
1 1867 2 2.390375e-09
1 1868 2 6.141530e-09
1 1869 2 1.072648e-11
1 1870 2 1.701177e-09
1 1871 2 1.761638e-09
1 1872 2 1.921105e-10
1 1873 2 3.321794e-11
1 1874 2 3.786313e-10
1 1875 2 3.675585e-10
1 1881 2 2.116259e-08
1 1882 2 3.107160e-08
1 1883 2 4.745331e-08
1 1884 2 7.030764e-08
1 1885 2 2.075616e-08
1 1886 2 1.385385e-08
1 1887 2 9.423090e-09
1 1888 2 7.463867e-09
1 1890 2 2.986979e-10
1 1891 2 2.728060e-08
1 1892 2 8.094570e-08
1 1893 2 8.850991e-08
1 1894 2 5.101472e-08
1 1895 2 2.240244e-08
1 1896 2 2.673054e-09
1 1897 2 7.846686e-10
1 1898 2 2.509583e-08
1 1899 2 5.866885e-08
1 1900 2 1.015037e-07
1 1901 2 1.327537e-08
1 1902 2 7.437049e-09
1 1903 2 3.143147e-09
1 1904 2 3.936689e-10
1 1905 2 5.008706e-08
1 1906 2 1.669569e-08
1 1911 2 6.219542e-10
1 1912 2 1.865863e-09
1 1923 2 3.349840e-11
1 1924 2 1.004952e-10
1 1941 2 2.363987e-09
1 1942 2 9.881844e-09
1 1943 2 1.702590e-08
1 1944 2 2.379616e-08
1 1945 2 3.568726e-08
1 1946 2 1.685413e-08
1 1947 2 9.646199e-09
1 1948 2 1.406346e-08
1 1949 2 1.209393e-07
1 1950 2 1.279852e-07
1 1951 2 1.046730e-07
1 1952 2 5.100278e-08
1 1953 2 2.936966e-09
1 1954 2 9.789886e-10
1 1961 2 2.427379e-12
1 1962 2 1.143243e-10
1 1963 2 1.022939e-09
1 1964 2 2.728271e-09
1 1965 2 8.807420e-10
1 1966 2 2.815015e-09
1 1967 2 3.557064e-09
1 1968 2 3.106887e-09
1 1969 2 2.571122e-09
1 1970 2 1.276096e-08
1 1971 2 1.299208e-08
1 1972 2 3.264505e-09
1 1973 2 6.916036e-10
1 1974 2 5.423641e-10
1 1975 2 4.136648e-10
1 1976 2 3.055057e-10
1 1977 2 1.040436e-08
1 1978 2 4.238777e-09
1 1979 2 7.447544e-09
1 1980 2 2.003066e-08
1 1981 2 8.723118e-09
1 1982 2 5.212377e-09
1 1983 2 2.335520e-09
1 1984 2 9.254896e-11
1 1987 2 4.494275e-09
1 1988 2 1.348283e-08
1 1989 2 1.151921e-07
1 1990 2 5.734561e-08
1 1991 2 1.894822e-08
1 1993 2 8.006051e-10
1 1994 2 2.902620e-08
1 1995 2 9.162661e-08
1 1996 2 1.886018e-07
1 1997 2 2.237497e-08
1 1998 2 7.458324e-09
1 1999 2 2.327732e-09
1 2000 2 6.983196e-09
1 2001 2 3.672635e-08
1 2002 2 1.235664e-08
1 2003 2 1.145246e-10
1 2006 2 4.597959e-09
1 2007 2 4.803673e-09
1 2008 2 6.171460e-10
1 2039 2 7.029201e-11
1 2040 2 2.108760e-10
1 2041 2 1.329578e-08
1 2042 2 1.718733e-08
1 2043 2 2.638791e-08
1 2044 2 4.089748e-08
1 2045 2 1.023330e-07
1 2046 2 9.021646e-08
1 2047 2 8.668470e-08
1 2048 2 9.173766e-08
1 2049 2 2.185170e-09
1 2050 2 7.283900e-10
1 2059 2 1.315617e-10
1 2060 2 3.946851e-10
1 2061 2 2.362937e-09
1 2062 2 3.369344e-09
1 2063 2 4.527404e-09
1 2064 2 5.837122e-09
1 2065 2 1.971966e-08
1 2066 2 3.283022e-08
1 2067 2 2.733455e-08
1 2068 2 3.232605e-09
1 2069 2 3.125581e-10
1 2070 2 4.107152e-10
1 2071 2 3.525519e-10
1 2072 2 1.380678e-10
1 2073 2 1.556505e-09
1 2074 2 3.029340e-09
1 2075 2 3.514888e-09
1 2076 2 3.013155e-09
1 2077 2 1.001768e-09
1 2078 2 3.404413e-10
1 2079 2 6.518616e-12
1 2083 2 3.349380e-10
1 2084 2 1.004814e-09
1 2085 2 6.849890e-08
1 2086 2 3.410292e-08
1 2087 2 1.126995e-08
1 2089 2 3.344191e-10
1 2090 2 3.705474e-08
1 2091 2 6.686333e-08
1 2092 2 8.976016e-08
1 2093 2 2.782724e-08
1 2094 2 9.275748e-09
1 2095 2 1.892210e-09
1 2096 2 5.676629e-09
1 2097 2 2.452812e-08
1 2098 2 1.053760e-08
1 2099 2 2.460724e-09
1 2100 2 2.974842e-10
1 2102 2 2.077966e-09
1 2103 2 2.077966e-09
1 2105 2 5.085377e-11
1 2106 2 5.218586e-11
1 2107 2 3.523463e-11
1 2109 2 4.909596e-11
1 2110 2 1.142890e-10
1 2111 2 9.792365e-11
1 2137 2 1.900450e-11
1 2138 2 6.295036e-09
1 2139 2 2.299458e-08
1 2140 2 5.011764e-08
1 2141 2 7.263756e-08
1 2142 2 3.499201e-08
1 2143 2 2.577575e-08
1 2144 2 4.498875e-08
1 2145 2 2.018816e-09
1 2146 2 1.207815e-09
1 2147 2 5.348762e-10
1 2157 2 1.174448e-09
1 2158 2 1.630580e-09
1 2159 2 6.969514e-09
1 2160 2 1.719125e-08
1 2161 2 4.062090e-08
1 2162 2 3.316782e-07
1 2163 2 3.190139e-07
1 2164 2 2.627682e-09
1 2166 2 9.898348e-11
1 2167 2 9.898348e-11
1 2170 2 1.454865e-09
1 2171 2 1.555885e-09
1 2172 2 3.030606e-10
1 2173 2 1.776033e-10
1 2174 2 5.920110e-11
1 2179 2 1.345937e-10
1 2180 2 4.037810e-10
1 2181 2 1.611389e-08
1 2182 2 8.772253e-09
1 2183 2 3.400955e-09
1 2185 2 1.964146e-11
1 2186 2 2.612324e-08
1 2187 2 5.492487e-08
1 2188 2 8.642453e-08
1 2189 2 4.991810e-08
1 2190 2 2.768852e-08
1 2191 2 1.397049e-08
1 2192 2 8.763970e-09
1 2193 2 9.686919e-09
1 2194 2 4.609576e-09
1 2195 2 1.439872e-09
1 2196 2 1.778104e-10
1 2201 2 3.039601e-11
1 2202 2 3.119222e-11
1 2203 2 2.106021e-11
1 2205 2 2.934532e-11
1 2206 2 6.831208e-11
1 2207 2 5.853028e-11
1 2231 2 6.927023e-12
1 2232 2 2.078107e-11
1 2233 2 5.891941e-11
1 2234 2 1.824192e-09
1 2235 2 1.659682e-08
1 2236 2 4.437682e-08
1 2237 2 3.426636e-08
1 2238 2 1.182681e-08
1 2239 2 1.013353e-09
1 2240 2 1.825978e-09
1 2241 2 1.301725e-09
1 2242 2 1.709331e-09
1 2243 2 3.358939e-09
1 2244 2 6.250553e-09
1 2254 2 1.749884e-10
1 2255 2 3.933424e-09
1 2256 2 1.127531e-08
1 2257 2 2.292182e-08
1 2258 2 2.577404e-07
1 2259 2 2.506694e-07
1 2260 2 1.708858e-09
1 2265 2 3.011582e-09
1 2266 2 4.808031e-09
1 2267 2 3.807378e-09
1 2268 2 9.626260e-12
1 2269 2 1.204157e-10
1 2270 2 4.013855e-11
1 2273 2 5.077409e-11
1 2274 2 1.692469e-11
1 2275 2 1.044851e-10
1 2276 2 3.134555e-10
1 2278 2 1.390740e-10
1 2279 2 1.390740e-10
1 2282 2 8.490969e-09
1 2283 2 4.454530e-08
1 2284 2 1.081630e-07
1 2285 2 3.122607e-08
1 2286 2 2.025520e-08
1 2287 2 1.634040e-08
1 2288 2 1.948165e-08
1 2289 2 1.131765e-09
1 2290 2 5.608587e-10
1 2291 2 1.024564e-09
1 2292 2 2.522881e-09
1 2293 2 1.291994e-10
1 2294 2 4.306645e-11
1 2301 2 7.664891e-11
1 2302 2 2.554964e-11
1 2327 2 6.927023e-12
1 2328 2 2.078107e-11
1 2329 2 5.891941e-11
1 2330 2 4.187256e-09
1 2331 2 1.601454e-08
1 2332 2 3.554078e-08
1 2333 2 3.105878e-10
1 2334 2 1.529033e-09
1 2335 2 2.253703e-09
1 2336 2 2.484596e-09
1 2337 2 2.984125e-09
1 2338 2 2.374106e-09
1 2339 2 4.126756e-09
1 2340 2 8.242077e-09
1 2341 2 8.164944e-09
1 2342 2 1.720817e-08
1 2343 2 1.449012e-08
1 2344 2 1.078390e-11
1 2346 2 4.141515e-12
1 2347 2 1.550375e-11
1 2348 2 3.408671e-11
1 2349 2 6.211346e-12
1 2350 2 2.070449e-12
1 2354 2 1.387231e-08
1 2355 2 3.597516e-08
1 2356 2 6.630857e-08
1 2357 2 3.718571e-09
1 2358 2 1.298360e-09
1 2359 2 1.558521e-10
1 2360 2 2.910473e-10
1 2361 2 3.477185e-09
1 2362 2 6.637696e-09
1 2363 2 5.552519e-09
1 2364 2 2.216546e-10
1 2367 2 5.077613e-11
1 2368 2 1.523284e-10
1 2369 2 5.077409e-11
1 2370 2 1.692469e-11
1 2374 2 4.157371e-12
1 2375 2 4.157371e-12
1 2377 2 1.870798e-11
1 2378 2 7.936682e-10
1 2379 2 2.385425e-08
1 2380 2 6.920045e-08
1 2381 2 8.983828e-09
1 2382 2 5.453406e-09
1 2383 2 7.649393e-09
1 2384 2 1.557179e-08
1 2385 2 2.226116e-09
1 2386 2 1.098072e-09
1 2387 2 1.209923e-09
1 2388 2 2.561669e-09
1 2389 2 1.642531e-10
1 2390 2 4.540060e-10
1 2391 2 4.235764e-10
1 2392 2 7.296352e-11
1 2393 2 1.317390e-10
1 2394 2 4.391302e-11
1 2397 2 7.664891e-11
1 2398 2 2.554964e-11
1 2402 2 6.395782e-11
1 2403 2 6.573670e-11
1 2404 2 5.336619e-12
1 2426 2 3.065705e-09
1 2427 2 1.036219e-08
1 2428 2 2.188946e-08
1 2429 2 9.239920e-10
1 2430 2 2.551016e-09
1 2431 2 3.818120e-09
1 2432 2 4.725301e-09
1 2433 2 3.673263e-09
1 2434 2 2.114023e-09
1 2435 2 2.038811e-09
1 2436 2 3.447626e-09
1 2437 2 1.335295e-08
1 2438 2 4.560351e-08
1 2439 2 4.815069e-08
1 2440 2 2.099444e-08
1 2442 2 5.334938e-12
1 2443 2 1.997133e-11
1 2444 2 4.390918e-11
1 2445 2 8.001216e-12
1 2446 2 2.667072e-12
1 2450 2 1.337291e-09
1 2451 2 3.904580e-08
1 2452 2 1.131255e-07
1 2453 2 4.790117e-09
1 2454 2 1.672497e-09
1 2455 2 2.007627e-10
1 2456 2 3.749159e-10
1 2457 2 7.676746e-10
1 2458 2 6.055093e-09
1 2459 2 5.890243e-09
1 2460 2 2.731267e-10
1 2463 2 6.540786e-11
1 2464 2 1.962236e-10
1 2465 2 2.516899e-10
1 2466 2 1.246137e-10
1 2467 2 9.619144e-11
1 2468 2 1.664231e-10
1 2470 2 2.309531e-11
1 2471 2 3.194317e-11
1 2472 2 2.654362e-11
1 2473 2 2.409890e-11
1 2474 2 2.222804e-11
1 2475 2 8.206519e-09
1 2476 2 2.457697e-08
1 2477 2 3.662428e-08
1 2478 2 2.015648e-08
1 2479 2 9.609174e-09
1 2480 2 4.982371e-09
1 2481 2 1.920969e-09
1 2482 2 9.481400e-10
1 2483 2 3.244718e-10
1 2484 2 4.996459e-11
1 2485 2 4.274287e-10
1 2486 2 4.215950e-09
1 2487 2 4.497075e-09
1 2488 2 1.270797e-09
1 2489 2 1.697011e-10
1 2490 2 7.809547e-11
1 2491 2 2.274284e-11
1 2492 2 3.643218e-12
1 2494 2 1.887951e-11
1 2495 2 1.887951e-11
1 2498 2 1.665993e-10
1 2499 2 1.711745e-10
1 2500 2 1.372544e-11
1 2503 2 1.050191e-11
1 2504 2 3.150575e-11
1 2522 2 3.630331e-11
1 2523 2 9.604846e-09
1 2524 2 2.870562e-08
1 2525 2 1.839830e-09
1 2526 2 1.471902e-09
1 2527 2 2.128530e-09
1 2528 2 3.809716e-09
1 2529 2 6.474700e-10
1 2530 2 6.391877e-10
1 2531 2 1.424628e-09
1 2532 2 3.003788e-09
1 2533 2 7.239387e-09
1 2534 2 5.657206e-08
1 2535 2 6.585938e-08
1 2536 2 3.510135e-08
1 2547 2 1.592397e-08
1 2548 2 4.777191e-08
1 2551 2 8.435379e-10
1 2552 2 2.530613e-09
1 2553 2 4.604372e-09
1 2554 2 8.743760e-09
1 2555 2 7.228811e-09
1 2556 2 5.952334e-11
1 2557 2 5.556064e-11
1 2558 2 1.852021e-11
1 2561 2 4.241505e-10
1 2562 2 2.095048e-10
1 2563 2 1.609323e-10
1 2564 2 2.784329e-10
1 2566 2 2.967967e-11
1 2567 2 4.621353e-11
1 2568 2 4.960160e-11
1 2570 2 2.374896e-11
1 2571 2 2.374896e-11
1 2573 2 4.436754e-08
1 2574 2 2.552307e-08
1 2575 2 1.227541e-08
1 2576 2 4.624528e-09
1 2577 2 5.886251e-10
1 2578 2 9.374069e-10
1 2579 2 1.039932e-09
1 2580 2 8.961995e-10
1 2581 2 9.958800e-10
1 2582 2 6.315447e-09
1 2583 2 6.639770e-09
1 2584 2 1.968849e-09
1 2585 2 5.237097e-11
1 2586 2 5.347498e-11
1 2587 2 3.804971e-11
1 2588 2 6.095258e-12
1 2590 2 3.643353e-11
1 2591 2 3.643353e-11
1 2594 2 2.522850e-10
1 2595 2 2.558232e-10
1 2596 2 1.061454e-11
1 2599 2 3.170751e-11
1 2600 2 9.512254e-11
1 2601 2 2.638590e-10
1 2602 2 8.795302e-11
1 2619 2 1.582668e-08
1 2620 2 4.748005e-08
1 2621 2 5.547006e-09
1 2622 2 5.859730e-09
1 2623 2 7.975058e-09
1 2624 2 1.189299e-08
1 2625 2 4.157016e-09
1 2626 2 2.638898e-09
1 2627 2 6.865478e-09
1 2628 2 1.683676e-08
1 2629 2 8.890627e-09
1 2630 2 4.182742e-08
1 2631 2 3.886390e-08
1 2643 2 3.331995e-10
1 2644 2 9.995981e-10
1 2645 2 1.824277e-10
1 2646 2 6.080924e-11
1 2647 2 2.456655e-09
1 2648 2 7.369964e-09
1 2649 2 1.174046e-08
1 2650 2 6.748907e-09
1 2651 2 2.919671e-09
1 2652 2 2.527473e-10
1 2653 2 1.426168e-10
1 2654 2 4.753893e-11
1 2657 2 6.776947e-12
1 2658 2 2.258982e-12
1 2663 2 3.830220e-12
1 2664 2 1.149066e-11
1 2669 2 3.555278e-11
1 2670 2 1.185093e-11
1 2673 2 1.580163e-09
1 2674 2 2.177347e-09
1 2675 2 2.345475e-09
1 2676 2 2.084548e-09
1 2677 2 7.992408e-10
1 2678 2 3.325869e-10
1 2679 2 3.798606e-10
1 2680 2 9.410626e-10
1 2681 2 1.158824e-10
1 2682 2 3.862747e-11
1 2685 2 9.491820e-10
1 2686 2 3.271197e-10
1 2687 2 4.830615e-11
1 2688 2 1.127411e-10
1 2689 2 9.740562e-11
1 2690 2 4.073041e-10
1 2691 2 3.748355e-10
1 2694 2 4.578358e-12
1 2695 2 3.018545e-11
1 2696 2 7.682130e-11
1 2697 2 7.977444e-10
1 2698 2 2.659148e-10
1 2715 2 4.717909e-10
1 2716 2 1.415373e-09
1 2717 2 1.182655e-08
1 2718 2 1.543385e-08
1 2719 2 2.125978e-08
1 2720 2 2.930433e-08
1 2721 2 8.750638e-09
1 2722 2 9.712555e-09
1 2723 2 2.572334e-08
1 2724 2 5.678298e-08
1 2725 2 3.572583e-08
1 2726 2 1.946764e-08
1 2727 2 7.559028e-09
1 2739 2 1.844894e-10
1 2740 2 5.534683e-10
1 2741 2 7.492973e-10
1 2742 2 2.571493e-10
1 2743 2 2.331203e-09
1 2744 2 6.971458e-09
1 2745 2 7.323119e-09
1 2746 2 3.450811e-09
1 2747 2 1.131753e-09
1 2748 2 3.659454e-10
1 2749 2 4.728935e-10
1 2750 2 1.576312e-10
1 2751 2 8.053061e-10
1 2752 2 2.415918e-09
1 2766 2 7.904900e-10
1 2767 2 2.093098e-09
1 2768 2 3.907824e-09
1 2769 2 1.032434e-09
1 2770 2 1.335262e-09
1 2771 2 1.115180e-09
1 2772 2 3.721896e-10
1 2773 2 8.702137e-10
1 2774 2 3.318760e-10
1 2775 2 1.661772e-09
1 2776 2 4.859900e-09
1 2781 2 2.869731e-09
1 2782 2 9.565771e-10
1 2783 2 1.617062e-10
1 2784 2 4.851187e-10
1 2785 2 4.262573e-10
1 2786 2 1.892091e-10
1 2787 2 4.712330e-11
1 2790 2 2.003538e-11
1 2791 2 2.003538e-11
1 2813 2 7.553131e-09
1 2814 2 6.273800e-09
1 2815 2 6.069118e-09
1 2816 2 6.939082e-09
1 2817 2 7.265647e-09
1 2818 2 2.186027e-08
1 2819 2 5.894555e-08
1 2820 2 1.185215e-07
1 2821 2 1.380891e-07
1 2822 2 4.981207e-08
1 2823 2 3.782373e-09
1 2835 2 1.018439e-10
1 2836 2 3.055315e-10
1 2837 2 1.565695e-09
1 2838 2 6.027630e-10
1 2839 2 5.988837e-09
1 2840 2 1.772391e-08
1 2841 2 5.879898e-09
1 2842 2 1.960772e-09
1 2843 2 8.062800e-13
1 2845 2 1.809099e-09
1 2846 2 6.030331e-10
1 2847 2 3.524105e-09
1 2848 2 1.057231e-08
1 2862 2 3.487998e-09
1 2863 2 9.253041e-09
1 2864 2 1.729513e-08
1 2865 2 1.084600e-09
1 2866 2 3.615334e-10
1 2867 2 3.884838e-10
1 2868 2 1.165452e-09
1 2869 2 3.665201e-09
1 2870 2 1.411555e-09
1 2871 2 3.491852e-09
1 2872 2 9.906088e-09
1 2873 2 1.512069e-09
1 2874 2 5.040230e-10
1 2877 2 3.370926e-10
1 2878 2 1.123642e-10
1 2879 2 2.104325e-10
1 2880 2 6.312974e-10
1 2909 2 7.757669e-09
1 2910 2 1.291098e-08
1 2911 2 1.472346e-08
1 2912 2 1.319512e-08
1 2913 2 3.844977e-08
1 2914 2 4.948098e-08
1 2915 2 1.512607e-07
1 2916 2 3.437891e-07
1 2917 2 1.863542e-07
1 2918 2 6.906738e-08
1 2919 2 6.949313e-09
1 2931 2 7.214921e-10
1 2932 2 2.164476e-09
1 2933 2 5.112216e-09
1 2934 2 2.516602e-09
1 2935 2 3.035846e-08
1 2936 2 8.863776e-08
1 2937 2 2.176265e-08
1 2938 2 7.259930e-09
1 2939 2 5.711926e-12
1 2958 2 2.772743e-10
1 2959 2 7.596753e-10
1 2960 2 1.447203e-09
1 2961 2 5.101808e-09
1 2962 2 1.700602e-09
1 2963 2 2.077422e-09
1 2964 2 6.232267e-09
1 2965 2 6.056918e-12
1 2966 2 5.373164e-10
1 2967 2 3.141481e-09
1 2968 2 7.818550e-09
1 2969 2 1.470426e-08
1 2970 2 4.901421e-09
1 2973 2 2.388063e-09
1 2974 2 7.960211e-10
1 3005 2 1.159501e-08
1 3006 2 1.903375e-08
1 3007 2 2.035074e-08
1 3008 2 1.554596e-08
1 3009 2 4.427802e-08
1 3010 2 6.594861e-08
1 3011 2 6.778391e-08
1 3012 2 4.978398e-08
1 3029 2 2.296654e-09
1 3030 2 7.894708e-09
1 3031 2 7.438865e-08
1 3032 2 2.017784e-07
1 3033 2 5.149007e-08
1 3034 2 1.716336e-08
1 3054 2 1.122027e-09
1 3055 2 1.488919e-09
1 3056 2 1.100676e-09
1 3057 2 1.953191e-09
1 3058 2 6.510636e-10
1 3061 2 9.215575e-11
1 3062 2 4.086531e-09
1 3063 2 4.565066e-09
1 3064 2 1.527764e-09
1 3065 2 6.074289e-08
1 3066 2 2.024763e-08
1 3101 2 1.033017e-07
1 3102 2 5.798365e-08
1 3103 2 6.562565e-08
1 3104 2 1.262276e-07
1 3105 2 3.439535e-08
1 3106 2 4.198970e-08
1 3107 2 3.052461e-08
1 3125 2 4.066736e-08
1 3126 2 1.594893e-08
1 3127 2 1.131655e-08
1 3128 2 2.677021e-08
1 3129 2 5.365502e-09
1 3130 2 1.788500e-09
1 3151 2 1.852932e-08
1 3152 2 5.558795e-08
1 3153 2 4.227898e-09
1 3154 2 1.409300e-09
1 3155 2 2.982951e-11
1 3156 2 8.948853e-11
1 3157 2 3.533493e-09
1 3158 2 1.567076e-09
1 3159 2 3.845184e-09
1 3160 2 1.036781e-08
1 3161 2 8.729384e-08
1 3162 2 2.909795e-08
1 3169 2 3.315945e-11
1 3170 2 1.105315e-11
1 3197 2 4.619156e-08
1 3198 2 4.318317e-08
1 3199 2 3.974630e-08
1 3200 2 3.588093e-08
1 3201 2 3.301725e-07
1 3202 2 1.158384e-07
1 3203 2 5.780905e-09
1 3221 2 1.775800e-08
1 3222 2 8.298802e-09
1 3223 2 3.168516e-09
1 3224 2 2.367132e-09
1 3225 2 3.654259e-10
1 3226 2 1.218086e-10
1 3247 2 1.507910e-09
1 3248 2 4.523731e-09
1 3249 2 2.879477e-10
1 3250 2 9.598259e-11
1 3251 2 2.031586e-12
1 3252 2 6.094757e-12
1 3253 2 3.152814e-08
1 3254 2 3.258613e-08
1 3255 2 3.834479e-08
1 3256 2 4.880413e-08
1 3257 2 1.933009e-08
1 3258 2 6.443365e-09
1 3261 2 4.267720e-11
1 3262 2 1.705561e-08
1 3263 2 1.936091e-08
1 3264 2 6.958604e-09
1 3265 2 4.853741e-12
1 3266 2 1.617914e-12
1 3293 2 4.478119e-08
1 3294 2 3.484661e-08
1 3295 2 2.478391e-08
1 3296 2 1.459307e-08
1 3297 2 6.009548e-08
1 3298 2 2.057371e-08
1 3299 2 5.418803e-10
1 3317 2 2.193922e-09
1 3318 2 1.055747e-09
1 3319 2 3.509774e-10
1 3320 2 7.961451e-11
1 3343 2 3.599986e-11
1 3344 2 1.079996e-10
1 3349 2 4.579733e-09
1 3350 2 9.491940e-09
1 3351 2 1.813316e-08
1 3352 2 3.050342e-08
1 3353 2 2.025678e-09
1 3354 2 6.752263e-10
1 3357 2 3.043832e-10
1 3358 2 1.221818e-08
1 3359 2 1.651986e-08
1 3360 2 1.320944e-08
1 3389 2 1.451293e-08
1 3390 2 2.174006e-08
1 3391 2 4.723770e-08
1 3392 2 9.100589e-08
1 3393 2 8.998651e-09
1 3394 2 2.999550e-09
1 3446 2 1.123933e-09
1 3447 2 4.221196e-09
1 3448 2 9.291792e-09
1 3449 2 1.576783e-11
1 3450 2 5.255942e-12
1 3453 2 5.029360e-10
1 3454 2 3.588249e-08
1 3455 2 3.667884e-08
1 3456 2 2.892036e-09
1 3485 2 2.156797e-09
1 3486 2 2.090955e-08
1 3487 2 9.358634e-08
1 3488 2 2.201872e-07
1 3489 2 1.207448e-08
1 3490 2 4.024827e-09
1 3543 2 4.271198e-10
1 3544 2 1.281360e-09
1 3549 2 2.774770e-09
1 3550 2 2.084218e-08
1 3551 2 1.992774e-08
1 3552 2 3.145485e-11
1 3581 2 5.760914e-09
1 3582 2 2.104625e-08
1 3583 2 9.333229e-08
1 3584 2 2.226191e-07
1 3585 2 6.158957e-08
1 3586 2 2.055955e-08
1 3587 2 2.968776e-11
1 3645 2 1.236802e-09
1 3646 2 4.377295e-09
1 3647 2 3.969966e-09
1 3648 2 1.481401e-11
1 3677 2 3.495414e-09
1 3678 2 8.841570e-09
1 3679 2 3.542394e-08
1 3680 2 8.324252e-08
1 3681 2 3.554219e-08
1 3682 2 1.186594e-08
1 3683 2 1.854580e-11
1 3774 2 2.806986e-10
1 3775 2 2.806986e-10
