1 25 2 5.121979e-05
1 26 2 3.721437e-04
1 27 2 2.791078e-03
1 28 2 2.390923e-04
1 29 2 4.381693e-04
1 30 2 5.772229e-05
1 31 2 2.460950e-05
1 32 2 2.741058e-05
1 33 2 3.821476e-05
1 34 2 8.123136e-07
1 35 2 6.462495e-04
1 36 2 1.850715e-04
1 37 2 1.160448e-02
1 38 2 2.761065e-02
1 39 2 5.852259e-03
1 40 2 3.051177e-03
1 41 2 6.832640e-03
1 42 2 1.250483e-02
1 43 2 1.990769e-04
1 44 2 2.040788e-04
1 45 2 3.181229e-04
1 46 2 9.653730e-05
1 47 2 1.430553e-04
1 48 2 5.051950e-05
1 49 2 2.490962e-05
1 50 2 1.620626e-04
1 51 2 6.532522e-04
1 52 2 9.003475e-03
1 53 2 2.040788e-02
1 54 2 1.490575e-02
1 55 2 1.600618e-02
1 56 2 1.760680e-02
1 57 2 8.903436e-04
1 58 2 1.610622e-06
1 59 2 4.131594e-07
1 60 2 2.140827e-02
1 61 2 7.943068e-02
1 62 2 3.561374e-02
1 63 2 2.631016e-02
1 64 2 1.580611e-02
1 65 2 8.083120e-03
1 66 2 5.512127e-03
1 67 2 2.951141e-03
1 68 2 9.063499e-04
1 69 2 2.601004e-03
1 70 2 2.190846e-03
1 71 2 1.470567e-04
1 72 2 2.791078e-07
1 74 2 8.453265e-08
1 76 2 8.743377e-03
1 77 2 2.951141e-02
1 78 2 5.432098e-02
1 79 2 1.280495e-01
1 80 2 3.161220e-02
1 81 2 2.010776e-06
1 83 2 1.300503e-04
1 84 2 1.790691e-02
1 85 2 2.801082e-02
1 86 2 1.130437e-02
1 87 2 1.850715e-02
1 88 2 1.510583e-02
1 89 2 8.503285e-03
1 90 2 2.661029e-03
1 91 2 8.103130e-04
1 92 2 1.200463e-02
1 93 2 3.451332e-02
1 94 2 2.761065e-02
1 97 2 3.651411e-06
1 98 2 4.641792e-04
1 101 2 1.550599e-03
1 102 2 2.550985e-02
1 103 2 1.420549e-02
1 104 2 2.611008e-03
1 107 2 6.432485e-04
1 108 2 2.280881e-04
1 109 2 1.820703e-03
1 110 2 2.360912e-03
1 111 2 1.100425e-02
1 112 2 2.120819e-02
1 113 2 7.943068e-03
1 114 2 8.863420e-03
1 115 2 3.601391e-03
1 116 2 5.982311e-03
1 117 2 4.221631e-03
1 118 2 2.240865e-05
1 121 2 1.140441e-06
1 126 2 4.561762e-04
1 127 2 2.741058e-03
1 128 2 8.643337e-03
1 129 2 2.020780e-04
1 131 2 3.761453e-05
1 132 2 5.972305e-04
1 133 2 1.170452e-02
1 134 2 2.891118e-05
1 135 2 5.862265e-04
1 136 2 1.550599e-04
1 137 2 1.740672e-04
1 138 2 2.871108e-03
1 139 2 7.202781e-03
1 140 2 2.360912e-03
1 141 2 9.313597e-04
1 142 2 1.230475e-04
1 143 2 1.920742e-06
1 144 2 4.521745e-06
1 145 2 8.643337e-06
1 146 2 1.450560e-06
1 147 2 3.001160e-06
1 150 2 2.430939e-07
1 151 2 1.670645e-03
1 152 2 5.091966e-04
1 153 2 5.632176e-04
1 154 2 3.661414e-03
1 155 2 1.070413e-06
1 156 2 1.660641e-07
1 157 2 2.921128e-03
1 158 2 2.240865e-04
1 159 2 6.162380e-04
1 160 2 6.322442e-06
1 161 2 1.550599e-05
1 162 2 2.000773e-06
1 163 2 1.110429e-03
1 164 2 1.700657e-03
1 165 2 1.900734e-04
1 166 2 2.591000e-04
1 167 2 6.542525e-06
1 168 2 1.410545e-05
1 169 2 1.370529e-05
1 170 2 1.360525e-06
1 171 2 9.573699e-06
1 175 2 1.700657e-05
1 176 2 1.900734e-03
1 177 2 9.613714e-03
1 178 2 4.501739e-03
1 181 2 3.491348e-05
1 182 2 3.781460e-03
1 183 2 9.973856e-04
1 184 2 1.800695e-04
1 188 2 3.781460e-04
1 189 2 2.120819e-04
1 190 2 4.161608e-04
1 191 2 8.573311e-04
1 192 2 7.893048e-05
1 193 2 4.481730e-07
1 200 2 7.152762e-03
1 201 2 5.802242e-03
1 206 2 1.190459e-03
1 207 2 7.092739e-05
1 212 2 7.442873e-04
1 213 2 5.702203e-05
1 214 2 2.170838e-03
1 215 2 1.330513e-03
1 216 2 1.350521e-03
1 224 2 7.482890e-03
1 225 2 1.300503e-03
1 238 2 1.670645e-05
1 240 2 5.121979e-04
2 25 2 5.121979e-05
2 26 2 3.721437e-04
2 27 2 2.791078e-03
2 28 2 2.390923e-04
2 29 2 4.381693e-04
2 30 2 5.772229e-05
2 31 2 2.460950e-05
2 32 2 2.741058e-05
2 33 2 3.821476e-05
2 34 2 8.123136e-07
2 35 2 6.462495e-04
2 36 2 1.850715e-04
2 37 2 1.160448e-02
2 38 2 2.761065e-02
2 39 2 5.852259e-03
2 40 2 3.051177e-03
2 41 2 6.832640e-03
2 42 2 1.250483e-02
2 43 2 1.990769e-04
2 44 2 2.040788e-04
2 45 2 3.181229e-04
2 46 2 9.653730e-05
2 47 2 1.430553e-04
2 48 2 5.051950e-05
2 49 2 2.490962e-05
2 50 2 1.620626e-04
2 51 2 6.532522e-04
2 52 2 9.003475e-03
2 53 2 2.040788e-02
2 54 2 1.490575e-02
2 55 2 1.600618e-02
2 56 2 1.760680e-02
2 57 2 8.903436e-04
2 58 2 1.610622e-06
2 59 2 4.131594e-07
2 60 2 2.140827e-02
2 61 2 7.943068e-02
2 62 2 3.561374e-02
2 63 2 2.631016e-02
2 64 2 1.580611e-02
2 65 2 8.083120e-03
2 66 2 5.512127e-03
2 67 2 2.951141e-03
2 68 2 9.063499e-04
2 69 2 2.601004e-03
2 70 2 2.190846e-03
2 71 2 1.470567e-04
2 72 2 2.791078e-07
2 74 2 8.453265e-08
2 76 2 8.743377e-03
2 77 2 2.951141e-02
2 78 2 5.432098e-02
2 79 2 1.280495e-01
2 80 2 3.161220e-02
2 81 2 2.010776e-06
2 83 2 1.300503e-04
2 84 2 1.790691e-02
2 85 2 2.801082e-02
2 86 2 1.130437e-02
2 87 2 1.850715e-02
2 88 2 1.510583e-02
2 89 2 8.503285e-03
2 90 2 2.661029e-03
2 91 2 8.103130e-04
2 92 2 1.200463e-02
2 93 2 3.451332e-02
2 94 2 2.761065e-02
2 97 2 3.651411e-06
2 98 2 4.641792e-04
2 101 2 1.550599e-03
2 102 2 2.550985e-02
2 103 2 1.420549e-02
2 104 2 2.611008e-03
2 107 2 6.432485e-04
2 108 2 2.280881e-04
2 109 2 1.820703e-03
2 110 2 2.360912e-03
2 111 2 1.100425e-02
2 112 2 2.120819e-02
2 113 2 7.943068e-03
2 114 2 8.863420e-03
2 115 2 3.601391e-03
2 116 2 5.982311e-03
2 117 2 4.221631e-03
2 118 2 2.240865e-05
2 121 2 1.140441e-06
2 126 2 4.561762e-04
2 127 2 2.741058e-03
2 128 2 8.643337e-03
2 129 2 2.020780e-04
2 131 2 3.761453e-05
2 132 2 5.972305e-04
2 133 2 1.170452e-02
2 134 2 2.891118e-05
2 135 2 5.862265e-04
2 136 2 1.550599e-04
2 137 2 1.740672e-04
2 138 2 2.871108e-03
2 139 2 7.202781e-03
2 140 2 2.360912e-03
2 141 2 9.313597e-04
2 142 2 1.230475e-04
2 143 2 1.920742e-06
2 144 2 4.521745e-06
2 145 2 8.643337e-06
2 146 2 1.450560e-06
2 147 2 3.001160e-06
2 150 2 2.430939e-07
2 151 2 1.670645e-03
2 152 2 5.091966e-04
2 153 2 5.632176e-04
2 154 2 3.661414e-03
2 155 2 1.070413e-06
2 156 2 1.660641e-07
2 157 2 2.921128e-03
2 158 2 2.240865e-04
2 159 2 6.162380e-04
2 160 2 6.322442e-06
2 161 2 1.550599e-05
2 162 2 2.000773e-06
2 163 2 1.110429e-03
2 164 2 1.700657e-03
2 165 2 1.900734e-04
2 166 2 2.591000e-04
2 167 2 6.542525e-06
2 168 2 1.410545e-05
2 169 2 1.370529e-05
2 170 2 1.360525e-06
2 171 2 9.573699e-06
2 175 2 1.700657e-05
2 176 2 1.900734e-03
2 177 2 9.613714e-03
2 178 2 4.501739e-03
2 181 2 3.491348e-05
2 182 2 3.781460e-03
2 183 2 9.973856e-04
2 184 2 1.800695e-04
2 188 2 3.781460e-04
2 189 2 2.120819e-04
2 190 2 4.161608e-04
2 191 2 8.573311e-04
2 192 2 7.893048e-05
2 193 2 4.481730e-07
2 200 2 7.152762e-03
2 201 2 5.802242e-03
2 206 2 1.190459e-03
2 207 2 7.092739e-05
2 212 2 7.442873e-04
2 213 2 5.702203e-05
2 214 2 2.170838e-03
2 215 2 1.330513e-03
2 216 2 1.350521e-03
2 224 2 7.482890e-03
2 225 2 1.300503e-03
2 238 2 1.670645e-05
2 240 2 5.121979e-04
3 25 2 5.121979e-05
3 26 2 3.721437e-04
3 27 2 2.791078e-03
3 28 2 2.390923e-04
3 29 2 4.381693e-04
3 30 2 5.772229e-05
3 31 2 2.460950e-05
3 32 2 2.741058e-05
3 33 2 3.821476e-05
3 34 2 8.123136e-07
3 35 2 6.462495e-04
3 36 2 1.850715e-04
3 37 2 1.160448e-02
3 38 2 2.761065e-02
3 39 2 5.852259e-03
3 40 2 3.051177e-03
3 41 2 6.832640e-03
3 42 2 1.250483e-02
3 43 2 1.990769e-04
3 44 2 2.040788e-04
3 45 2 3.181229e-04
3 46 2 9.653730e-05
3 47 2 1.430553e-04
3 48 2 5.051950e-05
3 49 2 2.490962e-05
3 50 2 1.620626e-04
3 51 2 6.532522e-04
3 52 2 9.003475e-03
3 53 2 2.040788e-02
3 54 2 1.490575e-02
3 55 2 1.600618e-02
3 56 2 1.760680e-02
3 57 2 8.903436e-04
3 58 2 1.610622e-06
3 59 2 4.131594e-07
3 60 2 2.140827e-02
3 61 2 7.943068e-02
3 62 2 3.561374e-02
3 63 2 2.631016e-02
3 64 2 1.580611e-02
3 65 2 8.083120e-03
3 66 2 5.512127e-03
3 67 2 2.951141e-03
3 68 2 9.063499e-04
3 69 2 2.601004e-03
3 70 2 2.190846e-03
3 71 2 1.470567e-04
3 72 2 2.791078e-07
3 74 2 8.453265e-08
3 76 2 8.743377e-03
3 77 2 2.951141e-02
3 78 2 5.432098e-02
3 79 2 1.280495e-01
3 80 2 3.161220e-02
3 81 2 2.010776e-06
3 83 2 1.300503e-04
3 84 2 1.790691e-02
3 85 2 2.801082e-02
3 86 2 1.130437e-02
3 87 2 1.850715e-02
3 88 2 1.510583e-02
3 89 2 8.503285e-03
3 90 2 2.661029e-03
3 91 2 8.103130e-04
3 92 2 1.200463e-02
3 93 2 3.451332e-02
3 94 2 2.761065e-02
3 97 2 3.651411e-06
3 98 2 4.641792e-04
3 101 2 1.550599e-03
3 102 2 2.550985e-02
3 103 2 1.420549e-02
3 104 2 2.611008e-03
3 107 2 6.432485e-04
3 108 2 2.280881e-04
3 109 2 1.820703e-03
3 110 2 2.360912e-03
3 111 2 1.100425e-02
3 112 2 2.120819e-02
3 113 2 7.943068e-03
3 114 2 8.863420e-03
3 115 2 3.601391e-03
3 116 2 5.982311e-03
3 117 2 4.221631e-03
3 118 2 2.240865e-05
3 121 2 1.140441e-06
3 126 2 4.561762e-04
3 127 2 2.741058e-03
3 128 2 8.643337e-03
3 129 2 2.020780e-04
3 131 2 3.761453e-05
3 132 2 5.972305e-04
3 133 2 1.170452e-02
3 134 2 2.891118e-05
3 135 2 5.862265e-04
3 136 2 1.550599e-04
3 137 2 1.740672e-04
3 138 2 2.871108e-03
3 139 2 7.202781e-03
3 140 2 2.360912e-03
3 141 2 9.313597e-04
3 142 2 1.230475e-04
3 143 2 1.920742e-06
3 144 2 4.521745e-06
3 145 2 8.643337e-06
3 146 2 1.450560e-06
3 147 2 3.001160e-06
3 150 2 2.430939e-07
3 151 2 1.670645e-03
3 152 2 5.091966e-04
3 153 2 5.632176e-04
3 154 2 3.661414e-03
3 155 2 1.070413e-06
3 156 2 1.660641e-07
3 157 2 2.921128e-03
3 158 2 2.240865e-04
3 159 2 6.162380e-04
3 160 2 6.322442e-06
3 161 2 1.550599e-05
3 162 2 2.000773e-06
3 163 2 1.110429e-03
3 164 2 1.700657e-03
3 165 2 1.900734e-04
3 166 2 2.591000e-04
3 167 2 6.542525e-06
3 168 2 1.410545e-05
3 169 2 1.370529e-05
3 170 2 1.360525e-06
3 171 2 9.573699e-06
3 175 2 1.700657e-05
3 176 2 1.900734e-03
3 177 2 9.613714e-03
3 178 2 4.501739e-03
3 181 2 3.491348e-05
3 182 2 3.781460e-03
3 183 2 9.973856e-04
3 184 2 1.800695e-04
3 188 2 3.781460e-04
3 189 2 2.120819e-04
3 190 2 4.161608e-04
3 191 2 8.573311e-04
3 192 2 7.893048e-05
3 193 2 4.481730e-07
3 200 2 7.152762e-03
3 201 2 5.802242e-03
3 206 2 1.190459e-03
3 207 2 7.092739e-05
3 212 2 7.442873e-04
3 213 2 5.702203e-05
3 214 2 2.170838e-03
3 215 2 1.330513e-03
3 216 2 1.350521e-03
3 224 2 7.482890e-03
3 225 2 1.300503e-03
3 238 2 1.670645e-05
3 240 2 5.121979e-04
4 25 2 5.121979e-05
4 26 2 3.721437e-04
4 27 2 2.791078e-03
4 28 2 2.390923e-04
4 29 2 4.381693e-04
4 30 2 5.772229e-05
4 31 2 2.460950e-05
4 32 2 2.741058e-05
4 33 2 3.821476e-05
4 34 2 8.123136e-07
4 35 2 6.462495e-04
4 36 2 1.850715e-04
4 37 2 1.160448e-02
4 38 2 2.761065e-02
4 39 2 5.852259e-03
4 40 2 3.051177e-03
4 41 2 6.832640e-03
4 42 2 1.250483e-02
4 43 2 1.990769e-04
4 44 2 2.040788e-04
4 45 2 3.181229e-04
4 46 2 9.653730e-05
4 47 2 1.430553e-04
4 48 2 5.051950e-05
4 49 2 2.490962e-05
4 50 2 1.620626e-04
4 51 2 6.532522e-04
4 52 2 9.003475e-03
4 53 2 2.040788e-02
4 54 2 1.490575e-02
4 55 2 1.600618e-02
4 56 2 1.760680e-02
4 57 2 8.903436e-04
4 58 2 1.610622e-06
4 59 2 4.131594e-07
4 60 2 2.140827e-02
4 61 2 7.943068e-02
4 62 2 3.561374e-02
4 63 2 2.631016e-02
4 64 2 1.580611e-02
4 65 2 8.083120e-03
4 66 2 5.512127e-03
4 67 2 2.951141e-03
4 68 2 9.063499e-04
4 69 2 2.601004e-03
4 70 2 2.190846e-03
4 71 2 1.470567e-04
4 72 2 2.791078e-07
4 74 2 8.453265e-08
4 76 2 8.743377e-03
4 77 2 2.951141e-02
4 78 2 5.432098e-02
4 79 2 1.280495e-01
4 80 2 3.161220e-02
4 81 2 2.010776e-06
4 83 2 1.300503e-04
4 84 2 1.790691e-02
4 85 2 2.801082e-02
4 86 2 1.130437e-02
4 87 2 1.850715e-02
4 88 2 1.510583e-02
4 89 2 8.503285e-03
4 90 2 2.661029e-03
4 91 2 8.103130e-04
4 92 2 1.200463e-02
4 93 2 3.451332e-02
4 94 2 2.761065e-02
4 97 2 3.651411e-06
4 98 2 4.641792e-04
4 101 2 1.550599e-03
4 102 2 2.550985e-02
4 103 2 1.420549e-02
4 104 2 2.611008e-03
4 107 2 6.432485e-04
4 108 2 2.280881e-04
4 109 2 1.820703e-03
4 110 2 2.360912e-03
4 111 2 1.100425e-02
4 112 2 2.120819e-02
4 113 2 7.943068e-03
4 114 2 8.863420e-03
4 115 2 3.601391e-03
4 116 2 5.982311e-03
4 117 2 4.221631e-03
4 118 2 2.240865e-05
4 121 2 1.140441e-06
4 126 2 4.561762e-04
4 127 2 2.741058e-03
4 128 2 8.643337e-03
4 129 2 2.020780e-04
4 131 2 3.761453e-05
4 132 2 5.972305e-04
4 133 2 1.170452e-02
4 134 2 2.891118e-05
4 135 2 5.862265e-04
4 136 2 1.550599e-04
4 137 2 1.740672e-04
4 138 2 2.871108e-03
4 139 2 7.202781e-03
4 140 2 2.360912e-03
4 141 2 9.313597e-04
4 142 2 1.230475e-04
4 143 2 1.920742e-06
4 144 2 4.521745e-06
4 145 2 8.643337e-06
4 146 2 1.450560e-06
4 147 2 3.001160e-06
4 150 2 2.430939e-07
4 151 2 1.670645e-03
4 152 2 5.091966e-04
4 153 2 5.632176e-04
4 154 2 3.661414e-03
4 155 2 1.070413e-06
4 156 2 1.660641e-07
4 157 2 2.921128e-03
4 158 2 2.240865e-04
4 159 2 6.162380e-04
4 160 2 6.322442e-06
4 161 2 1.550599e-05
4 162 2 2.000773e-06
4 163 2 1.110429e-03
4 164 2 1.700657e-03
4 165 2 1.900734e-04
4 166 2 2.591000e-04
4 167 2 6.542525e-06
4 168 2 1.410545e-05
4 169 2 1.370529e-05
4 170 2 1.360525e-06
4 171 2 9.573699e-06
4 175 2 1.700657e-05
4 176 2 1.900734e-03
4 177 2 9.613714e-03
4 178 2 4.501739e-03
4 181 2 3.491348e-05
4 182 2 3.781460e-03
4 183 2 9.973856e-04
4 184 2 1.800695e-04
4 188 2 3.781460e-04
4 189 2 2.120819e-04
4 190 2 4.161608e-04
4 191 2 8.573311e-04
4 192 2 7.893048e-05
4 193 2 4.481730e-07
4 200 2 7.152762e-03
4 201 2 5.802242e-03
4 206 2 1.190459e-03
4 207 2 7.092739e-05
4 212 2 7.442873e-04
4 213 2 5.702203e-05
4 214 2 2.170838e-03
4 215 2 1.330513e-03
4 216 2 1.350521e-03
4 224 2 7.482890e-03
4 225 2 1.300503e-03
4 238 2 1.670645e-05
4 240 2 5.121979e-04
5 25 2 5.121979e-05
5 26 2 3.721437e-04
5 27 2 2.791078e-03
5 28 2 2.390923e-04
5 29 2 4.381693e-04
5 30 2 5.772229e-05
5 31 2 2.460950e-05
5 32 2 2.741058e-05
5 33 2 3.821476e-05
5 34 2 8.123136e-07
5 35 2 6.462495e-04
5 36 2 1.850715e-04
5 37 2 1.160448e-02
5 38 2 2.761065e-02
5 39 2 5.852259e-03
5 40 2 3.051177e-03
5 41 2 6.832640e-03
5 42 2 1.250483e-02
5 43 2 1.990769e-04
5 44 2 2.040788e-04
5 45 2 3.181229e-04
5 46 2 9.653730e-05
5 47 2 1.430553e-04
5 48 2 5.051950e-05
5 49 2 2.490962e-05
5 50 2 1.620626e-04
5 51 2 6.532522e-04
5 52 2 9.003475e-03
5 53 2 2.040788e-02
5 54 2 1.490575e-02
5 55 2 1.600618e-02
5 56 2 1.760680e-02
5 57 2 8.903436e-04
5 58 2 1.610622e-06
5 59 2 4.131594e-07
5 60 2 2.140827e-02
5 61 2 7.943068e-02
5 62 2 3.561374e-02
5 63 2 2.631016e-02
5 64 2 1.580611e-02
5 65 2 8.083120e-03
5 66 2 5.512127e-03
5 67 2 2.951141e-03
5 68 2 9.063499e-04
5 69 2 2.601004e-03
5 70 2 2.190846e-03
5 71 2 1.470567e-04
5 72 2 2.791078e-07
5 74 2 8.453265e-08
5 76 2 8.743377e-03
5 77 2 2.951141e-02
5 78 2 5.432098e-02
5 79 2 1.280495e-01
5 80 2 3.161220e-02
5 81 2 2.010776e-06
5 83 2 1.300503e-04
5 84 2 1.790691e-02
5 85 2 2.801082e-02
5 86 2 1.130437e-02
5 87 2 1.850715e-02
5 88 2 1.510583e-02
5 89 2 8.503285e-03
5 90 2 2.661029e-03
5 91 2 8.103130e-04
5 92 2 1.200463e-02
5 93 2 3.451332e-02
5 94 2 2.761065e-02
5 97 2 3.651411e-06
5 98 2 4.641792e-04
5 101 2 1.550599e-03
5 102 2 2.550985e-02
5 103 2 1.420549e-02
5 104 2 2.611008e-03
5 107 2 6.432485e-04
5 108 2 2.280881e-04
5 109 2 1.820703e-03
5 110 2 2.360912e-03
5 111 2 1.100425e-02
5 112 2 2.120819e-02
5 113 2 7.943068e-03
5 114 2 8.863420e-03
5 115 2 3.601391e-03
5 116 2 5.982311e-03
5 117 2 4.221631e-03
5 118 2 2.240865e-05
5 121 2 1.140441e-06
5 126 2 4.561762e-04
5 127 2 2.741058e-03
5 128 2 8.643337e-03
5 129 2 2.020780e-04
5 131 2 3.761453e-05
5 132 2 5.972305e-04
5 133 2 1.170452e-02
5 134 2 2.891118e-05
5 135 2 5.862265e-04
5 136 2 1.550599e-04
5 137 2 1.740672e-04
5 138 2 2.871108e-03
5 139 2 7.202781e-03
5 140 2 2.360912e-03
5 141 2 9.313597e-04
5 142 2 1.230475e-04
5 143 2 1.920742e-06
5 144 2 4.521745e-06
5 145 2 8.643337e-06
5 146 2 1.450560e-06
5 147 2 3.001160e-06
5 150 2 2.430939e-07
5 151 2 1.670645e-03
5 152 2 5.091966e-04
5 153 2 5.632176e-04
5 154 2 3.661414e-03
5 155 2 1.070413e-06
5 156 2 1.660641e-07
5 157 2 2.921128e-03
5 158 2 2.240865e-04
5 159 2 6.162380e-04
5 160 2 6.322442e-06
5 161 2 1.550599e-05
5 162 2 2.000773e-06
5 163 2 1.110429e-03
5 164 2 1.700657e-03
5 165 2 1.900734e-04
5 166 2 2.591000e-04
5 167 2 6.542525e-06
5 168 2 1.410545e-05
5 169 2 1.370529e-05
5 170 2 1.360525e-06
5 171 2 9.573699e-06
5 175 2 1.700657e-05
5 176 2 1.900734e-03
5 177 2 9.613714e-03
5 178 2 4.501739e-03
5 181 2 3.491348e-05
5 182 2 3.781460e-03
5 183 2 9.973856e-04
5 184 2 1.800695e-04
5 188 2 3.781460e-04
5 189 2 2.120819e-04
5 190 2 4.161608e-04
5 191 2 8.573311e-04
5 192 2 7.893048e-05
5 193 2 4.481730e-07
5 200 2 7.152762e-03
5 201 2 5.802242e-03
5 206 2 1.190459e-03
5 207 2 7.092739e-05
5 212 2 7.442873e-04
5 213 2 5.702203e-05
5 214 2 2.170838e-03
5 215 2 1.330513e-03
5 216 2 1.350521e-03
5 224 2 7.482890e-03
5 225 2 1.300503e-03
5 238 2 1.670645e-05
5 240 2 5.121979e-04
6 25 2 5.121979e-05
6 26 2 3.721437e-04
6 27 2 2.791078e-03
6 28 2 2.390923e-04
6 29 2 4.381693e-04
6 30 2 5.772229e-05
6 31 2 2.460950e-05
6 32 2 2.741058e-05
6 33 2 3.821476e-05
6 34 2 8.123136e-07
6 35 2 6.462495e-04
6 36 2 1.850715e-04
6 37 2 1.160448e-02
6 38 2 2.761065e-02
6 39 2 5.852259e-03
6 40 2 3.051177e-03
6 41 2 6.832640e-03
6 42 2 1.250483e-02
6 43 2 1.990769e-04
6 44 2 2.040788e-04
6 45 2 3.181229e-04
6 46 2 9.653730e-05
6 47 2 1.430553e-04
6 48 2 5.051950e-05
6 49 2 2.490962e-05
6 50 2 1.620626e-04
6 51 2 6.532522e-04
6 52 2 9.003475e-03
6 53 2 2.040788e-02
6 54 2 1.490575e-02
6 55 2 1.600618e-02
6 56 2 1.760680e-02
6 57 2 8.903436e-04
6 58 2 1.610622e-06
6 59 2 4.131594e-07
6 60 2 2.140827e-02
6 61 2 7.943068e-02
6 62 2 3.561374e-02
6 63 2 2.631016e-02
6 64 2 1.580611e-02
6 65 2 8.083120e-03
6 66 2 5.512127e-03
6 67 2 2.951141e-03
6 68 2 9.063499e-04
6 69 2 2.601004e-03
6 70 2 2.190846e-03
6 71 2 1.470567e-04
6 72 2 2.791078e-07
6 74 2 8.453265e-08
6 76 2 8.743377e-03
6 77 2 2.951141e-02
6 78 2 5.432098e-02
6 79 2 1.280495e-01
6 80 2 3.161220e-02
6 81 2 2.010776e-06
6 83 2 1.300503e-04
6 84 2 1.790691e-02
6 85 2 2.801082e-02
6 86 2 1.130437e-02
6 87 2 1.850715e-02
6 88 2 1.510583e-02
6 89 2 8.503285e-03
6 90 2 2.661029e-03
6 91 2 8.103130e-04
6 92 2 1.200463e-02
6 93 2 3.451332e-02
6 94 2 2.761065e-02
6 97 2 3.651411e-06
6 98 2 4.641792e-04
6 101 2 1.550599e-03
6 102 2 2.550985e-02
6 103 2 1.420549e-02
6 104 2 2.611008e-03
6 107 2 6.432485e-04
6 108 2 2.280881e-04
6 109 2 1.820703e-03
6 110 2 2.360912e-03
6 111 2 1.100425e-02
6 112 2 2.120819e-02
6 113 2 7.943068e-03
6 114 2 8.863420e-03
6 115 2 3.601391e-03
6 116 2 5.982311e-03
6 117 2 4.221631e-03
6 118 2 2.240865e-05
6 121 2 1.140441e-06
6 126 2 4.561762e-04
6 127 2 2.741058e-03
6 128 2 8.643337e-03
6 129 2 2.020780e-04
6 131 2 3.761453e-05
6 132 2 5.972305e-04
6 133 2 1.170452e-02
6 134 2 2.891118e-05
6 135 2 5.862265e-04
6 136 2 1.550599e-04
6 137 2 1.740672e-04
6 138 2 2.871108e-03
6 139 2 7.202781e-03
6 140 2 2.360912e-03
6 141 2 9.313597e-04
6 142 2 1.230475e-04
6 143 2 1.920742e-06
6 144 2 4.521745e-06
6 145 2 8.643337e-06
6 146 2 1.450560e-06
6 147 2 3.001160e-06
6 150 2 2.430939e-07
6 151 2 1.670645e-03
6 152 2 5.091966e-04
6 153 2 5.632176e-04
6 154 2 3.661414e-03
6 155 2 1.070413e-06
6 156 2 1.660641e-07
6 157 2 2.921128e-03
6 158 2 2.240865e-04
6 159 2 6.162380e-04
6 160 2 6.322442e-06
6 161 2 1.550599e-05
6 162 2 2.000773e-06
6 163 2 1.110429e-03
6 164 2 1.700657e-03
6 165 2 1.900734e-04
6 166 2 2.591000e-04
6 167 2 6.542525e-06
6 168 2 1.410545e-05
6 169 2 1.370529e-05
6 170 2 1.360525e-06
6 171 2 9.573699e-06
6 175 2 1.700657e-05
6 176 2 1.900734e-03
6 177 2 9.613714e-03
6 178 2 4.501739e-03
6 181 2 3.491348e-05
6 182 2 3.781460e-03
6 183 2 9.973856e-04
6 184 2 1.800695e-04
6 188 2 3.781460e-04
6 189 2 2.120819e-04
6 190 2 4.161608e-04
6 191 2 8.573311e-04
6 192 2 7.893048e-05
6 193 2 4.481730e-07
6 200 2 7.152762e-03
6 201 2 5.802242e-03
6 206 2 1.190459e-03
6 207 2 7.092739e-05
6 212 2 7.442873e-04
6 213 2 5.702203e-05
6 214 2 2.170838e-03
6 215 2 1.330513e-03
6 216 2 1.350521e-03
6 224 2 7.482890e-03
6 225 2 1.300503e-03
6 238 2 1.670645e-05
6 240 2 5.121979e-04
7 25 2 5.121979e-05
7 26 2 3.721437e-04
7 27 2 2.791078e-03
7 28 2 2.390923e-04
7 29 2 4.381693e-04
7 30 2 5.772229e-05
7 31 2 2.460950e-05
7 32 2 2.741058e-05
7 33 2 3.821476e-05
7 34 2 8.123136e-07
7 35 2 6.462495e-04
7 36 2 1.850715e-04
7 37 2 1.160448e-02
7 38 2 2.761065e-02
7 39 2 5.852259e-03
7 40 2 3.051177e-03
7 41 2 6.832640e-03
7 42 2 1.250483e-02
7 43 2 1.990769e-04
7 44 2 2.040788e-04
7 45 2 3.181229e-04
7 46 2 9.653730e-05
7 47 2 1.430553e-04
7 48 2 5.051950e-05
7 49 2 2.490962e-05
7 50 2 1.620626e-04
7 51 2 6.532522e-04
7 52 2 9.003475e-03
7 53 2 2.040788e-02
7 54 2 1.490575e-02
7 55 2 1.600618e-02
7 56 2 1.760680e-02
7 57 2 8.903436e-04
7 58 2 1.610622e-06
7 59 2 4.131594e-07
7 60 2 2.140827e-02
7 61 2 7.943068e-02
7 62 2 3.561374e-02
7 63 2 2.631016e-02
7 64 2 1.580611e-02
7 65 2 8.083120e-03
7 66 2 5.512127e-03
7 67 2 2.951141e-03
7 68 2 9.063499e-04
7 69 2 2.601004e-03
7 70 2 2.190846e-03
7 71 2 1.470567e-04
7 72 2 2.791078e-07
7 74 2 8.453265e-08
7 76 2 8.743377e-03
7 77 2 2.951141e-02
7 78 2 5.432098e-02
7 79 2 1.280495e-01
7 80 2 3.161220e-02
7 81 2 2.010776e-06
7 83 2 1.300503e-04
7 84 2 1.790691e-02
7 85 2 2.801082e-02
7 86 2 1.130437e-02
7 87 2 1.850715e-02
7 88 2 1.510583e-02
7 89 2 8.503285e-03
7 90 2 2.661029e-03
7 91 2 8.103130e-04
7 92 2 1.200463e-02
7 93 2 3.451332e-02
7 94 2 2.761065e-02
7 97 2 3.651411e-06
7 98 2 4.641792e-04
7 101 2 1.550599e-03
7 102 2 2.550985e-02
7 103 2 1.420549e-02
7 104 2 2.611008e-03
7 107 2 6.432485e-04
7 108 2 2.280881e-04
7 109 2 1.820703e-03
7 110 2 2.360912e-03
7 111 2 1.100425e-02
7 112 2 2.120819e-02
7 113 2 7.943068e-03
7 114 2 8.863420e-03
7 115 2 3.601391e-03
7 116 2 5.982311e-03
7 117 2 4.221631e-03
7 118 2 2.240865e-05
7 121 2 1.140441e-06
7 126 2 4.561762e-04
7 127 2 2.741058e-03
7 128 2 8.643337e-03
7 129 2 2.020780e-04
7 131 2 3.761453e-05
7 132 2 5.972305e-04
7 133 2 1.170452e-02
7 134 2 2.891118e-05
7 135 2 5.862265e-04
7 136 2 1.550599e-04
7 137 2 1.740672e-04
7 138 2 2.871108e-03
7 139 2 7.202781e-03
7 140 2 2.360912e-03
7 141 2 9.313597e-04
7 142 2 1.230475e-04
7 143 2 1.920742e-06
7 144 2 4.521745e-06
7 145 2 8.643337e-06
7 146 2 1.450560e-06
7 147 2 3.001160e-06
7 150 2 2.430939e-07
7 151 2 1.670645e-03
7 152 2 5.091966e-04
7 153 2 5.632176e-04
7 154 2 3.661414e-03
7 155 2 1.070413e-06
7 156 2 1.660641e-07
7 157 2 2.921128e-03
7 158 2 2.240865e-04
7 159 2 6.162380e-04
7 160 2 6.322442e-06
7 161 2 1.550599e-05
7 162 2 2.000773e-06
7 163 2 1.110429e-03
7 164 2 1.700657e-03
7 165 2 1.900734e-04
7 166 2 2.591000e-04
7 167 2 6.542525e-06
7 168 2 1.410545e-05
7 169 2 1.370529e-05
7 170 2 1.360525e-06
7 171 2 9.573699e-06
7 175 2 1.700657e-05
7 176 2 1.900734e-03
7 177 2 9.613714e-03
7 178 2 4.501739e-03
7 181 2 3.491348e-05
7 182 2 3.781460e-03
7 183 2 9.973856e-04
7 184 2 1.800695e-04
7 188 2 3.781460e-04
7 189 2 2.120819e-04
7 190 2 4.161608e-04
7 191 2 8.573311e-04
7 192 2 7.893048e-05
7 193 2 4.481730e-07
7 200 2 7.152762e-03
7 201 2 5.802242e-03
7 206 2 1.190459e-03
7 207 2 7.092739e-05
7 212 2 7.442873e-04
7 213 2 5.702203e-05
7 214 2 2.170838e-03
7 215 2 1.330513e-03
7 216 2 1.350521e-03
7 224 2 7.482890e-03
7 225 2 1.300503e-03
7 238 2 1.670645e-05
7 240 2 5.121979e-04
8 25 2 5.121979e-05
8 26 2 3.721437e-04
8 27 2 2.791078e-03
8 28 2 2.390923e-04
8 29 2 4.381693e-04
8 30 2 5.772229e-05
8 31 2 2.460950e-05
8 32 2 2.741058e-05
8 33 2 3.821476e-05
8 34 2 8.123136e-07
8 35 2 6.462495e-04
8 36 2 1.850715e-04
8 37 2 1.160448e-02
8 38 2 2.761065e-02
8 39 2 5.852259e-03
8 40 2 3.051177e-03
8 41 2 6.832640e-03
8 42 2 1.250483e-02
8 43 2 1.990769e-04
8 44 2 2.040788e-04
8 45 2 3.181229e-04
8 46 2 9.653730e-05
8 47 2 1.430553e-04
8 48 2 5.051950e-05
8 49 2 2.490962e-05
8 50 2 1.620626e-04
8 51 2 6.532522e-04
8 52 2 9.003475e-03
8 53 2 2.040788e-02
8 54 2 1.490575e-02
8 55 2 1.600618e-02
8 56 2 1.760680e-02
8 57 2 8.903436e-04
8 58 2 1.610622e-06
8 59 2 4.131594e-07
8 60 2 2.140827e-02
8 61 2 7.943068e-02
8 62 2 3.561374e-02
8 63 2 2.631016e-02
8 64 2 1.580611e-02
8 65 2 8.083120e-03
8 66 2 5.512127e-03
8 67 2 2.951141e-03
8 68 2 9.063499e-04
8 69 2 2.601004e-03
8 70 2 2.190846e-03
8 71 2 1.470567e-04
8 72 2 2.791078e-07
8 74 2 8.453265e-08
8 76 2 8.743377e-03
8 77 2 2.951141e-02
8 78 2 5.432098e-02
8 79 2 1.280495e-01
8 80 2 3.161220e-02
8 81 2 2.010776e-06
8 83 2 1.300503e-04
8 84 2 1.790691e-02
8 85 2 2.801082e-02
8 86 2 1.130437e-02
8 87 2 1.850715e-02
8 88 2 1.510583e-02
8 89 2 8.503285e-03
8 90 2 2.661029e-03
8 91 2 8.103130e-04
8 92 2 1.200463e-02
8 93 2 3.451332e-02
8 94 2 2.761065e-02
8 97 2 3.651411e-06
8 98 2 4.641792e-04
8 101 2 1.550599e-03
8 102 2 2.550985e-02
8 103 2 1.420549e-02
8 104 2 2.611008e-03
8 107 2 6.432485e-04
8 108 2 2.280881e-04
8 109 2 1.820703e-03
8 110 2 2.360912e-03
8 111 2 1.100425e-02
8 112 2 2.120819e-02
8 113 2 7.943068e-03
8 114 2 8.863420e-03
8 115 2 3.601391e-03
8 116 2 5.982311e-03
8 117 2 4.221631e-03
8 118 2 2.240865e-05
8 121 2 1.140441e-06
8 126 2 4.561762e-04
8 127 2 2.741058e-03
8 128 2 8.643337e-03
8 129 2 2.020780e-04
8 131 2 3.761453e-05
8 132 2 5.972305e-04
8 133 2 1.170452e-02
8 134 2 2.891118e-05
8 135 2 5.862265e-04
8 136 2 1.550599e-04
8 137 2 1.740672e-04
8 138 2 2.871108e-03
8 139 2 7.202781e-03
8 140 2 2.360912e-03
8 141 2 9.313597e-04
8 142 2 1.230475e-04
8 143 2 1.920742e-06
8 144 2 4.521745e-06
8 145 2 8.643337e-06
8 146 2 1.450560e-06
8 147 2 3.001160e-06
8 150 2 2.430939e-07
8 151 2 1.670645e-03
8 152 2 5.091966e-04
8 153 2 5.632176e-04
8 154 2 3.661414e-03
8 155 2 1.070413e-06
8 156 2 1.660641e-07
8 157 2 2.921128e-03
8 158 2 2.240865e-04
8 159 2 6.162380e-04
8 160 2 6.322442e-06
8 161 2 1.550599e-05
8 162 2 2.000773e-06
8 163 2 1.110429e-03
8 164 2 1.700657e-03
8 165 2 1.900734e-04
8 166 2 2.591000e-04
8 167 2 6.542525e-06
8 168 2 1.410545e-05
8 169 2 1.370529e-05
8 170 2 1.360525e-06
8 171 2 9.573699e-06
8 175 2 1.700657e-05
8 176 2 1.900734e-03
8 177 2 9.613714e-03
8 178 2 4.501739e-03
8 181 2 3.491348e-05
8 182 2 3.781460e-03
8 183 2 9.973856e-04
8 184 2 1.800695e-04
8 188 2 3.781460e-04
8 189 2 2.120819e-04
8 190 2 4.161608e-04
8 191 2 8.573311e-04
8 192 2 7.893048e-05
8 193 2 4.481730e-07
8 200 2 7.152762e-03
8 201 2 5.802242e-03
8 206 2 1.190459e-03
8 207 2 7.092739e-05
8 212 2 7.442873e-04
8 213 2 5.702203e-05
8 214 2 2.170838e-03
8 215 2 1.330513e-03
8 216 2 1.350521e-03
8 224 2 7.482890e-03
8 225 2 1.300503e-03
8 238 2 1.670645e-05
8 240 2 5.121979e-04
9 25 2 5.121979e-05
9 26 2 3.721437e-04
9 27 2 2.791078e-03
9 28 2 2.390923e-04
9 29 2 4.381693e-04
9 30 2 5.772229e-05
9 31 2 2.460950e-05
9 32 2 2.741058e-05
9 33 2 3.821476e-05
9 34 2 8.123136e-07
9 35 2 6.462495e-04
9 36 2 1.850715e-04
9 37 2 1.160448e-02
9 38 2 2.761065e-02
9 39 2 5.852259e-03
9 40 2 3.051177e-03
9 41 2 6.832640e-03
9 42 2 1.250483e-02
9 43 2 1.990769e-04
9 44 2 2.040788e-04
9 45 2 3.181229e-04
9 46 2 9.653730e-05
9 47 2 1.430553e-04
9 48 2 5.051950e-05
9 49 2 2.490962e-05
9 50 2 1.620626e-04
9 51 2 6.532522e-04
9 52 2 9.003475e-03
9 53 2 2.040788e-02
9 54 2 1.490575e-02
9 55 2 1.600618e-02
9 56 2 1.760680e-02
9 57 2 8.903436e-04
9 58 2 1.610622e-06
9 59 2 4.131594e-07
9 60 2 2.140827e-02
9 61 2 7.943068e-02
9 62 2 3.561374e-02
9 63 2 2.631016e-02
9 64 2 1.580611e-02
9 65 2 8.083120e-03
9 66 2 5.512127e-03
9 67 2 2.951141e-03
9 68 2 9.063499e-04
9 69 2 2.601004e-03
9 70 2 2.190846e-03
9 71 2 1.470567e-04
9 72 2 2.791078e-07
9 74 2 8.453265e-08
9 76 2 8.743377e-03
9 77 2 2.951141e-02
9 78 2 5.432098e-02
9 79 2 1.280495e-01
9 80 2 3.161220e-02
9 81 2 2.010776e-06
9 83 2 1.300503e-04
9 84 2 1.790691e-02
9 85 2 2.801082e-02
9 86 2 1.130437e-02
9 87 2 1.850715e-02
9 88 2 1.510583e-02
9 89 2 8.503285e-03
9 90 2 2.661029e-03
9 91 2 8.103130e-04
9 92 2 1.200463e-02
9 93 2 3.451332e-02
9 94 2 2.761065e-02
9 97 2 3.651411e-06
9 98 2 4.641792e-04
9 101 2 1.550599e-03
9 102 2 2.550985e-02
9 103 2 1.420549e-02
9 104 2 2.611008e-03
9 107 2 6.432485e-04
9 108 2 2.280881e-04
9 109 2 1.820703e-03
9 110 2 2.360912e-03
9 111 2 1.100425e-02
9 112 2 2.120819e-02
9 113 2 7.943068e-03
9 114 2 8.863420e-03
9 115 2 3.601391e-03
9 116 2 5.982311e-03
9 117 2 4.221631e-03
9 118 2 2.240865e-05
9 121 2 1.140441e-06
9 126 2 4.561762e-04
9 127 2 2.741058e-03
9 128 2 8.643337e-03
9 129 2 2.020780e-04
9 131 2 3.761453e-05
9 132 2 5.972305e-04
9 133 2 1.170452e-02
9 134 2 2.891118e-05
9 135 2 5.862265e-04
9 136 2 1.550599e-04
9 137 2 1.740672e-04
9 138 2 2.871108e-03
9 139 2 7.202781e-03
9 140 2 2.360912e-03
9 141 2 9.313597e-04
9 142 2 1.230475e-04
9 143 2 1.920742e-06
9 144 2 4.521745e-06
9 145 2 8.643337e-06
9 146 2 1.450560e-06
9 147 2 3.001160e-06
9 150 2 2.430939e-07
9 151 2 1.670645e-03
9 152 2 5.091966e-04
9 153 2 5.632176e-04
9 154 2 3.661414e-03
9 155 2 1.070413e-06
9 156 2 1.660641e-07
9 157 2 2.921128e-03
9 158 2 2.240865e-04
9 159 2 6.162380e-04
9 160 2 6.322442e-06
9 161 2 1.550599e-05
9 162 2 2.000773e-06
9 163 2 1.110429e-03
9 164 2 1.700657e-03
9 165 2 1.900734e-04
9 166 2 2.591000e-04
9 167 2 6.542525e-06
9 168 2 1.410545e-05
9 169 2 1.370529e-05
9 170 2 1.360525e-06
9 171 2 9.573699e-06
9 175 2 1.700657e-05
9 176 2 1.900734e-03
9 177 2 9.613714e-03
9 178 2 4.501739e-03
9 181 2 3.491348e-05
9 182 2 3.781460e-03
9 183 2 9.973856e-04
9 184 2 1.800695e-04
9 188 2 3.781460e-04
9 189 2 2.120819e-04
9 190 2 4.161608e-04
9 191 2 8.573311e-04
9 192 2 7.893048e-05
9 193 2 4.481730e-07
9 200 2 7.152762e-03
9 201 2 5.802242e-03
9 206 2 1.190459e-03
9 207 2 7.092739e-05
9 212 2 7.442873e-04
9 213 2 5.702203e-05
9 214 2 2.170838e-03
9 215 2 1.330513e-03
9 216 2 1.350521e-03
9 224 2 7.482890e-03
9 225 2 1.300503e-03
9 238 2 1.670645e-05
9 240 2 5.121979e-04
10 25 2 5.121979e-05
10 26 2 3.721437e-04
10 27 2 2.791078e-03
10 28 2 2.390923e-04
10 29 2 4.381693e-04
10 30 2 5.772229e-05
10 31 2 2.460950e-05
10 32 2 2.741058e-05
10 33 2 3.821476e-05
10 34 2 8.123136e-07
10 35 2 6.462495e-04
10 36 2 1.850715e-04
10 37 2 1.160448e-02
10 38 2 2.761065e-02
10 39 2 5.852259e-03
10 40 2 3.051177e-03
10 41 2 6.832640e-03
10 42 2 1.250483e-02
10 43 2 1.990769e-04
10 44 2 2.040788e-04
10 45 2 3.181229e-04
10 46 2 9.653730e-05
10 47 2 1.430553e-04
10 48 2 5.051950e-05
10 49 2 2.490962e-05
10 50 2 1.620626e-04
10 51 2 6.532522e-04
10 52 2 9.003475e-03
10 53 2 2.040788e-02
10 54 2 1.490575e-02
10 55 2 1.600618e-02
10 56 2 1.760680e-02
10 57 2 8.903436e-04
10 58 2 1.610622e-06
10 59 2 4.131594e-07
10 60 2 2.140827e-02
10 61 2 7.943068e-02
10 62 2 3.561374e-02
10 63 2 2.631016e-02
10 64 2 1.580611e-02
10 65 2 8.083120e-03
10 66 2 5.512127e-03
10 67 2 2.951141e-03
10 68 2 9.063499e-04
10 69 2 2.601004e-03
10 70 2 2.190846e-03
10 71 2 1.470567e-04
10 72 2 2.791078e-07
10 74 2 8.453265e-08
10 76 2 8.743377e-03
10 77 2 2.951141e-02
10 78 2 5.432098e-02
10 79 2 1.280495e-01
10 80 2 3.161220e-02
10 81 2 2.010776e-06
10 83 2 1.300503e-04
10 84 2 1.790691e-02
10 85 2 2.801082e-02
10 86 2 1.130437e-02
10 87 2 1.850715e-02
10 88 2 1.510583e-02
10 89 2 8.503285e-03
10 90 2 2.661029e-03
10 91 2 8.103130e-04
10 92 2 1.200463e-02
10 93 2 3.451332e-02
10 94 2 2.761065e-02
10 97 2 3.651411e-06
10 98 2 4.641792e-04
10 101 2 1.550599e-03
10 102 2 2.550985e-02
10 103 2 1.420549e-02
10 104 2 2.611008e-03
10 107 2 6.432485e-04
10 108 2 2.280881e-04
10 109 2 1.820703e-03
10 110 2 2.360912e-03
10 111 2 1.100425e-02
10 112 2 2.120819e-02
10 113 2 7.943068e-03
10 114 2 8.863420e-03
10 115 2 3.601391e-03
10 116 2 5.982311e-03
10 117 2 4.221631e-03
10 118 2 2.240865e-05
10 121 2 1.140441e-06
10 126 2 4.561762e-04
10 127 2 2.741058e-03
10 128 2 8.643337e-03
10 129 2 2.020780e-04
10 131 2 3.761453e-05
10 132 2 5.972305e-04
10 133 2 1.170452e-02
10 134 2 2.891118e-05
10 135 2 5.862265e-04
10 136 2 1.550599e-04
10 137 2 1.740672e-04
10 138 2 2.871108e-03
10 139 2 7.202781e-03
10 140 2 2.360912e-03
10 141 2 9.313597e-04
10 142 2 1.230475e-04
10 143 2 1.920742e-06
10 144 2 4.521745e-06
10 145 2 8.643337e-06
10 146 2 1.450560e-06
10 147 2 3.001160e-06
10 150 2 2.430939e-07
10 151 2 1.670645e-03
10 152 2 5.091966e-04
10 153 2 5.632176e-04
10 154 2 3.661414e-03
10 155 2 1.070413e-06
10 156 2 1.660641e-07
10 157 2 2.921128e-03
10 158 2 2.240865e-04
10 159 2 6.162380e-04
10 160 2 6.322442e-06
10 161 2 1.550599e-05
10 162 2 2.000773e-06
10 163 2 1.110429e-03
10 164 2 1.700657e-03
10 165 2 1.900734e-04
10 166 2 2.591000e-04
10 167 2 6.542525e-06
10 168 2 1.410545e-05
10 169 2 1.370529e-05
10 170 2 1.360525e-06
10 171 2 9.573699e-06
10 175 2 1.700657e-05
10 176 2 1.900734e-03
10 177 2 9.613714e-03
10 178 2 4.501739e-03
10 181 2 3.491348e-05
10 182 2 3.781460e-03
10 183 2 9.973856e-04
10 184 2 1.800695e-04
10 188 2 3.781460e-04
10 189 2 2.120819e-04
10 190 2 4.161608e-04
10 191 2 8.573311e-04
10 192 2 7.893048e-05
10 193 2 4.481730e-07
10 200 2 7.152762e-03
10 201 2 5.802242e-03
10 206 2 1.190459e-03
10 207 2 7.092739e-05
10 212 2 7.442873e-04
10 213 2 5.702203e-05
10 214 2 2.170838e-03
10 215 2 1.330513e-03
10 216 2 1.350521e-03
10 224 2 7.482890e-03
10 225 2 1.300503e-03
10 238 2 1.670645e-05
10 240 2 5.121979e-04
11 25 2 5.121979e-05
11 26 2 3.721437e-04
11 27 2 2.791078e-03
11 28 2 2.390923e-04
11 29 2 4.381693e-04
11 30 2 5.772229e-05
11 31 2 2.460950e-05
11 32 2 2.741058e-05
11 33 2 3.821476e-05
11 34 2 8.123136e-07
11 35 2 6.462495e-04
11 36 2 1.850715e-04
11 37 2 1.160448e-02
11 38 2 2.761065e-02
11 39 2 5.852259e-03
11 40 2 3.051177e-03
11 41 2 6.832640e-03
11 42 2 1.250483e-02
11 43 2 1.990769e-04
11 44 2 2.040788e-04
11 45 2 3.181229e-04
11 46 2 9.653730e-05
11 47 2 1.430553e-04
11 48 2 5.051950e-05
11 49 2 2.490962e-05
11 50 2 1.620626e-04
11 51 2 6.532522e-04
11 52 2 9.003475e-03
11 53 2 2.040788e-02
11 54 2 1.490575e-02
11 55 2 1.600618e-02
11 56 2 1.760680e-02
11 57 2 8.903436e-04
11 58 2 1.610622e-06
11 59 2 4.131594e-07
11 60 2 2.140827e-02
11 61 2 7.943068e-02
11 62 2 3.561374e-02
11 63 2 2.631016e-02
11 64 2 1.580611e-02
11 65 2 8.083120e-03
11 66 2 5.512127e-03
11 67 2 2.951141e-03
11 68 2 9.063499e-04
11 69 2 2.601004e-03
11 70 2 2.190846e-03
11 71 2 1.470567e-04
11 72 2 2.791078e-07
11 74 2 8.453265e-08
11 76 2 8.743377e-03
11 77 2 2.951141e-02
11 78 2 5.432098e-02
11 79 2 1.280495e-01
11 80 2 3.161220e-02
11 81 2 2.010776e-06
11 83 2 1.300503e-04
11 84 2 1.790691e-02
11 85 2 2.801082e-02
11 86 2 1.130437e-02
11 87 2 1.850715e-02
11 88 2 1.510583e-02
11 89 2 8.503285e-03
11 90 2 2.661029e-03
11 91 2 8.103130e-04
11 92 2 1.200463e-02
11 93 2 3.451332e-02
11 94 2 2.761065e-02
11 97 2 3.651411e-06
11 98 2 4.641792e-04
11 101 2 1.550599e-03
11 102 2 2.550985e-02
11 103 2 1.420549e-02
11 104 2 2.611008e-03
11 107 2 6.432485e-04
11 108 2 2.280881e-04
11 109 2 1.820703e-03
11 110 2 2.360912e-03
11 111 2 1.100425e-02
11 112 2 2.120819e-02
11 113 2 7.943068e-03
11 114 2 8.863420e-03
11 115 2 3.601391e-03
11 116 2 5.982311e-03
11 117 2 4.221631e-03
11 118 2 2.240865e-05
11 121 2 1.140441e-06
11 126 2 4.561762e-04
11 127 2 2.741058e-03
11 128 2 8.643337e-03
11 129 2 2.020780e-04
11 131 2 3.761453e-05
11 132 2 5.972305e-04
11 133 2 1.170452e-02
11 134 2 2.891118e-05
11 135 2 5.862265e-04
11 136 2 1.550599e-04
11 137 2 1.740672e-04
11 138 2 2.871108e-03
11 139 2 7.202781e-03
11 140 2 2.360912e-03
11 141 2 9.313597e-04
11 142 2 1.230475e-04
11 143 2 1.920742e-06
11 144 2 4.521745e-06
11 145 2 8.643337e-06
11 146 2 1.450560e-06
11 147 2 3.001160e-06
11 150 2 2.430939e-07
11 151 2 1.670645e-03
11 152 2 5.091966e-04
11 153 2 5.632176e-04
11 154 2 3.661414e-03
11 155 2 1.070413e-06
11 156 2 1.660641e-07
11 157 2 2.921128e-03
11 158 2 2.240865e-04
11 159 2 6.162380e-04
11 160 2 6.322442e-06
11 161 2 1.550599e-05
11 162 2 2.000773e-06
11 163 2 1.110429e-03
11 164 2 1.700657e-03
11 165 2 1.900734e-04
11 166 2 2.591000e-04
11 167 2 6.542525e-06
11 168 2 1.410545e-05
11 169 2 1.370529e-05
11 170 2 1.360525e-06
11 171 2 9.573699e-06
11 175 2 1.700657e-05
11 176 2 1.900734e-03
11 177 2 9.613714e-03
11 178 2 4.501739e-03
11 181 2 3.491348e-05
11 182 2 3.781460e-03
11 183 2 9.973856e-04
11 184 2 1.800695e-04
11 188 2 3.781460e-04
11 189 2 2.120819e-04
11 190 2 4.161608e-04
11 191 2 8.573311e-04
11 192 2 7.893048e-05
11 193 2 4.481730e-07
11 200 2 7.152762e-03
11 201 2 5.802242e-03
11 206 2 1.190459e-03
11 207 2 7.092739e-05
11 212 2 7.442873e-04
11 213 2 5.702203e-05
11 214 2 2.170838e-03
11 215 2 1.330513e-03
11 216 2 1.350521e-03
11 224 2 7.482890e-03
11 225 2 1.300503e-03
11 238 2 1.670645e-05
11 240 2 5.121979e-04
12 25 2 5.121979e-05
12 26 2 3.721437e-04
12 27 2 2.791078e-03
12 28 2 2.390923e-04
12 29 2 4.381693e-04
12 30 2 5.772229e-05
12 31 2 2.460950e-05
12 32 2 2.741058e-05
12 33 2 3.821476e-05
12 34 2 8.123136e-07
12 35 2 6.462495e-04
12 36 2 1.850715e-04
12 37 2 1.160448e-02
12 38 2 2.761065e-02
12 39 2 5.852259e-03
12 40 2 3.051177e-03
12 41 2 6.832640e-03
12 42 2 1.250483e-02
12 43 2 1.990769e-04
12 44 2 2.040788e-04
12 45 2 3.181229e-04
12 46 2 9.653730e-05
12 47 2 1.430553e-04
12 48 2 5.051950e-05
12 49 2 2.490962e-05
12 50 2 1.620626e-04
12 51 2 6.532522e-04
12 52 2 9.003475e-03
12 53 2 2.040788e-02
12 54 2 1.490575e-02
12 55 2 1.600618e-02
12 56 2 1.760680e-02
12 57 2 8.903436e-04
12 58 2 1.610622e-06
12 59 2 4.131594e-07
12 60 2 2.140827e-02
12 61 2 7.943068e-02
12 62 2 3.561374e-02
12 63 2 2.631016e-02
12 64 2 1.580611e-02
12 65 2 8.083120e-03
12 66 2 5.512127e-03
12 67 2 2.951141e-03
12 68 2 9.063499e-04
12 69 2 2.601004e-03
12 70 2 2.190846e-03
12 71 2 1.470567e-04
12 72 2 2.791078e-07
12 74 2 8.453265e-08
12 76 2 8.743377e-03
12 77 2 2.951141e-02
12 78 2 5.432098e-02
12 79 2 1.280495e-01
12 80 2 3.161220e-02
12 81 2 2.010776e-06
12 83 2 1.300503e-04
12 84 2 1.790691e-02
12 85 2 2.801082e-02
12 86 2 1.130437e-02
12 87 2 1.850715e-02
12 88 2 1.510583e-02
12 89 2 8.503285e-03
12 90 2 2.661029e-03
12 91 2 8.103130e-04
12 92 2 1.200463e-02
12 93 2 3.451332e-02
12 94 2 2.761065e-02
12 97 2 3.651411e-06
12 98 2 4.641792e-04
12 101 2 1.550599e-03
12 102 2 2.550985e-02
12 103 2 1.420549e-02
12 104 2 2.611008e-03
12 107 2 6.432485e-04
12 108 2 2.280881e-04
12 109 2 1.820703e-03
12 110 2 2.360912e-03
12 111 2 1.100425e-02
12 112 2 2.120819e-02
12 113 2 7.943068e-03
12 114 2 8.863420e-03
12 115 2 3.601391e-03
12 116 2 5.982311e-03
12 117 2 4.221631e-03
12 118 2 2.240865e-05
12 121 2 1.140441e-06
12 126 2 4.561762e-04
12 127 2 2.741058e-03
12 128 2 8.643337e-03
12 129 2 2.020780e-04
12 131 2 3.761453e-05
12 132 2 5.972305e-04
12 133 2 1.170452e-02
12 134 2 2.891118e-05
12 135 2 5.862265e-04
12 136 2 1.550599e-04
12 137 2 1.740672e-04
12 138 2 2.871108e-03
12 139 2 7.202781e-03
12 140 2 2.360912e-03
12 141 2 9.313597e-04
12 142 2 1.230475e-04
12 143 2 1.920742e-06
12 144 2 4.521745e-06
12 145 2 8.643337e-06
12 146 2 1.450560e-06
12 147 2 3.001160e-06
12 150 2 2.430939e-07
12 151 2 1.670645e-03
12 152 2 5.091966e-04
12 153 2 5.632176e-04
12 154 2 3.661414e-03
12 155 2 1.070413e-06
12 156 2 1.660641e-07
12 157 2 2.921128e-03
12 158 2 2.240865e-04
12 159 2 6.162380e-04
12 160 2 6.322442e-06
12 161 2 1.550599e-05
12 162 2 2.000773e-06
12 163 2 1.110429e-03
12 164 2 1.700657e-03
12 165 2 1.900734e-04
12 166 2 2.591000e-04
12 167 2 6.542525e-06
12 168 2 1.410545e-05
12 169 2 1.370529e-05
12 170 2 1.360525e-06
12 171 2 9.573699e-06
12 175 2 1.700657e-05
12 176 2 1.900734e-03
12 177 2 9.613714e-03
12 178 2 4.501739e-03
12 181 2 3.491348e-05
12 182 2 3.781460e-03
12 183 2 9.973856e-04
12 184 2 1.800695e-04
12 188 2 3.781460e-04
12 189 2 2.120819e-04
12 190 2 4.161608e-04
12 191 2 8.573311e-04
12 192 2 7.893048e-05
12 193 2 4.481730e-07
12 200 2 7.152762e-03
12 201 2 5.802242e-03
12 206 2 1.190459e-03
12 207 2 7.092739e-05
12 212 2 7.442873e-04
12 213 2 5.702203e-05
12 214 2 2.170838e-03
12 215 2 1.330513e-03
12 216 2 1.350521e-03
12 224 2 7.482890e-03
12 225 2 1.300503e-03
12 238 2 1.670645e-05
12 240 2 5.121979e-04
